2278
323
2196
1781
1262
2910
2482
1285
2322
2065
1792
1570
706
1349
1596
2897
2930
1180
278
893
298
1964
1806
1100
666
180
1422
1123
104
1874
2243
495
2786
1068
2580
1755
1227
582
523
2295
2206
165
2055
2427
2103
2325
7
1348
2600
262
1912
2385
507
2063
1489
815
1179
1769
778
784
643
1909
1586
1980
422
18
2467
604
1818
2158
1858
960
134
1221
2354
2181
1268
2293
587
1827
2697
1444
1914
1583
652
143
346
2502
1231
597
558
1803
713
1080
2255
94
2591
493
711
1416
347
922
3
2521
1578
95
708
445
2688
468
2914
26
1780
93
1798
1840
611
641
1783
2205
2671
184
2721
1453
70
1354
1961
965
511
535
1716
781
1907
437
1644
1536
1739
1197
2929
2674
110
2868
1357
1673
623
2226
1877
1719
2931
2601
122
81
31
2464
783
1060
2519
714
908
2184
2574
864
201
1800
2223
2237
911
2402
2337
1182
1605
1595
2530
225
2871
2393
1424
542
1447
1385
2253
2118
193
2670
2178
84
1580
270
1106
2030
808
1560
1269
1887
1363
793
699
2443
2840
275
1318
1744
2423
1945
1969
439
723
1078
169
362
1699
2812
2604
1993
1199
1215
616
1241
2214
1213
2920
2489
1658
1695
2380
1461
512
2650
365
676
2605
2572
397
2806
41
2552
2448
2405
1548
1613
1575
1862
984
230
283
353
2116
1879
1974
2404
403
2582
350
584
161
1254
948
1151
58
1490
2893
1105
2104
2481
2033
627
2877
1882
2040
2534
1212
1112
1836
1807
2245
1373
1039
2828
1932
2540
2159
494
245
2123
2250
838
956
2013
1531
2057
2899
1472
273
2645
1541
1795
1968
765
2141
12
339
2429
680
352
315
2060
451
588
590
2254
2627
2296
2615
664
408
650
508
473
1167
2616
1193
312
471
2684
2180
410
160
63
1745
1738
639
2456
1754
1585
1469
1533
2351
1431
1956
1609
2273
1720
809
1322
2466
1321
2367
2911
335
573
2538
2051
1174
1991
2573
1962
1878
388
1826
999
461
2153
2937
295
206
785
2623
747
920
203
927
2121
2111
1820
2435
1185
360
546
1550
1813
925
1641
2716
2535
1015
705
2510
825
135
246
2058
962
1102
2038
340
1696
1279
419
2224
2360
2771
2363
465
456
66
2398
415
1943
297
1880
2122
1777
501
2612
2021
490
1401
1952
411
1451
1293
2556
2182
2076
633
366
1959
2210
819
69
1103
304
2026
2810
277
2700
235
1946
1162
509
1479
2562
2019
1013
701
1686
1812
301
372
2020
2095
1460
2595
870
2440
977
2882
2631
646
2079
1852
1053
537
1597
2220
2787
1733
725
1243
1018
2759
1677
2453
1799
1844
2236
551
348
791
117
1976
1819
44
795
119
2451
681
852
2677
1617
1983
1134
2557
2101
2125
1393
2653
1770
2403
114
1428
1926
875
2781
1119
48
2204
947
1042
1441
1899
949
877
1791
2334
946
1967
842
524
2294
2469
425
2737
1255
2679
2365
1164
1307
707
488
1156
2314
527
1766
54
2257
1693
695
1688
492
2774
2458
463
371
2097
986
1913
2411
990
2487
1309
1721
1452
293
1411
2279
2437
236
2052
2249
1032
1386
1011
1128
435
2163
850
1036
1400
2377
1226
1339
929
1735
1634
2922
1155
1291
1886
536
806
2368
1610
526
45
2227
2370
2761
80
1004
721
1829
1402
788
2043
654
1184
1483
1360
1335
1429
286
951
574
367
1794
944
1709
2644
1670
294
8
1148
2215
1236
0
1889
1793
2002
2769
2692
1872
547
2156
1379
1115
2566
1361
1513
2422
801
2851
1987
1439
1122
152
2298
1152
2232
958
1532
192
993
1014
2867
139
2417
2878
137
2318
1295
2555
787
302
1808
2685
2598
2190
865
2252
1055
2693
2827
480
2934
474
1104
659
2663
1330
831
1273
2396
459
685
148
204
982
2471
1271
2676
355
763
1938
1314
2859
2892
2366
2174
2811
2087
2418
2157
1324
1751
918
1425
1240
1832
2558
2166
1732
2821
144
1405
2486
503
2241
607
2773
1491
2729
1427
1312
1019
796
1656
2449
393
255
83
2392
2628
1225
576
628
668
1131
2267
2221
1423
268
448
1537
593
2389
1948
1591
1097
496
740
379
601
1149
85
179
2793
1459
2862
1972
1008
196
6
1337
2649
1985
2599
1332
909
1132
2629
16
1209
2151
1300
1091
2177
489
2673
2594
849
1420
2785
1205
1821
703
625
2191
2164
156
2372
209
817
1049
2641
748
2036
1383
2251
2870
13
146
2543
1986
2918
394
1989
2739
2563
208
2633
1970
231
1088
1982
2080
2029
961
1442
876
1474
1559
151
678
2651
1217
2324
1390
851
898
826
803
217
1430
1033
1161
1298
1198
884
2834
1140
1270
1260
2925
108
844
1026
1086
564
2202
2081
2049
253
2483
2039
2129
2588
2274
845
1413
2211
1133
2506
2678
888
1779
879
700
2165
1356
2640
1927
101
2875
2789
170
2092
2659
940
269
1044
237
1063
1860
364
835
395
1529
2682
2117
1553
1456
2364
901
1805
1565
1341
1189
2319
2023
1661
1681
123
840
1796
1477
2661
998
902
620
1864
873
1075
2008
177
2046
2603
941
15
1404
1694
189
2890
484
385
2114
2879
2817
1168
970
2896
2587
1170
871
2783
1630
594
1372
2660
868
2478
351
248
158
2494
141
2864
311
100
498
1136
1079
550
2335
476
2705
2136
830
2332
1785
2560
968
1467
1310
1965
2741
1850
1934
2764
1336
696
50
2421
1520
443
1760
907
1904
1418
2733
1728
2884
1669
354
1918
570
1001
1045
55
142
1040
2742
128
683
423
226
667
1202
814
693
1924
634
1851
854
1717
2071
2147
602
1072
430
1169
2499
2126
1023
872
556
2450
720
2300
900
178
957
398
1995
2330
185
1515
2638
697
989
2775
610
86
292
917
2361
1207
531
1651
263
1712
2664
1031
452
1756
1957
1731
1581
19
1359
2569
396
1245
1498
730
1224
1259
1538
612
1082
557
2446
1698
847
926
2185
2199
320
677
17
1526
2690
1873
709
37
2374
1645
2426
1527
39
327
1299
1317
2016
1571
1380
1252
330
112
2618
2388
1668
1626
2462
1415
440
2059
24
1054
716
1951
1114
2045
310
753
2876
1410
132
404
2847
1573
344
1865
1144
2113
936
786
874
943
1923
1046
1539
1551
2743
741
1842
1302
2797
1869
1276
30
1218
2940
1340
2593
1338
1925
2938
2923
916
2523
2083
387
563
2722
1714
2200
1157
833
1475
1190
2585
515
790
1666
1196
1077
824
171
4
2315
733
460
290
68
183
2550
2328
1371
2874
21
1002
2285
402
424
2382
264
1070
2632
1384
349
1208
1599
1556
2225
2508
384
640
1975
2401
2826
966
580
2173
2119
467
1272
1855
1454
1726
2454
719
316
2698
1296
1997
2630
2669
648
2731
1841
2883
2468
5
2313
1108
2782
1294
836
265
2419
2500
1284
2710
1313
2766
1606
2379
1955
775
2457
2089
2643
2169
2559
2042
1747
1503
2889
1465
1470
2639
782
757
987
2680
1896
1988
2109
1387
223
2391
519
2546
2491
514
2620
797
566
1633
1434
694
1758
1761
889
2424
2082
810
686
2340
374
1594
2301
1283
1129
528
2887
2387
159
761
89
2746
2077
1124
1588
2310
687
401
1247
2709
35
2150
453
1165
77
280
1713
981
1074
2371
2614
1706
880
2047
2818
2636
2378
892
769
2275
1407
431
386
567
2524
2909
1319
1707
121
2037
2014
712
1514
1665
890
442
1419
1071
766
1667
1233
2413
2548
308
1417
2050
2838
939
992
455
1977
2496
979
1012
2339
2531
663
967
738
1137
1098
2590
1978
770
2078
1253
1445
2903
1257
2327
1685
921
2183
252
2515
2699
897
299
1377
1181
579
2750
1660
1942
969
863
841
2350
2400
2244
794
446
61
1784
2511
2613
2822
115
1471
1003
2438
935
1547
1947
381
154
1910
2154
1589
2289
2358
521
2073
764
1782
1621
2075
486
2691
630
541
2626
1219
2689
1365
906
586
578
1188
1657
729
162
1414
1455
1153
635
899
2034
2913
2269
2333
2291
1480
2110
247
2780
2536
1764
2522
2686
1905
2074
126
1346
2542
1449
356
2724
2167
215
2006
2352
614
1464
20
59
2687
540
2668
1192
2907
2695
1727
1894
1683
1035
2745
1790
88
792
973
670
287
1089
2539
994
176
482
373
1671
1920
504
412
1506
2062
199
679
2304
341
1831
1762
1523
138
543
759
529
1649
2219
1593
1135
25
805
1292
2755
2395
2525
2819
102
212
1838
1230
11
771
2568
1457
378
363
2936
914
2762
2788
552
737
1629
1919
2941
1540
1186
2926
1113
1775
2375
2790
2765
2509
1050
2751
1443
2017
421
1394
2439
2407
691
1823
1436
2708
727
1266
2135
1406
724
1351
140
1552
191
2901
2216
2545
1030
1412
1438
2248
291
728
357
789
1065
2386
187
735
2829
2152
2349
1958
1466
305
2488
645
1554
1488
2189
78
976
2654
800
1154
1228
861
1636
1684
1248
522
1749
254
2848
1399
2028
846
2805
2919
651
1646
2492
1639
1007
621
1056
829
1640
1316
1802
1320
2148
1500
1564
866
449
500
1890
1246
74
1748
400
2127
420
129
2658
1933
656
111
595
1375
1130
1229
53
2815
644
1507
978
1815
1448
2576
1998
2507
2106
1973
2286
2346
544
477
2808
2597
2102
2935
895
2857
913
662
1099
73
756
2480
1624
608
113
2441
2701
1546
1264
2648
1138
29
1682
2357
1146
1614
1604
2348
1663
2312
1280
2933
438
2861
1897
554
1789
1022
2634
1287
690
954
2268
2609
710
2881
2041
1768
575
924
688
447
1622
1107
988
321
1329
2666
1700
2145
1369
174
569
1653
1718
1662
211
1675
1642
479
2579
2841
1737
548
2473
2198
233
2283
553
153
1194
904
881
1607
2898
717
2264
1497
1024
1306
1059
1944
370
934
933
1730
577
2132
746
1251
2410
1421
332
2723
2533
1691
1648
2869
336
923
244
1147
2193
2813
642
1435
2814
1325
1577
2271
2504
631
1288
742
10
804
2584
2056
698
2776
2090
2642
2139
1863
487
1545
359
1139
2532
1525
1524
1409
2681
2520
464
91
1981
2719
1992
450
331
2408
813
812
1366
860
2839
1505
591
2855
1493
1178
1353
2003
1954
2647
2288
1928
75
2084
1824
745
1408
1358
1521
2233
1822
1835
49
937
2005
79
1234
243
2447
2170
2551
2218
1574
2415
2303
2917
964
22
1903
2270
399
660
1522
1628
475
1398
2906
1885
1175
207
1025
1647
2329
589
1650
249
1041
1066
1034
1305
457
2921
2302
267
1083
1426
2345
436
2485
2845
857
1476
2675
32
886
2331
2554
811
1087
1067
14
2120
1672
458
538
869
2596
2825
1516
1308
891
2207
1902
2561
1569
481
1702
2734
1204
1145
2321
953
2134
2406
2622
202
768
1999
1076
1568
1344
1774
1801
2326
239
739
571
2712
1048
1809
1659
279
1615
2637
1750
2022
1528
307
883
2228
2891
427
1235
414
1834
28
818
1440
1590
483
2149
1530
242
2432
1006
2093
2908
1848
1256
1010
1558
284
1027
133
227
2265
1200
324
2852
1092
1979
1592
1963
1652
1345
1773
1854
673
560
2070
1643
2061
2292
1884
1275
2115
827
585
326
1278
1811
2608
1342
622
2865
2128
2578
718
780
34
682
147
2376
2707
2777
157
285
1029
1163
2007
1853
1085
1286
72
389
406
175
271
136
2172
1763
2714
313
732
636
997
432
702
2229
2756
2490
1166
2754
337
1839
1566
2131
752
1028
1095
565
2281
848
1804
390
2744
1960
653
168
2259
1362
665
1725
1711
2656
1517
197
715
2611
2902
669
1861
224
533
1584
1331
2577
1374
1616
2433
1376
67
1752
605
1364
76
1690
2000
218
862
150
2176
256
991
2809
1064
1388
2420
731
1203
309
779
1195
837
2537
955
272
1949
2858
750
2894
638
343
1563
2583
2143
655
1250
407
2359
2836
317
2231
1061
2088
1334
674
1222
2316
762
92
2222
205
1277
1518
600
2784
46
2581
2187
2397
2175
97
1966
2932
2779
2725
1708
2547
2416
296
368
276
259
188
2053
671
539
1544
43
1216
2086
2001
2430
2549
1047
2434
1935
2820
1620
1953
2347
1937
1485
333
2753
1382
1710
1931
2570
1891
2160
1612
2213
856
2635
2799
2412
1787
369
1984
2924
1678
2621
647
1220
1915
1009
228
758
1859
1303
491
2749
2266
2703
2842
182
1705
1120
1703
2320
1495
2662
2409
1450
549
1281
2873
409
1355
2526
2246
1297
1093
1368
1090
2503
2027
2529
1109
454
2498
1101
2239
149
2748
1481
2916
820
885
1724
1679
413
130
2880
2778
1911
416
2732
2282
2140
1343
2217
2816
2800
361
1301
329
1866
1141
2912
2758
1509
2369
2098
606
1867
342
855
1081
1261
2068
2112
2728
1238
2625
1687
2309
164
1916
1223
1073
1892
2470
2702
1395
2657
1508
637
972
2718
1392
2091
2735
2900
905
1096
980
525
428
1242
60
232
1870
2
282
912
692
405
2342
2099
1701
2652
1765
306
996
751
469
1868
82
2589
2362
251
2465
802
1432
338
2162
1000
181
562
2035
2262
1704
1936
2517
2138
722
375
561
755
1816
2212
613
1352
105
2383
928
2607
502
583
1263
2094
1237
915
1494
2736
1214
2203
2927
1125
322
2513
1940
2428
2798
2142
167
1143
2240
1160
194
1232
1052
2399
615
1062
938
23
2541
433
2837
2343
2311
858
2258
2738
1895
1274
505
1950
506
2844
1906
2461
1825
2024
629
834
1176
325
1692
2235
266
1697
1598
1512
1021
145
1883
828
1191
392
2802
2885
743
1638
2130
2854
2247
2706
1625
328
919
172
2192
52
2276
2527
260
1939
2720
2209
1211
734
2694
1177
288
963
1742
754
261
1772
1463
777
1875
1797
1611
2290
1623
51
1057
190
2726
107
2730
1304
736
672
1729
2715
2833
2390
1499
2455
2384
2242
1094
510
497
2012
1996
2646
1381
1017
186
1898
2108
2792
1715
1776
1786
1110
2230
1016
2823
1478
2105
2338
2355
1121
1971
1487
2124
1069
1917
2567
382
303
99
118
2208
38
2025
2010
1921
2495
903
1778
106
2939
2394
618
2261
220
87
2323
1627
2479
807
2575
2431
195
867
1289
2928
624
1655
1582
2528
2072
2452
1084
2066
853
1757
649
2757
1632
2655
1600
2846
345
1116
1871
1846
1502
1127
2085
2277
2565
887
1876
2144
1830
1187
931
1587
1051
2476
1753
65
2317
470
1038
2915
124
1767
2305
2472
281
2474
2188
1367
1619
216
1206
959
1676
1458
1603
1689
1519
1482
975
429
391
2256
1396
2763
2514
2853
1446
983
2009
2306
240
2307
1020
250
2197
125
1158
843
534
1857
434
1492
2272
971
1741
2804
2186
2436
36
2843
2137
2895
1759
131
2168
2905
1602
9
1391
1535
2263
173
40
1210
1833
462
198
2866
985
1311
632
776
241
478
1579
2195
1433
974
1486
1576
62
103
417
1468
1244
214
426
289
2711
1637
1159
2619
90
57
910
822
257
219
163
1746
2032
2544
2768
418
1258
599
2194
581
2497
2460
896
2863
1543
2849
598
2299
1618
839
1327
658
878
1736
1282
1378
2414
2606
318
1994
517
1510
444
2107
821
767
56
1601
1561
1350
2667
1437
516
559
952
1810
1403
832
1608
1
568
930
1201
1058
2425
2201
1743
772
2287
1265
1126
2238
1397
2553
2586
2501
300
2096
1572
383
1740
859
64
466
27
2856
2179
2602
380
2442
617
2760
2356
2011
2791
545
950
376
1631
2493
1118
2571
532
2031
596
2610
2444
2373
71
2054
1501
1856
995
2297
626
1333
774
1172
894
1111
2067
377
619
555
816
166
234
2044
1142
2341
1664
1504
592
98
1814
222
1901
274
684
704
2344
2133
1900
1549
1326
2717
2803
2018
1484
1037
127
47
155
2155
2336
2512
799
2752
1117
258
1881
1150
1654
221
1496
798
2308
932
229
2801
1817
1249
1723
2592
1722
760
2048
2850
2234
2772
213
1511
1908
2064
1323
314
657
726
942
1771
2004
945
823
1562
2831
2727
334
744
2146
661
518
2872
2564
2161
441
1267
2830
1462
1043
1315
2767
1290
603
2260
2713
2886
2796
1843
520
2770
2475
513
2280
2381
773
2353
96
2795
1555
2665
2171
358
2100
1567
2904
2740
42
2069
2516
1005
1542
1239
2832
1473
1534
200
2477
1674
499
2617
1635
1347
120
1828
1734
1941
485
472
1680
1837
2672
1888
689
2696
116
2824
1557
530
2445
33
319
2459
2794
2518
210
1173
2835
2747
1929
1990
1930
1922
2505
1893
2624
882
2284
1171
238
2683
1183
2807
1389
2484
1847
1845
2463
572
2015
2860
109
749
2704
1849
1328
609
1788
2888
1370
675

