2237
740
759
1340
659
148
1298
705
2772
1713
2032
2633
477
596
1811
540
362
296
2564
2230
2076
1139
2432
1475
1831
1388
2831
348
584
2233
959
214
2429
1561
1762
2616
1078
1172
1128
562
35
2917
1116
2478
1329
1902
2553
1710
538
1614
285
2293
1400
86
2528
2574
1743
716
2291
874
308
824
1039
2303
1982
770
1382
625
7
1788
2565
343
2147
2276
2182
1856
2248
1704
2927
706
2549
1511
524
1887
1060
2895
2821
2538
1841
1375
1860
1250
1146
1121
698
1664
166
2288
608
1437
2236
1744
2934
1314
1721
2503
1854
178
930
359
1354
2840
2407
1387
2698
1577
2494
318
2889
2212
1006
2787
2449
2242
2751
1138
2416
1225
825
105
676
1785
133
1020
2933
882
2523
2762
1949
1162
1151
325
2125
2912
1567
686
1563
1359
413
809
122
787
2746
10
1224
1869
1691
1091
2812
1783
667
484
2506
2837
1042
1482
1781
842
401
2693
1994
1421
2356
2155
2667
453
800
528
1484
782
1747
2696
1798
2738
2941
501
263
1115
2364
76
606
1628
1402
1556
1409
769
1199
444
2811
830
756
2519
2129
1272
1883
1410
1371
2004
1562
2551
2555
1046
595
2188
1950
1122
412
888
1022
860
317
881
2363
1742
2275
37
1229
103
20
1112
1592
1842
1522
1992
2016
1980
2524
2697
1685
2824
997
395
1829
1470
797
2607
216
2440
1105
2262
2414
1794
868
810
2658
14
1598
1353
1255
349
730
1158
2920
2779
1251
455
2203
290
2061
2069
760
2300
1817
726
1480
1622
1414
2063
193
2807
137
1855
620
2041
1942
2516
1660
1772
128
1288
2858
1864
2815
2168
80
1467
1345
1510
883
337
683
1879
2708
2626
755
2402
2752
262
2315
1814
1030
1609
1681
1101
84
976
458
126
351
1824
1010
956
708
2290
2657
641
1005
1016
2281
1299
2588
304
2451
1932
146
2355
2571
5
1125
2935
661
1541
893
497
2117
448
1248
2873
982
622
1368
944
2456
1572
2445
1830
1601
2199
2675
2682
862
312
2609
1099
1234
1928
377
508
1028
445
429
316
2631
2337
1077
1249
2649
1903
184
2060
2238
931
2216
2834
898
2295
1580
2482
439
2144
1276
2596
411
1559
946
2465
871
2183
1834
695
1730
449
642
2225
407
2855
1325
2488
279
428
935
2489
1119
2345
2732
761
2720
142
2190
1037
2127
2799
1875
2397
2725
2763
1082
1768
1920
1635
2118
2421
532
1336
1602
2077
887
2332
1491
2463
61
2788
2539
447
709
2902
977
164
1851
581
1485
2389
2120
2750
712
2267
2694
2605
2706
772
322
768
2269
2793
2434
1210
2418
1196
786
1975
2716
2062
2156
487
539
2136
1963
157
1164
1034
2603
1835
1838
2760
1004
39
1518
1045
804
1707
2925
587
1339
1323
2235
733
2260
638
734
2045
1544
1658
234
266
2228
1463
821
1652
270
2119
156
79
315
1040
293
2162
1714
1244
134
2534
494
938
194
2138
1012
65
2206
2110
1758
845
1708
1823
2142
1051
2057
1376
1546
426
753
2285
2692
2505
2229
491
2583
1909
1985
345
2515
2087
660
2381
947
1001
2833
1669
1741
2740
1969
530
450
1097
1956
2385
1058
147
2193
1202
1607
1370
498
230
1102
2328
2780
2608
2420
591
1711
268
294
1456
866
38
929
2366
2663
1729
2823
1259
1152
2442
1955
849
220
2804
2435
366
1469
2756
1104
1319
21
1366
1277
2570
879
2038
1587
1374
1365
2401
2121
2374
1357
1537
1446
1776
2778
958
1160
520
2584
994
1995
168
191
2637
324
1847
2513
984
2392
1962
2512
541
552
1631
1944
972
1094
1183
547
2929
172
281
485
565
1221
2027
680
583
1989
654
1282
788
813
1075
1517
2305
1278
971
247
2718
590
436
1349
1258
1092
2878
2661
1431
548
22
2615
777
2900
1678
481
2310
309
672
1917
1478
1983
795
808
1057
2864
272
2018
2090
2632
922
652
2561
973
2427
574
2220
209
1363
2905
2211
2054
838
518
655
2865
1088
2189
2232
2645
2376
2161
2535
2284
2470
993
2082
2639
205
1393
970
31
2713
2141
2734
396
693
2737
500
1416
2133
2618
2805
1328
897
1367
305
1654
694
2441
2652
271
2130
2611
2273
1940
2043
957
91
1642
1680
2711
1290
894
2207
2325
594
1912
831
2587
2256
828
2486
63
67
1636
280
1438
1543
2013
275
560
2832
2836
2351
1675
763
621
1849
2630
165
253
657
354
2029
1720
1780
1898
2677
1717
1977
121
2282
723
1140
612
719
1493
430
255
113
2863
1521
2689
1494
1318
306
211
905
167
2174
2026
2724
649
2286
745
391
896
1915
1086
125
1187
2037
399
2343
1474
1107
1737
289
1938
889
467
1302
1061
2047
1271
1723
1735
1464
1002
380
2908
2368
1703
1877
1618
2735
1205
1133
1113
2577
626
2139
2890
1063
202
1812
2163
741
2590
780
521
92
968
1595
1457
2893
386
963
2521
2103
1124
2624
311
2830
663
537
710
2243
2686
1573
1638
2099
3
2770
2447
1434
718
2533
1432
1870
1659
1911
406
319
2387
1894
2640
832
1629
384
198
2690
700
1552
117
2757
1476
767
610
2304
1379
2924
817
334
2931
1828
252
2868
911
2454
2669
2680
1311
1586
132
34
2679
1734
534
2771
15
2636
2124
1041
427
2876
2353
857
1461
1024
588
2712
2480
2493
1180
1292
803
1984
2104
119
2375
1415
2922
486
633
1398
2816
2170
895
1539
2703
72
576
1192
1419
62
2872
2566
536
2096
1876
2557
2395
402
1579
1443
735
586
570
920
1845
2135
648
2909
160
1668
1178
2354
225
376
1451
519
681
1239
999
1581
2714
739
2790
943
2818
468
2294
2477
2437
877
1919
2536
1733
1765
1216
847
2184
404
424
2722
2166
834
1445
1605
512
153
1096
717
1718
1132
1487
300
2246
2005
1945
335
630
1
589
243
1808
1519
2704
785
713
2095
673
1452
2177
1200
1341
1500
1850
1931
2813
2316
1044
1648
2918
434
951
2923
969
2490
1309
2165
2739
2455
1137
615
2399
1228
2789
1503
2330
1947
90
2299
2339
1970
582
2391
2067
2685
1449
1320
1136
1611
1672
1085
721
2340
910
2884
1197
2327
1405
2137
2024
850
2464
602
2323
509
1656
2132
2683
1422
2827
47
159
370
2754
1557
876
2084
2274
1145
40
2580
2766
2753
2025
1471
837
2150
239
1692
2510
1886
639
1256
29
789
437
2743
669
1142
1885
226
0
1832
2674
1991
618
939
1715
551
2419
2278
1053
1612
2438
2648
1846
1428
106
1333
2297
12
1065
829
1967
605
2709
1330
30
684
405
675
1976
737
1326
2083
775
120
1986
1922
2428
2157
1740
2173
1261
1293
2903
2514
2113
1689
1773
278
2126
269
2600
2079
392
990
2857
996
2654
1355
525
1014
1606
854
1213
1396
297
341
2593
1930
284
2602
2169
923
1767
2360
75
2668
241
2845
558
1287
2568
2074
1032
1362
1960
385
696
419
2774
2597
1399
945
1588
1589
88
750
1352
2527
382
1603
637
1304
2634
2880
2719
1597
613
495
1848
1334
1957
2362
1796
1338
2443
1481
1724
1312
2914
2859
1640
192
2926
50
70
1054
1296
13
2646
431
1987
1297
609
623
2244
2928
517
2194
82
1174
2569
64
1815
1527
2662
1315
1566
2563
288
2938
941
2881
1301
1840
1404
846
1626
1778
1943
1719
387
2591
2459
2352
1029
2558
463
2769
616
2915
1267
358
2548
1630
2073
1081
2573
526
964
2122
1472
1667
499
962
1358
1939
2892
890
403
1554
2264
906
388
2319
2034
231
356
2148
2052
1753
1263
2507
1269
2093
33
815
60
2457
1335
2800
460
2741
190
173
2318
1787
143
2848
670
912
1651
219
224
1907
2656
2031
418
2702
43
758
340
1343
1036
872
603
390
1526
1129
329
2612
2473
360
2592
711
2842
510
2268
135
368
563
158
749
2559
1925
2227
1289
2020
1377
461
2008
2468
1067
653
580
2562
1973
2217
1195
301
55
904
942
2386
1268
1294
152
1777
1897
2792
697
2097
1123
729
1087
727
1313
472
94
2882
1021
1111
2620
1011
1695
1763
2131
1820
2370
2195
1624
1896
682
844
599
2014
1996
496
1050
1245
1423
1905
2825
1148
2341
2369
1066
2221
1169
1274
662
1286
2371
559
2404
2822
1971
2409
2145
1418
352
2010
640
2357
136
1643
867
256
1209
1716
2000
2496
2921
2444
2006
2894
2817
1761
2036
1257
924
2417
1408
2239
915
1441
185
2171
116
2829
1488
1185
1968
140
1459
687
1144
1214
2191
1501
1813
801
2406
2518
2154
1754
1666
714
52
2044
2030
1881
1436
2254
948
1916
246
746
1468
1069
2819
1662
561
442
843
1959
274
175
2263
2019
2
816
2623
1364
479
2270
56
2001
2887
2585
2140
323
264
1473
2919
1926
529
1331
42
2372
1497
375
107
833
332
2176
1749
2422
1891
66
796
254
2937
1017
2517
703
265
9
1625
2022
1663
557
421
1804
1756
807
1619
1240
1188
2759
2940
692
371
2393
2755
2152
1604
2576
604
927
1700
68
1175
408
295
2511
1774
2883
619
2410
2721
100
2664
23
410
903
523
1386
1904
1384
2642
1810
1150
1191
1300
2552
1499
504
1966
2491
482
771
2537
2695
1782
812
2540
2849
2487
144
1682
2906
344
2729
1880
1450
1454
1893
2452
2231
1131
1895
1351
515
2379
2160
1748
549
2348
1706
489
179
1800
1621
2056
2002
1479
573
2681
188
1369
2009
985
2453
1816
2405
1411
1504
2814
1462
1435
2088
2471
1460
701
423
2856
1867
1173
2589
206
2598
678
1211
127
1126
880
2835
2650
2413
415
1531
2913
900
1391
2484
2911
1906
1466
48
347
2655
2797
457
1952
2367
2439
2448
2798
2309
2050
1031
210
2116
291
208
1167
1023
2479
1964
1447
2853
2433
114
1590
1868
2373
1818
1168
469
2860
1550
1171
2594
1890
2492
2877
2342
1889
2460
593
928
1190
507
2377
822
353
1857
1528
1219
2298
1062
2785
1110
1242
1792
2335
790
936
2554
372
2219
118
249
1727
155
1990
949
1177
258
601
1673
1186
1803
1888
2106
1344
2705
1937
1954
99
2336
171
89
2080
747
2802
2159
1181
1627
320
1378
1806
163
459
773
492
1696
2809
2727
1608
1389
2520
2102
1361
1433
572
480
1671
1291
2012
2466
1760
197
1551
1802
1208
1725
617
1540
2400
823
1109
45
286
2936
1212
1623
2200
1218
1670
112
2378
1130
2781
2049
2742
1305
2582
2599
2111
1759
26
41
1873
1072
321
917
2249
1243
44
2349
1120
2458
488
454
1524
1322
1583
624
864
2261
141
1908
2852
937
261
109
762
1089
181
743
1900
2296
2320
1826
702
2629
1073
149
242
1655
901
2501
1997
1575
1649
222
400
1270
2412
1427
1426
169
1394
338
2192
2530
1496
1533
1392
688
2666
2204
369
1385
751
1401
2311
1453
2638
1644
2730
820
2078
1074
1779
1342
1448
2307
1247
2209
575
1545
2396
1033
2808
213
784
1231
1135
2546
2509
1495
1237
2149
108
476
53
851
2085
793
886
1007
967
986
373
766
446
1490
1166
961
2687
314
1732
2226
1874
260
51
998
1170
200
1978
2803
2676
1805
1974
1397
1093
554
2346
853
123
2075
1910
2643
1084
1858
1523
465
2567
393
456
438
2178
420
1786
1941
2794
664
2064
779
361
273
1833
909
1412
631
577
2065
1699
614
2255
1769
841
2317
542
1204
2028
885
902
74
765
1043
981
1165
451
1253
1064
2526
1264
2066
2388
2358
336
1752
1076
1913
505
1223
238
2474
1280
49
934
2197
632
1348
899
1972
975
650
250
2158
2904
645
1775
646
1844
339
1899
1726
93
1265
989
2179
1295
1520
550
503
1215
1694
2560
1555
2500
2039
891
690
1861
1486
2114
2415
1530
668
432
1203
130
1141
1819
19
248
1585
95
1163
78
186
1751
2782
2660
2017
1914
2726
987
2717
2545
129
840
1576
2180
1784
355
1308
2112
2617
1284
1238
59
2783
545
1207
995
1206
2930
2542
1347
2622
1791
2071
1052
666
1593
203
464
1513
8
1536
567
1999
2218
2901
1406
350
731
2424
1739
2266
597
2851
2015
1677
1809
2081
2871
441
1201
2614
374
754
2761
1632
2578
722
953
1574
2723
299
303
1948
2579
187
855
1878
643
379
1083
2108
244
522
1701
600
1117
170
2201
1918
1430
2543
1933
919
2382
1946
1929
1825
1709
1549
2089
1321
2365
2610
466
298
1098
656
776
97
276
2665
728
283
1722
16
2847
1871
162
1650
2322
259
104
1558
918
2250
85
764
2446
1275
2338
1571
1797
452
783
2046
2625
1455
2745
2007
2313
671
237
531
916
2810
1981
151
1684
2699
46
2425
1697
865
1610
1633
1901
1859
1509
1641
2467
848
955
1233
4
2308
2850
2390
1307
417
1477
527
346
627
1155
251
852
2100
980
81
878
2053
2715
2497
2898
578
2252
54
2143
2867
204
908
2314
6
2403
212
2105
2384
364
1015
665
2749
861
2866
1143
1444
1103
2747
875
490
1863
414
328
1114
2575
691
24
1637
229
2916
1529
1934
1018
1154
1653
1793
1582
2202
227
1279
628
2874
988
440
991
752
1872
2777
1176
2862
1027
71
2764
2048
544
1306
1070
1380
1068
2265
2653
98
1665
2700
2495
2476
1055
2744
1827
397
236
1535
1884
25
2123
598
2035
635
2287
1008
215
2334
799
1071
932
1935
2786
2350
1372
2839
2826
913
1596
2175
724
2011
1227
1639
2635
2673
2329
138
2691
685
2086
2469
2098
1657
2259
313
1712
1241
1584
677
326
302
1738
579
568
757
154
925
1317
2485
1157
2431
2347
474
884
115
1003
569
150
2613
914
2253
1953
2245
2508
2869
2791
2423
483
1179
2164
979
365
201
2324
2472
2187
2907
954
1502
2672
748
2408
2504
2021
533
644
950
1892
2688
1193
2843
1736
307
1147
2806
2234
2659
1079
232
1505
571
1525
2279
2731
511
2153
873
87
2544
1226
553
1198
478
940
1100
2795
634
1252
1993
933
2326
679
2107
2628
1923
2333
2280
1184
1731
2040
1594
607
974
475
1220
794
1194
2531
1458
1047
1683
1373
1688
1770
2604
2257
1578
2222
2292
742
2736
27
2462
58
952
720
2641
818
1646
1837
1548
1127
1534
240
1936
2861
77
1381
2302
1569
1745
992
2768
2181
592
1230
658
1235
2758
1998
282
1921
1049
473
2678
811
409
1106
2198
2684
1262
2483
2846
394
1080
1958
2875
1790
1679
1764
139
1350
2828
907
2411
287
1565
1303
1108
2581
1568
2185
233
819
277
2670
1616
2896
1009
1492
791
1429
647
2214
1757
11
2436
1865
738
1570
674
1324
2186
1988
69
2051
1090
363
378
1390
1882
983
546
1591
1645
2101
1285
736
2223
2522
1232
183
921
383
2586
1417
2886
1599
1852
2627
422
2283
1332
381
1260
331
699
2068
174
1516
2733
1118
1634
111
2885
1156
110
2765
1395
1821
2595
1038
2215
1542
1862
2361
2621
1843
2647
2055
176
2208
2344
83
1676
73
2502
2841
715
389
2241
2072
1056
2359
1346
17
2776
2910
2426
2844
2932
207
2398
1647
836
2383
1766
333
965
2899
1615
2888
1442
1538
1515
57
1236
1403
2651
1019
774
1807
869
182
2380
555
806
145
443
416
2525
2939
1254
1161
1465
1547
223
425
1222
744
1674
839
1686
2003
2838
2644
514
195
1498
2247
1512
1413
1420
1440
180
1979
2151
1965
1620
2450
1924
2701
2707
2820
2891
543
2879
1853
327
1424
367
1273
199
1153
611
161
1149
1508
2529
814
1182
2042
1026
2023
1789
2059
470
2870
1316
2499
2146
2251
566
778
858
2801
18
2394
228
1095
235
556
2210
1310
245
2897
2710
2601
732
2784
966
802
826
435
1755
1795
2773
2058
471
2224
1746
292
32
2240
1439
2094
781
189
1189
1246
101
859
357
2671
1687
217
1564
310
1750
1283
856
1217
835
2033
1327
792
707
398
196
2115
2289
636
2196
2606
1866
564
1483
330
1600
1705
2128
2550
585
2109
960
2547
1698
493
433
1266
863
2556
1532
1961
2271
1383
1801
1771
2461
2748
1048
2796
1337
177
36
2213
1702
892
2430
1059
502
513
2619
1560
1514
1836
1506
1617
2134
2277
2258
535
870
2091
2172
926
1799
798
1951
1425
2306
516
1693
2301
2272
28
1035
124
2167
221
2728
629
2331
2541
1489
827
704
689
2775
1822
2205
1281
1613
1507
1159
1839
1025
1661
1690
1407
651
2475
2321
2532
978
2092
2312
1360
1134
257
1013
1927
2070
506
2572
2767
96
805
342
2498
1356
1728
2854
1000
102
1553
725
218
267
2481
131
462

