1877
1840
1294
695
1289
1788
547
1599
1179
567
2633
1277
24
2244
1832
1000
380
2609
1440
2307
1027
2882
1088
2711
676
240
472
2527
1168
106
262
2085
819
401
2372
1376
974
1139
187
1334
568
525
2230
1198
692
1913
1908
438
594
2316
66
56
2041
1621
2467
1957
1875
264
751
73
2704
2072
536
1866
2540
511
800
1018
1472
2513
133
1499
2856
357
2556
1656
1432
2656
1719
2488
1987
2008
1345
249
2900
2679
997
827
2229
663
908
2478
2832
1221
424
1596
2863
1480
973
1160
2616
122
2764
2700
490
960
852
489
1328
196
860
97
2479
2817
2795
263
410
813
2321
2660
469
1775
2010
1522
2414
1068
2474
2744
1937
2424
685
1320
690
1637
2912
1592
2221
1734
1716
2662
1534
2519
1231
301
480
65
748
123
2753
403
2559
1958
1314
2191
115
1815
153
1180
1094
755
2458
1462
1878
1270
905
2926
2624
1707
2859
2235
691
1445
2591
875
2504
50
2671
81
377
435
1900
1975
398
2727
2141
503
2146
1410
951
2533
5
2657
1131
1817
1973
2051
1381
2581
989
2820
2450
742
1164
2487
1008
341
2505
2724
1863
2210
723
98
409
422
1380
1055
1315
2213
2757
1896
1604
375
378
1122
127
114
2023
1842
2904
2489
610
579
2313
518
539
2941
2579
923
382
1482
1960
19
2561
1695
2884
1384
67
2617
1615
1457
1120
1029
173
2128
248
1811
2397
1578
1347
161
2457
1272
138
76
2185
1100
2382
604
1626
2554
2640
1324
609
1711
2721
2495
1556
1149
2536
816
1698
1070
1841
1470
1754
782
851
2438
2384
379
390
519
928
1464
219
1531
2276
1979
2635
498
2411
293
2692
1974
2839
1739
2715
1776
2396
1469
1636
17
2878
2290
119
667
2641
1485
1735
673
1864
1241
2054
605
2627
2541
446
2625
2022
2769
0
2539
1504
976
2369
1584
188
2114
2491
863
578
49
2273
2343
1995
10
1605
1190
2702
1694
2552
2418
2013
1036
1145
1223
812
1183
1843
1741
2470
2689
432
2563
769
386
1210
1548
767
2074
931
1248
1019
456
1785
2934
2142
2593
1074
700
797
1831
504
2050
1780
2545
836
2412
72
1135
1950
2047
2712
408
1999
2751
36
975
2156
644
457
565
1952
2908
2323
69
1525
793
1830
326
1107
1873
1142
1682
1360
2332
2294
75
1676
1941
1102
1641
2643
2865
1591
2263
1355
1443
1260
922
1992
2197
2205
304
943
1648
2894
217
2590
2092
2104
2159
833
2426
2044
274
2642
2245
1404
1463
595
2136
108
1889
2773
1447
2068
2569
235
2568
51
2265
80
2714
721
2557
62
1919
1868
2448
979
2599
313
179
910
2109
988
2303
2058
2351
1800
2249
1588
874
1035
1285
1116
258
699
2925
136
2888
2267
1829
1580
2571
746
643
46
1851
96
2060
842
766
870
2845
2026
177
1176
517
309
26
497
226
2767
2172
2770
1230
977
532
1697
855
2638
347
666
175
1413
1040
2550
2173
1078
1483
2841
807
614
1396
712
1399
571
399
1426
2280
2449
1009
2110
1977
2337
1902
1781
1595
846
1971
272
2388
2910
2236
2444
1236
1256
1638
2577
2614
222
2367
167
660
60
260
1703
1112
762
2523
1441
2432
1930
2664
452
2427
463
2529
1516
1543
1275
575
510
33
891
524
1379
2240
1895
1564
1793
1212
2171
1583
1904
2508
693
2526
2842
920
2025
2364
1532
2238
2719
2864
764
584
246
703
719
1537
558
255
444
1492
429
323
102
1158
2116
2001
2277
545
148
2897
1271
2102
815
2315
861
451
1839
823
1720
2687
1461
1822
1521
447
2402
1481
1341
1117
808
2095
2349
1254
953
624
1551
266
1467
596
1947
2168
11
25
1369
2521
2253
2650
411
475
671
118
853
271
476
1475
57
2091
592
2312
2459
1935
2901
2746
2678
1286
1500
589
2675
1954
2837
2007
183
942
2565
625
289
1435
496
373
1813
2861
780
1255
1309
494
1253
818
1446
1402
925
283
2828
801
1980
282
191
986
2490
722
189
1847
546
2154
2610
548
2257
1003
121
1389
2597
254
514
1017
150
1752
946
2089
2544
210
2419
1736
686
954
1526
1242
1774
2066
1795
1945
2847
311
965
2194
1771
1011
1964
1390
1111
164
1821
2731
1590
2082
621
1810
774
427
1649
437
1769
2501
1339
1042
2685
1549
2612
1252
2293
1948
1529
1387
993
1032
2242
1672
1509
1205
597
198
1684
314
2730
2065
1215
2178
2101
176
652
781
2936
2674
2531
2694
1351
1247
901
2310
1748
2143
1204
327
1195
256
2434
2354
1199
2370
2428
756
2649
2217
2749
2573
1762
1330
758
1809
2463
384
2029
1991
142
2204
2040
2084
890
273
1209
889
477
1238
2542
2407
1039
207
702
2207
1965
1162
354
2804
927
2216
716
1136
939
2224
903
154
484
90
1857
2564
553
1505
2322
515
1044
2399
2180
2167
2815
1276
132
250
2741
1129
1501
2164
992
2870
2567
1050
146
2669
2826
2586
27
1249
170
460
1154
2796
414
296
1890
522
1589
1108
627
2583
86
1118
421
1686
2696
2100
1306
1140
2176
328
2404
285
633
1998
2857
2742
2306
1853
466
1683
2907
543
103
423
730
2666
487
228
1956
1119
2905
2211
2816
1718
958
2135
512
2020
1685
1944
356
1338
768
1496
2228
1349
822
2268
2762
1737
1662
1970
443
708
371
239
244
1789
376
1663
1066
2239
1222
1612
2854
2161
1514
932
2726
2485
688
2734
1942
2189
105
232
2254
798
1506
779
1474
1348
580
1790
2202
2148
2200
1269
2421
2813
2688
1227
2080
2646
838
1007
1671
1079
2320
1932
2648
2233
886
1165
1173
1962
2069
1406
1297
351
2006
2672
1870
677
1274
1207
2740
2637
1520
2840
1912
1098
2574
2181
2824
2452
2686
1292
862
2655
611
1773
1300
1647
731
1783
1535
91
772
1943
2899
2718
2537
2503
2600
1367
2693
2472
607
151
79
1491
2455
2361
2352
1095
1705
1494
277
1284
2875
641
2296
2812
2034
1344
195
360
2327
68
2473
1444
58
2739
396
868
2214
1747
1986
2062
2252
236
1804
734
2160
1699
464
16
2111
1555
1077
1738
1114
529
1758
1335
2607
1985
406
299
2517
1642
2209
1232
2078
843
430
1283
1624
972
1733
428
1607
2139
1558
1234
461
990
2383
1848
882
591
1613
1299
117
1926
613
654
963
2922
462
2511
465
2551
2336
1471
2766
2555
158
1086
163
8
1724
1043
790
1087
2445
1597
391
929
944
45
442
2302
626
1357
1959
223
2162
1513
116
267
634
599
2017
710
407
2889
1812
2805
1850
1978
2755
2699
1337
2940
2005
2585
2379
77
1567
551
2938
1109
1982
2464
2330
159
1816
308
2691
573
1383
2170
967
763
415
89
841
346
590
535
1633
2807
2789
352
1434
1657
404
418
1372
1291
876
84
343
1177
276
2809
581
2601
725
1820
1146
2129
871
2112
2613
1765
149
572
724
1976
2535
204
1046
1076
940
657
238
348
1037
2014
1503
826
1350
1229
2530
544
63
2087
2266
2281
983
2651
43
1916
1673
213
2333
52
425
2680
754
2924
2848
1403
1566
1749
2634
789
1138
835
728
1652
668
88
945
1602
2703
231
2299
1342
635
1187
1563
2453
936
883
1523
2325
2158
1763
2639
2024
1172
623
2163
1424
174
887
1709
2387
753
2477
1885
1436
2532
100
1282
600
1455
704
2644
2456
1454
287
203
2808
563
2620
1370
42
2668
2892
1202
30
2785
2713
20
2190
298
1507
488
576
1585
1103
2604
1038
2852
615
1598
1084
733
1224
2516
1614
2169
1844
2745
1416
1394
787
1268
1182
1559
2830
2208
397
2009
1004
101
2493
2720
2906
2776
2279
1687
1010
1365
824
2524
1192
985
2059
717
2423
2002
2645
1089
555
2849
233
349
160
557
32
1022
1560
2921
1374
2673
2716
1023
2298
2300
450
1714
791
2779
1245
1854
2500
2618
1949
2393
1814
955
1729
2777
1071
1451
1546
739
2860
1527
1053
2081
2433
1655
987
2628
1934
2483
1645
1465
2461
2365
915
2759
1664
2151
1430
636
2728
1302
1225
2420
319
1312
1573
970
2288
2430
969
2933
538
405
2821
907
2118
2682
2126
74
2297
1061
2879
741
2385
2018
682
400
334
321
216
847
2371
500
1239
2562
2862
1855
2061
2378
2329
1332
339
2603
55
732
687
247
2919
125
2305
2935
2790
2063
1571
2289
743
1805
646
1725
2203
795
1550
2896
340
2763
1940
9
1310
1600
83
1603
1262
1448
2915
2317
2335
2027
919
1767
2048
1157
2374
2589
1137
830
877
680
310
1193
2437
1712
2152
1561
2528
2275
1803
803
1279
1170
6
705
389
2132
104
1147
1539
13
1397
550
2425
984
2834
2071
2250
1166
259
1721
2787
1502
1090
21
948
1021
2903
23
433
2373
2341
1625
2376
1194
473
1939
2227
2697
1362
602
365
1593
934
520
1988
2429
1226
413
1391
2723
2858
1922
2706
1450
1305
906
1861
366
331
669
549
1163
448
2622
1915
2881
1189
1629
895
1197
1881
2890
1458
436
2193
773
1263
2030
2509
2525
95
1497
2802
2502
1333
740
526
1307
1874
1887
307
1653
794
2496
2443
2791
1807
2271
898
1319
2507
1540
1981
1696
491
2454
93
1876
2409
2605
1258
799
2358
1048
897
1425
2251
968
1085
2512
508
2653
2916
653
971
2594
1706
2106
2465
894
1511
1200
1487
1386
1375
200
2140
837
303
2799
2301
1538
2339
1898
720
670
2099
2549
395
471
2260
966
587
947
2121
859
2871
1141
54
1237
2415
1392
39
2876
1886
1732
2498
507
2592
1409
2596
1366
528
202
582
1670
2042
684
2707
2086
2602
1184
1113
1419
1911
368
2416
2090
2363
2359
679
2831
2093
2794
2149
2717
483
2338
2931
1693
265
726
938
2353
1296
2928
713
1064
257
312
542
1213
1689
994
2166
70
2584
783
2772
1755
1660
1972
1512
1437
1054
2436
492
1918
2184
1924
215
486
2360
1382
2435
2690
888
656
1206
1427
880
2788
1628
1352
1745
370
2460
2127
31
1575
2219
603
2708
523
1495
1691
2177
831
1746
1153
1827
1557
2626
212
956
1923
661
788
2356
315
1028
1321
628
284
2366
1012
2855
1643
570
694
622
1798
583
1156
1929
237
1015
1438
2737
2188
1092
850
1680
1091
1373
845
2801
1983
324
647
2319
2246
648
1311
2137
1169
297
2647
1753
1797
1518
902
878
2123
1059
417
658
2866
2144
1267
4
1700
2264
467
1651
2442
1688
2308
1358
1744
268
559
172
1632
1860
1393
2582
230
959
1675
439
485
2155
2270
2145
534
2932
1882
2198
1909
937
1644
2800
2324
2572
2410
329
221
1143
1761
2243
320
388
1415
2124
1547
431
1818
2792
2196
541
1065
1966
1668
630
1701
1946
744
1619
1329
2314
896
126
1631
1340
2094
214
182
1273
1093
2342
913
2234
140
2064
369
2403
701
1134
562
2466
1708
729
809
1013
1006
2218
2131
1072
649
2631
2615
1414
2284
270
1005
337
1251
2057
2070
1051
1428
2623
849
2665
2670
180
904
537
1418
2748
867
1905
697
2362
1553
1894
2
521
2838
2195
1554
912
533
1421
1825
608
2033
1498
2784
2850
1484
817
137
750
2016
1630
1963
1510
2032
2073
651
1938
372
2902
2031
2392
531
2743
2256
2629
2793
2328
1175
1026
2632
1316
2088
839
1826
761
1601
706
7
2098
879
752
2560
917
1856
2231
2331
1751
1541
2652
2165
2756
1395
2241
1318
22
2754
394
1740
1124
2000
757
1823
998
2117
2413
933
1290
2750
412
1796
566
727
1891
2417
1893
449
530
2782
1888
171
914
1766
1388
612
577
2015
1953
344
832
866
1517
1914
495
2738
3
899
1259
1786
1133
1764
857
2538
2918
2810
338
1063
1666
94
2825
2701
1726
900
2663
35
2698
1188
1728
1690
2819
2891
279
387
1056
1722
618
2187
178
1606
1569
468
383
2056
828
964
2497
2133
181
2261
1921
1779
2877
455
1033
2269
2391
1417
426
2913
1702
1
892
261
1692
120
802
2318
1459
294
2215
2658
111
2736
2803
1208
834
1150
85
37
234
2887
2079
2480
14
770
186
2441
2874
2232
1968
2408
2286
1768
672
1635
87
2853
642
2578
2786
1862
962
99
2630
2201
1658
1082
2606
1530
1058
2451
869
1405
1545
1936
441
749
872
2097
709
156
302
2038
1301
1622
113
381
2138
1928
1105
134
2598
2076
305
2225
2873
144
1623
2588
2499
2548
269
1401
856
513
1354
1961
806
1280
2237
2283
1014
1323
1303
1792
1544
2340
454
1325
166
1083
374
674
1759
858
1654
1377
814
2553
2510
2049
1034
1727
711
2570
665
168
778
317
1907
505
1552
1639
1317
130
1125
48
1185
197
278
1097
961
1906
2386
675
2595
332
1218
2157
1322
949
1099
2558
840
353
1235
1047
2309
2259
1250
2705
1052
2083
1677
2122
1791
620
342
1407
2758
1191
926
2113
1910
1617
2886
131
2765
318
2380
1460
1453
2247
2182
1477
606
2345
1203
564
650
1609
1579
2619
1361
2043
1343
501
2045
1420
493
2481
47
29
1151
681
420
2282
2893
2398
792
981
1378
775
1801
952
459
2484
124
980
2868
59
1846
1016
1715
1901
2814
506
2199
2937
1233
44
918
453
1288
350
1412
2611
2927
2347
1127
540
2134
1565
110
2350
552
527
2695
1731
2052
2192
2326
2096
735
1041
978
1449
1782
402
1240
2394
884
2406
2183
1819
145
2930
2067
2885
991
796
2258
1883
616
689
1577
935
2667
1892
1121
1363
306
1770
1927
1833
2226
1353
1431
2077
2676
707
2357
445
1080
474
1984
924
2543
1871
805
1331
1398
2869
2851
78
1581
1261
1081
2055
162
502
1132
275
53
155
829
1835
556
2781
1568
864
1997
1128
825
2547
2683
2768
367
715
1869
2262
2220
1479
629
1784
561
1178
482
1020
1802
1772
2395
893
804
2733
2872
499
2735
1858
1515
2898
1996
1508
152
1994
242
1955
678
1488
2344
1106
1101
2798
1069
1659
2346
1228
911
1368
193
135
2223
1562
617
771
1742
873
1865
286
1669
1161
2405
2272
1385
737
1167
190
1148
1897
2771
776
2774
1933
2107
41
2475
2012
1468
362
640
2709
1171
2003
2895
1528
1834
2939
516
1045
921
157
638
165
82
2783
2722
336
1674
2019
1217
777
2867
481
765
1582
1049
218
2348
292
2108
1574
1618
1640
1400
1356
2440
760
1346
2105
1244
2179
632
1031
881
2710
2046
1062
92
2304
585
458
2174
2381
333
810
208
2278
224
2914
2492
1308
1620
281
659
1586
2515
1073
1336
2422
1917
2778
1025
588
253
1879
1104
1493
811
1899
2880
2311
2028
745
1704
1594
1710
227
1990
2761
820
2575
2836
1646
683
2035
1096
1808
718
1920
2274
1216
2334
637
747
229
784
2292
1452
2608
2150
2780
1838
2636
509
1327
2486
865
2125
2053
1304
2684
1665
1967
1429
2681
2119
2518
392
2471
1572
1466
2287
434
2654
1799
1326
2206
361
1828
359
1201
1536
325
2920
1313
1849
999
645
363
1422
2248
1730
1423
385
909
143
848
2390
1159
844
786
128
2130
662
2846
1359
2389
1681
71
185
593
184
335
1884
1001
2447
2917
2462
40
107
1473
470
205
364
1806
1679
2929
479
2659
2469
478
1667
785
664
393
1713
112
2285
225
1931
941
1408
1836
2775
28
1750
1678
2811
1824
2446
1456
854
1181
1951
1371
2677
1264
2431
1787
2522
655
2923
916
1024
1002
1186
1219
139
2147
1115
2075
1257
2883
1214
1295
736
2120
2186
300
2004
574
280
209
2827
1859
34
2514
1969
1794
1524
2823
1155
2037
1126
1433
141
194
251
2115
12
129
169
38
2760
109
147
1627
241
2822
2909
2587
1661
1610
2506
2534
2833
2829
885
698
1060
1211
1989
1486
199
639
2621
1057
252
2476
1490
1030
2011
330
554
1867
1130
1608
738
2520
1489
2729
2039
2566
2546
1075
2291
291
2661
18
2494
211
1743
1717
1837
930
416
2377
61
2212
1723
1576
1476
295
2222
2576
950
201
2806
288
2482
1293
2752
1442
1611
1278
2911
2375
598
982
64
996
1266
560
2175
220
1287
586
1411
1298
2835
1757
1220
1650
1110
1616
1760
1246
2036
601
15
1174
1067
1756
2844
1587
1439
1123
1196
2797
1845
1265
206
821
2400
316
1634
2468
1364
243
358
1519
419
2818
290
2355
619
759
192
1144
631
1852
1925
2747
2725
1243
2153
2103
1903
355
714
245
2368
1778
2439
2295
569
440
2732
696
957
2401
2580
1152
1570
322
1478
1542
1777
2021
2843
345
1872
1880
1533
1281
1993
2255
995

