1 0
2 0
3 1
4 1
5 0
6 0
7 1
8 1
9 0
10 0
11 1
12 0
13 1
14 0
15 0
16 1
17 1
18 1
19 1
20 1
21 1
22 0
23 1
24 1
25 1
26 0
27 1
28 1
29 1
30 0
31 0
32 0
33 0
34 1
35 1
36 0
37 1
38 0
39 1
40 1
41 0
42 1
43 1
44 0
45 1
46 0
47 0
48 0
49 0
50 1
51 1
52 1
53 1
54 0
55 1
56 1
57 1
58 1
59 0
60 1
61 0
62 0
63 0
64 0
65 1
66 1
67 1
68 0
69 0
70 1
71 0
72 1
73 0
74 0
75 0
76 1
77 0
78 0
79 1
80 0
81 1
82 1
83 1
84 1
85 0
86 0
87 1
88 0
89 0
90 1
91 1
92 1
93 1
94 0
95 1
96 1
97 1
98 1
99 1
100 1
101 0
102 0
103 0
104 1
105 1
106 0
107 1
108 1
109 1
110 0
111 1
112 1
113 0
114 1
115 0
116 0
117 1
118 1
119 0
120 1
121 1
122 0
123 0
124 1
125 1
126 1
127 0
128 0
129 0
130 1
131 0
132 1
133 0
134 1
135 0
136 1
137 0
138 1
139 0
140 0
141 0
142 1
143 0
144 1
145 0
146 0
147 0
148 1
149 0
150 0
151 0
152 1
153 1
154 1
155 0
156 0
157 0
158 1
159 1
160 1
161 0
162 0
163 0
164 1
165 1
166 1
167 1
168 1
169 1
170 1
171 0
172 1
173 0
174 0
175 1
176 1
177 0
178 1
179 1
180 1
181 1
182 1
183 1
184 1
185 1
186 1
187 0
188 1
189 0
190 1
191 0
192 0
193 0
194 0
195 0
196 1
197 1
198 0
199 1
200 1
201 0
202 0
203 1
204 1
205 1
206 0
207 1
208 0
209 1
210 0
211 0
212 1
213 1
214 0
215 0
216 0
217 0
218 0
219 0
220 1
221 1
222 1
223 1
224 1
225 0
226 0
227 0
228 1
229 1
230 1
231 0
232 1
233 1
234 0
235 1
236 0
237 0
238 0
239 0
240 0
241 1
242 0
243 1
244 1
245 1
246 0
247 1
248 0
249 1
250 0
251 0
252 1
253 0
254 1
255 1
256 1
257 0
258 0
259 0
260 0
261 1
262 0
263 0
264 0
265 0
266 1
267 0
268 0
269 1
270 0
271 0
272 1
273 0
274 0
275 0
276 1
277 0
278 1
279 0
280 0
281 0
282 0
283 1
284 1
285 0
286 1
287 0
288 1
289 0
290 1
291 1
292 0
293 0
294 0
295 0
296 1
297 0
298 1
299 0
300 0
301 1
302 1
303 1
304 0
305 0
306 0
307 0
308 0
309 1
310 1
311 0
312 1
313 0
314 1
315 0
316 1
317 0
318 0
319 0
320 0
321 0
322 0
323 1
324 0
325 0
326 0
327 0
328 1
329 0
330 0
331 0
332 0
333 1
334 0
335 1
336 0
337 1
338 1
339 1
340 1
341 0
342 1
343 0
344 1
345 0
346 0
347 1
348 1
349 0
350 1
351 1
352 1
353 0
354 0
355 1
356 0
357 1
358 0
359 0
360 0
361 0
362 1
363 0
364 0
365 1
366 0
367 0
368 1
369 1
370 0
371 0
372 0
373 0
374 0
375 0
376 0
377 1
378 1
379 0
380 0
381 0
382 1
383 1
384 1
385 0
386 1
387 0
388 0
389 1
390 0
391 0
392 0
393 1
394 1
395 1
396 1
397 0
398 1
399 0
400 0
401 1
402 0
403 1
404 0
405 0
406 0
407 0
408 0
409 0
410 0
411 1
412 0
413 1
414 1
415 0
416 0
417 0
418 1
419 1
420 0
421 0
422 0
423 1
424 0
425 1
426 0
427 1
428 0
429 0
430 1
431 0
432 0
433 1
434 0
435 0
436 1
437 0
438 1
439 0
440 0
441 0
442 1
443 1
444 0
445 0
446 1
447 0
448 0
449 1
450 1
451 1
452 0
453 0
454 0
455 1
456 1
457 0
458 1
459 0
460 0
461 1
462 0
463 0
464 0
465 1
466 1
467 0
468 1
469 1
470 0
471 1
472 0
473 1
474 0
475 1
476 1
477 0
478 0
479 0
480 1
481 1
482 1
483 1
484 0
485 1
486 0
487 0
488 0
489 1
490 0
491 0
492 0
493 1
494 0
495 0
496 1
497 1
498 0
499 1
500 1
501 1
502 0
503 1
504 1
505 0
506 0
507 0
508 1
509 0
510 0
511 1
512 1
513 0
514 0
515 1
516 0
517 0
518 1
519 0
520 0
521 0
522 1
523 0
524 1
525 0
526 1
527 1
528 0
529 0
530 1
531 1
532 1
533 1
534 0
535 1
536 0
537 0
538 0
539 0
540 1
541 0
542 0
543 1
544 1
545 0
546 0
547 0
548 0
549 0
550 0
551 0
552 1
553 0
554 1
555 0
556 1
557 1
558 1
559 1
560 0
561 1
562 0
563 0
564 0
565 1
566 1
567 0
568 1
569 1
570 0
571 1
572 1
573 0
574 0
575 1
576 1
577 0
578 0
579 1
580 1
581 1
582 0
583 1
584 0
585 1
586 1
587 0
588 0
589 1
590 1
591 1
592 1
593 0
594 0
595 1
596 1
597 1
598 0
599 1
600 1
601 0
602 1
603 1
604 0
605 0
606 1
607 0
608 0
609 1
610 1
611 1
612 1
613 0
614 0
615 0
616 1
617 0
618 1
619 0
620 0
621 1
622 0
623 0
624 1
625 0
626 0
627 0
628 1
629 1
630 0
631 0
632 1
633 1
634 1
635 1
636 0
637 1
638 0
639 0
640 0
641 0
642 1
643 1
644 1
645 0
646 0
647 1
648 0
649 1
650 1
651 0
652 0
653 1
654 0
655 1
656 1
657 1
658 0
659 0
660 0
661 1
662 1
663 0
664 0
665 1
666 0
667 1
668 1
669 0
670 1
671 1
672 1
673 0
674 1
675 0
676 1
677 0
678 1
679 0
680 1
681 1
682 1
683 1
684 1
685 0
686 0
687 1
688 1
689 1
690 0
691 1
692 1
693 0
694 1
695 1
696 0
697 0
698 1
699 0
700 0
701 1
702 0
703 0
704 0
705 0
706 1
707 0
708 0
709 0
710 0
711 0
712 0
713 1
714 0
715 0
716 0
717 0
718 0
719 0
720 0
721 1
722 0
723 1
724 1
725 0
726 1
727 0
728 1
729 0
730 1
731 0
732 1
733 1
734 0
735 1
736 1
737 0
738 1
739 0
740 1
741 0
742 0
743 0
744 0
745 0
746 1
747 1
748 1
749 0
750 1
751 1
752 0
753 1
754 1
755 0
756 1
757 0
758 1
759 1
760 0
761 1
762 0
763 1
764 1
765 1
766 0
767 0
768 1
769 1
770 0
771 1
772 1
773 1
774 0
775 1
776 0
777 1
778 0
779 1
780 0
781 0
782 0
783 1
784 0
785 0
786 0
787 1
788 1
789 0
790 0
791 1
792 1
793 0
794 1
795 0
796 1
797 0
798 1
799 1
800 1
801 1
802 0
803 1
804 1
805 1
806 1
807 1
808 0
809 1
810 0
811 0
812 0
813 0
814 0
815 1
816 0
817 1
818 0
819 1
820 1
821 0
822 0
823 0
824 0
825 1
826 0
827 1
828 1
829 0
830 0
831 1
832 0
833 0
834 1
835 1
836 1
837 1
838 1
839 1
840 0
841 1
842 1
843 1
844 1
845 0
846 1
847 0
848 1
849 0
850 1
851 1
852 0
853 0
854 1
855 1
856 1
857 1
858 1
859 1
860 0
861 0
862 1
863 0
864 0
865 1
866 1
867 1
868 1
869 0
870 0
871 1
872 1
873 0
874 1
875 0
876 0
877 0
878 0
879 0
880 1
881 1
882 0
883 1
884 0
885 0
886 1
887 1
888 0
889 1
890 0
891 1
892 0
893 1
894 1
895 1
896 1
897 1
898 0
899 1
900 0
901 0
902 1
903 1
904 0
905 0
906 0
907 1
908 1
909 1
910 0
911 0
912 0
913 1
914 1
915 1
916 1
917 1
918 1
919 0
920 0
921 0
922 0
923 1
924 0
925 0
926 1
927 1
928 1
929 1
930 0
931 1
932 0
933 1
934 1
935 1
936 0
937 0
938 1
939 0
940 1
941 0
942 0
943 1
944 1
945 1
946 1
947 0
948 0
949 0
950 1
951 0
952 0
953 0
954 0
955 0
956 0
957 0
958 1
959 0
960 0
961 0
962 0
963 1
964 0
965 0
966 0
967 1
968 0
969 1
970 1
971 1
972 0
973 1
974 1
975 1
976 1
977 1
978 1
979 1
980 1
981 1
982 1
983 1
984 1
985 1
986 1
987 1
988 1
989 0
990 0
991 1
992 0
993 0
994 0
995 0
996 0
997 1
998 1
999 0
1000 0
1001 1
1002 0
1003 0
1004 1
1005 1
1006 0
1007 1
1008 1
1009 0
1010 0
1011 0
1012 1
1013 0
1014 0
1015 1
1016 1
1017 0
1018 0
1019 1
1020 0
1021 1
1022 1
1023 1
1024 0
1025 1
1026 0
1027 1
1028 1
1029 0
1030 1
1031 1
1032 0
1033 0
1034 1
1035 1
1036 1
1037 0
1038 0
1039 0
1040 0
1041 0
1042 0
1043 1
1044 0
1045 0
1046 1
1047 1
1048 1
1049 0
1050 0
1051 0
1052 1
1053 1
1054 1
1055 1
1056 1
1057 0
1058 0
1059 1
1060 0
1061 0
1062 0
1063 0
1064 1
1065 1
1066 0
1067 1
1068 0
1069 1
1070 1
1071 1
1072 0
1073 1
1074 0
1075 1
1076 1
1077 1
1078 1
1079 0
1080 1
1081 1
1082 1
1083 1
1084 1
1085 0
1086 0
1087 0
1088 1
1089 1
1090 1
1091 1
1092 0
1093 0
1094 1
1095 1
1096 1
1097 0
1098 0
1099 0
1100 1
1101 1
1102 0
1103 1
1104 0
1105 0
1106 1
1107 1
1108 1
1109 1
1110 0
1111 0
1112 0
1113 0
1114 1
1115 1
1116 0
1117 0
1118 1
1119 0
1120 0
1121 1
1122 1
1123 0
1124 0
1125 1
1126 1
1127 0
1128 0
1129 1
1130 1
1131 1
1132 0
1133 1
1134 0
1135 0
1136 1
1137 1
1138 0
1139 1
1140 1
1141 1
1142 1
1143 1
1144 0
1145 0
1146 0
1147 1
1148 0
1149 1
1150 0
1151 1
1152 1
1153 1
1154 1
1155 0
1156 1
1157 1
1158 0
1159 1
1160 1
1161 1
1162 1
1163 0
1164 1
1165 1
1166 0
1167 0
1168 1
1169 0
1170 0
1171 0
1172 0
1173 1
1174 1
1175 0
1176 0
1177 1
1178 1
1179 0
1180 1
1181 0
1182 0
1183 0
1184 0
1185 1
1186 1
1187 1
1188 1
1189 1
1190 1
1191 0
1192 1
1193 0
1194 1
1195 1
1196 1
1197 0
1198 1
1199 1
1200 0
1201 0
1202 1
1203 1
1204 1
1205 1
1206 1
1207 0
1208 1
1209 0
1210 1
1211 1
1212 0
1213 1
1214 0
1215 1
1216 0
1217 1
1218 0
1219 0
1220 1
1221 1
1222 0
1223 1
1224 1
1225 1
1226 1
1227 1
1228 0
1229 1
1230 1
1231 1
1232 0
1233 0
1234 1
1235 1
1236 1
1237 1
1238 1
1239 0
1240 0
1241 1
1242 0
1243 0
1244 0
1245 1
1246 0
1247 1
1248 0
1249 1
1250 0
1251 0
1252 1
1253 0
1254 1
1255 1
1256 1
1257 0
1258 1
1259 1
1260 0
1261 0
1262 1
1263 1
1264 0
1265 0
1266 0
1267 0
1268 0
1269 1
1270 0
1271 0
1272 0
1273 0
1274 1
1275 0
1276 0
1277 0
1278 0
1279 1
1280 0
1281 1
1282 1
1283 1
1284 1
1285 1
1286 1
1287 1
1288 1
1289 1
1290 1
1291 1
1292 1
1293 1
1294 0
1295 0
1296 0
1297 0
1298 0
1299 1
1300 0
1301 1
1302 1
1303 1
1304 1
1305 1
1306 0
1307 0
1308 0
1309 0
1310 1
1311 0
1312 0
1313 0
1314 0
1315 1
1316 1
1317 0
1318 1
1319 0
1320 1
1321 0
1322 0
1323 1
1324 0
1325 0
1326 1
1327 1
1328 1
1329 1
1330 0
1331 1
1332 0
1333 1
1334 1
1335 0
1336 0
1337 0
1338 0
1339 1
1340 1
1341 1
1342 1
1343 1
1344 1
1345 0
1346 1
1347 0
1348 1
1349 1
1350 0
1351 1
1352 0
1353 1
1354 1
1355 1
1356 1
1357 0
1358 0
1359 1
1360 1
1361 0
1362 0
1363 0
1364 1
1365 1
1366 0
1367 1
1368 0
1369 1
1370 0
1371 0
1372 0
1373 1
1374 0
1375 0
1376 1
1377 0
1378 1
1379 0
1380 1
1381 1
1382 1
1383 1
1384 1
1385 0
1386 1
1387 1
1388 1
1389 0
1390 0
1391 0
1392 1
1393 0
1394 0
1395 0
1396 0
1397 0
1398 0
1399 0
1400 1
1401 0
1402 1
1403 0
1404 1
1405 1
1406 0
1407 0
1408 0
1409 0
1410 1
1411 1
1412 1
1413 0
1414 0
1415 0
1416 0
1417 0
1418 0
1419 0
1420 0
1421 0
1422 0
1423 1
1424 0
1425 1
1426 1
1427 0
1428 1
1429 0
1430 0
1431 0
1432 0
1433 0
1434 0
1435 1
1436 0
1437 1
1438 1
1439 0
1440 0
1441 0
1442 1
1443 0
1444 1
1445 0
1446 1
1447 1
1448 0
1449 0
1450 1
1451 0
1452 1
1453 1
1454 1
1455 0
1456 0
1457 1
1458 1
1459 0
1460 1
1461 1
1462 0
1463 1
1464 0
1465 1
1466 1
1467 1
1468 1
1469 1
1470 1
1471 1
