1 0
2 0
3 0
4 0
5 1
6 0
7 1
8 1
9 1
10 0
11 1
12 0
13 0
14 0
15 0
16 1
17 0
18 1
19 1
20 1
21 1
22 0
23 0
24 0
25 1
26 0
27 1
28 1
29 0
30 1
31 1
32 0
33 1
34 0
35 1
36 0
37 1
38 1
39 0
40 1
41 1
42 1
43 1
44 0
45 0
46 0
47 0
48 0
49 0
50 1
51 0
52 1
53 1
54 0
55 1
56 1
57 0
58 0
59 1
60 1
61 1
62 0
63 1
64 0
65 0
66 1
67 1
68 1
69 0
70 1
71 0
72 0
73 1
74 1
75 1
76 1
77 0
78 1
79 0
80 1
81 0
82 0
83 1
84 0
85 0
86 1
87 0
88 0
89 0
90 1
91 1
92 1
93 1
94 1
95 0
96 1
97 1
98 0
99 1
100 1
101 1
102 1
103 0
104 1
105 0
106 1
107 1
108 0
109 0
110 1
111 1
112 0
113 1
114 0
115 1
116 0
117 0
118 0
119 0
120 0
121 0
122 0
123 1
124 1
125 1
126 1
127 0
128 0
129 0
130 1
131 1
132 1
133 1
134 0
135 1
136 0
137 0
138 0
139 1
140 0
141 1
142 1
143 1
144 1
145 1
146 1
147 1
148 1
149 1
150 1
151 0
152 0
153 1
154 0
155 1
156 0
157 0
158 0
159 0
160 1
161 1
162 1
163 1
164 1
165 1
166 1
167 0
168 1
169 1
170 0
171 0
172 1
173 0
174 1
175 1
176 1
177 0
178 0
179 0
180 1
181 0
182 0
183 1
184 0
185 1
186 1
187 0
188 1
189 1
190 0
191 1
192 0
193 1
194 0
195 0
196 0
197 1
198 0
199 1
200 0
201 0
202 1
203 1
204 1
205 1
206 0
207 1
208 0
209 0
210 1
211 1
212 0
213 0
214 1
215 0
216 1
217 1
218 0
219 1
220 0
221 1
222 0
223 0
224 1
225 1
226 0
227 1
228 1
229 0
230 0
231 1
232 0
233 1
234 0
235 1
236 1
237 0
238 0
239 1
240 1
241 0
242 0
243 1
244 0
245 0
246 1
247 0
248 0
249 0
250 1
251 1
252 1
253 1
254 0
255 1
256 0
257 1
258 0
259 1
260 0
261 1
262 1
263 0
264 1
265 0
266 1
267 0
268 1
269 0
270 1
271 1
272 0
273 0
274 0
275 1
276 0
277 1
278 1
279 1
280 1
281 0
282 1
283 0
284 1
285 0
286 1
287 0
288 1
289 0
290 0
291 1
292 1
293 1
294 0
295 1
296 0
297 1
298 0
299 1
300 1
301 1
302 0
303 1
304 1
305 1
306 0
307 1
308 1
309 0
310 1
311 0
312 1
313 0
314 0
315 1
316 1
317 1
318 0
319 1
320 1
321 0
322 1
323 1
324 1
325 0
326 1
327 0
328 0
329 0
330 1
331 0
332 1
333 1
334 1
335 1
336 1
337 0
338 1
339 0
340 1
341 1
342 1
343 1
344 0
345 0
346 1
347 0
348 0
349 0
350 1
351 1
352 1
353 1
354 1
355 1
356 1
357 1
358 1
359 0
360 1
361 1
362 1
363 0
364 1
365 1
366 0
367 1
368 1
369 0
370 0
371 1
372 1
373 0
374 1
375 0
376 0
377 1
378 1
379 1
380 1
381 1
382 0
383 1
384 1
385 1
386 1
387 1
388 1
389 0
390 1
391 0
392 1
393 1
394 0
395 1
396 0
397 1
398 1
399 0
400 1
401 1
402 1
403 0
404 1
405 1
406 1
407 1
408 1
409 0
410 1
411 1
412 0
413 1
414 1
415 1
416 1
417 0
418 1
419 0
420 0
421 1
422 0
423 1
424 0
425 1
426 1
427 1
428 1
429 0
430 1
431 1
432 1
433 1
434 1
435 1
436 0
437 1
438 1
439 1
440 1
441 1
442 1
443 1
444 1
445 0
446 0
447 0
448 1
449 1
450 1
451 1
452 0
453 1
454 0
455 1
456 0
457 0
458 0
459 1
460 1
461 1
462 1
463 1
464 1
465 0
466 1
467 1
468 0
469 1
470 1
471 1
472 1
473 0
474 1
475 1
476 0
477 1
478 1
479 0
480 0
481 0
482 0
483 0
484 0
485 1
486 1
487 1
488 1
489 0
490 1
491 1
492 0
493 0
494 0
495 0
496 1
497 1
498 0
499 0
500 0
501 1
502 1
503 0
504 1
505 0
506 1
507 0
508 1
509 0
510 1
511 0
512 1
513 0
514 1
515 1
516 1
517 0
518 0
519 1
520 0
521 0
522 0
523 1
524 1
525 0
526 1
527 0
528 1
529 0
530 1
531 1
532 1
533 1
534 1
535 0
536 1
537 0
538 0
539 0
540 1
541 1
542 0
543 1
544 1
545 1
546 0
547 1
548 0
549 0
550 0
551 1
552 0
553 1
554 1
555 1
556 1
557 1
558 0
559 1
560 1
561 1
562 1
563 0
564 1
565 0
566 1
567 1
568 1
569 0
570 1
571 1
572 1
573 1
574 1
575 0
576 1
577 1
578 0
579 1
580 1
581 1
582 1
583 1
584 1
585 0
586 0
587 0
588 0
589 1
590 1
591 0
592 0
593 0
594 0
595 1
596 1
597 0
598 1
599 0
600 1
601 1
602 0
603 1
604 1
605 1
606 1
607 0
608 0
609 1
610 0
611 1
612 1
613 1
614 1
615 0
616 1
617 1
618 1
619 1
620 1
621 1
622 0
623 1
624 0
625 1
626 1
627 1
628 0
629 1
630 1
631 0
632 0
633 1
634 0
635 0
636 1
637 0
638 1
639 0
640 0
641 1
642 1
643 0
644 1
645 0
646 1
647 1
648 0
649 1
650 0
651 1
652 0
653 1
654 1
655 1
656 1
657 1
658 1
659 0
660 1
661 0
662 0
663 0
664 0
665 1
666 1
667 0
668 1
669 1
670 0
671 1
672 1
673 0
674 1
675 1
676 0
677 0
678 0
679 1
680 0
681 1
682 0
683 1
684 1
685 0
686 0
687 0
688 1
689 1
690 1
691 0
692 1
693 1
694 1
695 1
696 1
697 0
698 1
699 1
700 0
701 1
702 1
703 1
704 0
705 1
706 1
707 1
708 1
709 1
710 1
711 0
712 1
713 0
714 1
715 0
716 1
717 1
718 0
719 1
720 1
721 0
722 1
723 1
724 0
725 1
726 1
727 0
728 1
729 1
730 1
731 1
732 0
733 1
734 0
735 0
736 0
737 0
738 1
739 1
740 1
741 1
742 0
743 0
744 1
745 0
746 0
747 1
748 1
749 1
750 1
751 0
752 1
753 1
754 1
755 1
756 1
757 0
758 1
759 1
760 1
761 1
762 0
763 1
764 1
765 0
766 1
767 0
768 0
769 1
770 1
771 1
772 0
773 1
774 0
775 1
776 0
777 1
778 1
779 0
780 1
781 1
782 1
783 1
784 0
785 1
786 1
787 0
788 1
789 1
790 1
791 1
792 1
793 1
794 1
795 1
796 1
797 0
798 0
799 1
800 1
801 1
802 1
803 1
804 0
805 0
806 0
807 1
808 1
809 1
810 1
811 1
812 0
813 0
814 0
815 1
816 1
817 1
818 0
819 1
820 1
821 0
822 1
823 1
824 0
825 1
826 1
827 1
828 0
829 1
830 1
831 0
832 0
833 0
834 1
835 1
836 1
837 0
838 1
839 0
840 1
841 1
842 1
843 1
844 0
845 0
846 0
847 0
848 1
849 1
850 1
851 1
852 1
853 1
854 0
855 1
856 0
857 1
858 1
859 0
860 1
861 1
862 0
863 1
864 1
865 1
866 1
867 1
868 1
869 1
870 1
871 1
872 1
873 0
874 1
875 0
876 1
877 1
878 1
879 1
880 1
881 1
882 1
883 0
884 1
885 1
886 1
887 1
888 1
889 0
890 1
891 1
892 0
893 1
894 1
895 0
896 1
897 0
898 1
899 0
900 1
901 1
902 0
903 0
904 0
905 0
906 1
907 0
908 1
909 1
910 1
911 1
912 0
913 1
914 1
915 1
916 1
917 0
918 0
919 1
920 1
921 1
922 1
923 1
924 1
925 1
926 1
927 0
928 1
929 1
930 1
931 1
932 1
933 1
934 0
935 1
936 1
937 1
938 0
939 1
940 1
941 1
942 1
943 1
944 1
945 1
946 0
947 1
948 1
949 1
950 0
951 1
952 1
953 1
954 0
955 1
956 0
957 1
958 0
959 1
960 1
961 1
962 1
963 1
964 1
965 1
966 1
967 1
968 1
969 1
970 1
971 0
972 1
973 1
974 1
975 1
976 1
977 1
978 1
979 0
980 1
981 0
982 0
983 1
984 0
985 1
986 1
987 0
988 1
989 0
990 1
991 1
992 1
993 1
994 1
995 0
996 1
997 1
998 1
999 1
1000 1
1001 1
1002 1
1003 1
1004 0
1005 1
1006 1
1007 0
1008 0
1009 0
1010 0
1011 0
1012 0
1013 0
1014 1
1015 1
1016 1
1017 1
1018 1
1019 0
1020 1
1021 1
1022 1
1023 1
1024 0
1025 1
1026 0
1027 1
1028 0
1029 1
1030 1
1031 1
1032 1
1033 1
1034 0
1035 1
1036 1
1037 1
1038 0
1039 0
1040 1
1041 0
1042 1
1043 1
1044 1
1045 1
1046 1
1047 1
1048 1
1049 1
1050 1
1051 1
1052 1
1053 0
1054 1
1055 0
1056 1
1057 0
1058 1
1059 0
1060 1
1061 1
1062 0
1063 1
1064 1
1065 1
1066 0
1067 0
1068 1
1069 1
1070 1
1071 0
1072 1
1073 0
1074 1
1075 0
1076 1
1077 0
1078 1
1079 0
1080 1
1081 0
1082 1
1083 1
1084 0
1085 1
1086 0
1087 1
1088 1
1089 1
1090 0
1091 1
1092 1
1093 0
1094 1
1095 1
1096 0
1097 1
1098 1
1099 1
1100 0
1101 1
1102 1
1103 1
1104 0
1105 1
1106 0
1107 1
1108 1
1109 0
1110 1
1111 0
1112 1
1113 1
1114 1
1115 0
1116 1
1117 1
1118 1
1119 0
1120 1
1121 0
1122 1
1123 1
1124 0
1125 0
1126 1
1127 1
1128 0
1129 1
1130 1
1131 1
1132 1
1133 0
1134 1
1135 0
1136 1
1137 1
1138 1
1139 0
1140 1
1141 0
1142 1
1143 1
1144 1
1145 1
1146 0
1147 1
1148 0
1149 0
1150 0
1151 1
1152 0
1153 0
1154 1
1155 0
1156 1
1157 1
1158 0
1159 1
1160 0
1161 0
1162 1
1163 1
1164 1
1165 1
1166 1
1167 0
1168 1
1169 0
1170 0
1171 0
1172 0
1173 1
1174 0
1175 0
1176 0
1177 1
1178 1
1179 0
1180 1
1181 1
1182 1
1183 0
1184 0
1185 0
1186 1
1187 1
1188 0
1189 1
1190 1
1191 1
1192 1
1193 1
1194 1
1195 0
1196 0
1197 1
1198 1
1199 1
1200 0
1201 1
1202 0
1203 1
1204 1
1205 1
1206 0
1207 1
1208 0
1209 1
1210 1
1211 0
1212 1
1213 1
1214 1
1215 1
1216 0
1217 1
1218 0
1219 1
1220 0
1221 0
1222 0
1223 1
1224 1
1225 0
1226 1
1227 1
1228 1
1229 1
1230 1
1231 0
1232 0
1233 0
1234 1
1235 1
1236 0
1237 1
1238 0
1239 1
1240 0
1241 1
1242 1
1243 1
1244 0
1245 0
1246 0
1247 1
1248 1
1249 1
1250 1
1251 1
1252 1
1253 0
1254 1
1255 0
1256 1
1257 1
1258 1
1259 0
1260 1
1261 1
1262 1
1263 1
1264 1
1265 0
1266 0
1267 1
1268 0
1269 0
1270 1
1271 1
1272 0
1273 1
1274 1
1275 1
1276 0
1277 1
1278 0
1279 1
1280 1
1281 1
1282 0
1283 1
1284 1
1285 1
1286 1
1287 0
1288 1
1289 1
1290 0
1291 1
1292 1
1293 0
1294 1
1295 1
1296 1
1297 1
1298 1
1299 0
1300 1
1301 1
1302 1
1303 0
1304 1
1305 1
1306 0
1307 1
1308 1
1309 1
1310 1
1311 0
1312 1
1313 1
1314 0
1315 1
1316 1
1317 1
1318 1
1319 1
1320 1
1321 1
1322 0
1323 1
1324 0
1325 1
1326 1
1327 1
1328 1
1329 1
1330 1
1331 1
1332 1
1333 0
1334 1
1335 1
1336 1
1337 1
1338 1
1339 1
1340 1
1341 1
1342 1
1343 1
1344 0
1345 1
1346 0
1347 1
1348 0
1349 1
1350 1
1351 1
1352 1
1353 1
1354 1
1355 0
1356 1
1357 0
1358 1
1359 1
1360 1
1361 1
1362 1
1363 1
1364 1
1365 0
1366 1
1367 1
1368 1
1369 1
1370 1
1371 0
1372 0
1373 1
1374 0
1375 0
1376 1
1377 1
1378 1
1379 1
1380 1
1381 1
1382 1
1383 1
1384 1
1385 1
1386 0
1387 1
1388 1
1389 1
1390 0
1391 0
1392 0
1393 1
1394 0
1395 1
1396 1
1397 1
1398 1
1399 0
1400 1
1401 1
1402 1
1403 0
1404 0
1405 1
1406 0
1407 1
1408 1
1409 1
1410 0
1411 1
1412 1
1413 1
1414 1
1415 1
1416 0
1417 0
1418 1
1419 1
1420 0
1421 1
1422 1
1423 0
1424 0
1425 1
1426 1
1427 0
1428 1
1429 0
1430 1
1431 1
1432 1
1433 1
1434 1
1435 1
1436 0
1437 0
1438 0
1439 1
1440 1
1441 1
1442 0
1443 1
1444 1
1445 0
1446 1
1447 0
1448 0
1449 1
1450 1
1451 1
1452 1
1453 1
1454 1
1455 1
1456 1
1457 1
1458 1
1459 1
1460 0
1461 1
1462 0
1463 1
1464 0
1465 1
1466 1
1467 0
1468 1
1469 0
1470 0
1471 1
