2032
1467
1754
2126
855
2250
237
1298
2665
1505
33
103
720
1958
1937
2844
1335
994
489
1753
1385
2900
2276
73
1586
2395
2365
2154
1387
123
1496
1242
1023
1772
1277
1547
2310
1747
628
2812
551
122
747
1791
2805
456
8
2685
2086
79
95
2622
152
2236
1689
593
1581
1266
966
865
365
1534
2597
2127
2067
1164
1980
399
480
737
486
2358
1751
1337
2709
2481
485
1250
2695
1729
528
746
1202
2920
432
1621
1183
589
738
1690
804
1102
576
596
2786
2536
1904
2895
2124
1321
872
2218
15
1411
619
119
1819
1596
2304
726
1533
2356
2583
1896
972
856
2669
970
2744
1340
2261
2415
710
923
2477
2370
1824
995
43
597
2865
153
1518
1234
1645
2566
22
2379
530
1997
1818
1644
2664
1600
1424
2021
909
2743
1448
871
2749
1622
493
383
946
2192
527
2170
582
2447
2779
158
2062
437
375
1186
981
1397
488
2129
240
714
2312
2426
1489
727
2837
2826
1191
2007
795
845
1886
401
1297
1657
545
1095
1648
2887
1711
2785
650
1523
2222
607
1549
2272
716
2882
2866
2491
719
2734
2493
222
1172
396
499
2811
90
423
680
97
590
2783
886
2241
622
2526
275
1015
59
2706
1865
67
1957
84
461
588
2928
928
1140
875
490
1223
1262
531
891
883
2714
1532
2687
2095
478
1200
2195
2535
1589
977
1767
543
1875
1492
616
1992
386
1050
1822
2651
2028
1173
1142
2256
2512
1624
764
569
2613
1650
1550
1560
1788
2416
2861
2023
93
1776
1830
823
487
2074
2936
64
2313
1367
1047
2487
2240
500
181
1418
2921
2323
562
1761
1452
11
2519
998
2516
2639
552
2466
409
599
686
472
2568
749
2840
2792
614
822
780
2864
2494
900
2238
2533
32
2407
1741
433
1066
341
1342
2248
1730
1101
2788
102
1952
2937
2650
2537
2258
1615
1388
1542
2168
2092
635
428
2217
2069
2674
2119
1153
773
1128
681
172
425
274
1756
2275
2514
807
1181
1417
936
636
1303
318
2930
880
234
1594
606
1161
2350
449
2051
2662
1062
1808
828
1054
1416
1942
840
1561
1211
363
320
1415
1178
2580
1922
613
2389
89
1977
403
439
1208
2646
520
140
1215
2373
120
898
243
1201
790
515
2655
1519
2625
1032
860
2449
108
1115
564
1232
841
233
2909
2565
2697
1481
296
557
124
1159
612
107
339
730
2125
2851
2123
2748
882
980
920
735
404
2545
1238
1446
1219
701
581
354
2155
722
144
2345
639
2694
634
2147
2835
177
792
1531
98
220
1738
2733
427
2122
770
1568
1911
1043
1866
334
2435
6
2475
2737
1915
2399
793
47
491
2209
647
1654
1671
2643
2631
2708
505
302
460
46
2642
137
2873
301
846
1755
1410
1485
174
1963
1451
2615
2252
2018
50
1566
2403
862
2677
291
101
2216
197
2581
537
2576
1061
1585
742
673
1256
161
1100
889
2386
1443
465
378
2076
238
1734
1494
180
75
1780
1745
2411
1894
1016
1555
1891
705
2485
1169
1616
1158
2453
402
230
1007
2158
203
57
1268
827
1299
2326
1126
797
1580
664
2629
2228
2763
374
2845
1978
2591
1816
2254
311
2360
1245
1495
1151
2531
1609
2902
417
2451
1998
2230
2274
111
24
1611
387
298
1107
2017
135
2672
2053
1525
312
2821
2183
2035
283
1557
758
655
223
1330
1349
847
1162
1743
663
813
1733
282
1921
412
2137
1508
706
2068
2090
1040
1625
2215
1462
1028
979
1019
2555
19
2521
2377
1647
155
811
2206
1749
1163
1264
533
2892
2849
53
2461
1726
1406
940
2388
329
2071
2929
651
1672
926
1537
854
1154
259
1815
513
866
1284
2332
1759
2001
459
1325
2871
2595
1056
1379
1327
1927
1732
2462
2823
1
732
1643
2832
839
2690
189
1762
2333
1009
734
492
2931
1717
2605
193
965
2083
305
2718
390
1269
502
2515
2002
1458
273
284
2774
2229
2495
1926
721
2562
2578
1255
1190
2161
1666
397
1382
159
2736
632
2579
1991
2196
907
1170
2619
2300
1180
698
2202
441
2789
999
1636
1392
1687
2703
340
2011
800
1898
2393
2572
1652
482
1286
700
687
1464
2483
877
1623
1843
2026
1688
2904
1003
1591
1372
2134
377
683
901
2710
2778
2888
145
1312
864
2084
160
910
1988
899
2544
637
2505
2838
1763
2848
644
2539
422
2772
2460
1701
1999
2571
2876
2582
943
2825
2231
322
2175
2440
1000
115
652
2688
2465
2666
239
1598
446
937
1022
2548
2022
2700
1574
474
1018
2198
724
295
1996
1082
325
1827
2607
662
1130
1899
1225
2817
1693
2349
501
2044
1954
269
776
777
1879
2374
392
2308
1331
2711
1470
1473
1270
2208
2429
831
2520
279
4
741
2400
1132
2801
2618
2257
2507
2347
105
31
2348
913
2480
1377
627
693
1087
121
114
905
18
1037
1826
1572
1247
2883
1267
2340
202
2055
2610
2442
2658
955
2564
1383
1182
2824
996
2141
1097
224
2070
2130
1775
775
1659
1962
2758
751
2842
2593
2291
959
1602
1677
1483
752
2698
2790
2367
447
92
778
2432
962
2798
1072
2897
1098
2765
1368
2626
1682
757
258
356
2508
743
1174
2293
2336
1442
248
2292
1488
1052
939
348
2497
1626
133
1109
2800
65
142
1064
1603
765
523
1960
1347
1469
373
207
343
987
560
2343
2524
1353
2652
1487
319
2436
1541
1049
2288
1228
1251
54
1870
2513
1499
1176
648
818
2577
1373
1551
361
1943
1882
708
1046
2874
1558
2431
467
2760
34
379
2242
303
1573
1127
2441
852
819
1381
494
914
2850
182
2891
1435
867
1793
1207
1017
1511
288
1640
1872
618
1198
201
1637
583
2019
2187
398
958
429
1660
1035
1883
2412
1528
2538
1076
2683
2100
416
407
895
190
982
1783
2066
169
2143
2234
2490
1160
1982
78
326
1938
2111
1024
2153
1504
953
1714
1527
848
1091
853
2404
857
1703
2590
3
2738
335
1166
1243
740
2299
2543
1758
2384
253
99
1308
1544
2099
2058
1548
1044
236
2799
2
333
2527
126
608
2322
208
1459
1908
2006
1707
1916
1220
192
2770
930
426
1695
546
1275
1288
1258
2611
787
2925
835
71
728
1853
2423
171
2648
1890
2445
62
2369
1785
110
1156
1309
85
2692
878
524
729
2113
384
2659
633
2896
1764
1631
2319
1705
1463
1376
1345
1423
2707
436
1447
2000
2757
1089
420
199
1214
2938
380
526
629
194
2637
2915
2715
522
1578
76
1638
395
1953
1902
2422
2297
1521
2193
308
2932
1189
712
2328
1139
704
638
1493
1973
257
1457
2307
77
2764
2601
292
1038
1013
2852
342
2096
2488
2118
1857
1104
1750
525
1968
39
209
1803
1526
1967
1543
1450
17
336
1426
2724
1522
781
1912
1828
2065
1765
179
2807
824
2534
519
709
165
2472
1212
1503
2149
2917
2043
442
2847
2133
1441
70
2103
1724
1869
568
1970
833
352
1909
1794
1901
173
578
281
2784
1861
1605
2184
1725
1784
38
1649
931
837
1096
2104
1719
1369
2831
2060
2857
2886
2448
2394
1291
1427
570
2093
2755
2042
1348
2167
262
1466
842
2280
1959
1334
1129
1956
1438
2267
2186
2541
2309
2841
1059
1384
1728
771
2185
2268
2178
2745
2201
1455
2405
2796
2145
1479
2927
1290
1408
1779
1088
580
696
2592
802
418
925
2791
1676
1699
1787
810
1540
1237
1026
2024
367
2628
1567
1837
541
1642
366
2594
2163
512
1697
1876
235
60
1880
1051
825
1928
112
44
1171
1760
1797
150
1709
834
760
410
2383
563
408
2671
2112
2029
2654
1338
1332
1604
1846
574
688
656
509
1893
511
761
1509
838
863
2834
2030
2264
1008
1497
2033
2809
699
2506
1655
1530
2418
1224
1071
215
186
1283
2073
1300
2327
481
2682
2246
783
1771
1149
1027
973
2828
1490
927
2660
912
803
750
1740
1192
1430
1124
156
1820
2316
130
1834
1976
2364
621
957
2131
21
1302
26
565
56
2249
2940
1812
2199
226
2560
0
753
1664
1133
881
1324
952
2207
2047
2775
2742
1984
1766
1786
187
1333
63
2907
2286
330
1935
1359
1401
1362
5
2901
2075
2430
876
763
228
1840
2586
1736
277
2237
624
81
2693
2057
198
440
794
2162
2918
1559
1193
1216
1282
2906
2294
393
1914
1486
2176
791
1906
1294
2318
879
1341
1449
266
2346
2331
49
2713
1434
888
2305
964
1439
2132
163
2802
2205
2727
967
232
143
1204
2223
2378
2385
246
694
1363
2296
665
2623
2634
252
575
2164
1683
2371
421
2496
2265
2759
731
1106
1405
2723
1752
146
2172
2769
2091
1403
691
1306
2082
1839
676
908
1147
2260
331
2138
2912
1404
2203
2781
2239
2171
2668
772
1272
2720
1774
2094
1832
1863
2893
897
2761
1422
1029
549
1020
1669
906
2277
1281
344
157
689
534
147
2588
1940
1842
1125
2424
801
2553
1715
1484
1627
2632
2719
470
382
553
2004
86
231
458
1254
2027
929
1074
1314
445
2311
1478
2804
1249
1121
2540
903
2397
1239
2342
2913
394
1662
2225
457
1167
1310
1293
1931
961
2212
2676
2128
586
1077
603
1370
1966
40
2803
514
789
1122
1491
2926
2905
2279
453
506
210
1339
1722
1351
20
1244
617
306
1582
371
1144
1529
1773
464
1218
2814
1273
2684
836
2752
2696
1068
496
2262
1136
1536
2470
1651
1148
1222
1706
475
290
360
529
127
438
1433
347
717
921
2589
942
832
1805
968
736
1436
2417
2552
1945
1873
1885
2846
868
873
324
1400
2768
118
1453
1236
178
2190
2329
2211
2039
945
25
1948
1070
782
2194
128
1796
1010
670
1116
1292
2501
1513
1085
315
1217
151
609
245
2640
2266
2080
55
566
337
1318
2235
602
814
443
504
784
1934
2489
2419
1073
503
2109
1355
2729
2352
1665
1081
1684
345
2484
843
1105
2157
2363
45
2064
932
2558
2285
1378
261
88
598
94
1900
244
1006
1057
1307
1844
1152
41
1099
2116
2454
1083
2392
759
2204
1825
630
1539
317
971
697
2939
547
104
2320
2009
1437
2049
1667
16
82
451
483
692
2732
641
2120
385
134
58
1507
2433
2776
2898
1512
411
13
579
1482
1390
1506
2401
1742
559
2273
2872
2922
1848
497
661
1985
938
293
893
1859
455
788
808
935
2413
2656
671
1713
2245
1556
2751
2686
584
2278
1374
2159
2916
1514
774
1001
1588
2368
2244
2869
974
1014
1515
2621
1800
2438
642
2935
61
1114
2638
2303
2398
2375
947
1802
2502
1094
1798
954
229
2160
2859
510
858
2522
2870
1950
1502
703
1790
1045
2177
2604
646
1425
1929
1814
2117
1748
799
1593
992
349
2232
1947
69
2038
1396
2569
2795
289
1969
355
1360
1398
821
213
1468
1366
1112
2721
431
2034
1053
798
984
2188
1285
2482
2072
299
2142
1562
2645
270
672
538
2716
911
1357
1155
1924
476
1075
2402
653
941
851
2259
1326
1343
125
2463
1925
2020
604
12
2247
1575
1813
1414
227
1252
2780
594
139
434
561
1209
605
1907
463
1858
2862
30
1955
997
1033
1570
131
2567
188
435
1971
212
1036
251
2754
2450
294
1456
1836
1811
948
1746
507
2233
1229
1103
2200
1476
2498
1712
1313
1179
2609
2334
250
2085
2875
1477
1060
276
1946
643
817
2189
466
2503
677
2330
2390
949
415
2829
1852
2523
993
2903
1617
1371
1989
2050
1205
362
1710
2271
2287
934
2337
2362
1932
684
2689
2547
1614
2339
1210
601
372
1867
1696
682
219
1723
83
805
658
1431
1138
1975
327
1823
100
2730
826
2376
2810
1838
2830
887
1768
1031
2459
2210
1737
1012
1305
1781
364
558
1545
2570
1986
280
1579
389
1240
892
1878
1472
35
679
1145
2165
1661
1806
1257
1994
268
2003
28
479
166
358
2219
2214
1833
218
313
1407
1195
2005
1951
2061
1612
2101
469
988
1554
185
1979
611
1809
332
2079
983
2881
902
918
2499
468
695
2281
286
2933
1517
1317
2627
2031
540
2820
1868
2474
1520
1862
2353
1653
2380
1354
2306
1135
2406
924
2908
267
1320
2855
572
2602
1344
328
2839
809
1315
51
1990
221
2914
2704
74
2518
550
1287
2681
249
1552
806
884
678
1500
1698
498
1409
1304
1329
933
1361
2357
1524
1475
874
2808
1004
2010
2675
1276
610
2836
1668
1311
1903
951
148
214
1474
109
573
1199
885
2827
1137
1516
1123
796
762
2532
640
1391
2924
669
1658
2550
1364
667
2934
1055
309
1048
1141
106
548
1113
2151
1810
1117
963
2702
1917
2670
72
2181
2314
1583
2473
1177
1090
1884
2528
138
132
577
1226
2013
2391
2156
1065
2179
1131
1897
80
1930
2121
2421
2008
754
768
2467
1632
471
2146
1501
2382
1194
2856
2468
68
2434
287
849
1440
1358
508
2295
200
1187
2860
278
2471
1849
2843
1871
1221
1279
785
2556
2381
1941
1498
1708
2617
1421
1233
2409
2012
711
766
1471
1981
1296
1203
1039
2599
1587
956
2361
2890
2052
2243
2794
2923
1964
585
1735
2253
830
2166
2816
555
27
1656
2614
2443
1564
2739
1673
1230
338
206
368
495
1601
1608
1380
1265
1936
2251
381
1346
66
1120
2115
591
1093
1874
2889
2325
1691
2657
756
117
1987
1253
167
1092
786
767
2227
2106
1590
297
2678
260
1739
2877
2152
1769
844
755
1889
1118
1972
587
414
1005
2174
2787
2910
2574
2880
2338
254
985
2135
1067
2679
2854
350
1681
1974
1618
191
1002
2298
1185
2458
2182
1420
1961
2750
2359
516
2746
2464
1716
413
2630
1704
1887
1845
2919
1553
1607
1278
532
1196
2777
1316
2712
1241
1445
2575
2585
1365
917
168
2087
2469
52
2105
2439
829
211
424
1855
400
1721
539
2446
1610
1079
1702
1571
1419
2561
2478
175
1280
2025
2557
1429
96
1718
1860
1227
744
2867
2653
1025
2767
1577
1030
2747
1460
733
204
1939
42
1319
1744
2815
1197
2140
1108
1686
1157
271
915
2731
1301
1402
2517
725
1817
1949
2041
1694
36
2283
2819
1995
2822
571
623
2563
2608
2037
2663
718
256
1965
473
1080
1731
1592
1261
2504
595
1271
690
1854
2427
265
815
406
87
272
1274
1412
2284
1633
1165
1923
2226
2169
2793
2717
631
2455
183
477
1782
707
452
1188
2054
978
976
1350
2624
2728
1881
149
2414
1799
820
176
247
1856
29
1629
1851
1259
626
950
37
225
2102
1393
2148
369
2282
1413
1864
1399
542
919
517
2680
2554
2620
1841
1692
2081
1663
314
1835
1231
1565
2036
2492
536
769
2691
625
649
2701
812
1892
2180
323
116
2213
2773
196
521
357
1389
2387
685
154
136
2456
184
1119
2667
216
141
1634
2324
816
991
1628
1395
2797
657
2884
739
2270
1386
1289
2097
1328
1792
2078
2366
1510
2587
1084
567
600
1831
2551
2136
2110
2661
1680
255
1111
2479
450
2255
2425
615
2603
264
896
242
2525
2756
1918
2699
1184
1444
1639
2500
922
869
1213
2396
2048
1821
2879
2016
2868
1778
554
2410
1086
1011
1829
2302
2098
916
2633
1674
1679
1168
1042
2139
2511
2351
1058
1394
1569
2289
1597
544
2806
2542
2063
23
1454
2725
1678
702
2647
1480
1801
1034
2452
2150
2530
2059
660
462
2833
2420
195
1919
960
1546
2509
430
2269
779
263
2596
1983
713
2355
129
1134
1727
1352
2741
1613
353
10
405
388
285
2014
1757
1777
2114
989
2894
1646
861
2766
2606
1295
2885
986
969
1063
2444
1804
2911
2088
2045
448
1110
14
2878
419
1685
535
1595
894
48
556
2649
2321
1920
675
1933
2616
2372
1428
170
2559
1375
2941
2726
1789
2486
2635
1630
1535
376
2173
2705
1770
2584
2428
2899
745
307
1246
2354
1432
2722
674
1143
113
1888
1206
1041
2863
241
1850
304
2598
1336
1913
1675
2600
1078
592
2437
2263
164
1461
1260
1635
2476
859
944
2290
2107
1175
659
1150
1069
1877
454
2220
2612
654
1847
7
870
2344
2735
316
9
2510
484
2573
162
2782
2673
2753
370
715
91
2046
1356
2636
2144
1248
2408
748
2197
1322
1235
2853
2341
1606
2641
2077
2546
2056
1584
1021
645
346
890
2317
310
1538
1944
2457
2191
1620
2108
1465
1993
2858
300
351
990
2301
1905
1599
1807
1619
975
2040
1263
2335
205
2813
321
1641
1795
1323
2644
217
904
391
723
1895
444
2015
2315
518
2224
359
666
2549
2762
1670
1576
850
1700
1910
2818
2221
668
1146
1720
1563
2089
620
2529
2740
2771

