256
170
1734
805
1758
1114
2863
1557
955
1830
400
137
234
658
54
584
1277
1696
1666
2476
1663
963
2007
239
2775
349
358
796
2037
1182
1568
2115
207
1738
1922
1668
1231
2725
2079
553
766
1167
616
2858
1538
798
1954
257
1181
2368
664
2004
2266
278
562
1926
1330
1165
543
1612
2165
1120
17
437
893
850
2690
1860
878
2173
1799
1742
1240
848
1867
2334
460
1651
1311
1424
2842
2669
1255
1949
318
2018
140
493
742
2132
551
2892
2731
1342
2057
1179
757
792
1643
637
1779
1490
1802
1459
1195
962
1900
2814
612
304
1501
2003
1803
1295
623
2298
2665
721
1896
2109
229
2250
1626
80
420
1370
1363
166
2507
1652
949
740
2859
2125
2091
938
2524
2313
2923
758
403
572
1416
941
2229
2438
2351
1222
986
2624
958
2107
1631
1959
1685
2158
2113
2131
989
2799
1037
815
85
1775
529
1632
843
1876
106
1575
582
810
1672
2898
165
332
407
1214
813
722
2571
1205
2466
1541
1084
1756
1971
1088
967
829
895
2641
2244
2886
208
643
1022
2900
2749
2666
1928
384
2517
428
1247
1046
2502
2323
43
2240
2087
636
100
205
2159
10
463
2312
1477
1430
1869
365
1577
646
2065
1361
1457
1680
1659
769
60
1471
847
2696
733
2836
2056
1038
2807
2067
107
1984
2723
2931
2692
2046
1332
2743
1312
2551
2647
1998
1246
487
2500
1727
2617
430
2449
2853
2495
2846
1750
1067
525
2778
858
2922
1999
2650
2515
2242
1307
1804
2780
2182
2099
668
894
1539
2431
1647
1411
2288
347
2637
1496
1709
1956
1701
183
1812
2332
2032
476
2701
2093
1343
2673
1813
2895
1024
2146
2536
1211
1934
1215
1620
321
689
2259
804
720
2558
996
768
1892
2594
2377
1155
518
2459
2331
2321
1746
58
600
1955
2883
444
2941
2559
488
2710
2655
686
586
2447
862
152
523
2185
357
581
2161
78
2766
1334
2271
2123
1455
41
2019
698
2646
2097
178
2436
2224
2608
2039
164
1740
2629
2398
2865
2638
200
924
315
218
2787
2905
1259
1173
965
993
179
2040
1662
816
1061
2394
1319
1196
1009
1380
2663
1584
2670
2621
2649
2742
988
1630
1068
1842
500
1284
90
2076
1137
2212
2262
2910
692
2292
161
2021
337
248
228
1836
2005
1124
2510
1514
67
1506
1293
1935
640
1419
1327
477
18
681
1789
771
2157
1355
2653
2133
865
149
2622
509
845
1144
453
342
1377
1007
851
2083
86
353
210
801
386
1378
84
297
2410
554
1707
776
2169
907
2024
2124
607
1857
13
1844
1878
1517
947
1676
1658
1832
2652
2730
2367
2346
1130
2059
2358
564
1230
2718
316
2651
2671
2205
578
770
2402
2354
2269
1236
359
2774
2789
399
2149
253
2424
1073
2777
953
1884
2287
2677
2414
999
2553
1176
2399
30
66
2352
194
73
1994
2711
2489
2379
1507
1903
2364
1109
2834
2186
1581
2337
1065
2068
2343
1692
2681
261
2601
1344
2322
1353
2567
2016
456
451
1599
2225
363
2207
1281
2202
459
2705
2441
1601
1359
1833
419
2712
734
2226
2896
1047
369
727
992
2359
1840
2689
814
1039
540
2906
2758
2397
2494
541
596
1708
1823
55
2407
1536
65
2251
1410
1248
1381
1239
2412
2381
1369
943
1566
1008
2917
247
2297
2000
2491
1345
2678
74
2460
1224
118
1752
747
1467
2305
2095
1474
2620
869
730
1142
2027
2455
1537
196
280
2098
171
592
2086
2396
1699
780
1657
146
2566
1873
457
1847
2362
1818
2309
620
434
772
264
2071
2925
2868
1151
1032
1297
1044
2267
1110
1185
1718
1320
925
1085
2544
468
2104
1870
1308
1977
2468
1395
302
832
109
1446
1499
1535
937
1189
516
145
355
827
2310
1159
2200
713
1703
1976
236
868
1716
1152
2075
2085
952
1014
2140
2234
2682
2870
1113
1570
2390
2148
1093
2034
93
192
292
2380
2110
830
799
153
2138
1826
1141
531
537
2885
1912
46
1168
568
743
495
87
2230
2187
1504
882
1841
1806
926
2041
485
2822
2738
2139
2587
1020
2642
319
1929
1094
2765
329
2417
2025
759
2028
2751
81
1220
555
659
1665
933
912
354
2498
872
2887
1264
119
1309
629
1820
1406
56
2913
373
441
295
1920
288
932
1250
1964
2147
1391
2314
2012
195
1522
244
1251
392
1028
1877
901
1063
2818
310
187
874
892
935
47
1702
761
773
2344
1986
1321
62
94
1982
1805
2605
1444
2585
1060
879
1208
2061
1458
1485
685
2700
1737
1329
1845
1435
413
168
8
2628
1422
1940
1252
1983
2635
2805
839
1855
1272
513
923
486
1710
388
1613
2940
1655
2563
197
2864
1731
411
1687
2715
2265
724
2877
1944
789
914
268
1600
1757
785
1948
703
148
96
151
216
1290
185
1258
1622
1475
220
2741
1633
1099
1243
545
176
2487
2504
1090
1451
708
2581
2274
806
1962
676
326
2920
299
2170
1605
1634
2257
1739
884
2299
2369
2762
2800
2254
39
2867
1025
1439
502
440
2444
1532
1520
177
2557
2726
131
368
1866
1441
1723
507
946
1571
2526
1965
112
155
2756
2561
834
1170
345
550
2111
243
40
1565
2387
314
1838
2042
2926
995
2540
2576
122
1807
1724
656
598
663
2493
1791
1635
1505
1550
1352
2541
1364
918
936
2464
1177
985
1335
1367
1296
1066
1138
2484
401
2595
2643
2122
2347
2667
1294
2714
821
1480
233
2130
1183
2475
1669
2272
6
203
2825
377
2081
920
246
135
1253
783
1607
2135
1629
1528
2532
2082
2656
2333
823
687
1762
1981
2849
1890
255
88
1257
372
1298
1413
2078
1132
1403
1072
501
338
448
312
1172
1041
496
1811
585
303
158
309
2031
2448
2716
534
2599
1670
672
978
478
2833
1012
1226
627
442
1036
1337
198
2556
1588
2253
2586
2533
1197
227
1118
475
1491
2066
427
1715
2090
559
134
2177
2080
330
1887
1989
725
1382
175
2378
1374
844
1379
221
31
1425
215
1133
2279
729
2281
1129
2911
1843
2391
514
389
2683
1587
2363
491
494
45
632
2166
396
1583
1693
1081
2033
2017
142
97
1960
379
1229
1768
1082
2659
809
527
808
2707
1466
1979
577
1608
2531
483
930
265
2753
2748
1585
2854
2425
2357
2598
1725
2569
2151
446
1136
2501
915
1001
2261
4
20
2699
1951
1034
328
1641
2121
1074
1512
911
1163
794
1057
2565
464
270
36
1357
1796
2353
2345
1219
2199
1815
1759
781
213
621
2520
1580
619
2204
404
2432
2440
1031
2889
1238
2408
484
1365
1086
2239
1862
964
2108
2933
1105
2001
346
2406
1346
37
1223
2538
139
260
2693
990
1559
156
822
61
1897
2527
2119
2058
533
954
693
1563
421
2020
2462
2648
480
1267
2092
2607
2658
1904
994
853
2015
57
2562
1310
2930
367
1858
455
605
595
2336
249
1035
2560
2810
2512
2884
981
944
961
53
443
975
2456
767
2691
519
909
670
1831
1817
7
1941
1765
837
840
1018
2073
2750
1713
1269
842
1043
1776
1606
1853
123
1027
1513
1111
750
2860
1190
1915
230
1686
917
1004
1166
2588
2782
591
1278
2450
2077
921
15
793
2709
2509
287
890
1402
1116
696
661
1930
1341
21
1763
726
23
2221
1265
1201
2602
2554
445
2626
217
1678
341
778
1348
1013
2788
812
1957
1145
2583
2030
2291
1218
49
652
1241
219
2264
2220
376
601
2582
2366
1594
1026
1488
101
75
1062
2308
25
273
481
710
859
2273
1091
1572
2676
739
1958
1263
1469
1861
2492
589
431
391
1314
1990
1283
2773
1324
186
849
852
2127
99
1436
458
2372
2473
1254
1368
1095
506
1421
1667
2639
104
1558
819
279
2881
1553
293
966
1801
1270
259
193
1519
275
2757
1427
1664
1437
1771
2760
504
1080
242
1175
1596
1486
266
2816
2668
16
2342
2802
728
1148
2794
2189
438
211
2631
2128
2155
1462
1576
1075
927
1498
791
2275
2422
2702
876
1682
1503
2096
450
2630
1010
2481
2248
1225
548
344
2835
1340
1069
1766
162
556
828
1389
1156
1121
2549
741
669
466
1714
657
2744
1671
308
116
1497
1646
1386
1795
674
1429
2470
2317
1753
2051
433
1711
648
863
1653
1637
2873
2684
2852
1154
2915
1973
2454
2465
2919
2045
2320
254
1199
277
1347
29
787
474
1313
576
306
2203
597
1991
2411
2745
1868
2035
2231
2792
1781
447
2686
362
811
1305
2721
1351
1893
1933
2660
2002
1625
133
2442
2163
1050
276
748
124
1473
1879
1610
336
2732
536
2103
1859
1567
95
432
1907
24
1350
2937
1993
764
2289
258
331
1237
2523
2722
1953
2141
1854
281
2813
1712
2150
2302
786
651
382
1302
181
2894
2729
188
1913
2430
2734
235
1638
2480
2227
1198
587
2609
120
1939
1542
2847
2809
655
2457
1432
2223
1375
2384
1985
206
991
2401
199
2535
775
2101
1438
2534
2746
1358
1016
697
2830
803
1690
2154
1656
866
2256
2619
2175
452
631
1947
2290
482
1515
2374
2845
2482
2934
2633
2260
1923
2474
899
2180
1450
2222
154
2754
1729
202
557
2421
2208
1793
1700
522
1393
417
159
1015
1273
2876
366
2106
802
1952
774
1260
2513
298
305
2153
683
1778
294
614
2144
1244
2178
2733
1602
1078
2781
900
567
415
2478
1816
1617
2909
2793
2618
209
700
841
1076
64
826
2880
1510
1720
691
873
1077
517
2740
563
2680
2904
2284
695
1470
2047
910
2791
1564
2215
711
2356
622
718
2228
919
2522
756
2008
1339
2851
35
2907
1644
2796
1276
1059
2636
2519
2100
59
2672
1448
2914
1974
2728
1543
2236
2938
738
27
2014
52
635
2300
1968
2296
2803
1442
2311
2276
212
547
2329
2584
2486
2053
2761
1119
2771
508
2546
980
1227
2477
28
169
1461
2661
2479
2819
2026
1454
317
1200
891
2156
1392
1996
378
1987
2577
1636
2808
320
2695
2564
439
1157
70
1787
1271
1719
1937
755
334
1212
2376
2786
1639
1747
1433
1390
1128
2427
1980
731
2172
2009
1131
552
880
1837
871
2304
1414
418
1153
1888
2388
132
204
2238
680
1531
2539
653
2704
1649
136
115
712
679
2623
424
1149
2856
1193
1282
1674
1562
1322
3
2611
2181
2063
1249
398
2893
2675
630
881
1530
0
167
951
1508
2134
2891
1160
2654
1174
2219
1654
2044
2657
2306
1851
1097
699
1079
922
2521
370
2405
283
1736
163
1418
1769
2573
1011
2216
1534
2720
1717
1139
535
902
838
1280
1147
1927
2790
1683
2048
1150
2318
91
68
948
913
1356
1019
426
1518
2832
489
1127
1400
2871
51
1045
905
2094
1489
232
2315
1898
2386
385
1722
360
2162
2929
2348
1328
2485
2812
1835
2640
649
2537
350
2049
1325
831
335
1275
172
2463
1316
520
1619
1684
2461
1376
2268
561
2530
1611
2137
1808
2197
2013
19
2848
1549
182
2116
2136
2698
2936
352
971
599
1786
2776
594
1233
860
542
2857
2283
1961
617
2062
2102
343
129
2211
1706
1547
2072
1115
1733
1516
2084
1911
449
108
1494
2301
1092
2552
126
371
1561
1289
2869
807
1875
5
2375
800
2403
1591
642
2528
11
76
2634
323
2350
102
2645
2472
717
250
1426
375
361
1460
1440
2514
2183
2837
63
603
583
788
1645
1552
225
970
429
861
1023
1782
704
2241
1551
1604
160
1881
1938
510
2879
1388
1748
1449
2759
2838
2218
611
1213
2713
1760
2395
2614
1945
2755
942
1704
1627
2404
2145
32
252
973
716
1288
1732
1306
1908
1698
2815
2194
2316
2120
2435
2874
2114
2365
2054
575
271
1216
1502
121
1162
1371
92
1
1285
2282
1478
1767
1886
1546
1235
1628
1134
1040
1495
231
2409
325
512
615
1556
224
2921
333
590
269
544
2129
690
1544
408
997
2419
1850
974
1975
1262
835
1675
887
1354
2328
1178
2392
2932
678
1187
1677
1595
174
2574
2615
1300
2555
1399
2117
660
1988
150
929
701
406
1728
2685
931
682
2446
2237
2
1210
2338
898
1447
889
2458
262
2662
1950
2719
784
2820
1942
1317
2529
267
1764
324
1192
647
1164
1409
2069
1401
1902
1616
1788
2428
719
1103
184
307
1232
1500
1428
2160
2437
300
1492
1158
1299
1404
797
1453
1640
1863
2196
492
405
2325
1523
2179
867
1906
982
538
818
497
1191
2349
1143
1810
2335
1797
2249
1420
665
2866
795
1468
2806
2505
1864
511
1814
1598
296
1029
2255
1586
528
1909
2389
2326
1070
960
877
2768
141
2516
1590
1822
79
702
422
1825
857
1431
82
1089
351
2167
1336
1726
904
1695
1476
2823
1326
760
1755
1809
765
2591
940
2029
1688
2382
2739
1242
2496
945
2192
1914
2423
2360
505
1871
1184
749
285
397
1593
546
1003
1785
467
2548
2568
348
1194
645
1071
340
1396
1846
2286
1660
957
569
1268
1482
2490
2022
469
394
1573
201
435
1002
2393
1648
2400
2811
2105
624
2420
98
854
1415
2708
190
574
1614
870
2488
1524
2246
1623
69
2821
226
105
1856
1967
2247
972
2604
290
1261
1096
1751
1206
2632
633
2827
650
2064
1921
1135
896
1217
1761
1744
2050
2697
639
1104
223
916
1794
77
2603
579
173
1621
2429
2627
979
26
976
1405
754
2383
746
2644
908
2280
2572
2882
2126
71
9
1798
934
1051
736
2783
2897
1122
2606
2817
1828
2525
2735
752
1360
2176
1966
313
634
2243
1963
1783
2752
573
939
380
274
1055
1304
2011
1256
44
1107
2797
2235
763
2499
1574
1917
1102
782
2795
416
715
1784
2687
2770
2831
864
1548
2112
111
2899
2717
2198
526
875
1463
356
928
1995
1042
1529
2916
1087
762
2497
465
2908
1412
751
14
515
2927
824
1101
1827
1540
2118
1780
1125
1385
571
2191
2433
2613
2679
608
732
706
2371
2593
1484
707
906
2575
1511
2370
737
1754
593
2074
983
2023
2418
1880
1918
2610
38
2143
723
613
524
580
1578
241
1509
1408
2184
1053
745
2385
143
1372
409
50
2592
402
1479
1824
1188
2277
1697
1140
2209
1387
2518
1800
2590
2875
1819
1487
1946
1274
2324
1384
2327
888
1834
473
479
286
1882
311
969
322
684
2038
238
1735
2903
602
33
1204
245
110
2924
2426
641
2188
836
272
977
387
1245
1301
714
1033
968
570
1526
2373
1545
1691
2767
1919
34
2935
2258
2901
12
1493
301
2784
1180
2878
1228
180
2263
1108
2912
2089
1048
1169
1555
1865
454
1924
588
2545
2195
1597
1839
2589
191
1464
395
625
2233
1423
2824
2171
2453
856
251
1525
1681
638
1203
675
1397
1146
1456
2469
2543
667
1790
412
2278
284
2829
2006
2570
2550
2415
558
291
1931
1005
1721
604
237
744
618
2724
846
779
1899
1589
1333
2542
2625
1186
2036
987
1749
2361
1895
138
817
2674
2210
1052
1943
1533
1582
1874
883
1569
2070
89
364
2785
1560
984
1679
885
2736
790
22
2330
560
1885
125
410
1331
1443
2511
1292
1970
147
2862
2801
1064
662
2828
189
956
1777
2888
490
2164
2850
2727
1083
825
1287
471
2703
1894
1338
539
1889
2340
2694
677
1030
1017
1972
1916
753
1978
2303
565
2939
644
1849
1383
1992
1058
1689
628
1821
1603
1207
549
383
240
103
2232
2052
1774
2798
42
2612
2055
157
282
1266
2508
1527
1202
2902
114
2843
1650
1054
1407
735
2688
610
1056
1615
1465
2600
2293
2578
1006
2451
1624
1848
1925
470
1554
393
2270
2826
1872
425
1323
566
2839
2294
1123
1434
2841
1221
1209
2769
532
1792
2840
2890
1318
2737
48
1901
2088
423
2190
414
1366
2413
2285
462
2580
1000
127
654
1234
705
694
1126
2252
950
144
390
2043
1694
1997
1743
2579
1049
2503
1279
461
2467
2201
381
606
666
498
113
2483
2174
289
2434
1770
339
626
2928
1373
2747
1483
2142
1932
2506
128
2764
2872
2596
2855
2355
2060
2844
2706
1362
1117
2445
214
897
530
2861
1472
83
472
855
1705
2471
72
130
2918
1730
1741
777
2616
2779
1286
1829
2547
1609
820
1969
521
1398
1349
609
2193
959
1883
1452
2010
2452
886
1521
1098
1852
833
2213
1661
1773
2597
2168
998
263
2319
1171
1106
903
1445
1161
1579
117
1592
1936
671
1745
499
709
1112
1303
1291
503
1642
1394
1021
222
673
1673
1905
2763
2439
2295
1315
1481
1618
688
2804
2152
1417
327
374
2341
1772
2245
2217
436
2307
2443
2339
2214
2416
1100
2772
2206
2664
1891
1910

