1887
93
715
1167
17
2339
290
2675
2130
1689
2897
961
409
2193
2532
1326
149
1984
1569
576
962
2623
452
2499
721
2659
231
2045
304
993
1769
908
1047
343
1376
2119
1991
1289
31
2706
2041
2072
2662
1627
627
1086
662
601
2126
260
2468
735
2402
2394
566
1363
374
2820
2711
600
350
2134
385
617
1227
2870
2936
1339
355
1433
1709
592
1392
49
2847
2083
2743
2242
1130
836
1138
1922
897
126
2379
1688
1181
2133
2520
2318
1596
130
727
1909
1330
2528
604
34
1933
1934
217
2832
2795
1644
598
2265
2895
1741
5
2830
482
16
2294
1530
487
37
456
1019
1306
1054
790
1055
924
1202
2587
1437
2307
515
1923
344
2190
2456
2537
747
614
530
2108
2043
1213
1542
141
1015
2534
448
980
1106
832
219
2421
2852
1269
2054
423
419
2360
2311
479
2705
1074
1014
1641
1462
1115
1311
943
1538
2562
280
650
147
915
112
966
2709
2066
1886
1969
659
1359
769
2156
860
1129
1871
1926
115
2734
1226
2271
1847
2122
2610
2527
2084
2285
62
1409
315
941
2934
681
2571
476
1378
1939
2439
412
1370
638
870
1366
338
490
518
2518
2585
1647
183
1868
2301
1958
2710
2784
853
326
2806
648
1386
2078
862
2823
2854
2020
750
2163
2093
393
1516
68
339
2498
1371
724
2002
382
493
2874
2070
1914
521
1669
459
1997
2092
2682
2274
226
2250
2368
2384
1828
599
256
305
637
763
875
2029
2124
502
2687
2702
514
1173
683
1601
466
513
2200
2017
67
1131
1503
383
204
1946
796
450
1182
2791
2858
2833
323
2849
2027
1048
1038
1438
2690
625
2386
2422
1574
2698
2209
1892
2346
899
321
1172
2260
389
224
1448
2720
1672
2356
1849
2596
2230
1345
1805
1452
645
2000
1388
1585
2592
2052
22
35
48
606
1225
1513
2263
311
831
2073
2618
171
1039
1187
538
1298
1421
1198
938
2779
2328
1573
2595
1057
268
996
1079
2933
1811
27
193
137
2295
1730
869
458
500
781
1335
4
766
2095
2201
708
541
1069
2400
848
1293
152
651
230
605
2652
1960
316
987
2117
2261
752
1135
1104
2345
2665
1552
585
1595
1201
75
1838
1650
1823
1898
2577
2606
1747
2507
286
208
477
1723
2843
267
1954
2512
2099
2655
2617
2523
1994
329
38
917
1665
1343
820
287
2278
2243
1413
2917
1762
250
2726
1494
53
1715
1081
241
806
1427
998
2065
1428
2238
2079
2374
1870
2453
546
2172
583
1735
2107
2731
918
239
949
2349
1948
739
1974
2040
1559
640
827
1691
1861
151
1121
184
951
1406
2857
1368
2086
1920
1242
2633
2007
1675
61
635
1796
174
2939
2625
1342
2232
358
2071
984
1701
1272
2829
1150
2431
2074
2218
1631
417
2254
2398
1430
2584
2441
1495
1638
841
220
2245
2268
1210
330
1852
125
1866
528
813
465
2602
441
1767
1156
45
2509
1344
1890
733
2197
1203
1662
1819
91
436
1122
159
2053
1261
2714
489
1469
266
2632
2609
1108
620
1682
2302
2460
100
2344
2801
2907
2063
2583
44
1145
11
2876
2325
590
667
1322
798
995
710
1214
1098
2240
1374
2440
1578
1692
2914
299
2355
362
169
293
1008
2597
1703
1634
1554
2525
2752
1445
123
1584
2842
1734
673
2889
2399
28
2420
7
2553
1347
1467
805
1117
912
2216
1506
2401
2925
976
372
1699
1802
2136
1350
880
99
2236
1340
994
1642
2246
2378
1444
810
642
1546
743
1390
218
335
1140
2511
858
2208
333
2418
25
310
1316
325
2012
902
2911
1180
2896
1379
203
2306
2132
455
697
1760
1443
1571
2449
565
1060
760
868
1629
1950
2631
284
2120
29
1053
2813
116
686
2062
23
1653
2336
1841
2223
2244
963
2317
1999
1655
2167
1658
2140
2651
2253
2808
337
2118
2614
2377
830
1648
660
2415
789
1279
926
1524
1587
886
2212
2768
2556
873
1185
2575
236
2381
1614
1882
2031
594
1365
163
2289
261
1177
2373
92
1136
1274
1732
197
1333
2426
2916
64
587
140
843
1477
80
2266
2104
54
596
1356
2670
145
767
1539
46
1563
792
2880
1639
2739
2875
550
764
2177
2804
1929
84
1971
1570
373
1244
1912
782
2112
1418
1716
505
2749
1458
1028
2009
1754
2011
1712
2139
1258
2283
1280
2816
269
135
1218
520
1318
527
955
114
1002
653
1628
2927
2691
324
2433
1475
2901
2137
2145
1522
1247
1664
1833
2097
1590
807
929
2586
689
2563
1722
580
2551
2539
1787
2352
153
65
1286
2367
703
363
1528
687
1041
2828
2883
692
2446
407
1184
2650
359
511
1267
969
914
892
1863
1733
399
953
965
2594
1208
1536
1790
499
2593
992
1190
968
1224
1510
1236
1924
387
771
59
2834
283
1808
1436
1558
2628
2287
2425
1013
1188
900
1876
2547
384
1166
2171
1152
2689
2580
1803
2249
2725
2667
2649
2447
189
2802
2809
1067
317
1001
1324
2187
1881
1481
921
397
1085
2851
1302
2603
249
2149
106
1757
755
572
1354
864
2548
2159
2748
445
567
749
1928
1480
2369
564
795
1599
701
685
2872
2478
1621
1456
1788
1393
322
33
959
1151
1005
2639
1872
1155
157
1389
1935
2664
716
1040
1752
2753
549
1243
2165
2298
1824
531
1697
2262
624
1453
1616
1694
1768
1856
578
2700
2657
983
2613
2454
2256
1221
2168
950
2923
2044
56
2824
1812
680
2493
2673
1884
1825
1485
2161
815
670
2751
2215
2188
1082
369
1323
552
1139
2797
2836
669
2042
2321
2229
1310
1521
2026
2467
143
57
2904
539
1395
879
1667
1685
1561
2035
1161
2531
1724
2805
158
341
1765
2881
334
1728
406
2510
547
291
347
922
2272
2776
2
2490
20
786
2184
1109
1795
1671
1608
78
328
376
221
656
856
2615
248
86
478
1259
981
1482
2543
2641
1636
1964
1021
1523
2186
1305
309
234
176
702
2909
1906
1937
1034
1848
2864
1295
1103
1625
51
2050
2234
2195
857
207
2922
2231
2039
593
1986
2845
1710
1568
1056
2862
1633
809
404
837
2915
942
2772
1936
890
2371
2342
1029
2815
2774
1908
2013
1663
1966
2076
129
937
2913
2789
2164
1772
1927
2214
1401
381
1010
2414
497
2102
904
626
1253
2059
494
1372
1373
535
1321
1956
1624
2432
774
2477
1949
1500
449
1144
2487
2524
1818
2811
957
1589
1943
430
170
2931
146
1026
192
2803
2865
1454
740
1189
1165
2058
202
690
1645
1858
2671
1894
1464
1431
307
1941
1640
180
185
1461
2629
1917
1094
1204
2645
1945
2173
292
2713
1598
851
2627
1826
537
883
1463
2826
761
486
1265
1707
1287
1420
1773
895
551
533
990
495
808
2030
1726
1134
1012
2085
991
677
1127
553
1239
1334
738
1100
1364
2475
2877
1575
2866
730
1690
2376
1763
1779
2722
1291
1478
1913
978
2540
2638
2564
2393
483
1995
1548
413
1025
1504
573
1869
516
720
2222
2758
2299
946
2383
1985
1877
2796
818
2206
2611
1566
348
2567
960
1591
816
1068
545
1271
1651
1107
1191
453
2770
209
79
1160
40
1076
1361
2144
1520
882
817
102
757
2284
1502
2646
1816
1036
1237
298
1023
26
1580
1891
1124
2573
12
2114
2252
2489
366
191
2496
252
845
2683
2313
2576
2775
2319
438
117
354
1240
136
2663
2155
1133
15
2817
378
713
658
488
2309
1099
803
190
194
2517
1075
1078
2715
2413
2800
2210
2788
931
2406
1050
824
457
1312
2653
251
2034
81
2455
2831
1761
2538
560
2323
1332
160
2482
534
2088
85
2604
2692
641
616
699
2767
2888
165
501
2508
675
1474
426
2879
199
446
1955
1004
1196
1670
103
2334
2438
2591
1441
621
676
2463
179
2756
2127
1729
6
2183
2276
2181
1718
1666
2461
1702
388
1111
1142
2411
2859
1602
1337
714
0
2861
2578
707
2408
1168
1594
1725
1918
652
1919
2330
861
1895
1197
377
1020
608
555
1425
1035
2038
971
198
1498
1007
1297
264
1319
2405
2082
303
512
2688
2430
2300
1517
1447
1346
639
2552
2574
468
885
1782
89
2761
2340
2598
1714
1791
2282
1700
2458
927
1195
2535
1266
1233
1137
2762
871
2380
1325
1801
800
919
371
1806
1820
1351
748
2332
2392
700
1973
2790
2220
1245
1246
1411
2180
1457
2192
1394
619
1215
1582
421
2891
1766
97
1090
1070
259
1839
1556
726
1491
1827
88
793
684
461
510
2729
272
237
935
2179
2668
2600
2006
844
491
386
2666
2142
273
1853
2920
1329
433
1367
823
1066
1957
2227
2372
768
1238
657
1683
150
1736
2269
2661
751
122
212
2873
50
2358
2382
1230
2465
235
1705
1680
1944
2251
2100
2730
571
542
569
2569
785
2549
1744
1220
2162
2275
1846
1248
1016
1065
1875
772
1751
1157
484
2207
2679
1527
2798
2470
1606
1465
222
1695
1095
1543
788
2935
2037
1831
19
1549
1223
2416
791
758
1980
360
661
2745
2840
1529
262
2566
1382
41
2783
36
2141
274
1720
2410
2239
101
172
238
1815
1686
94
1369
392
2898
2736
142
2853
2158
2684
2241
161
1649
297
2676
2621
225
1174
2678
2825
1547
2292
666
1501
2794
2550
364
110
201
1961
852
1910
556
394
357
819
1540
2388
1899
696
2474
1336
2091
1996
2867
1080
1449
2312
2341
2247
356
2660
799
454
989
2101
835
1810
2605
1416
582
1545
1216
2685
2807
855
1435
2521
2224
1476
544
1051
2281
2693
104
215
543
1304
42
2296
2182
718
2427
2924
563
2257
2221
967
1273
1264
874
70
2500
2452
1592
526
1391
2701
2529
1855
278
1049
2616
71
1058
2712
2637
2542
2741
2286
1228
2121
964
557
524
711
124
98
2314
1794
2450
196
1674
2491
1209
2608
2280
1509
318
1119
975
1262
119
775
1199
173
462
1711
2068
2488
2115
1998
1519
884
2900
2792
2882
1990
1383
1615
1414
1739
398
1505
2878
120
1965
1255
2658
1535
1850
2485
416
630
847
2476
2522
939
1170
2014
1113
263
854
213
1473
1175
1402
1217
66
154
1975
2069
618
1158
863
850
1681
1206
558
2885
1006
1843
353
1867
591
2837
829
913
2160
540
1176
2436
753
1285
243
988
802
1951
1776
1880
439
1771
18
8
2526
881
2135
411
2590
655
1030
2515
1426
1303
1874
95
2694
717
1084
925
1147
1983
1472
469
548
584
694
2363
1276
1249
1470
1256
2375
2724
182
2868
233
2466
2921
1583
73
2778
779
1832
2435
2279
2273
1972
422
1676
2370
1
289
1857
1143
631
1288
2457
1508
682
2919
1798
1153
878
1205
2699
2464
2385
437
2799
647
1967
1296
2793
2077
2654
2178
2327
320
1758
2061
1320
2848
1799
200
1654
1970
1713
2707
1953
1746
1357
2024
2048
1905
1783
911
958
872
1018
2131
2757
1222
974
1604
2759
2486
188
2067
728
2337
1091
725
1257
2818
168
2462
2533
1897
1879
668
375
1419
678
522
734
1234
1959
2902
705
2559
2397
1178
258
2437
1032
2781
1632
603
2884
2480
1349
1784
1607
1399
1635
1309
629
1290
577
2495
891
2064
2359
901
532
1932
838
471
2568
2695
127
509
1989
866
2109
214
1775
842
1854
1797
1102
2863
349
2607
525
896
285
32
1009
1292
434
2021
2429
1254
1250
644
1125
1110
1809
2703
826
1544
2361
2304
1270
2570
1460
1904
1496
2225
1719
1283
138
294
1531
693
2424
1534
1900
2740
346
2387
2704
1988
1759
765
300
2941
2918
282
2333
2733
242
431
2735
1564
1348
1921
1786
1073
2519
1721
1597
2198
2513
1804
2588
607
1331
121
1862
1284
87
2015
732
1455
1003
1045
186
1873
2297
1116
561
312
361
2827
579
2930
759
313
2846
1507
1407
2080
1851
2503
2176
671
1780
646
255
1512
2554
1789
1422
2560
2326
1807
2003
1708
1533
2738
21
113
2434
414
2389
649
1149
1450
1814
997
1275
1888
1232
1022
2899
1194
447
2143
1623
481
2839
2696
1064
797
60
2106
83
2648
1024
1439
2226
164
1314
2672
1468
1977
2203
1315
663
270
232
729
2028
2677
1836
930
1687
1706
2760
271
1282
2010
770
1557
1693
1211
247
2023
2019
74
1059
2750
2620
589
2708
1532
2536
977
1673
2205
2643
623
611
55
1488
306
2096
2572
1483
2850
2089
1487
1044
1844
2471
265
276
1749
155
507
783
443
1553
2483
2004
562
1515
731
898
2541
1277
2403
2116
1118
451
39
1440
2644
2267
1415
903
801
1268
2233
2211
1837
1423
1263
1112
3
13
1479
470
2601
2838
1859
867
2347
2565
2150
2754
2721
473
1562
2634
2785
1610
332
1017
139
1087
1397
2472
288
1993
2579
302
2769
195
1207
1362
979
986
1308
776
947
794
674
1940
2235
2856
2557
575
1384
737
636
2697
2835
2926
932
43
2635
1565
2558
745
970
2008
1077
877
973
2316
822
108
2545
2492
1753
2497
691
1612
2305
2860
910
1405
1630
1903
111
1299
2938
2484
2049
2348
368
308
2331
2642
2151
1434
2630
746
928
905
1499
588
2417
1551
722
1755
2366
1793
1186
319
2189
825
672
840
2428
2786
467
1451
1163
828
2624
2929
1046
1492
295
1200
244
2773
2138
2505
1696
2855
463
1889
612
695
762
1979
1834
2814
609
134
1657
2871
954
2780
175
2892
773
2669
2443
2910
2419
47
144
2055
1821
706
688
2732
246
1902
132
1963
2170
1398
227
2075
1742
1656
570
1141
1043
664
1089
2196
211
849
2365
2821
128
1429
894
568
2582
1252
351
1101
2763
464
2005
2111
1541
2928
24
2822
2016
698
2270
1446
780
982
597
1737
2113
833
719
352
1042
1777
2719
2544
1952
1123
2258
1484
206
440
2315
1033
1375
2291
610
2561
632
503
2782
804
2335
2810
1511
2656
704
2516
277
2906
1572
1605
167
834
420
90
1659
472
1619
2148
474
63
1911
1358
1408
105
1313
1745
846
1497
529
2103
536
754
1432
744
96
1931
2444
166
2932
1901
945
2844
444
2098
2303
2128
1626
1579
2153
1860
2110
2412
240
2018
1278
1609
403
1105
1027
2755
1774
1740
1360
2395
107
1679
1727
1717
2154
916
1677
1417
2338
2636
923
1756
2290
2546
2886
2680
418
72
2060
1981
1770
814
2329
82
1864
2090
865
2479
665
615
1750
2175
2589
1400
1061
1387
523
2213
410
1698
2354
2147
1301
1778
148
972
1355
1555
77
2293
787
1092
1646
1093
628
2647
1011
2194
1684
2407
2514
893
2105
2259
839
296
2022
1968
210
2202
2409
1893
1581
379
784
2277
253
1987
2087
1567
400
2255
2530
2619
1063
742
1471
1126
1381
10
492
2555
2777
340
1748
985
2459
1822
1377
2742
2501
1885
1611
405
2322
1603
76
1424
257
1154
402
336
1577
1883
1942
1341
2219
2390
2765
1403
508
1800
1526
1380
907
118
554
2841
2350
2869
1992
1031
1294
1618
2893
1260
1072
2905
1193
1317
9
342
435
2502
2812
1229
2764
408
205
2264
1493
654
1159
181
1525
1593
177
1613
1830
1404
909
643
498
876
2191
391
1442
920
1907
2716
1586
1930
133
1192
777
2674
1652
109
1396
2351
934
709
331
559
2396
2123
517
1842
1300
1537
2357
1938
1878
1083
2612
936
390
2391
1785
2217
595
2248
432
1132
1661
811
2228
1114
2036
1327
1183
736
2448
2288
2185
1637
1062
2047
496
2686
1071
2737
427
1235
314
1600
1916
2681
1514
586
1813
1338
1840
1704
756
948
1817
1052
2129
622
1219
1620
1486
821
1576
1915
1489
2717
380
944
2166
1410
2727
2746
2404
1982
2766
1792
178
162
778
228
2343
2051
2364
2728
1088
2626
2204
187
2887
1353
2169
245
1660
1550
1328
1097
1037
1896
2771
52
2081
1490
1096
1588
395
519
888
2787
723
415
428
1962
1781
1668
1459
1947
1120
442
425
2442
1731
2353
712
216
475
1231
156
396
281
1764
301
940
2445
506
2494
1169
275
504
1643
2481
1179
887
2894
2723
1678
812
1865
581
952
741
2001
30
2310
2237
58
2033
933
460
2451
2057
2152
2025
1352
2308
1128
1466
131
365
2157
254
429
1212
2908
1307
1148
2718
2320
367
370
1518
859
2506
2473
1560
2912
602
1845
2032
480
1146
2362
1281
2581
2174
2903
2640
2094
2744
279
2469
1385
956
2940
2937
574
229
2423
1978
2599
679
889
424
345
633
1622
613
1000
1925
1171
2890
1743
1241
1164
2747
1617
327
2046
2146
1835
2504
2819
2622
2056
2125
2324
1976
485
14
1738
223
906
634
1829
1162
2199
999
401
1412
69
1251

