1231
222
1022
1951
800
651
2470
608
1484
2311
425
2504
1501
1098
1949
1640
1113
668
1373
2885
366
918
712
647
1449
855
910
573
465
2197
73
220
2033
2808
2485
1314
2829
2496
834
2162
1686
1688
1654
142
58
2122
2830
324
2862
2328
1212
2894
710
1181
1259
1788
1220
1388
766
2616
1915
1108
2389
207
203
501
2371
1818
382
1659
1630
436
1505
2495
1685
2342
1805
2454
2112
595
2189
1643
427
1607
2737
2556
1023
1706
1698
1494
289
782
1028
1742
2745
2012
356
656
2285
1432
726
2115
2341
1219
622
1491
351
906
1985
2334
422
2582
1486
1761
605
2587
2124
642
126
1639
1860
2479
406
2626
1252
89
2096
814
790
2665
1482
2490
2423
2467
539
1783
2015
753
2813
941
2714
2263
1416
1960
2212
1862
854
288
2305
1265
383
830
2147
2629
974
1183
1171
2331
1571
2569
2555
1331
1529
2887
37
935
231
1137
2307
2589
777
2107
2437
1651
196
1058
982
2168
51
1540
992
2518
2145
1922
1702
2870
1006
1598
696
1088
644
1209
431
2367
19
1239
2859
2001
2850
330
626
757
1044
2739
912
813
1879
1757
2360
34
1263
2666
665
1087
500
1101
1019
2882
2384
1936
1341
2642
2888
1605
2178
2650
2723
2614
2684
242
139
1748
930
2658
2630
525
178
2596
2903
1202
811
2607
2452
1020
1515
1619
511
1306
49
1206
841
865
1203
1377
2180
1334
1776
606
5
554
2873
1970
2932
2641
2686
266
443
1516
2357
1899
273
1795
1009
80
2091
1636
2248
1092
575
920
590
1007
2444
2232
480
407
1380
270
692
326
1097
2603
2333
35
2657
808
277
9
530
1691
892
917
310
393
1443
2131
979
1404
2883
2608
1106
1623
1336
1662
2780
2058
1349
552
2174
774
566
408
1447
1844
493
1072
520
1882
1652
1315
1893
2035
1122
2647
459
424
886
1864
2900
890
2670
894
1892
689
1249
313
1848
1389
2825
2846
1207
2594
891
147
2527
208
537
122
1926
2332
1070
377
700
2635
2254
2265
548
2426
179
2806
2281
1733
48
557
2054
1511
611
1138
1455
1437
1290
2110
2637
1010
320
2627
2576
1480
1916
1236
972
1663
2299
2215
713
1674
1435
1849
2093
842
474
2690
1234
577
1668
1604
528
2176
1582
1142
2380
209
1291
202
1596
928
1481
697
1672
1506
2132
2552
2765
2244
888
2236
2324
100
2282
1575
1055
2733
978
2005
1204
1281
2750
1473
2916
1972
1000
92
2566
2867
445
1417
1597
775
1615
1363
2013
27
2659
1335
271
2298
2003
2468
1102
2796
2707
2458
1362
1188
211
1913
2586
285
1051
594
739
2711
719
2654
2486
831
2130
1438
2732
743
246
2672
2089
2891
2016
2751
1979
2633
543
412
2537
185
47
224
1214
1385
274
1180
927
821
1822
2385
1832
1061
2234
983
2286
1988
16
2548
1736
1650
226
2759
268
1863
701
2782
1073
1768
995
788
172
1681
1948
1052
1697
1878
2676
1918
1186
1563
2383
1296
1458
440
938
2788
1728
402
2014
1457
1858
1826
1029
1959
2648
1240
2804
1947
2858
1283
872
1105
2668
1547
1885
40
1977
2640
121
432
1708
1232
956
1537
732
1932
1223
42
370
1502
1462
1477
129
2097
99
83
282
1048
2051
576
2006
1227
2588
2838
1043
43
2583
1883
400
2475
2597
437
565
2446
13
667
2593
1264
150
180
1322
2165
2169
1906
1245
451
1699
1497
1533
2200
797
2032
343
258
2226
740
2922
2433
2874
990
1764
346
2028
1976
2889
1925
290
2400
1103
2405
2267
1308
1871
1961
2532
1034
2370
2925
1211
1904
567
2561
902
2355
298
1649
2100
2643
2235
2575
2084
177
734
1671
1258
98
1332
2767
1694
1129
1074
354
240
2786
1132
663
1905
1467
1012
32
1644
699
929
2736
2459
2766
21
1405
900
945
1723
1957
670
2256
2167
780
71
649
786
962
1156
2152
2087
2451
1711
473
2677
2369
2190
2021
2651
2778
802
2743
1851
2644
2735
362
2419
2029
646
299
1158
2799
353
1406
2090
1648
1647
1544
715
306
59
195
2233
559
1401
2792
2192
868
2543
1297
829
2260
1047
1026
2781
1869
1850
703
2004
1277
251
2223
269
1870
1452
1779
1369
1762
2009
1041
2440
392
803
1082
1854
1943
1933
375
1064
2155
849
997
1004
2339
244
986
2204
1213
1390
1787
216
2741
1148
686
183
1517
2412
105
783
545
468
1218
91
2899
2721
416
515
435
74
968
1956
2390
2793
2726
1089
2
2297
1303
1903
1402
2142
1499
2415
236
787
2511
2304
2401
1109
2210
716
966
1759
1749
1434
1556
650
1445
1021
78
1770
955
1938
1978
2243
737
564
2436
1230
1276
678
1179
1819
2484
52
2513
1897
2675
2179
249
2410
175
397
8
2710
394
1917
2043
1824
754
2755
2102
1374
1562
768
621
2878
2523
1400
2125
2789
1724
2777
1684
2545
2756
417
2849
832
2909
414
1873
2088
1080
1600
916
2615
984
1328
1982
367
1703
2397
1143
946
1665
637
292
1086
2356
2606
695
2106
884
2081
661
2498
1184
827
2219
2157
823
165
1368
2064
257
639
189
174
1929
2171
793
2040
1660
2427
2688
2448
286
1676
442
2520
294
64
1483
2464
369
2463
836
2791
56
691
2080
2258
1530
312
66
574
188
1585
2198
1852
1175
1939
2279
25
2060
2140
583
2623
735
2465
1081
1112
2509
157
2488
1316
2934
487
547
593
839
1093
601
812
1566
2558
221
1726
1095
1201
1347
521
1995
2041
135
2725
2692
2938
2590
526
2729
1267
1524
1469
76
729
86
2785
1300
193
462
1425
1247
88
2890
2329
155
1856
683
2866
2880
2344
2824
449
1059
2026
1765
2704
2832
2748
15
556
994
62
2538
617
1075
1330
2229
2501
26
1827
2833
1731
1846
11
885
722
2191
368
2494
705
342
1984
791
303
191
2602
580
540
1226
1185
2483
1560
1958
484
464
933
669
323
2752
2920
1071
1836
1771
138
562
334
512
1519
2134
1618
727
2450
1572
2375
215
1466
2398
671
470
118
1526
1311
2253
747
1035
1955
97
1504
2010
332
2240
516
2546
256
2382
2618
235
1229
1890
401
819
229
534
1225
762
1971
2639
373
77
337
745
2564
1831
230
2238
1370
724
1329
1147
355
1538
764
538
1333
1039
2083
681
418
441
2027
610
1717
1751
1083
770
1250
2441
496
587
2118
542
1279
2320
154
104
143
2351
1446
759
1141
870
2038
1301
1866
2805
2525
741
550
1165
1441
1696
1927
131
302
388
806
749
1931
730
1539
2072
1114
2906
1889
2461
444
2349
2702
1616
1782
1513
1772
2712
2062
2230
1472
2828
1634
173
936
2163
1067
1645
738
245
2103
1877
1804
645
2274
2863
2685
2196
85
967
2221
2063
2508
160
1894
658
1617
2516
1550
1485
1821
2069
2068
1590
2515
2053
2809
304
2378
616
2506
985
2266
2744
1149
498
1463
1325
2868
2927
1286
2554
309
488
376
1192
1170
508
1419
769
1424
1816
2822
1888
151
23
2758
2008
2631
2493
897
1409
618
549
2268
482
2300
1791
1838
2078
1734
1199
1288
153
1773
2760
1376
673
2148
1395
2319
2933
666
977
2939
1579
746
2379
420
364
879
682
1253
1254
1745
1120
1353
1737
2679
55
1344
491
2834
1488
1386
93
664
1525
2065
2763
1104
2025
333
2348
1205
883
2392
2861
2638
2898
1568
1270
389
2250
2017
2696
1580
1522
527
1937
1384
1359
1049
2218
2930
1793
880
205
2403
2872
1381
544
1182
2524
631
255
2381
2317
1282
1682
2557
591
1975
187
2541
2290
840
293
119
318
1532
2460
390
1366
1173
2414
2407
1399
2075
2261
1262
1077
1011
878
1766
2376
1496
53
120
860
113
1693
2421
2754
2795
748
2359
2701
514
2137
638
395
2073
2505
423
361
2656
1163
1625
1001
1017
1100
693
2034
659
483
563
1968
319
1244
339
2386
36
371
1128
822
1454
162
1042
2720
469
2049
653
856
1574
2186
1857
975
2761
2085
90
2904
2669
2896
914
2823
1318
1884
2731
718
2241
954
426
1169
1152
2697
578
887
1268
784
145
2544
252
1561
136
2321
2611
2432
2845
1716
2456
1994
2257
1843
2133
1172
2449
2775
970
344
1769
2292
1468
2551
1998
2919
1781
415
1678
1397
1418
1718
1005
1345
1743
2476
1478
2042
750
1243
1403
2399
1633
536
1555
2694
2539
755
2170
2937
307
1154
399
599
1273
630
2325
976
676
433
1013
679
1178
65
959
2740
2374
2769
1875
2418
1881
1354
1799
163
2929
1845
457
1775
1945
1581
2095
2372
2869
2424
1508
2926
2706
1024
1298
2442
321
2288
2674
2061
2831
2774
771
505
2840
2719
2705
1135
2703
1689
2135
1421
2865
2123
1802
579
1923
1587
1801
1965
1167
932
341
2308
1387
1155
504
641
1620
919
1453
2209
1828
1117
125
934
2936
875
81
652
733
2264
1056
1412
1350
2187
655
2591
2749
95
1177
466
2141
237
1750
2553
799
2772
889
2902
989
1031
1123
2425
1002
2435
1735
2070
198
328
1357
380
953
338
2350
1565
127
194
1337
846
1471
276
1612
317
1859
1910
2182
2098
2835
1557
1680
2800
752
1999
1653
2636
2502
1973
1145
2693
2876
2879
1536
329
804
38
1348
519
2111
571
1187
1054
1701
335
275
1521
1396
214
360
1719
2715
874
2802
1431
523
2918
1343
2391
481
2613
1375
1621
2762
228
2601
2753
2871
677
1798
1352
1758
184
2139
3
2857
134
2150
2844
2291
1901
613
2287
1144
2742
348
2362
2628
1166
2347
1714
1465
479
731
2477
866
1293
2662
455
1191
2294
2293
1756
963
850
2810
1553
1974
2242
2283
170
844
1887
1030
1174
477
1569
1351
1444
2079
1134
1867
2913
2295
2031
1720
1807
1063
609
2941
1460
1367
939
2893
87
2474
458
2387
2000
1430
2671
1895
253
2940
2252
2510
250
169
1053
2649
2912
2352
602
331
1493
2875
485
1707
1631
33
1261
2457
2318
2652
2892
1489
57
340
1817
863
254
1289
1107
531
1299
915
1057
387
2612
761
2757
1164
316
690
2273
510
2609
1260
1778
2220
589
2326
2621
893
2094
2156
1146
662
1069
2312
2571
848
2246
1037
1426
1241
2585
1763
1066
2579
1436
794
1327
296
1930
2595
765
2024
2914
961
50
1664
558
1414
2469
1545
1673
327
2296
620
2908
2105
2138
158
1991
2700
1126
1835
421
2568
164
1313
2776
301
1018
2136
1622
2559
1309
2718
1919
2302
1700
2036
227
2764
2801
1398
1310
772
2315
2837
1215
2129
728
2683
2194
2121
1837
2396
2039
156
2491
624
2086
944
513
1189
795
940
2082
2663
1661
260
2113
2817
1509
767
1880
1242
1594
921
694
1934
2109
372
1993
1602
2120
1378
2177
495
2343
248
1217
391
1687
600
2691
2836
486
1898
1646
2619
2886
166
1342
1577
430
200
2540
1690
1312
1479
773
1721
1200
1578
1280
1815
2364
948
1221
2848
2327
2816
2338
1554
1305
1823
1595
144
1124
182
2127
999
345
596
2195
1391
1510
899
1534
31
137
2270
1790
937
502
998
2910
132
2077
709
2664
2851
2478
2528
2018
1583
869
106
810
2935
1364
509
2173
1121
2471
864
922
809
2251
1371
592
1060
2466
281
2019
123
1853
1157
1151
674
614
472
1876
2417
876
2592
1767
2911
2289
2047
1228
2222
0
861
776
1941
1794
1953
2119
2202
2143
1983
2815
1326
687
2045
1713
2128
2365
2784
643
1752
1407
517
801
2699
2337
2884
1829
168
1382
2066
1222
1548
2309
2605
439
1320
1830
588
478
522
111
381
2783
2413
2717
167
987
1705
2507
1450
2632
1448
1855
2472
22
1133
1834
398
1810
79
828
287
2530
2803
2239
1820
413
12
1062
603
2277
2839
2164
1008
2533
2126
1442
1190
204
386
1940
2280
634
1503
2175
2023
467
2843
2503
1946
1872
1996
2275
2500
1675
124
1125
2655
1372
2361
2052
1038
352
807
2747
2205
1584
1118
1440
1025
349
585
2158
2673
2199
1528
2667
2422
267
1475
672
2580
1627
284
2388
2445
305
101
1358
140
2482
1629
30
1963
825
18
1559
116
67
2408
1567
796
1274
1420
1099
2577
2434
212
1800
358
494
2698
1833
232
2497
1601
263
2353
2184
2855
2203
2547
1729
1907
1928
146
1608
1464
680
1084
2734
2653
2161
636
350
1520
635
1393
957
570
2395
374
130
41
1603
280
2798
2214
1552
1346
2604
725
2227
924
2678
951
2549
1780
363
447
2526
824
218
568
2570
2430
1796
2301
2394
1909
1642
1670
347
763
1980
1942
68
1194
1655
152
1269
2617
1747
2431
1323
2847
149
278
1294
2146
1570
685
1840
128
1842
1677
1271
1710
72
1068
365
141
453
965
1981
2007
615
243
1111
852
981
2188
926
1989
529
1237
1507
2819
1886
54
2059
1841
2269
2262
518
2314
2462
82
2581
1131
1498
1900
1512
314
2116
1792
1865
1613
233
1657
818
1476
1666
2514
1168
2522
2812
2420
148
1638
190
627
14
1197
660
815
1914
2153
1808
1255
2193
2905
2768
1669
1786
993
7
1543
2166
1738
2915
1045
1198
279
851
1896
1115
2037
1610
75
46
2346
704
1474
969
1997
723
1272
744
2323
805
1383
2680
2856
2151
2572
2201
2149
838
379
1715
2730
1514
409
1760
1741
2881
2771
1408
2002
1208
2255
2443
648
2231
295
2076
1692
2921
1423
1210
1439
2284
1379
1324
553
2689
2821
2067
1338
1527
943
867
2313
1076
2709
2542
1847
1340
1456
546
2183
1789
357
1411
1127
117
1803
2746
2225
2923
1518
385
597
297
904
1908
1355
171
1551
2578
1233
2306
2247
2854
2206
2897
1040
1153
96
1266
2928
4
1704
560
217
1746
475
2368
1085
1130
2340
2363
2826
265
108
1920
2550
2560
2213
816
463
1614
2345
1679
2104
2770
2011
1433
837
1285
192
684
853
2814
1365
2316
1891
2917
1032
1558
503
1609
2181
909
960
572
1626
161
1429
1394
1628
882
2521
448
110
109
2354
69
1962
461
1003
2046
2377
2416
219
1033
2807
133
2567
835
2716
2790
2682
2724
1162
1027
1967
1531
833
2646
1050
931
2773
1238
789
6
1116
2531
2144
1500
2154
1036
1990
2624
2661
1986
1451
359
20
1321
2228
1492
604
569
507
1814
640
325
2924
1573
2217
2931
1257
1224
419
2842
1753
2402
2216
2055
1015
792
1160
1307
2172
378
2207
708
2159
2492
949
1046
598
2429
826
2447
1591
2276
857
2797
2303
2373
1078
63
1695
438
2208
454
2877
1658
1812
2534
2841
2634
533
2453
1593
1921
456
1813
1954
322
2600
94
2610
1611
952
2439
2336
2487
2428
996
1246
964
428
1139
1969
1874
820
2827
2687
1725
2404
2108
176
973
213
10
283
1732
843
2517
311
1709
623
714
1428
907
756
2393
1964
2160
1278
1656
1014
2598
411
429
2499
721
779
908
1459
1950
1216
1730
2820
1304
1861
492
2860
186
206
2099
758
1275
2211
760
707
845
1632
1576
654
2738
238
625
628
300
607
2574
720
241
1487
1592
410
2237
1740
452
781
308
1944
1176
247
2278
541
102
1410
259
103
490
1096
17
2853
1193
903
2101
460
1523
923
1825
925
1284
633
942
877
2409
1785
1339
2708
2114
1248
2048
1422
1079
61
2727
1292
1256
450
1110
1490
1784
2681
2907
28
497
2271
1161
2310
1091
2406
24
2864
742
2722
272
2480
2411
2512
911
2117
2565
632
396
489
2620
2811
532
1935
2852
2536
657
1754
1495
115
39
1287
1427
581
2622
2818
159
905
239
1119
403
698
471
2779
1606
881
971
2022
862
70
1839
181
751
2625
2562
2366
107
1356
1992
1319
264
2573
1806
858
711
1136
1549
84
1924
2322
619
702
785
1140
1912
706
197
2245
1195
1755
1090
584
2901
2787
873
2660
434
1797
1
895
612
112
1809
1564
1094
988
336
901
991
958
44
586
1150
1683
2695
2330
1599
1589
29
1065
950
1546
1461
210
1868
1987
1641
1774
1966
1588
1360
2529
199
405
2481
2599
1744
629
1722
404
2473
223
1016
60
2249
717
736
898
1361
847
2645
2519
45
262
2071
1415
1952
1586
2259
555
2057
980
2584
2455
1727
1541
315
476
778
446
1413
896
201
1542
2895
561
2535
261
1159
234
859
2185
817
1635
1739
2020
947
688
506
551
1235
1902
1624
499
798
1196
871
2044
1777
1535
2358
1317
913
2050
675
2713
1392
2074
225
2272
1470
1251
384
2056
582
1911
2438
1811
2728
524
1637
2335
2092
2030
1302
2489
114
2794
2563
1295
291
1712
535
1667
2224

