2143
2104
2841
2381
1200
2469
1690
2019
2183
1003
2522
1417
1784
1055
2087
2609
1341
27
1486
1380
1043
710
471
2097
561
636
1303
664
1415
530
2601
2816
1918
277
285
1010
1333
702
945
1122
2121
2393
1502
589
2229
484
808
2690
2835
1317
156
628
2254
2797
2013
2219
2062
2459
186
2068
272
1906
2426
2510
399
924
152
2139
1137
1237
2378
2494
71
2465
967
693
1255
30
1727
2079
2165
1212
2651
2041
1590
980
821
737
2497
86
2308
2260
2149
2577
1872
509
2740
890
1869
1381
1874
880
806
780
962
64
2694
991
1244
139
2502
2546
1970
416
1170
2796
634
765
1929
2915
729
2885
1921
1150
2334
1748
2672
842
2594
1771
2773
2016
650
108
749
2462
2527
707
1433
721
204
1816
973
885
2448
2491
2822
1193
2232
2146
826
400
2716
349
2746
432
2677
1346
623
732
355
714
2108
2616
1665
2256
1377
2109
2573
989
261
2225
457
2857
1652
1994
942
2635
2705
1109
1728
2860
58
1414
2692
96
1029
2485
2901
2003
1394
2507
2812
1744
232
2839
949
659
1022
2919
786
871
2768
769
1452
2021
1960
1964
331
2571
112
1133
393
2056
1825
1781
1448
552
2460
770
2810
1135
2478
107
2667
2185
2605
1098
2429
1948
1947
1161
1968
360
2867
2563
2270
1776
680
2070
2537
930
60
534
371
2004
1009
1168
545
1114
2468
1444
297
2707
2840
516
751
968
1892
792
671
633
1997
689
2205
1264
723
1345
1912
2285
140
1152
1146
2399
2155
850
2591
1279
713
1522
2038
1431
1969
2050
2643
2505
1646
2652
755
658
724
1207
756
829
1268
2846
2152
1623
2902
2569
129
1496
2169
2147
1178
1814
2102
1222
2346
2112
1373
2237
2622
1136
50
1176
1312
631
1628
168
1991
2135
340
1060
92
2364
1203
1073
2239
950
2493
2231
1540
450
2745
1511
569
1454
2876
2509
699
1842
1946
2883
1750
407
964
852
947
1649
1542
2580
2556
2177
476
1710
2445
1741
1076
2089
1956
1535
2103
2014
39
1068
1898
223
1903
1706
1699
1596
1859
2145
2488
1832
1479
368
2741
1483
2617
1350
2464
2925
323
835
1028
2757
1569
180
2322
2327
1510
1058
358
2007
2792
987
531
1900
2140
730
1463
615
2309
46
579
681
542
477
951
918
2483
2457
2283
888
254
877
2941
1722
85
560
70
1302
2039
932
1901
1957
1495
2761
1803
275
2470
1958
412
959
169
2295
2353
1189
325
1476
2158
1615
2348
1774
2249
1138
943
2521
865
1934
1845
1694
2301
1772
1241
2866
320
2637
549
351
2856
591
89
1339
2844
48
2052
1796
1713
774
1717
2691
1261
1258
2395
1580
1153
1636
1300
2335
2157
1961
2590
538
2323
954
955
2090
1616
508
1368
2783
2427
2813
396
2656
898
1558
1457
402
606
2584
2561
1429
2632
1323
1064
582
1020
2592
1674
2397
2455
670
1002
2714
1515
2781
1631
727
1675
1336
1044
1856
1512
1425
222
2921
1467
1330
2655
2315
1310
1725
1201
1570
1544
567
2897
847
788
264
1374
1880
1878
2297
414
1589
2567
1770
870
131
14
807
2080
2280
1704
2002
105
2382
1527
1536
20
1972
1574
1085
2386
858
326
78
2732
1037
1525
1899
934
1530
823
287
2201
2209
32
2300
2574
996
2220
1140
983
496
697
255
1757
2520
525
1669
1478
16
939
376
2043
669
0
1985
1304
1879
1372
446
2807
2824
1172
776
2503
1584
364
193
739
49
1733
262
2417
1568
2562
134
100
859
1685
2717
1187
1453
1836
495
336
661
2226
677
1954
551
2731
1325
1251
1930
2313
269
511
2859
592
563
1400
674
2877
2823
2842
65
2314
2653
2452
2586
2776
2874
2515
1730
2245
1402
754
2277
1624
2472
1534
2479
2095
1406
1384
2829
2105
2389
1026
1014
90
176
1421
1973
2679
1604
1810
2480
596
1435
2646
1050
1298
2197
463
2604
666
2263
1877
2633
1288
195
170
698
2255
2806
1390
103
2101
367
654
317
208
116
2530
2927
2711
2628
1443
1466
2125
1007
2811
526
2864
1070
845
513
15
1953
1868
2923
35
1984
123
2644
354
1181
292
1071
1736
1335
2453
2613
688
1932
2366
728
1643
1110
1998
1594
2611
2570
278
1328
439
2697
2659
2310
2772
2933
1364
586
1089
1149
2685
2252
324
196
1370
2786
2886
2908
493
1293
2721
853
2699
1756
1792
2136
1639
91
798
178
2518
47
1506
2320
2350
1955
2442
259
1245
824
832
1555
587
2271
2317
1354
458
1559
2553
281
2482
1129
1151
421
856
869
1198
382
2830
884
1875
5
295
1789
2055
1819
2784
1634
1995
1445
746
1885
2614
341
408
1827
1889
1987
2871
1545
810
2284
690
154
200
1428
1519
1779
2292
1573
1301
2703
785
404
110
1008
2023
434
2473
1680
1034
1239
296
301
1622
2511
1773
2242
2648
2268
95
189
2751
334
2817
453
1113
2204
242
25
912
1477
2557
557
2337
2009
1989
1538
2540
2749
2069
490
2675
916
2413
40
2828
599
1208
1854
1132
1719
51
2620
1734
2288
1418
1794
1863
1191
595
734
1039
1698
2853
2654
1484
1385
2187
2298
2296
1780
995
1967
2211
448
384
126
1117
1592
145
162
2082
479
2555
2670
2037
2624
67
328
2615
1174
1829
415
2388
2589
243
1554
719
2063
2261
1248
2924
722
1243
2618
872
171
750
2687
1963
1057
1670
2258
2321
1032
1881
979
920
167
392
2428
2906
1826
718
1299
2940
1366
643
1716
603
2131
2434
849
2820
485
621
1656
649
1287
590
1334
2787
1833
2526
1861
1561
1357
308
289
2349
1764
2865
1501
1036
187
2045
1210
2645
2212
686
1564
153
2695
253
2642
478
282
716
1238
2060
1230
1786
2390
2047
333
1283
2516
1664
1045
2064
2316
2531
2821
518
625
1882
2536
2264
2206
816
2343
2141
2693
1338
1775
339
805
2377
1094
1939
307
2549
1839
1229
2276
1473
667
572
452
201
2113
559
1567
1532
1821
2926
2091
1475
564
2498
2929
2661
1732
1119
2341
1234
497
1053
715
2778
540
914
1876
2724
976
1434
461
903
965
676
2718
2026
626
1787
2750
1720
474
2176
174
106
1650
335
2072
1441
522
342
2680
1597
1285
2836
2529
1047
809
1922
1785
1219
1090
1761
62
1945
1018
543
2384
2725
2034
388
2287
435
2619
314
2660
2048
248
241
475
2782
2362
2552
2383
1353
1107
2129
491
1533
2018
2747
999
1124
2391
1308
1481
1651
1677
1865
2400
233
284
2650
1217
1367
2689
1162
2582
2495
961
2351
1286
2800
1871
731
2025
679
2203
1599
1870
2500
2832
2508
2937
13
1721
1915
1451
602
1290
994
1702
1660
424
1817
74
1332
953
1313
1521
2930
2763
228
701
231
2180
2053
420
1867
2167
988
692
2250
2770
1190
608
246
1620
1563
2607
782
1762
2307
23
584
1480
548
1405
1030
77
1
2708
2542
2409
627
2726
2578
2560
350
1214
1571
370
1572
1074
2161
648
1517
1800
834
822
2182
1931
2595
2312
489
1376
111
1503
529
2033
1752
1709
17
1682
605
1723
933
1413
1001
1834
2137
2524
990
1401
2401
226
10
148
1858
570
2566
541
2223
2918
1848
7
1811
2539
1082
553
443
1766
2107
802
1141
2286
583
2788
1565
863
635
2831
1404
2793
1379
535
2054
678
1982
2913
524
1917
1049
837
2435
585
1693
966
1118
2572
1607
775
1164
427
6
1186
2051
2359
1458
197
2742
630
1703
114
1294
1579
2737
546
978
2385
161
1360
1528
2713
391
2100
1158
1611
778
909
1271
2894
2042
1601
2289
789
202
1159
742
1927
1818
2235
1497
55
1456
814
609
624
905
906
1523
1737
1438
2126
614
2858
1035
2565
610
1446
431
2625
2920
1812
151
2305
2200
1145
1482
1127
2328
98
280
1397
79
2785
811
1941
1240
1671
2554
2451
300
1040
2117
1672
218
766
2416
1327
2076
57
1823
2049
1751
2257
306
76
1971
1613
257
2411
315
2588
1383
436
1976
594
1711
87
505
1828
1763
1505
736
501
2086
2730
473
1106
504
2774
1048
2379
2408
1066
378
225
1396
2253
1355
1442
488
2336
2471
2872
1489
1252
668
747
2671
2324
3
913
2449
1322
2753
1088
2075
1714
2704
1924
2059
764
2221
1618
1464
2244
1981
2371
127
2444
1610
2424
256
1617
2801
1831
429
800
517
494
211
1940
2017
2171
2626
207
2700
597
1608
2892
230
1123
1420
2114
915
726
1175
1705
544
157
1581
2461
1387
519
12
1583
854
1621
1142
2938
799
753
2387
1857
133
1593
2422
2879
1236
198
221
1485
303
1701
2005
660
941
1909
2299
465
647
2888
385
735
1487
708
1587
873
1801
142
2917
104
203
2438
2360
374
80
2193
2198
227
1798
1017
1546
1041
620
952
866
2073
2196
1297
1707
2325
1718
1543
1835
63
740
2432
1966
2450
2020
1021
2029
217
1460
1206
410
238
24
265
1099
1005
1513
1000
1083
1894
2202
2559
2134
868
2686
1691
2849
2078
2110
864
268
665
2189
2291
1726
2890
1539
1331
2499
1754
1183
2789
1254
1358
1830
337
1630
1951
1316
1992
503
711
2486
2612
115
794
2159
1516
2065
2304
2593
2939
1740
1167
72
472
184
2598
2576
270
124
2230
2094
653
926
1600
1472
2543
2281
440
1042
2179
1846
1024
2916
2838
2467
120
1591
1209
2621
1914
2634
1990
1393
1277
2355
1635
1566
937
460
629
1166
1936
1965
1657
2848
573
38
510
54
2869
419
779
619
1655
1450
1662
622
2122
2356
188
1012
2534
547
2414
430
1838
2128
2410
1411
2676
1097
556
1802
2199
641
2166
2639
1595
889
160
2727
1980
763
1439
397
2681
2418
2311
1520
2456
1424
456
759
88
2144
2329
2765
2928
1928
1999
1093
632
2293
159
1224
1447
1054
883
2352
2662
138
2771
815
1883
102
266
957
2164
291
2833
907
135
2099
137
362
199
1280
2412
2207
2738
1799
2246
1369
365
1627
1492
974
956
817
312
2015
2814
1514
2517
613
2247
1884
206
1430
2658
480
2758
566
1745
2861
209
2405
26
2551
984
2181
2481
2306
2931
804
1729
1080
507
893
2447
2083
2222
2837
2610
1549
1996
838
2709
1494
790
83
1409
2893
771
1602
1281
418
2759
2431
818
2767
1321
219
2678
705
1461
2278
1843
1311
1983
1904
533
1274
848
2227
2077
1937
2441
213
1873
1242
37
2748
2903
1790
1065
867
1223
2170
2406
2423
2600
1423
2365
1131
2698
1232
986
831
2394
250
2156
1490
2044
302
1896
1180
99
712
2433
830
1588
117
515
1147
2492
2339
819
1760
1249
2367
2910
2031
18
2130
173
1632
2421
21
896
1824
1493
2398
2027
902
925
361
36
1644
2380
1213
1115
2896
462
2440
113
93
1605
2684
1661
777
2935
381
294
1427
2629
2138
2547
644
2882
2194
1864
876
1724
1305
1491
69
576
1988
249
192
738
276
1805
2585
784
1455
363
357
2905
45
235
2538
53
483
2228
2098
1143
1004
487
618
1095
2115
2545
897
1051
327
1202
2664
2932
2752
2332
1194
2153
1195
288
2760
1340
1809
2396
1808
94
1218
2333
1307
2764
1777
190
694
2851
2011
1804
2791
703
860
2735
2911
2178
1388
1551
2868
1840
403
2525
2710
468
2804
389
164
158
61
2907
369
1547
73
449
574
380
1436
2061
1738
1942
1102
2279
1488
593
762
1614
1742
558
2192
2728
725
919
617
2030
1228
948
2762
2071
2302
1975
855
387
638
445
1681
251
1537
2532
33
1105
470
1758
2795
2548
2884
316
2275
1891
506
1108
1398
2623
1524
1259
1027
895
2850
11
940
520
1993
891
1125
923
927
1171
1215
1746
1676
311
2475
2036
1410
2150
1391
82
1933
2523
28
263
2116
2174
2579
2798
1296
861
2769
2092
555
2331
1163
2712
1585
437
1850
44
1938
733
1696
220
554
521
993
577
2627
843
500
929
2875
1474
1459
2402
2430
2046
2640
2535
772
352
2688
1465
1318
2504
706
1606
1815
2344
119
2729
971
4
1025
921
1689
1344
2210
2357
1031
881
2936
2040
1731
2160
2012
1227
2190
783
1204
2909
19
1556
2512
394
2266
2496
1667
2755
2338
1739
1807
1077
2809
1359
1182
1087
147
833
2514
237
757
2118
459
1509
1309
1462
81
1765
642
992
797
568
2476
1314
2880
899
998
1282
1126
2173
2186
2887
1526
405
1422
2318
1226
2904
828
1192
1375
1959
970
851
700
2790
2706
2272
2224
2533
1395
42
1633
2028
146
1977
212
2474
1905
59
662
1679
1666
2657
144
901
1749
2528
2368
2734
379
1184
2826
332
41
244
1250
1407
1557
836
2240
673
2636
528
1576
1019
2602
2374
1897
1688
575
2057
395
1128
2363
2587
1096
1692
981
2805
741
2463
286
2163
2133
438
2443
839
1103
183
1067
938
1104
101
2564
1006
2454
685
588
1165
1919
1205
1712
2407
2794
2326
1233
1578
523
2218
1499
2425
433
1715
787
2361
502
2120
1270
141
1686
1609
2736
565
2415
2148
1612
1853
1783
2006
1273
1849
1552
878
1847
2
454
908
2392
455
2631
820
2234
2419
1504
1075
1907
801
224
273
2154
2233
1235
651
1893
781
1329
2035
1531
130
373
1782
1793
1769
1062
2372
1432
1169
1419
1888
527
377
1046
2682
2024
656
512
1291
2766
514
305
1179
1663
2214
2638
1700
1529
2819
2439
2519
1913
2184
1349
2863
179
683
1952
1851
2845
682
1154
1056
2701
803
2106
467
1013
1177
66
2436
165
1092
372
1449
2914
1272
1084
1962
1500
236
1382
359
2151
1852
1101
612
97
274
1629
646
260
2330
2093
2649
128
840
185
1553
121
313
2668
935
2217
795
406
1619
136
1743
1220
1052
639
2881
2878
267
1935
375
413
900
611
216
886
1768
2754
2265
322
1949
247
985
252
761
1910
2827
2238
2775
2001
2241
2074
1862
2303
2558
892
2162
366
1683
9
469
1399
1944
1289
969
1246
2403
748
2248
1806
793
1577
604
177
298
1144
972
1120
874
2347
2575
2370
1023
1911
2175
2606
2870
537
1363
426
745
2127
539
182
2665
2490
1157
1221
31
1470
1759
1403
1408
1139
1795
1231
663
428
2756
1247
2111
637
2733
844
1185
578
1278
813
2862
1697
1284
1797
1081
2912
1640
1695
571
2581
118
841
1276
1560
1925
2513
1648
862
598
1196
562
2834
2373
796
1412
1747
1986
1134
2294
2274
684
1121
2369
22
616
1351
2683
343
827
2647
441
1507
1295
1855
928
2067
1100
1841
744
704
210
1586
2719
345
383
1389
2900
155
2191
1063
536
2854
2032
977
2477
2777
498
2673
2544
936
2168
1352
239
451
2818
1262
423
1061
1866
887
347
1086
2744
812
2096
1072
773
1658
309
2251
442
532
1059
2550
163
2596
946
1437
1253
1979
1263
2779
1343
1211
1320
2216
2375
1642
258
2597
2855
2489
2022
499
2815
911
2802
2630
1326
696
1550
2895
2358
1216
56
1548
1788
1562
655
2123
904
944
1647
1902
310
398
2084
1038
2345
1895
2243
1943
1641
2506
1160
2696
1155
1156
1130
1916
318
2010
464
132
2873
181
1653
1378
1256
2723
2195
2899
550
2666
657
960
2715
422
109
29
1069
2458
2599
1392
2484
191
122
346
2541
338
1755
1860
1678
1416
321
1890
279
791
52
234
672
767
1684
1469
1541
1260
240
846
330
825
1638
304
466
1844
1687
492
229
2466
1735
2674
917
1753
2825
2603
580
581
1016
1637
1265
290
2743
172
401
2269
2722
768
958
982
2119
1598
1426
675
1011
1471
1508
2273
1078
425
1822
1791
691
409
353
1275
447
743
166
2583
1645
150
1468
2267
2142
293
1582
1767
1920
857
2058
1668
687
1778
645
2934
2188
1923
417
2081
143
2803
2354
1337
2780
1356
882
1173
356
1626
695
34
2340
1908
68
1371
2847
720
1015
1950
215
2799
2132
194
1362
1306
444
2487
2215
600
1079
1266
481
2446
2720
245
43
640
1188
125
2641
2236
1148
1708
2000
2898
2852
1324
299
1886
1518
2259
894
2290
922
2808
717
2172
1361
997
2739
1673
1116
1199
411
486
2124
75
760
2208
1257
1111
2066
1033
607
205
1348
1603
1292
2420
931
2669
1837
975
1654
390
1820
1926
1225
2568
386
752
1887
1197
344
1347
175
1267
1365
271
8
2437
652
875
879
2008
1269
2085
758
1575
910
319
2376
2501
1386
84
1974
1813
2342
482
1091
2282
214
1112
2608
283
1342
2213
2262
2088
2404
601
2922
2663
1319
1625
2702
1440
963
329
1315
2319
2889
1978
2891
348
1498
709
149
1659
2843

