1 1
2 1
3 1
4 0
5 0
6 0
7 0
8 1
9 1
10 1
11 0
12 0
13 1
14 1
15 1
16 0
17 1
18 1
19 1
20 0
21 0
22 0
23 0
24 1
25 1
26 0
27 1
28 1
29 0
30 1
31 1
32 1
33 1
34 1
35 1
36 1
37 1
38 1
39 0
40 0
41 1
42 1
43 1
44 0
45 0
46 0
47 0
48 1
49 0
50 0
51 0
52 1
53 0
54 0
55 0
56 1
57 1
58 1
59 1
60 1
61 1
62 0
63 1
64 0
65 1
66 1
67 0
68 0
69 1
70 0
71 1
72 1
73 0
74 1
75 1
76 0
77 0
78 0
79 0
80 1
81 0
82 0
83 1
84 0
85 0
86 1
87 1
88 0
89 0
90 0
91 1
92 1
93 0
94 0
95 1
96 1
97 0
98 1
99 1
100 0
101 1
102 0
103 1
104 0
105 0
106 1
107 1
108 1
109 1
110 0
111 0
112 0
113 0
114 0
115 1
116 1
117 1
118 1
119 0
120 1
121 0
122 1
123 1
124 1
125 1
126 0
127 1
128 0
129 0
130 1
131 1
132 1
133 0
134 0
135 1
136 1
137 0
138 0
139 0
140 1
141 0
142 0
143 1
144 1
145 1
146 0
147 1
148 0
149 0
150 1
151 0
152 0
153 1
154 0
155 0
156 0
157 1
158 0
159 1
160 0
161 1
162 0
163 0
164 0
165 0
166 0
167 1
168 0
169 0
170 0
171 0
172 1
173 0
174 0
175 1
176 0
177 0
178 0
179 0
180 0
181 1
182 0
183 1
184 0
185 0
186 1
187 0
188 0
189 0
190 0
191 0
192 0
193 1
194 1
195 0
196 1
197 0
198 0
199 0
200 0
201 1
202 1
203 1
204 0
205 0
206 0
207 0
208 0
209 1
210 1
211 1
212 0
213 1
214 0
215 1
216 1
217 0
218 0
219 1
220 0
221 1
222 1
223 1
224 1
225 0
226 0
227 1
228 0
229 1
230 0
231 1
232 0
233 1
234 0
235 1
236 0
237 0
238 1
239 0
240 0
241 0
242 0
243 1
244 1
245 0
246 1
247 1
248 1
249 0
250 1
251 0
252 0
253 0
254 1
255 1
256 0
257 1
258 0
259 1
260 0
261 0
262 0
263 0
264 1
265 1
266 0
267 0
268 1
269 0
270 1
271 1
272 0
273 0
274 1
275 1
276 1
277 1
278 0
279 0
280 1
281 0
282 1
283 1
284 0
285 0
286 0
287 1
288 0
289 0
290 1
291 0
292 1
293 1
294 1
295 0
296 1
297 0
298 1
299 0
300 1
301 1
302 1
303 1
304 1
305 0
306 1
307 1
308 1
309 1
310 1
311 0
312 0
313 1
314 1
315 1
316 0
317 1
318 0
319 1
320 1
321 0
322 0
323 0
324 0
325 1
326 0
327 0
328 0
329 0
330 1
331 0
332 1
333 1
334 1
335 1
336 0
337 0
338 1
339 0
340 0
341 1
342 0
343 1
344 0
345 1
346 1
347 0
348 1
349 0
350 1
351 1
352 1
353 0
354 1
355 1
356 0
357 0
358 1
359 1
360 1
361 0
362 0
363 0
364 0
365 1
366 1
367 0
368 1
369 0
370 1
371 1
372 0
373 1
374 1
375 0
376 1
377 1
378 1
379 1
380 1
381 0
382 1
383 1
384 1
385 0
386 1
387 1
388 0
389 0
390 1
391 0
392 0
393 0
394 0
395 0
396 1
397 1
398 0
399 1
400 0
401 1
402 0
403 1
404 0
405 1
406 0
407 1
408 0
409 0
410 0
411 1
412 1
413 1
414 1
415 0
416 0
417 1
418 0
419 0
420 1
421 1
422 0
423 1
424 1
425 0
426 1
427 0
428 0
429 0
430 1
431 0
432 1
433 1
434 1
435 1
436 0
437 1
438 1
439 1
440 0
441 1
442 1
443 0
444 1
445 0
446 1
447 0
448 1
449 1
450 1
451 0
452 0
453 1
454 0
455 1
456 0
457 0
458 1
459 0
460 1
461 0
462 1
463 0
464 0
465 1
466 0
467 1
468 1
469 1
470 1
471 1
472 1
473 1
474 1
475 1
476 1
477 1
478 1
479 0
480 1
481 1
482 1
483 1
484 0
485 0
486 1
487 0
488 1
489 0
490 1
491 0
492 0
493 1
494 0
495 0
496 0
497 0
498 0
499 0
500 0
501 1
502 0
503 0
504 0
505 0
506 0
507 0
508 1
509 1
510 0
511 0
512 0
513 1
514 1
515 0
516 0
517 1
518 0
519 0
520 1
521 1
522 1
523 0
524 1
525 0
526 0
527 0
528 1
529 0
530 0
531 0
532 0
533 1
534 0
535 1
536 1
537 0
538 0
539 1
540 1
541 1
542 0
543 0
544 0
545 0
546 0
547 0
548 0
549 0
550 0
551 1
552 0
553 0
554 0
555 1
556 0
557 0
558 1
559 1
560 0
561 1
562 0
563 1
564 0
565 0
566 1
567 1
568 1
569 0
570 0
571 1
572 0
573 0
574 1
575 1
576 0
577 0
578 1
579 0
580 0
581 0
582 1
583 1
584 0
585 0
586 1
587 1
588 0
589 1
590 1
591 1
592 0
593 1
594 1
595 0
596 0
597 0
598 0
599 1
600 0
601 0
602 0
603 0
604 0
605 0
606 0
607 1
608 0
609 1
610 0
611 1
612 0
613 1
614 0
615 1
616 0
617 0
618 0
619 0
620 0
621 1
622 0
623 1
624 0
625 0
626 0
627 1
628 0
629 0
630 0
631 0
632 0
633 1
634 0
635 0
636 1
637 0
638 1
639 0
640 1
641 1
642 0
643 0
644 0
645 0
646 0
647 0
648 1
649 1
650 1
651 0
652 0
653 1
654 0
655 0
656 0
657 0
658 0
659 1
660 1
661 0
662 0
663 0
664 1
665 1
666 0
667 1
668 0
669 0
670 1
671 0
672 1
673 1
674 0
675 0
676 0
677 0
678 1
679 0
680 1
681 0
682 1
683 0
684 0
685 1
686 1
687 1
688 0
689 1
690 1
691 1
692 1
693 1
694 1
695 0
696 0
697 0
698 1
699 0
700 1
701 0
702 0
703 1
704 0
705 1
706 0
707 1
708 0
709 0
710 1
711 1
712 0
713 1
714 0
715 1
716 1
717 0
718 0
719 1
720 0
721 0
722 0
723 0
724 0
725 0
726 1
727 1
728 0
729 0
730 1
731 1
732 0
733 1
734 1
735 0
736 1
737 0
738 1
739 0
740 1
741 1
742 0
743 1
744 0
745 0
746 0
747 0
748 1
749 0
750 0
751 0
752 0
753 0
754 0
755 0
756 1
757 0
758 0
759 0
760 1
761 0
762 1
763 1
764 0
765 1
766 0
767 0
768 1
769 1
770 1
771 1
772 0
773 1
774 0
775 0
776 0
777 1
778 1
779 1
780 1
781 0
782 0
783 0
784 1
785 1
786 1
787 1
788 1
789 1
790 1
791 0
792 0
793 0
794 1
795 1
796 1
797 0
798 0
799 0
800 0
801 0
802 0
803 1
804 0
805 1
806 1
807 0
808 1
809 1
810 1
811 0
812 1
813 1
814 0
815 1
816 0
817 0
818 1
819 1
820 1
821 0
822 0
823 0
824 0
825 0
826 1
827 0
828 1
829 1
830 0
831 1
832 1
833 1
834 0
835 1
836 1
837 0
838 0
839 1
840 1
841 1
842 0
843 1
844 1
845 0
846 1
847 1
848 0
849 1
850 0
851 1
852 1
853 1
854 1
855 1
856 0
857 1
858 1
859 0
860 0
861 1
862 0
863 1
864 0
865 0
866 1
867 0
868 0
869 1
870 1
871 0
872 0
873 0
874 1
875 1
876 0
877 1
878 1
879 0
880 1
881 1
882 1
883 1
884 0
885 0
886 0
887 1
888 0
889 0
890 0
891 1
892 1
893 0
894 1
895 0
896 1
897 1
898 0
899 1
900 1
901 0
902 1
903 1
904 0
905 0
906 1
907 0
908 1
909 0
910 0
911 0
912 0
913 1
914 1
915 1
916 1
917 0
918 0
919 0
920 0
921 0
922 0
923 1
924 1
925 0
926 1
927 1
928 1
929 0
930 1
931 0
932 1
933 0
934 0
935 1
936 0
937 0
938 1
939 0
940 1
941 0
942 0
943 1
944 1
945 1
946 1
947 1
948 0
949 1
950 1
951 0
952 0
953 1
954 1
955 1
956 0
957 1
958 1
959 0
960 1
961 1
962 0
963 1
964 0
965 1
966 0
967 0
968 0
969 0
970 1
971 1
972 1
973 0
974 0
975 1
976 0
977 1
978 1
979 1
980 1
981 0
982 0
983 1
984 0
985 1
986 0
987 0
988 1
989 1
990 1
991 0
992 1
993 1
994 1
995 0
996 0
997 1
998 0
999 1
1000 0
1001 0
1002 0
1003 1
1004 1
1005 1
1006 0
1007 0
1008 0
1009 1
1010 1
1011 1
1012 1
1013 1
1014 1
1015 1
1016 1
1017 0
1018 1
1019 0
1020 0
1021 0
1022 0
1023 0
1024 1
1025 0
1026 1
1027 1
1028 1
1029 1
1030 1
1031 1
1032 0
1033 1
1034 1
1035 0
1036 0
1037 1
1038 1
1039 0
1040 1
1041 0
1042 1
1043 0
1044 1
1045 0
1046 0
1047 1
1048 1
1049 0
1050 0
1051 1
1052 1
1053 0
1054 0
1055 0
1056 1
1057 1
1058 0
1059 1
1060 1
1061 1
1062 1
1063 0
1064 0
1065 0
1066 1
1067 1
1068 1
1069 0
1070 1
1071 1
1072 0
1073 0
1074 1
1075 0
1076 0
1077 1
1078 1
1079 0
1080 1
1081 1
1082 0
1083 0
1084 1
1085 0
1086 1
1087 0
1088 1
1089 0
1090 1
1091 1
1092 1
1093 0
1094 0
1095 0
1096 0
1097 0
1098 0
1099 1
1100 1
1101 1
1102 1
1103 1
1104 1
1105 1
