1 1
2 0
3 1
4 1
5 1
6 0
7 1
8 0
9 0
10 0
11 0
12 0
13 0
14 1
15 0
16 0
17 0
18 1
19 0
20 0
21 1
22 0
23 0
24 0
25 1
26 1
27 1
28 0
29 0
30 1
31 1
32 1
33 1
34 0
35 0
36 0
37 0
38 1
39 0
40 1
41 1
42 1
43 1
44 1
45 0
46 1
47 1
48 0
49 0
50 0
51 1
52 0
53 0
54 0
55 0
56 1
57 1
58 1
59 1
60 0
61 0
62 1
63 1
64 1
65 0
66 0
67 1
68 1
69 1
70 1
71 1
72 1
73 1
74 1
75 1
76 0
77 1
78 0
79 0
80 1
81 1
82 0
83 1
84 1
85 1
86 1
87 0
88 1
89 0
90 0
91 1
92 0
93 1
94 0
95 0
96 1
97 1
98 0
99 0
100 0
101 1
102 0
103 0
104 0
105 1
106 1
107 0
108 1
109 1
110 0
111 1
112 1
113 0
114 1
115 1
116 0
117 1
118 0
119 0
120 0
121 0
122 0
123 0
124 0
125 0
126 1
127 0
128 1
129 0
130 0
131 1
132 1
133 0
134 1
135 1
136 1
137 1
138 0
139 0
140 1
141 1
142 0
143 1
144 0
145 0
146 0
147 1
148 1
149 0
150 0
151 1
152 0
153 0
154 1
155 0
156 0
157 0
158 0
159 0
160 1
161 0
162 1
163 1
164 1
165 1
166 1
167 1
168 0
169 0
170 1
171 0
172 0
173 1
174 1
175 0
176 1
177 1
178 0
179 0
180 0
181 1
182 0
183 1
184 0
185 1
186 0
187 0
188 0
189 1
190 1
191 1
192 0
193 1
194 0
195 1
196 1
197 1
198 1
199 0
200 1
201 1
202 1
203 0
204 1
205 0
206 1
207 0
208 1
209 1
210 0
211 0
212 0
213 1
214 0
215 0
216 0
217 1
218 0
219 1
220 1
221 0
222 0
223 0
224 0
225 0
226 1
227 1
228 0
229 0
230 1
231 1
232 1
233 1
234 1
235 0
236 0
237 1
238 1
239 0
240 1
241 1
242 1
243 1
244 1
245 0
246 1
247 1
248 0
249 1
250 1
251 0
252 1
253 0
254 1
255 1
256 0
257 0
258 0
259 1
260 0
261 1
262 1
263 0
264 1
265 0
266 1
267 1
268 0
269 0
270 0
271 1
272 1
273 1
274 1
275 1
276 1
277 0
278 1
279 0
280 0
281 1
282 1
283 1
284 1
285 0
286 1
287 1
288 0
289 1
290 1
291 0
292 0
293 1
294 1
295 1
296 0
297 1
298 0
299 0
300 0
301 0
302 1
303 0
304 1
305 1
306 0
307 1
308 0
309 0
310 0
311 0
312 1
313 1
314 1
315 0
316 0
317 0
318 0
319 1
320 1
321 0
322 1
323 0
324 1
325 0
326 0
327 0
328 0
329 0
330 0
331 1
332 1
333 0
334 0
335 1
336 1
337 0
338 0
339 0
340 1
341 1
342 0
343 1
344 1
345 1
346 0
347 1
348 1
349 1
350 0
351 0
352 1
353 0
354 1
355 1
356 1
357 1
358 0
359 0
360 1
361 0
362 1
363 1
364 1
365 1
366 1
367 1
368 0
369 0
370 0
371 0
372 0
373 0
374 1
375 0
376 1
377 0
378 1
379 1
380 1
381 1
382 1
383 0
384 1
385 0
386 0
387 0
388 0
389 1
390 1
391 0
392 0
393 1
394 1
395 1
396 1
397 1
398 1
399 1
400 0
401 1
402 0
403 1
404 0
405 0
406 0
407 0
408 0
409 0
410 1
411 1
412 1
413 0
414 0
415 1
416 0
417 1
418 1
419 0
420 1
421 1
422 1
423 0
424 0
425 0
426 0
427 1
428 1
429 0
430 0
431 1
432 0
433 0
434 0
435 0
436 0
437 0
438 0
439 0
440 0
441 0
442 0
443 0
444 1
445 0
446 1
447 1
448 1
449 1
450 1
451 1
452 1
453 1
454 1
455 0
456 0
457 1
458 1
459 1
460 0
461 1
462 1
463 1
464 1
465 1
466 1
467 1
468 1
469 0
470 1
471 1
472 1
473 1
474 1
475 0
476 0
477 1
478 1
479 1
480 1
481 1
482 0
483 0
484 1
485 0
486 1
487 0
488 0
489 0
490 1
491 0
492 0
493 0
494 1
495 0
496 0
497 1
498 0
499 1
500 1
501 1
502 1
503 0
504 1
505 0
506 1
507 1
508 0
509 1
510 1
511 0
512 0
513 0
514 1
515 0
516 0
517 1
518 0
519 1
520 0
521 1
522 0
523 1
524 0
525 1
526 0
527 1
528 0
529 0
530 0
531 1
532 0
533 1
534 0
535 1
536 0
537 0
538 0
539 0
540 0
541 0
542 0
543 0
544 1
545 0
546 0
547 0
548 1
549 0
550 1
551 1
552 0
553 1
554 1
555 0
556 1
557 0
558 0
559 0
560 1
561 0
562 0
563 1
564 1
565 1
566 0
567 1
568 1
569 0
570 0
571 1
572 0
573 0
574 1
575 1
576 1
577 1
578 1
579 1
580 0
581 0
582 1
583 0
584 0
585 0
586 0
587 1
588 1
589 0
590 0
591 0
592 0
593 0
594 1
595 1
596 1
597 1
598 1
599 1
600 0
601 0
602 0
603 0
604 0
605 0
606 0
607 1
608 0
609 0
610 1
611 0
612 0
613 1
614 0
615 1
616 1
617 0
618 1
619 0
620 1
621 0
622 0
623 1
624 0
625 0
626 0
627 0
628 0
629 1
630 1
631 0
632 0
633 1
634 1
635 1
636 0
637 0
638 0
639 0
640 0
641 0
642 1
643 0
644 1
645 0
646 0
647 0
648 0
649 0
650 1
651 0
652 0
653 0
654 1
655 1
656 0
657 1
658 0
659 0
660 1
661 1
662 0
663 0
664 0
665 1
666 1
667 1
668 0
669 0
670 0
671 0
672 1
673 1
674 1
675 0
676 1
677 0
678 0
679 1
680 1
681 0
682 1
683 1
684 1
685 0
686 1
687 1
688 0
689 0
690 0
691 0
692 1
693 0
694 1
695 0
696 1
697 0
698 1
699 1
700 0
701 1
702 0
703 1
704 0
705 1
706 0
707 0
708 1
709 0
710 1
711 1
712 1
713 1
714 1
715 1
716 0
717 1
718 1
719 1
720 0
721 1
722 1
723 0
724 0
725 1
726 1
727 0
728 0
729 1
730 1
731 0
732 1
733 1
734 1
735 0
736 1
737 0
738 0
739 1
740 0
741 1
742 1
743 1
744 1
745 0
746 1
747 0
748 1
749 1
750 1
751 1
752 0
753 1
754 1
755 0
756 1
757 1
758 0
759 0
760 1
761 1
762 1
763 1
764 1
765 0
766 1
767 1
768 1
769 1
770 1
771 0
772 1
773 0
774 1
775 0
776 0
777 0
778 1
779 0
780 0
781 1
782 1
783 1
784 1
785 1
786 0
787 1
788 0
789 0
790 1
791 1
792 1
793 1
794 0
795 1
796 1
797 1
798 1
799 1
800 0
801 1
802 1
803 1
804 0
805 1
806 0
807 0
808 1
809 0
810 0
811 1
812 1
813 1
814 1
815 0
816 1
817 0
818 0
819 0
820 0
821 1
822 1
823 0
824 0
825 0
826 1
827 1
828 1
829 0
830 0
831 1
832 0
833 1
834 1
835 1
836 0
837 1
838 0
839 0
840 0
841 0
842 1
843 1
844 1
845 1
846 1
847 0
848 0
849 0
850 0
851 1
852 0
853 1
854 0
855 1
856 0
857 0
858 0
859 1
860 0
861 0
862 0
863 0
864 1
865 0
866 0
867 1
868 1
869 1
870 1
871 0
872 1
873 0
874 1
875 0
876 1
877 1
878 0
879 1
880 0
881 0
882 0
883 1
884 1
885 1
886 0
887 0
888 1
889 1
890 1
891 1
892 0
893 0
894 1
895 1
896 1
897 0
898 1
899 0
900 0
901 1
902 0
903 1
904 0
905 0
906 0
907 1
908 1
909 1
910 0
911 1
912 0
913 0
914 0
915 0
916 0
917 0
918 1
919 1
920 0
921 0
922 0
923 0
924 1
925 0
926 0
927 1
928 1
929 0
930 0
931 1
932 1
933 1
934 1
935 0
936 1
937 1
938 1
939 0
940 0
941 0
942 0
943 0
944 0
945 1
946 0
947 0
948 0
949 1
950 0
951 0
952 1
953 0
954 0
955 1
956 0
957 0
958 0
959 0
960 0
961 0
962 0
963 0
964 0
965 0
966 1
967 0
968 1
969 1
970 0
971 1
972 1
973 1
974 1
975 0
976 0
977 1
978 1
979 1
980 1
981 1
982 1
983 1
984 0
985 0
986 1
987 0
988 1
989 1
990 0
991 0
992 0
993 0
994 0
995 0
996 1
997 1
998 0
999 1
1000 0
1001 0
1002 0
1003 0
1004 1
1005 1
1006 0
1007 1
1008 0
1009 1
1010 0
1011 1
1012 0
1013 1
1014 0
1015 1
1016 0
1017 0
1018 0
1019 1
1020 1
1021 0
1022 0
1023 0
1024 0
1025 1
1026 1
1027 0
1028 0
1029 1
1030 1
1031 0
1032 1
1033 1
1034 1
1035 0
1036 0
1037 0
1038 1
1039 0
1040 0
1041 1
1042 1
1043 0
1044 0
1045 1
1046 1
1047 1
1048 0
1049 1
1050 1
1051 1
1052 1
1053 0
1054 0
1055 1
1056 0
1057 0
1058 1
1059 0
1060 1
1061 0
1062 1
1063 1
1064 1
1065 1
1066 1
1067 1
1068 0
1069 0
1070 0
1071 0
1072 0
1073 0
1074 1
1075 0
1076 1
1077 1
1078 1
1079 0
1080 1
1081 0
1082 0
1083 1
1084 0
1085 0
1086 1
1087 1
1088 1
1089 1
1090 0
1091 0
1092 0
1093 0
1094 0
1095 1
1096 0
1097 0
1098 1
1099 0
1100 0
1101 1
1102 0
1103 1
1104 1
1105 0
1106 1
1107 0
1108 1
1109 0
1110 1
1111 0
1112 1
1113 1
1114 1
1115 0
1116 1
1117 0
1118 1
1119 0
1120 1
1121 0
1122 0
1123 0
1124 0
1125 1
1126 0
1127 0
1128 0
1129 1
1130 0
1131 0
1132 0
1133 0
1134 1
1135 0
1136 1
1137 0
1138 0
1139 0
1140 0
1141 0
1142 0
1143 0
1144 1
1145 0
1146 0
1147 1
1148 0
1149 1
1150 0
1151 1
1152 1
1153 1
1154 1
1155 0
1156 1
1157 0
1158 0
1159 1
1160 1
1161 1
1162 1
1163 1
1164 0
1165 0
1166 1
1167 1
1168 0
1169 1
1170 0
1171 1
1172 1
1173 1
1174 0
1175 0
1176 1
1177 1
1178 0
1179 0
1180 0
1181 0
1182 0
1183 1
1184 0
1185 1
1186 0
1187 0
1188 0
1189 0
1190 0
1191 1
1192 0
1193 0
1194 0
1195 0
1196 0
1197 1
1198 0
1199 1
1200 1
1201 1
1202 0
1203 0
1204 0
1205 0
1206 0
1207 0
1208 1
1209 0
1210 0
1211 0
1212 1
1213 0
1214 1
1215 1
1216 0
1217 0
1218 1
1219 1
1220 0
1221 1
1222 1
1223 0
1224 1
1225 1
1226 0
1227 0
1228 0
1229 0
1230 0
1231 1
1232 0
1233 0
1234 1
1235 1
1236 1
1237 1
1238 1
1239 1
1240 0
1241 0
1242 1
1243 1
1244 0
1245 0
1246 1
1247 0
1248 1
1249 1
1250 1
1251 0
1252 1
1253 1
1254 1
1255 1
1256 1
1257 0
1258 1
1259 1
1260 1
1261 1
1262 0
1263 1
1264 0
1265 0
1266 0
1267 0
1268 0
1269 0
1270 1
1271 0
1272 0
1273 0
1274 0
1275 0
1276 1
1277 0
1278 1
1279 0
1280 0
1281 0
1282 0
1283 0
1284 1
1285 0
1286 0
1287 0
1288 0
1289 0
1290 1
1291 0
1292 0
1293 0
1294 0
1295 1
1296 1
1297 1
1298 1
1299 1
1300 0
1301 0
1302 1
1303 1
1304 0
1305 1
1306 1
1307 0
1308 1
1309 1
1310 0
1311 0
1312 1
1313 0
1314 1
1315 0
1316 0
1317 0
1318 0
1319 1
1320 1
1321 1
1322 0
1323 0
1324 1
1325 0
1326 1
1327 1
1328 1
1329 1
1330 0
1331 1
1332 0
1333 0
1334 1
1335 1
1336 1
1337 0
1338 0
1339 0
1340 0
1341 0
1342 1
1343 1
1344 0
1345 1
1346 1
1347 1
1348 1
1349 0
1350 0
1351 1
1352 1
1353 0
1354 1
1355 0
1356 0
1357 1
1358 1
1359 0
1360 0
1361 0
1362 1
1363 0
1364 0
1365 1
1366 1
1367 0
1368 1
1369 1
1370 1
1371 0
1372 0
1373 1
1374 0
1375 1
1376 0
1377 0
1378 0
1379 0
1380 0
1381 0
1382 0
1383 0
1384 0
1385 1
1386 0
1387 0
1388 1
1389 0
1390 1
1391 1
1392 1
1393 0
1394 0
1395 0
1396 1
1397 0
1398 0
1399 1
1400 1
1401 1
1402 0
1403 1
1404 0
1405 1
1406 1
1407 1
1408 1
1409 0
1410 1
1411 0
1412 1
1413 1
1414 0
1415 1
1416 1
1417 1
1418 0
1419 1
1420 1
1421 1
1422 1
1423 1
1424 0
1425 0
1426 1
1427 0
1428 1
1429 1
1430 0
1431 0
1432 0
1433 1
1434 0
1435 1
1436 1
1437 1
1438 1
1439 0
1440 1
1441 1
1442 0
1443 0
1444 0
1445 0
1446 0
1447 1
1448 1
1449 1
1450 1
1451 0
1452 0
1453 1
1454 0
1455 1
1456 1
1457 0
1458 1
1459 0
1460 1
1461 0
1462 1
1463 1
1464 0
1465 0
1466 0
1467 0
1468 1
1469 0
1470 1
1471 1
