731
1281
202
2083
1761
1421
2455
1029
2698
231
491
2552
597
515
1837
1445
2827
2029
191
1370
2527
1808
508
2068
2086
2505
150
1508
1357
2368
2357
54
2266
1521
1771
117
124
62
1762
1238
497
2396
807
562
1204
2010
2214
169
274
1391
659
2679
725
1966
866
1499
2199
771
1210
384
396
1688
2145
172
1634
1249
14
1332
2803
526
2904
1022
247
2614
2149
1116
2311
1768
587
1104
1921
583
1685
2533
307
2426
848
2335
2532
2409
2162
2069
1720
1187
1044
1962
56
623
2550
673
1809
167
2572
1953
1273
1106
2231
1182
669
503
2283
2141
1969
1471
2172
2101
1365
299
2036
606
995
2358
506
742
284
2508
47
1786
1287
1679
448
2649
2575
1600
1904
1345
712
2254
962
969
2656
1834
1407
883
470
258
2919
1901
852
2841
1725
1119
2624
898
2364
1156
1215
2686
2313
920
1293
1082
1020
2622
436
614
2055
2427
504
131
113
499
1387
591
146
306
1443
426
2728
430
2607
1028
2717
2164
1758
2621
582
1172
680
2287
1868
485
627
2931
2066
1438
1374
2402
1259
2033
2513
1753
2775
634
387
395
1674
936
2133
1233
815
529
2414
1225
727
106
10
1060
2595
2900
2605
849
1205
1252
67
1751
1436
2276
2306
9
2178
2823
1323
208
46
1798
76
1671
1874
782
514
1873
2744
267
2601
2821
245
549
487
1497
144
1630
1142
674
0
2466
2091
838
2872
156
2647
2541
2472
746
2475
126
1573
1741
1643
1472
2078
1031
1258
2431
2757
1356
2308
2610
1234
2198
2011
752
645
2275
672
1132
234
2704
786
1244
2790
2353
2367
249
1794
667
2493
976
880
2134
2797
1752
2115
1836
1222
1696
2318
2730
841
2137
822
218
768
2041
1329
2305
376
161
787
2856
678
2858
2018
1099
141
1540
2700
2345
2895
2776
2742
662
1311
1652
351
1414
1308
2917
1037
1690
2671
2805
322
685
2522
2798
1990
1464
2796
2093
1882
2613
2119
2416
2558
412
136
211
195
607
2089
1760
2179
1817
658
252
533
1558
1983
621
754
1490
1583
578
2639
1842
1870
1511
1227
1309
333
1727
2844
1726
2625
1909
481
1706
110
1542
1024
579
1339
774
1638
1368
2497
1591
89
2910
1529
851
2680
2543
788
551
801
1347
2209
2845
2735
1071
24
2546
2323
2390
1397
8
1
1947
2863
2070
525
2403
537
1200
1598
2138
1492
262
2652
1662
1297
464
960
566
885
1534
2113
2140
2418
2220
2491
826
1289
2159
2581
2749
2312
762
482
2067
2359
50
446
1925
2932
2438
2874
2688
588
80
1625
732
1892
1017
789
142
407
138
2817
341
263
1790
2454
1123
1083
924
1231
320
339
1777
2486
1243
278
15
2772
1510
1968
2272
2726
2252
2666
445
1150
517
990
1715
2190
2181
438
2707
281
1618
1502
2433
2408
2793
2294
2590
1636
796
121
1879
243
74
1105
571
2912
2499
646
309
83
1379
1137
2849
1930
2562
367
215
2155
2271
1039
152
2716
291
810
209
149
2278
1858
2023
2008
1388
661
2665
1507
1211
2724
1608
2331
1698
1750
1675
1606
2756
160
2228
1306
1829
2623
116
397
1480
2690
1561
2249
1409
1974
22
538
1929
1622
594
2630
127
1567
928
1147
769
1349
361
1609
2927
1133
859
2909
699
1585
545
734
1724
1059
2365
13
135
1586
1296
907
2847
1803
2463
1915
802
1494
133
2122
2285
1774
1610
1450
1055
1441
1605
2922
1477
378
916
1371
528
1336
279
1699
48
940
1659
1139
2813
1944
1229
911
2939
2537
314
2374
292
1890
1358
1686
1737
1482
2434
692
590
1001
1730
2443
2563
1568
318
130
1604
2430
58
1677
366
439
1961
2824
2551
1327
197
222
1520
1195
479
2708
1154
405
2865
2092
1006
1167
1832
1603
993
2659
5
2112
186
832
1852
2334
556
1551
2681
1298
1406
1617
2795
760
1550
2096
2264
2255
359
108
1805
1955
1907
603
181
640
1739
2713
855
115
2063
987
203
2774
1422
1773
584
1267
1401
2217
554
1717
176
893
1645
1183
1543
1448
1095
2395
2333
2702
1590
1181
1632
1048
2428
2043
1787
2387
1402
1784
2597
1883
2514
228
2194
2941
999
2833
2051
2523
1160
830
846
580
827
531
904
75
2696
443
950
2131
1487
542
71
592
1459
805
2105
2064
1373
2296
996
1217
2729
2521
2425
505
2002
1035
552
2158
1987
2501
961
147
738
293
981
2079
2248
2384
2524
2850
541
2673
735
2450
363
983
2094
663
2424
1331
1806
2157
1954
1856
1670
1138
1627
955
991
2818
2791
287
1295
1073
2250
1198
2006
1559
1524
1970
302
206
1090
1985
858
2385
1378
2916
1525
892
1601
2887
872
2221
433
1822
677
242
2065
1800
210
2320
1505
1948
2245
16
189
2809
1033
2547
998
729
2908
1747
865
2281
668
2382
1369
2339
2210
1184
441
1247
2540
1713
424
1937
777
548
1914
290
2866
2090
914
2201
2303
221
783
163
2372
1989
2557
790
1518
198
145
2351
825
1972
2441
1995
1839
1062
365
1546
903
2085
1615
2280
1326
1208
1242
2903
2048
1117
1673
821
2609
2325
2146
1261
1417
1556
2812
1162
2682
2579
1519
1110
2747
2310
175
1092
2871
1729
171
1343
2662
2147
2077
2920
1665
1749
856
2460
547
1216
122
2216
1400
2487
912
776
312
2811
1030
2645
20
1757
625
835
1140
224
61
655
2860
214
2925
596
2715
2348
1403
795
749
313
2354
2371
40
140
2413
561
344
2377
289
1660
1945
30
2130
1926
2170
2269
1855
1250
2854
793
2388
2124
1285
1792
792
973
2867
743
2081
1589
1637
1560
2739
982
477
2000
216
723
1423
510
1251
2538
2397
285
740
340
2469
612
2446
558
304
346
87
2926
1151
102
2738
310
553
298
1857
2851
2143
2721
878
1395
1127
1703
454
963
717
180
1903
1905
1366
1126
2894
212
2938
1447
220
666
78
843
2529
1549
417
763
2468
2205
1936
1085
2315
1489
1478
2828
2506
92
2200
475
85
49
44
1898
240
1434
1268
757
1649
1506
2297
2230
1866
1917
724
1263
931
297
997
270
820
2229
2110
1960
2100
941
158
1021
1431
1053
1220
706
708
721
2648
461
1539
1999
1190
1566
1342
985
1269
1516
2886
1063
101
394
2711
1457
1991
2568
2289
900
1372
2019
2580
18
2829
2451
2531
2442
63
1286
697
1888
2073
2045
2785
2794
190
2437
1169
1767
636
1880
2445
1486
535
871
2262
2753
803
2238
2273
1577
2481
250
2870
1799
1078
2759
1363
1458
899
971
1330
1709
2500
2479
1711
2338
1410
1318
155
2261
1420
2034
1416
701
2781
29
2520
1902
2449
2111
728
2279
2596
947
1628
1290
276
1620
1491
2770
1174
1221
1635
2565
38
418
2577
943
2378
337
922
577
382
2247
2898
1639
2593
455
2183
2484
1274
1811
1894
748
2125
1672
1143
1018
1180
753
1136
1170
2024
1952
1746
2047
1367
1000
398
2864
559
994
233
2167
1804
927
2153
1446
1396
868
1963
2574
2260
2208
2782
1097
1333
2422
530
2211
2394
1049
1265
373
1304
2473
2646
1455
1708
834
196
831
1780
2120
1313
1820
1089
1613
283
1733
700
72
471
739
2669
2467
2814
489
2435
1452
230
2267
2603
409
638
1692
1581
1155
1153
2780
2675
404
791
2014
543
1129
889
2703
1501
1976
19
687
370
264
2302
151
808
168
2328
944
1776
1631
253
1131
1338
2628
1988
741
626
507
2161
355
1173
2737
1875
1512
2196
778
2512
877
773
1193
2660
2026
352
2103
1669
2764
2511
2555
371
755
2653
2935
643
1070
2480
1523
6
1255
45
2152
2602
602
502
853
1664
1034
2488
153
1305
1351
453
2332
440
2586
970
2768
2452
1473
1984
2477
518
2517
1527
416
2873
1642
1535
2875
2453
2600
2876
2767
992
1602
1557
2109
836
1432
463
389
1495
954
2298
886
630
1938
1950
933
1361
681
2263
683
379
953
1046
1732
348
2678
713
105
1337
2316
589
2406
1700
1375
112
2571
1656
500
629
1145
617
154
1144
639
818
451
1943
1467
1533
104
2804
326
1687
1484
166
1427
1821
2606
2657
2292
1176
1188
2046
456
1016
1394
1619
988
882
1094
824
1722
1900
2709
1091
204
1439
1069
837
2343
1565
2258
2166
1623
1759
381
1594
1064
143
1192
2016
906
1537
2136
2929
2241
447
895
2295
2337
1835
1651
2661
2880
2061
2710
2815
494
1778
2769
2825
935
730
2561
2003
1819
909
601
1886
2705
585
764
350
2225
1812
705
95
1782
2459
2693
1157
2719
2594
2117
2040
2102
1483
52
2098
1159
94
1303
2663
374
380
1728
2237
1633
2752
1045
1393
2761
1555
1012
25
1284
984
1341
2213
2095
1582
1299
2801
2617
99
35
1291
1415
890
1881
2869
884
1587
2578
1861
437
2154
2327
1959
534
2288
2853
1075
977
1376
2392
1451
2277
2636
1288
2031
2591
932
2304
2299
2177
275
857
2192
2476
1694
1629
2074
679
2643
1277
1697
864
913
2830
182
1425
2554
2899
1538
1023
839
695
2921
1918
478
2741
1032
406
1935
1340
806
1362
1893
260
1517
2129
1681
766
432
867
1885
2052
1163
709
1644
2826
2234
2507
511
157
726
1214
2160
2699
1013
1923
1678
1390
1354
2733
1141
1932
185
2075
1456
2683
1922
1867
1108
2800
179
2050
2589
2495
980
521
2852
1027
919
1312
921
1057
2573
894
799
109
2902
756
2232
2386
809
7
2240
758
2585
532
1385
226
1906
1061
1130
103
449
1578
2411
2888
450
2839
1897
1433
2478
1382
2009
972
1026
2549
1843
2718
1418
227
1536
573
1859
1359
205
1731
2227
939
472
2346
118
1547
2626
1653
51
1248
2556
1101
1908
280
415
633
188
442
610
675
413
469
861
2007
2020
951
2906
1191
2861
676
1916
372
2319
2883
1818
2401
598
2448
2148
2542
716
751
784
28
336
1735
1334
1833
369
2028
652
1015
1755
1847
2212
957
343
2530
1838
714
2746
1593
1899
1294
2632
1964
1657
1056
2515
236
2509
1207
84
1588
2638
1705
223
324
139
2072
493
2108
164
1912
2810
2788
1352
611
459
1469
2407
1576
1122
1693
2651
1262
2370
615
637
1934
845
107
2352
1488
979
2398
2576
1344
707
2642
334
2474
2802
648
125
1386
689
2336
2405
194
1500
522
873
239
934
870
27
2545
891
881
1682
1440
524
2243
1532
2519
2097
1399
1449
315
696
1863
423
2038
2787
2843
2139
2317
1865
540
2436
1522
888
1626
2012
1850
1770
1736
2640
484
317
2049
1223
555
1292
82
1468
1128
2534
1564
2914
33
266
1052
1683
132
765
199
1113
513
523
177
1115
69
575
860
2727
2223
1004
1889
2376
2832
814
1377
128
1763
2215
546
1185
2619
1714
2784
2846
2168
2629
1496
2059
1650
2482
59
244
1814
2633
978
305
804
2251
2342
57
2882
1226
869
2582
2807
2419
2246
1239
1710
879
86
2918
2881
1941
358
2831
750
331
2766
2496
694
1054
1876
948
1684
1278
854
2655
219
1789
1680
2837
1316
1038
2878
1175
1788
273
294
1212
420
2080
2362
2142
1479
159
1548
2127
1319
91
644
37
1350
2664
736
66
119
2235
1884
1424
2857
767
1435
401
421
1597
2893
1254
323
1271
93
364
2420
2084
1545
664
1348
781
1076
187
1668
902
828
1815
946
377
1086
2176
98
1612
1474
1723
2667
586
1740
2588
2754
918
2877
952
1134
11
2490
1121
1958
2751
330
2322
1189
2410
1168
2324
90
1203
2027
2808
684
794
2691
2439
2193
1093
1641
2658
2132
2150
311
2786
2118
1654
1744
2498
1320
501
1149
2631
148
2470
259
974
560
1734
246
492
1107
296
1797
1994
698
329
1283
2363
120
2121
2163
2429
1509
2838
1716
2637
1444
2706
2087
599
1165
1412
1946
1240
887
2940
620
428
2236
2806
1355
2432
2771
745
2366
1043
2171
2510
2526
733
1442
813
1206
2015
1047
1005
905
1862
775
2465
2349
2548
2884
1766
608
225
2736
2421
1428
2440
1300
403
174
923
1118
2723
1197
2458
1419
989
2907
26
1314
1058
2697
2483
770
1967
1531
1266
2674
2731
2062
1721
60
1666
2635
2293
2672
704
2897
1997
1224
2204
1924
42
2030
261
480
2604
483
213
1980
1228
1779
654
2135
2126
2892
1098
565
2583
2695
1050
2627
201
235
2001
670
39
691
632
2300
1827
1084
2905
466
476
419
2745
1463
1036
1927
2859
2180
1844
2373
986
255
2492
2186
2
88
2389
2021
1236
964
2107
1695
2184
388
737
1194
2173
1869
2185
1977
1853
1322
70
2464
2896
2462
1596
1009
847
328
715
600
2670
1437
1982
1470
2037
2165
1920
452
1640
111
2732
1718
1772
1041
295
1067
1571
1931
967
2233
3
2598
619
1301
2360
1570
31
1257
2720
1704
1552
1201
327
2822
779
1476
1975
1272
819
901
2053
2569
2676
711
184
1554
2889
1562
2032
1404
938
959
2286
2502
79
229
1384
1624
392
958
926
347
2934
2341
2928
568
2461
1791
192
2393
2937
703
2862
368
2104
2539
53
21
2265
1701
1408
12
917
444
2848
2268
2239
2612
1237
1383
1218
68
1120
269
1241
2885
1824
393
1896
1828
165
1592
1655
512
1854
1563
772
1112
622
2044
1245
2253
1103
1864
605
1928
1166
966
2779
2836
2128
1335
123
2356
2644
458
876
414
435
1081
65
129
265
354
823
2417
2743
2222
1503
2123
288
462
925
2444
460
2290
43
780
1756
2361
2195
1461
486
2321
1719
1877
651
356
635
431
173
1310
2773
335
1973
468
316
688
170
2685
1956
2725
2834
1981
2380
2307
2175
1196
1235
2689
785
1951
1074
1392
272
2684
411
800
1939
2840
2017
2891
2792
1152
1742
2270
1466
1135
345
1996
2457
390
690
1580
1475
929
581
1607
2350
1148
1219
457
2570
1648
2330
1315
616
2599
2071
1846
2740
874
2082
1276
576
2114
1860
968
1011
1317
1986
1599
1544
134
2763
1321
1878
2226
2076
1840
1575
833
2344
1891
1124
1801
96
1413
519
1161
1504
1481
1933
2712
498
2224
490
2799
300
2692
2004
2187
1887
1010
1919
2355
325
1830
383
1646
1826
660
1910
2309
544
400
686
1702
162
1199
2042
1080
1764
1957
649
2750
875
1940
2936
2835
1246
1743
1230
509
1364
1823
2400
2257
357
2913
618
1453
1202
1689
2415
425
1325
2369
1275
2535
77
2005
1872
1810
719
36
2099
1014
710
1911
1513
656
2456
34
1019
2326
1611
2494
1171
237
2404
2536
2088
1460
81
1324
1663
1429
1389
2778
254
2755
2930
2566
2587
1579
97
2611
1381
73
1307
1493
1971
137
2525
2054
1553
1279
2347
17
520
1088
844
2911
965
2284
2202
628
604
2592
2174
1783
1100
2291
850
23
2412
2060
1658
386
1965
2039
2760
1574
1270
1426
2915
942
2634
321
2608
32
550
1008
1186
238
2244
516
2748
2765
1569
1514
399
1526
1769
1616
1102
840
1785
2025
2169
183
2933
1781
665
1051
1825
2022
2106
570
319
1002
2714
1745
1025
937
4
812
207
2259
1454
2516
251
863
2399
1802
1328
2783
2379
2528
2620
1353
536
2618
1346
217
930
193
539
1213
178
2777
1072
286
1256
1530
1179
2650
1621
682
2489
1978
631
1712
496
1209
1158
1405
2218
1998
2694
1871
2206
232
956
2447
1146
2879
2058
624
759
2182
2219
41
949
1177
434
1282
1851
1114
2677
385
473
1066
308
915
1795
1360
1707
657
2203
2282
1096
1979
1676
2553
1813
1691
1667
257
862
1040
342
2820
1077
2819
2391
1398
495
569
1264
1993
1003
2191
2207
2057
2242
642
1793
2855
2274
301
2381
798
829
2504
910
2923
641
408
402
1849
2301
908
271
360
391
574
2375
720
1584
1253
2559
422
429
595
375
671
465
1178
2188
693
349
282
1992
2758
842
975
200
1411
2868
1528
64
1485
1541
897
572
2734
241
2056
114
256
2701
474
488
100
647
2762
2144
2615
2722
2616
427
1647
1754
2503
2842
1913
1462
1775
2816
896
338
1380
1595
1465
1164
1816
557
1068
613
1949
2314
353
2687
1515
1748
2567
2789
609
1807
2544
1125
563
702
1065
303
1572
2518
1831
1614
1260
2471
1007
2485
2197
1302
248
1498
410
2156
1738
593
1430
55
817
2340
332
1796
2116
2189
1848
2890
1232
2256
722
2035
2151
567
653
1042
797
277
650
2013
1280
2564
1942
268
2423
744
945
467
2560
811
816
1895
1661
2901
1087
564
1079
747
2924
2668
1845
527
1111
2654
2329
1841
1765
718
2584
1109
2383
761
362
2641

