1 1
2 1
3 1
4 0
5 1
6 1
7 1
8 1
9 1
10 1
11 1
12 0
13 1
14 1
15 0
16 1
17 0
18 1
19 1
20 1
21 1
22 1
23 1
24 0
25 1
26 1
27 1
28 1
29 0
30 1
31 1
32 0
33 0
34 1
35 0
36 0
37 1
38 1
39 0
40 1
41 1
42 1
43 0
44 0
45 1
46 1
47 0
48 1
49 0
50 0
51 0
52 1
53 0
54 1
55 0
56 1
57 1
58 1
59 0
60 1
61 1
62 0
63 0
64 1
65 0
66 1
67 0
68 1
69 1
70 0
71 0
72 0
73 0
74 0
75 0
76 1
77 1
78 0
79 1
80 1
81 0
82 1
83 0
84 0
85 1
86 1
87 1
88 1
89 0
90 0
91 1
92 0
93 0
94 0
95 0
96 1
97 1
98 0
99 1
100 1
101 0
102 1
103 0
104 0
105 0
106 1
107 1
108 0
109 0
110 0
111 0
112 0
113 1
114 1
115 0
116 1
117 1
118 0
119 0
120 0
121 1
122 1
123 1
124 1
125 1
126 0
127 0
128 0
129 1
130 0
131 1
132 0
133 0
134 0
135 0
136 0
137 0
138 1
139 0
140 0
141 1
142 0
143 1
144 0
145 1
146 0
147 1
148 0
149 1
150 1
151 0
152 1
153 0
154 1
155 1
156 1
157 1
158 0
159 1
160 0
161 1
162 0
163 1
164 1
165 0
166 1
167 0
168 0
169 0
170 1
171 1
172 0
173 0
174 0
175 1
176 0
177 0
178 0
179 0
180 1
181 0
182 1
183 1
184 0
185 0
186 1
187 1
188 0
189 1
190 0
191 0
192 1
193 0
194 1
195 0
196 0
197 1
198 1
199 0
200 0
201 1
202 0
203 0
204 0
205 0
206 0
207 1
208 1
209 1
210 1
211 1
212 1
213 1
214 0
215 0
216 0
217 1
218 1
219 0
220 0
221 1
222 1
223 1
224 0
225 1
226 1
227 1
228 0
229 1
230 0
231 0
232 0
233 0
234 1
235 0
236 0
237 1
238 0
239 0
240 1
241 1
242 0
243 0
244 0
245 0
246 1
247 1
248 0
249 1
250 0
251 0
252 0
253 1
254 1
255 0
256 0
257 0
258 0
259 1
260 0
261 1
262 1
263 1
264 1
265 0
266 1
267 0
268 1
269 0
270 0
271 1
272 0
273 1
274 0
275 1
276 1
277 1
278 1
279 1
280 0
281 0
282 0
283 1
284 0
285 1
286 1
287 0
288 1
289 1
290 1
291 0
292 0
293 1
294 1
295 0
296 1
297 0
298 1
299 1
300 0
301 0
302 0
303 1
304 1
305 1
306 0
307 1
308 1
309 1
310 0
311 1
312 0
313 1
314 1
315 1
316 1
317 0
318 1
319 1
320 1
321 1
322 0
323 1
324 1
325 0
326 1
327 1
328 1
329 1
330 0
331 1
332 1
333 0
334 0
335 1
336 0
337 1
338 0
339 0
340 1
341 0
342 1
343 0
344 1
345 0
346 0
347 0
348 1
349 0
350 1
351 0
352 1
353 1
354 1
355 1
356 1
357 0
358 0
359 1
360 1
361 0
362 0
363 0
364 0
365 0
366 0
367 1
368 0
369 0
370 1
371 1
372 0
373 0
374 1
375 0
376 1
377 0
378 0
379 1
380 1
381 1
382 1
383 1
384 1
385 0
386 0
387 0
388 1
389 1
390 1
391 0
392 1
393 1
394 1
395 1
396 1
397 1
398 0
399 0
400 1
401 0
402 1
403 0
404 1
405 1
406 1
407 0
408 0
409 0
410 1
411 1
412 0
413 1
414 0
415 1
416 0
417 1
418 0
419 1
420 0
421 1
422 1
423 1
424 0
425 1
426 0
427 0
428 1
429 1
430 1
431 0
432 0
433 0
434 0
435 0
436 1
437 0
438 0
439 0
440 1
441 1
442 1
443 0
444 1
445 1
446 0
447 1
448 1
449 1
450 1
451 1
452 1
453 1
454 0
455 0
456 0
457 1
458 1
459 1
460 1
461 1
462 1
463 0
464 1
465 1
466 0
467 0
468 1
469 1
470 1
471 0
472 0
473 1
474 0
475 1
476 1
477 1
478 0
479 1
480 1
481 0
482 1
483 1
484 1
485 1
486 0
487 1
488 1
489 0
490 1
491 1
492 0
493 0
494 1
495 1
496 1
497 1
498 0
499 1
500 0
501 1
502 1
503 0
504 0
505 0
506 0
507 0
508 0
509 0
510 0
511 0
512 0
513 0
514 1
515 1
516 0
517 1
518 1
519 1
520 0
521 0
522 1
523 0
524 1
525 1
526 1
527 0
528 1
529 1
530 0
531 0
532 0
533 1
534 1
535 0
536 1
537 1
538 0
539 0
540 1
541 0
542 0
543 0
544 1
545 0
546 0
547 0
548 1
549 1
550 1
551 1
552 0
553 0
554 1
555 0
556 0
557 0
558 0
559 0
560 0
561 1
562 1
563 0
564 1
565 1
566 0
567 1
568 1
569 0
570 1
571 1
572 0
573 1
574 1
575 0
576 1
577 0
578 0
579 0
580 1
581 1
582 1
583 0
584 1
585 1
586 0
587 0
588 1
589 1
590 1
591 0
592 0
593 1
594 0
595 1
596 0
597 0
598 1
599 1
600 1
601 0
602 0
603 0
604 0
605 1
606 1
607 0
608 0
609 0
610 0
611 0
612 1
613 1
614 0
615 0
616 1
617 0
618 1
619 0
620 1
621 1
622 1
623 0
624 1
625 1
626 1
627 0
628 1
629 1
630 1
631 0
632 0
633 1
634 1
635 0
636 0
637 0
638 1
639 1
640 0
641 1
642 0
643 0
644 0
645 1
646 1
647 0
648 0
649 0
650 1
651 1
652 0
653 1
654 0
655 0
656 1
657 1
658 0
659 0
660 0
661 0
662 0
663 1
664 0
665 1
666 0
667 0
668 1
669 1
670 0
671 0
672 0
673 0
674 0
675 0
676 1
677 1
678 1
679 0
680 0
681 0
682 0
683 1
684 1
685 0
686 0
687 1
688 0
689 0
690 1
691 1
692 1
693 0
694 1
695 1
696 1
697 1
698 1
699 0
700 0
701 0
702 1
703 1
704 0
705 1
706 1
707 0
708 1
709 0
710 1
711 0
712 0
713 1
714 0
715 0
716 1
717 0
718 0
719 0
720 0
721 1
722 1
723 1
724 1
725 0
726 0
727 1
728 0
729 0
730 0
731 1
732 0
733 1
734 1
735 0
736 0
737 1
738 0
739 1
740 1
741 0
742 0
743 0
744 0
745 1
746 0
747 0
748 0
749 1
750 1
751 1
752 1
753 0
754 0
755 0
756 1
757 1
758 0
759 0
760 1
761 1
762 1
763 0
764 1
765 1
766 1
767 1
768 0
769 0
770 0
771 0
772 0
773 1
774 1
775 1
776 0
777 1
778 0
779 1
780 0
781 1
782 0
783 0
784 1
785 0
786 0
787 0
788 0
789 1
790 1
791 0
792 0
793 1
794 0
795 0
796 1
797 0
798 1
799 0
800 1
801 1
802 0
803 1
804 0
805 0
806 0
807 0
808 1
809 1
810 0
811 0
812 1
813 0
814 0
815 0
816 0
817 1
818 0
819 0
820 1
821 1
822 1
823 0
824 0
825 1
826 1
827 0
828 0
829 0
830 0
831 0
832 1
833 1
834 0
835 0
836 1
837 1
838 0
839 0
840 1
841 1
842 0
843 0
844 0
845 0
846 1
847 0
848 0
849 0
850 1
851 0
852 1
853 0
854 0
855 0
856 1
857 1
858 1
859 1
860 1
861 1
862 0
863 1
864 0
865 0
866 0
867 0
868 1
869 0
870 0
871 1
872 1
873 0
874 0
875 1
876 0
877 1
878 0
879 0
880 1
881 0
882 1
883 1
884 1
885 0
886 1
887 0
888 0
889 1
890 0
891 0
892 0
893 0
894 0
895 0
896 0
897 1
898 1
899 1
900 0
901 1
902 1
903 0
904 0
905 0
906 0
907 0
908 0
909 0
910 0
911 1
912 1
913 0
914 0
915 1
916 1
917 1
918 0
919 0
920 0
921 0
922 1
923 1
924 0
925 0
926 1
927 1
928 1
929 0
930 0
931 1
932 1
933 0
934 1
935 1
936 0
937 1
938 1
939 1
940 0
941 0
942 1
943 1
944 1
945 0
946 1
947 1
948 1
949 0
950 0
951 0
952 1
953 0
954 0
955 1
956 1
957 0
958 0
959 1
960 0
961 1
962 0
963 0
964 1
965 0
966 0
967 1
968 0
969 1
970 0
971 0
972 0
973 1
974 0
975 0
976 1
977 0
978 1
979 0
980 0
981 1
982 1
983 0
984 0
985 1
986 1
987 1
988 0
989 1
990 0
991 0
992 1
993 0
994 0
995 0
996 0
997 1
998 1
999 0
1000 0
1001 0
1002 0
1003 1
1004 0
1005 0
1006 1
1007 0
1008 0
1009 0
1010 1
1011 1
1012 1
1013 1
1014 0
1015 0
1016 1
1017 0
1018 1
1019 0
1020 1
1021 0
1022 1
1023 1
1024 0
1025 1
1026 1
1027 0
1028 0
1029 1
1030 0
1031 0
1032 0
1033 1
1034 0
1035 0
1036 1
1037 0
1038 0
1039 0
1040 1
1041 1
1042 0
1043 0
1044 1
1045 1
1046 0
1047 1
1048 1
1049 1
1050 1
1051 1
1052 1
1053 1
1054 1
1055 0
1056 0
1057 0
1058 0
1059 0
1060 1
1061 0
1062 1
1063 1
1064 1
1065 1
1066 0
1067 1
1068 1
1069 0
1070 1
1071 1
1072 0
1073 0
1074 1
1075 0
1076 1
1077 0
1078 0
1079 0
1080 0
1081 0
1082 0
1083 0
1084 1
1085 1
1086 1
1087 0
1088 0
1089 1
1090 1
1091 1
1092 1
1093 1
1094 0
1095 1
1096 0
1097 0
1098 0
1099 1
1100 1
1101 1
1102 0
1103 0
1104 1
1105 0
1106 0
1107 1
1108 1
1109 1
1110 1
1111 1
1112 1
1113 0
1114 1
1115 1
1116 1
1117 0
1118 1
1119 1
1120 0
1121 1
1122 1
1123 0
1124 1
1125 0
1126 0
1127 1
1128 1
1129 1
1130 1
1131 1
1132 1
1133 1
1134 1
1135 0
1136 0
1137 0
1138 1
1139 1
1140 0
1141 1
1142 0
1143 0
1144 1
1145 0
1146 0
1147 0
1148 1
1149 1
1150 1
1151 1
1152 1
1153 1
1154 1
1155 0
1156 1
1157 1
1158 0
1159 0
1160 1
1161 0
1162 0
1163 1
1164 1
1165 0
1166 1
1167 0
1168 1
1169 1
1170 0
1171 1
1172 1
1173 1
1174 1
1175 0
1176 1
1177 1
1178 0
1179 1
1180 0
1181 1
1182 1
1183 1
1184 1
1185 0
1186 1
1187 0
1188 1
1189 1
1190 1
1191 1
1192 0
1193 0
1194 1
1195 1
1196 1
1197 0
1198 0
1199 1
1200 1
1201 0
1202 0
1203 1
1204 1
1205 0
1206 0
1207 0
1208 1
1209 1
1210 1
1211 1
1212 0
1213 1
1214 1
1215 1
1216 1
1217 0
1218 0
1219 1
1220 1
1221 0
1222 0
1223 0
1224 0
1225 1
1226 1
1227 0
1228 1
1229 0
1230 0
1231 1
1232 1
1233 0
1234 1
1235 1
1236 1
1237 1
1238 0
1239 1
1240 0
1241 1
1242 1
1243 1
1244 1
1245 1
1246 0
1247 0
1248 1
1249 1
1250 1
1251 1
1252 1
1253 0
1254 0
1255 1
1256 1
1257 1
1258 1
1259 0
1260 0
1261 1
1262 1
1263 1
1264 0
1265 0
1266 0
1267 1
1268 0
1269 1
1270 1
1271 0
1272 1
1273 0
1274 0
1275 0
1276 1
1277 1
1278 1
1279 1
1280 1
1281 1
1282 1
1283 0
1284 0
1285 1
1286 1
1287 0
1288 1
1289 1
1290 1
1291 0
1292 0
1293 1
1294 1
1295 0
1296 1
1297 1
1298 1
1299 0
1300 1
1301 1
1302 0
1303 1
1304 0
1305 0
1306 0
1307 0
1308 0
1309 0
1310 0
1311 0
1312 1
1313 0
1314 1
1315 0
1316 0
1317 0
1318 0
1319 0
1320 1
1321 1
1322 0
1323 1
1324 1
1325 1
1326 0
1327 0
1328 0
1329 0
1330 0
1331 1
1332 0
1333 1
1334 0
1335 0
1336 0
1337 1
1338 0
1339 1
1340 1
1341 0
1342 0
1343 0
1344 1
1345 0
1346 0
1347 0
1348 0
1349 1
1350 1
1351 1
1352 1
1353 0
1354 0
1355 1
1356 0
1357 0
1358 0
1359 1
1360 1
1361 0
1362 1
1363 1
1364 1
1365 1
1366 1
1367 1
1368 1
1369 0
1370 1
1371 0
1372 1
1373 1
1374 1
1375 1
1376 0
1377 1
1378 1
1379 0
1380 1
1381 0
1382 1
1383 0
1384 0
1385 0
1386 1
1387 1
1388 1
1389 1
1390 1
1391 1
1392 1
1393 0
1394 0
1395 0
1396 1
1397 0
1398 0
1399 1
1400 1
1401 1
1402 1
1403 1
1404 0
1405 1
1406 1
1407 1
1408 1
1409 0
1410 0
1411 0
1412 0
1413 0
1414 1
1415 1
1416 1
1417 0
1418 1
1419 0
1420 0
1421 1
1422 1
1423 1
1424 1
1425 1
1426 1
1427 1
1428 1
1429 1
1430 1
1431 1
1432 0
1433 0
1434 0
1435 0
1436 0
1437 1
1438 1
1439 1
1440 1
1441 1
1442 0
1443 1
1444 0
1445 0
1446 0
1447 1
1448 1
1449 1
1450 1
1451 1
1452 1
1453 0
1454 0
1455 0
1456 1
1457 1
1458 1
1459 1
1460 0
1461 1
1462 0
1463 1
1464 0
1465 0
1466 0
1467 0
1468 1
1469 1
1470 0
1471 1
