553
2912
1815
942
2706
1245
1011
2319
1374
2217
2079
2074
2376
918
2567
1550
2060
2835
173
2134
982
499
2628
97
2661
816
2180
2531
596
2127
147
2365
2823
1194
2730
2251
1980
9
1093
1828
674
604
1611
2056
2035
1821
494
2668
1008
2135
1797
2462
2785
2211
1868
184
893
2650
1662
1997
1266
1946
2757
1689
1757
1326
852
629
1804
1929
2929
1513
1255
778
2188
1298
1132
2123
1603
1554
1014
2932
925
2576
675
2529
1051
2146
1764
1040
1455
1714
1848
2532
343
513
1638
2651
1071
1595
1933
2076
637
653
1107
2724
737
115
617
470
472
388
1606
425
303
1483
0
1081
1111
1155
2200
234
529
2674
903
2139
2898
1641
2479
2586
2652
2486
446
1637
971
2671
2429
1467
144
2400
2229
2513
2037
1863
1082
2333
1149
2402
1404
558
850
736
2286
1999
2647
185
2527
1283
35
1158
2852
1899
2828
1422
2545
243
490
2710
1019
2428
1831
400
782
1636
1452
1069
2362
2892
10
1996
1016
908
222
2825
527
810
828
2546
933
2165
2303
2673
396
2561
2274
1343
74
2878
2265
1441
2352
853
363
1544
1975
1567
2252
227
2464
507
221
1942
2677
1669
2861
2072
2417
788
404
1246
1128
1650
2895
362
1690
961
2270
1156
1383
334
2306
535
2033
1362
1418
2682
106
959
2090
239
1762
1173
539
2876
2472
2708
1905
2014
1623
1622
1516
223
1977
361
2580
761
687
2273
2766
376
1306
550
2164
877
118
2481
895
134
335
495
1935
2629
382
763
1125
2843
1402
1079
7
432
2644
1190
941
1582
1519
2510
829
1352
2530
2341
2535
2440
2078
2880
1914
2383
2369
461
1772
2884
1844
548
237
679
2320
2690
266
1727
2258
1710
940
1945
647
880
1116
2918
712
1504
1454
1882
224
1512
1873
657
2470
1073
218
2594
1983
1889
1769
1760
2543
521
2434
2212
2605
469
2838
1121
910
165
1515
1124
435
2760
214
878
402
482
839
2444
552
784
1590
847
2914
2602
1566
2518
179
1866
2268
867
2418
1322
2153
427
2495
2077
601
1626
1733
1535
1771
2261
887
1345
1138
1628
1706
1661
307
2015
357
2003
1076
734
570
2523
616
2156
888
2692
1157
1691
2883
902
2603
136
491
1682
197
1937
1059
1991
1681
1858
17
2504
2088
752
1924
437
269
1108
575
1683
2542
1212
1202
1248
883
1992
834
2318
263
667
282
1196
2627
2718
1394
293
969
25
89
650
755
2409
2923
2143
830
216
928
2155
1965
972
1333
42
2615
919
2800
890
1421
1113
175
1856
2830
2849
2754
2560
1494
705
1458
1986
1511
1151
594
2040
2635
2857
2386
2916
1457
2537
1953
785
1353
139
1574
38
2926
721
689
990
671
66
409
1721
1166
1106
49
2801
793
1287
151
506
759
807
1464
1617
1907
2267
1729
1923
662
1070
1249
2011
801
19
2797
1207
2729
2100
429
1601
1023
1474
1470
576
1238
680
456
1517
1655
805
476
832
129
2249
2676
2224
2573
1568
2646
1148
2494
2698
2279
1559
684
1530
2405
1195
602
1164
1742
2010
2186
2937
2715
105
1670
666
2208
669
2621
864
1495
2151
643
931
693
193
2357
2195
2221
194
2315
1153
2271
130
392
2121
2147
1387
133
405
1340
2282
668
1610
2572
1920
2585
1577
1239
1221
659
1792
2632
240
720
195
546
2239
1359
1210
299
1564
2775
2501
545
1701
1716
748
1951
2793
426
1931
1803
729
2694
2422
1891
1726
1653
2467
2500
2092
2896
2636
2394
1890
2871
855
2340
191
2654
1392
1443
2096
1621
2840
2496
1961
2547
2528
2624
259
1917
1037
2000
541
1431
1486
2734
2363
164
226
1083
1749
2029
2813
1178
1459
346
2062
815
707
1003
1331
2372
1884
2203
1786
1423
2882
2626
585
879
1253
2821
1154
1552
1096
909
99
660
1476
1250
2839
2209
1819
2309
2055
2016
1892
70
1780
2533
1484
2334
1328
1573
2305
904
2408
958
422
2378
2803
2846
1145
2455
2311
2904
1024
1271
2659
158
1761
1849
1932
1293
131
255
1184
82
1910
1281
557
295
605
1321
1571
1787
273
2897
1576
1442
2740
2245
1693
1170
1745
54
2210
1319
468
1788
2331
1242
1288
159
2281
424
917
1471
1642
2701
987
804
176
968
206
2413
2353
315
598
747
1339
2133
2842
1629
347
1720
2589
20
569
1152
1214
1031
1162
2304
2124
2145
1122
1575
1676
394
228
1903
113
2112
775
2590
2600
2748
98
1514
2722
1460
586
1936
774
2939
2013
1213
281
2266
1919
2287
1790
2223
407
733
953
2539
1507
1658
61
1042
1703
1529
927
262
731
1934
1596
753
1046
2606
1335
703
2664
2836
568
2316
2612
2410
78
1817
583
51
1938
395
2837
1994
1363
799
1982
800
34
2723
563
2296
1325
809
2154
397
861
1304
2285
1077
1744
1624
859
1660
2870
1632
783
1103
11
701
2447
486
1432
1602
2194
1522
391
2095
2471
2936
2125
2241
837
1709
2025
1885
836
2681
109
1273
1034
67
613
638
2792
912
1405
1897
579
2222
2292
2201
2206
178
1536
2433
423
2833
200
2242
2789
514
2321
944
21
2424
916
2277
1100
2196
2788
2102
364
2697
289
2717
1279
819
1416
556
1861
157
768
885
1310
1502
2432
635
1588
439
1988
939
2900
515
2105
406
2397
256
1216
1546
528
1009
2787
2059
438
1960
2640
1358
1160
2051
96
2565
2187
257
566
739
2614
540
241
1724
1142
2544
1984
2058
2608
1118
1823
2197
2024
2811
460
2521
897
854
1542
1022
265
2255
697
310
2115
1563
2618
699
735
1549
2641
2593
2515
2346
611
2436
1109
1572
2679
155
1296
1801
436
2865
459
2247
13
2934
1604
170
1989
211
372
2235
58
2899
2160
2085
2887
621
1695
2721
1759
913
367
2328
1355
453
1240
1906
2406
1337
1050
1254
1349
2477
305
1223
2566
711
208
1734
1798
1959
2709
1824
2816
2643
1398
2260
2907
2582
2858
1396
1850
1773
1089
280
149
2122
2111
578
2670
1447
1172
1822
2215
498
2461
1616
677
655
189
1846
2726
509
140
503
2894
1697
1673
204
1649
2910
543
1222
921
2502
634
220
1410
167
2253
1161
2148
2891
2411
2820
1541
384
2487
2834
1365
441
1382
1939
1874
2613
764
1053
1807
2552
996
1834
1614
1883
2625
1032
71
340
416
2324
1968
522
1386
1520
695
2042
1012
2556
1776
2162
2683
2526
2817
1191
278
1607
1327
1694
1385
308
2478
2083
1411
2592
2848
833
1420
2021
2082
1479
2069
728
1954
1067
2516
1525
2219
1230
760
2691
706
1001
2666
951
1026
2597
627
2798
1354
1006
1237
860
2568
2236
380
2873
1480
2559
1115
1336
863
1417
1684
102
1634
302
1361
1211
2004
264
2152
238
2439
365
2214
820
458
532
1802
2468
1774
2452
62
1487
1399
77
1652
1908
79
1143
1784
2492
2379
871
1940
1592
2169
2330
1258
1004
1351
2420
141
390
1810
2276
1403
1280
504
2491
2248
1119
44
2745
15
1058
2737
2392
2703
377
1900
700
40
225
2046
2449
2588
1002
1909
1187
1139
279
1543
2847
1029
2804
1526
428
1228
1712
998
2345
1427
1126
2008
1007
2503
348
1957
2638
1851
2719
2699
1609
2022
163
502
1314
1334
32
2596
2136
356
1407
369
2150
517
1751
29
2368
2044
401
806
260
2622
1174
1955
215
389
142
154
1976
758
2288
312
1408
2326
2120
1165
1490
117
474
1251
1473
1580
2344
2099
2317
920
2348
1605
593
2538
2761
1715
2511
2902
2497
1593
2310
1065
1864
949
665
2332
143
2818
1894
1466
1553
1208
1521
107
1732
127
631
378
1414
319
229
1654
2168
2426
1227
555
500
1565
2097
374
1131
408
1599
622
849
724
1656
2254
875
1922
2665
2205
2759
1135
983
85
2138
2259
2458
148
2732
2263
1608
3
2283
2213
1450
1477
1120
2505
967
69
1052
247
1448
2101
116
2815
2911
1842
2806
119
1433
2081
2672
2822
1236
2841
2293
1619
612
773
1217
1378
1941
992
1646
686
571
101
2812
2753
1440
2631
991
2117
1499
2742
822
664
2064
68
1286
1413
1688
2220
2712
1312
678
1978
2343
1928
2684
2384
2653
1317
1618
1472
1066
2604
86
587
1970
592
2290
2198
524
2536
915
1444
2764
1538
2307
2859
1098
317
1456
1229
268
1557
471
2445
1262
692
802
1791
1112
1078
366
2890
2746
1203
2336
2739
1469
414
452
965
1179
26
2609
2098
1809
1752
1295
1376
1308
2819
1329
2374
1088
756
743
2917
536
2702
379
2172
2864
857
1313
1193
2204
955
2845
2237
2616
2658
2448
2446
43
751
1667
978
754
2045
2903
450
1309
926
1033
322
2177
1225
1500
516
1412
80
1189
2002
2199
2620
2577
1267
1781
2525
1265
1260
970
1481
781
83
2660
2190
1235
2548
869
1962
2459
2688
327
2512
534
1430
1598
1527
274
1748
318
1348
1728
1344
444
2061
821
938
235
1437
2456
23
1341
656
544
2770
838
2540
894
1391
549
2860
1292
1898
2182
811
732
744
2735
1853
1136
1763
1600
2157
2869
2373
2509
2231
2437
600
236
326
2128
1746
2938
2385
1461
487
2066
1702
512
2762
2720
1723
1200
411
2325
2562
290
202
2881
1497
2427
2777
1449
1795
2442
2728
973
1862
1297
2824
2367
2758
72
1687
1219
2915
986
1699
2396
2322
52
1167
1285
2866
2087
2159
1130
440
1150
1969
1645
2275
988
1647
1493
2191
2080
1778
922
324
233
1979
796
2065
253
1169
1257
172
1990
110
2381
1045
301
661
2240
2030
723
2158
1666
190
574
2514
1532
1102
1735
777
1680
979
1127
1054
14
2827
309
100
1064
59
1372
2645
1092
795
2238
1722
2574
1134
92
1524
718
1591
1269
1539
1360
642
858
213
846
2244
609
1686
1880
2595
1224
2756
607
358
2935
2814
1958
2868
1561
2794
1482
2257
1755
1055
203
2366
2262
2041
2601
2312
1400
1044
1367
232
2103
713
994
132
1841
870
209
2780
2696
267
1021
1020
41
287
1110
1767
614
960
2927
1117
2771
2782
2802
1663
2023
1770
827
2617
2019
1926
1436
60
1247
449
2485
1274
843
1947
1664
2667
698
1644
2387
2189
2714
1825
1182
1799
2228
608
1289
212
2175
1330
976
1708
2178
1140
2809
1206
1671
964
2933
1586
2380
1000
932
2350
2163
1789
1672
547
248
1768
1800
2225
554
2584
2393
1739
508
2207
192
1323
1094
572
2026
288
589
1995
1039
201
1425
1583
929
2094
291
2925
2747
952
276
1101
530
2557
519
923
1558
2388
1303
2451
1758
1
2308
1584
2550
1201
2414
1627
2049
2438
1406
1912
1005
1916
1967
790
2711
628
1531
345
445
2107
1090
1657
1057
2161
2465
2663
2057
2355
1451
18
46
1845
1338
359
2707
2776
715
881
896
22
1704
767
497
1226
63
145
1095
244
623
2607
1793
329
1419
2184
1013
2179
1268
1867
2166
431
1123
794
2551
1545
1569
2575
480
749
2799
371
2299
1639
685
564
1137
591
641
2534
1930
111
75
966
750
824
294
399
787
137
1785
1015
1964
1896
624
2507
2855
433
1498
338
2419
8
1181
2930
2648
582
1741
2457
135
2415
835
848
1373
2298
2450
1364
1030
1631
2675
152
311
479
1159
1091
1659
2441
2356
355
538
630
2126
2347
874
252
383
1643
681
2877
501
907
1302
451
2725
985
2227
619
1753
2856
336
648
1840
434
150
64
930
1972
936
2412
410
4
1612
1872
2549
1332
2498
1264
2233
1613
633
1233
2230
999
2913
56
1501
1551
339
882
2039
1855
2425
297
1993
950
1904
87
2403
2517
2063
1087
1869
2731
160
518
2323
726
443
1879
430
485
1085
1918
1315
1043
2743
2009
304
1640
2591
947
2289
182
551
2216
1369
1357
112
385
1813
872
562
1747
636
186
1186
2167
1679
2416
1488
682
50
1049
2786
1698
2662
780
271
462
272
73
76
2920
1579
1668
37
169
989
2132
2769
1290
1491
2226
954
1176
24
455
2327
1508
1981
2093
1489
618
1198
791
1439
103
333
1692
219
1205
1581
898
198
2555
694
1347
393
2767
2280
2193
323
1080
2686
2784
473
1717
2928
899
1311
418
2522
2829
1775
2284
943
2744
1974
2752
2851
28
654
704
81
2738
993
447
1047
1381
1468
1010
975
1072
725
465
1696
2017
2001
421
2067
205
108
934
1877
2716
492
415
2118
207
2482
2763
1888
1570
2399
1705
2655
1707
2909
2
2790
1913
2480
2599
1548
814
826
1950
467
1075
2404
1278
2854
1794
1887
2906
1197
1836
2773
2570
2581
138
2520
856
901
1350
181
331
526
177
33
900
818
2329
199
745
1062
2693
2131
1275
1594
1973
1220
1086
1256
1415
1324
2630
484
2569
1560
1175
891
1232
2831
1028
741
690
1241
1651
1294
963
1878
2031
1779
1839
580
1492
91
2129
2483
2232
2826
2370
1061
2183
1307
2116
1927
39
620
2598
2032
2781
1812
2364
2335
868
120
1740
2564
2297
2050
27
2149
2901
1218
646
2713
2587
2499
2689
1585
1865
1370
2173
1270
420
1966
162
2476
475
250
1146
2269
2751
2519
2020
2460
483
2808
180
1301
2541
463
2250
2314
2339
1453
757
1048
542
2174
285
651
742
573
65
1291
2361
2170
2407
1060
2294
2772
2391
1852
1870
254
125
1284
1475
599
510
1068
1518
481
2302
884
823
1380
590
2075
2005
2791
1465
851
36
505
945
2043
251
658
1827
2741
2466
1035
1318
1719
166
946
771
2908
2571
2889
2893
765
2028
1171
710
663
2036
196
1379
892
565
2649
2558
957
1833
1401
779
419
2524
2685
1876
1463
1796
93
1424
683
1949
387
123
1429
1018
2888
230
2071
2657
2553
2234
1665
2853
1555
2278
2142
2113
2313
2508
314
1737
496
2202
1528
2554
2119
1756
2669
2130
1956
2611
1754
2256
351
1209
2807
1393
817
2137
2338
1485
2421
1829
1356
88
906
84
1838
886
277
320
2089
246
2783
330
716
1183
2038
842
2469
1620
1811
30
2358
746
2291
2430
352
1843
1163
249
2176
2490
626
275
2795
2301
313
1597
1366
1038
1743
1685
2007
2941
1272
1806
128
911
914
2704
644
2295
2375
210
2610
956
1244
1808
2578
1534
672
104
702
413
2054
493
1750
615
1674
2779
1388
1188
825
95
1814
258
523
386
1104
1738
2106
121
457
2805
1144
581
1133
948
2687
2867
2070
1971
2642
610
1017
2727
2700
2027
1944
762
2639
1875
2921
2454
12
1857
1700
2774
722
1948
2243
1084
1234
730
2493
1141
584
1506
696
776
2475
2371
464
1847
1177
341
2389
360
1409
559
161
1818
727
2091
2506
2872
1389
242
560
2086
283
1390
520
1648
688
2108
2104
1462
261
670
905
1987
2359
577
2886
984
2778
2443
2398
1215
1893
812
350
2488
2109
1816
2474
2637
2048
398
1625
2431
1041
1129
1587
1305
2068
168
831
1105
862
153
270
2435
595
1074
1766
873
2489
53
2360
48
286
588
1783
1505
31
2006
2382
412
146
2473
1496
1063
57
2634
2140
2863
316
368
1540
2755
676
1871
1243
2885
1711
1199
1713
2905
2862
1765
300
2337
2619
2192
1963
296
1395
673
770
1537
2750
381
561
90
466
298
639
691
1736
1192
2073
292
1097
717
45
2924
321
1446
2218
974
2633
1320
1547
606
2377
171
1185
1426
1578
2342
924
1854
2018
375
1730
1509
1805
1902
1036
325
2796
2354
786
844
370
1725
2874
2463
537
488
935
2579
798
652
2736
531
489
719
454
353
1860
2401
373
738
645
1830
122
417
2678
1300
2181
2144
478
1635
2390
1377
1434
1615
1277
2850
2246
2110
995
2919
187
1445
977
1180
997
1952
1371
328
1678
2832
114
188
2875
1556
766
2583
845
2733
126
1168
1886
603
1204
1832
2272
1777
625
1881
354
1677
2423
2351
342
714
2765
2034
174
740
1943
1438
1099
183
2931
597
1562
1523
1675
981
866
2185
94
1368
803
245
1316
632
1259
980
1533
1375
1282
2349
1435
1252
1921
2114
1342
1835
2656
2563
1859
2053
2084
640
962
708
1263
511
1985
2052
2047
2453
1276
937
16
1901
2940
808
1630
1837
709
2012
1998
284
841
403
6
2141
789
1915
1147
2844
1346
231
1911
769
344
2695
448
349
797
2395
1428
1025
1633
1731
2749
1027
1478
2922
5
2171
442
1114
332
1231
2300
1826
1261
1589
1510
306
1820
533
124
337
1925
772
2705
1056
156
2810
2879
2264
1782
567
792
1503
1718
649
1384
2623
813
55
525
2484
2768
889
1895
217
865
2680
477
840
1397
1299
876
47

