452
2111
374
1274
2454
2091
2554
2687
2774
1141
998
2851
2400
434
638
986
1354
739
459
680
2672
1429
2013
700
671
2869
86
1967
1595
364
2463
2004
1392
1870
1973
2822
567
1409
307
1222
1600
716
1782
2391
1545
1525
327
826
101
1467
323
1396
1813
1382
100
1316
1307
1808
979
1191
746
524
444
1367
1603
370
1892
1511
977
2345
2137
617
1536
2217
2558
2823
985
1530
2250
97
495
93
828
1205
2247
2906
2088
2078
2399
367
1565
1672
2140
1291
2133
2084
283
2414
1431
2806
1264
1225
2154
712
1934
774
1981
2275
1805
697
2351
2324
352
4
1601
2622
892
200
2328
2379
994
2460
2304
494
1279
601
10
1041
1192
836
707
237
44
1476
372
777
1266
2701
2638
2853
946
1754
251
669
148
298
949
2170
2543
2597
1616
210
2796
604
893
2192
1956
1849
1418
1221
953
1144
1819
2593
2674
1278
1240
2861
2899
1909
2513
111
1663
1800
2587
628
921
1575
1550
2615
422
2337
1020
1452
358
2907
2229
2667
1890
2067
2265
1789
2724
170
750
2627
2746
1556
2271
2809
1904
656
2786
2215
861
625
1081
683
1453
1140
2768
2893
2258
1086
74
211
1989
1420
799
1145
2612
2618
1788
1899
1242
1963
124
1948
2795
1925
546
134
2371
2603
1940
1738
2028
2428
2843
464
1727
187
2166
561
1669
2404
2025
1344
786
1381
1891
2260
2038
1827
54
870
1048
1602
2662
401
1703
579
2303
180
1250
1475
215
540
1701
1040
1737
1871
2449
1069
1239
2889
1673
2079
2685
178
956
537
534
2875
1941
255
1115
1193
1330
2308
125
1913
645
1986
1825
1442
1664
498
1608
2614
1581
266
221
1712
924
1379
1336
2844
1756
1985
2894
1735
2921
2535
1700
1697
582
2112
1857
1450
394
1923
1248
863
1692
1226
1615
2493
879
1223
1836
997
2487
1482
1150
795
1501
2681
272
1631
1009
1417
403
1385
685
2151
600
541
1809
1894
1509
75
62
599
2437
484
2438
522
649
2385
496
351
1146
737
2281
1489
735
1790
710
729
21
482
112
557
1804
1121
1745
549
2021
315
581
80
525
609
2804
621
2359
1118
2205
809
2605
1130
201
2919
1220
1880
330
2097
2199
577
2034
329
325
1321
2118
99
2085
2284
2750
25
1380
344
1231
2285
2607
1161
1099
1516
2296
1713
2641
2729
1137
1759
2181
1971
1817
1065
2360
894
2240
2577
2762
2601
868
975
1774
2865
1337
1628
313
585
622
730
782
1474
2900
1015
2561
2459
0
2718
1403
2925
1535
592
2490
2606
615
996
212
1766
850
2009
520
1432
2807
1507
1347
798
796
1772
284
318
145
2050
753
413
1750
1945
1210
1466
308
530
132
171
745
348
1134
1895
66
900
506
2600
463
866
216
2912
2646
1877
418
1980
2761
1180
151
1288
1153
1638
699
227
1796
1553
461
1753
1101
2159
2339
2523
278
2732
919
1856
1276
2803
1219
952
262
2008
2589
1257
1702
1529
1968
2198
462
1087
504
915
1007
2573
1394
2486
2533
1012
2469
2767
2903
2536
1503
1590
839
930
2001
670
761
767
1361
1613
2596
2800
2849
857
1922
2267
1918
2726
634
2043
1783
296
1109
693
24
2179
2538
883
2172
2652
1415
53
595
1747
1019
548
1974
1687
1
1698
2297
421
429
1080
864
895
841
58
2333
2364
562
2827
2060
110
2742
87
1816
1183
819
1010
311
854
1262
1865
120
1075
2706
1585
2675
275
598
1333
1648
2834
479
2616
2446
399
999
476
824
1050
2529
1650
2242
279
732
783
252
2728
1499
1593
1724
665
906
2123
362
260
1517
2514
1919
2537
2781
1617
1368
532
1456
1577
1327
172
2624
242
1023
1031
222
1905
218
206
1896
1531
1445
1594
2129
1293
2570
50
2102
2030
501
2329
1668
1578
2532
1282
551
1626
772
1376
384
281
696
1149
1373
248
486
414
1598
749
521
2309
1383
2887
2790
2116
60
1641
1699
2099
632
2182
2735
2825
2305
856
2376
41
359
2054
981
2592
2416
2138
214
2831
365
67
1045
1705
1034
1198
1691
2107
1677
1659
131
2926
30
817
1838
1528
2110
46
2528
2511
780
2716
2394
2453
2692
2512
2840
1171
188
1690
1315
369
2934
1404
436
193
2552
2037
1092
2788
198
355
2113
1422
889
2341
1961
2684
528
2269
846
1927
691
2679
788
386
1770
597
657
2773
2863
2044
708
1292
1675
2355
2876
297
2489
1837
1485
2226
2042
688
1544
2194
1914
430
1749
2644
2819
802
2783
492
544
2053
2868
2024
1411
519
2147
1280
1265
899
2837
2340
2334
107
811
1267
52
1287
1156
1916
339
1400
931
984
160
1868
570
646
2065
1416
1869
758
2484
2548
289
231
2089
1784
1029
1047
2526
2649
1228
2908
79
887
363
2141
1760
607
2070
20
1117
1398
2300
1936
1633
1625
2902
1987
2257
2149
1560
1077
2424
2426
518
2156
1988
485
2246
2931
897
1840
2760
2549
1095
2125
1064
2572
775
2842
905
1647
2578
2521
1861
1106
869
1955
1303
1227
1148
2860
1035
2717
1455
346
304
2410
612
1818
2467
2367
424
1725
1067
2881
1835
784
2623
2336
2365
2291
2864
1502
842
2236
2178
1864
2168
2046
2829
1508
1464
9
2740
2313
2056
2594
1233
995
616
2690
353
1732
1182
668
2748
820
1493
1769
1952
342
2274
1108
127
2505
2757
806
2620
1078
2880
2374
229
169
1794
141
2241
575
2927
2458
2888
426
662
2655
2177
291
233
1763
837
830
723
2393
1133
1957
1410
1688
287
17
690
655
1862
2617
574
1351
2152
2824
855
1364
805
2348
942
1407
747
513
1386
1397
785
1845
1461
1366
1969
1943
455
687
1122
1089
1939
2006
292
449
2941
90
59
1629
1331
1832
2214
470
2233
1889
2590
823
2174
2298
789
2539
933
1236
202
1721
2518
1711
2068
505
1362
1042
1562
590
1976
184
2273
793
310
1423
1853
2261
2785
1557
1268
827
2766
2425
2769
183
2223
797
881
833
1915
2708
547
2525
1522
167
2237
1124
1425
2917
378
651
731
488
477
2315
1620
1090
2664
1736
176
2413
2545
2357
2656
446
2032
794
2083
602
2707
1709
2074
907
2747
102
755
676
1938
1863
1778
2190
1421
337
1574
113
2319
1332
1558
376
1954
1097
322
1935
2828
441
2064
2283
804
564
692
471
1021
2709
1716
2005
2937
152
2095
717
1375
1387
268
909
2418
1125
1016
1449
443
1480
2288
2546
2026
738
1500
1318
2509
1003
2383
321
294
1479
2253
1211
2765
1066
349
1079
722
108
2145
2163
1286
1812
2741
910
965
1187
1978
2082
623
2677
1678
2480
2780
653
453
1157
2924
2317
2321
2387
1787
815
2234
2830
511
2104
117
392
2282
1142
2117
2347
1901
1024
978
1477
766
2207
487
637
1521
882
1212
1486
768
2417
922
834
743
2922
1990
1002
1526
95
26
2928
1488
2373
1218
2712
123
2432
2731
1026
1073
1765
238
1855
873
2397
858
104
1970
2503
2530
155
2155
2815
2584
1352
76
626
1487
181
2322
2495
2230
620
705
1609
84
1408
2441
2144
764
1139
55
1755
535
451
2221
158
2002
89
1527
2202
2293
1947
2691
1514
1898
1903
109
246
1328
57
2763
1341
508
550
1739
1437
611
759
445
19
1297
1665
884
2784
939
667
2047
970
213
2335
2579
720
1091
391
2474
2462
1748
223
2633
2311
1606
2775
1430
1155
2108
16
1858
119
1311
808
1960
435
1414
2412
1147
860
1359
2310
1388
341
377
1515
2048
641
740
1720
652
945
282
1569
2871
136
2799
1484
1289
1505
2164
885
458
361
1814
982
2500
2158
1803
2354
974
2029
2184
2384
2520
1510
2776
115
468
2736
2515
2496
96
1355
880
316
1831
405
1624
689
1059
135
2452
2377
2447
306
1116
2862
235
1058
1027
34
1879
1991
711
2150
1305
1113
1129
1038
2647
250
2929
317
2295
859
1349
2019
2791
686
536
1406
2639
1810
1830
2669
1661
1561
555
205
1926
1680
1791
49
1643
2015
2625
232
1733
741
2661
1498
890
867
2186
2143
2914
960
2011
2713
701
293
47
18
179
1263
335
2456
1204
1984
991
411
1308
191
2574
440
1037
7
2081
1224
944
1883
2012
2877
1435
2898
269
1982
390
1244
94
1589
527
748
78
2586
2915
2098
1953
2289
925
1177
1472
130
542
2897
33
77
725
2213
2197
1068
1506
603
1921
2326
2180
1306
814
2910
1167
1911
1143
1874
706
1964
1194
594
2850
2106
934
2609
757
2727
332
2109
801
543
1795
153
2631
1304
800
875
1951
831
2566
380
2392
1074
465
1459
1309
1977
964
2541
1094
2940
1326
2567
2581
1438
1524
851
726
1230
1107
848
2501
475
2805
1571
2550
2686
1158
1717
383
1666
2699
2499
2660
1610
916
2231
713
2481
903
1612
1860
2527
920
207
2434
1447
762
1670
1671
1202
1627
2017
1513
106
736
2069
1285
2613
752
878
1255
2023
2045
1036
368
853
273
1820
2464
509
1284
1596
137
410
2073
2700
1391
2936
1443
2126
1694
1132
787
1358
1128
972
2220
2020
1424
1300
2734
1083
1878
1188
1241
2885
2504
1063
1169
2188
936
1645
1072
2930
2058
1273
1215
1044
1426
847
2483
1605
630
2375
1199
2249
2891
2659
2224
1195
821
2216
288
681
2794
2457
658
1314
2721
1798
1243
583
45
2856
1824
2642
1729
1011
636
1246
1623
760
2636
812
2821
2519
1290
2301
2411
2294
442
493
474
1543
1929
539
1815
88
118
1807
2353
147
2403
1504
1084
976
2832
754
3
1652
2204
1707
1356
2372
1126
1885
276
2722
1174
14
1457
2130
2259
2506
606
2323
1463
1743
2302
1829
1301
98
2663
2422
2857
497
2139
2171
1518
2571
2892
373
1875
2737
2119
1931
2136
1761
8
2798
1170
2027
1937
1206
1490
2650
2621
1054
1844
2682
2697
2443
388
1906
1104
1632
404
2203
42
299
1651
1540
63
1345
1773
2212
2635
2401
168
876
2386
1839
241
2855
744
1123
2219
1586
263
2251
1592
425
1112
175
1949
1962
790
2352
1693
1296
769
2645
2878
407
1900
2696
1908
1907
2131
980
2867
1247
2841
2772
2327
2497
2370
2092
2476
728
2003
627
2688
2598
2591
927
2874
918
963
1217
1338
1164
2398
1496
1619
1811
2913
319
2668
2797
1454
2756
2076
2733
2814
2218
718
1636
1767
2582
2714
1618
2254
2938
2087
1591
2556
2859
1983
1801
898
1071
64
161
1008
1902
489
694
2818
2238
1604
659
1440
2388
1360
1046
613
1777
618
677
1685
2739
2331
911
225
1548
1841
1576
1294
1642
473
1214
300
1324
1746
816
2764
2904
1203
2629
1554
990
703
71
1342
2720
1958
2752
629
2670
65
2264
2872
2792
2290
778
1334
350
1275
1886
431
1259
514
1655
258
2094
1959
702
2560
174
2666
2262
220
2751
1468
1053
2052
1413
1704
2725
673
2836
2051
742
2932
1867
406
1876
1433
1186
1534
2209
2896
456
1583
2235
2210
1168
2278
644
1842
776
2061
499
398
243
371
1995
1657
523
553
650
2128
379
2595
165
2059
1165
1082
1405
2429
1462
1070
1873
2160
314
507
727
2491
1930
2157
2306
1384
2366
545
1742
756
1582
2440
573
2749
2580
280
2576
1057
2516
1357
2485
2854
1887
1966
1570
852
1771
721
2378
277
807
254
2276
382
2873
1494
140
2439
1302
1001
2035
2585
68
1563
2494
2569
654
1298
121
2049
133
835
163
1852
1166
1176
480
2287
2057
912
765
1317
1799
2846
466
2173
447
1649
1775
1100
605
1555
1179
438
1533
1786
1942
2744
1213
1346
1851
1658
267
624
2225
572
1975
928
2559
114
324
196
203
1674
265
2148
2433
2120
1260
1888
2811
1993
1882
2036
2380
2356
2362
2640
714
1884
1512
366
1448
1197
334
82
23
1312
2314
2176
1096
1353
2312
467
164
2852
1299
559
257
822
901
1881
1481
1780
2244
2758
244
2703
35
578
2759
1119
2396
354
2419
2753
1897
1950
2473
2779
580
1723
1622
2299
81
1185
2923
416
469
333
674
2508
1061
437
891
695
1537
2695
1006
734
2730
2492
1232
678
2540
1120
261
2344
2710
647
2358
584
1621
529
1363
1917
2522
1181
715
415
2793
1207
1258
961
1559
1776
1587
6
947
810
1022
357
2086
2167
2789
1614
2122
162
862
156
2693
940
22
490
2488
586
888
12
2039
2266
1458
1271
1779
1997
2477
1378
1085
2121
439
1630
943
1389
1573
1684
2702
966
1781
2270
1847
2698
2619
971
2431
675
1103
1088
2363
2286
1370
173
958
719
2409
274
185
290
515
2472
1208
432
1607
917
1039
240
512
2870
2858
142
2245
2268
2632
195
1111
2918
1660
610
208
2801
1741
29
2524
472
423
1718
31
2161
387
948
2263
1245
2187
43
1979
2886
1473
2745
2332
1568
1722
1686
2643
983
988
1004
2191
825
2933
460
245
1310
1390
2361
642
72
2183
1828
1689
402
1588
2451
400
1768
483
2719
2436
1549
336
2935
968
92
433
1866
2911
1184
1597
1371
85
1667
13
1374
1928
303
614
2802
565
2557
791
159
450
2810
270
1200
2077
1579
2583
2787
2256
1797
2568
865
2626
1339
234
1910
1639
1547
751
1295
558
2848
420
987
832
2470
2292
143
2153
2195
2115
2711
1018
389
2010
256
1728
1419
666
295
126
204
1599
533
1833
2031
197
633
596
1793
2531
1428
1542
1656
2555
2471
1152
2782
2350
228
1098
138
1269
1272
1277
309
2676
1102
1762
347
926
381
1323
1162
1635
1114
661
1252
929
1719
1051
2420
2127
2895
1834
15
1446
941
902
2542
1055
1996
2816
1965
813
129
5
236
1611
1401
1235
11
2507
2320
32
2715
1912
1802
1520
2634
2466
2369
51
217
1994
1726
2450
1523
845
397
1946
2427
1313
2448
1792
393
2883
1634
2468
122
2901
1159
409
2694
1843
40
500
1465
1043
950
2534
219
569
2502
1584
1823
1483
516
969
955
2318
1826
2553
2884
150
1999
2658
396
2142
2939
36
724
73
639
2063
1320
923
1395
2771
1451
2743
2683
1850
2165
1196
1060
1340
2845
937
2072
56
679
2678
2430
190
1372
2835
2228
648
2272
1924
2090
2
954
343
1846
328
779
872
2778
259
2680
2206
2389
2565
631
608
103
1848
1436
2105
247
1256
803
1261
1234
2248
1495
914
1377
1201
844
1032
1580
2847
1393
2201
2406
709
37
1539
340
2316
454
345
1546
1998
2461
1402
517
1172
230
2754
1138
2100
157
2833
182
1497
1329
412
2307
2770
1229
224
2255
1033
1646
360
1154
2421
510
660
829
1492
556
1439
904
2185
1469
1470
989
2479
992
1683
1653
2673
385
2475
2338
2551
154
2482
408
1175
1237
1731
2651
908
1972
663
2916
591
2602
448
2630
1110
70
1441
91
593
2812
301
770
457
2252
1365
2175
2820
2882
326
502
2423
1566
1350
2866
932
1519
2599
1017
1135
1564
2839
957
2435
1893
938
2040
2134
781
61
2648
264
1014
395
226
1992
2000
2041
1471
2022
338
563
1806
2544
935
1062
1209
116
2227
1859
1028
186
1740
144
1013
1444
698
2405
2071
2455
2343
28
2382
1025
2562
491
967
2654
331
771
481
2755
285
566
1695
1000
1283
2208
619
2146
2547
2909
1854
2628
2390
2637
2478
1640
1343
1822
2014
2243
1715
792
2777
1322
286
1491
1532
149
589
838
305
2905
2200
576
2101
1714
2445
587
2395
356
554
2653
2407
239
1190
2510
640
177
2124
763
588
2114
1270
1030
1752
840
478
1163
271
1178
2826
2498
2325
69
849
1478
2080
1249
2604
2689
428
874
2135
2169
2239
194
962
2817
2277
773
1706
913
1682
209
2465
871
2563
2408
2162
1933
2657
2349
2838
2196
2738
146
27
1049
2279
39
1644
1730
2193
1056
1281
2611
1399
2610
2330
1093
419
2808
2444
2096
2879
503
1460
1541
843
951
1254
1932
2608
38
105
2018
531
1551
2232
1734
2588
2016
1708
1348
1751
1052
1676
1189
249
139
2093
1681
1538
1238
2062
733
2346
672
2055
2564
1427
1757
704
2665
2075
1160
1744
1136
643
189
128
1637
896
560
2517
1412
2222
1216
2813
571
635
1758
959
1785
2723
2103
1335
1662
2705
2890
1076
166
1572
1251
1654
253
1696
682
973
552
2575
2415
568
993
199
1253
375
1005
664
2368
877
2033
2671
2280
302
1131
2211
2402
526
48
320
1821
1434
2189
1552
1567
1369
538
2007
192
886
1944
312
1679
684
1319
1127
83
818
1173
2132
2381
1151
417
1325
2342
1872
1105
427
1920
1710
2066
1764
2704
2920
2442

