1 1
2 0
3 0
4 0
5 0
6 0
7 0
8 1
9 0
10 1
11 0
12 0
13 0
14 1
15 1
16 0
17 1
18 0
19 0
20 0
21 1
22 0
23 0
24 1
25 0
26 1
27 0
28 1
29 1
30 1
31 1
32 0
33 0
34 0
35 1
36 1
37 0
38 1
39 1
40 1
41 1
42 0
43 0
44 1
45 0
46 0
47 1
48 0
49 1
50 1
51 0
52 1
53 0
54 0
55 1
56 0
57 1
58 1
59 0
60 1
61 0
62 1
63 1
64 1
65 1
66 1
67 0
68 1
69 1
70 1
71 0
72 0
73 1
74 1
75 0
76 0
77 1
78 1
79 1
80 0
81 1
82 1
83 0
84 1
85 0
86 1
87 0
88 0
89 1
90 1
91 1
92 1
93 0
94 1
95 1
96 1
97 1
98 1
99 1
100 0
101 1
102 1
103 1
104 1
105 1
106 1
107 1
108 1
109 1
110 1
111 1
112 1
113 1
114 1
115 0
116 1
117 0
118 1
119 1
120 0
121 1
122 0
123 0
124 0
125 1
126 1
127 1
128 0
129 1
130 0
131 0
132 1
133 0
134 0
135 1
136 1
137 1
138 1
139 0
140 0
141 1
142 0
143 1
144 1
145 0
146 1
147 1
148 1
149 1
150 1
151 0
152 1
153 0
154 0
155 1
156 1
157 0
158 1
159 0
160 0
161 1
162 0
163 0
164 1
165 0
166 0
167 0
168 0
169 0
170 0
171 1
172 1
173 1
174 0
175 0
176 0
177 0
178 0
179 1
180 0
181 0
182 0
183 0
184 1
185 1
186 1
187 1
188 0
189 1
190 1
191 0
192 0
193 0
194 0
195 0
196 1
197 1
198 0
199 0
200 0
201 1
202 0
203 1
204 0
205 0
206 0
207 0
208 1
209 1
210 0
211 1
212 0
213 0
214 0
215 1
216 0
217 0
218 1
219 1
220 0
221 1
222 0
223 1
224 1
225 1
226 0
227 0
228 1
229 1
230 1
231 0
232 1
233 1
234 1
235 0
236 1
237 0
238 1
239 1
240 0
241 0
242 0
243 0
244 0
245 0
246 0
247 1
248 1
249 1
250 0
251 1
252 0
253 1
254 1
255 0
256 1
257 0
258 0
259 1
260 1
261 1
262 0
263 1
264 0
265 1
266 1
267 1
268 1
269 0
270 1
271 1
272 1
273 0
274 1
275 1
276 1
277 0
278 0
279 0
280 0
281 1
282 0
283 0
284 1
285 0
286 1
287 1
288 0
289 1
290 0
291 0
292 0
293 1
294 1
295 0
296 0
297 1
298 1
299 0
300 1
301 1
302 0
303 1
304 1
305 0
306 0
307 1
308 1
309 0
310 1
311 0
312 1
313 0
314 0
315 0
316 0
317 0
318 0
319 1
320 0
321 1
322 0
323 0
324 1
325 1
326 0
327 0
328 1
329 0
330 1
331 0
332 1
333 1
334 0
335 0
336 1
337 0
338 0
339 1
340 0
341 1
342 1
343 0
344 1
345 0
346 0
347 1
348 0
349 0
350 1
351 0
352 0
353 0
354 1
355 1
356 1
357 1
358 1
359 0
360 1
361 0
362 0
363 1
364 0
365 1
366 1
367 0
368 0
369 1
370 1
371 0
372 0
373 0
374 1
375 1
376 0
377 0
378 0
379 1
380 1
381 1
382 1
383 0
384 0
385 1
386 1
387 0
388 1
389 0
390 1
391 0
392 0
393 0
394 0
395 1
396 0
397 1
398 0
399 1
400 1
401 0
402 1
403 0
404 0
405 0
406 0
407 0
408 0
409 1
410 1
411 1
412 1
413 1
414 0
415 1
416 1
417 1
418 0
419 1
420 1
421 0
422 0
423 0
424 0
425 0
426 1
427 1
428 1
429 0
430 0
431 1
432 1
433 1
434 0
435 1
436 0
437 1
438 0
439 1
440 1
441 1
442 1
443 1
444 0
445 0
446 0
447 1
448 0
449 1
450 1
451 0
452 0
453 1
454 1
455 1
456 1
457 1
458 0
459 0
460 0
461 0
462 0
463 1
464 0
465 0
466 0
467 0
468 0
469 0
470 1
471 0
472 0
473 1
474 1
475 0
476 1
477 0
478 1
479 0
480 0
481 1
482 1
483 0
484 0
485 1
486 0
487 0
488 1
489 0
490 0
491 0
492 0
493 0
494 1
495 1
496 1
497 1
498 1
499 1
500 0
501 1
502 1
503 1
504 1
505 1
506 0
507 1
508 1
509 0
510 0
511 1
512 0
513 0
514 0
515 0
516 1
517 0
518 1
519 1
520 0
521 1
522 0
523 1
524 0
525 0
526 0
527 1
528 0
529 1
530 1
531 1
532 0
533 0
534 0
535 0
536 1
537 1
538 0
539 0
540 0
541 0
542 0
543 0
544 0
545 0
546 1
547 0
548 1
549 0
550 0
551 0
552 1
553 1
554 0
555 0
556 0
557 0
558 1
559 1
560 0
561 1
562 0
563 1
564 1
565 0
566 1
567 0
568 0
569 1
570 0
571 0
572 1
573 0
574 1
575 1
576 0
577 1
578 1
579 1
580 1
581 0
582 1
583 0
584 1
585 0
586 0
587 0
588 0
589 1
590 1
591 0
592 0
593 0
594 0
595 1
596 0
597 0
598 0
599 0
600 0
601 1
602 1
603 0
604 1
605 1
606 0
607 1
608 1
609 1
610 1
611 1
612 0
613 0
614 0
615 0
616 1
617 0
618 1
619 1
620 1
621 1
622 1
623 0
624 1
625 1
626 1
627 0
628 1
629 0
630 1
631 0
632 0
633 1
634 0
635 0
636 0
637 0
638 1
639 1
640 0
641 0
642 1
643 0
644 0
645 1
646 1
647 1
648 1
649 0
650 0
651 0
652 0
653 1
654 0
655 1
656 1
657 0
658 0
659 0
660 1
661 1
662 0
663 0
664 0
665 1
666 1
667 1
668 1
669 0
670 0
671 0
672 1
673 1
674 1
675 0
676 0
677 0
678 1
679 1
680 1
681 0
682 1
683 0
684 0
685 1
686 1
687 0
688 0
689 0
690 0
691 1
692 1
693 0
694 0
695 0
696 0
697 0
698 0
699 0
700 0
701 1
702 0
703 1
704 0
705 0
706 1
707 1
708 1
709 1
710 0
711 0
712 0
713 1
714 1
715 1
716 1
717 0
718 1
719 0
720 1
721 0
722 1
723 0
724 1
725 1
726 0
727 1
728 1
729 0
730 1
731 1
732 1
733 1
734 0
735 0
736 0
737 0
738 0
739 1
740 1
741 0
742 0
743 0
744 0
745 0
746 1
747 0
748 1
749 1
750 0
751 1
752 0
753 0
754 1
755 1
756 1
757 1
758 1
