1551
2231
765
1477
1299
1796
513
2838
2543
1689
2579
1207
2499
882
2193
288
2219
340
2587
1244
143
2719
2260
1975
2895
905
2853
641
680
1393
1904
1305
2521
1094
2675
187
901
2040
1367
1374
379
638
223
2914
1607
1930
478
52
224
1546
2391
1669
543
358
1970
1258
1627
1728
2628
395
611
1920
843
391
1506
1490
253
1253
2251
2301
1769
1047
2407
1657
1776
2875
1442
1950
1446
1105
1799
763
240
1634
2133
2215
911
2268
2586
2052
178
2582
61
1762
741
214
515
2275
2452
569
1643
995
968
2401
1048
2613
2354
1987
862
209
1108
273
2889
2755
1053
2715
1591
2927
2481
1526
1697
1573
489
389
2657
170
312
1699
2751
1314
2155
2618
1341
21
2866
883
137
822
2223
809
2774
2786
1912
2357
1231
1312
393
766
1061
1888
2157
251
1866
964
470
1589
2086
1719
2241
1049
409
704
1389
617
2921
2909
2097
761
1434
2202
2178
1701
2229
2798
2430
1441
845
873
1911
1129
2359
146
2384
1925
501
635
1143
2541
2011
698
2885
2519
787
2530
2855
1038
2353
1726
803
2487
1962
1623
2900
443
2537
1999
565
2694
1386
1250
1708
2938
2848
1887
2397
670
1495
481
2217
2880
455
1011
216
813
2293
1819
267
2932
1488
2237
2239
1694
1327
1067
1458
2425
1391
2117
1991
226
2723
1990
1140
1599
171
1941
485
892
2263
2253
823
1725
2569
2747
1926
2137
634
2484
1262
457
2483
1426
2778
1080
1635
1826
2297
119
70
294
1404
2822
85
549
1891
1525
2861
2843
952
403
1903
1687
1336
1224
1401
979
83
1243
1227
1772
1127
1746
2036
1723
221
1955
2553
559
978
1590
1126
1445
1
516
643
834
1787
2224
2085
2507
387
1682
1957
1418
1304
295
460
291
2264
1922
2076
202
2536
1722
1563
92
154
192
1379
606
1520
1937
539
2546
1307
402
1815
177
377
1575
1859
1349
955
174
2910
2444
141
2147
1351
42
996
2123
2369
1116
1602
1238
2523
2590
2080
1817
118
1578
1251
2540
2690
17
1605
652
2677
737
1672
2272
465
2071
2621
2091
720
2722
411
2750
1397
640
2825
622
185
462
1103
1209
2009
50
1790
2172
579
190
1316
2882
1422
1809
239
600
494
777
2475
2915
2038
2461
547
2310
1344
773
616
1879
1159
2371
794
2014
1828
994
2919
1497
122
848
2573
1172
938
2738
2267
468
2065
2741
2877
2225
199
1421
2456
1650
989
1658
292
868
36
477
1577
2063
1332
124
1961
1026
1040
2513
342
2886
2077
2852
450
568
1621
1088
193
404
2151
1017
1392
1439
2811
2865
2296
434
2704
1693
930
1204
2742
1758
1323
2320
16
753
2806
718
307
4
2816
1150
1363
1193
633
2388
825
2249
433
354
1774
2000
973
1289
697
826
1893
1293
2053
1093
1315
1089
1739
2400
982
1218
561
2342
2847
2594
673
1996
1338
1741
32
212
2500
1297
2166
2935
1474
2441
1484
788
102
2604
2240
1666
1077
1153
1785
1566
1333
486
1111
2648
1734
614
1115
1433
166
528
2139
180
2114
1717
105
2743
745
739
2609
372
2878
1007
2911
26
2905
530
1298
2526
2443
217
2639
274
687
541
449
2214
2760
1015
2250
1909
688
1793
1780
1894
1447
2124
347
414
54
2440
744
11
73
751
572
1847
2029
2024
575
1673
2205
2809
1932
804
436
2627
2696
148
1452
2140
1381
438
2757
2269
1233
522
548
1965
1273
2365
1959
363
709
545
1933
2154
875
1027
2424
2506
2890
2150
215
1313
2785
51
343
2818
861
1878
2849
29
428
1282
138
1091
390
2726
2736
1857
1078
1892
1683
590
256
407
269
573
2851
1612
300
2283
2209
736
2074
2490
2485
1593
2330
242
1581
2630
791
2753
1806
1177
1407
112
1610
164
444
2584
2870
752
2926
1619
127
762
2652
2286
364
1396
1432
2034
1956
1170
149
566
2810
2762
2626
49
2858
746
1721
2351
2846
37
2227
1649
401
2860
740
953
2793
2460
1992
18
2916
1018
1626
2616
1287
782
546
2432
1603
2292
350
1023
1240
2001
907
1037
2422
2228
1797
2673
807
2669
1951
1324
1001
1139
280
1838
1025
1832
1642
2923
2426
2199
1417
562
2854
445
1505
191
2867
1724
850
2261
316
2307
1756
2683
1789
2090
1024
1572
607
2211
113
252
1000
422
2361
278
94
2925
2212
2906
1969
1146
2931
1471
2928
2799
110
362
1685
1843
1117
1927
1200
1186
323
1953
1751
22
2312
2864
426
2936
2078
832
1877
1155
1065
1711
97
168
1543
345
1902
2035
2631
1463
664
10
1821
1003
1368
1256
1820
962
890
318
2820
24
1070
1230
1854
1444
19
394
783
419
885
2730
1134
2699
2175
1709
1356
2896
2335
951
2647
2740
2323
2529
1168
665
348
639
2381
1588
958
877
2023
1378
442
1856
2409
2844
1507
459
2367
80
582
186
771
653
864
898
299
2504
542
1791
1695
81
1874
1310
1087
1235
598
2421
2032
1461
2710
505
992
637
510
1735
2210
1870
1369
492
1767
2162
1275
1567
2574
2373
69
2412
2940
1916
2008
2122
1269
1549
2070
373
2807
2230
2486
847
2360
1083
1294
2567
990
987
1361
1522
1270
2876
1261
1511
2887
2763
2698
649
912
1165
2832
980
1162
2416
654
789
1503
668
1631
2374
1237
1175
488
2623
480
103
237
2611
2784
1529
1935
2496
2667
167
1949
1561
1586
1362
1453
2069
1600
1860
1286
58
1119
1923
1671
2343
1435
439
1792
198
173
163
686
2107
1968
1343
246
107
1057
2607
1412
2413
1562
1501
128
1974
303
266
2517
2350
694
1523
889
2328
965
2313
798
1868
970
1998
2776
2446
1246
497
749
1394
1825
1548
1531
2918
2459
703
2509
1366
1213
1184
1613
967
1638
96
1784
435
1890
1537
1608
1476
121
1629
2042
2130
1355
1678
2171
2834
1622
2720
2427
2184
2159
479
2110
206
1597
937
2067
856
2570
1542
1211
2779
844
1880
609
374
2474
2688
220
1190
580
1002
2185
1264
2207
75
1582
423
602
228
2431
1380
997
1827
1571
936
235
335
1646
2442
1050
2599
241
1703
1640
1420
247
338
2033
2138
550
1729
723
896
311
2146
1242
2356
1585
2018
2256
1757
2638
1598
1148
123
1897
707
1853
2103
1010
2294
89
2593
2670
605
2682
1149
1154
367
588
1370
2331
1831
432
277
2478
279
1212
1100
786
1437
592
317
2804
1016
2010
1182
114
2242
28
130
305
2662
399
1704
2821
1686
1652
301
1988
2535
1552
2595
805
2045
1431
2802
441
603
1901
2691
630
537
2439
1430
396
2317
1365
2339
2494
1534
984
2414
2252
2284
1283
1413
2758
1512
1408
2153
31
452
1076
2158
1302
2655
1899
101
1763
2836
2449
1206
876
429
1840
2455
1929
1409
691
471
2874
132
159
1864
2550
1869
2748
176
272
2039
1611
1266
2661
116
53
507
2712
2334
1731
2580
1960
926
1173
1034
2105
287
2189
1419
701
165
410
915
2404
2116
67
2291
2576
7
1203
2862
1844
1898
1502
2771
829
717
1390
498
2612
2179
1845
2562
2062
1008
900
378
496
853
536
518
581
469
903
679
2781
512
897
2318
551
329
705
2393
68
681
721
1469
232
2300
1917
275
2898
1733
595
574
95
1320
2749
963
15
296
349
2539
1550
2824
1945
2262
1540
2518
244
1113
1971
702
2551
461
1128
2904
557
1188
2436
2471
1972
2542
993
2083
1255
1907
156
1066
1131
1345
150
621
1664
2791
2833
2912
2770
950
2731
2305
1883
2379
2027
1900
2709
1022
1839
1535
1659
1164
1742
2656
2248
1271
2454
1545
2311
1138
2148
2303
2840
225
860
162
2280
1278
728
1863
2596
2797
2012
475
1228
1142
332
1515
1098
1942
2325
974
2469
1667
1814
1833
304
1559
298
1257
750
2434
2772
2717
487
2347
910
188
491
1807
949
1630
986
383
1736
2259
851
1236
1805
1738
2068
109
2827
799
947
1239
840
1777
2597
1963
865
1811
2752
2488
1615
2561
2206
425
182
1375
693
333
1371
1896
674
1919
1348
1494
2625
1691
2651
916
1910
1665
1946
1222
1274
1382
1254
2164
35
360
1376
1989
91
748
1852
928
1234
474
570
2707
591
1107
315
1541
1979
456
1967
446
57
1176
2308
2577
1730
1151
337
1981
526
2583
458
587
2649
106
881
366
1157
1004
56
1046
778
500
2279
1104
866
39
2358
2495
2378
2879
1985
2527
2939
1486
161
152
708
2203
1641
2563
941
2702
1405
248
2674
155
0
599
270
385
133
2894
1737
1944
322
908
236
1489
532
2096
1438
806
1818
706
2043
261
2941
328
558
370
795
564
1095
2658
1519
172
2491
1771
933
909
785
2115
2548
684
818
1101
2463
672
2873
1668
1679
2216
437
2733
179
1830
2901
601
1851
1339
2355
2403
1137
2059
1475
1822
1584
1696
2332
1661
1553
14
972
1196
1908
2089
2636
1596
2004
2897
1241
254
2665
2871
855
626
2101
731
2226
1804
2591
1322
1144
1918
376
375
306
1295
2497
2498
2370
923
2837
1440
66
1580
2111
2136
2769
1538
2501
2121
321
1768
2689
2144
506
2565
2119
98
584
2021
1676
2234
2554
1028
2235
2028
2197
1516
330
473
314
1936
1032
1514
1054
924
1954
2075
596
59
776
2057
371
726
1060
260
2055
34
1491
418
1086
62
792
1191
578
33
2641
1712
1229
1481
1330
534
1617
77
1411
1414
944
1688
2685
2120
841
2338
756
2408
658
134
2020
1834
1555
2282
1068
583
2246
719
2637
1781
816
2173
2187
2385
732
2522
250
2859
2453
355
511
1051
1041
1862
201
1905
2643
1713
1948
1300
1424
255
2218
408
991
1889
1388
1886
1021
2274
2135
1039
453
1277
2402
1764
2761
1592
341
139
2362
208
966
1645
84
2056
2812
663
642
1102
2777
2141
700
1483
1715
2277
2109
1398
627
2174
619
2084
2891
400
946
76
772
79
1085
1670
1747
6
2420
196
415
420
1267
319
1033
2435
1064
2015
331
2734
1178
2766
1123
1842
169
553
1539
243
99
2884
623
2705
671
954
1260
467
2386
46
716
661
1181
2663
1881
2125
2112
945
448
1194
667
1199
1761
1163
727
1976
1301
2344
1216
2725
1871
620
2066
1647
1754
831
2319
886
1467
8
1192
854
1544
1059
1636
2635
651
538
1895
145
657
1069
1406
1290
1564
1096
755
631
2093
628
690
552
1816
870
1147
2243
2411
2304
2445
2545
920
2708
1921
2732
1208
644
2680
1135
88
2289
1939
23
1473
1727
126
1325
2869
2288
2232
929
1876
13
63
738
730
858
2321
258
1744
2479
2170
888
2790
2575
1637
1837
1276
1779
2037
325
571
1097
1966
1794
2640
527
589
48
1654
2515
1187
2349
1836
1225
1498
1045
1644
837
1156
2830
1451
2177
710
2842
824
200
1716
767
2007
2
120
1122
931
1285
1223
308
615
1604
735
78
65
554
1296
544
2737
2644
2913
1982
2306
2502
2128
1353
2794
1125
942
2601
2654
1132
998
1980
650
2684
1707
2394
271
2208
1052
158
1221
1766
2005
925
1504
2826
1810
2482
1399
12
1062
961
508
195
344
624
2671
1058
1499
297
1174
147
1029
47
2892
499
369
2395
1684
976
2271
1997
2687
2087
1882
797
346
1884
2711
483
1056
2721
1044
1740
2298
490
1410
884
2815
125
2850
2410
2363
985
1934
1012
2899
2002
1268
770
281
2450
398
1861
758
140
2417
1183
2692
2676
2872
1841
1938
2302
1090
1633
660
2795
2653
943
871
2929
222
781
1450
2163
2375
309
2634
904
136
2552
2727
2222
1232
1788
2006
2295
1977
817
2572
262
2149
1478
2467
1281
1462
210
493
2031
2437
2525
2022
1331
846
2047
1006
2571
2668
2198
2765
1114
2505
1978
1692
1778
2920
520
917
2564
1169
1292
2329
1118
2589
696
263
2129
2803
1141
2863
1875
74
1372
1220
683
676
1492
1846
2729
2186
669
1824
2814
1858
593
1680
1614
2327
648
2213
768
2792
1308
2492
1074
2180
2176
2933
2324
104
1798
1705
988
351
2660
1656
838
2438
1653
2142
625
454
1075
610
613
1465
1770
9
666
1536
647
1130
2281
1133
775
922
2681
2221
1335
1677
1309
1071
2614
560
100
790
1530
82
632
2585
2051
1867
2457
1616
1743
1749
484
405
1493
1377
1109
2287
2273
1415
2764
969
2270
927
656
895
194
157
2195
2348
2181
1215
2557
421
218
1311
115
2448
5
2511
722
869
1500
1013
975
1557
1628
2686
1579
1329
1760
2346
282
313
1020
1720
2406
1019
2389
2713
2489
2314
2196
1786
1265
714
2632
249
339
586
2767
392
1648
811
2382
41
1624
2780
1595
784
1347
1803
2182
2238
1084
1773
1317
764
1226
2829
1885
2477
1984
290
814
1618
519
1166
2602
842
646
476
902
424
464
2800
2695
2831
531
406
1385
956
604
1569
2073
2168
1112
1201
2907
1964
1205
2254
940
1565
1306
1574
913
1556
2061
2019
2423
230
2201
659
971
2340
2615
2629
1479
1472
2856
1319
43
353
815
2290
2724
1943
2902
1383
381
2143
276
2568
1710
1801
1485
2508
2768
2100
533
2547
2315
2937
1179
60
2646
1718
747
482
1482
2788
1247
1387
2377
2672
2392
2642
368
1759
1849
160
2624
1400
1993
2470
2299
2247
713
594
2244
20
618
2405
1005
2200
2322
2188
1042
2396
2285
2156
872
257
2756
2387
2533
2152
1914
142
1873
2805
1480
906
1384
1303
1364
2819
504
2134
2839
380
1009
1180
2659
1167
2398
2480
1427
1429
2650
1443
1449
227
1576
1732
2512
2620
1466
1248
894
769
2633
2841
2754
2265
352
521
2728
2041
1340
2341
2930
2823
3
540
413
2556
2366
1217
1263
893
712
880
585
2922
1073
1030
2703
2534
1402
2190
284
2399
839
1513
1055
1198
1425
117
914
1202
2088
2503
1210
878
184
2472
1812
1755
1373
1554
2801
1906
2510
918
2064
812
2716
1913
1752
2192
327
293
733
1928
416
1063
2419
891
801
451
2493
2017
1352
1342
503
2908
981
1813
757
2167
265
2003
983
1702
1521
1457
111
1350
2161
2429
1279
2451
919
800
2617
2145
715
2220
2099
382
1197
1681
867
466
523
2775
1509
2934
1606
1291
2102
2415
1455
181
1601
1403
1245
857
1850
774
40
1639
636
2473
2160
183
135
921
2380
1655
1632
87
2666
725
1454
2278
2169
189
874
608
1808
384
2516
677
2592
1872
2054
695
1775
2605
2094
2258
2520
334
1508
1625
2079
2718
1031
2697
675
131
1121
1973
1092
780
259
1983
2808
682
2903
153
1161
1272
1865
71
447
1583
1280
361
1487
324
2476
833
555
2336
1748
2236
2131
828
793
229
2746
1136
2058
175
285
2345
359
734
2462
835
1558
2606
514
1560
1700
2532
662
2759
2544
2194
2813
2191
1620
2700
2883
1533
1014
1663
412
2465
2608
2127
2549
2183
72
463
2744
1532
852
365
2645
711
2309
759
1714
2082
2132
2165
25
144
1527
1249
2368
2233
1587
899
802
1189
808
2796
1120
820
2095
495
1698
1152
517
45
2588
1675
1359
1783
2679
397
1568
1036
2245
1106
2524
2924
336
1940
234
320
1081
2048
2418
2881
2566
2468
1328
524
1795
836
1782
2447
1158
310
2581
55
2693
1660
1195
129
1460
1674
2531
1456
2044
1823
1765
472
197
1706
2893
326
1082
1288
830
93
1072
2255
2560
2013
1428
2257
203
1459
245
2782
286
1124
2622
502
2678
678
2868
2600
1160
529
685
2049
1690
629
388
2433
1662
38
2514
2266
2106
1518
2081
207
2016
2619
1079
2316
863
2030
2888
2598
2745
283
151
2783
779
1958
1931
2917
760
577
1448
2538
934
655
1284
1318
563
1346
724
1855
2204
2466
2817
810
1594
1524
1337
1848
1947
2072
44
2352
1924
2701
2828
211
2364
879
819
509
427
2664
108
999
1468
2060
821
2326
1464
849
2714
742
1321
1171
2104
1802
1994
2558
1110
2428
743
264
754
2092
2113
2559
977
2276
1219
430
1835
2337
2528
302
1651
2108
1099
2787
2390
939
1334
2845
238
233
1259
2025
2118
535
2578
1354
525
2555
2610
64
268
2372
1750
1145
859
204
1470
692
357
1436
219
1952
2376
1357
2857
1395
1416
1986
1528
699
2789
1360
1517
576
948
2706
205
386
935
86
2835
2098
213
959
1035
689
231
2046
1358
567
90
1570
1915
645
289
1043
2458
1252
2333
1995
2026
1214
2603
1510
2050
796
2383
1496
1326
597
356
1745
1609
1423
1547
27
2126
2739
932
417
556
431
1753
2735
957
612
960
1800
440
2464
827
1829
1185
729
30
887
2773

