1463
2914
2878
213
444
1035
1883
2759
1964
2644
1698
1762
2196
971
2405
2566
2757
1724
560
2904
47
2513
58
2740
1910
385
1289
16
2364
809
2754
651
1318
685
1170
2881
1609
1850
1589
2069
2671
1116
438
2452
995
2025
981
207
1005
1709
2155
451
1980
1862
2589
1226
1214
1664
2849
2237
2616
671
1330
2451
1608
1879
1716
1972
1044
159
408
1277
2215
1253
221
2917
762
1998
184
122
753
1548
2006
2228
2141
2138
470
450
1405
2443
2143
1386
2898
1396
750
2347
389
508
927
662
2802
1431
2024
1749
1375
1878
1943
794
1192
449
361
2848
2624
205
1041
229
1881
307
1439
1912
1988
878
579
311
2198
2924
1179
1916
1584
173
2036
1580
4
2079
2701
412
1352
860
772
686
278
2259
2816
644
1848
667
2710
267
2509
2607
33
782
533
933
1480
157
1006
1750
534
1284
2233
764
897
303
700
813
1080
388
223
84
1741
2836
2918
2711
2080
2316
163
168
814
2670
44
1079
2620
1935
353
2577
1827
1562
906
2314
467
611
708
1856
2595
1342
2406
2238
974
2034
1587
1715
2340
2891
1605
1468
2255
1243
1550
346
1576
1864
2713
2258
1612
126
1983
2151
1180
564
128
2613
2684
2485
1542
1938
605
799
969
2035
22
2183
416
2522
1056
274
1305
1053
2026
1161
1617
1855
2597
502
1604
2128
2343
1459
2208
2596
2555
2663
2195
2333
2837
1934
2014
2776
1783
124
655
934
2050
1598
1787
950
1247
699
1963
570
2786
1406
382
2441
2888
1423
1613
1518
2419
255
2543
1812
684
1378
596
2815
448
11
1615
31
2172
2482
755
200
1133
202
816
1707
2745
2746
2920
2281
2270
1854
143
1746
2606
630
1091
2164
1572
424
1532
283
343
972
2422
2854
359
791
2178
2499
18
1399
174
2001
2170
1583
558
2384
2594
1169
2852
2043
105
305
2731
1640
2278
1777
2409
618
1450
244
2827
2010
802
2743
2902
2131
1002
25
1178
2431
30
336
2350
46
2218
2348
521
625
2636
1806
2068
2925
1836
819
1081
938
1360
781
2245
2530
1906
347
1138
275
1
1394
2845
1600
1519
1101
2805
2065
59
631
2212
1149
2067
2045
1165
2666
866
2175
953
369
2140
997
2810
499
978
2662
825
834
2507
2099
1347
2477
2240
793
1487
2444
1163
1312
522
524
1162
2232
440
2430
2500
250
1668
1751
973
1248
1336
481
2579
2835
290
911
1991
1403
257
2625
931
887
2476
1357
151
1201
338
2611
1306
1313
2619
1481
843
2013
936
1182
2053
735
1316
2614
903
1696
748
1929
1052
1880
331
939
2295
1911
996
2116
1107
154
2174
1831
490
1730
1740
258
415
339
1045
1544
2629
150
552
2222
1626
235
2524
925
3
2934
1249
2072
2104
1693
1245
530
2564
2808
2313
2767
117
1900
493
2082
951
2454
162
2562
632
922
2017
752
1958
2699
583
1742
1670
916
394
1270
2508
1986
2356
677
1209
641
1127
1240
301
1467
471
961
2896
2319
2321
557
2413
1690
2190
2580
1457
1273
2303
1678
1164
2078
192
14
2310
2150
2042
607
2044
555
1870
2899
1601
818
2494
1927
1497
599
2679
1286
329
1721
540
1124
1647
756
1603
2373
1654
1238
1956
83
1981
833
2892
506
1648
1159
2236
268
141
2370
1747
2066
2383
2048
116
71
1017
1590
111
2521
2282
2420
352
2823
2582
319
654
437
831
1671
2687
1842
2012
133
1512
1086
1629
469
1628
458
2416
2791
1341
2587
2520
2652
149
2016
2929
2572
1181
527
399
1461
2191
0
161
2122
1335
110
384
478
690
2807
2915
2231
78
619
2007
1926
1897
765
1537
964
180
1999
1150
2385
1830
2535
1773
549
1462
2187
785
1184
1538
1426
2250
2414
1183
411
1795
93
226
1851
1774
1301
775
1818
823
144
2667
1968
2517
80
12
2889
2221
2033
2627
604
368
1913
1657
1478
898
64
1354
227
1369
1039
1327
509
1368
2864
2028
1092
2083
2460
890
190
1333
477
1837
2263
1872
1348
1028
72
1571
646
1803
2862
1825
284
777
1447
1592
120
1117
113
1701
1582
731
1498
716
563
1071
983
637
976
2417
638
1206
164
512
419
294
1340
1635
2096
1642
672
1175
1295
839
2769
876
958
2112
1210
1516
2655
405
2471
2843
2003
2939
1841
1695
262
1743
2165
2879
2188
1903
1866
2309
1723
2647
1372
2665
1300
855
169
1057
21
2573
1725
2315
2179
1755
2691
923
1252
1065
815
362
1230
282
266
439
2390
494
2523
1772
199
1566
2882
2109
109
2525
1744
1708
1019
452
1933
842
1686
2571
993
2818
2126
482
2645
1556
1889
668
624
152
2859
1993
943
1287
2766
2220
975
1792
542
2205
2491
81
2200
652
2851
2853
2826
1220
680
63
2682
1961
2615
824
977
464
1391
2527
2773
2576
2941
1920
1059
2397
1914
341
2719
172
1867
848
212
2923
1931
261
841
1893
2280
1789
2257
692
989
1863
2842
363
2227
454
2488
1448
2290
365
2461
820
2400
2268
565
1919
2029
2782
398
1509
1153
1573
1345
94
90
884
2304
1949
1234
1419
1534
432
395
2312
1528
279
852
2279
988
1529
2401
2296
2592
2294
1373
517
1884
1859
371
2650
648
985
101
1290
1904
2074
1361
732
43
2239
1237
729
2537
1390
2812
2704
326
1736
182
2723
2092
859
722
473
2256
355
2913
1356
626
2831
1026
2688
2651
2087
138
676
2147
1109
917
1955
2686
1094
707
905
1060
1351
1503
1246
1102
1616
2729
2213
1007
1533
2100
1578
941
769
2554
2771
2197
1909
106
1766
420
1428
1551
1552
2751
798
1106
1213
2912
2004
2118
2483
643
1882
606
1323
786
2708
1959
788
2061
2349
1522
1565
1530
1684
721
2062
1001
1062
1625
222
2897
1786
877
1979
1254
1011
407
2211
292
838
665
659
1729
23
2032
2534
1262
663
1643
1099
2825
588
2484
955
2408
541
2367
2789
54
2641
2040
928
2657
1093
187
2735
2753
1523
1591
2622
1689
714
2008
2698
1282
1377
990
1402
2425
627
2110
2023
1410
1633
2936
1355
1692
1191
590
1619
442
1499
1411
2467
1800
2497
1421
787
1376
217
2833
1737
1669
2465
2298
70
797
1804
1482
2578
130
1225
114
2911
1951
60
236
1414
349
1004
246
553
1549
1260
2850
1791
2402
435
1211
2244
271
1346
688
520
829
1012
79
738
1258
220
849
1196
1292
589
1585
1084
742
1188
783
2283
314
694
1946
2173
2439
179
628
1874
1023
2927
2107
500
285
372
924
623
1924
1125
480
37
817
2063
1359
2473
1212
2449
2391
2159
1662
1443
306
919
1324
1233
1136
1387
1103
1945
1453
2750
2861
1527
2643
2581
1074
354
741
429
1990
1764
1036
2515
2292
1112
214
874
2058
2935
907
2553
313
1775
2056
760
391
1779
1759
29
902
77
1319
48
806
1682
554
414
317
1676
2873
1656
2514
913
2528
2756
2047
2570
188
1491
322
1236
2376
112
1328
1033
1588
66
2453
673
1314
1665
886
603
569
546
2421
1644
2456
91
1144
2125
247
2906
1294
597
2678
62
908
335
526
1113
1263
739
757
747
725
1064
1189
1168
75
86
376
2171
1733
2692
889
2224
1267
2146
2834
2248
1718
1501
901
293
853
171
2158
1796
1397
1526
2469
1965
1344
1569
333
2772
661
1137
2680
488
566
1858
1022
2546
67
568
2574
100
1932
2095
620
1049
2705
1322
189
1037
915
1072
2694
1969
1699
2618
2378
1493
134
1997
2120
186
298
2855
2739
1441
1130
669
1089
121
380
650
1156
1651
1122
107
2203
2790
1877
776
1279
2363
360
751
1630
2668
2933
1790
1976
586
1691
2433
2792
277
57
1075
883
1915
2081
696
1154
239
1770
224
2922
2438
2541
1217
562
1846
129
1917
2404
392
869
1756
2529
1899
1308
2748
2186
2591
2246
465
538
1722
2064
736
2649
914
2496
1126
2327
2382
2123
1761
910
982
381
2330
1095
1939
170
970
1409
1129
2781
2134
1466
1029
2487
2254
836
1241
2779
2598
140
980
1611
2872
166
1014
38
1425
218
1660
2560
332
1208
518
1734
2217
2887
854
737
1869
2869
2216
1834
1673
501
219
342
487
1239
1110
857
2252
2396
2894
1829
225
2182
666
2342
243
1429
519
1383
1717
2893
433
73
2089
1382
810
2672
808
297
2277
1176
608
1753
2442
2264
1890
2638
514
1326
118
1861
559
719
495
1268
2030
1172
2720
68
1115
2273
466
1259
1555
1739
2474
929
992
364
2346
2531
2890
645
2605
2874
2388
2609
2375
2392
1922
430
1728
496
830
2788
1272
193
561
2204
2247
396
1560
717
2398
1801
2817
2260
1614
807
2415
2559
127
1513
1223
2325
6
1449
2194
2338
2495
2144
1291
1687
1843
543
1868
1645
2088
2905
1432
582
868
837
1148
2700
1797
1384
1349
613
1158
1141
1334
2018
1020
2464
2446
1105
5
658
1474
320
664
942
2011
1541
2336
701
289
693
940
286
1672
51
1622
206
1048
2763
2362
1250
904
97
259
780
2135
749
2726
1422
1941
1595
2410
1873
1485
1540
1785
1331
1381
2921
1055
453
2435
2886
2780
1711
602
2567
15
801
287
2344
744
1681
1679
1046
316
45
1624
1948
498
426
1442
123
2721
1620
1489
1944
1424
2020
1627
1118
1826
1661
1930
1121
1694
1525
1788
197
1219
1713
2181
918
2103
2749
125
1637
2207
1810
2097
1974
1496
1822
1458
1732
1486
461
593
484
2693
2249
621
2002
547
536
2041
1799
2161
2285
832
1688
1520
2741
1152
50
2331
2548
979
1418
42
1274
1280
2399
1952
846
2167
2737
1244
1667
2689
1650
132
740
1221
1923
2716
1271
959
475
698
779
1477
32
1987
1139
2733
697
870
2604
811
515
1547
240
2752
2253
1232
871
2510
1702
1937
617
2093
1896
2829
89
1444
1805
960
2593
2132
525
2683
177
486
873
2628
2883
2323
418
2432
2229
2149
1276
53
156
1018
2000
327
1940
1069
2214
2937
1594
2868
1364
2291
1363
1925
858
1905
1697
288
387
2840
1215
1802
531
1380
2046
2623
1128
2653
683
962
909
2355
2243
374
986
2561
2479
2585
1871
474
1895
2458
2129
1606
1047
812
1100
966
864
2395
119
1147
2586
2299
865
92
208
2821
2761
1962
1543
766
761
1231
1261
1227
1524
674
1438
957
826
600
1332
2470
1367
378
1535
1452
2660
2661
2575
2379
504
1433
2685
1631
272
2664
2801
847
397
720
507
65
1546
682
2552
2838
984
248
703
1782
1579
581
2870
2225
844
1470
281
2117
1936
410
1473
1705
1185
74
894
1539
999
2300
2730
2538
2202
2540
1251
2407
718
728
1953
492
1016
2908
1374
1408
1008
1918
2635
796
2558
1114
1821
1561
2828
2732
2372
2832
1190
1013
2113
315
2511
835
1840
446
2219
1844
1051
2450
2335
1495
337
1808
2600
2797
2804
1435
2880
1401
991
505
965
423
1557
1200
1070
2365
1957
1228
1362
2800
2021
1395
1030
2799
1901
49
670
1517
167
1366
1545
947
1908
2156
1639
702
759
2368
2393
2492
867
2124
803
2287
2022
2320
155
76
1032
2563
2841
1388
1050
17
1288
635
2669
730
344
1298
256
2727
2931
1559
1492
2266
1067
2447
1068
2903
1393
2209
2241
1061
633
892
879
754
712
2630
2533
2718
1043
251
108
1638
1088
1281
1469
2445
2142
2437
1151
1865
2139
1173
2634
273
601
489
137
2357
1685
2774
2764
1994
642
1417
2440
1186
1146
280
300
61
1132
952
1887
2502
2865
845
2811
2916
2712
270
104
1977
912
2055
2809
2289
2301
1768
1814
1568
2448
263
1978
771
640
2136
2297
1599
2910
1971
2086
1719
95
930
1167
948
896
2839
2556
2168
265
2610
544
1256
1285
386
1343
146
511
370
2468
131
35
252
2341
2626
1507
1886
1009
1024
622
2856
1735
2550
2360
2463
2822
872
2009
427
2429
1010
1554
2542
85
2793
828
1597
1464
1455
2332
591
2928
2690
27
431
2907
434
2706
2551
862
1379
2308
2352
1471
956
2457
456
2787
2871
2518
463
2519
139
2160
1784
1145
1967
1090
404
1781
1218
949
2210
2302
428
567
323
459
87
98
1828
194
2359
1947
937
1574
2697
577
2536
483
2702
1602
2262
609
2490
1769
1536
2875
443
1197
406
2269
1235
745
2060
204
612
103
2601
1839
954
318
2324
241
211
1297
758
99
1712
893
2371
2695
2795
2895
2223
309
2722
1928
2654
594
479
2489
2284
2909
2369
1484
733
994
2632
2466
1794
242
2504
310
1021
2133
2844
2059
689
1847
861
1954
1502
1514
2389
1339
2334
2176
935
2427
441
1581
1845
9
946
535
863
1636
1310
580
1329
2394
2814
1885
945
1265
1111
2901
795
1683
1767
595
584
2374
1989
19
2090
1255
2005
201
2180
2108
1296
2459
1108
1511
1504
176
2858
2765
1320
1809
1674
2351
1266
1205
804
899
1242
2480
357
647
2633
790
1776
2709
1475
2785
1634
2717
1257
1434
1264
2145
1483
1465
39
1278
417
598
2877
573
2557
705
1171
2115
551
2276
102
1160
2736
2038
1097
2475
2071
1820
2230
2184
26
656
1646
1120
875
1224
2569
2226
1793
616
2361
2162
2130
734
195
571
52
96
2189
888
1706
2265
1558
28
2725
1984
657
296
2111
1995
921
503
350
2472
1476
2676
2329
660
678
926
2674
2027
1398
2054
1304
2659
2900
1015
377
891
40
1500
2847
2039
773
1621
383
932
485
687
743
1765
2863
183
1140
20
711
295
1066
1757
2608
1807
1085
2639
409
585
1575
209
2583
2154
2744
880
1420
1025
1472
2762
2091
1054
882
2544
2516
215
2286
325
963
1811
629
2617
2169
1454
1833
1832
2860
1038
2857
1096
1853
968
1985
1385
2051
36
340
1321
529
142
2846
375
2318
1083
1350
348
2305
532
135
345
768
2526
895
2101
1771
1982
2377
2673
1942
2755
198
653
1960
1027
576
2199
1700
805
1142
1567
1973
1892
1490
2412
1216
2876
245
2760
1087
2932
1731
2724
2926
1315
2462
827
1819
881
1813
1177
715
1437
679
851
1510
1902
2568
1649
1446
1618
2590
1073
1063
181
403
2306
998
724
2271
2481
575
2177
55
1754
457
8
1563
2549
2387
1653
615
2703
2114
1891
2057
2621
1040
1269
413
1515
2339
1412
1894
2866
1479
2157
7
445
351
2322
425
1875
1824
2076
1577
328
2768
2824
291
2106
1199
254
185
706
2251
264
312
1082
1407
1222
900
2770
1714
510
763
210
302
1299
1703
1857
2938
2073
1745
1508
784
727
2345
2493
358
158
2714
2478
1430
436
1921
1738
1680
330
356
228
497
2715
269
2288
2127
1658
1370
1876
528
2102
2084
2293
1134
614
587
2166
447
2403
1135
1307
2386
56
2434
691
88
1966
2603
82
232
1174
967
2192
1607
1000
1337
10
1415
636
1531
1950
1494
1413
2919
1358
726
2366
1293
1763
2426
1652
2411
1975
1338
1752
2234
2307
69
2637
1365
2148
148
2588
574
2152
2658
2796
2098
1202
1427
704
2734
539
2885
2052
2642
366
2640
1593
400
2274
1655
792
2428
1404
1451
548
2077
13
2728
1440
136
115
2242
1034
681
390
1835
2545
767
987
2380
153
2777
1123
1077
2436
1203
402
2049
1098
249
2758
675
2311
1207
840
1166
885
639
367
2506
468
2512
299
455
2656
610
2794
237
2328
2677
2075
304
422
1659
2631
2267
592
472
516
1042
1780
2235
2539
2261
850
2037
789
1760
2696
175
2602
379
2201
856
1143
41
1389
1076
523
233
1460
770
2646
324
2031
2599
2206
1704
34
822
1187
1778
2337
2163
2675
2830
710
2820
1907
1058
491
308
234
393
2775
2085
1727
1641
1416
2806
1119
1204
421
1325
2272
2019
24
1456
1720
1317
145
1371
165
649
2418
2940
550
634
1726
1798
2317
2783
462
2778
513
1155
2884
1195
1710
2584
1815
709
1748
1400
1849
191
1758
1198
334
2498
178
2354
2015
2547
196
1194
1610
1303
1309
2358
2121
1816
2503
2
1283
1677
1392
321
2612
476
373
2738
2486
231
2505
1003
1970
1521
2803
1596
1229
2742
1663
2565
2681
578
2070
1623
2137
401
1104
1564
1570
1823
713
545
160
537
2784
1157
2105
1131
1888
1302
203
1898
2930
2501
1632
1992
1353
2532
944
230
695
920
723
2819
1031
2455
216
774
1078
2185
276
260
1996
1838
1193
2326
1586
2153
1488
778
253
1505
460
1817
821
2648
1275
2119
1852
2747
147
2423
2813
2424
2193
2353
1553
2798
572
1675
800
2094
2275
1860
1666
746
2381
1311
556
1436
1445
2867
1506
238
2707

