1634
2471
514
2230
361
2519
2592
87
2236
1965
2619
2257
1614
2473
974
1664
2512
1332
2638
263
1953
2094
2551
1692
1305
2627
2637
1694
22
738
1832
1336
256
1955
1641
728
874
1175
417
1099
1648
1516
1732
1394
531
111
24
1357
333
1850
2030
616
142
2721
109
1102
1404
825
1924
282
547
1316
2709
433
2611
133
1551
228
849
524
679
774
2861
2657
1855
2063
724
485
1721
2374
2285
2671
937
1504
678
1824
1415
768
1459
2557
1684
2815
2648
1949
462
295
2726
790
2941
2770
875
1760
573
1485
1200
1343
2379
1836
1051
1936
1880
2664
1725
2439
1544
2264
1437
1139
1909
1950
367
2720
2883
819
1968
504
358
8
2118
2356
483
135
1803
2405
566
976
1081
376
2888
998
770
836
40
649
1874
1133
2293
338
1195
1712
2884
1461
1361
1130
2496
443
695
1393
1672
21
1264
1952
1392
379
1632
1564
1733
1995
510
1992
1160
2572
1802
1581
200
2210
2316
2420
1700
2635
2498
626
2712
1169
1524
2577
1871
2467
1817
656
602
861
1303
1149
1082
2012
1429
901
2446
407
2511
1075
2932
2598
1689
932
503
801
1963
83
1466
475
1818
1856
550
1682
578
517
1428
288
693
658
2433
944
2171
2220
2534
1207
1778
2582
221
1790
2011
1400
108
1002
601
1976
1764
1004
2032
224
136
62
727
1424
458
1385
2423
185
1750
804
1505
690
2485
422
1719
2377
2490
1806
1355
2763
190
2790
527
1033
1198
850
2170
2782
2530
563
2606
134
701
905
1722
733
490
2481
1661
650
1180
2841
2890
1368
1294
2589
1538
834
2852
2613
1370
635
2130
1440
1408
188
828
537
2235
2836
2928
127
254
2124
1894
1741
357
2673
2268
1286
410
2719
2283
2655
1117
2163
2344
1062
642
1616
2912
1754
1351
1670
1914
1915
926
2684
2518
2408
2492
2181
105
2771
77
2821
673
27
2426
2562
2441
714
1919
2176
2505
541
2362
784
1726
1194
2394
1471
2078
1128
1922
799
157
1372
261
1022
1768
1407
451
917
929
181
1868
317
593
2809
651
2499
2757
2442
2382
2295
980
1318
1666
1053
657
448
1395
2807
421
2254
2483
888
1569
938
1606
918
2376
1179
909
1602
2704
1474
494
2804
272
1018
910
707
2440
237
1752
414
30
1567
992
2753
1638
883
1279
618
1011
2162
435
2193
33
1299
685
2430
2291
808
285
245
583
2549
2728
2603
1411
2522
2280
1769
789
630
2216
1249
2629
1358
1975
2456
2913
840
89
2448
400
1237
2334
1443
538
1978
2601
1059
1064
786
659
304
2207
2464
2676
2795
1849
1620
126
930
2678
2363
1218
1436
2537
772
2641
2865
2141
60
797
1757
608
2034
1814
1798
2226
2887
2827
2233
866
591
2218
58
273
1037
1470
1683
1234
2299
1487
344
1480
470
2297
1454
2653
1742
2466
785
2727
742
2834
570
816
680
305
1600
2400
1885
516
1380
1596
1908
1399
667
2360
1512
2680
1792
2477
23
2708
952
469
1183
2192
1859
1405
1496
381
52
1441
710
124
1506
1342
2136
183
1356
2756
1723
916
666
1507
2161
9
967
1844
115
1527
1705
2093
2818
579
2594
437
2617
122
1116
829
1706
2251
1560
2774
2455
229
1391
1609
1678
2772
1142
1779
2041
990
2250
548
2751
2402
1074
1491
700
334
476
2197
848
1338
1867
29
2166
1912
271
2215
2310
745
1839
1362
293
35
647
2201
2482
1852
841
2196
0
2689
1698
2359
2476
2219
1989
965
1774
746
1623
147
2803
2242
1911
1171
1283
706
57
416
1784
1881
66
1645
1039
220
223
1964
102
391
681
2354
2651
1938
1605
158
1199
1226
709
1094
1107
1961
671
2745
1970
2325
2701
496
1736
2571
2748
2714
1693
561
2797
2649
2214
2289
467
1369
2064
47
2199
167
1755
978
1229
963
430
2830
846
983
1629
2154
521
1523
499
859
2513
194
1745
1543
232
882
411
1258
2778
384
429
2636
2528
2155
1860
2190
1801
2153
2639
286
1320
242
486
1245
455
354
764
1906
353
2065
1740
2495
2628
251
1761
1829
1713
2021
2368
1420
1282
81
2479
434
300
2791
2539
2462
1212
1603
2553
1366
2502
2024
1822
2762
340
49
922
607
374
2245
519
991
1959
2920
2145
1811
668
2845
2006
2096
366
1568
2494
1517
1026
472
423
1045
2237
1065
1539
606
1943
1716
1
1058
1329
838
559
131
1038
898
2080
2348
2825
350
2789
196
312
1302
50
1608
184
2000
603
1457
1328
897
1143
1427
107
1154
2164
1027
1934
1937
2001
1221
1613
1588
130
2126
2381
1566
1926
2737
2185
1450
520
1216
1458
1697
1759
2445
59
2675
1590
1095
868
1624
2461
2846
11
2929
999
161
2249
2346
255
1043
2869
238
45
2780
1401
1013
275
1657
34
748
865
2411
2758
1861
1571
1345
1220
783
2658
2132
2642
2243
2901
2802
860
18
347
1170
509
2403
1991
1800
1262
164
2526
792
2129
1477
1101
2777
2388
356
735
1187
1274
2160
1121
723
924
113
2768
704
2386
1035
310
481
811
1735
1643
453
1708
1925
177
984
2352
653
1897
2261
722
1060
1155
1122
1141
1828
546
2850
730
2115
1055
2134
2607
1425
879
2308
345
2027
2266
2910
2317
1667
2138
2561
1979
871
456
1111
2820
1297
665
2623
1295
1041
93
2521
1308
355
1333
440
1597
2296
1203
2644
925
588
2057
2205
2003
1413
977
1935
149
2060
1557
1146
2507
1426
1406
2274
2903
2716
2936
2232
2009
1158
5
2158
2693
140
2108
1941
1050
1813
1314
322
769
549
2036
1765
1000
1873
1498
2172
2267
2892
1273
2343
2868
648
1662
1024
2010
403
2656
1720
401
1668
856
1611
2278
1447
302
225
120
1268
2940
406
1073
1409
536
2120
1639
1347
2685
968
468
2246
1673
4
1341
306
911
249
1621
303
1528
2886
942
1205
2253
1089
129
2489
7
2738
206
2926
297
369
2383
2914
1946
346
2558
702
564
2663
2938
1747
629
815
2204
2733
1001
1494
328
1548
1625
226
17
1403
622
1243
812
1830
2529
409
2688
1438
1642
452
864
532
1636
958
2631
1493
1618
1162
1421
1148
2634
2659
821
2718
530
1554
641
1615
10
1379
1789
1398
921
341
1086
2101
1870
1167
771
2734
2560
1563
91
2137
1208
703
973
554
842
2632
2706
1442
533
2587
987
348
1231
1628
2228
1552
246
1319
265
1688
94
1014
1546
250
2867
2447
2800
1300
831
2414
505
1462
2916
2817
1580
2541
1490
2053
454
617
2043
1071
2933
1558
371
1145
1346
2312
2590
961
1432
199
2337
2781
1383
2690
85
2410
1948
2665
457
2469
291
2546
837
584
1246
689
2828
160
287
308
408
754
1419
1412
2380
2369
1685
1453
2304
631
853
292
2331
2645
1753
873
1775
2298
2005
1177
20
2037
2271
711
1350
833
1526
827
1097
236
2401
1892
2244
2552
1633
1561
211
1444
336
2591
1650
1857
712
688
2366
32
2392
705
1257
2595
396
1932
1165
1640
2217
2788
2599
1402
610
2819
1144
832
2858
2151
2322
2647
718
74
2393
498
2806
1449
268
2939
986
803
1863
627
103
378
2026
2385
2855
822
489
1219
1805
1259
2906
2389
1310
326
1256
2510
1923
1377
927
1928
1511
2351
1223
2303
743
241
2646
2879
1040
1891
1612
80
153
1301
2581
307
283
1430
1773
471
2435
582
1161
2095
2576
1879
1092
1875
360
1384
637
1254
959
479
1348
2573
2119
2367
1492
890
2292
1418
1291
2750
1542
2121
1748
1780
104
720
1655
2260
2574
571
1921
557
1730
2843
235
950
2438
2610
1545
388
2710
1109
1215
1677
67
439
1197
605
71
2058
1047
98
123
1386
2076
1559
259
931
266
2532
2099
2083
1610
2697
664
321
2364
2275
420
1579
899
168
553
2300
1739
1152
139
2470
1446
2015
1900
2531
1172
1500
1181
2491
870
1782
2930
1704
175
316
1823
1232
1006
1601
2168
110
1878
1070
1986
1587
1061
1134
450
855
2391
2378
1163
1872
1157
1054
1854
2110
1217
2458
1981
1124
2813
2480
2062
2839
1910
2487
46
318
2046
1153
1281
41
506
943
1637
1298
1703
1793
1008
1990
2895
1728
2169
398
2042
313
2212
2187
1034
2769
2863
2019
1746
592
337
2409
843
2314
1864
775
1893
1649
2049
119
37
2559
787
884
1877
1679
1317
1241
995
2851
2103
877
1988
2723
170
2668
1585
1381
296
767
1266
2188
624
2259
972
2330
1756
1939
13
2318
1486
2306
128
755
248
857
545
233
2625
397
756
2547
1787
2150
1974
1185
1464
26
264
1188
1656
2705
543
92
2484
1825
1010
2739
1263
162
2357
1971
781
14
441
1967
893
663
672
1115
2652
351
2452
2722
1479
2335
1788
851
480
1277
1326
562
1076
2286
1913
64
1999
2421
556
319
2088
615
269
1236
61
699
2468
1174
674
459
1151
1166
823
2556
867
76
2329
2052
88
1235
1100
2897
734
2016
1009
619
1044
1378
1686
244
284
2538
955
1287
2157
2536
2924
449
1717
1113
2588
501
1518
662
1799
1434
1248
383
1135
919
1029
2326
2503
1021
1951
795
1475
858
1902
174
1786
1845
1261
577
212
16
1681
1467
1309
2045
2741
518
739
2282
2633
2707
2542
1994
975
1531
290
1017
1240
1334
744
1331
1514
2252
1575
342
1269
219
889
2874
390
2524
2147
1973
1110
65
1108
1820
1296
2749
207
2725
487
2742
1138
2881
1072
2682
676
1862
2810
1476
1565
1652
399
2683
2117
2425
1808
1270
1660
1763
2384
824
2662
478
1751
1842
1530
2265
1555
535
2840
949
621
1057
2416
2568
2787
1127
2301
682
125
522
1275
891
953
574
1495
1821
28
1007
1510
144
941
715
477
2766
2515
2908
1112
222
1599
267
1556
2241
1288
585
2002
2327
2805
933
195
2221
2050
1267
2069
2877
201
513
2279
2450
1482
632
2248
1222
44
2543
121
731
2765
1729
1119
791
2746
2919
2320
2434
1078
395
2862
1622
652
947
1890
2736
1627
298
2793
2075
1104
182
1023
2615
2754
1918
1186
2372
1196
2082
2692
276
1905
1063
1744
2125
1210
1996
2203
2116
442
438
569
1340
2104
331
2178
2097
2443
474
2832
1090
979
687
862
463
957
2345
1387
1096
90
2417
628
2270
1164
2114
670
2167
372
154
604
2544
1460
1930
777
1537
2457
660
2578
1469
73
2527
2798
1242
613
497
2152
863
1658
2353
2700
1594
2873
740
2563
213
1607
2608
431
2626
2355
1550
2087
2744
1359
72
324
928
2349
507
84
491
2067
1653
502
387
1339
413
2896
152
1907
2315
19
779
539
2640
645
247
1958
2501
508
1866
1945
1888
1435
1499
2570
1582
1534
636
529
197
2375
2917
1574
97
2885
2773
2018
2133
2776
392
1052
758
2575
872
587
692
558
163
894
1422
852
2113
2175
1812
2107
1847
2475
335
2031
2614
393
1540
820
2740
349
1675
1781
793
1982
2826
2276
2418
2309
982
2918
1414
1233
920
2616
2182
726
2520
2792
230
1944
1030
1182
2437
1201
2711
1617
2186
835
752
189
2808
2051
2086
989
143
887
1718
1626
262
721
906
2238
1715
2227
778
945
2424
946
208
2025
2451
885
165
2796
1253
1451
2759
2922
500
1591
1833
75
1701
2208
2600
1929
1056
1244
151
892
802
2139
780
869
2811
1993
2444
540
2239
1680
661
1140
2835
654
528
810
625
86
798
2900
2880
1731
2622
363
716
1535
419
2864
996
2180
436
2333
2871
1159
1321
171
1497
2586
914
794
2100
48
2017
1947
202
1577
1515
713
2732
31
274
2854
1371
365
876
323
762
1837
2247
612
1630
79
2428
2194
2399
826
2899
2824
763
231
655
1012
2799
1687
1067
394
2921
270
1032
1016
2281
732
1173
2775
2263
696
2098
880
2071
725
2311
2398
2284
1940
2397
1227
1853
2506
1087
845
971
2630
1674
2717
2294
2729
1083
1592
1840
2486
106
159
2008
1120
640
567
1619
257
2695
2472
1129
1410
1927
2047
2358
1093
2224
2144
719
1068
2313
1473
643
2135
2361
380
2413
2898
1015
2831
42
1962
694
1304
1224
1898
482
278
382
1455
2229
1985
2406
1323
796
1809
2412
2072
176
460
1709
2068
2092
1767
1211
1553
2935
1595
1502
2081
1631
1184
2056
1904
2583
2223
2654
68
2023
878
1734
289
172
2321
805
1901
2882
2848
402
847
2020
1230
1247
428
1508
1176
1191
2179
1529
2497
112
279
2200
281
1843
53
1572
2672
2584
2931
2474
2342
2925
1776
1533
633
1484
2801
1365
2302
280
1463
1521
1042
1831
1080
484
2256
1293
600
1869
2731
2165
1049
1388
2040
900
2202
2847
343
1846
96
2844
2860
2923
677
2055
2131
1285
788
1483
2585
2872
2079
1954
839
36
2516
2814
2048
2838
424
644
178
1676
552
148
1136
1586
1816
1972
1966
1671
2255
191
620
495
1106
1330
2127
1659
2273
179
386
464
2258
1091
1969
2091
1598
2674
2449
2677
2105
1374
15
1251
1835
418
227
1669
1797
1899
1589
1541
146
1758
2338
697
100
2550
2533
1960
1417
1738
1807
1796
253
1984
1031
2889
1364
2724
1646
526
1367
2540
1225
1770
2702
1783
2784
639
1280
2670
1084
1020
1987
2319
2569
1360
2290
2596
544
1278
375
1570
373
1048
99
698
38
1848
2332
956
2422
2493
1841
1766
412
82
2667
1025
684
1851
776
534
2070
1749
2875
542
1337
1204
1827
903
2602
1883
2419
1290
1088
1522
1397
2691
2842
2395
936
1132
2225
56
1322
1325
2565
2365
1250
2870
2074
969
2783
2436
330
2222
243
2407
405
1311
2878
359
2022
180
1178
751
294
830
1213
2597
445
217
1125
1312
757
1353
1019
1354
1707
904
2937
523
1977
25
1147
2465
2341
581
2833
2605
1390
2609
1046
759
54
964
2767
1520
1190
1644
934
1562
1324
1363
1710
2660
551
646
2460
2
461
2198
1376
2822
1255
427
2044
1214
2288
2621
1478
923
1889
1578
580
675
614
1896
2059
117
116
2213
444
576
761
1503
2189
404
218
311
101
240
1382
1481
186
2191
988
2500
2566
2033
1396
2350
1028
1272
634
595
1137
896
2525
1150
1547
2488
39
1771
765
169
2859
1838
575
1069
2894
173
447
2514
1066
2866
2111
55
1647
935
1252
1576
2730
1373
1525
1489
2211
166
1635
2427
415
1920
209
1468
2336
2183
597
1079
1865
2371
2504
2387
69
2891
1416
997
611
2014
1192
1583
2904
2849
1452
2669
598
1876
2555
2234
2340
301
572
813
1785
2140
78
2453
118
2112
1239
1335
203
12
2029
51
2156
2915
1289
1189
1276
555
908
1810
981
817
1665
1772
2612
1532
2373
737
2109
2893
1819
2128
1456
1238
260
1306
364
2876
325
309
750
818
141
1327
1593
844
2545
493
854
560
1209
1519
1085
1714
314
708
95
2853
1794
993
2339
590
806
2061
1228
210
2747
2073
2415
1202
234
239
1513
2146
638
2760
2666
70
2837
2177
960
1743
362
492
385
2535
2857
1292
1445
425
515
809
1724
2106
1997
1103
589
2102
2432
1131
138
2713
966
512
683
2035
43
2240
717
2277
352
137
2370
814
1804
1307
2195
3
1271
525
2287
2761
150
2054
1260
1690
741
511
915
155
2694
1737
389
1917
1858
2454
1077
2643
315
465
2084
970
1695
940
1431
2579
466
114
1193
1651
2323
951
1916
1349
913
895
1573
2650
2593
1003
1465
609
1931
2184
1352
377
2231
1536
594
2509
1654
2927
192
1126
939
339
1884
1791
1284
2272
2149
1663
1777
2699
1795
773
565
881
2785
2085
2143
1815
2764
327
2459
2752
749
2517
1005
2687
2066
2328
2703
1584
1882
1105
586
2039
912
2013
1433
1933
907
2661
216
1375
193
2934
2696
2463
2307
686
2404
2902
2123
994
215
1389
63
332
426
2390
2580
1834
1886
145
2679
2755
1699
2823
1315
1509
669
1448
446
2396
2564
320
198
2173
2686
1702
2038
2567
6
1118
1762
1114
2794
2786
2206
800
1826
2209
1265
2007
1098
568
2816
599
2077
2305
299
1036
2735
2431
902
2856
2347
214
1727
1344
596
962
2554
753
2743
2122
1423
432
2174
1691
1488
2779
2812
985
2624
1439
2028
1123
2262
187
2090
1168
1313
2004
954
2508
2159
1549
766
156
1696
736
691
2909
2523
488
2324
807
132
329
2548
1957
370
782
1156
2089
2148
205
1501
2698
258
1903
2681
1472
1942
2905
2604
2907
2620
1887
1983
2478
1956
2618
948
2429
368
1604
760
623
886
1895
1998
1980
2911
2269
277
1206
2829
747
252
2715
2142
473
729
1711
204

