1 1
2 0
3 1
4 1
5 0
6 0
7 0
8 1
9 1
10 0
11 0
12 1
13 0
14 1
15 0
16 1
17 0
18 1
19 0
20 1
21 1
22 0
23 0
24 1
25 1
26 0
27 0
28 1
29 0
30 0
31 0
32 1
33 0
34 0
35 0
36 1
37 1
38 1
39 1
40 1
41 0
42 1
43 1
44 0
45 0
46 1
47 1
48 1
49 0
50 0
51 0
52 1
53 1
54 0
55 1
56 1
57 0
58 1
59 0
60 1
61 1
62 1
63 0
64 0
65 0
66 1
67 0
68 0
69 1
70 0
71 1
72 1
73 1
74 0
75 0
76 1
77 0
78 1
79 0
80 0
81 1
82 1
83 0
84 0
85 1
86 0
87 0
88 1
89 1
90 0
91 0
92 0
93 0
94 1
95 0
96 0
97 1
98 1
99 0
100 1
101 0
102 1
103 1
104 0
105 1
106 1
107 0
108 0
109 0
110 0
111 0
112 0
113 0
114 1
115 1
116 1
117 0
118 0
119 0
120 1
121 1
122 0
123 1
124 0
125 0
126 0
127 1
128 0
129 1
130 0
131 1
132 0
133 0
134 1
135 1
136 0
137 0
138 1
139 1
140 0
141 1
142 1
143 0
144 0
145 0
146 0
147 1
148 1
149 1
150 0
151 1
152 1
153 1
154 0
155 1
156 1
157 1
158 0
159 0
160 1
161 0
162 1
163 0
164 1
165 0
166 0
167 1
168 0
169 1
170 0
171 1
172 1
173 0
174 0
175 1
176 0
177 0
178 0
179 0
180 0
181 0
182 1
183 1
184 0
185 1
186 1
187 0
188 1
189 0
190 0
191 0
192 1
193 1
194 1
195 1
196 1
197 1
198 1
199 0
200 0
201 0
202 0
203 1
204 0
205 0
206 0
207 0
208 1
209 0
210 0
211 0
212 1
213 0
214 1
215 1
216 1
217 0
218 1
219 1
220 1
221 0
222 0
223 0
224 0
225 1
226 1
227 1
228 1
229 1
230 0
231 0
232 0
233 0
234 1
235 1
236 1
237 1
238 1
239 0
240 0
241 1
242 0
243 1
244 0
245 0
246 1
247 0
248 1
249 1
250 0
251 0
252 1
253 0
254 0
255 1
256 1
257 0
258 0
259 1
260 0
261 1
262 0
263 0
264 0
265 1
266 1
267 0
268 0
269 0
270 1
271 0
272 0
273 0
274 1
275 1
276 0
277 0
278 1
279 1
280 1
281 0
282 0
283 1
284 1
285 0
286 1
287 0
288 1
289 1
290 1
291 0
292 0
293 1
294 1
295 0
296 1
297 1
298 0
299 1
300 1
301 1
302 1
303 1
304 1
305 1
306 1
307 0
308 0
309 1
310 0
311 0
312 1
313 1
314 1
315 1
316 0
317 0
318 1
319 1
320 1
321 1
322 0
323 1
324 0
325 1
326 0
327 0
328 0
329 0
330 1
331 1
332 0
333 0
334 1
335 0
336 0
337 1
338 0
339 0
340 0
341 0
342 0
343 0
344 0
345 1
346 1
347 1
348 0
349 0
350 1
351 0
352 0
353 1
354 0
355 1
356 1
357 0
358 0
359 0
360 1
361 0
362 1
363 0
364 1
365 1
366 0
367 1
368 0
369 0
370 0
371 1
372 1
373 0
374 1
375 0
376 1
377 1
378 1
379 1
380 1
381 0
382 0
383 0
384 1
385 1
386 0
387 1
388 1
389 1
390 1
391 0
392 1
393 0
394 0
395 0
396 1
397 1
398 0
399 0
400 0
401 1
402 1
403 0
404 0
405 1
406 1
407 1
408 0
409 0
410 1
411 1
412 0
413 0
414 1
415 1
416 0
417 1
418 1
419 0
420 1
421 1
422 1
423 1
424 0
425 0
426 0
427 1
428 1
429 1
430 1
431 0
432 0
433 1
434 1
435 1
436 0
437 0
438 0
439 0
440 0
441 0
442 0
443 1
444 0
445 0
446 0
447 0
448 1
449 0
450 1
451 1
452 1
453 0
454 1
455 1
456 1
457 0
458 1
459 1
460 0
461 0
462 1
463 0
464 0
465 0
466 1
467 0
468 0
469 1
470 0
471 0
472 0
473 0
474 0
475 0
476 1
477 0
478 1
479 0
480 1
481 0
482 0
483 1
484 0
485 0
486 0
487 1
488 0
489 1
490 1
491 1
492 1
493 0
494 0
495 1
496 1
497 0
498 0
499 0
500 1
501 1
502 1
503 1
504 1
505 1
506 0
507 1
508 1
509 1
510 0
511 0
512 1
513 1
514 0
515 0
516 0
517 1
518 0
519 1
520 0
521 1
522 0
523 0
524 0
525 1
526 1
527 0
528 1
529 1
530 0
531 1
532 1
533 1
534 0
535 1
536 1
537 0
538 0
539 1
540 1
541 1
542 1
543 1
544 0
545 1
546 0
547 0
548 1
549 0
550 0
551 0
552 0
553 1
554 0
555 1
556 1
557 0
558 0
559 0
560 0
561 1
562 0
563 1
564 1
565 1
566 0
567 1
568 0
569 1
570 1
571 0
572 1
573 0
574 0
575 0
576 1
577 0
578 1
579 0
580 0
581 1
582 0
583 0
584 1
585 0
586 1
587 0
588 1
589 0
590 0
591 0
592 0
593 1
594 0
595 0
596 1
597 1
598 1
599 0
600 0
601 0
602 1
603 0
604 0
605 0
606 0
607 1
608 1
609 1
610 0
611 0
612 0
613 1
614 1
615 1
616 0
617 0
618 0
619 1
620 1
621 1
622 0
623 0
624 0
625 1
626 0
627 0
628 1
629 0
630 0
631 0
632 1
633 1
634 0
635 0
636 1
637 0
638 1
639 0
640 1
641 1
642 1
643 1
644 0
645 1
646 0
647 1
648 1
649 1
650 0
651 0
652 1
653 0
654 0
655 0
656 0
657 1
658 0
659 0
660 0
661 0
662 0
663 1
664 0
665 1
666 1
667 1
668 0
669 0
670 1
671 0
672 1
673 0
674 0
675 1
676 0
677 1
678 1
679 0
680 0
681 1
682 0
683 0
684 0
685 1
686 1
687 1
688 1
689 1
690 1
691 1
692 1
693 0
694 1
695 1
696 1
697 0
698 1
699 0
700 0
701 1
702 1
703 1
704 1
705 0
706 1
707 1
708 0
709 1
710 0
711 0
712 0
713 0
714 1
715 1
716 1
717 0
718 0
719 0
720 1
721 1
722 1
723 1
724 0
725 0
726 0
727 1
728 1
729 0
730 0
731 0
732 1
733 0
734 1
735 0
736 0
737 1
738 0
739 0
740 0
741 0
742 0
743 1
744 0
745 1
746 0
747 1
748 1
749 0
750 0
751 1
752 0
753 1
754 1
755 1
756 0
757 1
758 0
759 1
760 1
761 1
762 0
763 1
764 1
765 1
766 1
767 0
768 1
769 1
770 1
771 0
772 1
773 0
774 0
775 0
776 0
777 0
778 0
779 0
780 1
781 0
782 1
783 0
784 1
785 1
786 0
787 0
788 0
789 0
790 1
791 1
792 0
793 1
794 1
795 0
796 1
797 0
798 1
799 0
800 1
801 1
802 0
803 1
804 1
805 1
806 1
807 1
808 1
809 0
810 0
811 0
812 1
813 0
814 0
815 0
816 1
817 1
818 0
819 0
820 0
821 1
822 0
823 1
824 1
825 1
826 1
827 0
828 0
829 0
830 1
831 0
832 0
833 1
834 0
835 0
836 1
837 1
838 1
839 0
840 1
841 1
842 0
843 0
844 1
845 0
846 1
847 1
848 1
849 0
850 1
851 1
852 1
853 0
854 1
855 1
856 0
857 0
858 0
859 0
860 1
861 1
862 0
863 0
864 1
865 1
866 1
867 1
868 0
869 1
870 0
871 1
872 0
873 1
874 1
875 1
876 0
877 0
878 1
879 1
880 0
881 1
882 1
883 1
884 1
885 1
886 0
887 1
888 0
889 1
890 0
891 1
892 1
893 1
894 0
895 1
896 1
897 1
898 0
899 0
900 1
901 1
902 0
903 1
904 1
905 1
906 1
907 0
908 0
909 1
910 0
911 1
912 1
913 0
914 0
915 1
916 1
917 0
918 0
919 0
920 0
921 0
922 0
923 1
924 1
925 1
926 1
927 1
928 1
929 0
930 0
931 0
932 1
933 1
934 1
935 0
936 0
937 1
938 0
939 1
940 1
941 1
942 0
943 1
944 1
945 0
946 1
947 1
948 1
949 0
950 1
951 1
952 0
953 0
954 0
955 0
956 0
957 1
958 1
959 0
960 0
961 0
962 1
963 1
964 1
965 1
966 0
967 1
968 1
969 1
970 1
971 1
972 1
973 1
974 1
975 0
976 1
977 0
978 0
979 0
980 1
981 0
982 1
983 1
984 0
985 1
986 0
987 0
988 0
989 0
990 1
991 1
992 0
993 1
994 0
995 0
996 1
997 1
998 0
999 0
1000 1
1001 0
1002 0
1003 1
1004 1
1005 1
1006 0
1007 0
1008 1
1009 0
1010 0
1011 0
1012 1
1013 0
1014 0
1015 1
1016 1
1017 0
1018 0
1019 0
1020 0
1021 0
1022 1
1023 0
1024 0
1025 1
1026 0
1027 0
1028 0
1029 0
1030 1
1031 0
1032 0
1033 0
1034 0
1035 1
1036 0
1037 0
1038 0
1039 1
1040 0
1041 0
1042 0
1043 1
1044 1
1045 1
1046 1
1047 1
1048 1
1049 1
1050 1
1051 1
1052 1
1053 0
1054 1
1055 0
1056 0
1057 1
1058 0
1059 0
1060 1
1061 1
1062 1
1063 1
1064 1
1065 1
1066 0
1067 0
1068 1
1069 1
1070 1
1071 1
1072 0
1073 1
1074 0
1075 1
1076 0
1077 1
1078 0
1079 0
1080 1
1081 0
1082 0
1083 0
1084 0
1085 0
1086 0
1087 1
1088 0
1089 1
1090 0
1091 1
1092 0
1093 0
1094 0
1095 1
1096 0
1097 0
1098 1
1099 0
1100 0
1101 1
1102 0
1103 1
1104 1
1105 1
1106 0
1107 1
1108 0
1109 0
1110 0
1111 1
1112 0
1113 1
1114 0
1115 0
1116 0
1117 0
1118 0
1119 0
1120 0
1121 0
1122 1
1123 1
1124 0
1125 1
1126 0
1127 1
1128 1
1129 1
1130 1
1131 1
1132 1
1133 1
1134 0
1135 1
1136 0
1137 0
1138 1
1139 0
1140 1
1141 1
1142 0
1143 1
1144 1
1145 0
1146 1
1147 1
1148 0
1149 0
1150 1
1151 0
1152 0
1153 1
1154 0
1155 0
1156 1
1157 1
1158 1
1159 1
1160 1
1161 1
1162 1
1163 1
1164 0
1165 0
1166 1
1167 0
1168 0
1169 1
1170 1
1171 0
1172 0
1173 0
1174 1
1175 1
1176 1
1177 1
1178 0
1179 1
1180 0
1181 0
1182 1
1183 1
1184 1
1185 0
1186 0
1187 0
1188 1
1189 1
1190 1
1191 1
1192 1
1193 0
1194 1
1195 1
1196 0
1197 1
1198 1
1199 0
1200 1
1201 1
1202 1
1203 1
1204 1
1205 1
1206 1
1207 0
1208 0
1209 1
1210 0
1211 0
1212 1
1213 1
1214 1
1215 0
1216 1
1217 1
1218 0
1219 0
1220 0
1221 0
1222 0
1223 1
1224 1
1225 0
1226 0
1227 0
1228 1
1229 1
1230 0
1231 1
1232 0
1233 0
1234 0
1235 1
1236 1
1237 1
1238 0
1239 1
1240 1
1241 0
1242 1
1243 0
1244 0
1245 0
1246 0
1247 0
1248 0
1249 0
1250 1
1251 1
1252 0
1253 1
1254 0
1255 1
1256 0
1257 1
1258 0
1259 1
1260 0
1261 0
1262 0
1263 0
1264 1
1265 1
1266 0
1267 1
1268 0
1269 0
1270 1
1271 0
1272 1
1273 1
1274 0
1275 0
1276 1
1277 0
1278 0
1279 1
1280 1
1281 1
1282 1
1283 1
1284 1
1285 1
1286 1
1287 1
1288 1
1289 1
1290 0
1291 0
1292 0
1293 0
1294 0
1295 1
1296 0
1297 0
1298 0
1299 0
1300 1
1301 0
1302 1
1303 0
1304 0
1305 1
1306 1
1307 1
1308 1
1309 0
1310 0
1311 1
1312 0
1313 1
1314 1
1315 1
1316 0
1317 0
1318 0
1319 0
1320 1
1321 0
1322 1
1323 0
1324 1
1325 0
1326 0
1327 1
1328 1
1329 0
1330 1
1331 0
1332 0
1333 1
1334 1
1335 1
1336 0
1337 1
1338 1
1339 0
1340 0
1341 1
1342 1
1343 0
1344 0
1345 1
1346 1
1347 0
1348 1
1349 0
1350 1
1351 0
1352 1
1353 0
1354 1
1355 1
1356 1
1357 0
1358 1
1359 1
1360 1
1361 1
1362 1
1363 0
1364 1
1365 1
1366 0
1367 0
1368 0
1369 1
1370 0
1371 0
1372 1
1373 0
1374 0
1375 1
1376 0
1377 0
1378 0
1379 1
1380 1
1381 1
1382 0
1383 0
1384 1
1385 1
1386 1
1387 1
1388 0
1389 1
1390 1
1391 1
1392 1
1393 0
1394 0
1395 1
1396 0
1397 1
1398 1
1399 0
1400 1
1401 0
1402 0
1403 1
1404 0
1405 1
1406 0
1407 0
1408 1
1409 0
1410 1
1411 1
1412 0
1413 1
1414 0
1415 1
1416 1
1417 1
1418 0
1419 1
1420 1
1421 0
1422 0
1423 0
1424 0
1425 0
1426 0
1427 1
1428 1
1429 0
1430 1
1431 0
1432 1
1433 1
1434 1
1435 0
1436 1
1437 1
1438 1
1439 1
1440 0
1441 1
1442 1
1443 1
1444 1
1445 1
1446 0
1447 1
1448 0
1449 0
1450 1
1451 0
1452 1
1453 0
1454 1
1455 1
1456 1
1457 1
1458 0
1459 0
1460 0
1461 1
1462 1
1463 0
1464 0
1465 1
1466 1
1467 0
1468 0
1469 1
1470 0
1471 0
