1047
2228
2488
2036
507
724
1564
181
2289
6
1223
738
2303
2673
855
1350
2225
1503
2888
1591
1800
2105
217
2812
1147
187
399
70
400
2802
2777
1486
2505
2795
796
31
2416
2889
1585
2497
1561
2733
2780
1865
2881
2430
2201
1682
2582
2304
2571
673
2625
1619
2668
1087
240
1263
211
2374
2541
959
2126
411
2186
215
2589
410
2634
1247
292
1054
1902
1125
299
1924
437
808
1724
2543
1741
882
2311
844
290
1759
1180
204
141
2711
2821
1856
1383
1964
1501
2486
1158
259
1209
1510
1488
632
761
1267
1641
2588
4
351
754
74
1482
2933
2200
793
1363
1508
587
2291
1959
670
2637
926
2509
2268
1720
1978
709
1307
2880
1685
1232
19
1933
2328
2253
83
1246
2562
2300
2808
2392
1293
518
1331
1789
172
2869
2370
2146
104
2298
2591
1031
1918
1948
802
389
2662
752
2293
1150
2128
1603
1493
1705
1664
1611
856
943
2786
1570
1370
1319
2912
2868
842
1065
2238
1296
1243
496
974
1162
2202
2099
1195
372
237
788
1625
955
564
1416
2050
917
1265
1354
2446
2122
1558
1455
283
1505
458
2737
1330
510
2925
1426
2170
409
922
2274
448
619
2590
222
161
530
1920
985
0
2905
2277
2234
1601
2913
577
2220
644
383
1766
692
1495
995
2402
707
459
2356
2390
2535
2097
663
440
1986
561
650
2367
1342
1974
1987
1028
1885
1809
2079
285
822
1976
2659
1109
1977
1998
1029
2045
1596
2258
29
257
2863
1303
346
2405
2236
2772
1709
127
2679
1337
296
877
2703
1294
1204
282
1230
2901
2689
1860
1786
2461
1565
1166
706
2884
2362
2704
2185
616
2208
2749
2241
1593
250
1661
2266
1916
81
492
2658
2628
610
1765
2273
697
2287
2810
1784
1144
2797
2449
105
1764
2388
1667
2932
774
384
2819
1011
113
568
2145
1886
304
334
1403
2511
998
2936
1241
1289
2746
1429
1458
210
1639
498
1222
62
1215
1396
88
956
689
1174
2646
962
2702
2626
1324
2199
1479
2067
1341
2301
1994
2570
1833
144
2566
1790
1398
596
2366
1694
386
319
2573
1850
645
2633
929
1947
1659
176
2878
428
2594
542
2555
405
2538
2938
2892
207
2020
2197
441
1258
2886
2759
2117
1233
2314
954
1257
1598
575
1391
2015
2155
1002
68
2552
609
2549
1355
226
1332
2499
2630
1137
2316
2835
1534
2110
1909
225
1837
2605
2437
1910
1554
716
2680
2775
2620
1198
2931
832
519
195
1149
809
1497
450
517
209
1112
656
1154
392
2916
1097
810
2434
2131
2852
1637
2327
50
1927
1285
1861
2338
366
2815
1773
271
924
990
157
1942
465
2112
2380
1819
421
835
1394
2682
2534
1932
41
1846
622
423
888
1737
401
772
1444
2163
2438
629
2111
566
2334
2837
1958
145
1445
2604
369
2029
2900
838
2527
118
845
1592
2865
1621
432
997
1780
60
439
771
1402
1038
694
1192
494
878
1953
1469
715
280
2172
2176
1131
295
1459
2040
2563
2910
1256
480
2587
1472
1433
1968
2136
2358
1778
1305
1820
2182
373
22
1939
1006
1316
2842
2523
59
367
923
101
2481
1005
2180
2456
1026
2718
854
1761
376
1881
489
646
2242
1524
914
1248
1019
588
156
497
341
2230
613
2796
1690
1082
1744
930
865
1716
574
540
1884
1106
704
2632
1334
1009
2038
46
2427
1957
2480
2747
1043
446
636
576
1000
2297
1651
1343
2631
2758
729
2560
2271
1536
2142
889
753
2
612
1857
1239
1036
197
1134
328
1736
678
2397
2272
2169
1982
2741
329
500
2716
621
2322
1852
2696
2087
935
417
73
2873
1822
452
560
1808
1956
1323
318
2162
180
2053
2843
1423
1897
47
1539
1919
939
1566
1614
2030
357
1802
1707
2473
1374
2178
1645
2285
2840
391
538
1853
1372
1877
833
787
871
1866
2239
2518
1022
1275
1748
2009
2498
2727
1793
2834
2221
763
2790
958
477
601
143
2025
2148
570
1413
123
1873
977
1083
2407
1339
1410
2911
251
526
2411
2874
2353
1422
1271
1890
2137
2762
126
1104
1696
605
355
541
861
2792
661
1173
1965
1055
1531
98
2350
2915
1405
2858
982
1290
505
1677
2539
336
2565
2096
1935
714
851
852
2586
2113
255
1660
76
2229
2739
2660
1176
1044
63
1906
2714
2872
2501
2215
2070
1269
655
1755
902
1543
309
2644
2132
1735
521
2800
344
2069
1650
1831
759
408
1568
1658
868
668
1491
1366
1929
100
206
2769
1635
696
2107
900
765
1644
260
473
242
361
2375
1905
1868
1300
2331
2115
347
1580
1260
2463
720
2508
1726
2917
880
1985
223
90
548
2363
1573
1386
1384
52
2890
1742
248
996
1962
993
1440
687
2687
1185
1599
2642
1950
2908
1668
1338
531
1039
1955
2766
666
1670
1781
785
1357
270
988
1107
1473
2347
72
695
2667
2483
1627
1432
937
509
1535
48
1328
1281
375
1127
647
1183
965
504
528
912
739
1084
1581
1530
2806
615
1295
1829
702
381
749
1499
1500
1515
551
553
460
2723
2205
199
921
594
573
976
536
1587
2008
2174
2851
681
2378
1329
725
2885
1582
2343
2294
414
1636
2381
2462
807
2920
1314
103
1217
43
966
890
1777
1617
583
2918
25
2049
244
301
2419
1379
2636
2457
2161
2907
1237
2267
2924
2823
2618
2436
2904
2076
2542
253
1922
1609
1400
2037
2196
522
1393
1549
1830
1867
1187
2550
1381
693
2101
1250
2453
2608
38
2941
2724
84
2217
135
2691
2140
313
614
1067
2639
557
2804
864
2043
1308
1124
550
2435
1560
2789
2323
896
1839
2051
2715
2332
2424
1253
1703
665
964
478
1136
773
552
64
857
756
490
2496
2517
2320
1188
1944
986
2398
122
875
1717
1045
2854
582
1864
1367
65
481
169
2368
2292
1836
1893
805
539
2774
200
2425
2655
1882
2409
2223
1071
1901
234
618
2793
165
363
2224
1480
2092
2219
2420
359
1453
903
1542
18
350
1732
2601
1376
398
434
1988
818
1807
2672
2743
1476
146
1725
2344
2123
2354
455
1145
1356
2597
265
2249
1975
474
2512
1489
624
2054
354
1122
545
407
641
1911
2923
1775
1756
2513
132
1130
444
2683
1264
834
741
1494
1452
1446
379
1287
377
2610
814
2665
606
1628
1680
335
2576
1675
1062
555
396
1869
2342
1728
1310
906
2149
1447
2838
2414
461
1615
1317
1088
1228
1110
2068
682
1971
1666
2829
863
1191
2041
2023
2899
175
2204
2782
1159
1362
2678
26
775
2426
708
2875
55
2118
1196
1513
1348
2699
1017
395
1679
155
2098
216
2551
2898
1464
848
2652
1053
901
1926
2919
1010
66
1456
1562
2870
1711
82
470
1035
559
2052
2548
1693
2458
281
2847
660
488
1838
2839
1559
2305
1572
1481
2455
2081
2269
312
2085
1301
1848
2861
2579
2091
849
1845
443
1351
246
2740
1620
2707
1284
245
589
77
198
2832
2336
2233
1516
34
1397
2077
2299
894
2372
846
1520
2824
495
148
134
212
1406
1182
1119
2121
2349
593
2503
2896
578
2175
2072
2321
387
2302
2203
2846
1567
1390
12
1642
1407
936
1395
1969
2226
58
623
1435
502
2521
2615
1461
1762
1734
782
1203
1262
2712
1966
1023
824
142
2417
442
2787
1428
2058
1148
2674
1165
817
2017
2876
690
2507
1704
424
798
1940
1523
1923
2318
382
1729
2251
2557
1226
768
2722
918
1465
418
2103
762
895
869
1340
1908
767
524
345
1245
2818
2520
2745
266
1602
1069
17
472
2047
620
1436
2094
2686
1345
784
549
591
862
1984
2262
1335
1938
1700
2431
2227
2592
2240
1227
732
1221
2744
2442
700
2450
1656
2187
667
1229
2928
80
1532
2348
1821
188
1512
527
2016
2027
2195
2510
2624
2596
2781
2061
393
106
1091
1583
320
353
1999
493
910
422
1541
45
140
1763
1373
2882
1231
595
2120
1634
2385
1194
1392
2811
2701
1738
740
107
2547
2825
1540
1898
1371
1304
1990
462
1880
821
1439
886
2681
7
953
2141
791
1404
1210
275
2530
2396
412
2369
2421
2809
1430
1801
2401
1760
2537
1745
2281
1577
2206
651
532
433
390
2071
2528
61
1299
2279
2422
1030
1216
1197
1934
2133
1121
1151
287
2222
2312
2106
111
1649
698
2134
884
1170
2412
2671
2654
2339
1450
231
969
2459
515
2391
915
420
2001
1375
2116
1085
2307
1353
1691
327
179
1073
416
40
2606
908
79
2360
1279
804
2476
348
385
1291
2859
2129
1904
15
572
1875
1506
803
8
1333
2276
1788
520
1218
1695
2695
2395
1255
2018
2595
2213
1199
36
2376
2152
987
1895
2914
2798
85
192
315
2330
2607
51
2056
1616
534
1369
2877
2845
2502
1306
1468
332
1509
1202
688
71
1059
2720
220
2617
1973
1551
2830
2623
563
2433
2032
2019
294
2218
1041
2166
2210
2698
1795
1352
2612
2760
2440
1360
2093
2816
1678
2382
676
1463
1181
535
1997
2400
2211
457
931
415
1747
1409
816
227
2559
579
235
1138
378
2491
2827
133
1090
2567
326
946
2216
2688
291
1787
1858
652
2255
840
2393
136
1943
843
1205
781
1167
2423
20
2675
933
2554
2124
2799
728
1687
1702
120
1219
1903
2544
899
1769
451
2074
2214
2929
1576
501
158
713
1936
1604
806
1478
2408
750
1537
454
2546
2191
476
2776
2295
185
2934
1024
533
2371
2867
932
1462
1116
1270
2231
642
1835
2013
2756
1252
893
940
1016
654
626
2384
928
847
1638
2460
2064
2532
1276
1892
1995
2738
2763
2613
859
1103
2640
2906
699
1129
2084
1094
2153
69
2897
1344
2288
1070
484
56
124
1655
1548
23
1878
2028
303
402
2717
2725
1640
306
238
1937
1100
727
783
2184
999
2801
963
289
1161
2014
1913
949
2677
2265
2057
2730
362
1722
286
1280
1186
2650
731
1588
1753
703
786
214
1424
307
2692
1385
1797
1586
2278
1467
980
2909
2472
1840
2470
2803
664
2138
2317
2159
116
35
2100
2478
2361
128
94
159
830
879
1365
1771
1870
1671
1941
2193
952
2831
1051
236
1318
121
812
2156
109
435
755
1624
874
229
1298
1420
1727
637
825
506
1891
1718
491
523
1706
1155
1093
925
112
54
599
219
1662
608
643
1120
218
2282
873
960
938
730
1681
57
2524
2598
2429
2883
203
1774
1526
718
425
151
989
2531
1623
904
139
1098
1327
308
2690
300
2270
2183
2254
2160
1872
2309
742
2732
747
1876
247
631
153
447
1743
1466
323
277
2090
1855
2445
1200
2710
2581
2256
419
2341
1013
2188
590
1733
2764
992
1949
2748
1096
1157
1555
1507
2415
748
2921
1251
1172
1684
37
1626
1970
2568
1152
1811
2940
2556
1118
907
2902
1782
96
617
2647
2599
2862
1996
1504
1827
827
1268
288
1768
758
119
2059
14
2095
967
1443
723
2033
2578
2807
2078
945
602
686
2926
2864
302
39
30
1859
2151
342
757
1064
780
2572
2694
1794
427
897
316
129
529
2357
338
820
2246
776
503
828
2468
685
2194
2109
2477
2922
2177
1672
1798
2082
2645
1584
1813
1785
1914
1665
2181
819
1313
264
2346
2006
2469
413
486
1538
934
1981
790
916
1689
2828
1915
2794
2937
2629
2046
2526
297
2545
2784
1814
598
2212
1140
2135
950
2073
269
850
1806
2561
2306
2841
2034
1132
49
733
1190
1862
2621
166
1546
1086
1449
190
330
1606
2519
2139
1514
905
42
2005
1060
394
1312
2935
2525
1274
1843
364
2697
1160
1502
971
2585
89
794
2359
797
11
1883
1077
99
1796
2383
1676
537
604
1550
1007
2616
1841
712
102
1930
1879
2638
1618
1963
2817
2693
662
1783
1225
2903
2325
1669
1812
981
115
1487
221
927
2553
406
2706
87
597
1579
2670
669
795
2822
2035
1
2387
1477
1972
92
339
2895
2643
2540
571
2500
160
941
1545
1135
2771
679
813
1020
1213
1912
885
546
1928
1889
1697
456
743
2493
173
1824
1525
1983
1931
1361
633
1242
2335
1437
722
649
1421
2533
2102
2619
2326
2125
1277
1608
2044
138
746
970
2410
2235
479
2529
1519
1834
1139
2011
310
705
674
1674
2150
1979
811
1471
2245
256
1214
1851
1946
872
1776
449
1571
671
1425
1751
2337
1177
2451
2860
2609
2164
1715
586
1887
164
191
2086
961
293
232
837
325
512
1810
1322
751
826
2850
2165
2464
2713
2602
1178
1518
163
438
2432
1600
1818
1817
1347
340
485
839
2614
32
1057
1037
2663
2856
972
2648
554
2004
1643
1278
2721
2734
2404
979
1336
634
2127
1076
1556
1792
117
2536
2844
13
2584
2243
2492
836
658
2065
766
2857
86
371
2580
2261
1533
1686
1442
75
1952
28
1595
1925
2891
1980
53
67
1951
2849
710
1654
1074
1907
1498
2770
2887
653
508
2750
1574
168
162
403
1563
639
2564
2324
1804
1816
1206
1025
463
2768
2593
2089
1389
2779
1117
1021
2611
1485
2147
627
2664
2753
726
2403
2179
1368
150
2833
1146
1557
1826
2669
2651
2855
149
349
1653
543
343
324
968
278
659
1273
1749
2257
1224
1288
1034
1483
1108
1612
2700
2783
1066
1032
1101
2479
2010
2487
1721
1431
2927
2751
1663
920
131
276
2389
177
78
170
487
2495
1594
994
1063
2189
1454
178
1552
829
1128
1575
580
167
1315
2504
1388
735
1752
1544
174
683
2264
201
1569
1105
171
1631
919
1211
779
2467
2000
404
2055
1014
1417
1854
1238
2826
1434
2333
337
2657
1052
2853
866
2379
1448
1470
1033
799
429
2143
2167
1961
2406
243
815
883
2471
475
1578
1607
867
2168
1899
2365
1359
1673
2039
1888
1750
2247
426
737
1171
569
2207
1779
1156
1415
1142
1387
913
1842
1004
764
464
1012
2310
2666
2075
1791
581
2728
1401
635
684
1321
2574
1739
317
1646
2386
1254
1529
942
898
365
657
110
2930
640
2104
1113
1089
1015
21
44
1847
2485
2002
268
2805
2735
680
1115
770
625
736
1967
2482
611
1126
562
745
2641
777
1419
1896
1528
1411
1297
1527
1630
2192
1758
2752
2048
1921
208
2012
1803
182
1078
1102
677
1553
2042
1143
2171
556
1900
2767
430
1844
2418
2522
1095
2190
1589
603
701
2649
2119
2736
592
858
2319
1364
2466
2656
1832
1244
397
1266
1492
1399
2157
1427
1240
2260
2296
1325
305
991
284
1805
1358
224
881
600
2443
1311
2765
2088
2635
1092
525
892
2879
147
194
193
1133
778
2452
1992
2474
1770
1701
957
719
2252
1080
2031
1282
213
1408
1179
2394
1799
1708
184
947
1058
27
2761
471
1954
648
1823
1184
360
2705
1027
1320
1754
1633
1710
2286
2108
1590
241
2489
1657
1207
1648
1622
1991
183
2003
2754
1474
1825
16
1714
358
975
2814
1414
272
1175
2083
792
374
1048
2820
1698
2600
2848
2283
2708
1220
2441
1008
2494
2742
2788
1075
1989
2603
1874
1772
951
331
2026
2060
2248
2622
1168
262
1475
1719
273
483
2144
630
2352
1828
91
1040
97
2373
769
1418
1993
467
2785
1056
322
2198
2263
2685
1114
2022
2516
2569
2773
2250
1460
711
279
1123
1349
1871
1521
2894
675
95
1193
233
2866
380
1683
2244
1189
5
607
565
499
983
891
841
2719
125
2731
2893
1061
1309
1757
2232
2684
202
2755
973
261
1068
887
333
2757
453
1692
1072
1605
274
1286
1236
2661
1050
2209
352
1767
1259
431
2413
2066
1261
445
1326
356
870
2351
1378
186
2329
468
1412
2399
254
1099
311
2284
1815
1713
2709
1484
1730
469
466
1917
853
1699
1141
2024
1522
1731
567
801
744
196
1249
33
1647
1001
831
1049
2729
2506
314
691
638
1079
1945
1302
717
482
760
2514
2627
228
239
2575
1382
152
1740
2007
948
1652
436
1723
1457
249
1613
2484
1894
2475
1201
1042
978
1153
516
9
1081
2676
911
2813
558
321
1272
388
1046
2063
154
1490
2448
3
1610
2062
984
2726
2275
2237
2158
1688
944
205
2340
2558
2080
1451
2447
2939
2515
2355
1441
1597
2490
1511
2465
1712
1208
876
1292
114
1283
1235
2428
585
511
544
1517
130
547
1212
298
2021
1960
514
2173
1377
258
1018
2364
1380
2577
1746
1438
860
2583
2653
2791
370
672
263
1863
1632
2114
1111
2439
2454
1346
1547
2377
1164
628
2308
10
2871
1003
1849
2313
2315
137
2836
2154
252
789
1234
24
1629
2280
584
721
2290
267
1496
2444
368
189
909
2778
230
513
1169
2130
1163
734
800
93
108
2345
823
2259

