233
1235
2733
1345
25
465
2206
2022
1264
741
1599
2205
664
708
2725
1205
999
1941
1297
1814
335
2027
1581
924
657
189
407
2660
703
2665
737
2618
1352
1098
2750
1989
545
466
2242
729
931
1529
1552
23
1666
343
2311
2685
1669
2341
2505
552
2188
1742
859
1908
17
2790
1496
515
879
600
1929
2040
1949
271
1689
2261
2335
1060
1592
2198
1640
711
1857
2780
1221
1963
341
1495
536
2767
1095
1767
839
448
1337
2415
2301
1813
1477
510
1518
1077
570
1575
1035
2380
2850
1861
692
2830
2058
1834
764
2702
1275
1560
615
1747
2252
863
2181
2641
1585
1737
2076
1725
2082
1088
505
1921
606
2018
870
1472
1398
2256
2411
1685
1428
2821
1454
2297
787
1486
640
2325
1733
160
2674
34
2072
1234
1721
347
1197
1818
52
1232
82
226
2379
1615
496
1576
1948
2622
544
1421
1216
1451
542
2006
349
350
1120
948
1149
2149
1567
2593
1359
915
880
2869
1268
2126
738
279
2671
2522
1759
2121
802
2753
2219
2359
534
2776
2005
1569
2132
2238
2707
1556
1614
1069
2276
985
1986
464
1561
1265
1990
150
547
1426
1068
2448
475
930
450
1756
1976
2631
1082
88
833
684
2439
1222
1728
810
2629
2608
807
2231
1107
352
2461
1611
1557
769
854
895
2736
1299
881
2436
2802
2882
722
5
689
680
777
247
882
951
555
1555
1464
758
2086
2755
2119
2577
2208
420
1795
2918
59
2226
998
2542
2353
152
2464
1606
231
1807
2466
588
2267
2128
2500
125
287
1524
2703
1350
2764
1165
27
354
2303
1971
96
875
1729
1178
2456
2494
40
181
2037
1474
1966
156
665
1523
2839
2582
2891
2144
568
662
2412
443
2759
1156
1150
126
1632
1039
463
724
391
2054
754
1953
1076
1501
2077
977
1487
208
24
767
2894
541
1537
1084
1647
236
2919
2285
311
1821
1707
2679
1202
1371
1422
774
1659
1072
1712
2062
2168
1781
1248
414
470
499
2511
1889
1618
2332
1246
1775
2644
33
1111
2721
1254
940
602
2497
2347
716
2196
2190
2365
766
1705
278
2120
2819
1808
2808
1609
2927
2260
2449
492
2719
2700
827
1112
1329
1466
521
1136
333
2158
779
697
509
1701
1890
137
1009
285
1598
2283
1066
455
816
1307
491
953
198
1794
2306
2768
2553
2606
822
2883
2172
77
1748
1547
2350
814
2216
2381
1702
2200
2728
2299
1530
2900
1924
162
28
2102
2263
2232
1219
2080
185
1011
222
734
751
698
1536
1825
1119
1310
1678
2887
1003
2875
815
2374
1091
1225
2658
2907
2393
2597
1987
325
2
753
1855
1387
2598
2073
982
648
2203
2523
876
1937
1824
1096
2816
440
2501
925
757
2024
434
2035
1139
474
1092
1732
792
1053
2897
1746
1947
394
54
1198
1018
707
1285
2394
2356
457
2843
1675
237
2106
989
1655
1238
2770
100
584
2070
1208
1670
1357
94
1295
216
1479
1490
224
1900
1955
202
1294
2633
1402
1519
2148
1739
695
2735
209
1298
1207
268
345
958
1379
170
2649
2566
1909
518
2391
1002
990
2614
917
2846
2724
794
652
857
80
809
2624
1961
1548
2146
2282
2015
874
944
1123
526
589
1649
2001
1559
372
409
573
2490
3
1830
2390
300
2558
2761
2405
1887
338
2744
2278
1546
192
850
291
1923
2316
1661
348
572
217
806
709
2114
2484
2682
865
2322
700
519
223
2323
813
2197
78
2318
993
2444
1100
1441
1258
2151
2174
2595
1589
825
2109
1030
2060
444
2905
1846
2044
146
2581
1628
253
366
2517
517
2800
2243
1803
1187
1880
1390
804
579
1753
2111
893
1214
1155
2159
313
2634
613
1525
888
2916
2403
976
611
936
1346
2788
1978
404
2083
2101
1396
334
1699
123
2130
968
963
1028
2129
1730
161
628
559
1067
691
554
2220
2589
2596
1491
2194
1875
1191
2941
1820
2683
1777
1200
1392
1189
1972
1769
1979
2432
1315
2133
2033
83
1253
2165
168
614
259
801
1954
1836
869
1629
1603
1168
2652
928
124
1217
136
1593
1822
1897
0
1508
1550
1188
2182
375
2103
384
967
254
896
2066
114
1223
1074
147
1336
1674
1997
1162
949
2459
2655
1348
594
1903
1863
129
1420
840
2371
2571
1017
2933
2648
2681
1969
1034
158
578
1086
659
511
2277
1369
1230
489
1916
203
980
1950
2026
2329
43
2289
1462
2530
885
2815
1554
1218
1841
1
2831
1893
1032
1146
172
206
811
1236
2771
1344
1304
685
1819
20
97
2091
317
943
1882
2762
95
2698
1052
2508
221
1564
1172
2653
706
1704
2720
1461
1153
2931
58
1619
1349
1040
1220
733
2782
1109
2852
914
507
2524
2847
2458
2113
562
2859
2107
296
72
1101
927
755
2678
828
2067
508
2180
245
1580
653
569
418
14
2617
1763
1520
2784
1063
1043
2936
1382
1920
1708
2806
1138
1809
2304
1815
1170
1182
460
2274
1788
608
2746
109
2837
603
2161
439
2654
2862
1273
315
1553
2529
2848
1083
725
1318
74
1780
2291
735
862
580
215
211
1383
937
45
986
714
2395
1517
2485
1160
1840
2344
932
2253
1810
2184
2452
2491
1750
1433
57
645
262
2858
1423
655
1161
2141
2310
1341
419
2574
453
1193
447
2401
2688
673
2030
908
2468
1274
1754
8
1533
2734
2747
984
1627
1500
1823
913
340
1201
2576
1959
1776
877
2249
1643
1245
651
256
835
1800
1447
918
1911
2187
1070
532
2748
395
1811
2087
2178
693
1145
2706
2115
644
442
2902
6
141
2014
1429
620
1374
819
1443
369
1650
647
107
1378
1506
86
116
2689
35
2357
2048
2932
2317
2579
2224
2447
629
1312
564
2112
299
1798
1743
2147
1528
1493
2135
111
2797
2338
2924
765
2604
2361
1648
1331
2284
85
2868
1065
1339
2666
2749
103
543
1435
2881
2620
1117
281
2305
1504
2636
1591
1209
446
906
1482
1738
484
2842
889
2934
978
2368
1005
2095
1142
190
1033
2286
2911
2752
252
422
1852
2156
232
488
1305
2413
2912
1864
155
590
1463
2056
873
1391
2402
826
836
1290
2575
2116
193
884
788
494
1094
2223
2117
770
1196
2230
2564
2591
479
1586
674
761
1745
1399
368
316
1281
1436
1542
143
717
719
1407
1425
2865
2007
2029
250
1151
1617
1203
911
2625
1366
65
512
1711
1059
1413
847
2546
1677
2791
1597
1907
502
2049
1300
1190
428
374
469
2611
1832
1406
1873
2036
1384
2609
2307
2247
2787
2476
2010
356
1365
157
649
2740
1327
2567
2853
435
305
818
277
2820
1480
1181
1114
2331
163
2487
1692
1539
1902
93
477
1173
1227
2000
1061
2570
2451
1499
1372
894
2166
1233
732
1438
501
2064
2434
1787
776
1386
2418
2880
1663
2105
2065
81
2355
1891
1871
2469
781
1255
1833
646
1006
2340
1247
2046
1090
2140
1467
2909
2836
1962
2783
2454
241
2217
1774
2885
1097
98
2908
119
387
324
1706
2414
2516
2214
1319
1716
412
1401
2193
2754
994
2568
2094
1272
2849
1458
992
1653
2828
1910
1376
2348
1859
2502
500
1886
2258
939
1700
2453
2696
1710
2279
1888
1826
1259
1291
2477
585
514
1723
829
2769
969
2594
844
11
10
529
1785
768
1437
2053
2538
2548
1856
148
416
497
567
1796
462
1267
1031
1974
1865
2657
1242
1323
681
1335
2396
1664
1801
1686
2110
2737
2692
2384
2672
842
1688
2370
2169
596
964
2218
1108
2399
298
838
295
473
257
2034
2536
229
2308
660
919
459
604
2726
1691
139
1608
2795
1093
1042
2789
586
199
1912
632
591
2057
2122
214
47
280
1363
1645
2104
2866
2309
2269
1388
2162
2619
1736
1514
2042
1081
1311
84
2635
2712
2872
105
2519
837
1590
2136
686
2835
1050
472
1169
1444
2492
1288
183
2192
503
359
1600
2324
780
922
2879
378
790
454
634
1797
244
1970
2392
2300
2209
142
1121
1240
1415
270
263
1021
535
793
1587
1356
1652
2191
2861
563
2404
51
550
962
2515
290
1992
1280
2896
621
858
151
458
432
1215
947
134
319
1206
1475
2480
2697
1839
186
748
1637
2565
1129
2354
1684
379
1516
1041
2153
1450
2363
2811
2818
1224
688
490
360
1334
1195
616
2241
36
1761
557
1049
266
1284
1286
960
1106
2921
2041
2663
2693
480
1010
1918
1266
1204
120
2177
1563
1456
2901
1977
1636
1762
2417
1158
2603
1831
449
824
771
1931
950
2518
135
1847
2876
1522
1089
312
2328
2888
2195
386
1984
2020
2673
2433
2410
1478
1276
32
1502
582
2556
696
21
710
188
730
2478
2378
1431
2352
2321
402
1896
921
381
775
909
1942
1027
1515
92
612
1625
1085
2366
1452
1789
2483
62
307
2710
2419
2450
785
342
1118
2333
1633
433
2578
1714
304
1724
370
1494
2472
2349
2302
2713
1175
2155
2369
2680
41
820
1314
617
627
641
39
1951
2716
1843
344
1982
2475
2580
2314
898
883
2398
367
164
2079
361
191
619
987
1411
1944
2514
1306
996
205
2889
2792
1434
297
952
346
1125
2904
972
2559
284
663
690
2627
899
592
2555
218
845
2832
1257
1935
1375
791
1638
1278
622
1540
246
178
1324
390
1521
48
656
2250
1588
1786
113
1389
2465
2437
2717
1367
1143
2895
2886
2774
1765
1330
1332
2430
1328
2701
682
1261
812
1616
89
2098
429
2691
848
1681
2185
1144
1957
742
2670
2718
1991
2424
571
1364
1727
289
2715
1062
293
1624
2640
1793
2922
1159
933
2592
2240
2367
2145
1812
2097
2825
1427
778
1313
1449
2756
303
2503
1602
1325
1351
1901
2930
679
2163
513
1293
1583
701
1128
2125
309
2013
1671
154
2294
2326
2838
2443
1999
2052
2739
746
1057
1141
1124
1927
179
1064
1755
955
1269
902
2345
2088
1544
599
2246
556
1099
705
2460
2773
66
2699
1582
799
2539
2373
2928
2199
467
2257
1773
406
397
834
1393
2738
2023
2601
1132
2667
642
2221
451
1870
2152
165
2765
2204
2479
2375
506
314
2860
907
2714
180
2507
76
61
1772
832
973
726
2742
2176
637
2940
1964
1116
2339
2708
2799
2531
140
2923
1956
1995
1380
1936
22
1044
605
520
537
2817
525
12
1360
187
956
1370
823
1940
415
2212
540
2732
2063
2588
1838
26
19
2763
1338
1025
106
1133
1693
1036
1004
228
1484
1485
1973
194
2215
1320
2810
1604
1850
225
1735
212
1697
633
2407
2229
2124
1872
900
2607
1432
1185
892
2521
598
79
2186
1113
1316
539
363
2445
2078
1551
2173
744
2489
2372
99
1213
1939
326
1361
1412
112
524
720
666
1945
805
1163
2154
1465
1998
286
2709
2632
1881
196
1835
2160
2099
658
177
1048
1008
1799
1353
1309
1056
2435
1381
1842
1176
2025
1768
2254
2183
1446
2621
2730
2255
2824
1983
2388
2068
1679
207
2213
639
1135
2906
1343
784
2093
669
373
1993
2429
1054
631
1079
2801
30
2926
201
2002
327
87
2630
575
2313
1844
1459
398
2687
1212
238
423
46
2118
1996
2890
408
329
670
2092
417
2031
988
1915
1137
1020
1038
1696
2834
1601
1279
551
728
269
2587
1448
938
127
694
677
182
587
853
1507
1471
2903
478
1282
2179
2856
2455
1231
1816
712
2473
2669
2766
2108
321
426
1845
1673
2884
1468
745
255
2462
2334
1543
400
2913
1303
1140
471
2731
1718
565
13
2612
2428
2803
831
1751
2438
1828
852
2342
1899
1928
904
73
1892
1080
1630
487
576
2004
821
1148
2586
2236
1347
2293
1509
1511
2873
1943
623
2486
2075
204
2425
2535
320
210
1790
331
1827
2262
1541
1179
1211
1532
1804
1596
1071
322
961
1894
1534
2823
1817
2528
2142
2526
1848
975
2874
749
1292
1409
2677
376
2189
795
2211
841
954
175
2499
1073
389
1709
430
219
2812
2382
1676
1410
1481
549
1698
1960
2248
817
2504
401
1758
1641
1075
2273
2225
1510
2661
2798
1635
71
558
1658
970
396
441
752
1672
1740
601
2892
1445
747
1792
856
2527
1403
1607
974
2051
2050
411
1905
2312
1194
1103
2525
2939
903
1980
2751
667
2457
1720
18
1405
2690
1228
1457
1340
2170
1621
1130
2009
2827
1874
2572
306
638
1166
2785
2541
1029
2071
2857
1105
2512
110
713
1277
1965
1102
1262
1932
2935
2266
935
1717
115
2534
2772
2137
476
174
1126
468
2727
2659
2675
2613
855
2569
995
2251
2920
2265
1594
773
1626
2364
2826
2287
1296
2171
2793
2385
1862
1012
2867
1631
1395
2893
991
1270
234
294
37
1177
1866
323
2676
328
282
55
2684
1849
1952
1271
2898
715
1007
493
1837
2781
721
583
538
337
2910
2637
2336
2387
997
438
264
260
1037
1152
2561
803
498
2127
2775
566
145
2929
410
121
675
2639
251
527
1876
2704
2315
676
2423
1164
941
878
2055
2227
553
1241
1651
1333
173
2383
654
1784
2409
101
2337
2563
2074
2202
2100
318
2441
2584
1869
867
1414
699
292
2807
2296
2545
1498
1531
357
2081
528
1184
2386
1860
1078
1879
1975
2915
2463
1639
743
2605
2537
1015
2233
1476
1919
2778
2085
1802
64
897
485
945
1289
1358
901
661
149
380
1104
272
610
153
2544
2938
942
783
1572
1322
2259
169
2650
2745
1226
1620
966
1154
2021
871
1513
1868
1885
1244
2840
1014
687
1770
424
2272
213
2222
523
2626
90
2032
1455
431
2028
916
2426
445
382
672
796
1186
1726
2467
1263
2422
2239
1713
2585
1527
843
171
2600
1047
197
2271
2038
1722
1749
265
577
1256
336
1260
358
2540
595
138
2549
130
220
2131
1660
2937
1301
2533
2096
1171
2134
2488
2656
486
2167
421
1851
1895
351
1321
1913
1237
42
1342
2854
2084
2482
929
2643
405
1377
1110
1695
1690
1430
1134
981
2474
1654
2743
890
1535
1779
2295
1760
704
1023
1578
2711
1251
866
483
1355
2440
1605
1985
118
1549
310
1046
2845
2264
2346
2493
2917
1492
2557
2513
2045
607
2003
15
1665
887
1783
49
736
2642
104
1883
243
561
1470
2664
1489
2925
133
789
763
1385
756
2207
167
2562
1656
1483
1805
230
2796
1051
1988
2722
1884
122
7
1579
102
533
1778
227
1854
1424
2408
364
1853
1634
593
2760
1680
1115
723
1662
886
1829
365
2123
727
636
872
2610
2552
1668
2012
2628
1538
1622
849
69
625
436
2292
1914
2047
1958
53
108
1877
2330
437
131
2899
965
1013
288
248
650
1642
1917
166
1744
1394
2651
29
332
1147
403
643
2431
1157
2623
2421
2877
1595
377
830
759
1623
31
2008
926
1243
200
2662
2590
273
2851
2695
1180
609
1001
1503
630
910
934
983
2362
242
2481
2723
1026
425
1497
2741
1571
2164
905
1771
2599
1967
2470
2446
2547
581
957
1404
16
184
362
1122
1505
383
1326
1417
2280
2268
678
50
2615
274
1806
2011
1460
2358
2646
2406
393
2705
2794
2805
1574
2360
2813
388
56
2532
1565
60
912
2583
1250
1453
548
1612
1087
2841
1791
2427
2376
923
2496
2560
355
44
117
868
9
2019
2647
330
2400
2298
2645
574
1570
2729
851
392
159
301
2090
546
891
1354
2442
1922
235
1199
1938
1946
2878
731
2668
1229
1752
772
2416
2871
2150
2061
91
275
2914
1934
2234
702
2638
1368
1058
1016
1302
1512
2420
1741
531
371
353
1473
1731
2275
1249
258
2139
1926
2043
1210
239
1683
2017
860
38
1968
2471
797
1419
339
762
1930
1906
618
1442
2777
1526
624
1239
1644
979
2602
1283
2389
1192
68
1715
1418
597
1055
2829
495
2245
798
800
2506
128
456
1667
1488
782
1878
2320
2377
2244
920
1024
2758
2157
1469
2833
1373
1867
1719
2237
2351
267
522
1610
2138
1764
2779
786
750
861
2175
1703
1545
2573
2016
308
132
739
2543
626
1558
2498
516
1317
2343
1252
2039
261
2551
971
2855
2210
1397
1757
864
1019
1408
2228
2550
668
240
530
2290
635
249
399
2059
1183
2864
1566
1994
195
481
2863
1416
1682
2281
2804
67
75
1045
1657
1562
2870
2143
1904
1127
70
671
482
2495
1287
1577
1362
2069
2235
2201
461
740
2786
452
4
2288
1694
176
283
946
1022
1933
1174
1734
2554
2616
846
560
1925
760
1858
144
1308
2520
1584
2757
1613
2694
413
2327
2319
1439
1898
385
1568
302
2510
63
2844
808
1981
1766
959
683
718
1000
427
2814
1167
1573
1782
2089
1131
2509
276
2686
1440
1400
504
2397
2270
2822
1687
2809
1646

