1 1
2 1
3 1
4 1
5 0
6 0
7 1
8 1
9 1
10 1
11 1
12 1
13 1
14 0
15 1
16 0
17 1
18 1
19 1
20 0
21 1
22 1
23 0
24 1
25 1
26 1
27 1
28 1
29 1
30 1
31 1
32 0
33 0
34 1
35 1
36 1
37 0
38 1
39 1
40 1
41 0
42 1
43 0
44 1
45 0
46 0
47 0
48 1
49 0
50 0
51 0
52 0
53 1
54 1
55 1
56 1
57 1
58 1
59 1
60 1
61 1
62 1
63 0
64 0
65 1
66 1
67 0
68 0
69 0
70 0
71 1
72 1
73 0
74 1
75 0
76 1
77 1
78 0
79 1
80 1
81 1
82 0
83 1
84 0
85 1
86 0
87 0
88 1
89 1
90 0
91 0
92 0
93 1
94 1
95 0
96 0
97 1
98 0
99 1
100 0
101 1
102 1
103 0
104 0
105 0
106 0
107 1
108 0
109 1
110 1
111 0
112 1
113 1
114 1
115 0
116 1
117 1
118 1
119 1
120 1
121 1
122 0
123 0
124 1
125 0
126 0
127 1
128 0
129 1
130 1
131 1
132 0
133 1
134 1
135 1
136 1
137 0
138 1
139 0
140 1
141 1
142 1
143 0
144 1
145 0
146 1
147 0
148 0
149 1
150 0
151 1
152 0
153 0
154 0
155 0
156 0
157 0
158 1
159 1
160 0
161 0
162 1
163 0
164 1
165 1
166 1
167 0
168 1
169 1
170 0
171 0
172 0
173 1
174 1
175 1
176 1
177 0
178 0
179 1
180 0
181 0
182 0
183 1
184 1
185 0
186 1
187 0
188 0
189 1
190 0
191 1
192 0
193 0
194 0
195 1
196 1
197 0
198 1
199 0
200 0
201 1
202 1
203 1
204 0
205 0
206 0
207 1
208 1
209 0
210 0
211 1
212 1
213 1
214 0
215 1
216 0
217 0
218 0
219 1
220 1
221 1
222 1
223 0
224 1
225 1
226 0
227 1
228 0
229 0
230 0
231 1
232 0
233 1
234 1
235 1
236 0
237 1
238 1
239 0
240 1
241 0
242 0
243 0
244 1
245 1
246 1
247 0
248 0
249 0
250 1
251 0
252 1
253 0
254 0
255 1
256 1
257 0
258 0
259 1
260 0
261 0
262 1
263 0
264 1
265 1
266 1
267 1
268 1
269 0
270 0
271 0
272 0
273 1
274 1
275 0
276 1
277 0
278 1
279 1
280 0
281 0
282 1
283 1
284 1
285 0
286 0
287 1
288 1
289 0
290 0
291 0
292 0
293 0
294 0
295 0
296 1
297 1
298 1
299 0
300 1
301 1
302 0
303 1
304 0
305 1
306 1
307 1
308 0
309 0
310 1
311 1
312 0
313 1
314 1
315 0
316 1
317 0
318 1
319 1
320 1
321 0
322 0
323 0
324 0
325 1
326 1
327 0
328 1
329 1
330 1
331 1
332 1
333 1
334 0
335 0
336 1
337 1
338 1
339 0
340 0
341 1
342 0
343 1
344 1
345 1
346 1
347 0
348 1
349 0
350 1
351 1
352 0
353 1
354 1
355 1
356 0
357 1
358 0
359 1
360 1
361 1
362 0
363 1
364 0
365 0
366 1
367 1
368 0
369 1
370 0
371 0
372 1
373 0
374 1
375 1
376 0
377 0
378 1
379 1
380 1
381 1
382 1
383 0
384 0
385 1
386 0
387 1
388 1
389 1
390 1
391 0
392 1
393 1
394 1
395 0
396 1
397 1
398 1
399 1
400 1
401 0
402 1
403 1
404 1
405 0
406 0
407 1
408 1
409 1
410 0
411 1
412 0
413 1
414 0
415 0
416 0
417 1
418 0
419 0
420 1
421 1
422 0
423 0
424 0
425 0
426 1
427 0
428 1
429 1
430 1
431 0
432 1
433 0
434 1
435 0
436 0
437 0
438 0
439 1
440 0
441 0
442 1
443 0
444 0
445 0
446 0
447 1
448 1
449 1
450 0
451 0
452 1
453 1
454 0
455 0
456 1
457 1
458 0
459 0
460 0
461 1
462 0
463 1
464 0
465 0
466 0
467 1
468 0
469 0
470 1
471 1
472 1
473 0
474 0
475 0
476 1
477 1
478 0
479 0
480 0
481 1
482 1
483 1
484 0
485 1
486 1
487 1
488 1
489 0
490 1
491 1
492 1
493 0
494 1
495 1
496 0
497 0
498 1
499 1
500 0
501 0
502 1
503 1
504 1
505 1
506 1
507 1
508 0
509 0
510 1
511 0
512 1
513 0
514 0
515 0
516 0
517 0
518 0
519 1
520 1
521 0
522 1
523 0
524 0
525 0
526 0
527 1
528 1
529 0
530 1
531 1
532 1
533 1
534 1
535 1
536 0
537 1
538 0
539 0
540 1
541 1
542 1
543 1
544 0
545 1
546 0
547 0
548 0
549 0
550 0
551 1
552 1
553 1
554 0
555 1
556 0
557 1
558 1
559 1
560 1
561 1
562 1
563 0
564 0
565 1
566 0
567 1
568 0
569 1
570 0
571 1
572 1
573 1
574 0
575 0
576 1
577 0
578 1
579 1
580 1
581 1
582 0
583 0
584 1
585 1
586 1
587 0
588 1
589 1
590 0
591 1
592 1
593 0
594 1
595 1
596 1
597 1
598 1
599 1
600 1
601 1
602 0
603 1
604 1
605 0
606 1
607 0
608 0
609 1
610 1
611 1
612 1
613 1
614 0
615 1
616 1
617 1
618 1
619 1
620 1
621 1
622 0
623 0
624 0
625 0
626 1
627 0
628 1
629 1
630 0
631 1
632 1
633 1
634 1
635 0
636 0
637 1
638 1
639 1
640 0
641 1
642 1
643 0
644 1
645 0
646 0
647 1
648 1
649 1
650 1
651 1
652 0
653 0
654 0
655 1
656 0
657 1
658 1
659 1
660 0
661 0
662 0
663 1
664 1
665 1
666 0
667 0
668 0
669 1
670 1
671 1
672 1
673 0
674 1
675 1
676 0
677 1
678 0
679 1
680 1
681 0
682 1
683 1
684 0
685 0
686 1
687 1
688 0
689 1
690 1
691 1
692 0
693 0
694 1
695 1
696 1
697 1
698 0
699 0
700 1
701 1
702 0
703 0
704 0
705 0
706 0
707 0
708 1
709 1
710 0
711 1
712 1
713 0
714 0
715 0
716 1
717 1
718 0
719 0
720 1
721 0
722 0
723 1
724 0
725 1
726 0
727 1
728 0
729 0
730 1
731 1
732 0
733 0
734 0
735 0
736 0
737 1
738 0
739 0
740 1
741 0
742 1
743 1
744 1
745 0
746 0
747 0
748 0
749 1
