275
1140
2595
1153
2500
2804
2598
1662
293
2791
2451
1152
2623
2133
2460
2566
18
698
241
1053
2062
2569
2048
2482
1762
677
2114
1239
2737
153
1393
1934
2734
1320
1023
2406
13
2634
1518
73
1384
1904
361
733
456
700
1794
222
2445
624
384
568
467
2633
1314
2603
1865
2898
81
2111
1060
1069
684
768
2504
1862
2618
2394
239
301
1857
1163
342
1118
1365
1932
2083
1210
1296
473
569
2188
1102
1524
787
1628
885
2551
391
1522
2827
2605
1043
1848
1035
2396
2381
393
782
1532
2041
136
1387
206
554
445
2205
984
2775
400
2818
1883
1902
1348
511
1147
2857
988
2636
794
1306
1448
2822
793
2812
606
1642
1526
1748
2422
707
204
1828
683
402
990
926
893
1720
912
2449
235
1909
2194
438
1453
2374
2842
2416
557
1602
434
15
463
1431
2033
2652
860
2149
406
1225
1578
756
4
1678
1048
1374
1323
2464
1181
291
1443
781
2887
1100
1168
1786
2481
1378
1875
340
2020
974
2086
2136
1295
1886
565
93
958
2067
1046
1658
1601
659
2467
1907
1650
135
1200
1483
1036
2274
2693
2677
2508
2189
960
2635
2684
2032
111
1682
1546
917
1547
978
1396
2453
2090
51
1963
485
1475
327
2320
2249
862
648
1572
738
2232
298
364
496
1037
2273
159
516
421
548
1093
2105
2599
918
2709
2539
2439
273
2593
1134
2648
2486
521
176
611
1233
100
1943
2055
2485
1250
2426
2060
242
2553
2794
1514
1472
2135
2146
29
1047
2438
1494
1721
536
1180
593
1308
1298
1797
1846
1189
2678
622
1895
2782
1590
1192
1694
2922
269
750
2600
492
618
824
46
2124
1809
2521
1000
2557
719
2473
517
1566
2125
2347
2238
295
330
2792
2583
264
2168
1317
1941
2586
1271
187
2167
651
773
1162
259
2429
2331
2257
2900
414
1624
839
2173
2921
1974
2280
256
2790
1081
431
1058
774
836
583
2316
1764
1623
908
89
2685
2488
2219
2871
1556
401
725
925
2322
396
1009
252
1999
1445
372
1300
2526
1440
660
1635
1969
2938
596
2275
2036
2423
681
2742
1571
1438
2169
663
1820
2689
1270
2404
2073
929
1517
276
2649
748
403
1397
871
1206
1579
49
890
906
69
617
1405
1389
2282
1433
2931
652
150
2071
888
2425
510
1469
518
2777
2196
263
233
1131
1232
335
1544
1142
1382
877
2181
742
1003
2294
915
347
2115
65
1824
2511
2675
1212
1687
1187
333
2560
868
441
253
859
939
2154
1755
2022
670
1213
1404
1508
2630
2325
1507
11
2924
2682
1741
910
1667
1406
2153
2405
1570
806
585
954
993
731
987
1304
944
2653
1401
2888
1021
170
690
1190
2027
1666
1654
980
21
1428
2507
2388
994
452
2092
2522
2492
2744
1412
250
2463
1238
1832
1001
2303
1333
2939
404
1743
1408
610
2393
1926
1668
1466
1292
2391
1596
2926
715
1837
2054
1159
1673
375
2051
845
1432
2917
376
1444
2410
2140
740
2837
1987
1992
721
2098
509
294
1353
2383
1416
2929
825
2315
1536
1723
1877
285
1242
1349
310
91
2561
2512
2537
2289
1464
1091
1679
2555
2375
1316
1822
1269
1455
58
1095
2839
462
2714
435
413
643
2121
175
39
117
1636
2795
2647
2654
2880
1045
2461
1727
2830
129
998
146
2204
2535
964
957
997
2268
1564
1656
2184
1282
1730
2673
556
996
2494
932
1834
1287
2480
2909
941
2851
1968
946
331
1112
615
1978
2840
1945
588
2912
408
2471
924
2749
308
1249
979
1176
1119
2477
1117
2176
2231
2597
2079
2096
63
1235
1805
112
1257
1446
2038
549
1031
2415
945
2355
1557
451
650
2664
1933
1294
2145
1275
1819
2747
1019
2131
1880
2106
2024
543
542
1201
873
2850
1776
2713
94
2202
208
2226
735
1814
458
2417
1051
664
1672
329
2707
2542
823
601
2213
2390
816
754
853
2356
1520
2686
498
1501
1057
2726
737
591
1950
2743
560
2855
2373
2178
2046
2784
1892
570
2435
1707
2478
2352
2209
84
2776
2527
1608
348
1388
1582
842
2849
1111
1600
1254
1228
2671
1899
1587
2216
489
2658
1452
2270
692
1220
1222
785
494
2829
616
2728
172
2836
139
1392
685
916
277
181
2554
2421
2110
1380
1792
472
16
244
1424
1938
2334
1139
1965
2293
2867
1858
1888
363
884
1631
1703
2844
487
6
875
2080
634
895
2328
31
2624
2397
1474
1569
1782
1175
282
2286
2621
17
746
563
1502
1560
2758
623
1798
1603
48
2180
1700
1555
41
357
2442
1976
2333
658
14
1929
19
2266
703
2139
2824
1823
2132
668
533
281
33
2144
886
2066
799
612
1648
2171
1860
1027
1912
865
1960
2746
1211
40
801
1733
1004
1739
1358
1638
297
2711
1998
1922
1467
553
228
950
2899
883
930
2150
1973
1375
120
2030
1815
156
2472
2013
976
2733
1669
1143
1215
2016
826
1774
1033
247
1178
1342
600
1481
1082
1322
529
2854
443
1
83
1155
576
226
2811
2042
597
2617
967
2925
2382
896
1873
1383
834
636
2208
1078
2107
2825
1015
2884
1224
323
1568
1070
191
1872
603
780
2287
2005
2670
1056
2574
759
194
2764
2366
2805
2295
2065
2724
2828
1784
702
2127
2496
2665
483
491
567
1921
2770
1900
1531
1054
1061
2814
320
389
1894
271
1891
1915
911
1281
1970
620
832
1244
2499
1818
1971
185
2906
2544
2321
1370
1769
1637
1525
268
388
1248
1549
526
2565
1284
1077
965
382
1377
819
1840
475
1234
1386
309
216
497
82
113
1205
1487
2806
1191
1810
986
722
2573
2873
1548
2612
1948
1827
1777
1177
2358
1194
2498
440
2241
1166
1736
2700
2236
1173
2200
1705
869
666
2729
2223
1597
1851
1360
110
2272
1437
1465
1923
1610
2622
1403
1878
1621
381
43
0
2454
162
2012
729
2235
2099
1034
2452
674
132
1994
2443
1395
828
1008
2893
199
1456
1574
287
2932
645
1993
1593
1104
2680
2556
1148
1702
1924
1002
2570
1302
398
629
1573
464
2253
2465
1204
898
757
830
846
68
1750
125
2706
667
1251
1699
2263
1326
755
2350
856
1059
2247
864
1414
940
777
1052
1504
934
1219
1719
257
2796
1085
2160
2260
564
1554
2902
2335
1724
2799
232
1402
2681
95
2345
1718
1800
854
632
758
903
598
1799
1229
2862
627
37
124
61
476
604
471
1214
1197
417
1947
461
1341
2457
2088
1646
1732
1331
1861
1164
913
1958
200
2468
1817
2602
2856
2037
1708
1876
1751
2662
1427
1989
1925
2538
689
2819
2290
662
981
2269
1110
157
1683
87
1144
2772
778
2408
1050
1863
2192
2838
424
114
397
619
2609
366
704
1055
2517
142
2147
809
818
2386
1931
1749
1716
362
1491
368
1247
126
1429
977
671
2370
1196
1109
2732
2588
558
519
1706
1411
829
858
1367
2212
791
2255
2159
1150
2868
922
1643
2341
1795
1108
1830
1511
1677
317
1038
2089
2510
2243
938
2719
770
2771
1742
741
1356
798
2835
2267
776
2119
1906
537
2329
274
2523
1343
1454
2014
1874
716
225
154
1123
455
878
2501
985
1461
2755
121
1185
1917
2203
653
1541
1690
1135
2211
1559
1011
493
1697
1551
109
1291
1811
1337
1255
555
2047
955
817
2456
2100
937
1879
2783
2643
2000
38
149
1589
2324
512
1613
1770
2752
20
2128
1227
2288
2161
2377
1488
2403
1586
2142
1505
2483
2313
2530
143
2490
812
2353
720
430
2339
2629
1203
311
2277
419
1698
230
1357
891
2626
820
2721
369
2227
1713
2094
2736
116
1838
706
210
724
2591
229
2878
2401
693
1533
1626
1303
2262
1813
75
1954
108
2385
189
2101
1172
1115
1553
2283
1127
999
1500
628
807
1946
1734
54
894
478
2547
2631
2533
717
1893
1449
713
550
2346
2069
1821
605
179
1855
2502
1114
1537
2695
334
1262
2222
2765
1688
1594
657
1339
1068
1983
2017
1944
1107
861
2120
469
1657
2625
1125
532
1584
1513
2112
907
55
2572
1241
2562
1735
2810
838
1816
1073
1615
1099
2357
2218
1236
975
131
2009
2002
140
2307
857
2021
2519
2509
1839
106
644
874
1096
1844
769
1381
1576
1561
726
581
1253
283
164
1014
1617
2611
1321
1399
2708
1655
2063
425
1311
514
582
2911
1479
1156
1492
1527
1126
165
1567
2641
1129
2384
2407
2011
2271
2299
1676
631
2368
2323
1029
935
1362
1585
2210
2879
2763
786
1575
1911
1647
1806
899
792
679
1665
761
1598
2668
2034
1273
449
1607
635
1982
1801
1616
1094
2172
1802
2376
580
1305
2536
1916
2182
531
1580
503
2304
1914
1154
2930
183
2191
466
680
815
2540
1313
2380
1074
675
207
1804
1787
2769
249
2130
962
2151
248
814
387
507
72
2245
2447
1614
811
1263
2237
1116
697
2371
2690
2298
795
1186
345
42
1040
2640
1312
371
304
2919
1652
528
2870
919
1952
1499
1024
2864
2604
2479
2610
173
2462
1090
2815
1086
212
2025
2436
2715
822
1979
1632
373
783
701
122
863
2781
1951
450
148
2716
1490
1550
2230
2798
214
2093
2085
8
695
625
2411
2049
2455
1680
966
1385
790
1634
488
2312
2220
1361
314
654
808
1369
2727
2026
2866
2826
2757
923
289
2674
429
28
545
1394
641
718
197
1510
313
2052
353
2367
394
133
1660
2141
1072
410
2548
80
1391
2578
422
272
186
1711
484
2703
1422
1462
490
1781
614
418
2524
2768
506
2718
2860
479
2028
1407
2363
2863
2914
2035
1927
2074
575
1460
60
1245
1509
602
1017
1728
370
546
1737
56
2400
1261
1942
1340
2741
2337
2348
584
914
337
771
2327
1319
1692
2458
1277
1285
76
25
1170
1985
2056
2428
1756
881
714
678
2801
995
522
1307
409
1426
901
1843
1279
2587
1122
2692
2628
221
2361
1413
2265
477
1430
7
882
855
2883
2031
744
2774
1315
1836
356
166
682
92
2285
1918
2018
927
909
2514
779
1158
243
2601
155
535
2310
1498
844
2143
1182
1124
1771
1695
902
1301
390
847
1179
1025
1664
1160
831
86
2259
1044
1346
2847
1020
2885
971
1062
2568
2432
745
1146
1457
880
1067
2852
711
286
137
1471
2786
217
2696
2064
2475
1359
2663
1338
360
2116
523
784
2057
2546
2007
1231
1309
2891
1543
407
1773
1345
661
574
1423
378
2918
380
2766
2043
2059
936
88
351
2487
246
2433
1272
2103
300
1018
2389
251
2163
1856
595
2699
552
2579
1975
2730
2497
947
1439
2309
2584
144
444
1207
2450
647
747
2248
2904
321
2738
2126
1101
1588
1151
2109
1685
2217
79
1366
1165
872
115
1136
547
1419
2102
594
1113
1712
296
2165
1986
983
1903
178
1882
1910
2660
2905
2529
231
9
2118
2725
2892
1714
972
1130
198
904
1808
530
2916
1039
2896
2342
2596
1908
325
358
1217
227
2493
167
1274
352
1097
1535
949
2152
134
2720
2506
504
2398
1083
956
290
1410
1237
1753
2053
1529
119
2882
2575
562
501
1523
1064
2632
2669
1868
118
1243
2667
59
1515
1785
128
1779
2122
920
953
1775
2753
2717
2412
2448
1539
2620
1606
1528
218
2170
1007
209
1592
1276
2319
1478
2117
2661
765
2817
1935
1530
1240
876
193
1230
2379
442
500
1473
1633
161
2865
1133
1639
2197
219
1496
1689
2534
1075
921
699
1622
1325
324
1618
2515
261
1258
254
1864
1740
805
1552
2474
1447
446
1955
2078
2369
943
1065
1675
1283
691
427
279
1463
1763
559
963
2081
982
2834
2513
520
1581
1223
2657
2779
540
468
365
459
138
1324
30
2616
2424
2607
1451
2068
346
2832
739
2748
2491
788
592
767
45
2927
2123
1957
1373
1330
316
2740
2229
1332
609
1355
486
1477
2365
90
866
1458
201
2343
2296
2691
2050
395
436
2848
1371
2003
27
1752
1368
354
1744
2928
642
1344
1534
1030
284
1758
1485
2816
163
2250
772
359
26
24
2070
753
2190
2903
1791
1278
1761
2606
669
1842
2207
1409
2495
2936
1128
2563
2582
1105
1766
1328
383
1859
1363
2466
2
1881
2095
1760
258
2364
590
1495
2484
2040
180
1659
1120
1731
751
499
837
202
705
278
892
1709
2759
2800
1807
2372
850
2252
2934
2179
2723
374
2402
1005
709
942
2251
1653
215
1252
67
1715
1246
2552
184
2923
1789
2843
1671
1226
1521
399
870
474
1619
843
973
158
2756
2162
2431
789
513
2872
1080
160
2434
2750
1577
1768
260
2349
1778
1583
326
152
332
123
1098
1184
1956
34
1905
1512
665
169
2284
305
1788
1493
1871
1686
1977
336
1745
2650
1845
2311
1841
2075
2646
2183
821
355
2745
1540
105
1897
852
730
849
710
2531
2082
350
367
1757
2559
827
195
2761
727
673
2859
2399
2221
2705
2659
1016
524
1681
344
211
205
578
2615
1141
1630
2845
328
1612
1026
1390
428
245
1256
307
312
1310
586
2291
1174
900
71
1599
130
1335
1701
2076
1981
432
1202
2155
147
1869
1967
561
1218
2164
1565
2676
2395
1772
1149
5
646
57
630
551
2261
2694
1609
1691
1852
2941
420
2281
2901
255
1783
1042
2314
2520
315
1103
835
2525
66
2193
1486
47
1980
2006
1198
405
1870
2614
22
481
931
1299
1563
1984
1145
2803
1318
1193
1266
1006
2823
1829
2702
2846
1028
2254
879
1268
1195
732
2532
2300
2108
2672
1684
64
1887
97
2301
1854
2185
951
905
1780
1049
1591
107
1329
1670
1826
696
240
1092
2571
2760
385
495
23
1372
2754
1939
1327
379
2619
1379
2935
1790
760
266
2910
515
1641
377
1400
2246
2545
2683
1937
127
2722
2577
2875
1288
762
1063
1032
318
2340
2177
637
237
2639
1833
262
2585
98
736
1334
2550
638
1693
1849
411
457
2072
343
505
2594
1336
2409
1812
2809
188
2225
416
103
544
2019
141
1988
1726
2430
1421
2549
415
292
2087
775
1884
322
423
1901
633
2427
723
203
190
1896
2608
2137
303
2807
2876
676
804
267
53
1137
1167
168
1121
579
587
649
1503
766
2592
1468
640
2778
1627
12
454
2701
2414
2841
599
1966
213
2198
460
44
2029
1286
2004
2156
302
991
743
223
2306
2915
502
177
2206
534
238
2195
2441
728
2751
1041
2305
2907
2655
1972
2418
848
1010
1710
2889
35
2279
749
2419
887
2877
2793
1376
151
480
639
2097
2739
1611
1084
1962
62
2001
2278
236
2186
734
803
2505
2780
234
541
339
1538
392
1066
655
928
2881
1835
2061
2084
2215
1953
2234
104
1746
1990
1890
607
2469
77
220
1765
1290
1625
1645
32
1259
2175
1516
102
1866
968
1674
763
1793
1442
2894
70
2698
448
961
447
2174
2489
1297
2264
265
1825
192
1417
626
2637
1435
840
694
527
1293
970
1620
1418
2886
2787
1759
2242
1013
889
1076
1497
2762
2861
2940
1996
1289
613
2651
1725
1747
182
2297
2228
2543
1089
2808
1352
2503
99
2528
2656
2039
1354
1280
1919
948
2821
797
1132
52
952
1106
752
2318
1629
2091
1545
573
572
2239
2359
1605
2378
2387
1913
1415
1767
687
1936
1436
1562
686
299
1640
2326
1649
2541
1754
171
1350
1169
2638
2788
2138
2476
688
867
2567
566
2933
349
1087
1209
338
2558
2937
1470
1138
1803
1796
1995
2134
1991
2789
1940
74
470
2413
1595
1997
1889
2735
1199
2420
2820
386
992
1188
2644
2590
810
802
1961
2015
841
2576
2338
426
174
2317
2797
1265
96
1480
1722
1663
2045
2470
1441
539
2330
1012
465
1831
341
2023
1434
1264
2897
525
2008
1847
608
1704
1558
1542
2201
2166
851
101
1216
1519
1450
1729
2077
1157
1661
1208
2869
2437
1738
2688
2731
1022
439
1260
2853
577
224
1885
1482
2687
2833
2199
2058
280
196
2362
969
2890
959
2010
1221
796
2580
1696
2157
1364
2158
453
2802
306
2332
571
656
1420
1079
1717
538
50
1071
2459
2113
1651
2666
1459
2256
1930
2044
2351
2276
2214
2354
3
85
1898
2258
2292
2187
989
1506
589
145
78
2813
2913
1171
288
1920
2642
2224
1484
2564
2302
2679
1088
2645
270
2446
2129
1853
2148
1351
508
621
2831
2773
933
482
2104
2785
2516
2858
2627
2440
2336
433
1267
1850
2712
1476
2581
2233
2710
2697
2767
2613
800
833
1183
2244
2895
2704
1928
2589
2344
2360
36
1964
1425
10
764
1398
319
712
2518
1949
708
672
412
897
2240
1867
2392
2920
2874
2444
1959
1489
1604
2308
1161
813
2908
437
1347
1644

