2133
1070
279
1983
2455
1563
1324
239
1295
2204
534
1246
2775
2732
1197
2217
844
123
1374
1016
2526
2514
1357
1282
1670
1031
1425
2558
1901
1948
330
1004
1288
214
280
163
1611
2458
934
1369
2501
2494
2159
2020
2062
2502
2361
2275
2285
2057
36
2773
2145
1828
1444
2024
361
571
2688
1928
2323
1080
840
2857
907
400
2467
371
1713
1036
2819
1079
1067
2048
2761
2267
637
2793
15
67
1708
2420
684
766
2523
288
823
2584
2887
771
2690
2294
1800
1196
2211
341
1405
425
1117
1603
1292
1065
459
2539
773
1781
362
2708
1684
615
2507
2886
2742
1981
2474
1870
566
2765
1924
1384
19
723
1768
1348
749
1574
826
1898
1013
2473
807
1956
2095
621
2399
1642
1771
889
2010
2529
1903
1815
2034
1396
969
2700
645
2059
2127
48
148
293
1852
2206
431
35
1660
135
2719
2822
184
630
335
1291
504
89
317
641
1025
1051
2581
777
2288
732
266
1831
2350
240
1796
87
44
1018
2131
1390
2524
2227
1822
1393
682
974
598
312
347
275
1570
107
1532
2183
2505
1591
2587
2311
2737
1763
2442
2591
1241
2123
424
1571
1433
2391
1007
2307
1754
2432
2820
935
340
981
697
1710
375
1472
1427
1454
2696
1727
631
464
211
2695
2321
1780
1040
1208
1886
479
2750
2575
2743
754
1692
620
1343
1766
1702
1605
1506
2468
2722
1207
2457
1703
1273
559
1199
2452
2809
2637
1507
369
2787
2731
1933
1344
1365
524
761
556
2407
1258
1347
2599
2778
2312
2130
2080
2756
2418
1240
2691
2377
1699
74
2185
1404
1162
471
2611
530
1354
1490
1234
2085
1055
1097
1951
2365
2534
1362
676
699
2150
365
1654
370
978
363
1976
1641
521
1496
2658
743
1194
1141
2910
667
2934
1680
825
1163
716
472
2543
1135
539
1881
2871
2129
2364
2598
508
2070
1320
1068
569
2541
1267
404
116
2252
1967
1450
2921
890
1270
251
2253
445
783
1729
595
1381
83
1263
1996
2828
968
1794
1120
170
1930
1501
1767
2316
101
267
1889
2320
1697
2777
2119
2542
75
546
1024
2344
952
2816
140
871
728
2869
2727
1397
22
2232
2052
2050
2576
28
2656
748
774
2409
560
1625
950
733
1160
2084
2027
781
2703
1172
2411
824
2276
1422
963
842
2290
164
515
2650
962
478
2674
461
1639
474
435
1046
1874
765
1502
896
785
2101
1341
303
2895
2220
1868
1720
1655
1673
2772
1919
505
2516
465
2589
1964
2663
709
1499
988
257
1668
328
2247
2927
2429
2360
2607
2459
1186
1438
2033
2319
1530
2796
1820
616
1176
757
2790
2303
2338
2269
1096
419
286
320
2883
1511
2490
1633
1022
1073
1403
738
2715
496
151
306
2244
623
2016
987
1339
1876
795
1696
885
602
886
2225
329
2137
457
2472
678
601
1867
2254
2560
838
374
912
2471
2385
2124
1716
1750
2782
2567
2860
1819
926
308
2625
1464
849
18
356
2726
2824
833
2839
254
856
814
713
979
1675
1971
691
2023
350
587
523
1824
1435
2909
1935
1643
1847
1366
2298
1802
2532
2827
217
2402
1424
693
486
1099
2022
2148
2040
1558
300
2565
2891
1810
2305
633
802
506
1719
1264
2176
2395
2842
1179
1920
589
1317
2537
744
2823
2710
2301
458
1622
1678
228
337
808
355
405
122
2166
61
2865
946
1615
2836
2931
1866
1841
1797
1989
1042
528
2904
1650
722
269
1420
1761
1279
2404
1423
993
1281
1661
919
112
799
429
908
1406
775
1353
706
552
382
2508
2911
440
327
484
2745
2413
1690
149
2924
767
234
2384
1888
2155
1351
2439
2645
1010
2423
1309
181
2031
965
2228
714
1008
1147
1249
2768
1034
2875
591
1475
2618
2899
1458
1531
1560
822
1764
828
489
717
309
2721
1228
922
2224
1453
1428
2029
2060
417
1
197
599
2197
10
1818
520
1665
453
1149
1090
1540
2877
1846
2441
1104
625
509
100
2540
1721
2112
2292
2172
268
651
1181
1340
395
1974
995
225
1057
736
1214
1735
2230
2941
2248
1564
855
867
1137
1518
2814
642
1035
1095
2833
734
139
1286
532
2273
2175
2671
1544
2817
2698
426
316
2657
2781
1484
209
2574
2844
2394
768
297
2500
2310
1470
2859
2266
2368
848
2573
2109
54
960
2007
2588
2408
2556
813
951
420
298
376
1555
2443
219
2553
558
384
1864
1388
1030
167
2684
2421
1006
150
1394
46
302
851
1395
1788
159
1127
2677
1731
191
1823
2579
656
2436
513
1461
2181
2049
2525
438
183
2417
2380
1565
1247
2435
174
764
2649
105
1448
1808
1410
2484
2923
1379
659
1066
2630
985
2515
1746
1637
590
675
2552
2401
796
377
576
1908
456
1371
1575
82
1859
1893
2660
2168
2527
229
2676
2746
2492
2414
862
1635
1959
1957
563
2548
144
2712
343
423
2262
1758
1542
1687
1504
2826
246
1786
436
1039
1009
869
30
2629
1243
204
1413
1915
378
2925
437
1582
237
2843
622
1483
205
2425
2102
725
1256
2006
2692
2025
2191
2012
203
2140
834
2462
241
819
2077
1616
287
719
1198
1262
1173
2208
1335
2604
1387
1479
1816
2398
1154
972
695
522
2606
564
2711
2470
2912
663
201
2001
2213
949
655
945
207
2279
143
929
1897
846
2231
2646
1770
1255
34
2284
535
991
2669
712
2638
2134
1200
2549
64
1474
982
864
2568
1587
2664
2518
289
2143
897
146
1430
142
2265
2053
708
792
1485
282
872
106
1513
1712
831
2264
1811
1426
408
1298
1352
604
2162
674
815
561
1253
409
2068
2483
1576
1416
769
2913
2662
310
2093
1834
2466
1349
1550
314
2153
1151
2898
660
870
1327
2
357
1751
169
2281
588
1111
1970
1656
593
1618
608
2179
1356
1772
1331
2460
2158
1534
639
1547
415
299
2082
49
2242
2156
2894
2596
2449
2641
2631
1557
2893
2852
2681
1698
605
2092
1512
832
669
1809
52
2355
2104
2426
739
2767
821
2755
1015
731
1128
1753
88
2434
2381
187
2623
1640
1103
1979
1669
2239
1911
2906
894
1523
2922
2030
2328
1726
865
1943
629
1115
2373
2205
2046
2885
1807
177
1463
666
1628
707
2595
1505
1843
2652
2561
1762
2614
2716
1978
1674
1775
1418
235
611
1725
2100
2815
1495
2141
336
1315
1644
1385
1969
740
512
399
2403
614
2450
2415
635
2041
1595
1277
2135
29
2359
2333
1988
1084
1736
875
1148
2469
468
1871
2002
396
750
403
2704
2163
2318
1789
2308
1607
451
443
1769
964
466
704
326
661
2786
1963
410
166
2495
1087
23
1850
1997
1693
2785
2792
1337
1459
1489
756
1257
2447
2369
1408
333
942
2890
1480
980
2594
1578
45
657
1078
1313
1994
1336
551
1401
493
1795
1610
762
1554
573
2626
2139
2509
928
1921
2701
2881
20
490
154
213
2487
2342
2216
2846
502
63
102
2261
1161
1925
2126
1085
172
798
1306
2058
379
115
1694
1192
2520
1305
2830
1358
984
2019
997
2160
2054
800
171
1552
1854
175
2193
497
879
2237
816
25
2706
998
1112
1517
1166
683
2065
900
752
1322
2739
1848
353
1153
644
1798
2805
646
1045
242
2498
158
2600
1890
433
1000
2685
553
483
137
2274
1999
1902
1774
2081
2297
955
810
1704
1631
131
2014
1942
1855
1658
447
836
538
1845
1677
283
2256
1899
1623
1577
51
1521
514
1303
2659
2151
2331
1600
165
2222
1260
809
2653
1124
901
2250
69
2004
3
2340
2370
895
2202
931
2522
1914
2920
2240
1491
575
2238
96
253
111
250
2195
95
1955
1417
81
2444
959
1991
2557
1722
1538
2511
1033
65
1805
2170
339
503
2564
818
2632
2707
649
2410
427
2329
1168
603
2299
449
1245
1289
1259
2813
1912
1185
62
1858
1836
1203
2643
2341
1156
1389
609
441
145
2673
2392
898
2724
368
1439
2147
1447
1588
2665
2015
2874
2496
1778
2011
132
2440
2322
2412
121
1138
1940
2497
243
1323
1126
921
1193
531
1779
789
2555
352
2736
1857
760
2788
412
1219
1271
2799
1017
1296
2387
1984
73
2378
2644
1598
1465
1383
2601
1749
1229
1651
98
194
304
1860
2180
94
2661
1399
1093
2554
1662
1553
2066
989
1799
1923
1077
2729
1456
600
1452
583
1032
2798
270
1541
1562
1088
2416
554
606
2035
1947
1113
2108
1047
948
498
914
2766
2069
689
1525
1932
452
2702
2198
628
475
1415
1782
2916
905
354
2648
2433
318
1231
2485
1081
2348
2791
1050
1985
2884
93
873
2382
482
387
2929
2255
2282
2327
1398
2812
1885
198
1717
77
1170
2003
1152
2036
1412
192
876
724
570
2088
755
780
2730
1909
579
727
2251
2094
1471
2302
321
1536
852
1730
2919
664
1941
147
1709
366
294
276
2686
2714
1252
2271
1488
2339
434
216
1140
2477
518
485
1865
930
2461
1378
1968
1072
658
153
2428
53
626
1715
1801
720
2372
550
2612
2071
1728
1813
1757
1421
877
2858
1945
126
85
2546
1441
1803
2315
1218
2125
2089
232
252
2476
2203
726
2431
1500
970
1101
2047
938
50
1922
1023
701
1372
636
878
2177
2550
1790
1998
1539
1838
845
2563
1812
2738
215
2689
1739
2039
1740
2717
2293
1958
2935
939
1261
2363
920
1466
473
1325
345
2157
2892
2173
179
1386
2353
1011
162
1548
2295
1667
2679
2277
0
199
1359
2536
999
212
1589
961
71
76
2593
2144
507
1248
193
2709
202
737
407
2371
1980
477
1556
562
1434
2847
2008
2873
1966
1773
1216
393
2493
858
742
259
1672
1596
557
2374
2489
1027
837
786
1276
568
2013
271
854
632
1486
2138
346
2028
892
2178
1190
2389
2879
1882
117
976
1091
261
258
1165
55
2103
2531
2519
2577
2864
516
536
1122
2845
1833
711
1195
679
2038
2453
11
1183
373
1904
1321
2201
927
141
843
2128
753
2655
1934
850
1312
383
1652
941
103
1467
1177
2937
2930
690
1927
1209
2074
455
2605
1527
1477
1814
1290
238
2831
2829
2055
1318
1178
2187
1872
2214
2174
2810
1169
2521
1510
1329
1559
2838
432
887
1373
2776
533
790
47
1275
2184
2741
79
1706
244
1938
92
495
584
218
66
1621
519
108
2366
1748
2908
1136
1350
681
1624
1612
903
1220
2194
2835
2682
1392
41
2086
2878
1707
817
156
1526
2697
301
2713
1332
2422
1620
2142
1975
1747
2345
1038
2437
1567
624
788
643
2603
1498
1274
2219
2171
1409
338
1659
2087
2330
26
2932
43
359
1355
2236
2352
861
2343
1961
1806
1449
1215
2037
1133
1787
2286
994
2463
940
1232
2678
295
255
1223
1414
1519
1743
1144
874
220
1205
2454
1676
9
2304
1171
2533
1645
1265
1877
2056
801
1503
134
80
296
2757
2116
1121
715
1131
467
372
1960
2165
1236
1776
1300
860
977
1516
2882
1254
772
323
1238
2376
1041
2806
2617
1905
2306
2784
394
380
1159
265
37
1005
1962
2106
1184
2051
2551
2226
284
1391
129
1929
157
721
811
413
136
1634
2192
2332
729
1586
1130
414
2245
2480
1916
109
1497
884
1949
1221
56
2624
430
2853
671
120
274
1993
2512
2111
1076
1741
1301
223
392
1744
1734
222
2905
2097
1063
1580
2854
973
1632
619
2896
665
1102
2464
2862
2118
2590
1732
2430
847
2535
1792
2223
189
2592
627
2837
1601
580
1613
2667
196
2362
1145
549
1840
2867
827
1431
1606
2832
2779
2272
2939
613
1832
1012
2149
1992
1462
1892
2687
1226
698
2212
2479
1891
1657
1478
247
114
1910
2075
841
1333
954
1346
1164
751
933
2654
1074
1307
694
311
923
367
2110
2257
1132
1950
1432
2675
33
2870
1630
349
1906
2249
793
2243
2121
747
1269
2744
1026
1098
1987
454
1019
2811
2642
39
1973
2749
597
1619
705
1451
2901
1701
2613
1573
1469
1875
168
21
983
2032
1883
567
686
1266
957
391
2351
60
138
2335
1222
1457
2759
1785
1071
1671
735
2803
1250
653
1283
1873
462
42
1528
2794
1242
654
2072
1089
1529
2754
1191
344
906
155
1468
1083
2491
281
2770
829
2296
1493
1119
285
348
2196
909
1520
2633
688
1116
128
470
2388
72
5
2314
1664
448
2747
2504
2774
1043
1609
835
1783
1297
2309
647
206
868
439
2933
360
2863
325
1509
1681
2044
16
2091
670
2513
2740
1765
2538
2694
680
2326
592
1118
648
1666
947
1756
1377
581
2246
1251
594
2850
1180
2258
1817
967
178
113
2602
2762
1311
1110
1647
305
975
2619
1851
2699
160
2547
1583
1049
2347
2324
494
1685
2132
1759
500
1663
2317
2188
1638
547
1319
12
1308
2804
617
685
91
1244
1106
803
1839
331
2622
893
1278
586
2866
2856
1411
610
231
2780
2367
1052
2383
1482
1688
2078
1566
937
2940
2026
256
1302
996
1157
442
1844
2233
966
2683
2752
741
1679
2628
2795
578
249
1894
58
2670
488
2582
882
2445
510
574
577
226
2868
543
1760
1861
1328
1342
650
227
450
1014
2807
526
2115
1686
2764
272
2379
1293
1330
2021
2117
221
2287
2018
1062
2615
1863
2840
517
1239
2672
902
585
319
1724
1837
480
1367
2291
469
1737
70
1021
1294
2769
1995
133
1648
1682
2005
4
2400
236
542
612
186
1037
84
1167
1862
2569
1825
1364
1268
881
208
2009
2880
2107
2105
176
119
1361
1569
1723
1977
806
2907
86
1982
2283
677
1002
2802
1508
1107
2073
1402
1210
2571
1155
692
2337
2229
1338
358
8
634
638
1304
1284
911
746
2734
2146
1629
2897
839
1419
492
1514
1363
1791
2634
416
364
2478
1869
2918
2725
2334
13
2801
1054
1581
2406
2114
2182
2735
2278
17
2152
1237
2482
2841
1494
1020
2207
1105
572
2610
2570
2566
501
1114
2390
2578
2559
2640
2872
1476
2451
1108
913
1058
857
1733
673
1109
185
2358
31
152
1059
2902
2771
529
1174
1926
2808
1188
2900
2510
262
1314
200
2154
40
2789
1745
2446
2572
1092
1487
1937
1056
596
1917
2313
1561
1326
1549
1400
2234
233
1029
1533
2506
397
1545
1139
804
190
264
805
97
820
2270
915
2620
1233
2583
1842
1608
1879
2849
986
859
2122
917
2067
388
700
1142
2263
32
324
1849
1551
618
1187
161
1460
411
710
1360
2938
1931
537
1597
2914
2209
703
2888
273
1738
1913
1907
527
1429
1028
1053
38
916
406
2083
2668
1224
2917
491
290
2760
224
1129
2720
702
1972
1100
2241
7
59
2186
2161
1376
291
787
797
195
2061
1543
544
1602
334
1691
779
421
2627
398
1217
2528
1614
1515
1835
2349
2848
389
2751
1287
2357
2045
888
1524
2928
2076
188
2300
2825
1579
292
687
2215
1143
2375
1777
2763
2289
2017
1064
90
1189
1001
1711
2499
778
2486
1856
110
1201
2190
2621
863
582
1285
1793
487
2043
1594
1599
1094
2164
278
14
540
1572
1206
2635
1316
1060
2693
1830
1537
2851
1936
1585
1370
2438
662
2189
182
1700
2221
2748
730
2475
1593
460
277
2666
652
385
1204
2280
1884
2200
545
1375
463
776
1944
1653
1213
2861
1175
1445
541
924
248
2616
1946
2098
2113
1853
2651
260
78
1299
2562
904
1535
883
1826
2099
418
1044
672
2608
2064
313
1003
2405
1900
953
2235
386
1082
1227
2396
422
944
794
2797
446
390
1689
24
525
1752
2336
1235
696
1990
1368
2936
210
1584
2325
1986
1182
1896
759
1436
2199
668
1649
745
1212
1952
2218
230
1821
2758
27
1953
127
1280
499
180
548
971
2585
1146
2834
1636
784
791
1134
2427
428
880
943
2517
958
2424
124
2821
1310
2915
812
1939
2042
125
332
1440
2465
899
1437
1568
2597
315
2090
758
1446
1061
990
2210
853
57
1827
1878
444
1123
1954
2545
1272
2268
1646
2544
782
1150
173
1345
130
2063
1455
481
1086
2448
891
1443
1211
866
2456
2346
1048
718
1742
68
2259
476
1473
2609
1382
1718
2260
1158
2680
1829
2728
640
1225
1407
511
1075
104
918
565
1804
1592
2397
342
2120
1442
1880
245
1230
2530
1895
2503
1755
1683
2169
925
1125
2488
2356
2800
956
936
2647
2000
2167
307
1590
2079
2876
2718
2419
1617
1334
2586
2733
1481
932
910
1784
2855
2354
1522
607
1202
1492
2783
2753
1627
1626
402
2926
263
401
2639
2903
1604
830
2136
381
2580
99
2723
1705
555
1546
1714
770
322
2386
1380
2096
2481
118
1887
1069
2705
1965
2818
351
763
1918
2889
6
2636
2393
992
1695

