1 0
2 0
3 0
4 1
5 0
6 0
7 0
8 0
9 0
10 0
11 1
12 1
13 0
14 0
15 1
16 0
17 0
18 1
19 0
20 0
21 1
22 1
23 0
24 0
25 0
26 1
27 1
28 0
29 1
30 1
31 1
32 1
33 0
34 0
35 1
36 0
37 0
38 0
39 0
40 0
41 1
42 0
43 0
44 1
45 0
46 1
47 1
48 1
49 1
50 1
51 0
52 0
53 0
54 1
55 0
56 1
57 0
58 1
59 0
60 0
61 0
62 1
63 0
64 0
65 0
66 1
67 0
68 1
69 0
70 1
71 0
72 0
73 0
74 1
75 1
76 0
77 1
78 1
79 0
80 1
81 0
82 1
83 0
84 1
85 0
86 0
87 0
88 1
89 0
90 0
91 1
92 1
93 0
94 1
95 1
96 0
97 0
98 1
99 1
100 1
101 1
102 1
103 0
104 1
105 1
106 1
107 1
108 1
109 0
110 0
111 0
112 0
113 0
114 1
115 1
116 1
117 0
118 1
119 1
120 0
121 0
122 0
123 0
124 0
125 0
126 1
127 1
128 1
129 0
130 1
131 0
132 1
133 0
134 1
135 0
136 1
137 1
138 0
139 1
140 1
141 0
142 0
143 0
144 1
145 1
146 1
147 0
148 1
149 0
150 1
151 0
152 0
153 1
154 1
155 0
156 1
157 1
158 0
159 0
160 0
161 1
162 1
163 0
164 1
165 0
166 1
167 0
168 0
169 0
170 0
171 0
172 0
173 0
174 0
175 1
176 1
177 0
178 0
179 0
180 1
181 1
182 1
183 0
184 0
185 0
186 1
187 0
188 0
189 1
190 0
191 1
192 1
193 0
194 1
195 1
196 1
197 0
198 1
199 1
200 1
201 1
202 1
203 1
204 0
205 1
206 1
207 1
208 1
209 1
210 1
211 0
212 1
213 1
214 0
215 0
216 1
217 0
218 1
219 1
220 1
221 1
222 0
223 1
224 1
225 0
226 0
227 0
228 0
229 1
230 1
231 1
232 0
233 0
234 1
235 0
236 1
237 0
238 1
239 0
240 1
241 0
242 0
243 0
244 1
245 0
246 0
247 0
248 0
249 1
250 1
251 1
252 0
253 0
254 1
255 0
256 1
257 0
258 1
259 0
260 0
261 1
262 0
263 0
264 0
265 0
266 1
267 0
268 0
269 1
270 1
271 0
272 0
273 0
274 1
275 1
276 1
277 0
278 1
279 1
280 1
281 0
282 1
283 0
284 0
285 0
286 1
287 0
288 1
289 1
290 0
291 0
292 1
293 0
294 1
295 1
296 1
297 1
298 1
299 0
300 1
301 1
302 0
303 0
304 0
305 1
306 1
307 1
308 0
309 1
310 1
311 0
312 1
313 1
314 1
315 1
316 0
317 0
318 0
319 0
320 0
321 0
322 1
323 0
324 1
325 0
326 1
327 1
328 0
329 0
330 1
331 0
332 0
333 0
334 0
335 1
336 1
337 1
338 0
339 0
340 0
341 0
342 0
343 1
344 1
345 1
346 1
347 0
348 1
349 1
350 1
351 0
352 1
353 0
354 1
355 0
356 0
357 0
358 1
359 1
360 0
361 0
362 0
363 1
364 0
365 1
366 1
367 0
368 1
369 1
370 1
371 1
372 0
373 0
374 1
375 1
376 0
377 1
378 1
379 1
380 0
381 1
382 0
383 0
384 1
385 0
386 1
387 0
388 0
389 1
390 0
391 0
392 0
393 0
394 1
395 0
396 0
397 1
398 0
399 0
400 1
401 0
402 1
403 1
404 0
405 0
406 1
407 0
408 0
409 0
410 0
411 0
412 0
413 1
414 1
415 0
416 0
417 0
418 1
419 0
420 1
421 0
422 1
423 0
424 1
425 1
426 1
427 1
428 1
429 0
430 0
431 1
432 0
433 1
434 1
435 1
436 0
437 0
438 1
439 1
440 0
441 0
442 1
443 0
444 0
445 0
446 0
447 1
448 0
449 1
450 0
451 1
452 0
453 0
454 0
455 0
456 1
457 1
458 0
459 0
460 0
461 1
462 1
463 0
464 1
465 0
466 1
467 1
468 0
469 1
470 0
471 1
472 1
473 1
474 1
475 0
476 1
477 1
478 1
479 1
480 0
481 0
482 0
483 1
484 0
485 0
486 1
487 1
488 1
489 0
490 0
491 0
492 1
493 0
494 1
495 1
496 1
497 0
498 0
499 1
500 1
501 0
502 0
503 0
504 1
505 0
506 0
507 1
508 1
509 1
510 0
511 0
512 1
513 1
514 1
515 1
516 0
517 0
518 1
519 0
520 1
521 0
522 1
523 1
524 0
525 1
526 1
527 0
528 0
529 1
530 0
531 0
532 1
533 0
534 0
535 0
536 1
537 0
538 0
539 1
540 0
541 0
542 1
543 1
544 0
545 0
546 0
547 0
548 0
549 0
550 0
551 1
552 1
553 0
554 1
555 1
556 0
557 1
558 0
559 1
560 1
561 1
562 0
563 1
564 1
565 0
566 1
567 0
568 1
569 0
570 1
571 1
572 1
573 0
574 1
575 0
576 0
577 1
578 0
579 1
580 1
581 0
582 0
583 0
584 0
585 0
586 0
587 1
588 1
589 1
590 0
591 1
592 0
593 0
594 0
595 0
596 0
597 0
598 0
599 0
600 1
601 0
602 1
603 1
604 1
605 1
606 1
607 0
608 0
609 0
610 0
611 0
612 1
613 1
614 1
615 0
616 0
617 0
618 0
619 0
620 0
621 1
622 0
623 1
624 0
625 1
626 1
627 1
628 0
629 1
630 1
631 0
632 1
633 1
634 1
635 1
636 1
637 0
638 0
639 0
640 0
641 0
642 0
643 1
644 1
645 0
646 1
647 0
648 1
649 0
650 0
651 0
652 0
653 1
654 1
655 0
656 0
657 1
658 1
659 1
660 0
661 0
662 1
663 1
664 0
665 0
666 0
667 0
668 1
669 0
670 0
671 0
672 1
673 0
674 1
675 0
676 0
677 1
678 0
679 0
680 1
681 0
682 0
683 1
684 0
685 1
686 1
687 0
688 1
689 0
690 0
691 0
692 0
693 0
694 1
695 0
696 0
697 1
698 1
699 1
700 0
701 1
702 0
703 0
704 0
705 1
706 0
707 1
708 1
709 1
710 1
711 0
712 1
713 0
714 0
715 0
716 1
717 1
718 1
719 1
720 1
721 0
722 0
723 0
724 1
725 1
726 0
727 1
728 1
729 1
730 1
731 1
732 0
733 0
734 0
735 1
736 0
737 1
738 1
739 0
740 0
741 1
742 1
743 1
744 1
745 0
746 0
747 1
748 1
749 1
750 1
751 0
752 0
753 0
754 0
755 1
756 0
757 0
758 0
759 1
760 0
761 0
762 1
763 1
764 0
765 1
766 0
767 1
768 1
769 0
770 0
771 0
772 1
773 1
774 1
775 1
776 1
777 1
778 0
779 1
780 1
781 1
782 0
783 1
784 0
785 1
786 0
787 0
788 1
789 1
790 0
791 0
792 0
793 1
794 1
795 1
796 0
797 1
798 1
799 0
800 1
801 0
802 0
803 0
804 1
805 0
806 0
807 0
808 0
809 1
810 1
811 1
812 0
813 0
814 0
815 0
816 0
817 1
818 0
819 1
820 1
821 1
822 0
823 1
824 0
825 1
826 0
827 1
828 0
829 1
830 0
831 0
832 1
833 0
834 0
835 0
836 0
837 1
838 0
839 0
840 0
841 1
842 0
843 1
844 1
845 0
846 0
847 1
848 0
849 1
850 0
851 0
852 1
853 0
854 0
855 0
856 0
857 1
858 0
859 0
860 0
861 1
862 0
863 1
864 0
865 0
866 1
867 1
868 1
869 0
870 0
871 1
872 0
873 0
874 0
875 0
876 1
877 0
878 0
879 0
880 0
881 0
882 0
883 1
884 0
885 1
886 0
887 0
888 0
889 0
890 0
891 0
892 0
893 1
894 1
895 1
896 0
897 0
898 0
899 0
900 0
901 1
902 0
903 0
904 1
905 0
906 1
907 1
908 1
909 0
910 1
911 0
912 1
913 0
914 0
915 0
916 1
917 1
918 1
919 0
920 1
921 0
922 1
923 0
924 0
925 1
926 1
927 1
928 1
929 1
930 1
931 0
932 0
933 1
934 1
935 1
936 1
937 1
938 0
939 1
940 0
941 1
942 1
943 0
944 0
945 0
946 0
947 1
948 0
949 0
950 0
951 1
952 0
953 0
954 1
955 0
956 1
957 0
958 0
959 1
960 1
961 1
962 0
963 0
964 1
965 0
966 0
967 1
968 0
969 1
970 0
971 0
972 1
973 1
974 1
975 0
976 0
977 1
978 0
979 1
980 1
981 0
982 1
983 0
984 1
985 0
986 0
987 1
988 0
989 1
990 1
991 0
992 0
993 1
994 0
995 1
996 1
997 1
998 0
999 1
1000 0
1001 1
1002 1
1003 0
1004 0
1005 1
1006 0
1007 1
1008 0
1009 0
1010 0
1011 0
1012 1
1013 1
1014 0
1015 0
1016 0
1017 1
1018 1
1019 1
1020 0
1021 0
1022 1
1023 0
1024 1
1025 1
1026 0
1027 1
1028 1
1029 1
1030 1
1031 1
1032 0
1033 0
1034 0
1035 0
1036 0
1037 1
1038 1
1039 0
1040 1
1041 1
1042 1
1043 0
1044 1
1045 0
1046 1
1047 0
1048 1
1049 0
1050 1
1051 1
1052 1
1053 0
1054 1
1055 0
1056 0
1057 1
1058 1
1059 0
1060 0
1061 1
1062 1
1063 1
1064 0
1065 1
1066 1
1067 1
1068 1
1069 0
1070 0
1071 1
1072 0
1073 0
1074 0
1075 1
1076 1
1077 1
1078 0
1079 0
1080 0
1081 1
1082 1
1083 0
1084 1
1085 1
1086 1
1087 1
1088 0
1089 1
1090 0
1091 1
1092 0
1093 0
1094 1
1095 0
1096 0
1097 0
1098 0
1099 0
1100 1
1101 1
1102 1
1103 0
1104 0
1105 1
1106 0
1107 0
1108 1
1109 0
1110 1
1111 0
1112 0
1113 1
1114 1
1115 1
1116 0
1117 0
1118 0
1119 1
1120 1
1121 0
1122 0
1123 1
1124 1
1125 1
1126 0
1127 0
1128 0
1129 0
1130 0
1131 0
1132 0
1133 1
1134 0
1135 0
1136 0
1137 1
1138 1
1139 1
1140 0
1141 0
1142 1
1143 1
1144 1
1145 1
1146 1
1147 0
1148 1
1149 0
1150 1
1151 0
1152 1
1153 0
1154 1
1155 1
1156 0
1157 1
1158 1
1159 0
1160 0
1161 0
1162 1
1163 1
1164 1
1165 0
1166 1
1167 1
1168 1
1169 0
1170 0
1171 0
1172 0
1173 1
1174 0
1175 0
1176 1
1177 1
1178 1
1179 1
1180 1
1181 1
1182 1
1183 0
1184 0
1185 0
1186 1
1187 1
1188 0
1189 0
1190 0
1191 1
1192 0
1193 1
1194 1
1195 1
1196 0
1197 0
1198 0
1199 0
1200 1
1201 0
1202 1
1203 0
1204 1
1205 1
1206 0
1207 0
1208 0
1209 0
1210 0
1211 0
1212 0
1213 1
1214 1
1215 1
1216 1
1217 1
1218 0
1219 1
1220 1
1221 1
1222 0
1223 1
1224 0
1225 1
1226 1
1227 0
1228 0
1229 1
1230 1
1231 0
1232 1
1233 0
1234 1
1235 0
1236 0
1237 1
1238 1
1239 1
1240 0
1241 0
1242 0
1243 1
1244 1
1245 1
1246 0
1247 0
1248 0
1249 1
1250 0
1251 1
1252 0
1253 1
1254 0
1255 1
1256 1
1257 0
1258 0
1259 1
1260 0
1261 1
1262 1
1263 1
1264 0
1265 0
1266 0
1267 0
1268 0
1269 0
1270 0
1271 0
1272 0
1273 0
1274 0
1275 1
1276 1
1277 0
1278 0
1279 0
1280 1
1281 0
1282 0
1283 1
1284 1
1285 0
1286 0
1287 0
1288 0
1289 1
1290 0
1291 1
1292 1
1293 0
1294 1
1295 1
1296 1
1297 1
1298 0
1299 1
1300 1
1301 0
1302 0
1303 0
1304 0
1305 0
1306 0
1307 0
1308 1
1309 0
1310 1
1311 0
1312 0
1313 0
1314 1
1315 1
1316 0
1317 1
1318 0
1319 1
1320 0
1321 0
1322 1
1323 0
1324 1
1325 0
1326 1
1327 0
1328 0
1329 0
1330 1
1331 0
1332 0
1333 1
1334 0
1335 1
1336 1
1337 0
1338 0
1339 0
1340 1
1341 0
1342 0
1343 1
1344 1
1345 1
1346 1
1347 0
1348 0
1349 0
1350 1
1351 0
1352 0
1353 0
1354 0
1355 1
1356 0
1357 1
1358 1
1359 0
1360 0
1361 1
1362 1
1363 1
1364 1
1365 1
1366 0
1367 0
1368 1
1369 0
1370 1
1371 1
1372 1
1373 1
1374 0
1375 1
1376 0
1377 0
1378 0
1379 0
1380 1
1381 0
1382 0
1383 0
1384 1
1385 0
1386 0
1387 1
1388 0
1389 0
1390 1
1391 0
1392 1
1393 0
1394 0
1395 1
1396 0
1397 0
1398 1
1399 0
1400 0
1401 1
1402 0
1403 1
1404 1
1405 0
1406 1
1407 1
1408 0
1409 1
1410 1
1411 0
1412 1
1413 1
1414 0
1415 1
1416 1
1417 0
1418 1
1419 1
1420 0
1421 0
1422 1
1423 0
1424 0
1425 0
1426 0
1427 0
1428 0
1429 1
1430 0
1431 0
1432 1
1433 0
1434 1
1435 0
1436 0
1437 1
1438 1
1439 0
1440 0
1441 1
1442 0
1443 1
1444 0
1445 0
1446 1
1447 1
1448 1
1449 1
1450 1
1451 0
1452 1
1453 0
1454 0
1455 1
1456 0
1457 0
1458 0
1459 1
1460 1
1461 1
1462 1
1463 1
1464 0
1465 1
1466 0
1467 1
1468 0
1469 0
1470 1
1471 1
