1 0
2 1
3 0
4 1
5 1
6 1
7 0
8 1
9 0
10 1
11 1
12 1
13 1
14 1
15 0
16 1
17 1
18 1
19 1
20 0
21 0
22 0
23 0
24 1
25 1
26 1
27 0
28 0
29 0
30 0
31 1
32 0
33 1
34 1
35 1
36 1
37 1
38 0
39 0
40 1
41 1
42 1
43 0
44 1
45 1
46 1
47 0
48 1
49 1
50 0
51 0
52 1
53 0
54 1
55 0
56 1
57 0
58 1
59 0
60 1
61 1
62 1
63 1
64 0
65 0
66 0
67 1
68 0
69 0
70 0
71 0
72 0
73 0
74 0
75 1
76 1
77 0
78 0
79 0
80 1
81 0
82 1
83 0
84 1
85 0
86 1
87 0
88 1
89 0
90 1
91 0
92 0
93 0
94 0
95 0
96 1
97 0
98 1
99 1
100 0
101 1
102 1
103 1
104 0
105 0
106 1
107 1
108 1
109 0
110 1
111 0
112 0
113 0
114 1
115 1
116 0
117 0
118 0
119 1
120 1
121 1
122 1
123 0
124 0
125 0
126 0
127 0
128 1
129 1
130 0
131 1
132 0
133 0
134 0
135 0
136 0
137 1
138 0
139 1
140 1
141 1
142 1
143 1
144 0
145 0
146 1
147 1
148 0
149 1
150 1
151 1
152 0
153 1
154 1
155 1
156 1
157 1
158 0
159 0
160 1
161 0
162 0
163 1
164 0
165 1
166 0
167 0
168 0
169 0
170 0
171 0
172 1
173 1
174 1
175 0
176 0
177 0
178 0
179 0
180 1
181 1
182 1
183 0
184 1
185 0
186 0
187 1
188 0
189 0
190 1
191 1
192 0
193 1
194 1
195 0
196 1
197 0
198 1
199 0
200 1
201 0
202 1
203 1
204 1
205 1
206 0
207 1
208 1
209 1
210 0
211 1
212 0
213 0
214 1
215 1
216 0
217 0
218 1
219 0
220 1
221 0
222 0
223 1
224 0
225 0
226 1
227 1
228 0
229 1
230 0
231 1
232 1
233 0
234 1
235 0
236 0
237 0
238 0
239 0
240 0
241 1
242 1
243 1
244 0
245 1
246 0
247 0
248 1
249 1
250 1
251 0
252 0
253 1
254 1
255 1
256 1
257 0
258 1
259 1
260 0
261 1
262 0
263 0
264 1
265 0
266 0
267 0
268 0
269 1
270 0
271 0
272 0
273 0
274 0
275 0
276 0
277 0
278 1
279 1
280 1
281 1
282 1
283 1
284 1
285 0
286 1
287 0
288 1
289 1
290 0
291 0
292 0
293 0
294 0
295 0
296 1
297 0
298 0
299 1
300 1
301 0
302 1
303 0
304 1
305 0
306 1
307 0
308 0
309 0
310 1
311 1
312 0
313 0
314 0
315 1
316 0
317 1
318 1
319 0
320 0
321 1
322 0
323 1
324 0
325 1
326 1
327 1
328 1
329 0
330 0
331 0
332 1
333 0
334 1
335 1
336 1
337 0
338 0
339 0
340 1
341 1
342 0
343 1
344 0
345 1
346 1
347 1
348 1
349 1
350 1
351 0
352 0
353 0
354 1
355 0
356 0
357 1
358 1
359 0
360 1
361 1
362 1
363 0
364 0
365 0
366 1
367 1
368 1
369 0
370 1
371 1
372 1
373 1
374 1
375 0
376 0
377 0
378 1
379 1
380 1
381 1
382 0
383 1
384 0
385 0
386 0
387 0
388 0
389 0
390 0
391 0
392 1
393 1
394 1
395 1
396 1
397 0
398 0
399 1
400 1
401 1
402 0
403 0
404 1
405 0
406 1
407 0
408 0
409 1
410 0
411 1
412 0
413 1
414 0
415 0
416 0
417 0
418 1
419 1
420 0
421 1
422 0
423 1
424 1
425 0
426 1
427 1
428 1
429 0
430 0
431 0
432 0
433 0
434 0
435 1
436 1
437 1
438 0
439 1
440 0
441 1
442 1
443 0
444 0
445 0
446 0
447 1
448 0
449 0
450 0
451 0
452 1
453 1
454 1
455 1
456 0
457 1
458 1
459 1
460 1
461 0
462 1
463 0
464 1
465 1
466 1
467 0
468 1
469 0
470 1
471 1
472 0
473 1
474 0
475 0
476 1
477 0
478 0
479 1
480 0
481 0
482 1
483 0
484 0
485 0
486 1
487 1
488 1
489 1
490 0
491 0
492 0
493 0
494 1
495 0
496 0
497 0
498 1
499 0
500 0
501 0
502 1
503 0
504 1
505 1
506 0
507 1
508 0
509 0
510 0
511 0
512 1
513 1
514 1
515 0
516 1
517 0
518 1
519 0
520 1
521 0
522 0
523 0
524 0
525 0
526 1
527 0
528 0
529 0
530 1
531 1
532 0
533 0
534 1
535 1
536 1
537 1
538 0
539 0
540 0
541 0
542 1
543 0
544 1
545 1
546 0
547 1
548 0
549 1
550 0
551 0
552 1
553 1
554 1
555 0
556 0
557 0
558 1
559 1
560 1
561 1
562 0
563 1
564 0
565 1
566 1
567 0
568 0
569 0
570 1
571 0
572 1
573 1
574 0
575 1
576 0
577 0
578 1
579 0
580 0
581 0
582 0
583 1
584 0
585 1
586 0
587 1
588 0
589 0
590 1
591 1
592 1
593 0
594 1
595 1
596 0
597 1
598 1
599 0
600 1
601 0
602 0
603 1
604 0
605 0
606 0
607 0
608 1
609 0
610 1
611 1
612 1
613 0
614 1
615 1
616 1
617 0
618 1
619 0
620 1
621 0
622 0
623 0
624 1
625 0
626 0
627 1
628 0
629 0
630 1
631 1
632 1
633 0
634 1
635 1
636 0
637 1
638 1
639 1
640 1
641 0
642 0
643 0
644 0
645 1
646 1
647 1
648 1
649 0
650 0
651 0
652 0
653 1
654 1
655 1
656 0
657 1
658 0
659 1
660 0
661 0
662 1
663 1
664 0
665 1
666 1
667 0
668 0
669 1
670 1
671 1
672 1
673 1
674 0
675 1
676 0
677 0
678 1
679 0
680 0
681 0
682 0
683 0
684 1
685 1
686 1
687 1
688 0
689 1
690 0
691 0
692 1
693 0
694 0
695 0
696 0
697 0
698 0
699 0
700 0
701 1
702 0
703 0
704 0
705 1
706 1
707 0
708 0
709 1
710 1
711 1
712 0
713 0
714 0
715 0
716 1
717 0
718 1
719 0
720 0
721 0
722 0
723 1
724 0
725 1
726 0
727 1
728 0
729 1
730 1
731 0
732 1
733 1
734 0
735 1
736 0
737 1
738 1
739 0
740 1
741 1
742 0
743 0
744 1
745 0
746 1
747 0
748 0
749 0
750 0
751 1
752 1
753 1
754 0
755 0
756 1
757 0
758 1
759 0
760 1
761 0
762 1
763 1
764 0
765 1
766 1
767 1
768 0
769 1
770 0
771 1
772 1
773 1
774 1
775 1
776 0
777 1
778 1
779 0
780 0
781 1
782 0
783 1
784 1
785 1
786 0
787 1
788 1
789 1
790 1
791 1
792 0
793 1
794 0
795 0
796 0
797 1
798 0
799 1
800 1
801 1
802 0
803 1
804 0
805 0
806 1
807 0
808 0
809 1
810 1
811 0
812 0
813 0
814 0
815 0
816 0
817 0
818 0
819 1
820 0
821 0
822 0
823 1
824 0
825 0
826 0
827 1
828 1
829 1
830 1
831 0
832 0
833 1
834 0
835 0
836 1
837 0
838 0
839 0
840 1
841 0
842 1
843 0
844 0
845 1
846 1
847 0
848 1
849 1
850 0
851 0
852 1
853 1
854 0
855 1
856 1
857 0
858 1
859 0
860 1
861 0
862 0
863 0
864 1
865 0
866 1
867 0
868 1
869 1
870 0
871 1
872 1
873 0
874 0
875 1
876 0
877 0
878 0
879 0
880 1
881 0
882 1
883 1
884 1
885 0
886 0
887 1
888 0
889 1
890 1
891 0
892 1
893 1
894 0
895 0
896 0
897 1
898 0
899 0
900 1
901 0
902 1
903 0
904 1
905 0
906 0
907 0
908 0
909 0
910 0
911 0
912 1
913 0
914 0
915 1
916 0
917 1
918 0
919 0
920 0
921 1
922 1
923 1
924 0
925 0
926 0
927 0
928 0
929 1
930 0
931 1
932 0
933 1
934 1
935 1
936 1
937 1
938 1
939 1
940 1
941 1
942 0
943 0
944 0
945 1
946 1
947 0
948 0
949 0
950 1
951 0
952 1
953 0
954 0
955 1
956 0
957 0
958 0
959 0
960 0
961 0
962 0
963 0
964 0
965 0
966 1
967 0
968 1
969 0
970 1
971 0
972 0
973 0
974 1
975 1
976 1
977 1
978 1
979 0
980 0
981 1
982 1
983 1
984 1
985 0
986 0
987 1
988 0
989 1
990 1
991 0
992 0
993 0
994 1
995 0
996 1
997 1
998 0
999 0
1000 1
1001 1
1002 1
1003 0
1004 0
1005 1
1006 0
1007 1
1008 1
1009 0
1010 1
1011 0
1012 0
1013 1
1014 0
1015 1
1016 0
1017 0
1018 0
1019 1
1020 1
1021 0
1022 0
1023 1
1024 1
1025 1
1026 0
1027 1
1028 0
1029 1
1030 1
1031 0
1032 0
1033 1
1034 1
1035 0
1036 0
1037 0
1038 0
1039 1
1040 1
1041 0
1042 0
1043 1
1044 1
1045 0
1046 0
1047 1
1048 0
1049 0
1050 1
1051 1
1052 1
1053 1
1054 1
1055 1
1056 0
1057 1
1058 1
1059 0
1060 1
1061 0
1062 0
1063 0
1064 0
1065 1
1066 1
1067 1
1068 1
1069 1
1070 0
1071 0
1072 1
1073 1
1074 0
1075 1
1076 0
1077 1
1078 0
1079 1
1080 0
1081 1
1082 0
1083 1
1084 1
1085 0
1086 0
1087 1
1088 1
1089 1
1090 0
1091 0
1092 1
1093 0
1094 0
1095 0
1096 0
1097 1
1098 1
1099 0
1100 0
1101 1
1102 1
1103 0
1104 1
1105 1
1106 0
1107 0
1108 1
1109 0
1110 1
1111 0
1112 0
1113 0
1114 0
1115 1
1116 0
1117 0
1118 1
1119 1
1120 1
1121 1
1122 1
1123 1
1124 1
1125 0
1126 0
1127 0
1128 0
1129 1
1130 1
1131 0
1132 1
1133 1
1134 0
1135 1
1136 1
1137 0
1138 0
1139 0
1140 0
1141 0
1142 0
1143 0
1144 0
1145 1
1146 1
1147 0
1148 0
1149 0
1150 0
1151 0
1152 0
1153 0
1154 1
1155 0
1156 1
1157 0
1158 1
1159 1
1160 1
1161 1
1162 1
1163 0
1164 0
1165 0
1166 0
1167 1
1168 1
1169 1
1170 1
1171 0
1172 1
1173 1
1174 1
1175 1
1176 0
1177 0
1178 1
1179 1
1180 0
1181 1
1182 1
1183 1
1184 1
1185 0
1186 1
1187 1
1188 1
1189 0
1190 1
1191 0
1192 0
1193 1
1194 1
1195 1
1196 0
1197 0
1198 1
1199 0
1200 0
1201 0
1202 1
1203 1
1204 1
1205 1
1206 1
1207 0
1208 0
1209 0
1210 0
1211 1
1212 1
1213 1
1214 1
1215 1
1216 1
1217 1
1218 0
1219 0
1220 0
1221 1
1222 0
1223 0
1224 0
1225 0
1226 1
1227 0
1228 0
1229 1
1230 0
1231 0
1232 1
1233 0
1234 1
1235 0
1236 0
1237 1
1238 0
1239 1
1240 1
1241 0
1242 0
1243 1
1244 0
1245 0
1246 0
1247 1
1248 0
1249 0
1250 1
1251 0
1252 1
1253 1
1254 0
1255 0
1256 0
1257 1
1258 1
1259 1
1260 0
1261 0
1262 1
1263 1
1264 1
1265 0
1266 1
1267 1
1268 1
1269 0
1270 1
1271 1
1272 0
1273 0
1274 0
1275 1
1276 0
1277 1
1278 1
1279 0
1280 1
1281 0
1282 1
1283 1
1284 1
1285 1
1286 0
1287 0
1288 1
1289 1
1290 0
1291 0
1292 1
1293 0
1294 0
1295 0
1296 1
1297 0
1298 1
1299 1
1300 0
1301 0
1302 1
1303 1
1304 0
1305 1
1306 1
1307 0
1308 1
1309 1
1310 0
1311 1
1312 0
1313 0
1314 1
1315 1
1316 0
1317 1
1318 0
1319 1
1320 1
1321 0
1322 1
1323 0
1324 1
1325 1
1326 1
1327 1
1328 1
1329 0
1330 1
1331 0
1332 0
1333 1
1334 0
1335 1
1336 1
1337 1
1338 0
1339 1
1340 1
1341 0
1342 1
1343 1
1344 0
1345 1
1346 0
1347 1
1348 1
1349 1
1350 1
1351 1
1352 1
1353 1
1354 0
1355 0
1356 0
1357 1
1358 1
1359 1
1360 1
1361 1
1362 1
1363 0
1364 0
1365 1
1366 0
1367 1
1368 0
1369 0
1370 0
1371 1
1372 1
1373 1
1374 1
1375 0
1376 1
1377 1
1378 0
1379 1
1380 0
1381 1
1382 0
1383 1
1384 1
1385 1
1386 1
1387 0
1388 0
1389 0
1390 0
1391 0
1392 0
1393 0
1394 0
1395 0
1396 0
1397 0
1398 1
1399 0
1400 0
1401 0
1402 1
1403 0
1404 1
1405 1
1406 0
1407 1
1408 1
1409 1
1410 1
1411 1
1412 0
1413 0
1414 0
1415 0
1416 1
1417 1
1418 1
1419 1
1420 1
1421 0
1422 1
1423 0
1424 0
1425 0
1426 1
1427 1
1428 0
1429 0
1430 0
1431 0
1432 1
1433 1
1434 0
1435 1
1436 1
1437 0
1438 0
1439 0
1440 1
1441 0
1442 0
1443 0
1444 1
1445 1
1446 1
1447 0
1448 1
1449 1
1450 0
1451 1
1452 0
1453 1
1454 0
1455 0
1456 0
1457 1
1458 1
1459 0
1460 0
1461 0
1462 1
1463 0
1464 0
1465 0
1466 0
1467 0
1468 0
1469 0
1470 1
1471 0
