1 0
2 1
3 0
4 0
5 1
6 0
7 0
8 0
9 0
10 1
11 1
12 1
13 1
14 0
15 1
16 0
17 0
18 1
19 0
20 1
21 1
22 0
23 1
24 0
25 0
26 0
27 0
28 0
29 1
30 0
31 1
32 0
33 0
34 1
35 1
36 1
37 1
38 1
39 0
40 0
41 1
42 1
43 0
44 1
45 0
46 1
47 1
48 1
49 0
50 1
51 0
52 1
53 1
54 0
55 1
56 1
57 0
58 1
59 1
60 0
61 1
62 0
63 1
64 0
65 0
66 1
67 0
68 0
69 1
70 0
71 0
72 0
73 0
74 1
75 1
76 1
77 0
78 0
79 0
80 0
81 0
82 0
83 1
84 0
85 0
86 1
87 1
88 1
89 0
90 0
91 0
92 0
93 0
94 0
95 1
96 0
97 1
98 1
99 0
100 0
101 1
102 0
103 0
104 0
105 1
106 1
107 1
108 0
109 0
110 0
111 0
112 1
113 0
114 0
115 1
116 0
117 1
118 0
119 0
120 1
121 1
122 0
123 0
124 1
125 0
126 1
127 1
128 0
129 0
130 0
131 0
132 0
133 0
134 1
135 1
136 0
137 1
138 0
139 1
140 0
141 1
142 1
143 0
144 0
145 1
146 1
147 0
148 1
149 1
150 1
151 1
152 0
153 1
154 0
155 0
156 1
157 1
158 0
159 0
160 0
161 0
162 0
163 1
164 0
165 1
166 0
167 1
168 0
169 1
170 1
171 0
172 0
173 0
174 1
175 1
176 1
177 1
178 0
179 0
180 1
181 0
182 1
183 0
184 1
185 1
186 0
187 1
188 1
189 1
190 1
191 0
192 0
193 1
194 1
195 0
196 1
197 1
198 0
199 0
200 0
201 0
202 0
203 1
204 1
205 0
206 0
207 1
208 0
209 1
210 1
211 0
212 0
213 1
214 1
215 1
216 1
217 1
218 1
219 1
220 0
221 0
222 1
223 0
224 1
225 1
226 1
227 1
228 0
229 1
230 0
231 1
232 1
233 0
234 1
235 0
236 0
237 1
238 1
239 1
240 0
241 0
242 1
243 1
244 0
245 0
246 0
247 0
248 0
249 1
250 0
251 1
252 0
253 1
254 1
255 1
256 0
257 0
258 1
259 0
260 0
261 0
262 0
263 1
264 1
265 1
266 1
267 1
268 1
269 1
270 0
271 1
272 0
273 1
274 1
275 0
276 0
277 1
278 1
279 1
280 1
281 1
282 0
283 0
284 1
285 0
286 1
287 1
288 0
289 0
290 0
291 0
292 1
293 1
294 0
295 0
296 0
297 0
298 0
299 0
300 1
301 0
302 1
303 1
304 0
305 1
306 0
307 1
308 0
309 1
310 0
311 0
312 0
313 0
314 0
315 0
316 0
317 1
318 0
319 1
320 0
321 0
322 1
323 0
324 1
325 0
326 0
327 0
328 1
329 0
330 1
331 0
332 1
333 0
334 1
335 0
336 0
337 0
338 0
339 1
340 1
341 1
342 0
343 0
344 1
345 1
346 0
347 1
348 0
349 1
350 1
351 0
352 1
353 0
354 1
355 1
356 0
357 1
358 1
359 0
360 0
361 1
362 0
363 0
364 0
365 1
366 1
367 0
368 0
369 0
370 0
371 1
372 1
373 0
374 0
375 1
376 0
377 0
378 1
379 1
380 0
381 0
382 0
383 0
384 0
385 1
386 1
387 1
388 1
389 1
390 0
391 1
392 0
393 1
394 1
395 1
396 0
397 1
398 0
399 1
400 0
401 0
402 1
403 1
404 1
405 0
406 0
407 0
408 0
409 1
410 1
411 1
412 1
413 1
414 0
415 1
416 1
417 1
418 1
419 1
420 0
421 1
422 1
423 0
424 1
425 0
426 1
427 1
428 0
429 1
430 0
431 0
432 1
433 1
434 0
435 0
436 1
437 1
438 1
439 0
440 0
441 0
442 0
443 0
444 1
445 1
446 1
447 0
448 1
449 1
450 1
451 0
452 0
453 0
454 1
455 0
456 1
457 0
458 1
459 1
460 1
461 1
462 0
463 0
464 1
465 1
466 1
467 1
468 0
469 1
470 0
471 1
472 1
473 1
474 1
475 0
476 0
477 1
478 1
479 1
480 1
481 0
482 1
483 1
484 1
485 1
486 0
487 0
488 1
489 0
490 0
491 0
492 1
493 0
494 0
495 0
496 0
497 0
498 0
499 0
500 1
501 0
502 1
503 0
504 0
505 0
506 1
507 1
508 1
509 0
510 0
511 1
512 0
513 0
514 0
515 0
516 0
517 0
518 0
519 0
520 1
521 0
522 0
523 0
524 0
525 0
526 0
527 0
528 1
529 0
530 1
531 0
532 1
533 1
534 0
535 0
536 1
537 1
538 0
539 1
540 0
541 1
542 0
543 0
544 0
545 0
546 1
547 0
548 1
549 1
550 0
551 0
552 1
553 0
554 1
555 1
556 0
557 0
558 0
559 0
560 1
561 1
562 0
563 1
564 1
565 1
566 0
567 1
568 1
569 0
570 1
571 1
572 0
573 0
574 0
575 1
576 1
577 1
578 0
579 0
580 1
581 0
582 0
583 1
584 1
585 1
586 1
587 1
588 0
589 0
590 1
591 1
592 0
593 1
594 1
595 0
596 0
597 1
598 1
599 1
600 1
601 1
602 0
603 1
604 1
605 0
606 0
607 0
608 0
609 1
610 0
611 1
612 0
613 0
614 1
615 0
616 0
617 1
618 0
619 0
620 0
621 1
622 0
623 0
624 1
625 0
626 0
627 0
628 1
629 1
630 0
631 0
632 1
633 0
634 1
635 1
636 1
637 1
638 1
639 1
640 0
641 0
642 1
643 1
644 1
645 0
646 0
647 1
648 0
649 1
650 0
651 0
652 1
653 1
654 0
655 0
656 0
657 1
658 1
659 0
660 1
661 1
662 0
663 1
664 1
665 0
666 1
667 0
668 0
669 1
670 1
671 0
672 1
673 0
674 1
675 0
676 1
677 0
678 0
679 0
680 1
681 0
682 1
683 1
684 1
685 1
686 1
687 0
688 1
689 1
690 0
691 0
692 0
693 0
694 0
695 1
696 0
697 0
698 1
699 1
700 0
701 0
702 1
703 0
704 0
705 1
706 0
707 0
708 1
709 1
710 1
711 1
712 1
713 1
714 0
715 0
716 1
717 1
718 1
719 1
720 0
721 1
722 0
723 0
724 1
725 0
726 0
727 1
728 0
729 0
730 1
731 0
732 1
733 1
734 0
735 0
736 1
737 0
738 1
739 0
740 0
741 0
742 1
743 0
744 0
745 1
746 1
747 0
748 1
749 0
750 0
751 1
752 0
753 1
754 1
755 0
756 0
757 0
758 0
759 1
760 0
761 0
762 1
763 0
764 0
765 0
766 0
767 1
768 0
769 1
770 0
771 1
772 1
773 1
774 1
775 0
776 1
777 0
778 0
779 0
780 1
781 0
782 1
783 1
784 0
785 0
786 1
787 0
788 1
789 1
790 1
791 1
792 1
793 1
794 1
795 0
796 1
797 1
798 0
799 0
800 1
801 0
802 1
803 1
804 0
805 1
806 0
807 1
808 1
809 0
810 1
811 0
812 0
813 0
814 1
815 0
816 1
817 0
818 0
819 1
820 0
821 0
822 0
823 0
824 0
825 1
826 0
827 1
828 0
829 0
830 0
831 0
832 0
833 0
834 1
835 1
836 0
837 0
838 1
839 0
840 1
841 1
842 1
843 0
844 1
845 0
846 0
847 1
848 0
849 0
850 0
851 0
852 1
853 0
854 0
855 1
856 1
857 0
858 0
859 1
860 1
861 0
862 0
863 0
864 1
865 0
866 0
867 1
868 1
869 1
870 0
871 1
872 1
873 0
874 0
875 0
876 0
877 1
878 0
879 1
880 1
881 0
882 1
883 0
884 1
885 1
886 0
887 1
888 1
889 1
890 0
891 0
892 0
893 0
894 0
895 0
896 1
897 0
898 0
899 1
900 0
901 1
902 1
903 1
904 0
905 1
906 0
907 0
908 1
909 1
910 1
911 0
912 1
913 0
914 1
915 0
916 1
917 1
918 0
919 1
920 0
921 1
922 0
923 0
924 1
925 1
926 0
927 0
928 1
929 1
930 1
931 1
932 0
933 1
934 1
935 0
936 1
937 0
938 1
939 1
940 0
941 1
942 0
943 0
944 0
945 0
946 1
947 0
948 1
949 0
950 0
951 0
952 1
953 0
954 0
955 0
956 0
957 0
958 0
959 0
960 1
961 1
962 1
963 1
964 0
965 0
966 1
967 1
968 0
969 0
970 1
971 0
972 1
973 1
974 1
975 0
976 1
977 1
978 1
979 0
980 0
981 1
982 1
983 0
984 1
985 1
986 0
987 1
988 0
989 1
990 0
991 0
992 0
993 1
994 0
995 1
996 0
997 0
998 1
999 1
1000 1
1001 1
1002 0
1003 0
1004 1
1005 1
1006 0
1007 1
1008 0
1009 0
1010 1
1011 1
1012 0
1013 0
1014 1
1015 0
1016 1
1017 1
1018 1
1019 1
1020 1
1021 0
1022 0
1023 0
1024 1
1025 0
1026 1
1027 1
1028 1
1029 1
1030 0
1031 1
1032 0
1033 1
1034 1
1035 0
1036 0
1037 1
1038 1
1039 0
1040 1
1041 1
1042 1
1043 1
1044 0
1045 1
1046 1
1047 0
1048 1
1049 0
1050 0
1051 0
1052 1
1053 1
1054 0
1055 1
1056 1
1057 1
1058 0
1059 1
1060 0
1061 1
1062 1
1063 0
1064 1
1065 0
1066 1
1067 1
1068 1
1069 0
1070 0
1071 0
1072 0
1073 0
1074 1
1075 0
1076 0
1077 1
1078 0
1079 0
1080 0
1081 0
1082 1
1083 0
1084 1
1085 1
1086 1
1087 0
1088 1
1089 1
1090 1
1091 0
1092 0
1093 0
1094 0
1095 1
1096 0
1097 1
1098 1
1099 0
1100 0
1101 0
1102 0
1103 0
1104 0
1105 0
1106 1
1107 0
1108 0
1109 0
1110 1
1111 0
1112 0
1113 0
1114 1
1115 0
1116 0
1117 1
1118 0
1119 0
1120 1
1121 1
1122 0
1123 0
1124 1
1125 1
1126 0
1127 1
1128 0
1129 1
1130 0
1131 0
1132 0
1133 1
1134 0
1135 0
1136 1
1137 1
1138 0
1139 1
1140 1
1141 0
1142 1
1143 1
1144 0
1145 0
1146 1
1147 0
1148 0
1149 1
1150 0
1151 0
1152 1
1153 1
1154 1
1155 1
1156 1
1157 0
1158 0
1159 0
1160 1
1161 0
1162 1
1163 1
1164 1
1165 0
1166 1
1167 0
1168 0
1169 0
1170 0
1171 0
1172 1
1173 0
1174 0
1175 0
1176 1
1177 0
1178 1
1179 1
1180 0
1181 1
1182 0
1183 1
1184 0
1185 0
1186 0
1187 1
1188 1
1189 0
1190 0
1191 0
1192 0
1193 1
1194 1
1195 1
1196 0
1197 1
1198 1
1199 0
1200 1
1201 1
1202 1
1203 1
1204 0
1205 1
1206 0
1207 1
1208 0
1209 1
1210 1
1211 0
1212 1
1213 1
1214 1
1215 1
1216 0
1217 0
1218 0
1219 0
1220 0
1221 0
1222 0
1223 0
1224 0
1225 0
1226 0
1227 1
1228 1
1229 0
1230 0
1231 0
1232 1
1233 1
1234 0
1235 0
1236 0
1237 0
1238 0
1239 1
1240 1
1241 1
1242 1
1243 1
1244 1
1245 0
1246 1
1247 1
1248 0
1249 1
1250 1
1251 0
1252 1
1253 0
1254 0
1255 0
1256 0
1257 1
1258 1
1259 1
1260 0
1261 1
1262 0
1263 0
1264 0
1265 0
1266 1
1267 1
1268 1
1269 0
1270 0
1271 1
1272 1
1273 1
1274 0
1275 1
1276 0
1277 0
1278 0
1279 0
1280 1
1281 0
1282 1
1283 1
1284 0
1285 1
1286 1
1287 1
1288 0
1289 0
1290 0
1291 0
1292 1
1293 1
1294 0
1295 1
1296 1
1297 0
1298 1
1299 0
1300 0
1301 0
1302 0
1303 1
1304 0
1305 0
1306 0
1307 0
1308 1
1309 1
1310 1
1311 1
1312 1
1313 0
1314 1
1315 1
1316 0
1317 0
1318 0
1319 1
1320 0
1321 0
1322 1
1323 0
1324 0
1325 1
1326 0
1327 0
1328 0
1329 0
1330 0
1331 0
1332 0
1333 0
1334 1
1335 1
1336 1
1337 0
1338 0
1339 1
1340 0
1341 1
1342 0
1343 0
1344 1
1345 1
1346 0
1347 1
1348 1
1349 1
1350 0
1351 0
1352 1
1353 0
1354 1
1355 0
1356 1
1357 0
1358 1
1359 1
1360 0
1361 0
1362 0
1363 1
1364 1
1365 1
1366 0
1367 0
1368 0
1369 1
1370 0
1371 1
1372 0
1373 0
1374 0
1375 1
1376 0
1377 1
1378 1
1379 0
1380 0
1381 0
1382 1
1383 0
1384 0
1385 1
1386 0
1387 1
1388 1
1389 1
1390 0
1391 0
1392 0
1393 0
1394 1
1395 1
1396 0
1397 0
1398 1
1399 0
1400 0
1401 1
1402 0
1403 0
1404 0
1405 0
1406 1
1407 1
1408 0
1409 1
1410 0
1411 1
1412 1
1413 1
1414 1
1415 0
1416 0
1417 0
1418 0
1419 0
1420 0
1421 1
1422 0
1423 1
1424 1
1425 0
1426 1
1427 0
1428 1
1429 1
1430 1
1431 1
1432 1
1433 1
1434 1
1435 1
1436 0
1437 1
1438 0
1439 1
1440 1
1441 0
1442 0
1443 0
1444 1
1445 1
1446 1
1447 0
1448 0
1449 1
1450 0
1451 1
1452 0
1453 0
1454 0
1455 1
1456 0
1457 0
1458 0
1459 0
1460 1
1461 1
1462 1
1463 0
1464 0
1465 1
1466 1
1467 0
1468 0
1469 1
1470 0
1471 1
