472
1550
1014
396
1019
2246
715
2821
1253
1090
1857
1165
339
2054
2474
20
1484
620
1214
2181
1745
674
1075
1237
1895
2738
1991
1636
994
414
1345
1743
1452
176
100
2919
188
629
11
2196
802
889
2168
258
324
733
38
1162
2853
1169
908
2382
2564
2190
376
2122
1899
2828
1893
2184
1782
1670
2579
1761
848
676
922
2244
2601
2822
2271
2189
2432
936
1043
2769
1149
2131
1728
2139
2699
2739
432
901
1039
906
1035
39
2051
2770
2282
1492
415
499
1419
957
2915
1346
1630
1368
1894
687
1861
559
2073
2269
209
1977
57
112
1256
2353
187
702
1491
2134
96
1984
1334
249
2503
1648
2685
626
478
1918
2660
831
87
2624
2455
2551
656
320
855
2094
2309
2813
707
1150
1999
1449
2204
287
1031
2599
81
661
542
278
520
1094
246
789
146
1878
388
944
665
1321
2318
228
1131
2356
518
219
2299
1411
2155
114
2610
2077
900
1344
1990
2033
1542
2894
505
2013
2634
555
1051
594
95
1263
347
2476
76
434
2903
2435
181
2522
1900
1754
88
1579
2039
1183
1187
813
2419
260
1993
752
1351
2003
2178
1084
405
747
9
2226
754
552
253
1384
2571
419
210
2561
774
1683
1828
169
2588
2143
1665
1698
2090
2398
662
1305
2390
1758
775
1910
2924
44
777
1837
2040
956
1073
566
1921
501
293
170
222
2640
1264
2499
1608
2519
433
2577
1005
1132
2245
155
1480
634
1950
760
704
108
768
970
1785
98
2037
912
829
193
111
1996
884
1401
2929
2688
1587
1619
1186
1563
1909
2717
982
2668
979
1085
812
2560
1522
2799
2137
2598
822
394
907
326
999
1971
1835
101
2011
2871
1034
883
1048
359
1700
1184
168
2158
64
118
2733
328
151
2380
1572
2172
1911
1453
2097
1708
1212
2750
731
2837
1488
1033
660
1952
2210
2692
158
965
351
1815
2325
480
1628
2697
969
216
1534
280
2266
1577
300
1323
2316
2777
77
609
133
1371
1750
587
2534
156
1500
2362
1262
78
204
1903
2340
2590
1062
677
2175
2532
2223
483
1258
2930
1742
856
2711
135
1709
381
116
4
66
2311
2106
2024
1864
2022
1359
2096
600
1007
2257
496
718
2767
1436
2254
186
2632
2623
1077
21
424
161
2198
1481
2517
102
1342
916
2596
976
1172
732
808
2827
2847
437
1071
122
448
1976
833
134
1044
1941
52
1625
845
2673
2600
688
426
894
2430
658
2228
706
1061
995
1826
547
1182
2289
1643
770
1251
236
648
2053
899
214
277
2495
2117
978
2884
1221
736
2395
2314
650
2478
2672
1924
700
991
850
2811
2883
2797
1469
860
533
2061
361
329
1642
2135
2916
212
2700
713
1238
2444
263
2793
416
2215
2423
2222
2193
1490
1811
251
244
625
2345
103
2756
729
2272
1843
877
980
1288
82
575
2607
1245
1797
2703
1703
2639
2759
1646
2160
2081
1529
992
2206
406
2524
621
2504
2454
1967
1032
633
2667
1058
746
2017
2425
548
467
370
42
2006
1752
2108
830
1654
349
1810
769
1360
914
149
1117
2695
1011
1537
1285
2087
1521
790
571
1277
2359
1115
402
835
384
1392
2636
1352
523
1653
1178
442
1704
2333
340
1239
2448
2509
1213
1674
929
2701
273
1724
1949
1881
58
937
2355
2527
1602
763
2088
1161
865
1926
1875
1635
1525
1780
2584
2674
94
201
714
1666
2343
215
2074
2404
515
304
2295
512
2521
1222
1943
1867
184
724
1942
1687
1053
1307
348
2045
365
1523
1912
70
79
2789
2868
1357
2079
2237
2064
1553
742
2125
374
940
852
2171
824
16
2530
183
2881
2594
166
1678
2112
2712
2933
495
2762
1070
497
465
964
841
2042
1714
2558
1624
1511
1584
814
798
1114
593
1682
1036
2549
218
352
2424
2774
751
128
1814
1551
1874
1601
2330
1229
1645
649
41
1804
2234
668
2912
1166
421
2909
1970
2812
1139
113
37
2895
678
285
2018
720
1591
1794
445
1954
1606
2302
2906
2842
2298
788
986
2202
2662
1299
1685
2471
953
481
366
2364
2771
2785
383
1546
968
2411
1459
1725
2291
2728
408
334
1416
1006
1719
2907
2212
2169
399
2025
1192
1218
1454
2052
292
2939
460
2690
892
2625
753
1753
454
288
330
247
2921
981
2083
984
1612
2535
2818
879
776
1988
2513
1463
868
1395
1748
2344
185
2778
1002
1631
1953
842
1974
1443
393
357
1281
1565
1541
1661
1268
1309
302
269
2740
1539
2300
1872
2648
2658
2279
756
1589
2350
2917
2136
2365
33
1632
1366
1270
2366
2776
175
2487
534
531
915
2481
2920
493
924
173
1076
1093
569
2923
1367
926
795
157
1369
1734
226
375
1330
1985
400
2265
386
2041
2746
1027
1547
2273
2787
2838
1543
1693
1226
1711
182
355
464
2389
323
1396
2036
40
2354
1791
1986
1142
825
2342
298
2720
2301
441
227
2075
893
1777
2069
1822
1355
2243
139
2252
1556
2593
2123
65
1038
377
2030
1605
741
1519
2719
810
2278
1557
1464
2749
2156
1846
289
412
989
2665
583
2267
2367
1805
2453
2654
2597
2926
1676
1827
1705
2525
631
694
1020
880
1902
1817
2093
35
2021
126
2860
1439
2285
1852
1434
933
1271
618
1762
801
2691
1146
792
1749
952
2332
1504
0
125
2520
332
740
2233
1850
2635
1887
272
1755
19
943
2320
305
783
644
1109
1138
1450
1399
2251
2645
766
773
2480
1398
390
2852
1050
1179
2734
647
1955
2627
2545
1823
124
793
299
26
1215
2465
1536
91
1816
947
1202
1833
2713
195
1420
1702
2376
2646
549
431
1312
2324
1294
1699
279
2460
2310
2815
2065
22
1204
142
2722
874
1300
743
1049
2410
1616
1969
2138
2866
1460
1820
2897
73
395
1065
2270
2783
2352
576
2102
2268
632
2104
45
1444
2741
1898
1526
1180
967
2914
2602
310
971
2595
2565
59
1086
817
2893
2681
105
2918
1757
1964
2889
69
2552
1779
1208
1931
2861
191
2201
1568
309
180
2140
1604
1152
2027
1669
15
2936
1663
1615
869
1717
2835
2412
1598
2208
327
172
2067
265
1829
591
1382
1052
362
179
1473
1567
1013
63
2157
27
2323
17
2587
252
2698
905
1503
1461
2831
1830
1274
2351
666
106
1641
1206
2790
690
1089
2107
1247
2757
823
972
1623
904
1681
2326
1965
1744
1201
1376
2913
1168
2028
1350
1763
411
1741
528
762
2402
616
1081
597
2935
1331
2591
2358
2152
2242
2464
2126
851
1695
919
1690
1125
996
1722
2183
336
1831
866
580
1585
1472
847
2583
780
367
722
1001
935
673
1951
2405
771
3
2744
1989
1272
92
1231
2384
1078
229
1869
2763
484
1483
8
1108
803
696
2360
2044
198
745
1694
2859
1578
2781
1290
781
2436
206
1476
2683
1128
1468
208
1880
2800
1438
1373
1512
217
2315
479
453
2047
356
1315
1564
1901
2428
89
2867
23
1205
382
2807
2806
516
1292
794
257
667
61
2518
129
2864
2875
2715
2338
1155
1163
685
1738
1960
1317
1216
436
1812
1590
2589
820
1721
62
1933
119
1224
2743
1938
2892
2334
1362
1673
1825
1773
2379
1841
2195
1807
2908
1397
2498
1871
2281
1992
121
1335
946
2170
804
2537
2240
2664
2823
872
2439
2055
1597
948
1482
1672
2417
1906
2421
2563
1764
882
2841
13
2816
839
2477
2146
2426
2485
624
1319
450
886
2046
1219
463
2308
1727
527
1633
1170
144
85
1889
738
2684
950
1424
895
1328
2547
1047
1934
1279
836
755
2084
12
234
543
1922
796
2576
2066
1143
735
646
313
819
550
1248
1751
1046
873
46
1886
608
521
546
2192
1533
2256
623
130
1908
675
107
1882
1324
2110
317
2148
47
1080
1594
536
2218
427
2760
2501
1465
1462
2721
256
281
1390
574
1766
827
2147
2062
1408
1808
165
1167
2475
2678
295
1225
164
2327
1961
2586
2870
2221
942
1435
2707
342
605
1102
1311
2023
2429
2400
231
1892
1295
1250
1939
641
784
816
582
429
1586
1400
2374
1087
693
588
1747
726
998
2709
595
1896
1137
1799
452
2669
74
1127
2261
2653
2427
1306
1527
1378
645
585
1421
2779
596
1622
2070
2035
2772
1613
765
1015
954
2068
519
925
494
2438
373
1097
1171
2538
2718
963
1353
2165
1000
1375
1592
1599
1770
1356
1995
1004
2224
2260
557
1129
420
120
2568
2241
2931
2283
1877
397
1354
308
422
335
471
2391
1340
610
2459
1333
1430
1707
268
896
710
1358
1126
888
266
2506
75
1885
1111
2440
2031
1415
1510
2057
1735
1692
945
1712
1246
1774
1417
511
389
2232
2259
567
503
2556
2581
466
1919
2854
2214
613
137
1982
1499
2887
1059
449
2095
337
54
709
2810
2792
2211
1336
1241
2133
2562
1282
2878
360
1963
1322
1737
2572
2899
199
843
1736
1844
993
797
1003
71
189
240
1786
2029
1267
372
1387
1680
966
2619
1235
1552
2523
504
1733
2844
1122
1098
83
2514
2766
560
1739
1332
1813
1037
2839
1706
30
2179
1834
1091
870
148
34
1576
1517
2207
2182
2287
2727
2249
346
316
612
960
1196
821
275
2164
539
32
1715
14
1580
734
1057
1189
2396
681
1230
2941
750
2286
2200
2872
1028
1638
371
1429
2101
759
1055
2121
331
799
301
1923
154
2608
987
961
488
959
1945
1862
306
2225
430
997
1339
2745
469
2753
2603
2677
725
2467
939
1173
1273
2613
2829
2114
55
220
2649
2736
2141
2420
2381
545
2585
2115
565
2724
564
1
786
590
2865
1540
1308
1839
2187
110
2621
1457
1425
1649
1583
592
921
439
56
1629
451
2628
975
239
2540
2876
1233
1756
2898
748
2113
627
18
486
664
297
871
2373
167
196
1513
514
1105
2874
1913
2805
1088
525
699
476
1489
2655
1096
1316
1217
1440
1507
1083
1958
640
651
920
1220
721
468
1363
837
1836
207
2437
150
703
974
49
652
1798
2620
2431
2414
2130
1242
5
2007
670
2798
1957
51
477
1851
544
2814
1603
962
53
791
1009
903
1497
413
2657
1876
2199
840
2213
2858
470
1210
1720
529
1916
93
2702
1948
928
2857
99
276
311
584
202
2606
2505
1119
2663
2569
36
568
2848
1437
1025
1940
1847
854
1164
2704
1326
1298
1148
2188
2418
1304
2817
1412
2500
1474
2489
2466
1778
1975
508
1174
2472
1252
378
1383
2159
2048
1314
1549
639
1959
1466
502
162
2483
2901
2091
2782
2150
2292
1914
2280
2220
2630
2154
604
767
1249
2058
1191
2085
535
1310
1932
1478
1095
1404
2546
2177
2555
2548
1327
2473
2795
243
891
232
1920
2000
177
490
2016
242
509
2262
1890
159
1121
708
1227
1405
1803
2434
2496
885
1278
2890
1772
2925
1349
517
2275
679
862
1475
2290
1337
2529
1485
392
1688
2277
1100
1571
2824
319
6
267
1891
2510
2056
2533
1897
1675
2575
1689
2550
2748
857
443
2144
655
117
2626
350
403
1660
1190
1944
1092
1372
2609
876
532
1979
628
2100
2686
2676
2462
717
1185
1978
364
2680
809
2862
2888
345
387
2869
2361
1802
1154
1193
1928
2020
1868
2855
2809
1800
2554
1280
1343
1740
599
2723
270
1296
1713
2666
1063
2341
2086
1068
1792
213
712
782
2009
1261
2542
282
1555
1671
2761
417
834
2120
1866
2313
1956
2451
890
1554
1151
2446
1042
2742
2468
1809
563
2643
1433
1593
1849
2706
1732
1936
2034
2618
689
1223
2491
1840
1494
1188
250
749
1418
363
1509
1407
1203
2407
1627
2239
923
744
2469
2162
2531
2461
1855
918
1283
1447
807
1520
1040
2329
1505
1793
2443
1853
192
2002
1917
2511
115
321
1067
2651
456
1380
2557
1946
1045
31
863
2375
2484
2896
1157
2205
2004
849
2731
513
2080
2493
1697
1410
887
1767
1650
224
1659
274
2118
1634
391
2819
1644
2633
401
1535
1784
2615
1718
221
2659
941
1925
2105
43
2507
2394
1879
423
853
358
1927
2902
1859
1313
2539
2357
556
24
2803
1064
1915
290
1656
602
682
473
1765
1788
2284
2109
1329
1838
296
1177
2173
29
2014
2317
1107
1236
455
522
1790
1427
315
579
2401
2622
2512
2880
619
1147
1302
1197
728
1821
1667
815
2293
911
654
2422
2570
1112
1144
1664
1257
2258
861
1806
2482
2119
1379
1243
1905
438
1652
1022
1181
983
2276
663
875
2247
2322
409
1684
2463
1759
407
1626
1658
2846
1209
2528
1347
380
611
1286
1865
2145
1365
25
977
1998
2103
1116
988
1391
1120
1657
1388
143
1471
2516
1640
2808
973
2393
398
2764
1455
1361
238
577
2238
1842
1824
561
132
2794
1269
2274
1502
686
1980
1696
314
2312
1024
570
235
197
2922
171
2142
2304
145
1377
2076
1858
672
1884
2780
1518
1508
2185
1293
2730
1856
343
2089
692
2840
2336
2526
1662
194
2049
211
1854
1771
2850
2791
2371
312
1647
1244
1973
2716
934
2515
1124
1479
2132
1746
643
1496
10
123
1123
1110
1545
1639
262
2174
2768
1729
2784
1413
1524
2687
1981
1029
1495
2574
2348
338
482
1997
598
1445
1194
2167
498
2339
1195
2
1515
2288
404
2032
2176
2559
136
127
109
318
2129
2445
2413
1947
635
1234
2337
578
1385
2194
2642
2928
1987
2408
2442
152
1904
1888
1130
233
540
1566
491
637
506
2494
2637
1819
2072
474
264
2492
510
261
2710
2671
1386
2834
2641
1530
2151
1069
435
2043
1506
1451
459
2580
1618
1596
2008
2010
2368
2836
446
2765
444
1338
2063
1145
910
806
2319
1574
1789
2689
2127
1486
698
2775
1796
1562
2536
1730
86
2416
1393
1501
1883
2399
2905
2904
1781
701
719
1207
174
492
2161
1570
1276
2409
1573
341
2938
2059
723
2231
2092
757
2038
2060
1135
97
2566
489
951
669
458
190
739
223
457
1381
2830
1983
2543
284
1531
2296
286
859
2801
1538
485
428
2180
28
2934
2321
2263
1614
1403
2502
1291
379
622
2882
1426
140
586
1458
1470
203
2235
551
2369
1701
2447
2693
653
2385
1560
2307
1569
368
1018
80
48
711
344
2652
2755
2910
2116
2456
2796
826
541
2191
2726
2303
2229
1056
2856
2729
1153
2891
1686
2553
538
205
1158
828
2458
1775
1141
2832
418
2203
2209
291
1456
2885
160
737
2383
2012
163
2849
2470
2932
1801
1588
2149
2508
1655
2708
1275
2751
1259
153
2111
930
50
2616
1783
2457
2754
1414
558
1558
1297
225
2216
1099
1079
147
141
354
2388
2099
245
1561
680
554
1487
2863
1600
695
846
573
838
1442
526
2679
1907
2248
67
1228
1845
1710
1428
1134
2050
2694
1287
1406
2250
764
487
2644
1679
684
2592
507
1994
2705
917
2573
1677
1082
1467
2582
607
1104
2305
84
2486
657
2363
369
2578
2153
1611
1010
832
985
1423
1962
2804
1320
2078
2378
1318
1199
2879
1364
2629
881
1863
1200
237
2647
589
2449
2236
294
90
2843
2294
761
1232
805
932
462
1113
1544
1498
1284
230
1448
1610
131
581
1389
322
2166
2737
1620
878
178
1870
931
1266
990
2661
2725
1514
1860
2940
2001
1198
1265
2773
1873
255
1548
630
1402
730
271
385
1621
1160
2124
2392
2128
254
2387
1930
1066
902
898
909
1559
333
913
1726
1691
1370
1254
2747
461
1159
1966
1795
1595
1103
1581
1582
2026
1023
705
2255
949
727
1303
614
2786
440
1477
1716
1528
2631
2612
2937
1301
1431
2488
2403
785
2802
603
2346
671
787
697
1832
2217
1731
2605
800
2851
758
1017
2479
779
2372
2370
325
2617
1106
2219
1255
1041
2019
617
1240
1140
1929
2230
1651
2297
2186
1054
2415
1016
2650
2820
1446
683
601
1848
1156
2331
636
2452
864
2386
2544
2497
778
2347
1101
2264
2752
1769
2450
606
1348
1260
248
1030
716
410
2253
68
1060
1176
2005
1118
1972
447
2825
1935
2682
2696
1432
259
1072
1175
1818
2614
958
1074
524
2335
60
1532
2082
2833
2927
858
2328
1516
1026
72
1937
642
2227
2541
2433
1289
1609
1136
1341
2604
1422
1211
2758
303
615
1723
2441
2406
955
818
500
2877
2911
2788
2638
2886
2714
897
138
2098
1394
2900
811
927
2306
530
283
659
1768
1968
1441
553
1787
1374
1760
691
2735
1493
353
2197
1008
844
1012
2397
2670
2675
1637
1617
1607
1776
104
572
2826
200
1668
1021
2163
537
2071
307
1409
241
772
2845
638
1575
2732
2349
7
2377
1325
2611
2656
562
425
2015
1133
938
2567
2490
2873
475
867

