1 1
2 1
3 0
4 1
5 0
6 1
7 0
8 1
9 0
10 1
11 0
12 1
13 0
14 0
15 0
16 0
17 0
18 1
19 1
20 1
21 0
22 0
23 1
24 0
25 0
26 0
27 0
28 0
29 1
30 1
31 0
32 1
33 1
34 1
35 0
36 0
37 0
38 1
39 0
40 0
41 0
42 0
43 1
44 0
45 0
46 0
47 0
48 0
49 1
50 0
51 1
52 1
53 1
54 0
55 1
56 0
57 0
58 1
59 0
60 0
61 0
62 1
63 1
64 0
65 1
66 0
67 1
68 0
69 1
70 1
71 1
72 1
73 1
74 1
75 1
76 1
77 1
78 1
79 0
80 1
81 0
82 1
83 1
84 0
85 1
86 0
87 1
88 0
89 1
90 0
91 1
92 1
93 0
94 0
95 1
96 1
97 1
98 1
99 0
100 1
101 0
102 1
103 0
104 1
105 0
106 0
107 1
108 0
109 0
110 1
111 1
112 0
113 1
114 1
115 1
116 0
117 1
118 0
119 1
120 1
121 1
122 0
123 1
124 0
125 0
126 0
127 1
128 0
129 1
130 1
131 1
132 1
133 1
134 0
135 1
136 0
137 1
138 0
139 1
140 1
141 0
142 0
143 0
144 1
145 1
146 0
147 1
148 1
149 0
150 1
151 0
152 1
153 0
154 1
155 0
156 1
157 1
158 0
159 1
160 0
161 0
162 0
163 1
164 0
165 0
166 1
167 1
168 1
169 1
170 0
171 1
172 0
173 1
174 1
175 0
176 0
177 1
178 0
179 1
180 0
181 0
182 0
183 1
184 0
185 1
186 1
187 0
188 0
189 1
190 1
191 0
192 1
193 0
194 1
195 0
196 0
197 0
198 0
199 1
200 1
201 0
202 1
203 0
204 0
205 0
206 1
207 1
208 0
209 0
210 1
211 0
212 0
213 0
214 0
215 1
216 0
217 0
218 1
219 1
220 1
221 0
222 1
223 1
224 0
225 0
226 0
227 1
228 0
229 0
230 0
231 0
232 0
233 0
234 1
235 0
236 0
237 0
238 1
239 1
240 0
241 0
242 0
243 0
244 1
245 1
246 0
247 0
248 0
249 1
250 1
251 1
252 1
253 1
254 1
255 0
256 0
257 0
258 1
259 0
260 1
261 1
262 1
263 1
264 0
265 0
266 1
267 1
268 1
269 1
270 1
271 0
272 0
273 0
274 0
275 1
276 0
277 1
278 0
279 0
280 1
281 0
282 0
283 0
284 0
285 0
286 1
287 0
288 0
289 1
290 0
291 1
292 1
293 0
294 1
295 1
296 0
297 0
298 1
299 1
300 0
301 0
302 1
303 0
304 0
305 0
306 0
307 0
308 1
309 1
310 1
311 1
312 1
313 1
314 1
315 0
316 0
317 1
318 1
319 1
320 1
321 1
322 0
323 1
324 0
325 0
326 0
327 0
328 0
329 1
330 0
331 1
332 1
333 0
334 1
335 1
336 0
337 0
338 1
339 0
340 1
341 0
342 1
343 1
344 0
345 0
346 0
347 1
348 0
349 0
350 0
351 1
352 0
353 1
354 0
355 0
356 0
357 0
358 0
359 1
360 1
361 1
362 1
363 0
364 1
365 1
366 0
367 1
368 0
369 0
370 1
371 1
372 0
373 1
374 1
375 1
376 0
377 1
378 0
379 1
380 0
381 1
382 1
383 0
384 1
385 0
386 1
387 1
388 1
389 1
390 1
391 1
392 1
393 0
394 1
395 0
396 1
397 1
398 1
399 1
400 0
401 1
402 0
403 0
404 1
405 0
406 0
407 1
408 1
409 0
410 1
411 0
412 1
413 1
414 1
415 0
416 0
417 1
418 0
419 1
420 1
421 0
422 1
423 1
424 1
425 1
426 0
427 0
428 0
429 1
430 1
431 0
432 0
433 0
434 0
435 0
436 1
437 1
438 0
439 1
440 0
441 1
442 1
443 1
444 0
445 1
446 1
447 0
448 0
449 1
450 0
451 0
452 0
453 1
454 1
455 1
456 1
457 0
458 0
459 1
460 0
461 1
462 1
463 1
464 1
465 1
466 0
467 0
468 0
469 1
470 1
471 0
472 0
473 1
474 1
475 1
476 1
477 1
478 1
479 0
480 0
481 1
482 0
483 1
484 0
485 0
486 0
487 0
488 0
489 1
490 0
491 1
492 0
493 1
494 0
495 1
496 0
497 1
498 0
499 1
500 0
501 0
502 0
503 1
504 0
505 1
506 0
507 1
508 0
509 1
510 0
511 0
512 0
513 1
514 0
515 0
516 1
517 1
518 0
519 1
520 0
521 1
522 0
523 1
524 0
525 1
526 1
527 0
528 0
529 0
530 1
531 1
532 0
533 1
534 1
535 1
536 1
537 1
538 1
539 1
540 1
541 1
542 1
543 1
544 0
545 1
546 0
547 0
548 0
549 0
550 0
551 0
552 0
553 1
554 1
555 0
556 0
557 0
558 0
559 0
560 0
561 1
562 1
563 1
564 0
565 1
566 1
567 1
568 1
569 1
570 1
571 1
572 0
573 0
574 0
575 1
576 0
577 0
578 0
579 1
580 0
581 1
582 1
583 0
584 0
585 1
586 1
587 1
588 0
589 0
590 0
591 1
592 0
593 0
594 1
595 1
596 1
597 0
598 0
599 0
600 1
601 0
602 0
603 0
604 0
605 1
606 0
607 1
608 1
609 0
610 1
611 1
612 1
613 1
614 1
615 0
616 1
617 1
618 0
619 0
620 1
621 0
622 0
623 0
624 0
625 1
626 1
627 0
628 0
629 1
630 1
631 0
632 0
633 0
634 0
635 0
636 1
637 1
638 1
639 1
640 0
641 0
642 1
643 0
644 1
645 1
646 1
647 0
648 1
649 0
650 1
651 1
652 0
653 0
654 1
655 1
656 1
657 0
658 0
659 0
660 0
661 1
662 0
663 1
664 0
665 1
666 1
667 1
668 0
669 0
670 0
671 0
672 0
673 1
674 1
675 1
676 1
677 1
678 0
679 0
680 1
681 1
682 1
683 0
684 1
685 0
686 1
687 1
688 0
689 1
690 0
691 0
692 1
693 1
694 1
695 1
696 0
697 0
698 0
699 1
700 0
701 0
702 1
703 1
704 0
705 0
706 0
707 1
708 1
709 1
710 0
711 1
712 0
713 1
714 0
715 1
716 1
717 0
718 0
719 0
720 1
721 1
722 1
723 1
724 1
725 0
726 0
727 0
728 1
729 1
730 0
731 0
732 1
733 1
734 0
735 0
736 0
737 1
738 0
739 0
740 1
741 1
742 1
743 1
744 1
745 0
746 0
747 0
748 0
749 1
750 0
751 0
752 0
753 1
754 0
755 1
756 0
757 1
758 0
759 0
760 0
761 0
762 1
763 1
764 0
765 1
766 0
767 0
768 1
769 0
770 1
771 0
772 0
773 1
774 1
775 0
776 1
777 1
778 1
779 0
780 1
781 1
782 0
783 0
784 0
785 0
786 0
787 1
788 1
789 0
790 0
791 1
792 0
793 1
794 1
795 1
796 1
797 1
798 1
799 1
800 1
801 0
802 1
803 1
804 1
805 1
806 1
807 0
808 1
809 1
810 0
811 1
812 1
813 0
814 1
815 0
816 1
817 0
818 0
819 1
820 1
821 0
822 1
823 1
824 1
825 0
826 0
827 1
828 0
829 0
830 0
831 1
832 1
833 1
834 0
835 0
836 1
837 1
838 1
839 1
840 0
841 0
842 1
843 0
844 0
845 1
846 0
847 0
848 1
849 0
850 1
851 1
852 1
853 0
854 1
855 1
856 0
857 0
858 0
859 1
860 0
861 1
862 1
863 1
864 0
865 0
866 1
867 0
868 0
869 0
870 0
871 0
872 1
873 1
874 1
875 1
876 0
877 1
878 0
879 0
880 0
881 1
882 0
883 1
884 1
885 0
886 0
887 0
888 0
889 1
890 1
891 1
892 1
893 1
894 0
895 0
896 0
897 1
898 1
899 1
900 1
901 1
902 1
903 0
904 1
905 0
906 0
907 0
908 1
909 1
910 1
911 1
912 1
913 1
914 0
915 0
916 1
917 0
918 0
919 1
920 0
921 0
922 0
923 0
924 1
925 1
926 0
927 0
928 0
929 1
930 1
931 1
932 0
933 0
934 0
935 0
936 0
937 1
938 0
939 0
940 0
941 0
942 0
943 0
944 1
945 1
946 0
947 1
948 0
949 0
950 0
951 1
952 1
953 1
954 0
955 1
956 0
957 1
958 0
959 1
960 0
961 0
962 1
963 1
964 0
965 0
966 0
967 1
968 1
969 0
970 1
971 0
972 1
973 1
974 1
975 1
976 1
977 1
978 1
979 1
980 1
981 1
982 0
983 0
984 1
985 0
986 0
987 0
988 1
989 1
990 1
991 1
992 1
993 1
994 0
995 0
996 1
997 1
998 0
999 1
1000 1
1001 1
1002 0
1003 0
1004 0
1005 1
1006 1
1007 1
1008 0
1009 0
1010 0
1011 0
1012 1
1013 0
1014 1
1015 0
1016 1
1017 1
1018 1
1019 0
1020 0
1021 1
1022 0
1023 1
1024 1
1025 1
1026 0
1027 0
1028 1
1029 1
1030 0
1031 0
1032 0
1033 1
1034 1
1035 1
1036 1
1037 1
1038 0
1039 0
1040 0
1041 1
1042 0
1043 0
1044 1
1045 1
1046 0
1047 0
1048 0
1049 1
1050 1
1051 1
1052 0
1053 0
1054 1
1055 1
1056 0
1057 0
1058 0
1059 1
1060 1
1061 1
1062 1
1063 1
1064 0
1065 1
1066 1
1067 0
1068 0
1069 1
1070 0
1071 1
1072 1
1073 0
1074 0
1075 1
1076 1
1077 0
1078 0
1079 1
1080 0
1081 0
1082 1
1083 1
1084 0
1085 0
1086 1
1087 0
1088 0
1089 0
1090 0
1091 0
1092 0
1093 1
1094 0
1095 0
1096 0
1097 1
1098 0
1099 1
1100 0
1101 0
1102 1
1103 0
1104 1
1105 0
1106 0
1107 0
1108 1
1109 0
1110 1
1111 1
1112 1
1113 0
1114 1
1115 0
1116 1
1117 0
1118 0
1119 1
1120 0
1121 0
1122 0
1123 0
1124 0
1125 0
1126 0
1127 1
1128 1
1129 0
1130 1
1131 1
1132 0
1133 0
1134 0
1135 1
1136 0
1137 0
1138 0
1139 0
1140 1
1141 0
1142 1
1143 1
1144 0
1145 0
1146 1
1147 1
1148 0
1149 1
1150 0
1151 1
1152 0
1153 1
1154 1
1155 0
1156 1
1157 0
1158 0
1159 0
1160 0
1161 0
1162 0
1163 0
1164 0
1165 1
1166 1
1167 1
1168 1
1169 1
1170 0
1171 1
1172 0
1173 0
1174 0
1175 0
1176 0
1177 0
1178 0
1179 1
1180 0
1181 1
1182 1
1183 0
1184 0
1185 1
1186 0
1187 1
1188 0
1189 0
1190 1
1191 1
1192 1
1193 1
1194 1
1195 0
1196 1
1197 0
1198 1
1199 0
1200 0
1201 1
1202 0
1203 1
1204 0
1205 1
1206 0
1207 1
1208 1
1209 0
1210 1
1211 1
1212 0
1213 1
1214 1
1215 0
1216 0
1217 0
1218 0
1219 0
1220 1
1221 1
1222 1
1223 0
1224 1
1225 0
1226 1
1227 0
1228 0
1229 1
1230 0
1231 1
1232 0
1233 0
1234 0
1235 1
1236 1
1237 1
1238 1
1239 1
1240 0
1241 1
1242 0
1243 0
1244 0
1245 0
1246 1
1247 1
1248 0
1249 1
1250 0
1251 0
1252 1
1253 1
1254 1
1255 1
1256 1
1257 0
1258 1
1259 1
1260 1
1261 0
1262 1
1263 0
1264 0
1265 1
1266 0
1267 1
1268 0
1269 1
1270 1
1271 1
1272 0
1273 1
1274 1
1275 1
1276 0
1277 0
1278 1
1279 0
1280 0
1281 1
1282 0
1283 0
1284 1
1285 1
1286 0
1287 0
1288 0
1289 1
1290 1
1291 1
1292 1
1293 0
1294 0
1295 0
1296 0
1297 1
1298 1
1299 1
1300 0
1301 0
1302 0
1303 1
1304 1
1305 0
1306 0
1307 1
1308 1
1309 0
1310 0
1311 1
1312 1
1313 1
1314 1
1315 1
1316 0
1317 0
1318 1
1319 0
1320 1
1321 0
1322 0
1323 1
1324 1
1325 0
1326 0
1327 1
1328 0
1329 0
1330 1
1331 0
1332 0
1333 0
1334 0
1335 0
1336 0
1337 1
1338 1
1339 0
1340 1
1341 1
1342 0
1343 0
1344 0
1345 0
1346 0
1347 1
1348 0
1349 0
1350 0
1351 1
1352 0
1353 1
1354 0
1355 0
1356 1
1357 0
1358 1
1359 0
1360 1
1361 0
1362 0
1363 1
1364 0
1365 0
1366 1
1367 1
1368 1
1369 1
1370 1
1371 0
1372 0
1373 0
1374 0
1375 1
1376 0
1377 0
1378 1
1379 1
1380 0
1381 0
1382 0
1383 1
1384 0
1385 1
1386 0
1387 0
1388 1
1389 0
1390 1
1391 0
1392 1
1393 1
1394 1
1395 1
1396 0
1397 1
1398 0
1399 0
1400 0
1401 0
1402 1
1403 1
1404 1
1405 0
1406 0
1407 1
1408 1
1409 0
1410 1
1411 0
1412 0
1413 0
1414 0
1415 0
1416 1
1417 1
1418 1
1419 0
1420 1
1421 0
1422 0
1423 1
1424 1
1425 0
1426 0
1427 1
1428 0
1429 0
1430 1
1431 0
1432 0
1433 1
1434 0
1435 0
1436 1
1437 1
1438 1
1439 0
1440 0
1441 1
1442 1
1443 1
1444 0
1445 0
1446 0
1447 0
1448 0
1449 0
1450 1
1451 0
1452 1
1453 1
1454 1
1455 0
1456 0
1457 0
1458 0
1459 1
1460 0
1461 0
1462 1
1463 0
1464 1
1465 0
1466 0
1467 1
1468 0
1469 1
1470 1
1471 0
