1822
974
812
1765
718
731
1388
2089
80
1489
72
665
103
1476
79
1573
579
2085
807
2679
2152
941
2728
487
2782
1834
282
2879
1427
2589
2671
700
1692
2939
129
2370
160
707
2717
740
2351
595
1749
2021
513
1012
1873
1789
276
2876
1761
953
410
2900
2893
2513
526
2262
188
1917
2883
1324
1156
255
518
2451
1321
1296
1605
511
112
301
991
1977
1847
1250
990
1698
1739
279
1251
1131
1001
2612
2194
1411
2797
2378
2746
1169
1159
643
1196
738
2891
1547
2538
403
950
2331
2016
717
2274
1246
1722
2343
535
697
2568
1663
2452
2695
2043
1045
508
2101
2734
853
2332
155
1254
1412
1073
1289
1899
879
243
629
822
2072
392
2818
909
2333
2580
2499
1229
1460
845
2705
810
2261
1403
469
1937
1113
472
1945
2812
2604
1068
302
945
2146
1470
321
1399
2106
94
1597
228
1445
2574
445
2881
119
2885
891
1557
2613
310
2593
1280
2116
1579
2610
1779
1734
248
2464
2174
1966
1336
1865
212
1003
2311
2073
2052
935
1281
1494
1777
1081
2690
2804
145
83
748
174
2400
773
2242
2711
2124
734
1426
1583
2490
797
1989
2178
382
1910
1023
2511
709
1203
2841
13
1453
1614
2325
2122
1860
223
2143
2191
355
1643
173
2054
521
2503
2670
2729
2753
1526
938
242
1914
2211
756
1778
847
2672
1438
1056
2505
587
2898
2581
1332
1071
1400
26
2308
97
2555
1194
1622
2572
1641
1075
1187
2761
1425
2373
1887
1519
1801
1922
2860
1382
1317
2874
1322
1596
2666
326
2735
2324
1993
497
1238
2740
2794
1061
1680
485
1760
84
2482
597
839
299
1616
300
659
2758
286
1114
175
1648
1893
1377
106
92
338
273
1786
25
2209
2897
295
1128
591
2091
231
1709
985
2814
922
1652
2576
1518
651
2241
1456
679
1696
1088
1139
2385
1553
849
476
1575
2596
2024
615
2933
7
2189
203
1906
1022
2777
2298
1043
1988
1199
1376
2303
956
2281
2067
2096
2480
1115
53
2697
1328
215
1272
2419
1570
2290
20
2313
501
1337
1211
1690
877
2159
2198
205
1683
2664
1362
736
15
2193
2491
2319
1678
2263
183
2724
2763
35
1521
2046
2410
334
852
2139
1613
152
2573
202
882
2023
2202
312
500
2725
2545
2169
1606
2192
467
1540
1785
613
957
2825
1507
12
230
1422
477
2355
2736
598
139
2433
354
993
1924
2134
1106
2188
1965
2621
2078
2918
867
1298
1041
1835
1160
1206
610
1013
41
1465
689
100
2742
554
1726
240
285
2154
553
1346
1154
1684
210
2465
1191
2075
1164
1038
1360
2233
171
2224
1953
61
57
448
2680
1610
229
2806
771
986
2051
1406
47
146
842
2316
2307
2842
1708
2873
2056
2071
2018
380
1599
1026
2097
1877
480
1558
102
2369
1029
1669
329
900
1674
913
2801
419
2813
790
1343
33
1637
370
2532
1275
269
1049
2406
2027
2819
723
1752
588
1763
1850
280
509
158
1368
56
727
1148
1633
584
2930
2886
267
2738
87
2911
1215
1732
713
1717
262
0
1593
1018
647
706
2859
2495
281
1100
2204
1059
1488
2733
921
2340
2200
374
2914
1435
2438
17
2322
1121
611
1651
234
2207
1768
859
1069
1562
391
1276
2941
440
2634
220
2338
359
36
1968
1826
2762
2687
1849
2105
824
2171
28
1241
1638
1258
2328
247
622
2070
2827
1784
435
2618
2564
1913
176
2937
2521
1907
1119
2221
753
1285
2113
64
2117
1705
2790
2347
2843
550
1932
1851
2570
2845
132
479
1454
1458
1311
1117
393
426
1711
1192
2600
680
2548
539
1679
1136
694
2838
2
2069
2477
1357
1842
2892
2358
1981
1909
1848
436
2002
2251
137
724
2625
1949
1728
1277
395
2182
1213
2354
304
1628
1963
1529
1568
2530
1969
523
862
1649
1407
1555
1293
1918
903
977
2616
2587
1539
1982
2928
264
2301
308
78
2214
1147
1249
384
2647
631
2773
1825
272
18
2066
905
2441
1374
153
1730
2882
1264
2310
728
1710
1133
530
2362
330
1772
815
618
2173
925
2582
1320
1787
2501
2484
1721
1783
2090
947
447
2750
830
414
899
522
110
1862
2236
832
1681
1807
875
1549
1618
2528
934
1259
2485
2823
733
2032
690
1158
578
2662
250
1310
2549
2699
750
2519
685
2607
1089
2381
115
1162
959
858
2651
816
1866
786
1261
1836
536
2525
122
2920
1900
108
439
1236
2718
674
2839
2826
65
2768
2168
1248
1378
2539
2896
1044
2550
1137
1971
999
372
2412
1630
2058
989
2421
1419
1339
848
1795
2851
1481
1533
315
2940
1224
2579
1497
309
1926
1492
377
288
2186
2142
1810
339
1817
2627
141
1459
799
2778
1898
2737
1919
574
27
1587
1615
1015
1733
2353
524
2348
1527
1244
1112
1091
455
1218
2181
46
1373
2861
683
2558
271
2863
1009
1082
745
1062
2416
1564
602
105
850
2323
1844
317
1550
749
405
2527
1751
184
2526
1077
2796
794
2775
104
1889
762
2820
387
2095
1186
831
1443
932
2660
561
2522
2212
1434
2486
311
1284
1814
971
1260
1217
2507
2399
811
1079
1619
721
2025
283
2492
1313
1531
1827
2722
2414
75
768
2938
1364
331
1431
2730
2872
633
911
617
534
2856
2473
2439
1941
2870
1231
495
2875
2165
1099
885
1105
888
222
85
1661
1352
2299
1450
919
926
1429
1486
1996
1886
1257
425
898
2597
2394
86
4
998
1585
1446
185
2780
2714
531
2868
168
1016
2682
1664
2140
774
840
2246
2102
1797
1247
2747
2643
1390
954
1344
2927
726
1496
2327
967
1958
1870
114
760
1301
2237
1123
30
1152
2035
1394
1724
2243
2304
206
275
841
520
2291
333
2389
91
1369
1104
677
1719
767
2754
551
636
2005
869
2390
1845
1576
555
1110
2565
1189
546
1008
1828
558
2029
2339
2330
2514
543
1857
1109
1542
249
1363
261
1329
1687
1086
1501
1686
732
2157
2535
529
933
2585
783
1420
2784
687
1270
1853
969
1820
593
1806
765
1556
1274
570
371
943
782
1267
1235
1004
1554
109
1901
2103
895
1387
1495
559
2471
2138
730
452
2213
1468
2727
540
506
2633
995
1815
914
1447
994
572
1385
2701
2602
1697
715
2487
1299
1869
2055
1750
1379
233
1517
486
1646
60
2811
1124
443
407
1383
1859
449
125
1149
1283
2544
260
2156
2148
2383
2206
1892
71
2098
2836
1876
1282
800
82
655
1586
1592
1365
2551
1266
468
1058
2463
2632
2015
2300
652
2006
2792
1291
1485
2277
2588
2306
2227
1006
2318
1157
1480
2033
402
2553
2230
144
1902
1295
741
887
458
2050
1908
1163
350
2153
442
2121
1396
963
149
2771
823
878
2234
2834
838
1467
2418
557
1960
686
2575
2844
413
920
201
164
2760
1566
2220
2922
2698
101
1414
2470
457
1944
729
2561
1030
451
1703
1537
605
1954
1755
360
1273
1523
471
252
701
590
1775
2656
1770
2815
781
490
424
861
2030
2280
2238
1524
2798
1391
2285
345
577
2529
2087
337
1359
1032
2380
2404
1983
143
575
1064
515
2709
2170
1331
2902
1469
884
1880
1333
2256
1985
1177
1754
1600
140
2229
43
1034
1962
2264
951
829
2010
2158
2356
2483
2175
2019
1252
2712
968
2379
2222
1994
2110
751
1867
1861
2272
2848
1737
2731
962
970
1670
2164
571
454
1811
844
2534
150
318
2061
601
1098
503
788
565
1286
866
510
1141
537
2004
363
757
1478
596
527
519
514
547
2641
2693
1175
2556
466
2084
207
2166
1172
2546
948
2584
1134
1741
2903
427
1504
194
2014
208
2020
2141
2346
2127
1210
1541
2455
1858
10
483
1417
1530
742
2562
833
739
792
1207
691
2650
2393
1716
1923
2795
502
916
2099
1959
1713
1253
2652
16
1974
1063
1500
1803
1102
599
375
798
48
2062
388
2890
805
314
2510
157
2906
2266
1176
1545
1440
2293
2601
2397
1000
1796
343
1101
2265
1345
1052
608
2250
2661
346
2802
1748
2764
2320
2420
2244
1702
1997
1351
2840
1645
710
2668
2219
979
576
1509
2785
912
635
703
2506
1181
5
505
431
1138
1706
1165
320
1625
1782
2715
2031
548
2702
417
2888
2205
1972
135
1536
2571
2609
2479
428
397
2516
1881
2177
1392
2935
889
2068
291
2215
1118
796
319
2817
161
1612
881
340
2767
1846
2676
2706
494
1694
2374
1955
1657
2626
1182
1595
19
693
1135
59
313
585
660
2199
2830
1300
2260
1747
2787
918
2681
2135
1791
236
2136
825
166
1569
904
1279
2559
2458
325
1565
2408
131
1767
2429
1430
533
928
834
1354
1620
1308
2887
2386
492
1395
456
265
1466
66
1319
2255
1843
2822
1228
1184
99
1263
870
2869
2636
556
1921
1943
389
1304
1574
356
981
2284
1294
2431
1532
253
623
2080
2456
434
517
1433
2151
2267
2203
1441
2658
437
1483
1581
1096
29
512
1338
2088
1418
2469
1402
2132
2877
2309
499
1503
1185
366
237
2624
984
982
542
2344
1514
21
2899
2231
2808
972
2630
1644
695
297
2889
2037
863
2282
2924
1804
259
672
118
1243
1287
172
876
1936
1297
209
2894
873
1342
2776
55
179
422
1695
1704
1167
1856
1190
489
2673
369
2807
58
90
2645
545
2000
1318
803
2569
418
2533
2655
1631
1161
552
187
1927
1087
1449
2120
367
2659
2832
475
2292
658
1220
2279
464
147
872
134
896
2751
1036
1660
1474
2335
1601
1990
2498
2226
906
930
2467
2847
2349
929
1475
364
2413
1111
1326
2060
1090
1771
238
2493
1502
1808
846
2931
2721
1956
1904
1070
322
1762
2108
204
583
2622
2637
1307
2809
2350
1084
2494
883
2405
541
81
940
2336
1415
2912
897
2388
682
2598
630
604
1666
1416
148
1055
507
1868
169
1929
908
544
453
1312
1255
376
2541
459
1759
983
1421
1464
1393
2440
1348
2147
2665
130
2401
197
1375
2502
2048
1271
2560
681
809
684
2756
1107
1007
1226
421
2800
8
2786
1490
246
1912
2915
1980
1992
586
341
892
1424
1074
1931
1372
62
1193
937
2629
128
1150
1221
1122
893
1691
639
1316
1522
463
221
232
2723
1659
2854
1188
378
1019
1650
1538
719
817
2657
2642
335
1017
1700
2415
353
268
1005
45
296
917
764
1632
39
2454
1356
675
1448
1794
1546
653
2074
1701
1290
1471
1627
415
235
218
73
2107
383
2567
1209
2268
2223
2741
133
2515
1685
965
978
1720
785
1626
256
2183
2749
1743
69
9
2427
1864
2003
2368
1837
1544
851
1714
328
901
2508
2190
1995
2867
1756
52
743
385
2497
2289
2591
606
961
2531
2554
254
1590
1978
1216
195
1967
216
624
1237
224
1513
2065
2916
699
2595
2449
324
2435
270
2009
1027
763
2594
2793
2878
2623
1153
1202
1577
1735
1491
2081
2131
170
2228
1178
2288
2249
1
564
2583
725
625
1268
1140
2366
931
1072
1598
2710
871
1970
1916
804
1746
525
769
642
162
2831
11
54
1799
1781
2884
860
2049
2104
342
808
1623
1764
93
2252
2259
2119
1736
2743
159
580
910
2909
2359
2345
496
708
404
966
568
1484
2036
958
603
2218
722
1042
1841
746
1227
2700
1609
386
1935
2100
1964
1381
1386
2430
199
177
705
239
612
778
2012
2917
441
1823
1689
423
1256
478
365
696
1894
2921
868
2409
351
2858
2474
2017
1487
2445
151
2365
2907
569
1171
2446
661
2053
2850
1940
2537
2011
582
837
634
1033
668
1306
2755
461
2590
2719
2232
1262
952
2253
95
2273
156
1334
1397
167
251
32
716
1477
2364
755
1975
1452
1727
1639
638
973
1083
1350
944
2923
772
1920
2489
1604
219
2448
2788
2137
2377
2315
907
2509
2063
2821
2619
1499
1745
664
563
1116
2646
1656
2079
2476
400
2739
2692
1323
2196
1315
644
1151
1805
358
2781
1582
2034
657
754
2805
2703
1510
2038
2145
2363
1740
2247
2880
429
1212
1580
394
470
1911
2240
63
758
980
820
6
1718
1731
460
789
1671
2447
1173
2683
1410
787
379
67
1020
1938
1142
1451
2720
2128
1144
1095
127
2235
673
1729
770
2675
396
1155
2774
1066
2631
432
2187
2028
813
1535
818
819
70
190
2810
997
1987
1428
2443
676
1588
667
2150
1050
1493
211
1347
1408
1516
2424
2411
1325
1950
348
692
1819
776
2481
1108
2305
409
2342
1636
1039
2185
2248
1925
1602
1635
1080
1715
996
2864
1809
1183
1341
482
1879
1790
1505
2663
712
2041
1197
2691
1608
1872
2606
1405
1037
2403
902
2257
656
488
2210
1225
1057
2748
1479
2936
2022
1436
1473
2929
2628
1723
1688
2314
2905
1607
116
138
2678
2125
1401
1961
1361
1010
1744
1707
640
2478
821
123
245
1998
491
2620
361
2270
886
589
2852
1559
2462
2172
1979
1078
2395
1947
1205
1658
1053
2426
1520
663
1753
2040
1854
1948
2865
1930
1677
336
1512
2829
1305
2635
2302
2417
856
2216
2837
1232
1472
2007
1179
923
1942
1561
791
2857
1548
2468
76
573
244
213
2791
126
857
1370
1462
1384
1675
2578
1054
666
688
284
2563
2444
98
628
924
96
1882
31
1693
1060
2341
704
988
2639
2500
2835
1611
2603
2611
1002
1309
1208
2398
89
2488
2179
1824
698
632
1233
113
2167
226
2201
293
714
2245
2926
2225
711
1508
2855
411
1672
1143
1584
1829
2460
1885
1742
1437
51
2042
2640
1242
620
50
2772
2402
2372
2144
1624
2376
344
1773
1933
416
1891
2644
2294
2013
2197
795
600
976
975
2432
1905
23
481
1830
1591
2648
1366
1125
2428
927
290
2149
1051
801
960
1821
516
1302
828
1506
1067
2496
2391
498
2361
964
1349
2934
332
2162
2696
702
2133
1035
1712
2160
2816
826
2217
1145
567
1802
1551
2759
1571
2745
1180
186
2684
2384
1094
1640
2286
780
77
181
1355
2112
779
2586
1409
737
2130
1498
2057
493
1655
1097
1957
1758
38
1647
1986
362
2799
880
669
2111
1200
1915
1552
198
349
1455
24
2677
1884
949
915
2744
1673
266
1874
2779
2901
2913
214
1890
1788
2008
2276
1831
88
1092
987
420
298
1214
1738
637
1358
827
34
1204
2803
2708
2783
662
2694
835
1170
2357
2114
2425
1103
381
2849
398
1195
1398
528
1603
2540
1528
217
747
1515
670
44
1461
2086
136
936
549
450
2688
1303
2375
2828
2524
560
2296
1840
2908
1239
1725
607
1563
1014
1011
1999
22
1589
1572
2283
401
1040
1629
68
193
2552
163
2577
2396
120
1776
2726
474
399
408
1219
3
2653
609
775
1883
2689
433
1367
1973
1442
196
446
2126
1085
74
2161
855
42
1774
1952
1031
1897
1855
2312
1833
1653
2608
178
2925
277
2045
2457
2557
1198
678
121
2932
2278
2615
2716
1021
650
946
316
1903
843
1594
2208
189
1654
2039
1976
2094
616
1076
406
2423
1389
1174
484
874
444
532
854
1028
1662
2326
1380
2667
2824
2044
2866
2846
2459
1444
2472
1245
1838
1800
2195
274
2360
2453
473
1939
890
2862
626
40
1166
2129
2387
373
646
1413
1676
2765
292
263
735
368
1682
2833
2536
347
1292
2685
107
2518
955
1265
2461
1146
1048
1617
777
1314
2466
865
2770
2123
430
1065
1780
1269
1852
2082
2757
1896
2422
1404
1769
2352
2707
2547
49
1863
619
2382
2713
1093
154
806
2543
2392
1511
323
1816
2407
200
2592
566
1126
117
1951
1222
1642
1818
2239
2605
111
836
294
864
192
720
793
614
1798
1278
2163
649
1757
327
191
759
142
2617
2649
2371
1668
2434
1567
289
1878
2732
1578
2686
258
2269
2026
2674
1699
2904
1871
1130
412
2115
1482
227
1240
1327
2109
2436
2271
2520
1560
2614
2853
278
562
257
2001
2475
1120
761
744
621
592
182
1371
180
357
645
784
1665
2064
581
2297
2076
654
1667
2184
225
2654
2287
2450
2523
2329
1234
2910
2176
1766
1634
2704
305
2517
1621
1288
1230
1928
2871
2337
1832
1543
462
766
14
2437
2334
814
2254
287
2155
2766
1340
1813
752
2093
2180
1793
2077
1423
1024
2059
2275
241
2638
1534
1432
2118
438
1047
306
1132
307
2047
894
2599
648
1525
1946
465
538
939
802
1129
37
2752
1895
2504
124
504
2919
2367
1127
1934
627
2321
1201
2895
1839
1439
1984
2669
2295
390
1991
1792
671
1330
303
1223
1168
1025
2442
1353
2092
1335
2566
1463
352
1046
2083
2789
2258
594
165
1812
942
1457
1888
1875
2512
641
2542
2317
992
2769

