1 1
2 1
3 1
4 0
5 1
6 1
7 0
8 0
9 0
10 0
11 1
12 1
13 0
14 0
15 0
16 1
17 1
18 1
19 1
20 1
21 0
22 0
23 0
24 0
25 1
26 0
27 1
28 1
29 1
30 0
31 0
32 1
33 0
34 1
35 1
36 0
37 0
38 1
39 1
40 0
41 0
42 0
43 1
44 1
45 0
46 0
47 0
48 0
49 0
50 1
51 0
52 0
53 1
54 1
55 1
56 1
57 1
58 0
59 1
60 1
61 1
62 0
63 0
64 0
65 1
66 1
67 1
68 1
69 1
70 1
71 1
72 1
73 1
74 1
75 1
76 1
77 0
78 1
79 1
80 0
81 1
82 0
83 0
84 0
85 0
86 0
87 1
88 0
89 0
90 1
91 1
92 0
93 1
94 1
95 1
96 0
97 1
98 1
99 1
100 1
101 1
102 1
103 0
104 0
105 1
106 0
107 0
108 0
109 1
110 0
111 0
112 0
113 0
114 1
115 0
116 0
117 0
118 1
119 1
120 1
121 0
122 0
123 0
124 1
125 0
126 0
127 0
128 1
129 1
130 0
131 0
132 0
133 1
134 0
135 0
136 0
137 0
138 1
139 1
140 0
141 0
142 0
143 1
144 0
145 0
146 0
147 0
148 1
149 0
150 0
151 0
152 0
153 1
154 0
155 1
156 1
157 0
158 0
159 0
160 1
161 1
162 1
163 1
164 1
165 1
166 0
167 0
168 1
169 0
170 0
171 0
172 1
173 0
174 0
175 1
176 1
177 0
178 0
179 1
180 1
181 0
182 1
183 1
184 0
185 1
186 0
187 1
188 0
189 1
190 0
191 0
192 0
193 1
194 1
195 0
196 0
197 0
198 0
199 1
200 1
201 0
202 0
203 1
204 1
205 1
206 0
207 0
208 1
209 0
210 1
211 0
212 0
213 0
214 0
215 1
216 1
217 0
218 0
219 1
220 1
221 0
222 1
223 1
224 1
225 1
226 1
227 0
228 0
229 1
230 1
231 0
232 0
233 1
234 0
235 1
236 0
237 1
238 0
239 0
240 0
241 0
242 1
243 0
244 0
245 0
246 1
247 1
248 1
249 0
250 0
251 0
252 1
253 1
254 1
255 1
256 1
257 1
258 0
259 0
260 0
261 0
262 1
263 0
264 1
265 1
266 1
267 1
268 1
269 1
270 1
271 1
272 1
273 0
274 1
275 0
276 1
277 0
278 1
279 0
280 1
281 0
282 1
283 0
284 0
285 1
286 1
287 1
288 1
289 1
290 1
291 1
292 0
293 1
294 1
295 1
296 1
297 1
298 1
299 0
300 0
301 0
302 1
303 1
304 1
305 1
306 0
307 1
308 0
309 1
310 1
311 1
312 0
313 1
314 1
315 1
316 0
317 1
318 1
319 1
320 1
321 0
322 1
323 1
324 1
325 0
326 0
327 1
328 0
329 1
330 1
331 0
332 1
333 0
334 1
335 0
336 0
337 0
338 1
339 1
340 1
341 1
342 0
343 0
344 0
345 1
346 1
347 0
348 0
349 1
350 1
351 0
352 1
353 0
354 0
355 0
356 0
357 0
358 1
359 0
360 0
361 1
362 1
363 1
364 0
365 1
366 0
367 1
368 0
369 1
370 1
371 0
372 1
373 1
374 0
375 0
376 1
377 0
378 1
379 1
380 1
381 0
382 1
383 1
384 0
385 0
386 0
387 1
388 1
389 0
390 1
391 1
392 1
393 1
394 0
395 0
396 1
397 0
398 1
399 0
400 1
401 0
402 0
403 0
404 0
405 0
406 1
407 0
408 1
409 0
410 0
411 1
412 0
413 0
414 1
415 1
416 1
417 0
418 0
419 0
420 1
421 1
422 1
423 1
424 1
425 0
426 1
427 0
428 1
429 0
430 0
431 1
432 0
433 0
434 1
435 1
436 0
437 0
438 1
439 0
440 1
441 1
442 0
443 1
444 0
445 1
446 0
447 0
448 1
449 0
450 0
451 0
452 1
453 1
454 0
455 1
456 0
457 1
458 0
459 0
460 1
461 0
462 1
463 1
464 0
465 0
466 0
467 1
468 1
469 1
470 0
471 1
472 0
473 1
474 1
475 0
476 1
477 0
478 0
479 1
480 1
481 1
482 1
483 1
484 0
485 1
486 1
487 1
488 1
489 0
490 0
491 0
492 0
493 1
494 0
495 0
496 0
497 1
498 0
499 1
500 1
501 1
502 1
503 1
504 1
505 1
506 1
507 1
508 1
509 1
510 0
511 1
512 0
513 0
514 1
515 1
516 0
517 1
518 0
519 1
520 1
521 0
522 1
523 0
524 1
525 0
526 0
527 0
528 1
529 0
530 0
531 1
532 0
533 1
534 1
535 0
536 1
537 1
538 0
539 0
540 0
541 0
542 0
543 1
544 0
545 1
546 0
547 0
548 0
549 1
550 0
551 0
552 1
553 0
554 1
555 1
556 1
557 1
558 0
559 0
560 1
561 1
562 0
563 1
564 1
565 0
566 0
567 1
568 1
569 0
570 1
571 1
572 0
573 0
574 1
575 0
576 1
577 1
578 1
579 0
580 1
581 1
582 0
583 0
584 1
585 0
586 1
587 1
588 0
589 1
590 1
591 1
592 1
593 1
594 1
595 1
596 1
597 0
598 0
599 0
600 1
601 0
602 1
603 1
604 0
605 1
606 1
607 0
608 0
609 0
610 0
611 0
612 0
613 1
614 0
615 1
616 1
617 0
618 1
619 1
620 0
621 1
622 0
623 1
624 0
625 0
626 0
627 0
628 0
629 1
630 1
631 1
632 0
633 0
634 1
635 1
636 0
637 0
638 1
639 0
640 0
641 1
642 0
643 0
644 1
645 0
646 1
647 1
648 1
649 0
650 1
651 1
652 1
653 1
654 1
655 0
656 0
657 0
658 1
659 1
660 1
661 1
662 0
663 0
664 1
665 1
666 1
667 1
668 0
669 0
670 0
671 0
672 1
673 1
674 1
675 1
676 1
677 0
678 1
679 0
680 0
681 1
682 1
683 1
684 0
685 0
686 1
687 1
688 0
689 0
690 1
691 0
692 0
693 0
694 0
695 0
696 1
697 1
698 0
699 0
700 1
701 1
702 0
703 1
704 1
705 0
706 1
707 1
708 1
709 0
710 1
711 1
712 0
713 0
714 0
715 0
716 1
717 0
718 0
719 1
720 0
721 0
722 0
723 0
724 0
725 0
726 1
727 1
728 1
729 1
730 0
731 0
732 1
733 1
734 0
735 1
736 1
737 0
738 0
739 0
740 1
741 0
742 0
743 0
744 0
745 0
746 1
747 1
748 1
749 1
750 1
751 1
752 0
753 1
754 1
755 0
756 0
757 1
758 1
759 0
760 1
761 1
762 1
763 0
764 0
765 1
766 0
767 0
768 0
769 0
770 1
771 1
772 0
773 1
774 0
775 0
776 0
777 0
778 0
779 1
780 1
781 0
782 1
783 1
784 0
785 1
786 0
787 1
788 0
789 0
790 0
791 1
792 1
793 0
794 0
795 0
796 1
797 0
798 0
799 1
800 0
801 0
802 0
803 0
804 0
805 1
806 0
807 0
808 0
809 1
810 0
811 1
812 1
813 1
814 1
815 1
816 1
817 1
818 1
819 0
820 0
821 1
822 1
823 1
824 1
825 0
826 0
827 1
828 0
829 1
830 1
831 1
832 1
833 0
834 1
835 1
836 0
837 0
838 1
839 0
840 1
841 0
842 1
843 0
844 0
845 0
846 0
847 0
848 1
849 0
850 1
851 1
852 1
853 1
854 0
855 1
856 1
857 0
858 1
859 0
860 1
861 1
862 1
863 1
864 1
865 1
866 1
867 0
868 1
869 0
870 1
871 0
872 0
873 1
874 1
875 1
876 0
877 1
878 0
879 1
880 0
881 0
882 1
883 0
884 0
885 1
886 1
887 1
888 0
889 0
890 1
891 0
892 0
893 1
894 0
895 1
896 1
897 0
898 1
899 1
900 0
901 0
902 1
903 0
904 0
905 0
906 1
907 1
908 0
909 0
910 1
911 1
912 1
913 1
914 1
915 0
916 1
917 1
918 1
919 1
920 0
921 0
922 0
923 0
924 1
925 1
926 1
927 0
928 1
929 0
930 1
931 0
932 1
933 0
934 0
935 1
936 1
937 0
938 1
939 0
940 1
941 0
942 1
943 1
944 0
945 0
946 1
947 0
948 0
949 0
950 0
951 0
952 1
953 1
954 1
955 0
956 1
957 0
958 1
959 1
960 1
961 1
962 0
963 0
964 0
965 0
966 1
967 0
968 0
969 0
970 1
971 1
972 0
973 0
974 1
975 1
976 0
977 1
978 0
979 0
980 0
981 0
982 1
983 1
984 1
985 0
986 0
987 1
988 0
989 1
990 0
991 1
992 0
993 0
994 0
995 0
996 0
997 1
998 0
999 1
1000 1
1001 1
1002 0
1003 0
1004 1
1005 1
1006 0
1007 0
1008 0
1009 0
1010 1
1011 0
1012 0
1013 0
1014 1
1015 0
1016 1
1017 0
1018 1
1019 1
1020 1
1021 0
1022 1
1023 0
1024 0
1025 1
1026 0
1027 1
1028 1
1029 0
1030 0
1031 0
1032 1
1033 1
1034 1
1035 1
1036 1
1037 1
1038 0
1039 1
1040 0
1041 0
1042 1
1043 0
1044 1
1045 0
1046 1
1047 1
1048 0
1049 1
1050 0
1051 0
1052 0
1053 0
1054 1
1055 0
1056 0
1057 1
1058 0
1059 0
1060 1
1061 0
1062 0
1063 1
1064 0
1065 1
1066 1
1067 0
1068 0
1069 1
1070 1
1071 1
1072 1
1073 0
1074 1
1075 0
1076 0
1077 1
1078 0
1079 1
1080 0
1081 1
1082 0
1083 1
1084 0
1085 1
1086 1
1087 0
1088 0
1089 1
1090 0
1091 0
1092 0
1093 0
1094 0
1095 1
1096 0
1097 0
1098 1
1099 1
1100 1
1101 0
1102 1
1103 1
1104 0
1105 0
1106 0
1107 1
1108 1
1109 0
1110 1
1111 1
1112 0
1113 1
1114 0
1115 1
1116 1
1117 0
1118 0
1119 1
1120 1
1121 0
1122 0
1123 0
1124 1
1125 1
1126 0
1127 0
1128 1
1129 0
1130 1
1131 0
1132 1
1133 0
1134 1
1135 0
1136 1
1137 1
1138 1
1139 1
1140 1
1141 0
1142 1
1143 1
1144 0
1145 1
1146 0
1147 1
1148 0
1149 1
1150 0
1151 1
1152 1
1153 1
1154 0
1155 1
1156 1
1157 0
1158 1
1159 1
1160 0
1161 0
1162 0
1163 0
1164 1
1165 1
1166 0
1167 1
1168 0
1169 1
1170 0
1171 0
1172 0
1173 1
1174 0
1175 1
1176 1
1177 0
1178 1
1179 1
1180 0
1181 1
1182 0
1183 0
1184 0
1185 1
1186 1
1187 0
1188 0
1189 1
1190 0
1191 0
1192 0
1193 0
1194 0
1195 1
1196 0
1197 0
1198 0
1199 0
1200 1
1201 0
1202 0
1203 1
1204 0
1205 0
1206 0
1207 0
1208 1
1209 0
1210 0
1211 0
1212 0
1213 0
1214 1
1215 0
1216 0
1217 0
1218 1
1219 1
1220 0
1221 1
1222 1
1223 0
1224 1
1225 0
1226 0
1227 1
1228 0
1229 1
1230 1
1231 0
1232 1
1233 0
1234 1
1235 1
1236 1
1237 0
1238 0
1239 0
1240 1
1241 1
1242 0
1243 0
1244 1
1245 0
1246 1
1247 0
1248 0
1249 1
1250 0
1251 0
1252 1
1253 1
1254 0
1255 0
1256 1
1257 1
1258 0
1259 0
1260 0
1261 1
1262 0
1263 1
1264 1
1265 0
1266 1
1267 0
1268 1
1269 0
1270 0
1271 0
1272 1
1273 0
1274 0
1275 1
1276 1
1277 0
1278 1
1279 0
1280 0
1281 0
1282 0
1283 1
1284 1
1285 1
1286 1
1287 0
1288 0
1289 1
1290 1
1291 1
1292 1
1293 0
1294 1
1295 1
1296 1
1297 1
1298 1
1299 0
1300 1
1301 1
1302 0
1303 1
1304 0
1305 1
1306 0
1307 1
1308 0
1309 1
1310 0
1311 0
1312 0
1313 1
1314 0
1315 1
1316 1
1317 1
1318 1
1319 1
1320 1
1321 0
1322 0
1323 0
1324 0
1325 1
1326 0
1327 0
1328 1
1329 0
1330 1
1331 0
1332 1
1333 1
1334 0
1335 0
1336 1
1337 1
1338 0
1339 1
1340 0
1341 0
1342 1
1343 1
1344 0
1345 1
1346 0
1347 1
1348 1
1349 1
1350 1
1351 1
1352 1
1353 0
1354 0
1355 1
1356 1
1357 0
1358 1
1359 0
1360 0
1361 0
1362 0
1363 1
1364 1
1365 1
1366 0
1367 0
1368 0
1369 0
1370 0
1371 0
1372 0
1373 1
1374 1
1375 0
1376 1
1377 0
1378 1
1379 0
1380 1
1381 1
1382 1
1383 0
1384 0
1385 0
1386 1
1387 1
1388 0
1389 1
1390 1
1391 1
1392 0
1393 1
1394 1
1395 0
1396 0
1397 0
1398 0
1399 0
1400 0
1401 1
1402 0
1403 1
1404 1
1405 0
1406 0
1407 1
1408 1
1409 0
1410 0
1411 1
1412 1
1413 1
1414 1
1415 1
1416 1
1417 1
1418 1
1419 1
1420 1
1421 0
1422 1
1423 1
1424 1
1425 1
1426 1
1427 0
1428 1
1429 1
1430 0
1431 0
1432 1
1433 0
1434 0
1435 1
1436 0
1437 0
1438 1
1439 0
1440 0
1441 1
1442 0
1443 1
1444 1
1445 1
1446 0
1447 0
1448 0
1449 0
1450 1
1451 0
1452 0
1453 0
1454 0
1455 0
1456 1
1457 1
1458 1
1459 0
1460 0
1461 0
1462 1
1463 1
1464 0
1465 1
1466 1
1467 0
1468 0
1469 0
1470 1
1471 0
