1 1
2 1
3 0
4 0
5 1
6 1
7 0
8 1
9 0
10 0
11 1
12 1
13 0
14 0
15 0
16 0
17 1
18 0
19 1
20 0
21 1
22 0
23 0
24 1
25 0
26 0
27 1
28 0
29 0
30 1
31 1
32 0
33 1
34 0
35 0
36 1
37 1
38 1
39 1
40 1
41 1
42 0
43 1
44 0
45 0
46 1
47 1
48 0
49 0
50 0
51 1
52 1
53 1
54 1
55 0
56 0
57 0
58 0
59 0
60 0
61 0
62 1
63 1
64 0
65 0
66 1
67 0
68 0
69 1
70 0
71 1
72 1
73 0
74 1
75 1
76 0
77 0
78 1
79 1
80 1
81 1
82 0
83 1
84 0
85 0
86 1
87 0
88 1
89 0
90 1
91 0
92 1
93 1
94 1
95 0
96 1
97 1
98 0
99 1
100 1
101 0
102 0
103 1
104 0
105 0
106 0
107 0
108 1
109 1
110 1
111 1
112 0
113 1
114 1
115 1
116 0
117 1
118 0
119 1
120 1
121 1
122 1
123 0
124 1
125 1
126 1
127 1
128 0
129 1
130 0
131 1
132 0
133 1
134 1
135 0
136 0
137 1
138 0
139 0
140 0
141 1
142 1
143 1
144 0
145 0
146 0
147 1
148 1
149 1
150 1
151 1
152 1
153 0
154 1
155 0
156 0
157 1
158 1
159 1
160 0
161 0
162 0
163 1
164 1
165 1
166 0
167 0
168 0
169 0
170 1
171 0
172 0
173 0
174 0
175 1
176 0
177 1
178 1
179 1
180 1
181 0
182 1
183 0
184 0
185 1
186 0
187 1
188 0
189 0
190 0
191 1
192 0
193 1
194 1
195 1
196 0
197 0
198 0
199 1
200 1
201 1
202 1
203 0
204 1
205 0
206 0
207 0
208 1
209 0
210 1
211 0
212 0
213 0
214 1
215 0
216 1
217 0
218 0
219 1
220 0
221 0
222 1
223 0
224 1
225 0
226 0
227 0
228 1
229 0
230 1
231 0
232 0
233 0
234 0
235 0
236 0
237 0
238 1
239 1
240 0
241 1
242 1
243 0
244 0
245 1
246 0
247 0
248 0
249 0
250 0
251 1
252 1
253 0
254 1
255 0
256 0
257 0
258 0
259 1
260 1
261 1
262 0
263 1
264 0
265 1
266 1
267 0
268 1
269 0
270 0
271 0
272 0
273 1
274 0
275 0
276 0
277 1
278 0
279 1
280 0
281 0
282 0
283 1
284 0
285 0
286 1
287 0
288 1
289 0
290 0
291 0
292 0
293 0
294 1
295 1
296 1
297 0
298 1
299 0
300 1
301 1
302 0
303 0
304 1
305 1
306 0
307 1
308 1
309 0
310 0
311 1
312 1
313 1
314 1
315 1
316 0
317 1
318 1
319 1
320 1
321 0
322 1
323 1
324 1
325 0
326 0
327 0
328 1
329 0
330 1
331 0
332 1
333 1
334 0
335 0
336 1
337 0
338 1
339 1
340 0
341 1
342 0
343 0
344 1
345 0
346 1
347 0
348 0
349 1
350 1
351 1
352 0
353 1
354 1
355 0
356 1
357 1
358 1
359 0
360 1
361 0
362 0
363 0
364 1
365 1
366 0
367 0
368 1
369 0
370 0
371 0
372 0
373 0
374 1
375 0
376 1
377 0
378 0
379 1
380 0
381 1
382 1
383 1
384 0
385 1
386 0
387 0
388 1
389 1
390 1
391 0
392 0
393 0
394 1
395 1
396 0
397 0
398 1
399 1
400 1
401 0
402 0
403 1
404 0
405 1
406 1
407 1
408 0
409 0
410 0
411 1
412 0
413 1
414 1
415 0
416 0
417 0
418 0
419 0
420 1
421 0
422 1
423 0
424 1
425 1
426 1
427 1
428 0
429 1
430 0
431 1
432 0
433 0
434 0
435 0
436 1
437 1
438 1
439 1
440 0
441 1
442 0
443 1
444 0
445 1
446 1
447 1
448 0
449 0
450 0
451 1
452 1
453 1
454 1
455 0
456 0
457 1
458 0
459 0
460 0
461 1
462 1
463 0
464 0
465 1
466 1
467 0
468 1
469 0
470 0
471 1
472 1
473 0
474 1
475 1
476 0
477 0
478 0
479 0
480 1
481 1
482 0
483 0
484 0
485 0
486 0
487 1
488 1
489 0
490 1
491 1
492 0
493 1
494 0
495 1
496 0
497 1
498 0
499 1
500 0
501 0
502 0
503 1
504 0
505 1
506 1
507 0
508 1
509 1
510 1
511 0
512 1
513 0
514 1
515 1
516 0
517 0
518 1
519 1
520 1
521 1
522 1
523 1
524 0
525 1
526 0
527 1
528 1
529 0
530 0
531 0
532 0
533 0
534 1
535 0
536 0
537 0
538 1
539 1
540 0
541 1
542 1
543 0
544 1
545 0
546 0
547 0
548 1
549 1
550 1
551 0
552 1
553 1
554 0
555 1
556 0
557 1
558 0
559 0
560 0
561 0
562 1
563 0
564 1
565 1
566 1
567 0
568 1
569 0
570 0
571 1
572 1
573 1
574 0
575 0
576 1
577 0
578 0
579 0
580 1
581 1
582 0
583 1
584 1
585 0
586 1
587 1
588 0
589 1
590 1
591 1
592 0
593 0
594 1
595 1
596 1
597 0
598 0
599 0
600 1
601 0
602 0
603 0
604 1
605 0
606 1
607 0
608 0
609 1
610 0
611 1
612 0
613 1
614 0
615 0
616 1
617 0
618 0
619 1
620 0
621 0
622 0
623 1
624 1
625 0
626 0
627 1
628 1
629 0
630 0
631 1
632 0
633 1
634 0
635 0
636 0
637 0
638 1
639 0
640 1
641 1
642 1
643 1
644 0
645 1
646 0
647 0
648 0
649 1
650 0
651 0
652 1
653 1
654 1
655 1
656 1
657 0
658 1
659 0
660 0
661 1
662 0
663 0
664 1
665 1
666 0
667 1
668 0
669 1
670 0
671 1
672 1
673 0
674 0
675 1
676 0
677 0
678 0
679 1
680 1
681 1
682 1
683 0
684 1
685 0
686 1
687 1
688 0
689 1
690 1
691 1
692 0
693 0
694 1
695 0
696 1
697 1
698 1
699 0
700 1
701 0
702 1
703 1
704 1
705 0
706 0
707 0
708 1
709 1
710 0
711 0
712 1
713 1
714 1
715 0
716 0
717 1
718 0
719 1
720 1
721 1
722 1
723 1
724 0
725 1
726 0
727 0
728 1
729 0
730 0
731 1
732 0
733 1
734 1
735 0
736 1
737 1
738 0
739 0
740 0
741 0
742 1
743 0
744 1
745 1
746 1
747 0
748 0
749 0
750 0
751 1
752 0
753 0
754 0
755 1
756 1
757 1
758 0
759 1
760 1
761 0
762 1
763 0
764 0
765 0
766 1
767 1
768 0
769 0
770 1
771 0
772 0
773 1
774 1
775 1
776 1
777 1
778 0
779 1
780 0
781 1
782 0
783 1
784 1
785 1
786 0
787 1
788 0
789 0
790 0
791 0
792 1
793 0
794 0
795 1
796 1
797 0
798 1
799 0
800 1
801 0
802 1
803 1
804 1
805 0
806 1
807 0
808 1
809 1
810 0
811 1
812 0
813 0
814 1
815 0
816 0
817 0
818 1
819 1
820 1
821 0
822 0
823 0
824 0
825 1
826 0
827 1
828 1
829 0
830 1
831 0
832 1
833 0
834 1
835 1
836 0
837 1
838 0
839 0
840 0
841 0
842 1
843 1
844 1
845 1
846 0
847 0
848 1
849 0
850 1
851 0
852 0
853 0
854 0
855 0
856 1
857 0
858 1
859 0
860 0
861 1
862 1
863 0
864 0
865 1
866 0
867 0
868 0
869 1
870 1
871 0
872 0
873 1
874 1
875 1
876 1
877 1
878 0
879 1
880 0
881 1
882 0
883 1
884 0
885 1
886 0
887 1
888 0
889 0
890 1
891 0
892 0
893 1
894 0
895 0
896 0
897 0
898 0
899 0
900 1
901 1
902 1
903 0
904 0
905 0
906 1
907 1
908 0
909 0
910 1
911 1
912 0
913 1
914 0
915 1
916 1
917 0
918 0
919 1
920 0
921 1
922 1
923 1
924 1
925 1
926 0
927 0
928 0
929 1
930 1
931 1
932 0
933 1
934 0
935 0
936 1
937 0
938 1
939 0
940 1
941 1
942 1
943 0
944 0
945 1
946 1
947 0
948 0
949 0
950 0
951 1
952 0
953 0
954 0
955 1
956 1
957 1
958 0
959 1
960 0
961 0
962 1
963 1
964 1
965 1
966 0
967 0
968 0
969 0
970 1
971 1
972 1
973 1
974 1
975 0
976 0
977 0
978 1
979 0
980 1
981 0
982 1
983 1
984 0
985 0
986 0
987 0
988 1
989 0
990 1
991 0
992 1
993 0
994 0
995 1
996 1
997 0
998 1
999 0
1000 0
1001 1
1002 1
1003 1
1004 1
1005 0
1006 1
1007 0
1008 1
1009 0
1010 1
1011 0
1012 1
1013 1
1014 1
1015 1
1016 0
1017 0
1018 1
1019 0
1020 1
1021 1
1022 1
1023 1
1024 0
1025 1
1026 1
1027 1
1028 0
1029 0
1030 1
1031 1
1032 1
1033 1
1034 1
1035 0
1036 1
1037 0
1038 0
1039 0
1040 1
1041 0
1042 1
1043 1
1044 1
1045 0
1046 1
1047 0
1048 0
1049 0
1050 1
1051 0
1052 1
1053 0
1054 0
1055 0
1056 1
1057 0
1058 0
1059 1
1060 0
1061 1
1062 0
1063 0
1064 1
1065 1
1066 0
1067 1
1068 1
1069 1
1070 0
1071 1
1072 1
1073 0
1074 0
1075 0
1076 0
1077 1
1078 1
1079 0
1080 0
1081 0
1082 1
1083 0
1084 1
1085 1
1086 1
1087 1
1088 0
1089 1
1090 1
1091 0
1092 0
1093 1
1094 0
1095 1
1096 1
1097 1
1098 0
1099 1
1100 1
1101 0
1102 1
1103 1
1104 1
1105 0
1106 0
1107 0
1108 0
1109 1
1110 0
1111 0
1112 1
1113 1
1114 1
1115 0
1116 0
1117 1
1118 1
1119 1
1120 1
1121 1
1122 0
1123 1
1124 0
1125 1
1126 0
1127 1
1128 0
1129 1
1130 1
1131 0
1132 0
1133 1
1134 1
1135 0
1136 1
1137 1
1138 0
1139 0
1140 1
1141 0
1142 0
1143 0
1144 0
1145 0
1146 1
1147 0
1148 0
1149 1
1150 0
1151 1
1152 0
1153 1
1154 1
1155 1
1156 1
1157 0
1158 0
1159 1
1160 0
1161 1
1162 1
1163 0
1164 1
1165 0
1166 1
1167 0
1168 0
1169 1
1170 1
1171 1
1172 0
1173 0
1174 1
1175 1
1176 0
1177 0
1178 1
1179 1
1180 0
1181 0
1182 0
1183 1
1184 1
1185 0
1186 1
1187 0
1188 0
1189 1
1190 0
1191 0
1192 1
1193 0
1194 0
1195 1
1196 1
1197 0
1198 0
1199 0
1200 0
1201 0
1202 0
1203 0
1204 1
1205 1
1206 0
1207 1
1208 0
1209 0
1210 1
1211 1
1212 0
1213 1
1214 1
1215 0
1216 1
1217 1
1218 1
1219 1
1220 1
1221 1
1222 1
1223 0
1224 1
1225 0
1226 0
1227 1
1228 1
1229 0
1230 1
1231 0
1232 0
1233 0
1234 0
1235 0
1236 0
1237 1
1238 0
1239 0
1240 1
1241 0
1242 0
1243 1
1244 1
1245 1
1246 0
1247 0
1248 0
1249 0
1250 0
1251 1
1252 1
1253 1
1254 0
1255 1
1256 1
1257 1
1258 1
1259 0
1260 1
1261 0
1262 0
1263 0
1264 0
1265 0
1266 1
1267 1
1268 1
1269 0
1270 1
1271 0
1272 0
1273 0
1274 0
1275 0
1276 1
1277 0
1278 0
1279 1
1280 0
1281 1
1282 0
1283 1
1284 1
1285 0
1286 0
1287 0
1288 1
1289 0
1290 0
1291 1
1292 0
1293 1
1294 0
1295 0
1296 0
1297 0
1298 1
1299 0
1300 1
1301 0
1302 0
1303 0
1304 1
1305 0
1306 0
1307 0
1308 0
1309 1
1310 0
1311 1
1312 0
1313 0
1314 1
1315 1
1316 0
1317 1
1318 1
1319 0
1320 1
1321 0
1322 0
1323 1
1324 0
1325 1
1326 1
1327 0
1328 0
1329 0
1330 0
1331 1
1332 1
1333 1
1334 1
1335 1
1336 1
1337 0
1338 1
1339 1
1340 0
1341 0
1342 0
1343 1
1344 1
1345 0
1346 1
1347 0
1348 1
1349 1
1350 1
1351 1
1352 1
1353 1
1354 0
1355 0
1356 1
1357 0
1358 1
1359 1
1360 0
1361 1
1362 1
1363 1
1364 1
1365 1
1366 0
1367 0
1368 0
1369 0
1370 0
1371 1
1372 1
1373 1
1374 1
1375 0
1376 1
1377 1
1378 0
1379 0
1380 1
1381 0
1382 0
1383 1
1384 1
1385 1
1386 1
1387 0
1388 0
1389 0
1390 0
1391 1
1392 1
1393 1
1394 0
1395 1
1396 0
1397 1
1398 1
1399 1
1400 1
1401 1
1402 0
1403 1
1404 1
1405 1
1406 1
1407 0
1408 0
1409 0
1410 1
1411 0
1412 1
1413 0
1414 0
1415 0
1416 0
1417 0
1418 1
1419 0
1420 0
1421 0
1422 0
1423 0
1424 1
1425 0
1426 0
1427 0
1428 0
1429 1
1430 1
1431 1
1432 1
1433 1
1434 0
1435 1
1436 0
1437 0
1438 1
1439 0
1440 0
1441 0
1442 1
1443 0
1444 1
1445 1
1446 0
1447 0
1448 1
1449 0
1450 0
1451 1
1452 1
1453 0
1454 0
1455 1
1456 0
1457 1
1458 0
1459 1
1460 1
1461 1
1462 1
1463 1
1464 0
1465 1
1466 1
1467 0
1468 0
1469 1
1470 0
1471 1
