495
167
1773
2140
539
380
688
1099
386
2298
1072
1518
260
171
714
1772
407
2120
1599
1177
1714
2371
900
936
2436
484
2676
2890
1986
1415
1486
1513
2725
1444
1496
2548
2255
1467
176
1371
1416
1224
1283
952
1001
2667
104
2935
1919
70
2207
2872
754
1487
1524
2815
2138
1260
156
2497
1058
2855
587
2275
1358
2513
87
2360
1577
2799
66
1968
2260
726
2250
2424
1992
658
89
1073
2602
1312
1954
1161
537
1329
402
195
513
148
1885
725
896
1297
1587
2267
100
1423
2732
2243
2824
951
927
1712
1898
559
2223
593
1915
103
193
2030
978
2301
2299
393
1734
1374
217
2372
709
482
1074
175
67
1802
301
1596
682
2764
549
1610
40
1112
1313
1861
1538
1895
997
949
2905
1435
2300
2296
613
750
1850
1901
2318
948
979
1759
1009
639
2064
1203
732
2561
1985
1348
1947
811
867
2217
2397
131
1795
354
2745
2071
913
262
1246
2598
2907
84
1388
2899
2672
619
2237
1310
841
969
2669
1595
751
364
2496
1728
2321
23
242
1022
2442
406
1100
2139
2025
108
2322
938
1379
2446
2469
794
1582
116
925
2124
128
2728
475
2429
2293
1359
1840
2813
2127
2514
1191
2272
2924
489
2162
2743
1750
1258
556
477
526
2481
1429
1004
1019
1952
2806
1881
10
2190
2338
2396
1746
2392
494
1900
707
2460
884
2369
444
1395
640
2853
1282
1241
302
2825
644
2129
1694
1239
39
2645
285
861
772
1848
2660
2137
756
2633
2410
1752
623
1354
1641
755
2476
2729
1025
1233
2810
2344
531
1448
2252
701
1187
2010
479
1615
2634
1905
636
1661
401
1767
347
1624
2211
646
831
1202
2241
2119
2390
2609
584
2340
1761
2105
1626
2126
1475
2738
2270
1698
2675
1469
934
1925
1413
282
435
2578
2251
653
2903
95
2904
1308
1903
1623
2504
1192
1655
137
1917
828
2404
2128
2736
1412
1408
270
492
462
1642
2073
2795
19
2402
1318
1205
2653
989
1600
1828
2848
2933
409
866
1882
1087
848
1813
2804
899
1458
2384
1317
134
2677
1792
2387
3
775
1481
2857
2131
871
2545
2090
1909
849
2044
2093
2273
2403
2092
420
1974
1528
1127
2896
485
1788
1724
2276
2753
1562
1817
893
1810
2358
1979
1804
2373
1967
2320
2784
1117
2083
346
747
1620
2553
2118
1424
447
892
165
610
1665
1008
2575
1085
307
316
1756
274
373
1797
1731
858
1507
2222
1068
1404
180
2259
49
2733
1636
611
1017
2095
110
2102
1512
976
158
2580
2245
341
862
1332
1729
2724
2864
1214
598
376
1381
1421
903
1567
309
2132
2125
1221
1935
1056
2367
2758
1499
813
2567
57
2817
2414
14
284
1384
1722
964
1301
2364
1637
474
125
1275
2823
2077
1793
2386
2335
2109
2194
2099
2229
218
2511
1002
221
932
313
41
468
697
1232
743
1036
117
1526
2066
788
177
2920
2718
463
1453
2032
473
1291
1923
1774
298
1478
1884
98
421
60
2612
607
2889
2089
2865
2379
417
2626
2756
2549
939
416
2227
61
2246
2031
1417
1643
1251
1456
981
2034
1653
1054
497
236
1020
1703
2940
564
606
1081
325
1906
1702
957
1811
1271
224
1602
972
1838
2916
1632
1461
2777
2431
847
516
1370
2531
1680
1922
219
374
1519
778
1436
1948
787
2485
423
150
2391
608
2295
2177
1053
1273
1699
2248
548
721
1476
414
2541
1691
1989
1070
1484
2400
1000
2040
2018
2043
90
1586
152
2456
1328
1011
1589
2874
266
728
1176
2589
1304
378
2746
2512
2605
21
1529
2266
515
1855
2213
511
2208
2159
1764
127
1267
1021
429
2288
1841
124
1323
2365
1912
943
1846
1460
1314
78
832
1780
2286
2782
956
2310
422
1133
2418
1500
781
1295
1806
1434
1248
622
2829
2506
481
614
351
2249
995
1269
2785
1305
635
250
987
2076
922
2741
2155
532
162
2781
2157
286
1568
2200
2152
1719
1871
1405
2934
2501
1193
1185
1055
2179
2551
2533
1971
154
2615
2172
1240
2204
403
168
2790
2544
2331
2600
1837
1136
1094
1030
466
443
586
2749
1930
980
478
973
854
530
2362
1130
2001
558
2571
578
276
183
1844
977
308
825
591
1547
821
2474
2684
2655
885
2650
1443
1591
2550
32
1916
1520
1514
2160
486
715
323
705
601
1041
293
671
1990
2686
2859
710
85
192
31
2570
1571
1597
299
1093
2867
506
897
799
2151
255
1201
387
1146
733
2555
1440
959
757
2161
1548
1172
519
469
2734
20
470
1346
685
246
109
1760
2326
1157
1147
269
2486
2861
181
424
2337
147
970
1870
2703
689
568
1175
74
883
396
2003
105
1616
2143
2388
1814
1601
1180
1277
2141
691
2477
337
1926
1121
1302
569
1783
1111
1014
382
2811
1028
1560
1494
594
852
2458
2463
1820
902
2642
2356
322
1182
1188
2078
1075
1693
572
1257
2355
2843
2333
296
1574
461
2020
1454
1259
2657
77
928
355
363
2383
2834
1511
1638
2783
761
2730
1950
1211
47
204
11
864
1293
237
2931
2421
1016
906
1839
207
1617
2233
1013
2008
1938
2926
297
628
1084
2868
1951
827
2046
720
1911
357
1633
2639
1300
1290
365
2814
650
1394
1700
1235
1274
1447
1647
800
1153
2623
865
2604
2665
2319
2181
2324
1307
1264
1402
2482
2632
2435
567
711
1504
369
2793
1907
2380
35
2307
2918
106
804
2757
2493
1296
2002
986
2072
2807
2042
2148
2897
2455
971
2527
1927
191
1430
1134
2368
2858
113
1946
1776
2033
1393
1414
851
2230
448
2648
328
577
1103
2277
2583
935
1439
2845
2166
331
2866
1606
370
2624
1631
1335
1306
529
2566
2394
2500
2174
1652
2068
2831
499
1801
690
253
1219
1608
1629
360
277
2279
1222
2787
225
1217
1673
335
575
2419
917
488
590
2445
668
863
2202
2427
2056
805
1965
252
1183
2370
837
528
2932
1340
770
2839
2283
765
2755
2643
310
2844
419
740
994
2401
1098
797
673
1471
0
998
2673
816
2065
1325
1613
1890
692
826
1842
1097
2696
1024
561
2774
1010
833
679
459
1179
888
2111
449
2168
1209
2832
1997
2449
1319
1303
2809
664
295
1866
2156
1765
1956
1320
1042
1868
2574
2911
1026
581
1754
2706
2509
1543
1168
2399
1807
1367
107
2702
1740
982
929
2336
1564
350
1403
2837
764
1003
597
2061
2818
2692
1498
2656
2846
2189
2898
2719
637
1355
2017
2720
451
2169
1579
372
779
404
1227
170
1194
767
1171
1324
231
546
2915
1364
397
2714
753
139
845
2185
2538
239
1129
2689
2622
1078
2357
2079
138
1190
1867
1457
1167
345
1223
2530
359
1140
2547
1695
1237
1542
222
1106
2292
2461
2242
1169
2054
1120
281
324
822
1216
674
326
290
1999
1550
2498
762
984
1437
954
2909
2180
2285
553
179
824
1382
1352
2428
2342
2164
2039
2466
1709
248
1339
72
2820
2048
595
2914
1674
859
1338
1853
1953
1718
535
1197
2659
2826
730
1787
1489
2494
2366
2517
2261
2088
146
2862
2393
2739
1942
1721
2441
2281
2662
2434
1707
930
2894
43
377
771
2328
144
2519
703
135
1462
1345
2028
638
1446
2847
1710
2754
2354
2679
400
2891
2654
1847
873
881
38
143
657
808
1593
330
2888
2022
1891
1109
2499
604
1181
79
426
13
643
541
889
542
2568
1035
717
2178
26
807
624
1048
1929
2666
2564
55
921
1122
2917
94
1976
1311
846
1677
1341
729
1245
1666
174
1790
2595
501
1762
1349
1069
133
1386
1640
1095
2353
2422
1270
2881
2638
879
1135
2026
332
1206
1186
1138
1808
634
993
563
80
1242
734
1250
1771
737
379
1353
540
271
2317
1893
399
926
1825
1392
507
933
1651
1195
1590
2502
1685
2013
232
627
2447
1744
1669
2698
197
953
1662
1644
2406
1821
2214
2710
2475
1830
1678
739
1660
621
672
1207
2887
817
2186
551
291
924
2489
1473
1419
838
2563
2471
2611
2709
2070
46
931
1470
1937
1896
1159
2149
142
30
2201
392
2830
745
2803
687
666
228
1427
2051
2290
942
2280
2130
1154
680
1738
2349
259
1779
1860
2877
62
122
2522
2572
1766
159
2693
1988
1834
2763
42
383
1816
251
1576
2398
522
2649
2158
471
418
86
780
716
2827
121
2193
391
2902
1689
2467
2671
1854
184
2176
659
190
2927
796
1118
2323
1726
1910
855
1431
203
2294
1628
2546
315
773
1977
1978
1039
233
2347
1006
1463
2852
676
415
2767
1265
2192
2516
2304
1057
1928
1410
2112
1288
695
164
1663
874
1174
1522
292
2253
2395
766
1730
681
1428
1040
1289
543
962
500
521
1873
1552
1162
2586
2841
1918
1351
1272
648
878
1196
384
1229
1505
2284
504
2057
810
1298
1656
1939
145
445
185
2308
2603
894
2011
1472
1088
2123
1998
1141
850
944
1569
2524
992
88
698
758
336
2908
1343
446
2652
1294
2771
1426
2329
333
814
2529
273
1659
1612
352
182
1156
1155
1083
431
2196
2258
1914
1800
898
2488
2122
723
1215
1823
1931
2526
2761
2690
2492
632
2084
503
784
29
2209
2536
1877
1732
774
1554
1151
1125
1243
1441
1418
748
950
1152
2882
1835
2748
2096
990
2264
1228
1114
65
1964
2029
1432
1725
321
2287
2726
2464
843
2765
9
2377
525
1908
2218
2351
163
1061
2712
719
238
1451
1110
708
343
612
1530
2289
589
609
1495
169
1029
1588
2038
265
616
678
1062
1363
763
118
235
2239
2744
33
2791
126
1670
1798
2708
2049
1627
1782
410
2715
2869
1331
1249
870
741
571
1005
1618
1706
2577
1234
2559
785
645
1076
915
1045
1869
1775
2000
434
1164
2420
287
2224
536
2895
2893
439
2637
901
2601
2334
2006
2664
2505
1051
1541
27
911
967
1420
1739
1892
1092
2713
2495
2314
815
1276
258
1936
1309
1745
1137
523
574
280
2175
768
649
1330
2697
999
2558
2100
2226
91
1198
1450
123
2938
2350
16
869
229
552
2348
329
92
2537
2821
1845
1488
2170
793
769
2711
2913
2389
268
1819
2539
483
534
975
311
2707
1789
2167
2409
2082
1650
908
212
111
1468
2849
1742
1082
2059
1287
1066
2630
1326
1254
289
1059
1090
2573
1566
458
303
2617
1279
2425
2027
1115
2796
1102
1886
844
910
115
600
340
208
2685
2263
22
1050
1553
914
1034
1755
2198
491
58
1347
1373
71
2922
1743
1681
746
1145
1904
718
129
1523
2053
2306
2117
2430
2619
1805
1603
2776
2375
1671
2661
1658
2007
2063
1204
2900
2641
1422
256
432
2786
2188
1794
2478
1716
2341
2110
573
2835
2525
2113
438
702
2797
738
1165
722
958
2381
905
2115
2433
1104
5
1278
1969
1874
834
1459
1411
151
1208
1091
1281
2678
961
112
455
93
2036
7
919
566
1894
2256
2453
83
2912
1581
1142
1508
189
2037
1748
2197
1857
2415
371
1557
1770
1687
1023
1366
1966
1556
1256
288
1747
656
907
4
52
1856
2219
44
699
2569
1777
1940
200
2800
2906
114
1753
45
2416
320
1675
361
464
153
836
2691
630
1406
476
2503
395
700
1559
1876
1497
362
2582
102
2361
209
1607
24
2376
617
2587
1356
1361
1578
2234
562
166
312
1672
2104
742
2154
1696
2620
1124
2789
436
1385
1369
2651
2205
1646
1717
1150
2870
1945
2439
36
1337
686
2315
2144
2116
1975
1527
2490
15
279
389
560
2483
2836
1148
465
760
2479
2875
736
823
1360
1532
8
1525
2752
1389
937
818
2374
2417
1737
1994
1878
2682
940
53
2470
1715
2311
433
2438
1980
1466
2184
1027
487
1108
1105
54
2805
2886
1043
1959
947
226
1178
2610
965
2050
1791
1843
1701
882
1697
454
300
2444
1545
2560
1344
988
2683
2014
48
789
2614
211
498
783
249
2775
2045
216
2062
2235
1089
119
2523
1506
1872
520
2232
1972
2607
647
996
527
2854
1605
923
1941
1995
776
880
1609
1077
1943
196
2507
2103
1858
1397
2405
68
348
388
1864
2451
2884
2590
2925
2454
782
1160
694
1521
2528
319
278
1713
696
1477
533
2747
1263
56
1376
2565
941
2080
918
2850
2705
759
2412
141
1769
375
460
1123
2225
1445
2262
1101
1899
1963
509
1464
2303
1996
895
2254
1139
1598
2828
358
2769
2618
1225
220
1727
366
1733
1862
1875
2212
1688
1973
305
2772
1479
1859
1879
2716
2468
1378
1327
2443
1961
28
2238
2094
602
1113
2722
456
2145
344
1255
2636
294
1173
160
1032
876
1342
1063
2195
1474
983
2625
2041
991
1851
2265
1654
2727
318
2142
2173
2378
2735
2106
724
2480
120
2792
1573
2220
731
2644
2278
1757
1657
1763
267
792
76
2291
2216
891
1723
2929
342
2534
2108
1960
544
149
2794
1832
1163
1284
1
334
1540
1046
1645
966
1015
550
1778
2171
317
245
2247
1336
2187
198
1316
1913
1625
2075
1812
2594
565
1452
2860
2921
442
1132
1184
1741
502
2628
272
1299
493
517
2052
1827
2717
2871
1322
2269
1350
1708
2556
812
2592
2244
1679
912
1583
809
974
2385
1357
2305
2681
2069
1784
1621
2584
1079
2608
582
1031
946
1630
1226
2055
2663
2773
2339
82
2074
1321
2015
1570
2879
367
1220
963
1676
2737
603
2203
2024
2097
1280
178
675
1396
1883
2085
194
2133
2101
512
2647
2876
1510
50
2833
2923
63
2228
2182
450
2658
791
172
1407
1438
510
1614
2231
1107
1544
1200
2742
2557
275
1704
1803
1126
886
1116
2343
806
620
2236
37
1852
599
2487
2532
327
2930
254
2021
1144
1012
338
1531
1166
1751
583
1622
727
641
1442
538
2873
25
2407
2459
1517
1170
2473
75
1067
1539
557
904
2462
857
2012
2327
585
1502
2816
2808
2491
6
2640
2484
1970
173
1920
1720
801
1880
1933
1383
1064
2163
2631
412
554
2047
2413
2599
2616
1944
1934
1096
2801
1315
2802
188
626
2440
1482
842
1071
2426
1065
1480
909
1038
356
514
206
1664
1052
2091
2452
660
2408
1786
1551
1033
205
1639
1252
1984
1863
408
2840
985
306
96
2472
1244
2562
161
1796
1572
752
2939
1558
1333
1690
59
605
2191
2312
227
1455
2613
2210
2518
1889
257
2892
2629
1781
580
1799
2
1921
1509
1213
215
1785
339
1128
1991
1380
2759
1682
1987
2363
1957
1493
1962
2330
2788
877
2359
2621
1955
2700
2382
12
1372
667
425
1007
547
1585
2552
199
693
1949
2936
1902
263
2750
2554
802
2585
2114
2606
1086
840
1044
704
1247
1686
629
1365
467
51
2885
2009
405
472
1268
1649
202
670
1924
2581
1888
413
2146
1993
2762
18
819
518
2543
1619
2199
1212
1037
631
2880
2701
1534
684
1262
2919
2508
661
1711
1149
2067
1533
1833
2627
130
820
1433
2437
1286
706
2778
1826
2058
1982
592
2411
2352
1465
457
1561
868
1409
2086
453
441
1824
2597
1932
872
2183
2135
669
1758
860
2087
2687
2635
662
1049
2593
2883
428
490
1399
1492
2674
496
712
1749
633
1292
2302
2081
69
596
187
34
875
829
1634
2937
2005
1692
2851
2297
887
2751
2147
2257
1535
2136
968
795
427
652
856
683
1238
2838
2023
1199
1387
2457
186
97
960
2542
1536
349
2941
1735
1158
1285
261
17
945
390
1490
677
385
2591
1897
234
155
2721
2240
440
2928
2540
2450
101
2688
839
1516
2768
853
1334
2863
651
1604
1584
1865
1218
1668
1768
1425
2153
1822
2121
2798
2346
524
264
1648
157
210
1887
2822
1592
2268
2165
663
452
2035
73
955
1401
2576
201
2819
381
2901
240
1503
2510
830
505
625
2325
2535
735
1981
1018
64
81
1189
1231
1515
230
1667
1818
480
555
2731
394
1549
241
579
2723
1060
1537
2016
1958
2019
1611
1210
314
140
2515
2432
1368
1362
1580
2345
1635
890
1491
2107
2271
2332
243
353
2448
2004
1831
2856
618
1391
615
2423
136
244
1683
1266
654
2695
1684
2521
2465
283
1449
2215
437
2282
2520
920
1119
2274
2646
713
1705
1230
304
1485
1080
2812
213
1483
1594
2670
223
2316
2780
786
1736
1575
916
398
798
1236
588
2579
2098
2134
508
570
99
214
368
835
2596
2842
2206
803
1836
1253
1815
744
1390
2221
642
1047
665
1375
2668
2704
1143
2699
2588
2779
1829
655
2770
2760
2910
1501
1555
1565
2150
1131
1261
1400
790
2309
1377
132
545
576
411
2766
2694
1983
247
1398
2878
749
777
430
2680
1546
2060
2313
1563
2740
1849
1809

