1 0
2 0
3 0
4 1
5 0
6 0
7 0
8 0
9 0
10 1
11 0
12 0
13 1
14 1
15 0
16 0
17 0
18 0
19 0
20 0
21 0
22 1
23 0
24 0
25 1
26 0
27 0
28 1
29 1
30 0
31 1
32 0
33 0
34 1
35 1
36 0
37 1
38 0
39 1
40 0
41 1
42 1
43 0
44 0
45 1
46 0
47 1
48 1
49 0
50 1
51 0
52 0
53 1
54 0
55 1
56 1
57 0
58 0
59 0
60 0
61 1
62 1
63 0
64 1
65 1
66 0
67 0
68 1
69 1
70 0
71 0
72 1
73 1
74 1
75 1
76 0
77 0
78 0
79 0
80 1
81 1
82 1
83 0
84 0
85 1
86 0
87 1
88 0
89 1
90 0
91 1
92 1
93 0
94 0
95 1
96 0
97 1
98 1
99 1
100 1
101 1
102 0
103 1
104 1
105 0
106 1
107 1
108 1
109 0
110 1
111 1
112 1
113 1
114 0
115 1
116 1
117 1
118 0
119 1
120 1
121 1
122 0
123 1
124 0
125 1
126 0
127 0
128 1
129 1
130 1
131 1
132 1
133 0
134 0
135 0
136 1
137 0
138 0
139 1
140 0
141 0
142 0
143 1
144 1
145 1
146 1
147 0
148 0
149 0
150 0
151 1
152 1
153 0
154 0
155 0
156 1
157 1
158 0
159 1
160 0
161 1
162 1
163 1
164 0
165 1
166 1
167 0
168 0
169 1
170 1
171 1
172 1
173 0
174 0
175 1
176 1
177 1
178 0
179 0
180 1
181 1
182 1
183 0
184 0
185 1
186 0
187 1
188 0
189 1
190 1
191 0
192 0
193 1
194 1
195 0
196 1
197 1
198 1
199 0
200 1
201 1
202 0
203 0
204 0
205 1
206 0
207 0
208 0
209 1
210 0
211 0
212 1
213 1
214 0
215 0
216 1
217 1
218 1
219 0
220 1
221 1
222 1
223 0
224 1
225 1
226 1
227 1
228 1
229 0
230 0
231 0
232 1
233 1
234 0
235 0
236 1
237 0
238 0
239 0
240 0
241 1
242 0
243 0
244 0
245 1
246 1
247 0
248 0
249 1
250 1
251 1
252 0
253 0
254 0
255 0
256 0
257 0
258 0
259 0
260 0
261 0
262 1
263 1
264 0
265 1
266 1
267 0
268 1
269 0
270 1
271 1
272 0
273 1
274 0
275 1
276 1
277 0
278 0
279 1
280 0
281 0
282 1
283 0
284 0
285 0
286 0
287 0
288 1
289 1
290 1
291 1
292 0
293 0
294 0
295 1
296 0
297 0
298 0
299 0
300 0
301 0
302 1
303 1
304 1
305 1
306 0
307 1
308 0
309 0
310 0
311 1
312 1
313 1
314 1
315 1
316 0
317 0
318 1
319 1
320 0
321 0
322 1
323 0
324 0
325 0
326 0
327 0
328 1
329 0
330 0
331 1
332 0
333 0
334 0
335 0
336 0
337 1
338 1
339 1
340 1
341 1
342 1
343 0
344 1
345 0
346 1
347 0
348 0
349 1
350 1
351 0
352 0
353 1
354 0
355 1
356 1
357 1
358 1
359 1
360 1
361 0
362 0
363 0
364 0
365 0
366 1
367 1
368 1
369 1
370 1
371 0
372 1
373 0
374 0
375 1
376 0
377 0
378 0
379 1
380 0
381 0
382 0
383 0
384 0
385 0
386 1
387 0
388 0
389 1
390 1
391 0
392 1
393 1
394 1
395 0
396 1
397 0
398 0
399 1
400 1
401 0
402 0
403 1
404 1
405 0
406 0
407 0
408 0
409 1
410 1
411 0
412 0
413 1
414 0
415 0
416 1
417 0
418 1
419 1
420 0
421 0
422 1
423 1
424 1
425 0
426 0
427 0
428 0
429 1
430 0
431 1
432 0
433 1
434 1
435 0
436 0
437 1
438 0
439 0
440 1
441 1
442 1
443 1
444 1
445 1
446 1
447 0
448 0
449 1
450 0
451 0
452 0
453 1
454 1
455 0
456 1
457 0
458 0
459 0
460 1
461 0
462 0
463 1
464 0
465 0
466 0
467 0
468 1
469 1
470 0
471 0
472 0
473 1
474 1
475 0
476 1
477 1
478 0
479 1
480 0
481 0
482 1
483 0
484 0
485 1
486 0
487 0
488 0
489 1
490 0
491 0
492 0
493 0
494 0
495 0
496 0
497 1
498 0
499 1
500 1
501 0
502 0
503 1
504 0
505 1
506 0
507 1
508 1
509 0
510 1
511 0
512 1
513 0
514 0
515 1
516 1
517 0
518 1
519 0
520 1
521 0
522 0
523 0
524 0
525 1
526 0
527 0
528 1
529 1
530 0
531 1
532 1
533 0
534 0
535 1
536 1
537 0
538 1
539 0
540 1
541 1
542 1
543 0
544 1
545 1
546 1
547 0
548 1
549 0
550 1
551 0
552 1
553 1
554 1
555 0
556 0
557 1
558 1
559 0
560 0
561 0
562 0
563 1
564 0
565 0
566 0
567 1
568 0
569 1
570 1
571 1
572 1
573 1
574 1
575 1
576 0
577 0
578 1
579 1
580 1
581 0
582 1
583 0
584 1
585 1
586 1
587 0
588 0
589 0
590 1
591 1
592 1
593 1
594 1
595 0
596 1
597 1
598 0
599 0
600 0
601 1
602 1
603 0
604 1
605 0
606 0
607 1
608 1
609 0
610 1
611 1
612 1
613 1
614 0
615 1
616 0
617 0
618 1
619 1
620 0
621 0
622 1
623 0
624 0
625 0
626 1
627 0
628 1
629 1
630 0
631 1
632 1
633 1
634 1
635 0
636 0
637 0
638 1
639 0
640 1
641 0
642 1
643 0
644 1
645 1
646 0
647 0
648 0
649 1
650 0
651 0
652 0
653 0
654 0
655 0
656 0
657 1
658 0
659 1
660 1
661 1
662 1
663 0
664 0
665 0
666 1
667 1
668 0
669 0
670 1
671 1
672 0
673 1
674 1
675 0
676 0
677 1
678 1
679 1
680 1
681 1
682 1
683 1
684 0
685 0
686 0
687 1
688 1
689 0
690 0
691 0
692 1
693 0
694 1
695 0
696 0
697 0
698 1
699 0
700 1
701 0
702 0
703 0
704 1
705 0
706 1
707 1
708 1
709 1
710 0
711 0
712 1
713 1
714 1
715 0
716 0
717 0
718 1
719 1
720 0
721 1
722 1
723 0
724 1
725 0
726 0
727 0
728 1
729 0
730 1
731 0
732 1
733 0
734 0
735 0
736 1
737 1
738 0
739 1
740 1
741 0
742 0
743 1
744 1
745 1
746 0
747 0
748 0
749 0
750 1
751 0
752 0
753 1
754 0
755 1
756 1
757 1
758 1
759 1
760 1
761 0
762 0
763 1
764 1
765 1
766 1
767 1
768 1
769 0
770 0
771 0
772 1
773 0
774 0
775 0
776 0
777 0
778 1
779 1
780 0
781 0
782 1
783 0
784 1
785 0
786 0
787 0
788 1
789 0
790 1
791 1
792 1
793 0
794 0
795 1
796 0
797 1
798 1
799 1
800 1
801 0
802 1
803 0
804 0
805 1
806 1
807 1
808 1
809 1
810 1
811 1
812 1
813 0
814 0
815 0
816 0
817 0
818 1
819 0
820 0
821 1
822 0
823 0
824 1
825 0
826 1
827 1
828 1
829 1
830 1
831 1
832 1
833 1
834 0
835 1
836 1
837 1
838 0
839 1
840 1
841 1
842 1
843 0
844 0
845 1
846 0
847 1
848 1
849 1
850 1
851 0
852 0
853 0
854 0
855 1
856 0
857 1
858 0
859 0
860 1
861 1
862 1
863 1
864 1
865 1
866 1
867 0
868 0
869 0
870 0
871 1
872 0
873 1
874 0
875 0
876 1
877 0
878 1
879 1
880 0
881 1
882 0
883 0
884 1
885 1
886 1
887 0
888 1
889 1
890 1
891 1
892 1
893 0
894 0
895 1
896 0
897 0
898 1
899 1
900 0
901 0
902 1
903 1
904 0
905 1
906 0
907 0
908 0
909 0
910 0
911 0
912 1
913 1
914 1
915 1
916 0
917 1
918 1
919 1
920 0
921 1
922 0
923 1
924 1
925 0
926 0
927 0
928 0
929 0
930 1
931 1
932 1
933 0
934 1
935 1
936 1
937 1
938 1
939 1
940 0
941 1
942 0
943 1
944 0
945 1
946 0
947 1
948 0
949 1
950 1
951 1
952 1
953 1
954 1
955 1
956 0
957 1
958 0
959 1
960 0
961 0
962 0
963 0
964 1
965 1
966 1
967 1
968 0
969 1
970 1
971 0
972 0
973 1
974 0
975 1
976 0
977 1
978 0
979 1
980 0
981 1
982 0
983 0
984 0
985 1
986 1
987 0
988 1
989 0
990 0
991 0
992 0
993 0
994 1
995 1
996 0
997 1
998 0
999 1
1000 0
1001 1
1002 0
1003 0
1004 1
1005 1
1006 0
1007 0
1008 0
1009 0
1010 0
1011 0
1012 1
1013 0
1014 0
1015 1
1016 1
1017 0
1018 1
1019 1
1020 1
1021 0
1022 0
1023 0
1024 0
1025 0
1026 0
1027 0
1028 0
1029 1
1030 1
1031 1
1032 1
1033 0
1034 1
1035 1
1036 1
1037 1
1038 1
1039 1
1040 0
1041 1
1042 0
1043 1
1044 0
1045 1
1046 0
1047 1
1048 0
1049 0
1050 0
1051 1
1052 1
1053 1
1054 1
1055 0
1056 1
1057 1
1058 1
1059 0
1060 0
1061 0
1062 0
1063 0
1064 1
1065 0
1066 0
1067 1
1068 1
1069 1
1070 0
1071 1
1072 0
1073 1
1074 1
1075 0
1076 0
1077 0
1078 0
1079 0
1080 1
1081 0
1082 0
1083 1
1084 0
1085 1
1086 1
1087 1
1088 0
1089 1
1090 0
1091 0
1092 0
1093 1
1094 0
1095 1
1096 1
1097 0
1098 1
1099 1
1100 0
1101 0
1102 0
1103 0
1104 0
1105 0
1106 0
1107 0
1108 0
1109 0
1110 0
1111 0
1112 1
1113 1
1114 1
1115 0
1116 0
1117 0
1118 1
1119 1
1120 1
1121 0
1122 0
1123 0
1124 1
1125 1
1126 0
1127 1
1128 1
1129 1
1130 1
1131 1
1132 1
1133 1
1134 1
1135 1
1136 0
1137 1
1138 0
1139 0
1140 0
1141 0
1142 0
1143 1
1144 1
1145 0
1146 0
1147 0
1148 0
1149 1
1150 1
1151 0
1152 0
1153 0
1154 0
1155 1
1156 1
1157 0
1158 0
1159 1
1160 1
1161 0
1162 0
1163 0
1164 1
1165 1
1166 1
1167 0
1168 0
1169 1
1170 0
1171 1
1172 0
1173 0
1174 0
1175 0
1176 0
1177 0
1178 0
1179 0
1180 1
1181 0
1182 1
1183 0
1184 1
1185 1
1186 1
1187 1
1188 0
1189 1
1190 0
1191 0
1192 0
1193 0
1194 0
1195 1
1196 0
1197 0
1198 0
1199 1
1200 1
1201 1
1202 1
1203 1
1204 0
1205 0
1206 0
1207 0
1208 0
1209 0
1210 1
1211 0
1212 1
1213 0
1214 1
1215 0
1216 1
1217 0
1218 1
1219 1
1220 1
1221 1
1222 0
1223 0
1224 0
1225 1
1226 0
1227 1
1228 1
1229 1
1230 0
1231 0
1232 1
1233 1
1234 1
1235 0
1236 0
1237 1
1238 0
1239 1
1240 0
1241 1
1242 1
1243 1
1244 0
1245 0
1246 0
1247 0
1248 0
1249 1
1250 1
1251 0
1252 0
1253 1
1254 1
1255 1
1256 0
1257 0
1258 1
1259 0
1260 1
1261 0
1262 0
1263 1
1264 0
1265 1
1266 1
1267 1
1268 0
1269 1
1270 1
1271 0
1272 0
1273 1
1274 1
1275 0
1276 1
1277 0
1278 1
1279 1
1280 1
1281 1
1282 1
1283 1
1284 0
1285 1
1286 0
1287 1
1288 1
1289 0
1290 0
1291 1
1292 1
1293 1
1294 1
1295 1
1296 0
1297 0
1298 1
1299 1
1300 0
1301 1
1302 1
1303 1
1304 1
1305 0
1306 0
1307 0
1308 1
1309 0
1310 1
1311 0
1312 0
1313 1
1314 1
1315 0
1316 1
1317 1
1318 0
1319 1
1320 1
1321 1
1322 0
1323 1
1324 0
1325 1
1326 1
1327 1
1328 0
1329 1
1330 1
1331 0
1332 1
1333 0
1334 1
1335 0
1336 1
1337 1
1338 0
1339 1
1340 1
1341 1
1342 0
1343 0
1344 0
1345 0
1346 1
1347 0
1348 0
1349 0
1350 0
1351 1
1352 1
1353 0
1354 1
1355 0
1356 1
1357 0
1358 0
1359 1
1360 0
1361 1
1362 0
1363 1
1364 1
1365 1
1366 1
1367 1
1368 0
1369 0
1370 0
1371 0
1372 1
1373 0
1374 0
1375 1
1376 1
1377 0
1378 1
1379 1
1380 1
1381 0
1382 1
1383 1
1384 1
1385 0
1386 1
1387 1
1388 0
1389 1
1390 1
1391 1
1392 0
1393 1
1394 1
1395 0
1396 0
1397 0
1398 0
1399 0
1400 0
1401 0
1402 1
1403 0
1404 0
1405 0
1406 0
1407 1
1408 1
1409 1
1410 1
1411 1
1412 1
1413 0
1414 1
1415 0
1416 0
1417 0
1418 0
1419 0
1420 0
1421 0
1422 0
1423 1
1424 1
1425 1
1426 1
1427 1
1428 1
1429 0
1430 0
1431 1
1432 1
1433 0
1434 0
1435 1
1436 1
1437 0
1438 0
1439 1
1440 1
1441 0
1442 1
1443 1
1444 1
1445 1
1446 0
1447 1
1448 1
1449 0
1450 1
1451 1
1452 0
1453 0
1454 0
1455 0
1456 1
1457 0
1458 1
1459 0
1460 1
1461 1
1462 1
1463 0
1464 0
1465 0
1466 1
1467 1
1468 1
1469 0
1470 0
1471 1
