2840
2910
798
2309
749
173
567
227
2389
2681
117
2556
21
1333
664
980
918
2432
901
2590
146
1598
1800
1144
1010
1494
1490
14
2516
690
736
524
2863
516
2569
958
2009
33
1238
84
170
1248
1045
2629
550
1672
2350
116
1673
2838
2593
416
1376
869
846
1251
2862
2740
2203
1902
1733
43
999
2598
1894
1851
469
2774
313
1439
609
425
1115
2617
186
303
1945
2715
1483
39
2129
1924
273
1532
753
1405
2334
1443
2072
259
1934
1277
250
1571
541
1149
1792
1007
1011
243
190
2748
2885
508
537
2686
208
695
2789
787
992
2489
1614
1401
142
1180
2697
2521
37
207
326
199
174
1786
740
427
85
2720
109
850
226
459
1998
2819
490
2447
138
464
588
955
2627
2366
2254
1113
1776
1440
2572
2485
2906
1670
2370
2936
2229
1227
383
1041
258
2244
2096
2814
2469
1515
373
344
745
1161
2172
2529
1326
1693
2326
204
528
450
1100
711
1629
2919
50
643
611
2719
1573
2932
2340
1903
1463
2098
2757
2427
1475
1710
1173
2063
1617
1085
777
2283
1948
2141
1864
1348
94
1157
345
1183
1838
1418
1740
1668
2901
2798
67
2824
889
2188
2158
68
1780
725
2851
1448
936
1051
2644
2806
2245
1608
1667
2332
661
2269
884
1291
2337
96
1109
2883
1491
754
802
1746
1558
669
1231
1498
1782
331
1445
1395
2494
441
480
2135
935
2089
363
2734
820
1516
1883
1663
1292
756
1339
61
660
192
996
1283
1063
1731
666
1700
1966
842
260
2373
1154
2744
2649
168
966
1476
322
1899
2692
251
2614
1658
268
2574
361
1023
903
512
393
590
1508
1319
2674
1009
883
2375
1564
2220
2429
1042
1246
1897
971
1454
1830
314
2307
1526
608
594
115
1781
672
983
1477
1412
444
723
1203
1027
2108
1846
1166
1768
1391
438
2061
1606
2490
271
2011
2605
1877
6
1323
1874
656
2
925
945
2116
1530
1845
2565
1921
2378
1505
1939
2854
175
2654
2363
1758
1021
2045
2223
1826
201
2387
2304
2278
1814
1973
262
2336
530
2247
1553
670
1834
1992
2156
1102
1843
2412
2345
1569
332
1304
1332
2911
904
2659
1689
1972
768
1474
2542
63
2615
653
124
1028
1264
2763
11
2151
2287
1073
1536
1399
1559
2461
2675
780
213
2177
1540
1937
663
1581
2869
496
915
822
1511
2865
2021
336
1245
691
607
1619
1278
2179
2160
832
2145
2457
931
2080
2015
144
2082
95
2020
1131
2253
871
1537
240
560
2562
143
2661
1012
1289
1908
2597
16
1796
1495
1446
2462
1068
1802
2915
1025
1127
1471
2551
2371
699
2668
2703
927
135
2243
2035
1855
1403
542
2274
52
439
2707
810
2587
1295
2074
1704
366
576
1223
1101
2280
1582
395
1253
388
1905
2437
2536
2484
2655
557
665
529
38
1171
1999
2341
1201
1794
139
323
386
1913
49
1574
1240
748
256
2349
1020
1198
1866
505
106
2122
2237
2634
705
2308
865
1413
2924
2523
454
2201
863
1682
1005
2367
1377
128
757
523
2547
2761
1751
1936
1093
586
495
217
1849
2267
1703
511
378
580
1761
680
662
2046
2027
2186
602
2303
1612
2197
1717
2938
2568
1601
1642
2812
632
1657
1038
1698
1014
1116
286
2808
1267
2688
993
631
493
1380
1630
1209
1789
2231
615
2058
698
2743
2708
2709
688
2702
1580
26
625
2456
507
2527
2071
397
1766
1235
1513
1300
2476
46
2227
2271
437
2103
2739
389
1462
2834
1257
1464
1427
968
110
2064
2248
1381
1547
1315
1646
1090
2717
2346
2685
1261
2025
502
223
309
1719
1982
1481
2671
2706
200
1356
2301
2841
1174
1
3
2825
1647
1368
892
1712
385
1652
2939
205
2502
1207
2010
2530
2716
2037
2333
510
2504
2325
1635
2355
1644
141
197
1895
20
1979
1327
2732
1926
1437
2783
381
2036
2417
960
1432
719
501
771
1392
228
2053
237
2396
616
1785
1752
1627
908
2128
803
1726
1108
565
419
2335
946
600
1456
1214
2360
1570
1019
563
713
2338
513
1061
854
406
1862
1018
1229
629
302
1237
1265
921
2232
1952
1043
428
994
319
176
2830
1112
355
1152
289
2636
630
1086
1506
2170
47
2043
1578
401
1224
693
984
864
2704
328
413
2652
675
1783
2434
924
1828
778
290
1016
434
1760
2372
2017
2855
1258
1478
855
1847
1575
1815
1750
1592
1867
2892
167
368
299
185
1963
953
105
2305
2239
2317
964
1301
2555
2895
181
64
1804
1177
1891
622
2900
1485
1875
975
2466
1244
1900
2610
845
1281
465
285
876
2440
668
1584
2106
2492
1284
2380
2019
1729
1407
1842
421
2864
2483
371
2736
93
2079
732
827
1949
2648
486
1076
792
295
900
1873
547
405
1955
1771
1072
1831
1681
1859
1666
275
988
1597
612
215
902
2633
2453
130
1579
2013
729
1188
1249
2351
2747
2934
1759
1980
2124
639
362
671
1276
2150
453
1205
2054
2210
559
35
570
2056
123
2710
2835
2029
788
2639
595
1512
648
1735
823
2925
1069
2383
2641
1825
1956
1632
2140
1458
573
2728
1370
2171
2887
1699
1641
2102
2057
821
613
2319
488
1142
1000
114
2768
831
189
1546
1562
2714
318
2506
2751
728
292
963
2130
758
1701
939
1275
1795
1918
2194
178
1122
2712
2312
2353
1461
2678
741
2323
2252
1055
339
1024
330
2164
2465
829
2666
937
1255
2899
320
1747
2320
1708
551
2049
159
774
360
2422
1844
152
877
1730
520
2930
839
2543
2816
1298
2680
683
1008
2347
2439
1408
297
1084
1951
2409
1811
1778
254
2110
684
1890
1132
2016
479
2310
239
515
2041
646
2769
140
800
1175
164
30
2583
216
2594
833
2364
307
2777
2637
2189
1837
88
2564
2257
56
2376
1310
978
231
2260
1528
2907
881
1906
1876
1869
848
1521
2718
657
568
1192
1552
2793
702
1835
1539
1910
2192
782
2241
2487
1818
2091
1492
847
1441
1968
2754
481
1943
2297
352
2459
350
2927
202
2746
338
2501
1202
604
882
2473
1406
169
10
2486
462
1488
2498
131
1452
1987
1711
1270
1199
1172
1734
1233
171
270
1208
1036
301
1469
1428
1309
1975
277
410
2100
1263
2207
1470
214
2275
1254
858
868
2791
1056
1567
92
944
652
429
12
1649
1728
2731
1325
255
224
423
1817
2531
853
1853
2125
2258
1003
478
922
2032
470
55
2882
376
1006
431
685
1058
1714
2109
179
1260
1271
1185
2557
1958
298
1671
468
1411
579
2421
536
890
812
2853
596
1920
2357
554
2299
1727
1749
2496
2093
1965
1273
2471
1324
1757
2852
1640
2764
1358
1004
77
2790
1266
2518
1655
283
2162
111
1156
2711
2916
69
315
866
1279
961
2599
1079
1074
4
485
982
1345
1836
1600
2184
2328
2359
1013
1053
1857
1306
1455
1588
566
2277
2481
1195
2559
2669
545
2795
2613
1497
2250
132
2827
432
2467
837
2190
2724
773
2246
1499
1357
610
1311
1050
548
2448
1190
154
2385
1220
1363
2119
118
1639
2391
2030
2062
1551
42
555
533
2792
53
2004
2727
2509
1095
2464
2752
2618
311
1193
2667
973
746
2737
645
482
2088
1858
687
930
546
543
673
784
875
1888
1296
752
2742
1103
1044
2403
794
165
2146
1709
2398
979
1335
714
1566
15
1387
581
396
2384
2086
849
951
1852
2408
686
2450
1868
191
2797
2866
304
591
2211
1950
1538
531
2891
2420
230
947
706
1930
2511
1620
2879
82
692
1126
909
1969
2693
2441
1451
2690
1419
1878
162
203
1409
5
1297
308
2270
997
74
2228
577
45
2279
525
1052
1527
1865
1059
2600
440
1075
1299
1599
433
2694
2902
122
2288
2455
2874
1082
1433
781
2284
677
2904
995
2889
1128
75
1960
1870
2804
913
1560
2880
2917
2890
1417
1114
1616
1754
817
1990
2823
2291
2856
2286
222
1071
2055
1628
44
1030
2418
1147
1168
1984
1290
1099
187
730
2154
926
72
769
1544
233
2176
2553
627
2482
1421
767
2815
1176
593
814
2038
667
2163
1444
948
2722
1385
2584
2733
229
603
535
549
36
1322
2881
2493
828
2772
2525
220
717
2677
1111
742
640
2630
1274
2622
127
2844
2859
2545
2178
2095
346
455
341
90
1933
147
808
1755
731
1996
1524
933
819
1583
248
770
676
1420
2656
267
897
1607
1694
2478
2425
2406
2369
1241
2180
2767
375
2528
2251
71
1372
2842
1543
701
2078
1404
1269
880
1932
1359
1057
2358
1695
1545
2608
126
2723
2805
2935
2660
1510
879
712
806
1425
59
977
499
733
1803
2076
194
1707
1861
2658
2300
2472
108
1602
518
2766
818
2937
129
1136
1414
760
1468
775
1078
1625
420
1031
2235
2811
1473
1533
436
2281
574
825
1493
2657
2452
1336
1286
634
840
2621
1529
910
2413
266
103
1480
517
2411
1186
1665
2609
415
934
2060
473
1901
261
2402
1549
1753
888
279
1472
2405
2616
1092
1354
288
1143
1653
601
1885
1732
1394
1724
739
2134
177
1793
597
2505
1557
1645
2524
291
2393
80
1762
249
306
1915
2651
1589
2059
456
2302
2586
1525
1067
2379
1453
718
2218
484
2436
957
1314
163
709
2839
2913
1986
641
2202
1210
2589
857
2087
2233
2861
1959
738
2741
2155
2596
1181
2765
916
198
1631
156
2756
985
552
2001
1374
17
1661
2435
2225
2295
1328
1935
1678
102
2404
1138
1687
2926
2104
1904
1178
1942
247
2321
60
2114
2066
212
2065
443
18
28
392
1622
1756
2298
1039
1648
1364
325
430
2635
906
2003
1784
280
1983
358
522
2567
209
1572
353
2591
1457
2803
1184
1153
1938
1819
761
556
2085
710
2215
1624
2175
2638
1307
1706
1119
112
2014
2101
2563
956
1346
1212
1748
1692
2468
2242
2296
614
2183
390
1206
893
2212
1962
2646
2115
2224
2099
409
2612
950
2475
2650
70
1927
765
1907
1603
2876
2438
2578
1123
941
2809
2240
2152
804
294
2181
852
2749
642
245
1341
91
2000
2695
2663
408
2204
583
2394
500
2700
763
1062
805
506
2401
2430
1669
1660
1129
2784
905
750
2802
743
1690
2576
562
2226
651
1609
27
498
66
391
343
1696
1482
1398
367
461
2515
1179
2073
2554
1350
807
2497
1744
1798
253
1001
2479
452
125
1287
2169
1770
929
649
377
370
1854
357
976
1218
2623
815
65
2289
2533
1351
1312
1850
1219
1239
1688
1361
2255
1438
348
679
1280
1215
1355
2199
737
1718
1555
860
252
193
337
2508
2042
2875
2522
19
2745
2670
296
1860
2200
497
844
2193
2133
2750
2931
471
878
1833
1121
1268
703
442
1503
1565
2837
2138
2582
22
414
2474
2416
333
859
284
134
2092
1621
2698
1662
2221
2676
1165
838
236
58
2909
54
2094
2604
1426
1922
2753
1824
1424
1916
2081
1158
1384
2386
1638
1211
1896
2775
324
487
1978
2216
2831
2550
795
2878
811
1145
1234
940
1442
1170
182
150
2873
1763
2771
790
952
2354
2532
1133
1431
2460
312
571
424
2148
907
1808
1189
540
359
2580
2807
766
1302
1664
1871
269
1163
582
1680
1742
449
2691
489
1460
589
1651
2503
310
872
1679
1799
2157
349
998
1308
2894
2147
340
407
2077
1272
2205
2822
2330
1197
1957
180
149
1373
1610
402
2548
783
1141
446
2647
2051
654
2665
1029
372
1204
1216
1912
448
133
2117
1479
2048
1169
561
1909
1993
1434
526
1605
1686
2449
650
1450
2159
2428
2149
1522
2500
2843
1880
1465
2738
606
2871
2705
73
1985
2488
598
2918
316
2903
2137
1015
1509
1821
689
899
726
1715
797
1344
722
1967
1400
188
2230
1886
2112
974
1313
1769
2640
816
1520
1523
1590
1713
972
2760
2813
2166
1809
2821
891
1140
681
1496
300
990
365
1360
2683
2470
2537
86
2577
1736
1160
735
2290
894
861
2571
172
2588
2779
532
943
1026
1352
2111
2762
475
2759
1970
2514
1889
2896
1550
34
1593
1388
2833
1146
1813
2292
257
1691
1221
1947
79
417
411
2069
467
321
474
2788
1447
57
1337
32
1741
2642
1259
2535
2185
1316
2392
2829
1340
399
1083
2491
2113
1247
619
2872
1805
2794
2399
1548
287
2477
867
1046
2539
504
113
2886
1342
2921
578
1137
1604
1410
678
1228
2005
1917
2620
1872
623
347
196
724
403
1436
789
2256
2105
1225
1293
1995
384
1820
2534
1489
1991
89
1806
1535
2173
2696
870
1162
2238
2118
242
2361
942
210
1554
618
1840
1561
264
2729
779
351
1466
2026
1595
873
885
281
1971
986
1353
1037
959
1643
987
2632
1964
1941
1120
1429
9
1531
2800
211
1777
2182
1343
954
2217
120
40
1282
1788
1077
896
697
1164
1252
1366
219
1369
965
1507
813
1294
2684
2781
335
1105
195
1362
1397
2285
2519
1097
762
100
2070
183
836
1856
2512
707
1243
2579
2606
1940
1331
553
534
83
2787
463
2687
2282
1070
87
2261
2039
887
1066
1371
1242
585
1832
2799
107
1882
1596
305
1767
153
527
2040
1591
1089
97
1118
2817
472
1997
791
1623
1321
2219
1501
2121
2047
1977
1534
1725
734
2143
221
2645
2161
1200
2847
2796
2848
2028
2463
1650
1863
694
1378
759
2928
2451
2050
1500
793
2780
460
1773
932
2263
851
2933
1827
592
1953
720
1618
564
1974
636
158
2002
991
809
2191
2023
970
24
494
1563
1150
989
394
98
282
2131
2075
2507
374
2480
1898
2431
969
2132
2259
1285
31
1288
2433
2721
2940
2314
1775
2832
2268
1556
912
1256
1422
659
1250
2857
137
2343
1738
2423
747
744
1379
41
2540
1517
1822
2672
1677
2362
2426
2265
2018
246
509
1994
2585
2368
776
2785
1791
1081
1151
1519
1576
1702
1080
1514
2342
2187
1976
1230
2826
785
2395
81
265
801
477
491
938
2770
1134
624
2845
727
584
1167
2356
2625
2442
334
412
2415
2153
2914
1033
2546
1087
843
25
2033
2592
104
2365
898
1745
1683
1088
398
1094
2573
923
1772
1047
1148
962
2007
1929
572
2214
476
1402
2735
1329
538
278
834
2444
369
2941
184
244
2725
2445
1911
8
2820
2400
633
1816
700
1634
2701
1191
218
2198
2699
2776
2495
356
2249
457
2446
235
274
1881
830
2273
387
2877
157
2097
2898
1797
2222
1155
1467
824
166
2414
2397
2922
2322
2893
1367
1347
2624
1449
119
2352
1236
1892
1035
1091
704
400
380
647
1217
1389
1615
521
2209
1946
2828
637
1065
1040
1459
2786
2643
1636
1720
1415
2867
2713
2142
241
1626
1923
2377
917
1541
1262
856
2908
674
1393
1096
2570
76
2331
1568
1196
2619
721
2165
145
1829
29
1586
2410
2601
2276
2293
2127
2084
914
2196
1502
1060
234
1685
1654
2327
1124
225
1049
2603
2626
2458
2679
1226
2208
1737
1723
2549
1790
451
2407
2311
1743
2206
2382
2388
605
2419
2068
1637
2083
599
1375
2513
1213
1486
1587
1812
2868
2294
2755
751
1064
272
2888
121
2168
1194
2174
2315
2726
2510
1303
981
48
2602
2067
1684
2318
1739
1779
2195
2266
2329
2544
1989
2595
799
151
2581
1048
1879
2381
1435
2520
895
2120
1839
2424
327
2139
2810
1130
655
519
447
2664
458
2858
51
1187
148
1764
1928
1117
1125
715
7
2920
628
62
2870
0
1810
658
764
1705
2167
2136
2234
558
329
835
2052
2773
1135
587
2517
2107
514
1305
2782
136
1110
1034
2923
2306
1232
2538
575
2526
1396
1823
2031
644
1182
1722
1022
682
422
1032
2541
2390
1656
2499
1484
503
1893
1954
2374
1848
1914
1002
1330
238
949
786
911
276
1423
1104
1334
2126
2912
1887
2884
2730
1884
1801
364
2818
544
2850
1518
2008
2264
426
539
1365
99
2558
1716
2044
1807
1054
1676
1919
2673
2348
2316
621
2024
1787
1338
2034
1774
2607
919
2022
2575
382
2561
1222
886
2552
354
101
1159
626
920
2860
1318
160
841
708
2836
696
1139
2566
755
635
569
1925
1611
2628
826
2236
1017
1585
1383
1107
1487
1944
1349
874
716
1841
1317
862
1988
2801
263
1721
617
2443
2631
2123
1386
2905
161
1577
492
418
2849
2689
232
2344
1765
293
638
2213
206
2144
1633
483
2897
2313
1613
2006
155
1098
2662
1430
2611
1594
1674
404
1416
2272
1106
928
1675
1697
1542
1981
435
1390
379
23
2653
772
620
2778
796
2454
1320
2758
1961
1504
2846
2560
2682
2324
2012
317
1931
1382
2339
967
342
2090
2929
466
445
78
1659
13
2262

