1 1
2 1
3 1
4 1
5 1
6 1
7 1
8 1
9 1
10 1
11 1
12 1
13 1
14 1
15 1
16 1
17 1
18 1
19 1
20 1
21 1
22 1
23 1
24 1
25 1
26 1
27 1
28 1
29 1
30 1
31 1
32 1
33 1
34 1
35 1
36 1
37 1
38 1
39 1
40 1
41 1
42 1
43 1
44 1
45 1
46 0
47 0
48 0
49 0
50 0
51 0
52 0
53 1
54 1
55 0
56 1
57 0
58 1
59 1
60 1
61 1
62 1
63 1
64 0
65 0
66 0
67 0
68 0
69 0
70 0
71 0
72 0
73 0
74 0
75 0
76 0
77 1
78 0
79 0
80 0
81 0
82 0
83 0
84 0
85 0
86 0
87 0
88 0
89 0
90 0
91 0
92 0
93 0
94 0
95 0
96 0
97 0
98 0
99 0
100 0
101 0
102 0
103 0
104 1
105 1
106 1
107 1
108 1
109 1
110 1
111 1
112 1
113 1
114 1
115 1
116 1
117 1
118 1
119 0
120 0
121 0
122 0
123 0
124 1
125 1
126 1
127 1
128 1
129 0
130 0
131 1
132 0
133 0
134 1
135 1
136 1
137 0
138 0
139 0
140 1
141 1
142 1
143 0
144 0
145 0
146 0
147 0
148 0
149 0
150 0
151 0
152 1
153 0
154 0
155 1
156 1
157 0
158 1
159 0
160 1
161 1
162 0
163 0
164 1
165 0
166 1
167 0
168 0
169 0
170 0
171 0
172 0
173 0
174 0
175 0
176 0
177 1
178 1
179 1
180 1
181 1
182 1
183 1
184 0
185 0
186 0
187 0
188 0
189 0
190 0
191 1
192 1
193 1
194 1
195 0
196 0
197 0
198 0
199 1
200 1
201 1
202 1
203 0
204 0
205 0
206 0
207 1
208 0
209 0
210 0
211 0
212 0
213 0
214 0
215 0
216 0
217 0
218 0
219 0
220 0
221 0
222 0
223 0
224 0
225 1
226 1
227 1
228 1
229 1
230 1
231 1
232 1
233 1
234 1
235 1
236 1
237 1
238 1
239 1
240 1
241 1
242 1
243 1
244 1
245 1
246 0
247 0
248 0
249 0
250 0
251 0
252 0
253 0
254 0
255 1
256 1
257 0
258 0
259 1
260 1
261 1
262 1
263 1
264 1
265 1
266 1
267 0
268 0
269 0
270 0
271 0
272 1
273 1
274 1
275 1
276 1
277 0
278 1
279 0
280 0
281 0
282 1
283 1
284 1
285 1
286 1
287 1
288 1
289 1
290 0
291 0
292 0
293 0
294 0
295 0
296 1
297 0
298 1
299 0
300 1
301 1
302 0
303 0
304 0
305 0
306 1
307 1
308 1
309 1
310 1
311 1
312 0
313 0
314 0
315 0
316 0
317 0
318 0
319 0
320 0
321 0
322 0
323 1
324 1
325 1
326 1
327 1
328 1
329 1
330 1
331 1
332 1
333 1
334 1
335 1
336 1
337 0
338 0
339 0
340 0
341 1
342 1
343 0
344 0
345 1
346 0
347 1
348 0
349 1
350 0
351 1
352 0
353 1
354 0
355 1
356 0
357 1
358 0
359 1
360 0
361 1
362 0
363 1
364 0
365 1
366 0
367 0
368 0
369 0
370 1
371 0
372 1
373 0
374 1
375 0
376 1
377 0
378 0
379 0
380 1
381 1
382 1
383 0
384 0
385 0
386 1
387 1
388 0
389 0
390 0
391 0
392 0
393 0
394 0
395 0
396 0
397 0
398 0
399 0
400 0
401 0
402 0
403 0
404 0
405 0
406 0
407 0
408 0
409 0
410 0
411 0
412 0
413 0
414 0
415 0
416 0
417 0
418 0
419 0
420 0
421 0
422 0
423 0
424 0
425 0
426 0
427 0
428 0
429 0
430 0
431 0
432 0
433 0
434 0
435 0
436 0
437 0
438 0
439 0
440 0
441 0
442 0
443 0
444 0
445 0
446 1
447 0
448 1
449 0
450 1
451 0
452 1
453 0
454 1
455 1
456 0
457 1
458 0
459 1
460 0
461 0
462 0
463 1
464 0
465 0
466 0
467 1
468 1
469 1
470 1
471 1
472 1
473 1
474 1
475 1
476 1
477 1
478 0
479 0
480 0
481 1
482 0
483 1
484 0
485 1
486 1
487 1
488 1
489 0
490 0
491 1
492 0
493 1
494 0
495 0
496 0
497 0
498 0
499 0
500 0
501 1
502 0
503 1
504 1
505 0
506 0
507 1
508 1
509 1
510 0
511 0
512 0
513 0
514 1
515 1
516 1
517 1
518 0
519 0
520 0
521 0
522 0
523 1
524 0
525 1
526 0
527 1
528 0
529 1
530 0
531 1
532 0
533 0
534 0
535 0
536 0
537 0
538 0
539 0
540 0
541 0
542 0
543 0
544 0
545 0
546 0
547 0
548 0
549 0
550 0
551 0
552 0
553 0
554 0
555 1
556 0
557 1
558 0
559 0
560 1
561 0
562 0
563 0
564 1
565 0
566 1
567 1
568 0
569 1
570 1
571 1
572 0
573 0
574 0
575 0
576 1
577 0
578 0
579 0
580 0
581 1
582 1
583 0
584 1
585 0
586 1
587 1
588 1
589 0
590 0
591 1
592 1
593 0
594 0
595 0
596 1
597 1
598 1
599 1
600 0
601 0
602 0
603 0
604 1
605 1
606 1
607 1
608 1
609 0
610 0
611 1
612 1
613 1
614 0
615 0
616 0
617 0
618 1
619 1
620 0
621 0
622 0
623 1
624 1
625 0
626 0
627 0
628 0
629 0
630 1
631 0
632 0
633 0
634 0
635 0
636 1
637 0
638 1
639 0
640 1
641 0
642 0
643 1
644 1
645 0
646 0
647 1
648 0
649 0
650 0
651 1
652 1
653 0
654 0
655 1
656 0
657 1
658 0
659 0
660 1
661 0
662 0
663 0
664 1
665 1
666 1
667 0
668 0
669 0
670 1
671 0
672 1
673 0
674 1
675 0
676 1
677 0
678 1
679 0
680 0
681 1
682 1
683 0
684 0
685 0
686 1
687 1
688 1
689 0
690 0
691 0
692 1
693 1
694 1
695 0
696 0
697 0
698 1
699 1
700 0
701 0
702 0
703 0
704 0
705 0
706 1
707 1
708 1
709 1
710 0
711 1
712 1
713 0
714 1
715 0
716 1
717 1
718 0
719 0
720 0
721 0
722 1
723 0
724 1
725 0
726 1
727 0
728 0
729 0
730 0
731 1
732 1
733 1
734 1
735 1
736 1
737 1
738 1
739 0
740 1
741 0
742 0
743 1
744 1
745 0
746 1
747 0
748 1
749 1
750 0
751 1
752 0
753 0
754 0
755 0
756 0
757 0
758 0
759 0
760 0
761 0
762 0
763 0
764 0
765 0
766 0
767 0
768 0
769 0
770 1
771 1
772 1
773 1
774 1
775 0
776 0
777 1
778 1
779 0
780 0
781 1
782 1
783 1
784 1
785 1
786 0
787 0
788 0
789 0
790 1
791 1
792 1
793 1
794 1
795 0
796 1
797 0
798 1
799 0
800 1
801 0
802 1
803 0
804 1
805 0
806 1
807 0
808 1
809 0
810 1
811 0
812 0
813 0
814 0
815 0
816 0
817 1
818 1
819 1
820 1
821 1
822 1
823 1
824 1
825 1
826 1
827 0
828 1
829 1
830 0
831 0
832 0
833 0
834 0
835 0
836 0
837 0
838 0
839 0
840 1
841 1
842 1
843 1
844 0
845 0
846 1
847 1
848 0
849 1
850 0
851 1
852 0
853 1
854 0
855 1
856 0
857 0
858 0
859 0
860 0
861 1
862 1
863 1
864 1
865 0
866 0
867 0
868 0
869 1
870 1
871 1
872 0
873 0
874 0
875 0
876 0
877 0
878 0
879 0
880 1
881 0
882 0
883 0
884 0
885 1
886 1
887 0
888 1
889 0
890 1
891 0
892 0
893 0
894 1
895 1
896 0
897 0
898 1
899 0
900 0
901 1
902 0
903 1
904 0
905 0
906 0
907 0
908 0
909 0
910 1
911 1
912 1
913 1
914 1
915 1
916 1
917 1
918 0
919 0
920 0
921 1
922 0
923 1
924 1
925 1
926 1
927 1
928 1
929 1
930 1
931 1
932 1
933 1
934 0
935 0
936 0
937 0
938 0
939 0
940 0
941 0
942 0
943 0
944 0
945 0
946 0
947 0
948 0
949 0
950 0
951 0
952 0
953 0
954 0
955 0
956 1
957 0
958 0
959 0
960 0
961 1
962 0
963 0
964 1
965 1
966 0
967 1
968 0
969 1
970 0
971 1
972 0
973 1
974 1
975 1
976 1
977 1
978 0
979 1
980 0
981 1
982 1
983 1
984 1
985 0
986 0
987 0
988 1
989 1
990 1
991 1
992 1
993 0
994 0
995 0
996 1
997 0
998 0
999 0
1000 0
1001 0
1002 0
1003 0
1004 0
1005 0
1006 1
1007 1
1008 0
1009 0
1010 1
1011 0
1012 0
1013 0
1014 1
1015 1
1016 1
1017 0
1018 0
1019 0
1020 0
1021 0
1022 0
1023 0
1024 1
1025 1
1026 1
1027 0
1028 0
1029 0
1030 0
1031 1
1032 1
1033 0
1034 1
1035 1
1036 0
1037 1
1038 0
1039 1
1040 1
1041 0
1042 0
1043 1
1044 1
1045 0
1046 0
1047 0
1048 1
1049 0
1050 0
1051 0
1052 0
1053 1
1054 1
1055 0
1056 1
1057 0
1058 0
1059 0
1060 0
1061 0
1062 1
1063 1
1064 0
1065 0
1066 1
1067 0
1068 0
1069 1
1070 0
1071 1
1072 0
1073 1
1074 0
1075 0
1076 1
1077 0
1078 1
1079 0
1080 0
1081 1
1082 0
1083 1
1084 0
1085 1
1086 0
1087 0
1088 0
1089 1
1090 0
1091 1
1092 0
1093 1
1094 0
1095 0
1096 0
1097 0
1098 1
1099 1
1100 0
1101 0
1102 0
1103 0
1104 0
1105 1
1106 0
1107 1
1108 0
1109 0
1110 0
1111 1
1112 1
1113 1
1114 1
1115 1
1116 0
1117 0
1118 1
1119 0
1120 1
1121 0
1122 0
1123 0
1124 0
1125 0
1126 1
1127 1
1128 1
1129 1
1130 1
1131 0
1132 0
1133 0
1134 0
1135 1
1136 1
1137 0
1138 1
1139 0
1140 0
1141 1
1142 1
1143 0
1144 0
1145 1
1146 0
1147 1
1148 0
1149 1
1150 1
1151 1
1152 1
1153 1
1154 1
1155 1
1156 1
1157 1
1158 1
1159 1
1160 0
1161 0
1162 0
1163 0
1164 0
1165 1
1166 0
1167 0
1168 1
1169 0
1170 1
1171 1
1172 0
1173 1
1174 1
1175 0
1176 0
1177 1
1178 0
1179 0
1180 1
1181 0
1182 0
1183 1
1184 0
1185 1
1186 0
1187 1
1188 0
1189 1
1190 0
1191 1
1192 0
1193 1
1194 0
1195 0
1196 1
1197 0
1198 0
1199 1
1200 0
1201 1
1202 0
1203 0
1204 1
1205 0
1206 0
1207 1
1208 0
1209 1
1210 0
1211 0
1212 1
1213 0
1214 0
1215 0
1216 1
1217 0
1218 0
1219 0
1220 1
1221 0
1222 1
1223 0
1224 1
1225 1
1226 0
1227 0
1228 1
1229 0
1230 1
1231 1
1232 0
1233 1
1234 0
1235 1
1236 0
1237 1
1238 0
1239 0
1240 1
1241 0
1242 1
1243 1
1244 1
1245 1
1246 1
1247 1
1248 1
1249 0
1250 0
1251 0
1252 0
1253 0
1254 0
1255 0
1256 0
1257 0
1258 0
1259 0
1260 0
1261 0
1262 0
1263 1
1264 1
1265 0
1266 1
1267 0
1268 1
1269 0
1270 0
1271 0
1272 0
1273 1
1274 1
1275 1
1276 0
1277 1
1278 1
1279 1
1280 1
1281 1
1282 1
1283 1
1284 0
1285 1
1286 0
1287 1
1288 0
1289 1
1290 0
1291 1
1292 0
1293 0
1294 0
1295 1
1296 1
1297 1
1298 1
1299 0
1300 1
1301 0
1302 0
1303 0
1304 1
1305 0
1306 0
1307 1
1308 0
1309 1
1310 0
1311 0
1312 0
1313 1
1314 0
1315 0
1316 1
1317 1
1318 0
1319 1
1320 1
1321 0
1322 1
1323 0
1324 0
1325 1
1326 0
1327 0
1328 1
1329 0
1330 0
1331 1
1332 0
1333 1
1334 1
1335 1
1336 0
1337 0
1338 1
1339 0
1340 0
1341 1
1342 1
1343 0
1344 0
1345 0
1346 1
1347 1
1348 1
1349 0
1350 0
1351 0
1352 0
1353 1
1354 1
1355 1
1356 0
1357 0
1358 0
1359 0
1360 0
1361 0
1362 0
1363 1
1364 1
1365 1
1366 0
1367 0
1368 0
1369 1
1370 1
1371 1
1372 0
1373 0
1374 0
1375 1
1376 0
1377 0
1378 0
1379 0
1380 0
1381 0
1382 0
1383 0
1384 0
1385 1
1386 1
1387 1
1388 1
1389 1
1390 0
1391 0
1392 0
1393 0
1394 1
1395 1
1396 1
1397 0
1398 0
1399 1
1400 0
1401 1
1402 1
1403 0
1404 1
1405 1
1406 1
1407 0
1408 0
1409 1
1410 1
1411 0
1412 1
1413 0
1414 1
1415 0
1416 0
1417 0
1418 1
1419 0
1420 1
1421 0
1422 0
1423 1
1424 0
1425 1
1426 0
1427 0
1428 0
1429 1
1430 1
1431 0
1432 0
1433 1
1434 0
1435 0
1436 0
1437 1
1438 1
1439 0
1440 1
1441 0
1442 0
1443 1
1444 0
1445 1
1446 0
1447 1
1448 0
1449 1
1450 0
1451 1
1452 0
1453 1
1454 1
1455 0
1456 0
1457 0
1458 0
1459 0
1460 1
1461 1
1462 0
1463 0
1464 1
1465 1
1466 0
1467 1
1468 1
1469 0
1470 1
1471 1
