1386
1412
2475
2298
2354
1543
2004
779
1378
2929
2545
2908
2297
2923
542
861
1593
1089
2434
1942
745
412
982
2147
1016
659
2327
2759
2553
2814
1287
1766
2414
1359
1863
2712
2278
20
1798
718
1342
1020
2784
649
551
2790
2016
1509
1352
2649
1606
2247
2372
484
1348
2179
1349
1695
2396
2068
823
309
2723
2890
1245
703
385
2757
712
45
1500
2607
531
356
815
2432
61
2202
2934
486
1484
661
746
566
33
919
2901
1334
1162
1938
2767
1532
570
34
1436
2272
742
1196
2658
662
824
1229
301
2758
2159
2313
2896
2227
620
2017
1164
2134
2223
1799
1578
1626
1908
2008
2452
631
1104
2430
447
1551
507
633
1442
85
97
445
2637
2471
227
1461
2214
1367
553
1598
724
2009
715
1350
1294
573
2050
929
2340
863
1907
2480
1621
190
31
2216
371
2479
1327
495
391
606
2402
342
2438
1750
1716
1666
1003
1553
2682
1100
1129
624
1377
1690
112
756
2024
1805
1563
1123
650
2292
2359
1890
1562
609
284
1769
1989
1668
1892
766
2655
480
689
313
1106
1109
165
1795
1340
252
2544
388
1213
1889
921
1881
1111
1940
2851
1928
2217
780
1019
732
235
1867
1960
2576
2443
2873
1039
2369
477
2011
2337
1029
898
855
1883
226
521
2426
2399
1256
727
1497
714
2427
2442
2321
2277
491
1703
22
575
1921
335
2111
38
2927
1094
125
324
1957
877
229
442
1012
2080
1325
958
450
1715
1450
2861
279
91
2255
122
1200
1708
737
1015
1633
2533
1224
1053
743
882
1973
2600
455
253
89
968
964
516
908
1070
2538
1408
1894
2900
602
1888
700
535
1302
481
2120
467
1117
1197
2865
948
2397
2502
1385
2294
2547
524
2356
634
1014
60
2810
554
2271
2241
2362
1718
187
1508
390
2614
251
166
13
234
451
2699
2184
2558
1040
665
1575
2577
50
560
561
2557
1776
897
1161
71
483
923
2338
1642
1390
2374
1806
1211
2773
1526
1645
1130
2264
1677
1559
2152
368
1271
1000
2168
787
2409
160
1528
2070
1581
128
1008
1273
1057
805
2143
63
844
1744
2473
2448
2349
1997
458
2903
2743
1103
1122
1151
818
2045
192
1849
1246
731
1108
1515
296
2407
1120
945
114
2398
1368
506
381
1411
2754
1898
1043
2578
402
799
2288
926
1537
1290
1916
2855
1951
1253
808
2675
2149
351
762
2930
2074
2819
2339
2608
2423
2707
869
2842
1357
1851
2692
1520
2303
638
37
643
1217
1587
1504
655
1477
536
2154
532
1116
2020
1926
893
2813
1764
2107
583
907
2029
1842
761
2341
2383
2393
1773
266
2285
922
1917
267
886
2436
2213
627
1684
194
287
263
625
1018
2104
640
660
2209
2242
2310
2693
2119
2583
900
1418
1032
147
2435
66
2319
1596
2526
2772
738
2164
1688
1657
1557
2051
1534
1289
758
1361
1138
401
607
225
2006
421
2316
1074
1582
1886
2290
281
2671
833
1610
403
611
2476
1588
207
3
753
1206
1945
2005
2135
527
1664
2806
2572
1841
1215
2380
2301
265
377
2807
2744
1277
2574
647
1655
1296
2497
2822
2132
1556
2250
2281
811
632
2914
1088
1451
1189
1044
72
1999
2697
264
2755
1983
1612
1639
2882
219
2331
1381
905
2875
2940
892
394
1072
1145
1258
1911
2326
2155
1927
374
547
1836
1374
2390
1763
231
757
1665
902
203
159
885
355
43
1507
1783
1409
1573
2126
2570
2787
2485
1603
1984
2487
2672
793
1471
1167
798
975
297
613
2596
822
1811
1808
1774
794
1781
2812
370
2621
2425
126
1241
1991
470
693
1011
1132
1260
2053
1469
2287
344
1479
1058
2898
1336
1059
131
308
1749
1862
99
1982
911
2381
2365
1980
2680
1710
899
2085
1909
831
414
1923
2170
1143
1268
1068
1001
1486
800
711
2042
1474
441
2560
2550
1995
2138
2913
2644
418
716
1255
1658
807
101
1262
2629
238
2038
1437
1632
1248
2514
172
23
802
1060
2484
789
1660
2483
158
2808
1463
1443
1503
1401
755
1802
2244
1288
504
163
40
1640
2470
215
513
574
2835
1346
1746
398
1797
1513
1416
475
2619
2334
2141
1986
2325
2046
339
2150
223
326
2786
2067
2018
2820
1330
1567
1135
1510
1470
989
8
2818
2200
2180
29
720
2036
669
435
1028
292
1473
1624
98
47
2763
1482
19
1112
1527
796
1155
2586
446
258
959
1663
2640
1546
2066
1388
120
2686
216
1794
1823
862
966
1961
2727
1004
2832
1891
2022
946
1815
386
1236
679
2928
154
1046
1037
1827
496
2323
1179
499
478
2783
1561
1142
741
651
295
2568
702
1333
691
150
592
1807
1755
289
404
997
1485
955
909
990
2058
510
1494
1372
145
685
1314
2284
53
175
962
763
887
582
2915
730
530
2724
2275
1653
525
927
2344
433
1119
1283
345
2081
121
2525
2549
75
2110
2546
2844
2460
2403
1524
2584
2604
1800
2192
214
59
2404
1838
748
838
1874
1221
1589
629
928
1771
1630
1438
826
2133
2072
2025
1586
1278
489
380
2738
2093
969
27
1788
1171
1824
1458
367
1075
2809
1365
2886
1649
2145
2370
58
938
636
550
2174
782
2516
2891
1525
56
2734
1789
199
781
2684
1704
456
2535
2673
1985
375
2333
1114
701
2446
2122
1187
778
2237
1505
564
1713
1188
511
1389
1276
2871
1636
2440
1493
1745
2569
867
2252
360
323
2191
2847
2382
2482
1652
248
136
2922
2199
291
1047
2182
1906
275
1834
1191
1531
2265
1967
405
1959
835
2567
2052
1747
1320
2424
1254
2885
1835
407
2848
2830
1098
675
132
1939
1073
1994
514
1424
960
2156
82
427
1203
1250
1321
563
2044
2527
884
1866
2917
103
161
1568
171
1762
1643
668
2872
1468
1782
2799
2884
2850
637
52
319
1792
2363
671
472
891
2735
2652
80
1052
2032
2315
2602
2189
48
321
1941
2401
2588
1380
1816
449
765
1950
2635
2500
2838
488
1055
399
2173
2590
2043
2895
497
1265
974
1077
134
2101
1786
1706
178
70
538
1625
2795
278
1943
83
1455
17
639
1311
1857
1965
697
1604
2648
515
2000
562
1395
2357
1538
1801
710
2877
2129
329
2747
2524
195
331
285
2741
986
1061
1686
2881
872
425
2035
429
1431
2756
2103
2462
2685
372
90
2863
439
1216
1753
572
2055
559
1488
2911
888
182
2224
346
2324
2894
851
2027
1955
770
520
2019
1435
2474
1457
1585
1353
419
2222
1697
2589
1696
1724
801
1274
1422
2201
2262
1
864
683
2936
157
621
1511
461
358
1454
1394
2706
1239
68
1351
816
2501
733
471
2899
2745
2169
294
2634
280
1601
707
901
932
2188
2117
1259
522
2455
1282
2777
2421
338
1726
1440
188
1079
540
817
1681
1517
648
721
2715
1025
2049
2366
2229
1864
2506
2376
411
2221
1530
2625
1972
2289
205
837
1137
2883
1062
1449
210
595
1793
1313
413
2548
501
1269
2299
1873
2153
1397
62
305
2563
1597
2041
1796
2086
584
2215
2318
920
1105
2803
2893
373
2841
784
2798
88
2718
2465
423
2858
2731
431
528
2537
2226
2309
2508
311
2815
2781
2631
2556
951
1067
1491
1335
2375
881
100
857
138
1887
245
1846
1427
448
123
2001
618
2762
2626
775
2108
1964
170
2750
597
307
55
2228
1170
1124
2566
1185
2829
273
2867
681
417
2661
2386
2148
2336
1304
2249
2659
111
2335
1009
26
760
144
2489
87
2657
2826
2874
1850
1492
454
1830
1318
298
848
444
1721
2528
1328
384
2688
1516
1506
1208
2010
768
790
1026
952
1956
1021
1249
2751
2752
2091
363
1825
991
2776
2059
1214
1399
1915
2771
812
847
2645
2669
2892
2266
656
422
2361
464
362
2926
767
2592
1910
193
1977
785
2639
1398
257
459
1181
2205
290
856
261
1711
2176
2417
409
2666
2172
1521
1990
432
2721
139
1519
2136
49
1968
325
2939
708
1613
2007
1615
1992
1083
874
1140
2505
2897
1379
1600
937
2094
1605
1670
918
1734
1933
940
1127
1240
2121
406
2530
1204
1064
46
2113
1319
2663
846
2678
1036
610
674
327
2064
2823
1611
2565
395
183
2039
774
1702
904
2002
2257
957
222
2571
241
1007
105
2599
15
558
549
1623
2444
434
2828
2779
1729
1444
579
436
2314
1829
314
1429
2283
2437
468
1785
1826
1590
1247
306
749
303
2144
988
2060
1499
1698
2196
2089
1634
828
1884
9
109
1627
185
1777
2235
567
1919
836
1202
1635
591
200
2256
916
1620
2388
1897
315
1523
130
2239
1096
1481
255
996
1650
2106
1671
2695
1502
680
1110
2720
1173
2076
1139
2377
1476
1932
1691
924
1720
1970
460
769
1731
979
453
2300
51
2821
2033
179
1784
728
612
773
1358
2151
1787
1810
336
1628
1121
2496
1182
694
1804
1987
913
744
1113
2613
1548
2662
1345
1460
6
2880
2905
129
1853
1404
1166
2904
1700
1264
1212
970
740
2373
152
4
1421
2092
211
2534
876
2353
1656
541
1158
505
1232
2845
343
2498
2665
1859
2028
2231
1049
2919
1363
853
217
2636
1172
1326
18
2332
141
839
1661
2766
1134
1042
2561
12
2057
1201
383
1223
2146
1090
79
995
2330
2130
1728
1882
1156
590
2742
1920
1275
1608
10
925
426
174
2612
2654
1944
2439
2778
1339
1544
2040
25
1533
2166
1848
2509
797
457
2792
678
337
1261
517
2513
1758
1832
544
2026
1331
985
2486
1095
1514
2267
2391
1893
1006
759
825
723
437
688
0
508
1272
1149
1845
110
1918
2587
1126
1125
389
153
518
239
2458
2273
1899
2789
2230
809
86
2123
1947
642
1281
1324
1184
2628
1270
1402
2348
883
2178
2163
1452
1566
2095
1177
2258
1580
2801
1809
1193
667
1086
96
1844
1225
64
2449
1472
896
903
1054
752
1284
1165
1219
1822
1220
1426
1405
2048
274
1733
2105
626
1723
2726
2392
2653
1547
2248
1195
619
1107
1879
604
2732
2293
2507
2825
485
1541
2065
1118
1618
849
1420
244
2737
704
939
1752
1017
169
1136
1757
2450
276
243
2935
1896
2037
104
2849
2833
2260
568
2714
2251
1186
2218
379
578
400
1554
1228
670
605
529
2345
1869
973
2047
1976
2925
113
1082
1027
2291
2836
976
1549
1362
2705
2165
2633
2385
503
479
2276
1659
2703
1169
906
1946
1183
2857
2137
2493
717
1931
1818
1180
1376
1489
208
2664
334
106
1097
2495
2523
1979
2517
2405
430
2083
2620
980
1218
2529
1595
1387
1819
1539
2463
2358
387
1971
2912
2617
2492
1382
1847
2696
788
1267
2063
2378
2562
115
698
1417
102
259
156
1654
1966
658
1780
2709
1298
2791
1790
526
2308
1400
2512
1085
1475
2605
2261
598
2932
93
35
1465
2531
268
2015
2933
2656
1337
490
2802
2413
2774
1010
2854
994
1949
330
2431
378
201
1237
2208
842
1099
543
392
318
365
65
1712
2918
2219
830
1679
2472
2364
1641
2622
1300
2660
875
1081
832
2518
2722
1912
2220
2441
1529
415
1065
705
1988
1735
310
2805
1674
2616
2595
2317
1895
2073
791
1727
2411
2420
1168
2785
408
2876
2581
2840
1478
41
1131
954
24
2194
1414
189
2510
1293
1714
2088
2030
2355
1813
1207
1233
2729
1975
202
1413
2456
2704
672
2573
2311
340
2195
2768
184
2415
1687
2160
14
1637
2175
1925
1091
2246
2782
1673
57
1648
269
1732
1347
1303
545
42
2351
1868
1936
1778
1662
1876
135
494
108
1307
2481
1572
2320
1425
827
212
873
2515
719
21
1759
555
2204
2069
2719
971
465
2788
2853
795
1464
1821
2878
695
2780
1839
2519
2679
2610
1535
2520
806
1501
1880
2075
2740
565
148
2555
1002
623
1878
2739
803
2408
2193
1564
1680
1854
1160
2416
466
440
228
548
30
2698
354
1297
177
2811
1467
180
2371
645
2700
664
2879
2597
1078
2102
2582
1619
1419
981
1371
1689
1617
1322
2158
1462
302
2794
1035
1209
1647
1739
943
76
2733
256
1761
1393
941
1555
2395
5
1865
1719
1905
369
286
1772
910
209
1969
7
1935
967
1280
992
2711
2924
1439
2676
1230
1952
519
2831
420
452
224
993
792
2504
512
2690
987
2296
2099
1279
2238
438
2687
2454
167
1981
1205
2694
2305
2551
2642
834
576
1974
2186
2212
2282
94
67
1384
2938
2730
2187
2447
1629
2667
2071
124
2611
870
2087
1459
1870
2268
1024
1542
1150
81
2400
1360
1332
2691
312
1423
878
1540
866
2491
1900
850
1242
498
859
2864
1705
2601
473
1812
1694
2112
69
2618
2013
1675
2185
2307
1852
1286
2259
1602
1048
1937
692
523
1430
1609
709
181
1779
1071
1441
2852
1146
771
1495
2061
2937
1034
1316
2477
879
1227
1306
2429
865
2014
819
2304
1638
1410
2286
1148
2702
1875
963
2096
783
804
687
288
2352
92
218
557
474
608
232
293
2003
953
2279
1305
1669
2677
1574
2031
1063
1178
428
2389
2761
250
1338
690
299
74
1392
666
1496
2598
1722
537
1226
615
416
601
254
599
1433
1050
1756
630
2190
860
1456
2118
747
119
2233
1948
347
341
1238
2234
2800
1954
2862
1775
2379
751
1038
240
1552
2142
1736
1299
1369
586
1599
246
1676
78
1487
1490
1592
917
127
1448
2171
821
2797
1069
1370
1341
2765
644
2098
1741
2394
1344
1222
482
151
1594
2127
1858
1607
2350
1803
2115
1901
534
1817
2580
1266
1234
1133
2746
2329
1033
2909
424
2254
233
1356
2322
1631
1446
1885
2198
1309
1767
137
2638
653
2114
871
300
2668
320
1701
1466
2090
2817
2157
143
1176
271
1101
1583
1480
1579
353
845
814
2079
2683
328
593
646
2646
2023
1904
2167
2490
2078
1375
316
220
2804
2906
1614
2793
1291
304
1760
493
1791
1432
2203
676
249
196
810
1128
168
502
2428
977
915
1814
2603
2412
2816
2764
2868
2236
2270
1584
2206
594
2183
1383
197
1190
11
2245
1693
764
2056
1913
236
1317
2343
1622
984
750
1447
277
2701
571
1066
2346
1198
2717
2564
614
1570
1076
2910
2410
1445
950
2522
1157
349
569
2521
509
2753
2887
895
2559
2760
95
2367
2211
1252
635
1558
581
1930
2054
140
2461
173
2869
1403
603
2713
2488
2263
2736
2306
2716
2843
2594
577
2624
352
1406
1707
2770
2082
1998
956
1192
237
854
204
2034
2623
1843
596
317
552
1159
361
1235
972
654
628
1768
2632
2445
2860
1407
2920
2240
2274
84
696
1355
1080
2457
1092
1153
1373
2593
947
2539
2916
247
1483
2097
1023
500
1051
2839
382
118
890
44
221
155
713
463
894
1323
1087
1856
107
2280
2162
2295
754
998
1651
397
1366
2181
1748
1175
841
2451
2210
2554
588
1820
1837
1685
641
2433
2140
1005
272
1144
2674
1902
684
164
2532
2100
772
2418
1725
32
1512
73
1244
176
1934
2077
1929
1560
2902
556
260
2139
162
1569
587
283
206
2468
2021
2253
1699
852
1855
965
2084
1903
622
1102
186
2650
376
1833
1257
146
729
2888
350
1310
2536
2062
1953
2302
332
652
2125
348
2466
133
2710
1872
1545
1962
1678
1996
191
663
1329
2552
914
2543
2511
2499
2728
2232
462
912
1364
2796
116
1115
1577
1295
2360
949
2225
1498
942
1993
1152
1565
2859
1210
1415
1301
1013
616
2464
777
322
1877
2775
1199
682
2116
1751
1743
944
2387
1717
2641
2012
2243
230
1840
1285
2606
2453
2177
1522
699
813
1041
54
2615
539
1030
1163
2131
933
1251
2609
2748
686
776
2541
2643
1022
2467
2342
2681
2585
469
2870
829
2540
492
725
2921
1738
1616
2827
1591
2207
2161
2630
1871
396
736
1860
2725
1914
2269
2
443
2109
934
930
1243
935
677
77
2907
739
2124
786
39
1958
983
1831
1922
2689
1045
931
242
213
149
533
820
2197
1396
1828
1536
1056
734
2579
1576
1730
1740
2651
2494
840
1428
1312
2312
282
1963
735
2384
117
1343
1754
359
673
2419
2406
936
2749
1692
600
1683
858
262
2328
333
142
2627
1174
1231
28
366
722
2670
706
1453
476
1315
2575
364
1391
2459
880
1861
1518
2941
2591
978
868
617
270
16
2478
580
393
546
410
843
2889
889
1141
1292
589
1084
2769
961
2846
1154
2866
1978
2931
2368
1737
357
1644
657
1093
1646
999
1667
2856
2647
2824
198
1308
2503
2128
1031
2422
1770
1571
36
1672
2347
2708
1742
487
1550
1263
2469
1354
1194
1765
585
2542
726
1924
1147
1682
2837
1709
2834
1434

