1 0
2 1
3 1
4 1
5 0
6 0
7 0
8 0
9 0
10 0
11 1
12 0
13 0
14 1
15 0
16 1
17 1
18 1
19 0
20 1
21 1
22 0
23 1
24 0
25 0
26 1
27 1
28 1
29 1
30 0
31 1
32 0
33 1
34 0
35 1
36 1
37 0
38 0
39 0
40 0
41 0
42 1
43 0
44 1
45 1
46 1
47 0
48 1
49 1
50 1
51 1
52 1
53 0
54 1
55 1
56 0
57 1
58 0
59 1
60 1
61 1
62 1
63 1
64 1
65 0
66 0
67 0
68 1
69 0
70 1
71 0
72 1
73 1
74 1
75 1
76 0
77 1
78 0
79 1
80 1
81 0
82 0
83 0
84 0
85 1
86 1
87 0
88 0
89 0
90 1
91 1
92 0
93 1
94 0
95 1
96 0
97 0
98 0
99 1
100 0
101 1
102 0
103 0
104 0
105 0
106 1
107 0
108 0
109 1
110 0
111 0
112 0
113 0
114 1
115 1
116 0
117 1
118 0
119 1
120 1
121 1
122 1
123 1
124 0
125 0
126 1
127 1
128 0
129 1
130 1
131 0
132 1
133 0
134 1
135 0
136 0
137 1
138 0
139 0
140 1
141 0
142 1
143 1
144 1
145 1
146 0
147 0
148 0
149 1
150 1
151 1
152 0
153 1
154 0
155 0
156 0
157 1
158 0
159 1
160 1
161 1
162 1
163 0
164 1
165 1
166 1
167 1
168 0
169 0
170 1
171 1
172 1
173 1
174 1
175 1
176 1
177 1
178 1
179 1
180 1
181 1
182 1
183 1
184 1
185 0
186 1
187 0
188 1
189 0
190 1
191 0
192 1
193 0
194 1
195 1
196 0
197 1
198 1
199 1
200 1
201 1
202 1
203 1
204 1
205 1
206 1
207 1
208 1
209 0
210 1
211 1
212 1
213 0
214 1
215 1
216 0
217 1
218 1
219 1
220 0
221 0
222 0
223 1
224 1
225 1
226 1
227 0
228 1
229 1
230 0
231 1
232 1
233 1
234 0
235 0
236 0
237 1
238 0
239 1
240 1
241 1
242 1
243 0
244 1
245 1
246 1
247 1
248 0
249 1
250 0
251 1
252 1
253 1
254 1
255 0
256 1
257 0
258 1
259 1
260 1
261 1
262 1
263 1
264 0
265 0
266 1
267 1
268 1
269 0
270 1
271 0
272 0
273 1
274 1
275 1
276 0
277 0
278 0
279 0
280 1
281 1
282 1
283 1
284 1
285 0
286 0
287 1
288 0
289 0
290 1
291 0
292 1
293 0
294 0
295 1
296 0
297 0
298 1
299 0
300 1
301 1
302 0
303 1
304 1
305 1
306 0
307 1
308 0
309 0
310 0
311 0
312 1
313 1
314 0
315 0
316 1
317 0
318 0
319 1
320 1
321 1
322 1
323 1
324 1
325 0
326 0
327 1
328 1
329 0
330 1
331 1
332 0
333 1
334 1
335 1
336 1
337 1
338 1
339 1
340 1
341 1
342 1
343 1
344 0
345 1
346 0
347 0
348 1
349 1
350 1
351 1
352 0
353 1
354 1
355 1
356 1
357 0
358 0
359 0
360 1
361 1
362 0
363 0
364 1
365 0
366 1
367 0
368 1
369 1
370 0
371 0
372 1
373 1
374 0
375 1
376 0
377 0
378 0
379 0
380 1
381 1
382 0
383 0
384 1
385 0
386 0
387 1
388 1
389 0
390 1
391 0
392 0
393 1
394 0
395 0
396 1
397 1
398 0
399 1
400 1
401 1
402 1
403 0
404 1
405 1
406 1
407 0
408 1
409 1
410 1
411 1
412 1
413 1
414 1
415 1
416 1
417 1
418 1
419 1
420 1
421 1
422 1
423 1
424 1
425 0
426 1
427 0
428 0
429 1
430 1
431 0
432 1
433 0
434 0
435 1
436 1
437 1
438 1
439 0
440 0
441 0
442 1
443 0
444 0
445 1
446 0
447 1
448 1
449 1
450 0
451 1
452 1
453 1
454 1
455 0
456 1
457 0
458 1
459 1
460 0
461 1
462 1
463 0
464 1
465 1
466 1
467 1
468 0
469 1
470 1
471 1
472 1
473 0
474 1
475 1
476 0
477 1
478 0
479 0
480 0
481 1
482 1
483 0
484 0
485 1
486 1
487 1
488 0
489 1
490 0
491 0
492 0
493 0
494 1
495 1
496 1
497 1
498 1
499 0
500 1
501 1
502 1
503 0
504 1
505 1
506 1
507 1
508 0
509 1
510 1
511 0
512 1
513 1
514 0
515 1
516 0
517 1
518 1
519 1
520 1
521 0
522 1
523 1
524 0
525 1
526 1
527 1
528 1
529 1
530 0
531 1
532 0
533 1
534 1
535 1
536 0
537 1
538 0
539 0
540 1
541 0
542 0
543 1
544 1
545 1
546 1
547 0
548 1
549 0
550 1
551 0
552 0
553 0
554 1
555 1
556 1
557 1
558 0
559 1
560 0
561 0
562 0
563 1
564 0
565 0
566 0
567 0
568 1
569 0
570 0
571 1
572 0
573 0
574 1
575 1
576 1
577 1
578 1
579 1
580 1
581 1
582 1
583 1
584 1
585 1
586 1
587 1
588 1
589 0
590 1
591 0
592 1
593 1
594 1
595 1
596 1
597 0
598 0
599 1
600 1
601 0
602 1
603 1
604 1
605 1
606 0
607 0
608 1
609 1
610 1
611 1
612 0
613 1
614 0
615 1
616 1
617 1
618 1
619 1
620 1
621 1
622 1
623 1
624 1
625 0
626 1
627 0
628 1
629 1
630 0
631 1
632 0
633 0
634 0
635 1
636 1
637 1
638 1
639 1
640 1
641 1
642 1
643 0
644 1
645 0
646 1
647 0
648 0
649 0
650 0
651 1
652 1
653 0
654 1
655 0
656 1
657 0
658 0
659 1
660 1
661 0
662 0
663 0
664 1
665 1
666 1
667 1
668 0
669 1
670 0
671 1
672 1
673 0
674 1
675 1
676 0
677 1
678 1
679 0
680 1
681 1
682 1
683 1
684 1
685 1
686 0
687 0
688 0
689 1
690 0
691 1
692 0
693 0
694 0
695 0
696 1
697 1
698 0
699 1
700 0
701 1
702 0
703 1
704 1
705 1
706 1
707 0
708 0
709 0
710 1
711 1
712 1
713 1
714 0
715 0
716 0
717 1
718 1
719 1
720 1
721 1
722 0
723 0
724 1
725 1
726 1
727 1
728 1
729 0
730 1
731 1
732 1
733 1
734 1
735 1
736 1
737 1
738 1
739 0
740 1
741 1
742 0
743 1
744 1
745 1
746 1
747 0
748 1
749 1
750 0
751 1
752 1
753 1
754 1
755 1
756 1
757 1
758 1
759 0
760 1
761 0
762 0
763 0
764 1
765 1
766 1
767 0
768 0
769 1
770 1
771 0
772 1
773 1
774 0
775 1
776 1
777 0
778 0
779 0
780 1
781 0
782 0
783 1
784 1
785 1
786 0
787 0
788 1
789 1
790 0
791 0
792 1
793 1
794 0
795 1
796 1
797 1
798 0
799 1
800 0
801 1
802 0
803 0
804 0
805 0
806 1
807 0
808 1
809 0
810 0
811 0
812 1
813 1
814 0
815 0
816 0
817 0
818 0
819 1
820 1
821 0
822 0
823 1
824 0
825 0
826 0
827 1
828 1
829 0
830 0
831 0
832 0
833 0
834 1
835 0
836 1
837 1
838 0
839 0
840 0
841 0
842 0
843 1
844 0
845 0
846 0
847 1
848 1
849 1
850 1
851 1
852 1
853 1
854 0
855 0
856 0
857 1
858 1
859 0
860 1
861 1
862 1
863 0
864 1
865 0
866 1
867 1
868 0
869 1
870 0
871 0
872 1
873 1
874 1
875 1
876 1
877 0
878 0
879 1
880 0
881 1
882 1
883 1
884 0
885 1
886 0
887 1
888 0
889 0
890 1
891 0
892 0
893 0
894 1
895 1
896 1
897 1
898 0
899 1
900 0
901 0
902 1
903 0
904 1
905 0
906 1
907 1
908 0
909 1
910 0
911 0
912 0
913 1
914 0
915 0
916 1
917 1
918 1
919 1
920 1
921 0
922 0
923 1
924 1
925 0
926 0
927 1
928 0
929 0
930 0
931 1
932 1
933 1
934 0
935 1
936 0
937 0
938 0
939 1
940 0
941 0
942 0
943 0
944 0
945 0
946 0
947 1
948 1
949 1
950 1
951 0
952 0
953 0
954 0
955 1
956 1
957 0
958 1
959 0
960 0
961 0
962 1
963 0
964 1
965 1
966 1
967 1
968 1
969 0
970 1
971 0
972 0
973 0
974 0
975 0
976 1
977 0
978 0
979 1
980 1
981 1
982 0
983 1
984 1
985 0
986 0
987 1
988 1
989 1
990 1
991 1
992 1
993 1
994 0
995 1
996 1
997 1
998 0
999 1
1000 0
1001 0
1002 0
1003 0
1004 0
1005 1
1006 1
1007 0
1008 0
1009 0
1010 0
1011 0
1012 0
1013 1
1014 0
1015 1
1016 1
1017 1
1018 1
1019 1
1020 0
1021 0
1022 1
1023 0
1024 1
1025 1
1026 0
1027 1
1028 0
1029 0
1030 1
1031 0
1032 1
1033 1
1034 0
1035 0
1036 1
1037 1
1038 1
1039 1
1040 0
1041 0
1042 0
1043 1
1044 0
1045 1
1046 1
1047 1
1048 0
1049 1
1050 0
1051 0
1052 1
1053 1
1054 0
1055 1
1056 0
1057 0
1058 0
1059 1
1060 1
1061 0
1062 1
1063 0
1064 0
1065 1
1066 0
1067 1
1068 1
1069 1
1070 1
1071 1
1072 1
1073 1
1074 0
1075 0
1076 1
1077 0
1078 0
1079 0
1080 1
1081 1
1082 0
1083 0
1084 0
1085 0
1086 1
1087 0
1088 1
1089 0
1090 0
1091 0
1092 1
1093 1
1094 0
1095 0
1096 1
1097 1
1098 0
1099 0
1100 1
1101 1
1102 1
1103 1
1104 0
1105 1
1106 0
1107 0
1108 0
1109 0
1110 1
1111 1
1112 0
1113 1
1114 0
1115 0
1116 1
1117 1
1118 1
1119 1
1120 0
1121 1
1122 1
1123 0
1124 1
1125 0
1126 1
1127 1
1128 0
1129 0
1130 1
1131 0
1132 1
1133 0
1134 0
1135 1
1136 1
1137 1
1138 1
1139 1
1140 0
1141 1
1142 0
1143 1
1144 1
1145 0
1146 1
1147 1
1148 1
1149 1
1150 1
1151 1
1152 1
1153 0
1154 0
1155 1
1156 1
1157 0
1158 0
1159 1
1160 0
1161 1
1162 0
1163 0
1164 1
1165 1
1166 1
1167 0
1168 0
1169 1
1170 1
1171 0
1172 1
1173 1
1174 1
1175 0
1176 0
1177 1
1178 0
1179 1
1180 1
1181 1
1182 0
1183 0
1184 1
1185 1
1186 0
1187 0
1188 1
1189 1
1190 0
1191 0
1192 0
1193 1
1194 1
1195 1
1196 0
1197 1
1198 1
1199 1
1200 1
1201 1
1202 1
1203 1
1204 1
1205 0
1206 1
1207 0
1208 1
1209 1
1210 1
1211 1
1212 0
1213 1
1214 1
1215 0
1216 1
1217 1
1218 1
1219 1
1220 1
1221 1
1222 0
1223 1
1224 1
1225 1
1226 1
1227 1
1228 1
1229 1
1230 1
1231 1
1232 0
1233 1
1234 1
1235 0
1236 0
1237 0
1238 1
1239 1
1240 0
1241 0
1242 1
1243 0
1244 0
1245 0
1246 0
1247 0
1248 1
1249 0
1250 1
1251 0
1252 1
1253 0
1254 1
1255 1
1256 1
1257 1
1258 1
1259 1
1260 1
1261 1
1262 0
1263 1
1264 0
1265 1
1266 1
1267 1
1268 1
1269 1
1270 1
1271 1
1272 1
1273 1
1274 1
1275 1
1276 1
1277 1
1278 1
1279 1
1280 0
1281 0
1282 1
1283 1
1284 0
1285 1
1286 1
1287 1
1288 1
1289 1
1290 1
1291 1
1292 0
1293 0
1294 0
1295 1
1296 1
1297 1
1298 0
1299 0
1300 1
1301 1
1302 1
1303 0
1304 0
1305 1
1306 0
1307 0
1308 1
1309 0
1310 0
1311 1
1312 1
1313 0
1314 1
1315 0
1316 1
1317 0
1318 1
1319 1
1320 1
1321 0
1322 0
1323 1
1324 1
1325 1
1326 1
1327 1
1328 0
1329 1
1330 1
1331 1
1332 0
1333 0
1334 1
1335 1
1336 0
1337 1
1338 0
1339 0
1340 1
1341 0
1342 1
1343 0
1344 0
1345 0
1346 1
1347 1
1348 1
1349 1
1350 1
1351 1
1352 1
1353 0
1354 1
1355 1
1356 1
1357 1
1358 1
1359 1
1360 1
1361 1
1362 1
1363 1
1364 0
1365 1
1366 1
1367 1
1368 1
1369 1
1370 0
1371 0
1372 1
1373 1
1374 1
1375 1
1376 0
1377 0
1378 0
1379 1
1380 1
1381 1
1382 1
1383 0
1384 0
1385 1
1386 0
1387 1
1388 1
1389 0
1390 1
1391 1
1392 0
1393 1
1394 1
1395 1
1396 1
1397 0
1398 1
1399 0
1400 1
1401 1
1402 0
1403 0
1404 1
1405 1
1406 0
1407 1
1408 1
1409 1
1410 1
1411 0
1412 0
1413 1
1414 0
1415 1
1416 1
1417 1
1418 1
1419 1
1420 1
1421 1
1422 0
1423 1
1424 0
1425 0
1426 1
1427 0
1428 1
1429 0
1430 0
1431 1
1432 0
1433 0
1434 1
1435 0
1436 0
1437 0
1438 1
1439 1
1440 1
1441 1
1442 1
1443 1
1444 1
1445 1
1446 1
1447 0
1448 1
1449 0
1450 0
1451 1
1452 1
1453 1
1454 0
1455 1
1456 1
1457 1
1458 0
1459 0
1460 0
1461 1
1462 1
1463 0
1464 0
1465 1
1466 1
1467 1
1468 1
1469 1
1470 0
1471 1
