1525
1944
749
1873
1319
2363
1251
211
2175
1871
2173
926
1666
2872
2193
1375
1149
367
604
2434
80
1850
717
1516
2685
2458
1381
391
214
2896
2303
205
1988
2815
2711
2725
1638
2076
1456
1776
2126
2181
1184
564
442
487
234
1212
1373
1429
2381
2708
1436
1658
596
2821
1783
2569
533
2313
1020
404
2557
2330
1962
1818
2539
1168
35
2443
538
581
2211
1604
2221
1657
188
141
2640
579
231
2389
1736
1933
304
2457
2052
586
1347
27
800
1228
2660
1267
1200
1470
2439
2837
1883
1535
1948
1705
2530
1541
2164
625
206
1202
2430
184
2840
2462
2812
1269
277
1618
2600
1682
781
2308
755
1338
2066
1584
34
127
1778
1832
1899
175
1835
2919
1487
2560
178
1179
2136
260
2
2403
2274
38
465
1175
1323
2694
899
549
1876
2567
1833
259
1222
2189
1421
2935
255
181
360
836
882
2507
1594
554
2071
2570
658
1579
724
419
1386
466
2900
2682
1768
2426
2775
100
96
2055
1622
557
196
932
1346
2083
2318
2851
1546
2606
2924
2377
2648
2163
2445
1740
125
547
1741
878
786
2074
2174
2767
764
602
1095
186
661
550
470
2327
702
599
2651
2916
511
2185
1786
1711
2859
740
1039
854
1426
1813
867
1588
22
1315
1972
1043
2311
2936
526
690
2463
326
238
1998
2215
2522
393
2473
964
647
2249
1501
1797
605
425
1710
351
758
769
2378
1227
688
2231
2039
1370
1253
94
2437
2889
622
407
2756
2632
2290
1052
1081
1232
1995
1290
2116
1410
2170
1530
731
1447
2320
359
838
2663
988
1289
2063
2778
1102
1218
2876
1164
10
906
576
795
2314
1355
768
820
2790
652
2040
2700
2162
336
676
2608
551
2559
1600
2866
2618
84
2200
1302
2103
18
2715
1339
228
1704
30
2455
2862
2069
1073
2548
1734
2838
1045
2153
428
210
1391
2287
1784
242
1634
2647
2197
2423
761
1664
811
1311
1493
1215
2617
1970
2810
382
2373
812
1048
577
2349
664
2755
1884
975
980
2440
1574
2505
1534
1858
2907
1122
1803
2776
2044
818
844
1510
256
1124
1556
1934
1442
2383
2794
1749
2491
0
621
311
1397
190
2208
1108
2254
2476
1123
2212
1796
227
2509
397
1855
2610
1233
813
1957
810
1209
1999
2768
151
751
2878
1938
1685
2372
2196
1223
143
1220
1455
583
694
2779
1322
1982
2531
1718
1109
4
2856
1825
1641
1717
437
450
638
21
1261
803
328
2194
456
1565
1307
643
176
415
1647
2536
1178
408
2431
1844
2785
2364
2014
1529
1465
2668
1853
2833
1214
2339
2751
315
1042
2830
1313
244
106
2659
1890
735
1128
1810
787
189
938
2703
2037
2108
41
1401
888
1059
434
2627
720
1976
44
1690
714
2232
2613
1619
2269
313
1879
464
2861
1922
1670
217
571
1058
223
548
2342
1794
1452
1697
2134
91
2892
2858
39
1055
345
261
225
589
1012
73
140
675
1204
2067
1371
173
2084
2366
1265
3
2186
1923
825
48
1014
2873
43
2453
1316
1096
1924
219
2534
619
1867
2857
1519
193
1366
2729
374
108
72
152
1004
681
12
2850
590
2464
2460
87
1631
318
2086
1737
504
1918
2106
763
2110
2852
452
1732
1488
568
2841
1649
1217
1115
1758
1973
1935
2135
300
1650
2818
2752
1852
1334
2515
937
535
2553
640
454
2721
2724
651
278
209
861
2822
2686
2661
15
1110
924
2796
1540
183
798
2645
1013
601
1393
2310
807
510
850
567
2920
1874
2059
2465
435
258
2594
2375
2022
2011
1428
2874
934
2864
2519
1286
2009
2593
773
218
2379
971
848
1065
51
2556
2927
294
2629
1862
2046
1262
31
443
1389
2653
630
665
92
727
2286
716
1696
1236
2740
1629
1333
1130
1941
1919
135
1942
2595
2456
629
804
297
2598
2750
712
2141
897
2184
2412
1295
1337
273
2144
864
216
2237
2093
32
2836
2577
1145
1106
2641
266
1205
1282
2242
2220
552
1552
402
392
2727
1125
1399
2697
2568
1637
1882
962
945
129
60
920
2257
642
2278
358
164
1553
76
1580
943
2000
1027
1895
1473
1126
149
762
1859
1689
131
2376
1407
99
1479
2032
978
922
288
1692
1593
2282
698
1662
960
2604
1902
709
1363
2566
269
284
1770
1806
775
2008
1390
873
1551
2338
119
1608
2631
1067
1002
1716
2929
1857
2477
931
2095
1364
578
771
808
1762
1120
2597
2762
989
1866
1191
584
518
2611
1303
1325
2246
1983
396
2516
2702
546
103
207
63
2634
1865
160
1742
2937
1029
558
2654
124
1805
1314
1951
1693
2478
236
2709
2495
1990
155
449
726
2405
2225
1781
2499
2025
2881
843
483
429
1335
2120
2117
529
457
1382
130
180
1738
2578
1722
1632
293
1802
303
1700
745
1826
1466
565
271
743
2369
824
2413
2765
679
1672
886
316
794
2336
156
1047
2941
448
471
930
322
1022
2549
2814
667
2795
2023
2092
2291
2746
2169
928
1800
2233
1090
822
1757
2061
2718
148
107
1476
248
1987
2692
2360
1839
1015
2043
478
2414
1830
1681
909
2800
1394
2494
1078
1940
28
2757
19
88
2210
2521
2773
1603
1056
1116
513
411
265
233
534
1571
2843
2470
2145
89
986
623
323
1978
1903
947
952
2803
904
1301
509
744
595
2217
1298
1795
61
137
276
1188
1477
2782
2259
2772
741
2602
2875
911
2780
1616
1691
708
1483
2637
1755
2072
2235
2542
561
933
468
2816
876
150
2855
2227
1968
55
168
983
2384
2433
2281
1331
377
2252
1712
2137
1676
1201
421
2053
2636
1093
2643
59
1482
2738
70
86
1503
880
2292
2769
2402
2028
1176
2305
2533
2149
2562
2912
153
1044
1856
2791
671
1981
1590
2230
742
785
1264
2587
68
783
1417
2616
921
887
2248
2680
412
1423
1943
683
628
1077
2739
2435
114
1949
1669
2626
1562
997
2096
819
368
2085
1831
2356
905
333
1965
2264
67
1051
1274
2723
990
1499
570
869
2825
2923
1688
405
488
1101
1451
2690
2885
1353
1911
2015
2792
1605
372
325
445
53
834
439
1100
2488
2424
2696
1416
503
2097
2391
1088
914
1221
2525
2089
1019
1448
2020
2204
2035
2526
1811
309
2047
1743
1219
1509
2581
793
1754
1723
1512
1118
1318
2442
1255
2741
1729
2867
507
157
342
2213
1905
2860
2324
324
2002
2202
2054
1953
352
2706
1392
540
2180
958
254
1630
1714
241
1162
1845
799
312
1148
2844
1659
1384
687
1969
1040
672
2328
2774
1878
1050
1788
2112
85
752
1536
770
662
403
1577
908
1766
2646
1330
976
2898
1491
2273
916
2183
2679
2596
2309
531
923
1567
1498
870
1792
2891
1860
2541
496
946
1699
2102
58
839
489
337
2380
2408
1492
959
2777
792
1207
2573
700
659
1532
427
2633
2671
2908
1790
2922
1746
1075
649
784
851
2127
264
753
1443
1357
1041
1099
866
2167
109
2172
110
423
2475
863
2523
121
343
1238
1513
2332
2482
2407
1180
954
1636
1103
528
2605
398
2157
2452
484
2251
2550
482
1648
695
532
480
1611
2880
453
929
2528
809
1533
71
1950
556
458
631
1606
1989
1450
544
1263
2731
1596
1625
1586
1820
2005
1259
733
1680
1756
847
2166
237
1635
1248
2285
11
1917
1136
505
519
2205
1497
230
855
1349
2669
1684
2535
2603
2082
82
2239
192
1172
2019
892
1615
1415
2906
1231
2730
459
195
885
611
2415
499
950
1517
2849
1377
1526
2073
1698
896
1074
1372
2192
1408
2584
1169
2489
1104
1713
354
639
641
1505
1367
2558
1225
1279
608
179
1959
2847
1427
696
491
2554
2367
1544
1273
2312
191
2087
1720
1277
1329
2481
2042
390
2665
1076
1486
2888
1296
555
1468
2255
1991
1112
1418
1633
566
1564
2870
171
348
966
2474
691
1053
1785
941
2758
1137
321
462
2352
895
169
2928
232
686
1181
299
213
2466
829
474
2571
331
1841
2638
2493
1900
251
1310
1028
1877
1049
1807
1152
1985
1196
2150
1929
2296
1150
2214
1396
1809
2517
247
2001
2353
2901
1739
1656
2817
1094
767
2394
1494
1348
197
1359
1206
1489
1870
444
1542
1595
613
204
706
1445
757
381
1439
356
1547
879
718
1573
1224
713
378
1229
2770
539
967
2268
2133
1936
2693
2411
2684
1412
2038
2236
118
1413
2060
1434
447
2386
2321
2745
1092
185
431
144
1507
748
2091
789
607
2343
826
1952
2485
2887
1154
2188
2747
699
2279
1083
380
1091
1343
1327
1674
1724
2502
1847
877
780
1438
1143
1787
1655
1281
541
2771
1642
1132
1585
883
1383
2119
347
992
2240
2033
1419
1836
653
2351
560
2300
2925
292
2713
2804
901
846
514
1747
1701
2893
1686
1324
670
158
919
2301
138
2400
689
2576
1814
2322
2393
1569
837
1026
2333
2229
1006
633
1886
1258
329
1441
1823
999
516
1406
295
1750
889
1431
182
522
2939
728
2754
389
970
1599
955
2471
134
2012
161
1135
1891
701
2341
263
2160
1840
2444
2854
2329
575
1763
2628
1555
301
2574
1549
2938
627
162
2673
1652
956
1626
2365
1309
2198
1591
2056
95
2182
1868
2819
463
2926
2722
1388
1030
2030
2199
935
536
2304
2289
624
1010
1894
1211
2161
2520
5
2658
275
2358
832
33
655
2623
750
2732
2447
2390
1583
1241
2362
2113
2152
136
1433
1777
123
2003
1171
2479
2148
1425
609
1927
2250
2655
2564
2601
2118
433
1072
1914
46
2879
2586
2529
1610
267
772
853
26
2111
805
1167
1581
1350
898
2612
2171
1653
500
167
327
1409
1276
961
2098
2190
1365
1963
2302
2527
2018
1244
2824
1881
2395
1379
1945
413
486
2417
1511
2406
1283
1502
1147
591
1979
2265
1297
1304
894
2565
2280
2080
2720
1185
2335
1869
1557
2253
2712
467
274
2267
524
1159
128
2807
2258
102
597
2848
2845
759
1129
1278
841
2903
2209
2625
1084
2753
1284
469
806
626
249
2484
1661
654
1537
1158
588
2492
2809
1846
2306
2764
1119
90
1961
2421
2890
132
1506
1235
395
2681
1531
65
644
24
796
2419
1554
984
399
2398
64
2216
2024
1018
2580
1024
2487
1660
1627
2733
974
1523
953
1146
116
481
2013
636
527
2122
1454
339
907
2270
2048
2176
973
497
2438
1199
50
1008
2142
1177
1016
1528
2734
674
308
117
1194
417
776
2451
424
1928
1038
1589
711
1727
334
2707
1667
2177
2130
1834
1193
1799
57
2151
1967
1975
1602
840
1432
1939
1623
2354
774
2319
2588
2410
1971
572
2247
1003
2297
302
2544
142
2077
422
2399
948
2512
2766
79
884
1243
296
944
366
828
797
2508
610
436
1285
2409
1816
968
1342
29
645
1256
1484
1561
1361
2853
2506
420
479
582
1780
2582
632
614
1133
2909
2325
2355
2404
1508
1420
387
386
2871
440
1385
2385
1362
942
2078
2801
410
2940
1576
36
2621
1612
111
2656
574
2123
1288
1308
1514
1458
1793
2326
47
2004
298
66
1368
1677
2034
2036
2921
1005
2357
2070
1057
2256
1709
2101
1909
40
2140
401
418
2109
1597
617
349
2361
83
1539
1817
2016
2045
2107
2691
1875
791
657
858
2271
371
746
2146
2062
739
1838
2504
235
1897
2820
215
2701
2561
1864
344
286
1824
1791
1828
357
250
1198
756
1779
2079
1675
2743
165
1654
2159
1822
754
559
2347
97
2911
782
2688
187
2672
2787
2811
1312
2532
1411
2552
2006
2125
239
1064
2299
1848
1063
370
2933
1550
212
1268
2716
1170
1966
253
2178
1305
1247
272
2392
2041
2667
2657
2480
2143
1524
1719
1213
703
1520
2543
1376
1607
460
1345
2619
2726
996
2630
891
341
54
2930
760
965
2642
2068
2728
936
2652
2518
1210
2245
2284
2283
1566
2589
1246
177
1234
2139
2469
2513
1405
1937
49
1947
1320
306
1889
1931
473
1888
120
1954
2432
1472
69
1815
1440
1035
252
2698
2121
1403
2789
777
1321
1601
939
1062
1060
573
154
525
2546
1151
1578
849
2599
226
1921
2551
1821
618
2132
1033
1017
2368
1614
1174
245
2422
307
637
1400
2272
1374
857
1861
1522
1702
2218
2224
506
1592
2081
2555
788
1037
104
2307
199
778
1121
1997
2483
1260
17
2918
598
2468
2262
1430
697
852
2689
543
243
2783
355
1459
98
1
406
2201
580
1613
1572
871
2370
2346
1131
2090
600
1453
1703
2676
202
765
2670
45
2834
993
201
1239
969
2760
1257
801
874
340
163
2129
814
2575
432
291
495
2905
485
1351
2737
1142
685
1801
1538
2472
2115
1694
1842
1252
1306
93
2744
1731
963
2699
2583
635
1068
1173
2883
346
1195
362
314
2749
1460
1326
1849
2644
1270
56
2446
361
2263
542
1461
2813
1097
620
1087
1843
2827
2057
2899
530
1187
1481
115
9
122
2607
1980
25
2717
2288
569
388
208
240
2793
2266
790
2031
1496
279
650
1471
563
1759
1457
2894
2459
262
833
1395
1098
1765
1105
2088
1775
2340
338
2917
2802
859
684
1332
862
2397
383
2914
229
2832
1964
1160
285
1559
1728
2639
1054
927
1977
477
146
1161
1203
545
270
648
994
1640
1475
400
592
81
246
2131
1085
2010
2371
1294
441
2104
416
1071
1912
224
1462
2877
1242
493
1548
2540
2763
1480
2886
310
1926
1906
2675
1745
409
1080
1624
2238
1157
634
1356
1153
1398
1946
1761
2147
856
1189
1621
2910
1753
1887
101
2114
2244
105
2316
2846
438
2436
1558
1474
2835
490
1819
1437
1230
875
350
2742
722
1490
2049
1291
1066
1628
2206
1545
2222
494
2808
890
2017
268
2396
2490
2784
2260
461
2895
2486
747
2683
707
2666
1114
1299
1192
1645
2579
2007
1046
394
585
1916
1582
1872
2450
2029
868
881
1478
1568
1907
320
995
2323
8
910
1111
815
1182
2382
1186
1086
1139
451
1715
363
145
170
2934
1707
816
2839
13
1725
1892
379
2427
925
2449
1910
2826
1464
512
1287
1695
2203
1358
830
918
1898
1683
280
1254
1769
78
335
1808
1587
2538
289
562
384
1444
2719
1721
200
2677
1352
2514
283
1812
2805
1772
2761
508
1341
1932
845
2075
2374
1021
682
2191
2662
1275
112
612
1913
2884
2275
730
1360
1500
982
705
1435
660
615
1402
1726
1563
1070
893
426
62
2695
1031
1336
587
2545
2051
1446
831
2099
917
2781
2500
1752
1774
1208
2065
113
2868
281
1082
972
1679
2882
1827
2897
2223
332
521
1543
1992
385
2226
949
1925
2823
553
738
2331
1404
2904
719
603
14
2428
1113
376
1117
1340
1974
1165
1023
1387
715
2497
1249
414
725
1771
290
902
1240
1300
2806
1237
2441
2524
2429
2094
2748
1668
1671
1730
985
678
42
736
2735
198
476
2219
2467
537
1993
1804
2168
1226
1156
365
194
594
779
1521
1598
2510
1748
2187
2913
20
842
1994
673
2788
1216
1687
940
257
991
1854
1930
2622
677
1317
7
1764
1751
133
2829
2027
1904
446
669
903
2591
1061
1956
1495
2315
174
2635
2348
2678
981
1773
2454
2418
2547
2241
802
1706
2105
373
2261
1880
1000
1570
2664
2620
2138
732
2207
2511
1644
475
2572
2563
147
282
221
2234
1380
222
872
1293
2401
1651
1183
2592
37
2498
2156
2932
472
1504
1036
1646
1272
693
900
1069
1001
1908
915
1089
1885
2714
593
139
1837
2345
2293
2243
1025
1354
2501
74
1007
2387
1467
1245
987
1643
1620
375
2165
2496
2615
1996
951
2294
353
2869
1141
1250
2705
704
1469
827
663
430
1369
520
159
1163
860
1560
2334
2649
1527
220
1011
1915
2100
1955
492
1986
1767
2179
2154
77
1266
2350
1665
766
2609
2624
2931
1760
52
1708
2298
979
1280
2799
1034
835
2614
1138
2736
723
1639
203
2828
502
666
2277
2064
913
2124
2842
1609
2276
517
1735
2337
2420
2416
330
1960
1328
1744
2058
1144
369
710
2158
1134
1140
1958
1344
1079
2704
2759
1449
1782
912
2503
1789
455
1663
305
1155
2388
1463
523
2537
1896
166
2585
364
317
1678
2195
616
515
2674
998
498
1901
821
865
1829
823
977
2461
1378
1424
501
2798
646
2295
2865
729
1515
1009
1920
721
1518
1798
1485
1292
2021
287
1197
957
1617
734
16
1673
2915
2590
2902
2650
2710
2128
1851
1984
1107
2228
172
2344
606
1271
668
2786
1575
2831
1733
1166
6
2687
1893
680
1127
2050
2155
2425
1414
817
23
2863
75
656
1032
319
2359
1863
692
126
737
1422
2797
2026
2317
2448
1190

