1 1
2 0
3 1
4 0
5 0
6 1
7 1
8 0
9 1
10 0
11 1
12 1
13 0
14 0
15 0
16 1
17 0
18 0
19 0
20 0
21 0
22 0
23 1
24 0
25 1
26 0
27 1
28 1
29 0
30 0
31 1
32 0
33 0
34 0
35 1
36 0
37 0
38 0
39 1
40 1
41 0
42 1
43 1
44 1
45 1
46 1
47 0
48 0
49 1
50 0
51 0
52 0
53 1
54 0
55 1
56 1
57 1
58 0
59 0
60 1
61 1
62 1
63 1
64 1
65 0
66 0
67 1
68 1
69 0
70 0
71 0
72 0
73 1
74 0
75 0
76 0
77 1
78 1
79 0
80 0
81 0
82 1
83 1
84 0
85 1
86 0
87 0
88 0
89 0
90 1
91 0
92 0
93 0
94 0
95 1
96 0
97 0
98 1
99 0
100 0
101 0
102 0
103 1
104 1
105 1
106 0
107 0
108 1
109 1
110 0
111 1
112 1
113 1
114 1
115 1
116 0
117 0
118 1
119 1
120 0
121 0
122 1
123 1
124 1
125 0
126 0
127 0
128 0
129 0
130 1
131 1
132 0
133 0
134 1
135 1
136 0
137 0
138 0
139 1
140 0
141 1
142 0
143 1
144 0
145 1
146 0
147 1
148 0
149 1
150 1
151 0
152 0
153 1
154 0
155 0
156 1
157 0
158 0
159 0
160 0
161 1
162 1
163 0
164 0
165 1
166 1
167 0
168 0
169 1
170 0
171 0
172 1
173 0
174 1
175 0
176 1
177 1
178 0
179 1
180 0
181 0
182 0
183 0
184 1
185 1
186 0
187 0
188 1
189 0
190 0
191 0
192 1
193 1
194 0
195 1
196 0
197 1
198 0
199 1
200 1
201 1
202 0
203 1
204 1
205 0
206 1
207 0
208 0
209 0
210 0
211 1
212 1
213 1
214 0
215 1
216 0
217 0
218 0
219 0
220 0
221 0
222 0
223 1
224 1
225 1
226 0
227 1
228 0
229 1
230 0
231 0
232 1
233 1
234 0
235 1
236 1
237 0
238 0
239 0
240 0
241 0
242 0
243 0
244 0
245 0
246 0
247 1
248 0
249 1
250 0
251 0
252 1
253 0
254 0
255 1
256 0
257 0
258 0
259 0
260 0
261 0
262 1
263 0
264 1
265 1
266 0
267 0
268 0
269 1
270 0
271 1
272 0
273 1
274 0
275 1
276 0
277 0
278 1
279 0
280 0
281 1
282 1
283 1
284 0
285 1
286 0
287 0
288 0
289 0
290 0
291 1
292 1
293 0
294 0
295 1
296 1
297 0
298 1
299 1
300 0
301 1
302 1
303 0
304 1
305 1
306 1
307 1
308 0
309 0
310 0
311 1
312 0
313 1
314 1
315 0
316 1
317 0
318 0
319 0
320 1
321 0
322 1
323 0
324 1
325 1
326 0
327 0
328 1
329 0
330 0
331 1
332 1
333 0
334 0
335 1
336 0
337 1
338 0
339 0
340 0
341 0
342 0
343 0
344 0
345 1
346 0
347 0
348 1
349 0
350 1
351 0
352 0
353 1
354 0
355 0
356 1
357 0
358 1
359 1
360 1
361 1
362 1
363 0
364 1
365 0
366 1
367 0
368 0
369 0
370 1
371 0
372 1
373 0
374 0
375 0
376 0
377 1
378 1
379 0
380 1
381 1
382 1
383 1
384 0
385 1
386 0
387 1
388 1
389 1
390 0
391 1
392 0
393 1
394 0
395 1
396 0
397 0
398 0
399 0
400 0
401 1
402 1
403 0
404 0
405 0
406 1
407 0
408 1
409 0
410 0
411 1
412 0
413 1
414 0
415 1
416 0
417 0
418 0
419 1
420 0
421 0
422 1
423 0
424 0
425 0
426 0
427 0
428 0
429 0
430 1
431 0
432 0
433 1
434 0
435 0
436 0
437 0
438 0
439 1
440 0
441 0
442 0
443 0
444 0
445 0
446 1
447 0
448 0
449 0
450 1
451 0
452 0
453 0
454 0
455 0
456 1
457 0
458 1
459 0
460 0
461 1
462 0
463 1
464 1
465 0
466 1
467 0
468 0
469 1
470 0
471 1
472 0
473 1
474 0
475 0
476 1
477 1
478 0
479 1
480 0
481 1
482 1
483 1
484 0
485 0
486 0
487 1
488 1
489 1
490 0
491 1
492 0
493 0
494 1
495 1
496 0
497 1
498 1
499 0
500 0
501 0
502 1
503 1
504 1
505 1
506 0
507 0
508 0
509 1
510 0
511 0
512 1
513 0
514 1
515 0
516 0
517 1
518 0
519 1
520 0
521 0
522 1
523 0
524 1
525 1
526 0
527 1
528 0
529 0
530 1
531 0
532 1
533 0
534 0
535 1
536 0
537 1
538 0
539 1
540 1
541 0
542 1
543 1
544 0
545 0
546 0
547 1
548 0
549 1
550 1
551 1
552 1
553 0
554 0
555 1
556 0
557 1
558 1
559 0
560 0
561 1
562 0
563 1
564 0
565 1
566 0
567 0
568 0
569 0
570 1
571 1
572 0
573 1
574 0
575 1
576 1
577 0
578 0
579 0
580 1
581 1
582 1
583 0
584 0
585 0
586 0
587 1
588 0
589 1
590 0
591 0
592 0
593 1
594 0
595 1
596 0
597 0
598 0
599 0
600 1
601 1
602 0
603 0
604 0
605 0
606 1
607 0
608 1
609 1
610 0
611 1
612 0
613 0
614 0
615 1
616 0
617 1
618 0
619 0
620 0
621 1
622 0
623 0
624 1
625 0
626 0
627 1
628 1
629 1
630 0
631 1
632 0
633 1
634 0
635 1
636 1
637 1
638 1
639 1
640 0
641 0
642 1
643 1
644 0
645 1
646 0
647 1
648 0
649 0
650 1
651 0
652 1
653 0
654 0
655 1
656 1
657 0
658 1
659 1
660 0
661 1
662 1
663 0
664 0
665 1
666 1
667 0
668 0
669 0
670 0
671 1
672 1
673 0
674 0
675 0
676 0
677 1
678 0
679 0
680 0
681 0
682 1
683 1
684 0
685 0
686 0
687 1
688 1
689 1
690 0
691 0
692 0
693 1
694 0
695 1
696 0
697 0
698 1
699 0
700 1
701 0
702 1
703 1
704 1
705 0
706 0
707 0
708 1
709 1
710 0
711 0
712 1
713 0
714 1
715 1
716 1
717 0
718 0
719 1
720 0
721 0
722 1
723 1
724 0
725 1
726 1
727 0
728 0
729 0
730 0
731 1
732 0
733 0
734 1
735 0
736 0
737 0
738 1
739 1
740 0
741 0
742 1
743 0
744 1
745 0
746 0
747 0
748 1
749 1
750 0
751 0
752 1
753 0
754 1
755 1
756 1
757 1
758 0
759 1
760 0
761 1
762 0
763 1
764 0
765 0
766 0
767 0
768 0
769 0
770 1
771 1
772 0
773 0
774 0
775 0
776 0
777 0
778 0
779 0
780 1
781 0
782 1
783 1
784 0
785 0
786 1
787 1
788 0
789 1
790 0
791 1
792 0
793 0
794 0
795 0
796 1
797 0
798 0
799 1
800 0
801 0
802 1
803 1
804 0
805 1
806 1
807 1
808 0
809 0
810 1
811 0
812 1
813 0
814 0
815 0
816 0
817 0
818 0
819 1
820 0
821 1
822 0
823 1
824 0
825 0
826 1
827 0
828 1
829 1
830 1
831 0
832 1
833 0
834 1
835 0
836 1
837 0
838 0
839 0
840 1
841 0
842 0
843 0
844 0
845 0
846 0
847 1
848 0
849 1
850 0
851 1
852 0
853 0
854 0
855 0
856 1
857 0
858 1
859 1
860 1
861 1
862 0
863 1
864 0
865 1
866 0
867 0
868 0
869 1
870 0
871 0
872 0
873 0
874 0
875 1
876 1
877 0
878 1
879 1
880 1
881 0
882 1
883 1
884 1
885 1
886 0
887 1
888 0
889 0
890 0
891 1
892 0
893 0
894 1
895 0
896 1
897 1
898 0
899 0
900 1
901 1
902 1
903 0
904 1
905 0
906 1
907 0
908 0
909 0
910 1
911 1
912 1
913 1
914 0
915 1
916 1
917 0
918 0
919 1
920 0
921 1
922 1
923 0
924 0
925 0
926 1
927 0
928 0
929 0
930 0
931 0
932 1
933 0
934 0
935 0
936 1
937 1
938 1
939 1
940 0
941 1
942 1
943 0
944 0
945 0
946 0
947 0
948 1
949 1
950 0
951 0
952 0
953 0
954 0
955 0
956 0
957 1
958 0
959 0
960 1
961 0
962 0
963 0
964 0
965 1
966 0
967 1
968 0
969 0
970 1
971 1
972 1
973 0
974 1
975 1
976 1
977 0
978 1
979 0
980 1
981 1
982 1
983 0
984 1
985 0
986 0
987 1
988 1
989 0
990 1
991 1
992 1
993 0
994 0
995 1
996 1
997 1
998 1
999 1
1000 0
1001 1
1002 1
1003 0
1004 1
1005 1
1006 0
1007 1
1008 0
1009 1
1010 0
1011 1
1012 0
1013 1
1014 1
1015 0
1016 1
1017 0
1018 0
1019 0
1020 1
1021 1
1022 1
1023 1
1024 0
1025 1
1026 0
1027 1
1028 0
1029 0
1030 0
1031 0
1032 0
1033 0
1034 1
1035 0
1036 0
1037 1
1038 0
1039 0
1040 0
1041 0
1042 1
1043 1
1044 0
1045 1
1046 0
1047 1
1048 1
1049 0
1050 1
1051 0
1052 1
1053 0
1054 1
1055 0
1056 1
1057 0
1058 1
1059 1
1060 0
1061 0
1062 1
1063 0
1064 1
1065 0
1066 0
1067 1
1068 0
1069 0
1070 1
1071 1
1072 0
1073 0
1074 0
1075 1
1076 1
1077 0
1078 1
1079 1
1080 0
1081 0
1082 0
1083 0
1084 1
1085 1
1086 0
1087 0
1088 0
1089 1
1090 1
1091 1
1092 1
1093 0
1094 0
1095 0
1096 1
1097 0
1098 1
1099 0
1100 1
1101 0
1102 0
1103 0
1104 1
1105 1
1106 1
1107 1
1108 1
1109 0
1110 1
1111 0
1112 0
1113 1
1114 0
1115 0
1116 0
1117 0
1118 1
1119 1
1120 0
1121 1
1122 1
1123 1
1124 0
1125 1
1126 0
1127 1
1128 1
1129 0
1130 0
1131 1
1132 1
1133 1
1134 0
1135 0
1136 1
1137 0
1138 0
1139 1
1140 0
1141 0
1142 0
1143 0
1144 1
1145 0
1146 1
1147 0
1148 0
1149 0
1150 1
1151 1
1152 1
1153 0
1154 0
1155 1
1156 0
1157 0
1158 0
1159 1
1160 1
1161 0
1162 0
1163 1
1164 0
1165 0
1166 0
1167 1
1168 0
1169 0
1170 0
1171 0
1172 0
1173 0
1174 1
1175 1
1176 1
1177 0
1178 1
1179 1
1180 0
1181 0
1182 1
1183 1
1184 1
1185 1
1186 0
1187 1
1188 0
1189 1
1190 0
1191 1
1192 0
1193 0
1194 1
1195 1
1196 1
1197 0
1198 1
1199 0
1200 1
1201 1
1202 1
1203 1
1204 1
1205 0
1206 0
1207 1
1208 0
1209 1
1210 0
1211 0
1212 0
1213 0
1214 0
1215 0
1216 0
1217 0
1218 0
1219 1
1220 0
1221 1
1222 0
1223 0
1224 1
1225 0
1226 1
1227 1
1228 1
1229 1
1230 0
1231 0
1232 0
1233 0
1234 0
1235 0
1236 0
1237 1
1238 0
1239 1
1240 0
1241 1
1242 0
1243 1
1244 0
1245 0
1246 1
1247 1
1248 0
1249 0
1250 1
1251 1
1252 0
1253 1
1254 0
1255 0
1256 1
1257 0
1258 0
1259 1
1260 1
1261 0
1262 1
1263 0
1264 1
1265 0
1266 0
1267 0
1268 0
1269 1
1270 0
1271 0
1272 1
1273 0
1274 0
1275 0
1276 0
1277 1
1278 1
1279 0
1280 1
1281 0
1282 0
1283 0
1284 0
1285 0
1286 0
1287 1
1288 0
1289 1
1290 0
1291 0
1292 0
1293 1
1294 0
1295 0
1296 1
1297 1
1298 0
1299 0
1300 1
1301 1
1302 0
1303 0
1304 1
1305 0
1306 1
1307 1
1308 0
1309 1
1310 1
1311 0
1312 1
1313 0
1314 1
1315 1
1316 1
1317 1
1318 1
1319 0
1320 0
1321 0
1322 0
1323 0
1324 1
1325 0
1326 1
1327 1
1328 0
1329 0
1330 0
1331 0
1332 0
1333 0
1334 0
1335 0
1336 1
1337 1
1338 0
1339 0
1340 0
1341 1
1342 0
1343 0
1344 1
1345 0
1346 0
1347 0
1348 0
1349 0
1350 0
1351 0
1352 1
1353 1
1354 1
1355 0
1356 1
1357 0
1358 0
1359 1
1360 0
1361 0
1362 1
1363 1
1364 1
1365 0
1366 1
1367 0
1368 0
1369 0
1370 0
1371 0
1372 0
1373 1
1374 1
1375 1
1376 0
1377 0
1378 1
1379 0
1380 1
1381 0
1382 1
1383 0
1384 0
1385 0
1386 0
1387 1
1388 0
1389 0
1390 0
1391 1
1392 0
1393 1
1394 1
1395 0
1396 1
1397 1
1398 0
1399 0
1400 1
1401 0
1402 1
1403 1
1404 0
1405 1
1406 0
1407 1
1408 1
1409 0
1410 0
1411 1
1412 0
1413 1
1414 0
1415 0
1416 0
1417 0
1418 1
1419 0
1420 1
1421 1
1422 1
1423 1
1424 0
1425 0
1426 0
1427 0
1428 0
1429 0
1430 0
1431 0
1432 1
1433 0
1434 1
1435 0
1436 0
1437 0
1438 0
1439 0
1440 0
1441 1
1442 0
1443 1
1444 0
1445 0
1446 0
1447 1
1448 1
1449 0
1450 1
1451 1
1452 0
1453 0
1454 0
1455 0
1456 0
1457 1
1458 0
1459 1
1460 1
1461 1
1462 1
1463 1
1464 0
1465 1
1466 1
1467 0
1468 0
1469 1
1470 0
1471 1
