1 0
2 1
3 1
4 1
5 1
6 0
7 0
8 0
9 0
10 0
11 0
12 0
13 1
14 1
15 1
16 0
17 0
18 0
19 0
20 1
21 1
22 1
23 0
24 0
25 0
26 1
27 1
28 0
29 1
30 0
31 0
32 0
33 1
34 0
35 0
36 1
37 1
38 0
39 0
40 0
41 0
42 1
43 0
44 0
45 1
46 0
47 0
48 0
49 1
50 1
51 0
52 1
55 0
56 1
57 1
58 0
59 0
60 1
61 0
62 1
63 0
64 1
65 0
66 0
67 1
68 1
69 1
70 0
71 1
72 1
73 1
74 1
75 0
76 0
77 1
78 1
79 0
80 1
81 1
82 0
83 0
84 1
85 0
86 1
87 1
88 1
89 0
90 0
91 0
92 1
93 0
94 0
95 0
96 1
97 0
98 0
99 0
100 1
101 0
102 1
103 0
104 1
105 0
106 0
107 0
108 1
109 0
110 1
111 1
112 1
113 1
114 0
115 1
116 1
117 0
118 1
119 0
120 1
121 0
122 1
123 0
124 0
125 0
126 1
127 0
128 1
129 1
130 1
131 1
132 0
133 0
134 1
135 1
136 0
137 0
138 1
139 1
140 1
141 1
142 1
143 1
144 0
145 0
146 0
147 0
148 0
149 0
150 1
151 0
152 0
153 0
154 1
155 0
156 1
157 0
158 1
159 1
160 1
161 0
162 1
163 1
164 1
165 1
166 1
167 1
168 0
169 0
170 0
171 1
172 1
173 0
174 0
175 1
176 1
177 0
178 1
179 0
180 0
181 1
182 1
183 0
184 0
185 1
186 1
187 1
188 0
189 0
190 0
191 0
192 0
193 1
194 1
195 1
196 0
197 1
198 1
199 0
200 0
201 1
202 1
203 1
204 1
205 1
206 0
207 1
208 1
209 0
210 0
211 1
212 1
213 1
214 0
215 1
216 1
217 0
218 0
219 1
220 1
221 1
222 0
223 1
224 1
225 1
226 0
227 0
228 0
229 0
230 1
231 0
232 1
233 0
234 1
235 0
236 0
237 0
238 0
239 0
240 1
241 0
242 0
243 0
244 0
245 1
246 1
247 0
248 1
249 1
250 1
251 1
252 0
253 0
254 0
255 1
256 1
257 0
258 1
259 0
260 1
261 0
262 1
263 0
264 0
265 1
266 0
267 1
268 1
269 0
270 0
271 1
272 0
273 0
274 1
275 0
276 0
277 0
278 0
279 1
280 0
281 0
282 0
283 1
284 0
285 1
286 0
287 0
288 0
289 1
290 0
291 0
292 0
293 1
294 0
295 0
296 1
297 1
298 0
299 0
300 0
301 0
302 1
303 0
304 1
305 0
306 0
307 0
308 0
309 0
310 1
311 0
312 0
313 1
314 1
315 1
316 1
317 0
318 1
319 0
320 0
321 0
322 1
323 0
324 1
325 0
326 0
327 1
328 1
329 0
330 0
331 1
332 0
333 0
334 0
335 0
336 0
337 1
338 0
339 0
340 0
341 0
342 0
343 0
344 0
345 1
346 0
347 0
348 0
349 0
350 0
351 0
352 0
353 0
354 0
355 1
356 0
357 1
358 0
359 0
360 0
361 0
362 0
363 0
364 1
365 0
366 1
367 0
368 0
369 0
370 0
371 0
372 1
373 1
374 0
375 0
376 0
377 1
378 0
379 0
380 0
381 0
382 0
383 0
384 0
385 0
386 1
387 0
388 1
389 0
390 0
391 1
392 0
393 0
394 0
395 0
396 0
397 0
398 1
399 1
400 0
401 0
402 0
403 1
404 1
405 0
406 0
407 1
408 1
409 0
410 0
411 0
412 1
413 1
414 1
415 1
416 0
417 0
418 0
419 1
420 0
421 0
422 1
423 0
424 0
425 1
426 1
427 0
428 1
429 0
430 0
431 0
432 1
433 1
434 0
435 0
436 0
437 0
438 0
439 0
440 0
441 0
442 0
443 0
444 0
445 1
446 1
447 1
448 1
449 0
450 0
451 0
452 0
453 0
454 1
455 0
456 0
457 1
458 0
459 0
460 0
461 0
462 1
463 0
464 0
465 1
466 1
467 1
468 1
469 1
470 1
471 0
472 0
473 1
474 1
475 1
476 0
477 1
478 0
479 0
480 0
481 1
482 1
483 0
484 0
485 0
486 1
487 0
488 1
489 0
490 1
491 0
492 1
493 1
494 0
495 1
496 0
497 0
498 1
499 0
500 1
501 1
502 1
503 1
504 0
505 0
506 0
507 0
508 1
509 1
510 1
511 0
512 0
513 0
514 1
515 0
516 1
517 0
518 1
519 1
520 1
521 0
522 1
523 1
524 1
525 1
526 0
527 1
528 1
529 1
530 1
531 1
532 1
533 0
534 0
535 0
536 0
537 0
538 1
539 1
540 1
541 0
542 0
543 0
544 0
545 1
546 1
547 1
548 1
549 0
550 0
551 0
552 0
553 0
554 1
555 0
556 0
557 0
558 1
559 1
560 0
561 0
562 0
563 0
564 0
565 0
566 0
567 0
568 1
569 1
570 0
571 1
572 0
573 1
574 1
575 1
576 1
577 1
578 0
579 0
580 1
581 1
582 1
583 1
584 0
585 1
586 1
587 1
588 1
589 0
590 0
591 0
592 0
593 1
594 0
595 0
596 0
597 1
598 1
599 1
600 0
601 1
602 0
603 1
604 1
605 1
606 0
607 0
608 0
609 0
610 0
611 0
612 0
613 1
614 0
615 0
616 0
617 0
618 0
619 0
620 0
621 0
622 0
623 0
624 0
625 0
626 1
627 1
628 0
629 0
630 0
631 1
632 0
633 1
634 0
635 0
636 1
637 0
638 0
639 1
640 1
641 1
642 0
643 0
644 0
645 0
646 0
647 0
648 0
649 1
650 1
651 1
652 1
653 0
654 1
655 0
656 1
657 1
658 1
659 0
660 0
661 0
662 1
663 0
664 1
665 0
666 1
667 1
668 0
669 0
670 0
671 0
672 0
673 0
674 0
675 0
676 0
677 0
678 1
679 0
680 0
681 0
682 1
683 0
684 0
685 0
686 1
687 0
688 0
689 0
690 0
691 0
692 1
693 1
694 1
695 0
696 0
697 0
698 0
699 0
700 1
701 0
702 1
703 0
704 0
705 0
706 0
707 1
708 1
709 0
710 0
711 0
712 0
713 1
714 1
715 1
716 1
717 1
718 1
719 0
720 1
721 0
722 1
723 0
724 1
725 1
726 1
727 0
728 0
729 1
730 0
731 1
732 1
733 1
734 0
735 0
736 0
737 0
738 0
739 0
