25
28
23
25
30
27
29
31
36
28
24
28
25
22
20
29
29
20
19
30
28
31
23
26
25
27
28
31
34
20
28
21
32
26
22
24
23
28
26
27
26
23
32
28
25
28
25
25
26
28
21
27
30
28
24
24
28
30
30
24
33
30
25
26
24
26
20
26
25
24
23
26
29
26
22
29
27
26
25
27
24
30
24
25
20
37
29
28
29
24
22
27
22
27
23
22
30
27
26
32
24
26
34
28
28
24
23
32
32
23
23
28
28
26
24
23
23
24
26
24
30
32
27
33
29
21
27
32
28
30
28
29
27
24
27
29
22
29
40
34
27
26
24
35
24
31
37
28
26
26
31
26
27
30
33
28
24
39
29
32
18
25
27
24
24
27
24
31
36
26
26
31
24
25
27
24
29
20
17
21
24
29
30
34
31
26
28
26
27
29
24
29
21
25
28
27
34
32
22
28
21
27
29
28
22
29
22
26
24
27
33
30
26
26
27
29
26
28
21
25
28
36
28
29
28
24
31
26
27
28
26
27
23
30
29
26
29
20
29
27
22
30
23
30
28
29
26
28
20
33
24
27
23
22
26
23
25
25
21
25
20
23
27
29
27
24
23
22
21
24
26
31
26
17
28
27
30
20
26
33
31
28
28
34
30
25
25
24
26
23
21
21
32
31
28
19
26
26
23
25
23
30
23
22
29
27
27
28
20
28
25
28
27
31
25
24
23
27
32
31
22
22
23
31
25
28
29
30
25
33
28
27
28
29
26
29
33
31
30
24
22
23
26
25
29
23
24
31
34
24
28
29
30
27
28
20
24
32
27
25
25
25
28
24
23
22
26
33
31
19
25
37
29
25
26
28
28
20
18
29
31
24
24
28
26
26
24
29
23
35
23
28
33
26
26
28
24
26
26
29
22
26
28
28
22
25
26
27
30
29
23
22
35
28
23
21
29
25
26
21
31
29
21
26
35
26
29
25
35
20
24
29
27
27
31
34
26
28
35
21
22
31
27
21
34
27
26
27
26
27
22
27
36
31
25
22
32
21
34
21
24
29
33
21
24
30
30
30
23
29
27
37
30
25
25
26
30
26
28
35
24
23
30
26
32
26
29
28
30
22
34
27
31
33
25
25
25
22
24
30
33
30
25
27
29
29
27
27
30
21
29
28
33
19
37
22
22
31
33
26
25
26
21
28
28
25
28
24
29
34
23
24
21
28
23
29
22
32
27
25
29
25
26
32
21
27
33
19
29
21
29
23
37
24
26
23
22
29
24
37
24
27
32
26
28
38
27
24
28
29
32
26
22
26
30
23
21
27
23
25
25
32
22
31
34
27
23
26
33
29
20
28
21
28
33
19
24
25
29
26
28
23
22
21
36
32
34
32
23
22
31
34
29
32
30
28
28
27
23
27
32
26
24
30
26
22
23
25
30
24