1 0
2 0
3 1
4 0
5 0
6 1
7 0
8 1
9 0
10 1
11 1
12 0
13 0
14 1
15 0
16 1
17 1
18 1
19 1
20 0
21 0
22 1
23 0
24 1
25 0
26 1
27 1
28 1
29 1
30 1
31 1
32 0
33 0
34 0
35 0
36 0
37 1
38 1
39 1
40 1
41 0
42 0
43 1
44 1
45 1
46 1
47 0
48 1
49 1
50 1
51 0
52 1
53 0
54 1
55 1
56 1
57 0
58 0
59 1
60 0
61 0
62 0
63 1
64 1
65 0
66 0
67 0
68 1
69 0
70 1
71 0
72 1
73 1
74 0
75 0
76 0
77 1
78 1
79 0
80 1
81 0
82 1
83 0
84 1
85 1
86 0
87 1
88 0
89 1
90 1
91 1
92 0
93 0
94 1
95 0
96 0
97 1
98 0
99 0
100 1
101 0
102 0
103 0
104 0
105 1
106 1
107 1
108 1
109 1
110 1
111 0
112 0
113 1
114 0
115 1
116 0
117 0
118 1
119 0
120 1
121 1
122 0
123 0
124 0
125 1
126 0
127 1
128 0
129 1
130 0
131 0
132 0
133 1
134 0
135 0
136 0
137 1
138 0
139 1
140 0
141 0
142 1
143 0
144 0
145 1
146 1
147 1
148 0
149 1
150 0
151 1
152 0
153 0
154 1
155 0
156 1
157 1
158 1
159 0
160 0
161 1
162 0
163 1
164 0
165 1
166 1
167 1
168 0
169 0
170 1
171 1
172 0
173 0
174 1
175 0
176 0
177 1
178 0
179 1
180 0
181 1
182 1
183 0
184 0
185 1
186 0
187 1
188 1
189 1
190 1
191 0
192 1
193 0
194 1
195 0
196 1
197 1
198 0
199 0
200 1
201 1
202 1
203 0
204 1
205 0
206 0
207 1
208 0
209 0
210 0
211 1
212 1
213 1
214 1
215 1
216 0
217 1
218 1
219 0
220 0
221 1
222 0
223 0
224 0
225 0
226 0
227 1
228 0
229 1
230 1
231 0
232 0
233 1
234 0
235 0
236 1
237 1
238 0
239 0
240 0
241 1
242 0
243 0
244 0
245 1
246 1
247 0
248 0
249 0
250 1
251 1
252 0
253 0
254 0
255 0
256 0
257 1
258 0
259 1
260 0
261 0
262 1
263 0
264 0
265 0
266 0
267 1
268 1
269 0
270 1
271 0
272 0
273 0
274 1
275 0
276 0
277 1
278 0
279 0
280 1
281 1
282 1
283 1
284 0
285 1
286 0
287 0
288 1
289 1
290 1
291 0
292 0
293 0
294 0
295 1
296 0
297 0
298 0
299 0
300 0
301 1
302 1
303 1
304 1
305 1
306 1
307 0
308 0
309 0
310 1
311 0
312 0
313 1
314 1
315 1
316 1
317 0
318 1
319 0
320 1
321 1
322 1
323 0
324 1
325 0
326 1
327 0
328 0
329 0
330 0
331 1
332 1
333 0
334 1
335 0
336 0
337 1
338 0
339 0
340 0
341 0
342 0
343 1
344 0
345 0
346 0
347 1
348 1
349 0
350 1
351 0
352 1
353 0
354 0
355 1
356 1
357 0
358 1
359 0
360 1
361 0
362 0
363 0
364 0
365 0
366 0
367 1
368 1
369 1
370 1
371 0
372 1
373 1
374 1
375 0
376 0
377 1
378 1
379 0
380 0
381 0
382 0
383 0
384 1
385 0
386 0
387 0
388 1
389 0
390 0
391 1
392 0
393 0
394 0
395 0
396 1
397 0
398 1
399 1
400 0
401 0
402 1
403 1
404 1
405 1
406 1
407 1
408 0
409 0
410 0
411 1
412 1
413 1
414 0
415 0
416 1
417 0
418 0
419 1
420 1
421 0
422 1
423 0
424 1
425 0
426 0
427 0
428 1
429 0
430 0
431 0
432 0
433 0
434 0
435 0
436 0
437 1
438 1
439 1
440 1
441 1
442 1
443 1
444 0
445 0
446 0
447 0
448 1
449 1
450 1
451 1
452 0
453 0
454 1
455 1
456 0
457 1
458 0
459 0
460 0
461 0
462 0
463 0
464 1
465 0
466 1
467 1
468 1
469 0
470 1
471 0
472 1
473 1
474 0
475 1
476 1
477 1
478 0
479 1
480 0
481 1
482 1
483 1
484 1
485 1
486 1
487 0
488 1
489 0
490 0
491 1
492 1
493 1
494 0
495 0
496 1
497 1
498 1
499 0
500 0
501 1
502 1
503 1
504 1
505 0
506 0
507 0
508 1
509 1
510 1
511 0
512 0
513 0
514 0
515 1
516 1
517 1
518 0
519 0
520 1
521 0
522 0
523 0
524 1
525 1
526 1
527 0
528 1
529 0
530 1
531 0
532 1
533 0
534 0
535 0
536 0
537 1
538 0
539 0
540 1
541 1
542 0
543 1
544 1
545 1
546 0
547 0
548 0
549 1
550 1
551 1
552 1
553 1
554 0
555 0
556 0
557 1
558 0
559 0
560 1
561 1
562 0
563 0
564 0
565 0
566 0
567 0
568 1
569 1
570 1
571 1
572 0
573 0
574 1
575 1
576 0
577 0
578 0
579 0
580 0
581 0
582 1
583 0
584 1
585 1
586 1
587 0
588 1
589 0
590 0
591 0
592 0
593 1
594 1
595 0
596 1
597 1
598 0
599 1
600 1
601 1
602 1
603 0
604 1
605 1
606 1
607 1
608 0
609 0
610 1
611 0
612 0
613 1
614 0
615 1
616 1
617 1
618 1
619 0
620 0
621 0
622 0
623 0
624 1
625 0
626 0
627 0
628 0
629 0
630 0
631 0
632 0
633 0
634 0
635 0
636 0
637 1
638 1
639 1
640 1
641 0
642 1
643 0
644 0
645 1
646 1
647 1
648 1
649 0
650 1
651 0
652 1
653 1
654 1
655 0
656 1
657 1
658 0
659 1
660 0
661 1
662 0
663 1
664 1
665 0
666 0
667 0
668 1
669 0
670 1
671 1
672 1
673 0
674 0
675 0
676 0
677 1
678 0
679 1
680 0
681 0
682 1
683 0
684 1
685 1
686 1
687 1
688 1
689 0
690 0
691 1
692 0
693 0
694 1
695 1
696 1
697 1
698 0
699 1
700 1
701 1
702 1
703 0
704 1
705 0
706 0
707 0
708 1
709 0
710 0
711 1
712 1
713 0
714 1
715 0
716 0
717 1
718 0
719 0
720 0
721 0
722 0
723 0
724 1
725 1
726 0
727 0
728 0
729 0
730 0
731 1
732 1
733 0
734 0
735 1
736 0
737 1
738 1
739 0
740 1
741 1
742 0
743 1
744 0
745 0
746 1
747 1
748 0
749 0
750 0
751 1
752 1
753 1
754 0
755 1
756 0
757 1
758 1
759 1
760 1
761 1
762 0
763 0
764 1
765 0
766 0
767 0
768 1
769 1
770 1
771 0
772 1
773 1
774 1
775 1
776 0
777 0
778 0
779 0
780 0
781 1
782 1
783 1
784 1
785 1
786 0
787 0
788 0
789 0
790 1
791 0
792 0
793 1
794 0
795 0
796 0
797 0
798 1
799 0
800 0
801 0
802 1
803 1
804 0
805 1
806 1
807 0
808 0
809 1
810 1
811 1
812 0
813 0
814 1
815 1
816 0
817 1
818 1
819 1
820 1
821 0
822 0
823 0
824 1
825 1
826 1
827 0
828 0
829 1
830 0
831 0
832 1
833 0
834 1
835 0
836 0
837 1
838 0
839 0
840 0
841 1
842 1
843 0
844 0
845 1
846 0
847 1
848 0
849 0
850 1
851 1
852 1
853 0
854 1
855 0
856 0
857 0
858 1
859 0
860 0
861 0
862 0
863 1
864 0
865 0
866 1
867 0
868 0
869 1
870 0
871 0
872 1
873 0
874 1
875 0
876 1
877 0
878 0
879 1
880 0
881 0
882 1
883 1
884 1
885 0
886 1
887 0
888 0
889 0
890 1
891 1
892 1
893 1
894 0
895 0
896 1
897 0
898 0
899 0
900 0
901 1
902 0
903 0
904 0
905 0
906 0
907 0
908 0
909 0
910 0
911 0
912 1
913 0
914 1
915 1
916 0
917 0
918 1
919 0
920 1
921 0
922 0
923 1
924 0
925 0
926 1
927 0
928 0
929 1
930 0
931 0
932 1
933 0
934 1
935 0
936 0
937 0
938 0
939 1
940 1
941 1
942 1
943 1
944 1
945 1
946 1
947 0
948 1
949 1
950 1
951 0
952 1
953 1
954 1
955 1
956 1
957 1
958 0
959 0
960 0
961 0
962 0
963 1
964 0
965 0
966 0
967 0
968 0
969 1
970 0
971 0
972 1
973 0
974 1
975 1
976 0
977 1
978 0
979 0
980 0
981 1
982 1
983 1
984 1
985 1
986 0
987 0
988 1
989 0
990 1
991 1
992 0
993 0
994 1
995 0
996 0
997 0
998 0
999 1
1000 1
1001 1
1002 0
1003 0
1004 0
1005 1
1006 0
1007 0
1008 1
1009 0
1010 0
1011 1
1012 1
1013 0
1014 0
1015 0
1016 1
1017 1
1018 0
1019 0
1020 0
1021 1
1022 0
1023 1
1024 0
1025 0
1026 0
1027 0
1028 1
1029 1
1030 0
1031 1
1032 0
1033 0
1034 1
1035 0
1036 0
1037 1
1038 1
1039 1
1040 0
1041 0
1042 0
1043 0
1044 1
1045 1
1046 0
1047 0
1048 1
1049 1
1050 0
1051 0
1052 1
1053 0
1054 0
1055 0
1056 0
1057 1
1058 0
1059 0
1060 1
1061 0
1062 0
1063 1
1064 0
1065 0
1066 0
1067 0
1068 0
1069 1
1070 1
1071 0
1072 1
1073 1
1074 1
1075 1
1076 1
1077 0
1078 1
1079 0
1080 0
1081 0
1082 0
1083 1
1084 1
1085 0
1086 0
1087 1
1088 1
1089 0
1090 0
1091 0
1092 0
1093 1
1094 0
1095 1
1096 1
1097 0
1098 1
1099 0
1100 1
1101 1
1102 0
1103 0
1104 1
1105 0
1106 0
1107 1
1108 0
1109 0
1110 0
1111 1
1112 0
1113 0
1114 0
1115 0
1116 0
1117 0
1118 1
1119 1
1120 1
1121 0
1122 0
1123 0
1124 1
1125 0
1126 1
1127 1
1128 0
1129 0
1130 0
1131 0
1132 0
1133 1
1134 0
1135 0
1136 1
1137 0
1138 0
1139 0
1140 0
1141 0
1142 0
1143 0
1144 1
1145 1
1146 1
1147 1
1148 0
1149 0
1150 0
1151 0
1152 1
1153 0
1154 1
1155 1
1156 0
1157 1
1158 1
1159 0
1160 1
1161 1
1162 1
1163 0
1164 1
1165 1
1166 0
1167 1
1168 0
1169 1
1170 0
1171 1
1172 1
1173 0
1174 1
1175 1
1176 0
1177 0
1178 0
1179 0
1180 1
1181 0
1182 1
1183 1
1184 0
1185 0
1186 0
1187 0
1188 0
1189 0
1190 0
1191 1
1192 1
1193 1
1194 1
1195 1
1196 0
1197 0
1198 0
1199 0
1200 0
1201 0
1202 0
1203 0
1204 0
1205 0
1206 1
1207 0
1208 0
1209 1
1210 0
1211 1
1212 1
1213 0
1214 1
1215 1
1216 1
1217 1
1218 1
1219 0
1220 0
1221 0
1222 1
1223 1
1224 0
1225 1
1226 0
1227 0
1228 0
1229 1
1230 0
1231 0
1232 1
1233 0
1234 0
1235 0
1236 1
1237 1
1238 0
1239 1
1240 1
1241 0
1242 0
1243 1
1244 0
1245 1
1246 0
1247 0
1248 1
1249 0
1250 1
1251 0
1252 0
1253 0
1254 0
1255 1
1256 0
1257 1
1258 0
1259 1
1260 0
1261 0
1262 1
1263 0
1264 0
1265 0
1266 1
1267 1
1268 1
1269 1
1270 0
1271 1
1272 0
1273 0
1274 1
1275 1
1276 1
1277 0
1278 0
1279 0
1280 0
1281 1
1282 1
1283 1
1284 0
1285 1
1286 0
1287 1
1288 0
1289 1
1290 1
1291 0
1292 1
1293 0
1294 0
1295 0
1296 1
1297 0
1298 0
1299 0
1300 1
1301 0
1302 1
1303 1
1304 0
1305 1
1306 1
1307 0
1308 1
1309 0
1310 0
1311 1
1312 0
1313 1
1314 0
1315 0
1316 0
1317 0
1318 1
1319 0
1320 0
1321 0
1322 0
1323 0
1324 0
1325 1
1326 0
1327 0
1328 0
1329 1
1330 0
1331 1
1332 0
1333 0
1334 0
1335 0
1336 0
1337 0
1338 0
1339 0
1340 0
1341 0
1342 0
1343 1
1344 0
1345 0
1346 0
1347 1
1348 1
1349 1
1350 0
1351 0
1352 0
1353 1
1354 0
1355 0
1356 1
1357 1
1358 1
1359 0
1360 0
1361 0
1362 1
1363 1
1364 0
1365 0
1366 0
1367 0
1368 1
1369 1
1370 0
1371 0
1372 0
1373 1
1374 0
1375 0
1376 1
1377 1
1378 1
1379 1
1380 1
1381 0
1382 0
1383 0
1384 1
1385 0
1386 1
1387 1
1388 1
1389 0
1390 1
1391 1
1392 0
1393 0
1394 0
1395 0
1396 1
1397 1
1398 0
1399 1
1400 0
1401 1
1402 1
1403 0
1404 0
1405 1
1406 0
1407 0
1408 0
1409 0
1410 0
1411 1
1412 0
1413 0
1414 0
1415 0
1416 1
1417 0
1418 1
1419 0
1420 0
1421 0
1422 1
1423 0
1424 1
1425 0
1426 1
1427 0
1428 1
1429 0
1430 0
1431 0
1432 0
1433 0
1434 1
1435 1
1436 1
1437 0
1438 0
1439 0
1440 1
1441 0
1442 0
1443 1
1444 1
1445 0
1446 1
1447 1
1448 0
1449 0
1450 1
1451 0
1452 1
1453 0
1454 1
1455 0
1456 0
1457 0
1458 0
1459 0
1460 0
1461 0
1462 0
1463 1
1464 0
1465 1
1466 1
1467 0
1468 0
1469 1
1470 1
1471 1
