2746
2446
1821
1767
2769
1590
1366
1214
2528
2024
2292
1360
2215
992
1879
1490
2206
1472
320
2339
2378
1865
920
21
2022
1449
1628
2702
2553
1181
2832
826
314
2484
2065
2771
2233
2246
482
2266
1513
1769
2267
1840
1300
1153
2830
1108
1209
13
643
1527
1428
1218
769
452
1382
2133
456
280
1848
2763
455
1237
545
2476
2641
1483
757
2104
1720
1998
2649
2584
2198
589
771
896
2694
2731
1603
939
2332
2858
2490
2614
1763
1971
2856
387
1618
428
2793
1766
409
1703
1334
850
962
2257
755
1761
98
312
313
348
2409
1663
442
2610
1662
1849
2668
1268
2327
1643
854
1952
298
2799
1400
2082
2740
926
2311
466
1791
1521
1084
609
1548
140
1727
102
1264
1315
1436
1889
2358
1698
2255
2380
2068
2603
2389
2199
153
2667
527
1721
1354
164
2835
1831
1804
994
1910
1570
794
1929
2375
981
2914
2659
133
544
150
2564
2319
1855
773
1882
1773
2294
2310
1073
1305
1901
2655
2122
2497
2351
1627
2127
730
871
201
640
1659
645
1993
1207
1287
2115
1637
1096
2060
1011
1574
718
1317
654
1575
1850
953
224
401
2341
1778
1851
593
1647
1693
1991
2833
944
223
1807
2538
88
665
1803
830
356
1273
252
233
1196
1639
701
2857
1885
1427
474
2331
1539
1498
2458
2234
2613
750
370
1726
568
2237
3
1229
552
2915
65
2901
172
1261
2193
503
462
619
1959
1120
712
637
608
704
1159
269
1281
987
76
1599
1605
2562
31
111
1768
2899
1423
459
283
547
2612
2404
251
1173
1136
1041
2148
1970
2495
613
1389
2773
577
723
1706
2862
601
1903
753
2782
627
918
1724
2672
2504
2412
2377
832
449
2357
16
212
36
443
1857
904
836
237
1456
228
193
77
2568
1454
2896
181
2117
2249
2037
2656
1417
1565
2743
204
321
884
1035
491
1056
1753
1050
2131
2049
2030
294
288
392
1444
1781
2869
2911
1462
1000
2005
907
2893
431
2396
811
2657
1377
2413
1881
2676
248
1280
740
749
2302
2663
1432
632
1690
1737
336
1088
1244
1007
1369
304
2503
655
5
1837
1316
1306
1786
776
1098
935
1252
2349
1110
2427
1911
384
968
1191
957
309
1581
2135
190
1790
2707
2881
242
2909
1827
2385
2912
1065
2017
1128
83
861
2792
405
2877
2716
827
2664
66
2105
368
1497
2802
1431
2798
2805
2185
947
2840
575
2056
2437
186
2898
171
2183
1373
1924
2733
1371
2015
903
149
521
1279
2920
535
2726
500
615
1696
1367
1477
2231
734
874
597
2073
136
606
2289
1067
2582
594
1746
2598
353
1674
2665
890
184
286
2675
642
420
2145
895
2333
1308
64
271
2886
2353
716
2638
1411
1633
1054
1964
2058
671
10
779
2285
1832
1631
1361
1486
2111
1469
2810
1340
2473
112
2838
486
1652
2481
584
1277
2081
389
1956
912
2191
2465
360
2244
274
2536
2588
534
322
916
388
1466
2416
2461
1535
1797
437
436
1332
558
786
1948
1809
969
1250
1979
2865
1648
985
1051
106
472
651
1764
2515
603
690
1267
2602
2875
198
783
2671
873
1435
1725
1995
809
2926
1303
630
425
1747
2900
2872
138
1817
2374
1661
1134
2417
2697
2809
1629
1164
2852
2821
2014
2808
2617
990
956
1676
419
2711
2364
1869
714
2548
135
1295
1792
495
2507
933
305
1687
526
728
2324
257
155
2228
206
1926
1103
1192
1123
2628
464
37
402
2891
2539
867
2162
241
227
2004
2398
439
2937
536
2316
1105
1166
247
1728
473
851
1429
2217
296
2305
2307
689
107
2725
2386
2616
1713
1587
2597
1326
2607
1963
1200
2622
1689
1685
1254
1116
664
2406
219
2849
1227
612
2775
352
2306
661
638
346
662
287
1626
33
1470
2699
1208
2248
2509
2020
2777
982
549
2347
841
115
970
2223
326
131
557
2337
2009
490
438
710
1917
2496
475
468
91
451
1811
1364
194
1716
670
1982
2576
853
1644
964
2328
1001
417
2113
68
2547
2222
554
1328
1863
1221
629
1990
1043
2540
1625
2098
1512
2011
232
2397
2583
531
2693
797
2483
2533
1464
1549
2175
1892
2297
1474
2180
1141
825
2291
1008
1313
1170
1202
2421
240
2895
1194
2335
2313
1327
1655
1509
86
979
2196
1836
1023
1027
2812
1810
572
187
371
1338
838
1501
1276
2744
1503
1543
210
1641
1593
1102
932
225
290
2688
1086
2062
211
328
2154
0
1142
2109
2354
1390
2525
2542
658
2177
2394
781
411
2314
2527
788
78
2686
292
2360
2280
81
85
1416
1862
2428
1071
2620
887
79
1325
633
2885
1232
1047
650
2252
1718
2883
1222
571
2179
1248
1398
1460
137
2770
1777
1784
347
1564
2673
1453
550
2085
581
375
1820
209
2683
19
1907
108
2873
2508
2137
1230
317
752
877
1372
636
587
93
2714
1115
1388
2480
23
2779
2684
1566
2064
801
2729
1322
2247
2401
530
1119
1401
2570
2041
2768
1149
2241
2298
2467
2647
1967
34
1904
2556
2059
1131
622
256
29
1294
1233
697
2831
278
1822
646
790
40
1665
1349
2157
1624
663
2232
480
32
6
1530
2067
71
2100
1710
316
1383
2806
560
293
121
2376
1265
2590
2393
2917
2758
1446
1487
12
1068
746
1193
410
1374
1124
709
1871
1729
2300
1320
2086
993
2430
2142
1750
1794
2348
1762
869
505
2284
2781
2817
2218
1425
2654
2093
1745
203
974
1126
1147
1561
1936
496
842
120
2586
1517
1514
1249
2165
2764
2208
461
2031
1341
1269
2766
1323
1576
1005
2695
82
945
2368
213
2789
2573
1412
1092
1691
2356
2794
2591
978
154
623
1946
764
983
2107
2275
659
2585
736
774
2422
621
2434
2574
2630
2123
308
1708
1645
398
860
1864
1251
59
1238
1980
367
123
1634
1167
855
2036
863
1695
2371
596
1622
60
1307
2012
2814
261
674
1572
1757
770
2169
574
1438
1253
604
1992
789
216
2514
1802
341
260
1592
1183
881
2813
1742
2824
2600
2143
1066
1568
1197
41
1843
882
1616
1546
2432
799
69
1701
2308
676
1984
1923
1588
1925
2002
117
657
113
39
1212
2205
407
1861
1969
839
1876
614
1994
379
2366
681
1619
479
2112
92
524
2904
2632
2837
2061
2589
1032
1058
1062
162
2730
2464
2186
1962
1752
84
1079
996
616
817
694
1623
448
49
1657
129
2325
2756
2144
2599
2139
1538
1934
579
1799
52
1500
2666
2800
515
737
2605
1319
376
307
711
147
43
483
429
8
1458
705
2435
1833
2336
163
2365
927
2270
1523
2334
1756
2293
2090
1602
1951
1829
1347
611
812
2094
2110
2238
1457
1176
2102
27
1900
179
2722
717
991
911
2482
792
1075
1981
245
525
523
2551
666
2159
733
489
1211
2399
1664
2903
2745
2907
268
539
2670
1905
2919
2753
1534
1355
1188
1365
2229
2780
1350
421
2706
492
423
2212
1150
2924
344
2692
2016
507
1293
1210
2224
1489
901
556
299
2516
2718
20
2535
2552
418
1973
56
1409
1596
2801
1186
2095
1426
383
691
2755
649
2681
2615
1556
2728
386
144
2174
2709
414
1571
2621
2155
1666
693
2522
2623
303
453
886
725
1518
2425
1187
1932
1978
351
302
90
1542
919
1558
2767
1476
2691
2204
2250
2713
1442
2424
2254
1336
1022
511
1118
2658
2329
433
385
1579
440
1451
238
1805
2340
2890
1448
174
605
2021
1898
2494
1968
888
2210
1828
337
169
1712
777
2125
2566
1683
2797
199
87
1953
875
1480
582
862
2511
1275
2121
2317
2546
1085
2320
1439
856
2633
289
2407
315
2642
2931
2861
97
335
959
1404
1180
1488
399
250
235
1620
182
754
2268
1585
24
2463
1443
506
2518
220
2323
1544
2629
167
963
2876
2163
1736
1055
698
1723
395
2608
1285
2080
1928
1363
2499
481
878
2505
1154
380
2565
703
125
2411
1342
1057
1818
1155
122
311
631
306
1668
2460
47
551
1069
130
2477
2182
1563
2867
1298
2577
1541
1171
2860
202
394
2171
377
282
2669
2083
741
1346
1015
2648
1888
844
2048
1179
599
2315
2274
688
1688
742
976
999
2700
2189
1859
1819
1705
2466
2493
2784
165
1866
2108
2051
795
942
902
103
291
2301
2734
2933
2236
864
2290
1880
1256
2783
239
2844
1163
2864
457
829
1016
2879
986
934
2765
917
1113
852
1787
1386
858
2106
2390
2786
2529
2211
2894
1972
1834
1531
2192
2153
950
2197
1247
958
1278
2203
1182
1699
413
1138
54
2265
2543
923
142
1161
1260
1419
2387
696
1607
178
109
2472
63
1612
1883
1478
2440
450
2239
2450
2563
1357
537
467
2787
2403
1029
1759
1839
1358
42
2444
573
1649
266
487
2391
1632
215
2053
158
2559
2486
1070
1101
1312
18
2055
813
891
1707
2889
2843
1157
1121
2471
2569
284
692
1567
1434
1912
2025
2326
747
338
1986
197
2631
1283
192
2689
2003
2221
2506
910
2715
1976
1600
2791
391
1961
1776
708
1966
297
892
1894
1667
1074
1673
1091
960
1049
2457
340
566
2501
1702
1872
2273
772
2167
1609
562
11
967
1258
2146
458
899
205
2530
528
1505
2372
145
998
1868
1660
2078
2359
2045
803
1331
2459
2757
318
2383
1309
2759
2099
1930
2304
374
807
1143
2751
1553
1242
602
2639
2475
2750
908
2687
785
1407
2902
1156
1393
1302
989
2269
80
1743
2279
2661
2487
2572
1902
9
2738
2754
1547
2040
1455
2619
822
141
868
2384
1945
1314
2521
1887
2101
1413
2057
2074
2498
2646
403
2052
369
1774
2930
325
1433
1519
2618
2033
1263
2034
1061
2579
2160
2442
1921
600
1391
444
1010
327
497
2043
859
834
1801
951
2063
1578
1812
2704
96
1709
784
1063
330
499
1125
756
2721
529
1560
1324
124
1266
1024
1495
498
635
2807
1583
2149
1491
262
2079
2523
157
148
2282
1475
2047
463
1996
502
617
540
766
17
2863
22
1461
2367
1178
1206
408
1080
2927
814
1933
1943
512
965
719
2276
1719
810
1681
930
2531
971
2643
1540
1144
378
1184
2151
1586
485
1257
1414
2287
230
508
2737
1395
2245
434
1582
1684
843
1441
538
618
2054
1760
249
1078
1598
2604
1808
359
435
1551
761
1504
2453
2545
176
739
800
1846
2708
915
2636
2866
28
2027
677
700
188
2851
929
1977
2418
721
2438
816
2173
1935
2103
2712
1536
2645
208
2519
2420
1408
2066
234
2209
2653
2168
2719
1090
1006
2449
2069
2128
2785
1714
2554
1177
2312
1656
517
669
2678
798
1780
1895
488
1468
683
143
2803
943
1037
946
2084
2679
2076
2147
1672
1915
2596
432
2601
628
1224
2593
2848
722
2652
2346
952
2846
1274
2887
2922
2272
2747
2075
2188
1467
961
2029
48
2018
2544
1697
889
2400
760
973
1522
2426
1146
2541
2762
914
2415
1686
2194
300
1730
354
1731
1835
1337
1785
1552
778
1722
1675
1635
678
751
1060
365
2382
53
2594
1580
1533
273
620
2526
647
699
1243
1528
2788
1545
849
1526
95
938
1939
936
641
2644
2243
358
1606
2485
2774
2164
2626
2322
1031
331
2906
2126
1899
2000
837
1351
1422
2925
1783
2042
652
1437
2423
2008
2023
1215
343
2790
516
2723
1646
713
1205
1735
1359
74
1270
447
2888
1213
2195
2295
580
821
828
2492
2935
1289
954
2451
1813
430
1189
1615
541
1734
1025
214
2934
1291
1610
644
323
2278
277
175
1370
504
966
2077
559
588
988
15
894
1485
729
2448
2213
207
1072
1059
70
2447
478
1941
1471
2226
520
119
626
555
2819
372
168
2184
883
2823
2939
471
866
1040
1104
1815
824
2772
872
518
373
2470
1826
1239
236
2732
139
127
2136
1789
607
422
1394
680
1052
1751
30
2880
1095
1630
357
1145
1459
441
1151
2140
922
533
1290
200
61
2187
446
1321
2677
1003
2532
1642
1511
1392
1204
2116
279
2227
546
2651
1755
2296
2156
2778
2549
2361
1914
1133
591
1169
905
152
2039
2318
672
1479
2491
1653
1874
2561
73
1311
1284
802
1129
1532
58
1891
1830
2071
1842
1717
532
1385
2850
128
72
2517
1617
2913
2201
686
57
1288
229
1744
2344
806
1226
980
1286
1002
805
2742
339
1
264
1160
2436
1107
1028
1139
2251
2874
2625
1039
667
847
2170
2749
2520
2478
445
465
2932
1018
1918
1577
1064
2369
2892
2392
1378
1999
334
1806
14
254
1030
857
2138
1795
1240
1927
2262
2172
454
2839
576
1916
514
2698
1594
1375
1465
2410
1033
1793
2259
2462
564
2929
118
469
2286
1241
2611
1384
2640
1814
1875
1201
1122
2044
2408
2938
2845
1203
2089
114
997
569
791
2537
1333
1562
415
625
2905
2690
656
45
1272
1502
1046
909
1021
75
1947
2578
1042
1259
2299
586
2046
845
2940
2674
941
977
2859
583
275
2032
1779
1584
595
110
949
1019
928
1362
2119
2854
972
1271
2910
26
2345
2087
2001
1965
2456
2870
324
819
1852
598
427
1739
2739
38
345
682
906
46
2200
893
846
2019
1733
244
1854
2120
1754
1896
2309
166
1026
2026
1877
1704
2557
2158
1782
2752
1677
897
2796
2660
276
743
1938
1550
2134
94
101
243
1344
865
2868
702
548
2717
2161
217
1038
1715
1614
2469
1870
2038
2567
1140
1174
1415
870
2815
2452
563
1410
924
1636
2776
687
1352
1800
2882
1856
744
35
833
1651
1100
2
1573
1908
2489
1117
161
780
2379
2419
921
1482
1950
1569
1738
509
1958
1014
1796
1771
2277
426
195
1983
2816
765
610
2216
1114
1884
1246
1094
2166
1175
513
180
2395
2362
639
818
2264
2132
2724
1589
1692
1920
880
2230
748
2916
404
259
913
1886
931
424
2575
1955
2822
2682
2828
2260
1770
494
2190
2479
1304
2235
1658
522
1944
715
1940
2220
1537
412
2214
1873
342
1077
1109
1405
1906
189
2650
2141
1824
255
1595
1494
1473
1137
1608
2370
1406
2096
1387
1867
1099
406
2696
2242
1162
1440
2092
2853
1418
2303
2680
1853
1960
397
1282
2263
2592
1597
2207
2513
2795
363
900
484
44
592
879
2225
1611
1430
1296
132
2510
660
1198
1219
2871
1860
1130
1682
1376
1798
1525
2811
2114
1245
1353
1234
1775
984
2281
1949
1292
2441
940
1447
173
565
2338
185
510
4
1348
1044
183
1484
578
2261
1034
820
1036
1083
2936
1954
1009
2388
253
1732
1838
732
898
350
2842
501
2097
876
1463
2414
1506
2761
1493
25
2637
831
1481
1076
1235
2150
2342
624
272
1017
1329
105
196
1380
1823
724
2662
782
2091
50
975
2826
948
1220
767
787
361
231
2474
1748
726
1640
390
1897
2841
1507
1601
1492
267
2918
1195
1397
281
364
1942
1516
1356
1741
2381
295
2748
1190
2836
285
1987
1772
1127
1216
1335
1093
1421
2606
1878
1997
1368
1515
1339
2288
720
1650
332
1424
55
1555
100
1106
2433
2363
2352
470
1402
1301
885
2202
2705
2921
1989
2445
1678
738
2760
362
2571
1152
2443
1679
925
2500
768
1758
2878
67
561
758
146
89
393
2330
1045
1255
1988
775
2271
2701
2555
2627
2219
1396
1499
1081
1185
2855
1931
1816
416
1524
835
2283
1345
684
1135
1223
1510
2072
2028
1671
1858
159
2703
1132
1343
396
570
1225
2240
1554
731
2825
804
2741
2634
1957
2820
1557
1621
1399
679
2253
1236
1053
519
2736
1452
2720
653
1913
1975
1909
1985
1890
707
808
1089
2181
1529
1297
2727
151
695
258
1087
542
1013
668
2829
222
1165
2350
1638
366
2321
270
1919
7
493
1172
310
2827
2847
840
2070
1020
648
634
1420
460
685
134
735
1670
2343
1844
2402
381
2580
1613
265
116
2587
1604
1004
1496
2256
2560
1217
263
2129
333
2124
1262
1299
1893
590
2834
226
2130
567
1788
1168
673
1330
62
1445
1450
2431
2923
1199
2488
1974
1700
1740
1520
2624
2534
51
1922
476
2405
349
727
2735
1825
221
793
2176
218
1310
2502
2439
2928
955
2595
995
759
177
1381
2685
1148
2007
1508
156
2635
382
1749
2152
1231
585
553
126
2468
2558
675
1841
2550
848
170
1097
763
1158
1111
1112
706
160
1591
2524
1228
823
1937
246
2118
1654
2804
2897
2373
2010
2908
1711
2581
2454
1318
2035
1845
2178
1379
2818
329
1669
104
937
745
1559
191
2355
319
2258
2088
2512
815
2609
1403
1012
99
2710
762
796
400
543
2455
2884
1048
477
2050
2006
355
2941
1694
301
1765
2429
1847
2013
1680
1082

