1 1
2 0
3 1
4 0
5 1
6 1
7 1
8 1
9 1
10 0
11 1
12 1
13 1
14 0
15 1
16 0
17 1
18 0
19 1
20 0
21 0
22 0
23 0
24 0
25 0
26 0
27 1
28 1
29 1
30 1
31 1
32 1
33 0
34 1
35 0
36 1
37 1
38 1
39 0
40 1
41 0
42 1
43 0
44 0
45 1
46 0
47 1
48 0
49 0
50 0
51 0
52 1
53 0
54 1
55 1
56 1
57 0
58 0
59 1
60 1
61 1
62 1
63 1
64 1
65 1
66 1
67 0
68 1
69 1
70 1
71 1
72 0
73 0
74 0
75 0
76 0
77 1
78 0
79 0
80 0
81 0
82 1
83 1
84 0
85 1
86 1
87 1
88 1
89 0
90 0
91 0
92 1
93 0
94 1
95 0
96 1
97 0
98 1
99 0
100 1
101 0
102 1
103 1
104 0
105 0
106 0
107 1
108 0
109 0
110 1
111 1
112 1
113 0
114 1
115 1
116 0
117 0
118 1
119 0
120 1
121 1
122 1
123 1
124 0
125 1
126 1
127 1
128 1
129 0
130 1
131 0
132 0
133 0
134 0
135 0
136 1
137 1
138 0
139 0
140 1
141 0
142 1
143 0
144 0
145 0
146 0
147 0
148 0
149 1
150 1
151 0
152 1
153 0
154 1
155 0
156 1
157 0
158 1
159 1
160 0
161 1
162 1
163 0
164 0
165 1
166 1
167 0
168 1
169 0
170 1
171 0
172 0
173 0
174 0
175 1
176 0
177 0
178 0
179 1
180 0
181 0
182 0
183 1
184 0
185 1
186 0
187 0
188 0
189 0
190 0
191 1
192 0
193 0
194 1
195 0
196 1
197 1
198 0
199 0
200 0
201 1
202 1
203 1
204 1
205 1
206 0
207 1
208 1
209 1
210 1
211 0
212 0
213 1
214 1
215 0
216 0
217 0
218 0
219 0
220 1
221 1
222 1
223 1
224 1
225 1
226 0
227 1
228 1
229 1
230 1
231 1
232 1
233 1
234 0
235 0
236 1
237 1
238 1
239 0
240 1
241 1
242 1
243 0
244 0
245 1
246 1
247 0
248 1
249 0
250 1
251 0
252 0
253 1
254 1
255 0
256 0
257 0
258 1
259 0
260 1
261 1
262 1
263 1
264 0
265 0
266 1
267 1
268 0
269 1
270 0
271 1
272 1
273 0
274 1
275 1
276 1
277 0
278 1
279 1
280 0
281 0
282 0
283 1
284 1
285 0
286 0
287 1
288 0
289 0
290 0
291 1
292 1
295 1
296 0
297 0
298 1
299 1
300 0
301 1
302 1
303 0
304 0
305 1
306 0
307 1
308 0
309 1
310 0
311 1
312 0
313 0
314 1
315 0
316 1
317 1
318 0
319 0
320 1
321 0
322 0
323 1
324 1
325 0
326 0
327 1
328 0
329 1
330 1
331 0
332 1
333 1
334 0
335 1
336 1
337 1
338 1
339 0
340 0
341 1
342 1
343 0
344 0
345 0
346 1
347 0
348 0
349 0
350 1
351 0
352 1
353 0
354 0
355 0
356 1
357 1
358 1
359 0
360 0
361 0
362 1
363 1
364 1
365 1
366 1
367 0
368 1
369 1
370 0
371 0
372 1
373 0
374 1
375 0
376 0
377 1
378 0
379 0
380 1
381 1
382 0
383 1
384 0
385 0
386 0
387 0
388 0
389 0
390 0
391 0
392 0
393 1
394 0
395 0
396 0
397 1
398 0
399 0
400 0
401 0
402 0
403 1
404 1
405 0
406 1
407 1
408 1
409 0
410 0
411 1
412 1
413 1
414 0
415 0
416 0
417 1
418 1
419 0
420 1
421 1
422 1
423 1
424 0
425 1
426 1
427 0
428 0
429 0
430 0
431 1
432 1
433 1
434 1
435 0
436 0
437 0
438 1
439 1
440 1
441 1
442 0
443 0
444 0
445 0
446 0
447 1
448 0
449 0
450 0
451 0
452 1
453 0
454 1
455 0
456 0
457 1
458 1
459 0
460 1
461 0
462 1
463 0
464 0
465 0
466 1
467 0
468 0
469 0
470 1
471 1
472 0
473 0
474 1
475 1
476 0
477 1
478 1
479 0
480 0
481 1
482 0
483 0
484 0
485 1
486 1
487 1
488 1
489 1
490 1
491 0
492 0
493 0
494 1
495 0
496 1
497 0
498 0
499 1
500 1
501 1
502 0
503 0
504 1
505 1
506 1
507 1
508 1
509 0
510 1
511 1
512 0
513 1
514 0
515 0
516 1
517 1
518 0
519 0
520 1
521 1
522 0
523 0
524 0
525 0
526 1
527 1
528 0
529 1
530 0
531 1
532 1
533 0
534 0
535 1
536 1
537 1
538 0
539 0
540 1
541 0
542 1
543 0
544 0
545 0
546 1
547 1
548 1
549 0
550 0
551 1
552 0
553 0
554 1
555 1
556 1
557 0
558 1
559 1
560 1
561 1
562 1
563 1
564 1
565 1
566 1
567 0
568 0
569 0
570 1
571 0
572 1
573 1
574 0
575 1
576 0
577 1
578 0
579 0
580 1
581 1
582 0
583 1
584 1
585 0
586 0
587 1
588 0
589 1
590 1
591 0
592 0
593 0
594 0
595 1
596 0
597 1
598 1
599 1
600 0
601 0
602 0
603 0
604 1
605 1
606 0
607 1
608 0
609 0
610 1
611 0
612 1
613 1
614 1
615 1
616 0
617 1
618 0
619 0
620 0
621 1
622 1
623 0
624 0
625 1
626 1
627 1
628 0
629 0
630 0
631 1
632 0
633 0
634 0
635 0
636 1
637 1
638 1
639 1
640 0
641 0
642 1
643 1
644 0
645 1
646 1
647 0
648 1
649 0
650 1
651 0
652 1
653 0
654 0
655 1
656 1
657 1
658 0
659 1
660 0
661 0
662 1
663 1
664 0
665 1
666 0
667 0
668 0
669 1
670 1
671 1
672 0
673 0
674 1
675 1
676 0
677 1
678 0
679 0
680 0
681 0
684 0
685 1
686 0
687 1
688 1
689 1
690 0
691 1
692 1
693 0
694 1
695 1
696 1
697 0
698 0
699 1
700 0
701 0
702 1
703 0
704 1
705 1
706 0
707 0
708 1
709 1
710 1
711 0
712 1
713 0
714 1
715 0
716 0
717 0
718 1
719 0
720 0
721 0
722 0
723 1
724 0
725 0
726 0
727 0
728 1
729 1
730 0
731 0
732 0
733 0
734 0
735 1
736 0
737 0
738 1
739 0
740 1
741 0
742 1
743 0
744 0
745 1
746 0
747 0
748 1
749 0
750 0
751 0
752 1
753 0
754 0
755 1
756 1
757 0
758 1
759 1
760 1
761 0
762 0
763 1
764 1
765 1
766 0
767 0
768 1
769 1
770 1
771 1
772 1
773 0
774 0
775 1
776 1
777 0
778 0
779 1
780 0
781 0
782 0
783 0
784 1
785 0
786 1
787 1
788 1
789 1
790 0
791 0
792 0
793 1
794 0
795 1
796 1
797 0
798 0
799 0
800 0
801 1
802 1
803 0
804 1
805 0
806 0
807 0
808 1
809 0
810 1
811 0
812 1
813 1
814 0
815 1
816 1
817 1
818 1
819 1
820 0
821 0
822 0
823 1
824 1
825 0
826 1
827 0
828 1
829 0
830 1
831 1
832 1
833 0
834 0
835 0
836 1
837 0
838 0
839 0
840 0
841 1
842 0
843 1
844 0
845 1
846 0
847 0
848 1
849 1
850 1
851 0
852 1
853 0
854 0
855 0
856 1
857 1
858 1
859 1
860 1
861 0
862 1
863 1
864 1
865 0
866 0
867 0
868 0
869 0
870 1
871 0
872 1
873 1
874 1
875 0
876 1
877 1
878 0
879 1
880 1
881 1
882 0
883 0
884 0
885 1
886 1
887 0
888 0
889 0
890 1
891 1
892 0
893 1
894 0
895 0
896 0
897 0
898 1
899 1
900 1
901 1
902 1
903 0
904 1
905 1
906 0
907 1
908 0
909 0
910 0
911 0
912 0
913 0
914 1
915 0
916 1
917 0
918 0
919 0
920 0
921 1
922 1
923 0
924 0
925 1
926 0
927 1
928 0
929 0
930 1
931 0
932 1
933 1
934 0
935 1
936 1
937 1
938 0
939 1
940 0
941 1
942 1
943 1
944 1
945 1
946 1
947 1
948 0
949 0
950 0
951 1
952 0
953 1
954 0
955 0
956 1
957 0
958 1
959 1
960 0
961 0
962 0
963 0
964 1
965 1
966 0
967 1
968 0
969 0
970 1
971 0
972 0
973 0
974 1
975 1
976 0
977 1
978 0
979 1
980 1
981 1
982 0
983 1
984 0
985 0
986 0
987 1
988 0
989 0
990 1
991 0
992 1
993 1
994 0
995 0
996 0
997 0
998 1
999 0
1000 1
1001 1
1002 0
1003 1
1004 0
1005 1
1006 1
1007 1
1008 0
1009 1
1010 0
1011 0
1012 0
1013 1
1014 0
1015 1
1016 0
1017 1
1018 1
1019 1
1020 0
1021 1
1022 0
1023 0
1024 1
1025 1
1026 0
1027 0
1028 1
1029 1
1030 1
1031 0
1032 0
1033 1
1034 1
1035 0
1036 0
1037 1
1038 0
1039 0
1040 1
1041 1
1042 0
1043 0
1044 0
1045 1
1046 0
1047 0
1048 0
1049 1
1050 0
1051 1
1052 0
1053 1
1054 1
1055 0
1056 1
1057 0
1058 0
1059 1
1060 0
1061 1
1062 0
1063 1
1064 0
1065 1
1066 1
1067 0
1068 0
1069 0
1070 1
1071 0
1072 1
1073 0
1074 0
1075 0
1076 0
1077 0
1078 0
1079 0
1080 0
1081 1
1082 1
1083 0
1084 0
1085 1
1086 0
1087 0
1088 0
1089 1
1090 0
1091 1
1092 0
1093 1
1094 1
1095 0
1096 0
1097 0
1098 0
1099 0
1100 1
1101 0
1102 0
1103 1
1104 0
1105 1
1106 0
1107 1
1108 0
1109 1
1110 1
1111 0
1112 1
1113 0
1114 1
1115 1
1116 0
1117 1
1118 1
1119 0
1120 1
1121 1
1122 1
1123 1
1124 0
1125 1
1126 0
1127 0
1128 1
1129 0
1130 1
1131 1
1132 0
1133 1
1134 1
1135 0
1136 0
1137 0
1138 1
1139 0
1140 0
1141 0
1142 0
1143 0
1144 0
1145 1
1146 0
1147 0
1148 1
1149 0
1150 0
1151 1
1152 0
1153 1
1154 1
1155 1
1156 0
1157 1
1158 0
1159 1
1160 1
1161 1
1162 1
1163 0
1164 0
1165 1
1166 1
1167 1
1168 0
1169 1
1170 1
1171 1
1172 0
1173 1
1174 1
1175 1
1176 1
1177 0
1178 0
1179 1
1180 0
1181 1
1182 0
1183 0
1184 1
1185 1
1186 1
1187 0
1188 0
1189 0
1190 0
1191 1
1192 1
1193 1
1194 1
1195 1
1196 0
1197 1
1198 1
1199 1
1200 0
1201 1
1202 0
1203 1
1204 1
1205 0
1206 0
1207 0
1208 1
1209 1
1210 1
1211 1
1212 0
1213 0
1214 1
1215 0
1216 1
1217 1
1218 0
1219 0
1220 0
1221 0
1222 0
1223 0
1224 0
1225 0
1226 1
1227 0
1228 1
1229 0
1230 0
1231 0
1232 1
1233 0
1234 0
1235 0
1236 1
1237 1
1238 0
1239 0
1240 0
1241 0
1242 1
1243 0
1244 1
1245 0
1246 1
1247 1
1248 1
1249 0
1250 1
1251 0
1252 1
1253 0
1254 0
1255 0
1256 1
1257 0
1258 0
1259 0
1260 0
1261 0
1262 1
1263 0
1264 1
1265 0
1266 0
1267 1
1268 0
1269 1
1270 1
1271 1
1272 0
1273 0
1274 0
1275 1
1276 1
1277 1
1278 0
1279 1
1280 0
1281 1
1282 1
1283 1
1284 0
1285 0
1286 1
1287 0
1288 0
1289 1
1290 0
1291 1
1292 0
1293 1
1294 0
1295 0
1296 1
1297 0
1298 1
1299 0
1300 1
1301 0
1302 1
1303 0
1304 1
1305 1
1306 1
1307 1
1308 0
1309 1
1310 0
1311 0
1312 1
1313 0
1314 1
1315 1
1316 1
1317 1
1318 0
1319 0
1320 1
1321 1
1322 0
1323 1
1324 0
1325 1
1326 0
1327 0
1328 1
1329 0
1330 0
1331 1
1332 0
1333 0
1334 1
1335 0
1336 1
1337 1
1338 1
1339 0
1340 1
1341 0
1342 1
1343 1
1344 1
1345 0
1346 1
1347 0
1348 1
1349 1
1350 1
1351 0
1352 1
1353 1
1354 1
1355 1
1356 0
1357 1
1358 1
1359 0
1360 1
1361 0
1362 1
1363 1
1364 1
1365 1
1366 0
1367 0
1368 0
1369 1
1370 1
1371 1
1372 1
1373 1
1374 0
1375 0
1376 1
1377 1
1378 1
1379 1
1380 0
1381 0
1382 1
1383 1
1384 1
1385 1
1386 0
1387 0
1388 0
1389 0
1390 1
1391 1
1392 0
1393 1
1394 0
1395 0
1396 0
1397 1
1398 0
1399 0
1400 1
1401 1
1402 0
1403 1
1404 0
1405 1
1406 0
1407 1
1408 0
1409 1
1410 0
1411 1
1412 1
1413 0
1414 1
1415 1
1416 0
1417 1
1418 1
1419 0
1420 1
1421 0
1422 0
1423 0
1424 0
1425 0
1426 1
1427 1
1428 0
1429 1
1430 1
1431 0
1432 1
1433 0
1434 1
1435 1
1436 1
1437 0
1438 0
1439 1
1440 0
1441 0
1442 1
1443 1
1444 1
1445 0
1446 0
1447 1
1448 0
1449 1
1450 0
1451 0
1452 1
1453 0
1454 1
1455 0
1456 1
1457 0
1458 0
1459 0
1460 0
1461 0
1462 1
1463 1
1464 0
1465 1
1466 0
1467 0
1468 1
1469 0
1470 1
1471 1
