1541
1508
1606
2703
940
2102
1762
2325
1031
2535
2623
2417
530
2687
1122
1689
1421
2879
684
2275
2928
132
2055
2171
2094
2868
850
2927
2865
304
1017
1100
2011
2570
1591
402
872
272
463
2658
2169
5
738
2899
1543
2280
261
1774
2440
1948
256
1175
688
2136
499
658
1804
2876
1808
2419
1954
2735
1489
2799
2173
2380
897
335
2145
1360
320
984
1625
851
2870
206
2734
2292
68
2715
1033
21
2279
2779
1791
142
2024
1226
912
849
1291
1464
1038
546
1800
183
286
71
564
174
1793
2616
1311
2614
99
830
2612
1424
30
1326
744
1760
2439
584
2187
303
1669
1296
1785
2007
732
2821
392
970
376
447
2100
648
1964
1015
1562
1286
1967
1303
966
1468
2054
1350
1256
1648
1767
1148
1201
2311
2518
2368
1179
420
2495
548
2323
1157
352
1978
1
443
2164
442
2609
2063
1346
2204
550
2796
1123
1417
389
2923
1146
2726
2003
101
2034
2659
2812
2836
467
1892
2404
2901
797
863
1212
768
1711
1554
2935
2786
1092
2504
950
1257
1192
107
84
2096
883
1319
579
1570
154
259
919
627
1778
2428
1139
2561
1353
2426
1819
2070
1340
2856
1048
1659
2732
1364
1116
1440
985
387
2065
193
31
969
1912
914
1646
1416
59
161
1822
2119
283
373
2022
1777
2018
1771
1406
2845
1701
1125
599
1462
1607
1568
396
2625
2084
2592
1656
1706
766
1575
2304
1573
1685
2695
1534
1846
2185
986
1528
2704
1267
141
2149
1190
1372
10
1207
1220
112
2914
2585
2301
974
2792
425
1530
1900
1452
953
62
1599
1435
521
1137
1929
246
312
957
2798
2190
1422
559
1314
1254
2643
2431
795
1748
1470
1147
601
434
1308
1432
570
1743
1329
2410
418
336
1253
2546
1325
1460
1343
76
651
2453
895
1885
357
1475
1741
179
1971
1412
2261
271
1581
2531
2600
1960
2828
2395
1497
2925
2037
2399
2126
2130
2413
1614
315
1852
1366
2367
898
1578
477
1818
195
415
81
661
859
767
741
604
225
13
1587
433
2939
1387
1044
1731
1162
1619
36
2369
1738
691
2507
1504
2123
165
612
1053
2849
248
329
2511
156
147
782
926
1281
929
845
2679
2360
2929
922
1070
1195
2489
961
145
539
638
2317
1542
1064
2053
654
972
1498
555
1611
278
2598
2282
390
2040
624
87
2638
1544
606
968
1144
1357
672
97
874
864
1396
181
792
1059
2503
2072
2581
613
1857
1580
486
781
662
484
2506
2513
1211
2122
2866
2815
1094
494
593
605
1700
911
1247
846
1199
2635
2624
1821
1585
1872
2471
775
2008
1222
622
1538
2891
2818
307
1550
824
440
2051
379
411
2262
2520
490
1740
1284
1758
1959
1790
1626
222
1093
2689
258
580
959
399
83
1712
2284
2393
197
1873
100
6
2552
630
2015
538
1225
1945
2567
1206
936
464
2519
1332
994
2158
522
639
528
678
113
221
625
1014
705
1028
761
1237
2105
1630
1337
586
423
1024
2025
1348
2587
1936
831
2365
255
855
2684
1632
1106
690
73
818
95
431
722
2276
2464
1369
826
692
361
367
2115
1999
1272
1008
1932
2656
1200
1084
1745
1355
726
713
813
385
649
1665
674
632
403
2706
1404
121
2767
2407
1867
877
2012
1905
980
2352
1546
702
40
343
1733
2234
956
2366
322
1769
1434
685
2549
2118
875
796
505
1596
297
1499
2285
1060
2226
1473
22
1399
1439
300
134
2466
1127
1161
1086
1995
752
330
2300
541
909
1400
964
1487
1957
427
1097
562
517
138
1586
1676
2268
94
240
1041
241
717
465
585
15
1921
2697
504
19
653
1886
2267
999
1845
1998
1274
2603
2728
1796
1854
1682
2209
1716
2041
2672
1436
127
1770
1618
2744
1268
2817
2174
86
52
763
1249
1518
686
394
2476
178
2936
971
2589
2306
2411
1105
2109
2579
2880
203
682
2336
1163
2370
2670
1647
946
351
1789
2069
237
2713
1806
2396
2608
93
514
2245
657
1328
163
1302
997
1761
819
176
2244
523
934
480
1602
807
218
1479
1213
2913
734
1907
1816
2537
17
2934
1617
1454
693
2863
2892
92
2819
1393
2254
2808
2456
1198
2045
120
1431
1750
800
2
319
473
840
2789
1290
2668
2938
2900
531
1255
2644
2791
698
263
1250
1356
774
2772
374
287
1193
1108
2146
2353
224
1037
2341
20
1699
45
2324
2103
1917
2337
664
1449
1916
364
57
1640
566
2257
2107
1935
1783
2117
188
510
1013
2318
617
1456
1526
1415
114
2902
2355
1698
342
455
33
1505
1056
7
1868
2871
2763
449
1484
1338
2897
1801
332
1747
60
2112
2078
344
4
1555
708
2371
704
571
2610
2508
2432
873
1559
2256
432
2769
1419
1342
495
2711
1612
1467
171
2162
1649
406
2454
1275
410
2231
55
965
2309
1513
1378
1362
2295
2333
730
2685
2348
876
2104
1295
168
1899
2941
479
1517
1969
1111
1561
2883
2790
2148
748
2478
1802
1141
2394
1109
1388
1668
1324
1663
1492
2551
1279
2181
422
2036
869
783
169
2896
2006
1651
2338
1827
2500
1884
2361
229
2488
8
2565
2910
1173
2532
2269
2191
1812
1082
67
549
1223
1336
1183
2159
1609
1613
1624
2533
1280
626
2853
1588
2133
2208
2093
2550
2473
755
676
111
2496
1005
401
236
990
1438
2177
2409
2113
2594
739
1869
553
2186
1077
933
2858
2363
2142
1445
313
1832
501
581
1908
1641
2750
1985
383
1979
2236
1755
1836
2203
2446
139
2611
488
461
2574
2653
167
825
2088
1331
2202
771
1981
2690
1354
853
837
1901
2617
2765
928
2843
2178
1532
1579
2822
2247
1911
1703
2575
2671
1078
124
1132
1715
2741
2213
1297
2246
2445
2027
1950
1395
2266
2576
1096
267
1697
2781
2606
476
284
2691
1922
445
2699
2677
35
202
1023
1968
1029
1839
1140
1234
1375
49
207
1277
816
1840
1725
1811
2768
675
1046
1217
1309
2192
1112
2090
600
1987
1511
2904
558
378
215
828
1260
629
1258
53
1496
2179
1828
1262
398
26
835
441
857
276
439
2120
2491
1142
2509
2077
1134
2852
2354
2310
1847
1425
1228
1926
939
1358
2655
2389
1941
346
1631
152
1938
2719
2547
1320
2042
437
205
2490
2098
2463
2736
1644
1914
1006
1347
948
1940
2228
1292
355
2847
72
1476
1178
2588
756
772
164
462
281
1287
2814
2170
2669
1233
1824
1240
2785
2386
369
2725
1323
749
2346
861
27
157
2194
2436
2860
1825
2424
798
2305
2830
681
131
1970
2461
2342
2832
670
1453
906
665
122
2486
1593
1239
366
844
28
780
746
1334
598
46
2869
1493
1344
1521
1708
289
2481
1273
647
735
753
194
2512
350
952
822
1919
204
1717
1502
642
1394
219
794
98
1423
1058
1075
1385
180
527
1792
2839
554
1988
729
1113
1620
1744
2442
2909
1177
2875
243
1307
1891
341
1677
301
1533
545
2499
1739
186
2613
524
2071
1483
1944
1764
2484
2778
2618
1389
2800
592
1571
2591
1474
802
587
328
421
2376
2793
1879
273
1726
896
1866
1670
1696
323
70
454
2132
1512
2801
65
1384
537
801
2225
2062
48
2692
1221
2429
74
2762
2217
2505
2110
2220
1158
1779
1169
1746
2080
1666
2918
294
1913
1032
2827
214
1756
526
2480
1876
1991
1993
2931
935
295
275
2864
871
2283
2021
2374
1537
1377
709
1437
923
1566
1081
745
943
474
1683
860
2235
1318
1897
2035
1990
2915
687
991
1305
1191
1170
803
63
2258
891
560
2906
2602
2452
2889
498
458
1269
551
2263
2696
356
1189
2857
634
810
942
886
2091
1980
1380
1485
1503
1844
1458
1639
1398
1553
58
377
2286
841
1242
1215
2636
2327
2206
409
365
751
1934
2494
1352
2646
1408
2134
1781
2238
1752
125
105
2017
714
915
2320
2060
2634
298
809
2303
453
2031
1188
2219
2101
2739
380
534
3
2307
978
1214
1734
575
1401
568
2522
1002
2047
1367
1057
2345
51
938
2831
1850
448
2702
944
567
314
2649
1629
764
1110
1853
1042
2630
1557
1043
2752
979
1773
1248
2222
2434
103
217
414
2079
1707
1376
345
1974
1045
2403
2319
2859
2642
2398
2151
2116
2340
2039
1409
2379
1327
1090
1887
260
2250
1335
742
1531
2694
2784
2205
1947
106
1089
1616
252
500
2829
633
102
2175
695
823
1180
2073
2881
947
213
1501
1673
1022
316
1131
615
2912
123
1278
2805
1383
2385
1567
1592
1835
1481
1457
1875
1595
391
2926
201
2538
1736
220
296
148
1208
2372
1115
727
878
1120
457
1946
518
2270
1209
200
2099
1523
1928
1927
2373
89
2647
2160
2248
1371
1390
2229
371
542
1165
1285
515
867
930
2125
1849
1103
333
989
254
1088
1813
2273
918
1224
1709
339
1963
318
1955
2049
47
2343
2541
1490
1820
2351
2619
2720
1403
491
42
1052
1556
1997
268
2890
2061
338
277
2620
1027
1317
773
1321
2106
607
413
865
1992
198
827
2705
1730
2633
1636
2198
2218
185
1001
1732
1069
1989
1862
2788
251
362
1196
1413
1552
2540
1330
1838
1050
1662
1202
2940
582
2862
1615
2510
1863
262
1797
2483
707
1261
884
291
1442
1386
2572
1865
786
2686
359
1610
728
689
519
1430
516
2583
759
2408
1020
2714
1958
1265
908
659
452
2640
1478
2124
1650
758
150
1061
1184
2023
416
2493
2092
1652
1661
532
1903
1896
1047
2470
1114
916
2221
24
1784
2188
1704
2382
1374
34
2448
1859
962
2344
69
2296
1881
2392
2189
1642
2421
2782
1549
789
1621
958
2427
2152
382
2097
701
321
2397
1889
326
1577
2663
2472
2457
1243
975
2835
1232
2477
2761
2844
2895
2030
257
808
900
847
1753
1637
981
2529
591
126
471
1049
2272
2622
1446
2905
2474
1397
2873
2298
1721
2748
2515
1861
1149
1414
149
2214
360
960
54
1722
793
1004
2265
456
1154
1514
889
1373
1728
1597
868
2155
2846
2056
331
11
2331
737
1966
718
2357
2166
472
1572
2143
731
212
1270
2826
673
2255
2359
1830
949
697
1658
1251
2326
2391
1076
1021
1522
574
1391
2193
1062
904
189
2632
815
2095
2907
832
2425
703
1210
760
671
292
1231
232
2184
2180
1176
2485
192
1871
162
223
1810
190
1718
1012
679
1749
1293
1737
1719
901
836
1299
1759
2758
616
993
829
1151
1855
1590
856
119
210
75
2605
310
508
2568
1860
2082
706
976
1063
660
450
1930
1623
1880
611
80
1742
635
2388
1098
2059
557
2882
2701
2308
2197
2462
2141
2378
2631
2347
285
43
1961
899
151
1107
733
2838
2068
2156
384
1067
666
88
1888
233
1143
172
1975
1418
740
470
426
784
1491
754
2777
1312
397
2048
892
1164
2733
525
1805
1915
1589
2414
2210
1118
2350
1858
2176
1051
2516
1244
880
2005
1085
2775
429
1519
1664
395
1848
2707
1972
2842
270
1729
1925
1035
177
1714
1539
1535
1674
1121
2599
1898
2046
250
469
2321
694
1757
1205
2737
2811
2783
1361
1288
2710
2001
1152
1667
1923
2401
2747
209
881
2773
56
2335
2693
2384
848
1381
1751
893
2237
1520
2560
16
1443
2212
806
1181
992
643
1477
2580
1814
489
2729
618
1837
1447
1007
2884
404
565
208
2144
173
496
78
2154
2667
2224
2138
2639
9
1622
39
1799
290
2475
2402
2536
1671
1604
2081
843
1000
2523
1252
1313
368
2825
2167
1693
1598
334
597
1365
723
2559
12
2400
1379
1124
2795
228
2590
1842
536
2277
1829
274
1187
1359
482
1009
1025
2375
954
2562
2412
2641
1172
1370
2797
2291
955
1351
700
493
1072
128
1010
1488
1807
1608
854
2877
146
1702
2840
2315
2492
1392
32
2867
2278
1720
1894
1768
2916
696
628
603
1727
588
2911
725
1011
2153
2330
37
529
610
216
1841
583
577
2834
2578
1500
2888
2596
2328
2760
2064
572
1795
1582
2770
1551
2438
175
905
879
721
645
1448
2297
1763
569
1472
436
1322
288
66
2302
2665
2604
247
785
29
503
1601
2437
306
1339
1495
2127
23
2903
762
2810
2908
340
2680
2749
609
199
1405
578
2709
2530
1040
1441
407
2362
2674
140
77
839
2924
1236
1095
2621
2043
1133
1986
166
327
757
483
820
308
1723
1138
1156
967
743
1480
1686
2137
2553
2554
2894
1203
2085
85
2764
812
858
2422
2573
2571
1864
2200
234
2807
2451
2390
309
446
2163
2681
347
924
1197
1016
977
1529
2050
927
2731
547
1660
2227
623
2742
776
1174
2833
1920
2108
925
136
2582
1653
2358
2201
2802
1675
2195
82
2242
282
2776
2135
1136
2415
2196
2651
2430
2111
2487
108
2874
1909
1128
109
117
556
1087
1168
354
1026
544
375
552
2563
1411
973
1039
227
1167
1525
777
677
279
1782
1803
513
2932
211
520
468
1102
1956
137
2416
543
1486
650
619
393
902
1104
2727
890
143
937
1428
2140
2233
1776
716
1775
1238
2259
907
903
720
1034
2666
2281
2517
655
2738
2314
1182
187
2482
2129
2312
2878
2756
573
1315
2654
1310
2794
1679
2057
631
363
2010
2544
430
2441
910
1910
620
1883
1766
2502
50
2898
1563
2459
388
133
2468
2230
2033
1918
2841
931
2287
995
2787
1583
1071
2629
2009
1515
1079
788
870
1851
1185
293
299
885
2450
1145
2271
2260
2545
594
2161
2723
2232
497
245
2626
779
466
1427
817
2383
1271
280
535
2026
2014
1363
2534
170
1461
2548
656
2216
386
1798
2211
2816
920
2168
576
244
1638
1655
2460
1289
1083
2757
1890
2004
2418
1469
712
596
2716
1444
2433
1246
2252
160
533
2239
1227
2850
2150
91
231
1817
945
2717
358
1186
1548
2660
2032
239
2652
1878
14
1066
1949
982
502
1306
2241
2837
2527
2114
2933
424
1259
2682
1705
1996
1003
459
1426
1643
1316
668
1576
1263
1672
2698
941
1982
1507
2339
1065
2746
2722
715
1680
1482
2497
540
1300
2645
2172
1030
1953
110
736
1678
2498
419
2813
1560
1942
1895
590
2076
460
2566
2089
2443
1304
2465
2637
988
1933
2066
996
2000
1455
2648
451
2650
2917
2803
1129
2215
921
2020
1902
1893
2293
1135
2467
1976
917
2087
852
2569
2754
2806
2147
2458
1420
2584
1055
2044
1494
1465
1931
652
2848
1506
1603
1235
509
1788
1794
2615
412
2543
1282
2597
265
492
1843
2322
750
2251
2313
1080
667
1429
2501
2019
2627
1564
1654
2557
1130
1605
435
1510
485
1509
2851
1341
1433
25
417
2683
1545
2673
1984
804
2334
2688
1245
778
821
1241
2628
1724
2528
1219
838
888
2721
1150
428
1831
1018
2067
1645
2290
769
2526
2712
2253
2447
511
1463
983
1117
1266
1524
507
2661
561
2753
1459
405
2525
1965
44
184
2299
987
2542
2872
481
1558
2662
1194
249
963
2755
710
2759
2131
2435
2780
1547
2824
1924
2893
1410
2289
129
1628
1684
2718
1692
711
400
1101
1126
1735
1584
646
1402
2364
862
1882
644
18
2016
1574
2595
118
349
1536
2921
1298
2243
805
348
1977
115
512
353
1171
1809
79
2922
2657
1906
1856
2028
408
2593
1333
2855
2121
438
2854
2316
1036
2405
2564
1068
2577
196
887
799
381
253
1904
1694
2887
1091
699
444
305
669
144
2264
1119
230
1787
155
894
790
2013
324
814
1877
719
2861
2675
1772
1826
2556
2771
866
269
2469
2207
302
370
1833
1099
2182
2586
2823
998
2601
2514
1681
602
1765
41
2356
317
2664
2128
614
1943
1994
64
1073
2387
1695
834
1230
311
641
2294
1155
2539
1713
1451
2249
608
1594
1951
1229
2029
1565
2678
1294
487
1815
226
1780
1754
1688
1349
2002
2086
1368
637
1153
2524
1657
833
787
1218
2075
951
130
0
1691
1786
621
1870
2804
2820
1166
770
2052
2724
589
1216
680
636
1983
2919
2920
563
663
2139
765
1635
2886
2074
104
2449
1264
61
2406
2745
1627
1516
1450
2349
2240
747
2420
1962
135
791
158
478
337
1160
2521
2479
1633
1159
2381
90
2423
182
1540
2377
266
1687
2183
2607
2038
1939
1019
1952
475
1345
1301
2165
1074
2766
1823
96
882
372
2809
842
2157
2700
2937
2740
1527
683
153
2930
2555
913
191
325
1276
1471
1690
724
2199
238
932
1710
1874
2455
2274
2223
2058
1054
1634
2774
2730
2288
1569
2743
1600
2708
1407
1283
595
2751
506
1204
264
811
1382
640
2083
2444
2332
1466
1937
159
1973
38
2676
1834
2558
242
2885
235
2329
116

