2617
1509
1846
1839
292
2817
2272
152
2620
322
1395
1752
1737
718
536
301
845
1766
759
2445
1112
2295
2020
697
2653
1119
631
2211
1864
2906
2429
246
1532
2626
834
670
562
342
1613
1618
1324
1230
2056
1739
1062
2375
2244
806
2824
430
2142
2182
1034
1967
168
380
1403
1365
1226
384
241
908
2401
714
248
2455
2609
1356
169
1106
2385
912
860
1145
1745
2672
1995
2790
403
2452
1051
1543
2175
787
1286
2393
721
1190
1690
1121
312
2131
2546
1706
58
724
952
1243
549
2570
2488
385
1249
2784
1247
1957
2690
315
790
2139
1279
1936
316
1415
464
2680
1907
2585
1439
1102
337
199
1991
2149
1507
2068
1487
46
2176
942
1199
1983
2371
291
1821
798
1061
1073
1707
923
1531
2245
1036
2154
903
275
1359
1353
1484
728
2417
957
1898
303
1168
1345
2155
1066
2205
155
526
1408
2783
801
898
939
2878
1500
681
2380
287
1812
1386
2789
468
2046
788
907
1630
2156
2597
2575
2304
2569
736
2729
1314
2192
1152
321
1913
1372
1508
317
1620
1808
548
2644
2450
1529
520
2307
420
19
1642
2288
544
2936
2234
144
1135
713
257
1840
2165
1129
1166
349
1202
723
2486
1847
2113
819
2896
641
841
499
2608
2179
612
1313
999
1012
1677
2830
1225
1675
2319
1437
1251
1551
1167
2649
2563
293
515
564
2847
1278
832
145
1321
2200
1452
821
1558
835
757
139
2219
2322
2209
2281
1420
1709
2408
1479
833
65
2743
490
2924
2821
2918
2675
1719
527
1921
1835
1059
213
1130
1842
2786
1522
2802
1555
350
2592
2530
344
2822
1905
1795
1708
419
2835
2768
94
2587
2848
1366
1016
2565
1845
2448
925
1585
2753
1426
931
1924
1351
1785
165
1625
810
2726
1377
1962
397
1911
1632
2151
2866
2102
1101
1450
164
1125
1554
1002
1232
352
1399
2399
2441
1109
131
161
438
253
1793
2462
2146
1882
698
2164
1591
1942
1238
2473
1267
2746
732
177
1776
2714
978
1307
2578
528
207
2204
125
2002
1021
179
1464
423
2381
1728
503
840
2278
761
913
1118
1254
888
124
1143
1262
1107
2015
1268
684
789
2512
1891
491
1338
1210
1771
617
1932
2383
54
2016
975
1471
2469
2770
1234
1113
1841
938
1376
2757
1627
953
1148
1264
1070
1256
455
2507
12
1894
2067
644
2420
2519
584
535
1704
1960
1282
2504
632
2339
2247
1280
1990
776
2127
2618
1763
2382
2159
1018
2330
1668
1383
1887
680
2809
2335
1009
1315
872
126
1590
2133
553
2050
638
2005
2888
871
81
2312
1535
1384
1201
1581
890
719
1237
2895
1266
307
688
1628
1853
1830
2439
1239
2641
2511
516
42
1044
425
1387
2638
2499
1797
1673
268
195
855
1492
2045
325
661
1289
263
1438
1985
1100
222
1599
2187
2750
2669
2642
365
2584
1441
1219
1919
1075
180
1218
1533
1727
1563
2031
1159
284
119
567
48
1436
2583
941
1115
1151
281
2813
579
864
1494
1443
2874
2122
2886
2927
1489
1589
1063
2501
2286
2537
1350
2318
605
1141
2756
1156
1811
1396
482
2391
1663
400
2678
467
1228
1378
77
487
2564
756
415
830
1584
2625
1348
859
49
1069
977
446
608
2735
2683
2411
1488
531
1463
37
1179
2440
881
1664
198
2778
372
2144
2183
2492
1564
1401
2808
1493
2074
1263
2489
1014
1567
2664
2424
1028
2349
2334
838
2715
1662
187
1871
1860
566
621
2261
1024
722
1248
2378
781
1827
2628
517
1979
2926
2210
2542
2686
1768
699
1328
867
2384
2367
2939
1054
1879
1598
783
215
1682
1195
1431
181
2255
2410
2421
2136
289
586
537
1539
2313
1602
1013
538
508
1904
1758
85
777
1783
10
310
637
1095
2801
1986
895
1688
2718
1203
2341
1065
64
63
1595
2162
2071
2019
1542
2816
1556
1660
1114
2120
800
2723
68
911
2598
620
1998
504
1582
1138
1506
2902
518
626
381
113
159
186
865
2825
2873
441
1538
2633
6
2493
598
2591
2913
1241
2842
2073
1017
1419
2661
2559
273
2432
2634
129
2828
2243
1526
300
850
2611
522
2444
319
980
439
1751
2534
404
2561
803
443
2699
968
618
1885
1077
70
1433
2267
505
1375
2832
96
984
2552
366
2024
1826
1544
2317
2850
614
2086
1655
1292
2106
496
2461
302
1569
176
2178
2354
1187
2233
1428
1814
2087
748
2446
1407
1893
823
1863
418
1958
1370
884
1725
970
24
989
937
1048
1734
2635
1155
191
1890
1671
985
1157
2761
1052
2226
277
1413
599
506
1601
2792
132
2009
2505
780
625
17
1449
2298
633
29
706
417
2115
701
2395
1006
280
259
457
2760
659
2636
2869
1088
1798
2213
128
2857
1483
1527
934
1791
1594
1451
575
2231
2658
552
936
1579
1823
770
452
2390
511
314
367
2556
15
1189
1723
2453
2543
2168
230
1098
158
1432
2184
868
55
1435
2794
760
209
1703
2852
2100
525
1883
2014
2197
1343
1646
2474
744
1974
1610
799
78
902
929
749
1390
1265
965
2827
668
2560
2497
762
1455
1342
2688
286
2668
2602
826
1902
778
2386
211
474
2907
497
992
820
2814
3
141
345
843
484
1205
2302
153
1382
1866
1312
876
274
2118
807
1612
1030
882
2181
2532
2125
2931
2392
627
22
2934
2063
1806
983
2003
1477
1578
69
2072
2793
1912
690
1759
600
976
922
1097
2740
2099
2549
2616
1045
1026
190
1796
1617
963
521
2076
1683
2333
1576
1653
1774
1626
597
357
1394
879
2275
2356
2008
2310
1945
1977
2196
1349
2728
2001
1025
1358
2517
1231
1903
2033
2483
2189
1367
1222
1669
2004
1807
2487
2468
1896
166
581
1984
477
870
2011
1083
220
1537
2751
2524
34
1214
738
154
1160
524
1481
269
1874
854
2246
510
1404
1474
585
353
2000
298
2745
1647
1442
1931
971
2806
1010
2265
2593
1204
1158
2292
2361
1859
318
2798
2610
1132
2700
894
258
2581
2096
1302
378
1865
2238
1323
973
2404
2172
2815
290
1154
261
1080
1346
1153
1638
1472
2029
1679
1178
2287
979
2710
523
794
363
2604
2803
270
2582
390
623
1767
1560
2915
1756
475
935
687
2028
2035
18
2340
2433
853
2398
792
188
1320
1096
1769
2659
2362
2
2062
1368
1040
710
1341
2894
4
1406
1838
1090
2643
2736
255
1928
429
294
996
2443
1253
99
2538
1773
1658
1948
842
1710
2697
2052
809
851
1870
391
2716
234
1227
249
1873
1003
1332
2402
2374
2198
2418
2648
2476
485
1111
7
695
1603
689
2320
1244
28
395
2518
2679
1104
189
1657
2239
1607
839
962
2684
98
171
926
472
1897
2799
306
2012
1490
1008
2051
1071
1067
362
964
1074
630
2103
950
576
43
1950
1674
2283
2201
2018
1317
1277
2291
2089
2670
816
2416
1362
2252
1700
2772
45
1482
1250
2285
2733
1128
115
1337
1276
1516
737
462
2897
84
2419
432
822
802
212
2615
2940
1649
2662
1039
225
242
1738
2466
590
1672
1027
356
2655
2478
382
1261
795
2883
1215
1515
1193
1331
813
691
1041
243
2879
998
967
297
44
114
1749
1801
1242
1939
175
196
2500
2248
20
1216
1644
2811
1305
112
2195
1616
2797
880
1285
104
1258
2190
1023
666
1676
1536
601
1011
1609
1082
1042
2451
343
862
1966
456
2477
2846
648
2010
1804
1956
720
2266
172
857
1712
1235
332
285
2540
359
2695
709
1976
236
2503
1666
1951
1176
1224
930
1937
1729
1380
2780
436
2119
2851
2515
1330
1848
2908
1303
943
1572
2485
2551
2859
1414
2656
2324
1427
1169
2820
1667
808
2104
1748
2749
348
120
2107
2163
2491
1820
2541
727
1364
1699
906
413
1486
254
858
75
2366
1568
2363
493
2025
2884
2037
2185
118
469
1081
401
1889
2562
746
16
1547
1834
361
1876
2299
1480
616
1149
74
2904
2061
2717
2427
2277
1954
1726
483
2303
2843
686
2619
11
2701
2826
1923
309
1461
649
1329
1884
1136
1780
2467
2674
2861
2796
2459
1920
1485
130
545
2465
2161
1385
1194
2026
1856
2734
2263
2158
2639
442
1583
2525
379
752
1665
61
1908
174
396
1862
986
846
2438
2300
231
559
1781
53
2925
893
2612
2554
933
932
1209
1322
1970
1711
2097
997
2548
1297
434
279
2112
205
1778
2058
373
192
232
1571
1352
651
2589
2430
2791
1779
2867
311
1661
369
779
2482
664
388
488
2769
2116
2140
961
654
1640
2472
1519
804
643
2704
2470
2606
2336
495
2193
818
771
642
2632
2064
2544
2510
370
946
1562
1546
1792
726
2094
481
2705
1293
2677
1120
2607
1220
2520
1038
1339
1743
1930
2069
1503
1462
982
974
1906
1466
2782
1899
1207
1108
679
582
410
949
500
2023
1310
2242
1300
1521
2343
1996
610
57
1031
1424
1548
1185
502
672
2332
2059
966
1736
1198
2138
2742
1306
541
2415
1334
1982
1909
1757
492
2208
346
874
267
262
875
791
1150
1392
956
2397
1245
1131
146
2574
2464
775
219
1633
1735
465
299
1910
543
1741
717
1381
507
494
1311
1916
1994
2166
1714
2249
1520
1015
1631
1622
1418
1648
109
2693
1259
2586
2038
32
1790
2230
743
2282
2221
1191
2687
928
1374
278
529
1993
856
2279
1186
990
1504
282
611
1732
330
512
498
2860
1260
1822
2223
2220
805
849
2841
394
1837
431
1182
2216
863
1410
2905
1716
1819
412
137
90
2481
2093
2759
1831
2428
2800
772
414
1557
2066
173
2301
489
2871
703
2605
408
72
2579
747
1999
534
1197
2085
2458
2920
123
1246
1212
1678
103
1577
2595
1291
1888
405
671
657
445
2030
1060
1421
2095
2646
107
138
1134
1747
1857
2744
1086
731
449
288
1643
1586
162
1240
2364
1174
2431
1608
1033
2536
2044
229
815
1142
1397
2730
1851
1552
960
532
2365
2928
368
900
1828
1146
2795
2055
2475
1997
1855
2276
2369
634
2526
200
224
470
1629
424
683
1294
2434
2807
730
2838
1446
374
97
326
1497
2709
1933
665
210
2494
2601
1296
2889
1953
2092
2781
1122
1103
2387
2447
156
2394
2253
2689
1765
1388
940
2702
411
2083
2667
2858
782
2206
71
2831
2629
1475
673
2147
1733
1144
333
237
95
2370
2528
2836
944
1833
1501
2893
426
1965
223
2725
1257
921
389
1530
2935
570
1057
1335
2435
1459
2767
271
563
79
13
2405
2039
827
437
2224
1639
1540
861
360
784
2514
1580
2711
1800
2053
2506
453
1099
347
2346
1681
1495
1687
2141
2774
313
1271
2294
328
2932
2903
1692
2135
1043
440
655
1295
2348
1684
653
2754
1078
2202
435
650
693
2498
26
2425
2368
56
364
2521
427
1880
588
2108
217
2647
793
121
1972
758
1698
1318
2881
393
1430
1925
2876
2523
1868
386
542
1416
1456
2306
447
2804
604
887
2373
2892
1273
920
2600
652
1298
2738
2527
1354
2315
142
106
1046
1140
1094
471
2719
1810
1836
2921
341
2130
2400
1085
733
355
899
2101
1007
2273
450
2270
2091
1693
327
708
2217
1701
2938
8
2812
1055
2727
773
2550
1832
1417
1072
21
1448
972
2157
2460
901
2297
2480
1978
2328
1656
1288
2590
136
2837
1445
1566
377
402
216
1465
1460
2720
2707
110
0
2854
1229
2105
640
134
678
948
1502
2121
2891
1162
1363
2309
2922
160
2070
1619
2153
707
1405
1221
1092
233
1550
283
514
915
910
924
2840
558
1724
909
2522
2305
1787
1849
9
1357
2599
30
2566
2331
734
1316
1559
1961
550
1829
1499
2758
2350
2657
214
2316
1969
2853
2148
1901
1746
2645
1369
2212
1347
2509
2856
981
1593
636
569
1181
1713
1742
2257
2173
2558
1935
157
1272
2698
1762
14
2624
2436
460
2660
1361
194
554
1588
1177
1058
765
2627
264
2170
2227
685
334
682
203
2167
1989
1255
1344
2262
2218
2479
93
1053
1689
2885
889
1453
2042
1670
1955
2225
1422
954
769
2126
785
547
2890
530
2919
2228
2580
2495
927
2079
1126
2900
1892
2671
399
2456
1326
1290
1389
629
1943
1534
2235
2568
754
2930
2731
606
1496
1079
354
2345
1147
1941
700
2823
1877
50
2065
2810
1284
108
1980
1434
2545
1730
2098
91
574
2763
88
2844
2533
2449
1987
2264
1127
2027
247
2268
398
1236
955
739
609
873
2516
1750
513
2081
1281
2329
1411
1206
557
1110
218
837
1761
2258
1697
774
479
1355
2396
1035
329
1604
2232
2471
646
2372
877
2909
2692
1087
1695
2818
692
1523
80
886
1164
811
2160
1184
2049
2651
1971
476
1850
1614
463
1180
1686
2839
238
459
1549
2567
1777
2347
551
2260
2358
1117
2937
478
1468
38
1283
1973
1105
1938
1573
987
2916
2529
1304
2088
1872
1505
1336
295
36
2117
1524
1473
204
1917
2457
1454
148
140
122
1705
272
539
572
2833
31
1172
1029
2588
603
2557
35
1600
2353
994
2882
1852
905
1068
2007
2124
628
2775
1139
182
645
2819
1223
1975
1183
1867
296
519
2311
1947
2862
2359
848
2724
1476
252
1760
1915
1809
2351
39
23
1641
133
1165
244
421
635
2875
2269
656
1491
2849
705
1918
2496
1512
595
2314
768
2696
1319
1654
878
1545
1400
1946
2571
2355
1634
2207
2426
2145
735
2290
2673
669
2152
1720
1722
1869
1740
480
2060
667
308
2762
1718
2596
1805
578
2929
565
607
660
1963
917
883
331
101
2777
1949
797
2132
1510
1170
1379
1772
2422
83
742
571
2259
2006
2109
2622
2637
2134
596
1881
1623
2691
676
2685
206
2308
1409
1123
2423
509
1715
2865
1755
1275
1685
1786
2344
1301
704
2502
2576
993
1843
556
2034
2613
1721
1192
2338
663
227
86
2379
540
92
2708
2912
2057
546
1467
1049
2463
1992
339
40
919
1513
1570
1333
624
451
2293
2254
2082
197
1754
2080
2040
817
2128
1440
828
221
1056
265
2755
1922
135
555
1217
869
2779
1744
829
2631
766
2326
1575
1037
2236
2681
51
1606
1161
422
1327
266
2872
1175
2203
1592
2022
201
2403
2054
2555
1596
1587
916
1988
1005
240
2870
589
351
1163
1875
1636
1782
796
1084
1196
1124
2442
2706
1895
2771
2296
2748
2280
587
2376
712
2864
433
764
167
1340
2630
991
1019
1770
2535
2406
73
336
969
847
1518
1944
1137
1651
1001
2325
947
466
276
1116
767
25
486
1637
1498
694
561
202
2041
208
1402
2047
1208
836
1914
151
1574
178
1624
2256
1371
2188
1511
753
1818
1470
945
1817
1815
1020
1004
1299
2274
245
2013
885
2078
2877
2123
896
27
2868
250
533
1900
100
745
897
2665
2169
763
2933
1824
2547
959
338
1525
1091
1447
702
1968
1287
560
831
2240
1213
335
2251
2621
2766
1886
2414
2413
2747
1959
1309
2666
383
1528
2855
1171
2829
2694
2357
1541
1425
1775
814
406
2652
1269
2776
914
170
2150
751
2513
2191
755
2327
1517
1694
1188
2917
228
2623
2773
1274
1635
117
2075
2337
1645
1753
2237
105
2342
750
2739
1789
716
47
59
2214
392
1457
2077
2594
1089
2388
375
1076
1050
2352
592
825
1233
1813
2084
256
2654
729
387
407
1391
416
2663
892
677
741
60
2676
786
2454
1934
235
2021
2048
163
2752
1764
580
340
111
1022
239
951
1858
1429
2129
1702
2899
2110
573
461
2741
1270
2199
2787
428
458
127
1940
2194
1398
2215
2682
409
1032
1173
988
1514
76
1731
147
149
444
184
1597
2114
675
2712
891
2389
2898
1469
371
2090
1680
2250
1444
674
1211
568
1478
619
67
1423
1308
2171
613
150
2880
183
1200
1325
2111
2764
1696
602
696
1803
1133
1926
1802
824
1561
1553
2180
2490
2788
2834
2941
615
2137
1615
812
2737
1565
2229
2043
1981
2572
2143
2437
2241
577
260
594
1952
647
2785
958
143
1816
66
1064
251
1659
1621
2703
2412
2722
2360
2036
2603
1252
501
2910
593
82
2289
2377
1929
1844
2577
320
305
1393
2640
2732
1093
2531
89
639
1047
376
2845
2805
226
41
1717
662
2539
52
33
304
2923
622
844
5
995
2887
2186
185
324
1799
1360
2323
1964
658
2321
1788
1691
2508
2174
1861
711
1927
1784
2409
2863
918
2032
1611
62
2573
1412
193
1652
2721
2765
1878
2614
2222
2901
2177
2271
1373
1000
715
904
2407
2017
2553
1794
2484
454
2713
2911
323
1458
852
583
1854
1650
1605
358
866
2914
2650
2284
740
591
1825
448
87
1
725
102
116
473

