1 0
2 0
3 1
4 0
5 0
6 0
7 0
8 0
9 0
10 0
11 0
12 0
13 0
14 0
15 0
16 1
17 0
18 1
19 0
20 0
21 0
22 0
23 1
24 1
25 0
26 0
27 0
28 0
29 0
30 1
31 1
32 1
33 1
34 1
35 1
36 0
37 0
38 0
39 0
40 0
41 0
42 1
43 0
44 0
45 1
46 1
47 0
48 0
49 1
50 1
51 0
52 0
53 1
54 0
55 0
56 1
57 1
58 0
59 1
60 1
61 1
62 1
63 1
64 1
65 1
66 1
67 1
68 0
69 0
70 0
71 0
72 0
73 0
74 1
75 0
76 1
77 0
78 0
79 0
80 1
81 1
82 0
83 0
84 1
85 1
86 0
87 0
88 1
89 0
90 1
91 0
92 1
93 0
94 1
95 0
96 0
97 1
98 1
99 1
100 1
101 1
102 0
103 0
104 0
105 1
106 0
107 1
108 1
109 0
110 0
111 0
112 0
113 0
114 0
115 1
116 0
117 0
118 1
119 0
120 1
121 0
122 0
123 0
124 1
125 1
126 0
127 1
128 0
129 0
130 0
131 0
132 0
133 0
134 0
135 0
136 1
137 1
138 1
139 1
140 1
141 1
142 0
143 1
144 1
145 1
146 0
147 0
148 1
149 1
150 1
151 1
152 1
153 0
154 1
155 1
156 1
157 0
158 0
159 1
160 1
161 0
162 1
163 0
164 0
165 0
166 1
167 1
168 1
169 1
170 1
171 0
172 0
173 1
174 0
175 1
176 1
177 0
178 0
179 0
180 1
181 0
182 1
183 0
184 0
185 0
186 0
187 0
188 1
189 1
190 0
191 0
192 1
193 1
194 1
195 0
196 1
197 0
198 0
199 0
200 1
201 1
202 1
203 1
204 0
205 0
206 0
207 0
208 1
209 1
210 1
211 1
212 0
213 1
214 0
215 0
216 1
217 0
218 0
219 1
220 0
221 0
222 0
223 0
224 0
225 1
226 0
227 1
228 0
229 1
230 1
231 1
232 0
233 1
234 1
235 0
236 1
237 0
238 0
239 1
240 0
241 1
242 1
243 1
244 1
245 1
246 0
247 1
248 0
249 1
250 1
251 0
252 0
253 1
254 1
255 1
256 0
257 0
258 1
259 0
260 0
261 1
262 0
263 0
264 0
265 1
266 0
267 1
268 1
269 1
270 0
271 1
272 0
273 1
274 1
275 0
276 0
277 0
278 0
279 0
280 0
281 1
282 0
283 1
284 0
285 0
286 1
287 1
288 1
289 1
290 0
291 1
292 0
293 1
294 0
295 0
296 1
297 1
298 1
299 1
300 0
301 1
302 1
303 1
304 0
305 1
306 0
307 1
308 0
309 0
310 1
311 1
312 0
313 0
314 1
315 0
316 1
317 0
318 1
319 1
320 1
321 0
322 0
323 0
324 0
325 0
326 1
327 1
328 1
329 0
330 1
331 1
332 1
333 1
334 0
335 1
336 1
337 0
338 0
339 1
340 0
341 0
342 1
343 1
344 0
345 1
346 1
347 0
348 0
349 0
350 0
351 0
352 1
353 1
354 0
355 1
356 1
357 1
358 0
359 1
360 0
361 1
362 1
363 0
364 1
365 1
366 1
367 0
368 1
369 1
370 0
371 1
372 1
373 0
374 0
375 1
376 0
377 0
378 0
379 0
380 1
381 0
382 1
383 1
384 1
385 1
386 0
387 0
388 1
389 1
390 0
391 0
392 0
393 1
394 1
395 0
396 1
397 1
398 1
399 1
400 0
401 0
402 1
403 1
404 1
405 0
406 1
407 1
408 1
409 1
410 0
411 0
412 0
413 1
414 1
415 1
416 1
417 0
418 1
419 0
420 0
421 0
422 1
423 0
424 0
425 0
426 1
427 1
428 0
429 1
430 1
431 1
432 0
433 1
434 1
435 0
436 1
437 0
438 1
439 0
440 1
441 0
442 1
443 0
444 1
445 1
446 1
447 1
448 0
449 0
450 0
451 0
452 1
453 0
454 1
455 1
456 1
457 1
458 0
459 0
460 0
461 1
462 0
463 0
464 1
465 1
466 1
467 0
468 0
469 1
470 1
471 0
472 1
473 0
474 1
475 0
476 0
477 0
478 0
479 0
480 1
481 0
482 1
483 1
484 1
485 0
486 0
487 1
488 0
489 0
490 0
491 0
492 0
493 0
494 0
495 0
496 0
497 0
498 1
499 1
500 1
501 0
502 1
503 1
504 1
505 0
506 1
507 1
508 0
509 1
510 1
511 1
512 0
513 0
514 1
515 0
516 0
517 1
518 0
519 1
520 0
521 1
522 1
523 1
524 1
525 1
526 1
527 1
528 1
529 0
530 1
531 0
532 1
533 1
534 1
535 1
536 1
537 1
538 0
539 1
540 0
541 1
542 0
543 1
544 1
545 0
546 0
547 0
548 1
549 0
550 1
551 1
552 1
553 0
554 1
555 1
556 1
557 0
558 0
559 0
560 0
561 0
562 0
563 0
564 1
565 1
566 1
567 1
568 0
569 0
570 1
571 1
572 0
573 1
574 1
575 1
576 1
577 1
578 1
579 1
580 1
581 1
582 0
583 0
584 0
585 1
586 0
587 1
588 1
589 0
590 0
591 0
592 0
593 0
594 0
595 0
596 1
597 1
598 1
599 1
600 0
601 0
602 0
603 0
604 1
605 1
606 1
607 1
608 1
609 1
610 0
611 0
612 1
613 0
614 0
615 0
616 0
617 1
618 0
619 1
620 1
621 0
622 0
623 0
624 0
625 0
626 0
627 0
628 0
629 1
630 1
631 0
632 0
633 1
634 1
635 1
636 1
637 0
638 1
639 0
640 0
641 1
642 0
643 0
644 1
645 0
646 0
647 0
648 0
649 0
650 1
651 0
652 0
653 0
654 0
655 0
656 0
657 1
658 1
659 1
660 0
661 0
662 0
663 0
664 0
665 0
666 1
667 1
668 1
669 1
670 0
671 0
672 0
673 1
674 1
675 1
676 0
677 0
678 1
679 0
680 0
681 0
682 1
683 1
684 1
685 1
686 0
687 1
688 1
689 1
690 1
691 1
692 1
693 0
694 1
695 0
696 0
697 0
698 0
699 1
700 1
701 1
702 0
703 0
704 1
705 0
706 0
707 1
708 0
709 0
710 0
711 1
712 0
713 1
714 1
715 1
716 1
717 1
718 0
719 1
720 1
721 1
722 1
723 0
724 1
725 0
726 0
727 0
728 0
729 1
730 1
731 1
732 0
733 0
734 0
735 1
736 0
737 0
738 1
739 0
740 0
741 1
742 1
743 1
744 1
745 1
746 1
747 0
748 1
749 0
750 1
751 1
752 0
753 1
754 0
755 1
756 1
757 0
758 1
759 0
760 1
761 1
762 0
763 0
764 0
765 1
766 0
767 0
768 0
769 0
770 1
771 1
772 1
773 1
774 0
775 1
776 0
777 0
778 1
779 0
780 1
781 0
782 0
783 1
784 1
785 1
786 0
787 1
788 0
789 0
790 0
791 0
792 0
793 1
794 1
795 1
796 1
797 0
798 1
799 0
800 0
801 1
802 1
803 0
804 0
805 0
806 1
807 1
808 1
809 0
810 1
811 1
812 0
813 1
814 0
815 0
816 1
817 0
818 1
819 1
820 1
821 1
822 0
823 1
824 0
825 0
826 0
827 1
828 0
829 1
830 0
831 0
832 1
833 1
834 0
835 1
836 1
837 1
838 0
839 1
840 0
841 0
842 1
843 0
844 1
845 1
846 0
847 1
848 0
849 1
850 1
851 1
852 1
853 0
854 1
855 0
856 0
857 1
858 1
859 1
860 1
861 1
862 1
863 1
864 1
865 1
866 0
867 1
868 1
869 0
870 0
871 1
872 1
873 0
874 1
875 0
876 1
877 1
878 1
879 1
880 1
881 0
882 0
883 0
884 1
885 0
886 0
887 0
888 1
889 0
890 1
891 1
892 0
893 0
894 1
895 0
896 1
897 0
898 1
899 1
900 1
901 1
902 1
903 1
904 1
905 0
906 0
907 0
908 1
909 1
910 0
911 1
912 0
913 1
914 0
915 1
916 1
917 1
918 0
919 1
920 1
921 1
922 1
923 1
924 0
925 1
926 0
927 1
928 0
929 0
930 0
931 1
932 0
933 0
934 1
935 0
936 1
937 0
938 1
939 1
940 1
941 1
942 1
943 0
944 0
945 0
946 0
947 0
948 0
949 0
950 0
951 0
952 1
953 0
954 1
955 0
956 0
957 1
958 0
959 0
960 0
961 0
962 1
963 1
964 1
965 1
966 1
967 0
968 1
969 1
970 1
971 1
972 1
973 0
974 0
975 1
976 0
977 0
978 0
979 1
980 0
981 1
982 0
983 0
984 1
985 1
986 1
987 0
988 1
989 1
990 0
991 1
992 0
993 0
994 1
995 1
996 1
997 1
998 1
999 1
1000 0
1001 1
1002 0
1003 0
1004 1
1005 0
1006 0
1007 1
1008 0
1009 0
1010 0
1011 0
1012 1
1013 0
1014 1
1015 0
1016 0
1017 1
1018 1
1019 1
1020 0
1021 1
1022 0
1023 1
1024 1
1025 0
1026 1
1027 1
1028 1
1029 0
1030 0
1031 1
1032 1
1033 0
1034 1
1035 0
1036 1
1037 1
1038 1
1039 1
1040 1
1041 0
1042 0
1043 1
1044 0
1045 1
1046 0
1047 0
1048 1
1049 1
1050 1
1051 0
1052 1
1053 0
1054 0
1055 1
1056 0
1057 1
1058 1
1059 1
1060 1
1061 0
1062 0
1063 1
1064 1
1065 1
1066 1
1067 0
1068 0
1069 0
1070 0
1071 1
1072 0
1073 0
1074 1
1075 1
1076 0
1077 1
1078 1
1079 1
1080 1
1081 1
1082 0
1083 1
1084 1
1085 1
1086 0
1087 1
1088 1
1089 0
1090 0
1091 0
1092 0
1093 1
1094 0
1095 0
1096 1
1097 0
1098 0
1099 0
1100 1
1101 0
1102 0
1103 0
1104 1
1105 0
1106 1
1107 1
1108 1
1109 1
1110 0
1111 1
1112 1
1113 0
1114 1
1115 0
1116 0
1117 1
1118 1
1119 1
1120 0
1121 0
1122 1
1123 0
1124 1
1125 1
1126 0
1127 1
1128 0
1129 1
1130 1
1131 0
1132 1
1133 1
1134 1
1135 1
1136 1
1137 0
1138 1
1139 1
1140 1
1141 1
1142 0
1143 0
1144 0
1145 0
1146 0
1147 1
1148 0
1149 0
1150 0
1151 0
1152 0
1153 1
1154 1
1155 0
1156 0
1157 0
1158 1
1159 0
1160 1
1161 1
1162 1
1163 1
1164 1
1165 1
1166 1
1167 0
1168 0
1169 0
1170 0
1171 1
1172 1
1173 0
1174 1
1175 1
1176 1
1177 1
1178 1
1179 0
1180 0
1181 0
1182 0
1183 0
1184 1
1185 1
1186 0
1187 1
1188 0
1189 0
1190 0
1191 1
1192 0
1193 1
1194 1
1195 0
1196 1
1197 0
1198 1
1199 1
1200 1
1201 1
1202 0
1203 0
1204 1
1205 0
1206 0
1207 0
1208 0
1209 1
1210 0
1211 1
1212 1
1213 1
1214 0
1215 0
1216 0
1217 1
1218 1
1219 1
1220 0
1221 0
1222 0
1223 1
1224 1
1225 1
1226 0
1227 1
1228 1
1229 0
1230 1
1231 0
1232 0
1233 1
1234 0
1235 1
1236 0
1237 1
1238 0
1239 0
1240 0
1241 0
1242 0
1243 0
1244 1
1245 1
1246 1
1247 1
1248 0
1249 0
1250 1
1251 0
1252 1
1253 0
1254 0
1255 0
1256 0
1257 1
1258 1
1259 1
1260 1
1261 1
1262 1
1263 1
1264 0
1265 0
1266 1
1267 0
1268 0
1269 1
1270 1
1271 0
1272 1
1273 1
1274 0
1275 0
1276 0
1277 0
1278 1
1279 1
1280 0
1281 0
1282 0
1283 1
1284 0
1285 1
1286 1
1287 1
1288 1
1289 1
1290 0
1291 0
1292 0
1293 1
1294 0
1295 1
1296 1
1297 1
1298 1
1299 1
1300 1
1301 0
1302 0
1303 1
1304 0
1305 1
1306 1
1307 1
1308 0
1309 1
1310 1
1311 0
1312 0
1313 1
1314 0
1315 0
1316 1
1317 0
1318 1
1319 1
1320 0
1321 1
1322 1
1323 1
1324 1
1325 1
1326 1
1327 1
1328 0
1329 1
1330 1
1331 0
1332 0
1333 1
1334 1
1335 1
1336 0
1337 0
1338 1
1339 1
1340 1
1341 1
1342 0
1343 1
1344 1
1345 0
1346 0
1347 1
1348 1
1349 0
1350 1
1351 1
1352 1
1353 1
1354 1
1355 1
1356 0
1357 0
1358 0
1359 0
1360 1
1361 0
1362 0
1363 0
1364 0
1365 0
1366 0
1367 0
1368 0
1369 0
1370 0
1371 1
1372 1
1373 1
1374 1
1375 1
1376 1
1377 0
1378 0
1379 1
1380 0
1381 0
1382 1
1383 1
1384 0
1385 1
1386 0
1387 1
1388 0
1389 0
1390 0
1391 1
1392 0
1393 0
1394 1
1395 0
1396 1
1397 0
1398 0
1399 0
1400 1
1401 0
1402 1
1403 1
1404 0
1405 1
1406 1
1407 1
1408 0
1409 1
1410 0
1411 1
1412 1
1413 0
1414 0
1415 1
1416 1
1417 1
1418 1
1419 1
1420 1
1421 0
1422 1
1423 1
1424 1
1425 0
1426 1
1427 0
1428 0
1429 1
1430 1
1431 1
1432 1
1433 0
1434 1
1435 0
1436 1
1437 0
1438 1
1439 1
1440 0
1441 0
1442 0
1443 1
1444 0
1445 1
1446 0
1447 1
1448 0
1449 1
1450 1
1451 0
1452 0
1453 0
1454 1
1455 1
1456 1
1457 0
1458 1
1459 1
1460 1
1461 1
1462 1
1463 0
1464 1
1465 1
1466 0
1467 1
1468 0
1469 1
1470 0
1471 0
