1 1
2 1
3 0
4 0
5 1
6 1
7 1
8 0
9 0
10 1
11 0
12 0
13 0
14 0
15 1
16 0
17 0
18 0
19 0
20 1
21 0
22 0
23 0
24 0
25 1
26 1
27 1
28 1
29 1
30 1
31 1
32 0
33 0
34 0
35 0
36 1
37 0
38 1
39 1
40 0
41 0
42 0
43 1
44 1
45 0
46 1
47 1
48 1
49 0
50 1
51 0
52 1
53 0
54 0
55 1
56 1
57 0
58 0
59 0
60 0
61 1
62 1
63 1
64 0
65 0
66 0
67 0
68 0
69 1
70 1
71 0
72 0
73 0
74 0
75 1
76 1
77 0
78 0
79 0
80 1
81 0
82 1
83 1
84 1
85 1
86 0
87 1
88 1
89 1
90 1
91 0
92 1
93 1
94 1
95 1
96 1
97 0
98 1
99 1
100 0
101 1
102 1
103 1
104 0
105 0
106 1
107 0
108 1
109 1
110 1
111 1
112 1
113 1
114 1
115 1
116 0
117 1
118 0
119 0
120 0
121 1
122 0
123 0
124 1
125 1
126 0
127 1
128 1
129 0
130 1
131 0
132 0
133 0
134 0
135 0
136 1
137 0
138 1
139 0
140 1
141 0
142 1
143 0
144 0
145 0
146 0
147 1
148 1
149 0
150 1
151 1
152 0
153 1
154 0
155 1
156 0
157 1
158 1
159 0
160 1
161 1
162 1
163 1
164 0
165 1
166 0
167 1
168 1
169 0
170 0
171 0
172 0
173 1
174 0
175 1
176 1
177 0
178 0
179 0
180 0
181 1
182 1
183 0
184 1
185 1
186 0
187 0
188 1
189 0
190 0
191 0
192 1
193 0
194 0
195 0
196 0
197 1
198 0
199 1
200 0
201 1
202 0
203 1
204 1
205 0
206 0
207 0
208 1
209 0
210 0
211 0
212 1
213 0
214 0
215 1
216 1
217 1
218 0
219 1
220 0
221 0
222 1
223 1
224 0
225 0
226 1
227 0
228 0
229 0
230 1
231 1
232 1
233 1
234 1
235 1
236 1
237 1
238 1
239 1
240 0
241 1
242 1
243 1
244 1
245 0
246 1
247 1
248 0
249 1
250 0
251 1
252 1
253 0
254 1
255 1
256 1
257 1
258 1
259 1
260 1
261 0
262 1
263 1
264 0
265 0
266 1
267 1
268 1
269 1
270 0
271 0
272 1
273 1
274 1
275 0
276 0
277 1
278 0
279 1
280 1
281 1
282 1
283 1
284 0
285 1
286 1
287 1
288 1
289 1
290 1
291 1
292 1
293 0
294 1
295 0
296 0
297 1
298 1
299 0
300 0
301 0
302 1
303 1
304 0
305 1
306 0
307 1
308 0
309 0
310 1
311 1
312 1
313 0
314 0
315 0
316 1
317 1
318 0
319 0
320 1
321 0
322 0
323 0
324 1
325 1
326 1
327 0
328 0
329 1
330 1
331 0
332 0
333 0
334 1
335 0
336 1
337 0
338 1
339 1
340 1
341 0
342 0
343 1
344 1
345 0
346 1
347 1
348 0
349 1
350 0
351 1
352 1
353 1
354 0
355 1
356 1
357 0
358 1
359 1
360 0
361 0
362 1
363 1
364 0
365 0
366 0
367 0
368 0
369 1
370 1
371 1
372 1
373 0
374 0
375 0
376 0
377 0
378 1
379 0
380 0
381 1
382 0
383 0
384 0
385 1
386 0
387 0
388 1
389 1
390 1
391 1
392 1
393 1
394 1
395 1
396 0
397 1
398 0
399 1
400 0
401 1
402 0
403 0
404 0
405 1
406 0
407 0
408 0
409 0
410 0
411 1
412 0
413 0
414 1
415 0
416 1
417 0
418 0
419 1
420 1
421 1
422 0
423 0
424 1
425 1
426 1
427 0
428 0
429 0
430 1
431 1
432 0
433 1
434 1
435 1
436 0
437 0
438 0
439 1
440 0
441 1
442 0
443 1
444 0
445 1
446 0
447 1
448 0
449 0
450 1
451 0
452 0
453 0
454 0
455 1
456 0
457 0
458 0
459 1
460 1
461 0
462 0
463 0
464 0
465 0
466 0
467 1
468 0
469 1
470 1
471 0
472 1
473 0
474 0
475 0
476 0
477 0
478 1
479 0
480 1
481 1
482 0
483 1
484 0
485 1
486 0
487 0
488 1
489 1
490 1
491 0
492 1
493 0
494 1
495 0
496 0
497 0
498 0
499 1
500 0
501 0
502 0
503 0
504 1
505 0
506 1
507 1
508 1
509 0
510 0
511 1
512 1
513 0
514 1
515 0
516 1
517 1
518 0
519 1
520 0
521 1
522 0
523 1
524 1
525 0
526 1
527 0
528 0
529 0
530 0
531 0
532 1
533 1
534 0
535 0
536 1
537 0
538 0
539 0
540 1
541 0
542 0
543 1
544 1
545 0
546 1
547 1
548 0
549 0
550 1
551 1
552 0
553 1
554 1
555 0
556 0
557 1
558 1
559 0
560 1
561 0
562 0
563 0
564 0
565 1
566 0
567 0
568 0
569 0
570 1
571 1
572 0
573 1
574 0
575 1
576 0
577 1
578 0
579 0
580 1
581 0
582 1
583 0
584 1
585 0
586 1
587 0
588 0
589 1
590 0
591 0
592 0
593 1
594 0
595 1
596 1
597 0
598 0
599 1
600 1
601 1
602 1
603 1
604 1
605 1
606 0
607 0
608 0
609 1
610 0
611 1
612 0
613 1
614 0
615 1
616 0
617 0
618 0
619 1
620 0
621 0
622 0
623 1
624 0
625 1
626 0
627 1
628 1
629 1
630 0
631 1
632 0
633 1
634 0
635 0
636 1
637 0
638 1
639 1
640 0
641 1
642 1
643 1
644 1
645 0
646 1
647 0
648 1
649 0
650 1
651 1
652 0
653 0
654 1
655 1
656 0
657 1
658 1
659 0
660 1
661 0
662 1
663 0
664 1
665 0
666 1
667 1
668 0
669 0
670 1
671 0
672 0
673 0
674 1
675 1
676 1
677 1
678 1
679 1
680 0
681 0
682 0
683 0
684 1
685 1
686 1
687 0
688 0
689 1
690 0
691 0
692 1
693 1
694 0
695 0
696 1
697 1
698 0
699 0
700 0
701 1
702 1
703 0
704 1
705 1
706 0
707 0
708 0
709 1
710 1
711 0
712 0
713 1
714 1
715 0
716 1
717 1
718 1
719 0
720 0
721 1
722 1
723 0
724 0
725 1
726 0
727 0
728 0
729 0
730 1
731 0
732 1
733 0
734 0
735 1
736 1
737 0
738 1
739 0
740 0
741 0
742 1
743 0
744 1
745 1
746 1
747 1
748 0
749 0
750 0
751 1
752 1
753 1
754 0
755 0
756 1
757 0
758 0
759 0
760 0
761 0
762 0
763 0
764 1
765 0
766 0
767 1
768 0
769 0
770 1
771 0
772 1
773 1
774 1
775 1
776 1
777 0
778 0
779 0
780 1
781 0
782 0
783 0
784 1
785 0
786 1
787 0
788 0
789 1
790 1
791 0
792 0
793 1
794 1
795 0
796 1
797 0
798 0
799 0
800 0
801 1
802 0
803 0
804 1
805 0
806 0
807 1
808 1
809 0
810 0
811 1
812 1
813 0
814 0
815 0
816 0
817 1
818 1
819 1
820 1
821 1
822 0
823 0
824 0
825 0
826 1
827 0
828 0
829 1
830 0
831 0
832 0
833 0
834 0
835 1
836 0
837 1
838 1
839 1
840 1
841 1
842 1
843 0
844 0
845 1
846 1
847 0
848 1
849 1
850 0
851 0
852 1
853 1
854 1
855 0
856 1
857 0
858 0
859 1
860 1
861 0
862 1
863 0
864 1
865 0
866 1
867 0
868 0
869 0
870 0
871 0
872 0
873 1
874 1
875 0
876 0
877 0
878 1
879 0
880 0
881 0
882 0
883 0
884 0
885 0
886 0
887 0
888 1
889 0
890 1
891 1
892 0
893 0
894 1
895 1
896 1
897 1
898 0
899 0
900 1
901 0
902 1
903 1
904 0
905 1
906 1
907 1
908 1
909 0
910 0
911 0
912 0
913 1
914 0
915 0
916 1
917 1
918 1
919 1
920 0
921 0
922 1
923 0
924 1
925 0
926 1
927 0
928 1
929 1
930 1
931 0
932 1
933 0
934 1
935 0
936 1
937 0
938 0
939 1
940 1
941 1
942 0
943 1
944 0
945 1
946 1
947 0
948 1
949 0
950 0
951 1
952 1
953 1
954 0
955 1
956 1
957 0
958 1
959 0
960 0
961 1
962 1
963 1
964 0
965 1
966 1
967 1
968 1
969 0
970 1
971 0
972 0
973 1
974 0
975 0
976 0
977 1
978 0
979 0
980 1
981 0
982 1
983 0
984 0
985 0
986 0
987 1
988 0
989 0
990 1
991 0
992 1
993 0
994 0
995 1
996 1
997 0
998 1
999 0
1000 1
1001 1
1002 1
1003 0
1004 1
1005 1
1006 1
1007 0
1008 0
1009 1
1010 1
1011 1
1012 0
1013 0
1014 1
1015 1
1016 1
1017 1
1018 0
1019 0
1020 0
1021 1
1022 0
1023 1
1024 0
1025 1
1026 0
1027 0
1028 1
1029 1
1030 0
1031 1
1032 1
1033 0
1034 0
1035 1
1036 1
1037 1
1038 1
1039 0
1040 0
1041 0
1042 1
1043 1
1044 0
1045 1
1046 0
1047 0
1048 0
1049 0
1050 0
1051 0
1052 1
1053 1
1054 1
1055 1
1056 0
1057 1
1058 0
1059 1
1060 1
1061 1
1062 0
1063 0
1064 0
1065 0
1066 0
1067 1
1068 1
1069 1
1070 1
1071 1
1072 1
1073 0
1074 0
1075 1
1076 1
1077 1
1078 1
1079 1
1080 1
1081 0
1082 1
1083 1
1084 1
1085 1
1086 0
1087 1
1088 0
1089 1
1090 1
1091 0
1092 1
1093 0
1094 0
1095 0
1096 0
1097 0
1098 0
1099 0
1100 1
1101 1
1102 0
1103 0
1104 1
1105 1
1106 0
1107 0
1108 0
1109 1
1110 0
1111 1
1112 1
1113 0
1114 1
1115 1
1116 0
1117 0
1118 1
1119 0
1120 1
1121 0
1122 0
1123 0
1124 1
1125 1
1126 0
1127 1
1128 1
1129 0
1130 1
1131 0
1132 0
1133 0
1134 1
1135 0
1136 0
1137 0
1138 0
1139 1
1140 0
1141 1
1142 0
1143 0
1144 0
1145 1
1146 1
1147 0
1148 1
1149 1
1150 1
1151 1
1152 1
1153 1
1154 0
1155 1
1156 0
1157 0
1158 1
1159 0
1160 0
1161 1
1162 1
1163 1
1164 0
1165 1
1166 1
1167 1
1168 1
1169 0
1170 0
1171 1
1172 1
1173 0
1174 1
1175 0
1176 0
1177 1
1178 0
1179 1
1180 0
1181 1
1182 1
1183 1
1184 0
1185 1
1186 1
1187 1
1188 1
1189 0
1190 1
1191 1
1192 0
1193 1
1194 0
1195 0
1196 1
1197 0
1198 0
1199 0
1200 1
1201 0
1202 0
1203 0
1204 1
1205 1
1206 0
1207 1
1208 1
1209 1
1210 0
1211 1
1212 0
1213 0
1214 0
1215 0
1216 0
1217 0
1218 0
1219 0
1220 0
1221 0
1222 0
1223 0
1224 1
1225 0
1226 0
1227 1
1228 0
1229 0
1230 0
1231 1
1232 0
1233 0
1234 0
1235 0
1236 1
1237 0
1238 1
1239 0
1240 1
1241 1
1242 1
1243 1
1244 0
1245 1
1246 1
1247 0
1248 0
1249 1
1250 1
1251 0
1252 1
1253 1
1254 1
1255 0
1256 0
1257 1
1258 0
1259 0
1260 0
1261 1
1262 1
1263 1
1264 1
1265 1
1266 1
1267 0
1268 1
1269 0
1270 0
1271 1
1272 0
1273 1
1274 1
1275 1
1276 0
1277 1
1278 1
1279 0
1280 1
1281 1
1282 1
1283 1
1284 0
1285 0
1286 1
1287 0
1288 0
1289 1
1290 1
1291 1
1292 1
1293 0
1294 0
1295 0
1296 0
1297 0
1298 0
1299 1
1300 0
1301 0
1302 1
1303 1
1304 1
1305 1
1306 0
1307 1
1308 0
1309 1
1310 1
1311 1
1312 0
1313 0
1314 0
1315 1
1316 1
1317 1
1318 0
1319 0
1320 0
1321 0
1322 0
1323 0
1324 1
1325 0
1326 1
1327 0
1328 0
1329 1
1330 0
1331 1
1332 0
1333 0
1334 1
1335 1
1336 0
1337 1
1338 1
1339 1
1340 0
1341 1
1342 1
1343 1
1344 1
1345 0
1346 0
1347 0
1348 1
1349 0
1350 0
1351 0
1352 0
1353 0
1354 0
1355 1
1356 0
1357 1
1358 1
1359 0
1360 1
1361 1
1362 0
1363 1
1364 1
1365 0
1366 0
1367 1
1368 1
1369 0
1370 0
1371 1
1372 0
1373 1
1374 0
1375 0
1376 1
1377 1
1378 1
1379 0
1380 0
1381 1
1382 0
1383 0
1384 0
1385 0
1386 1
1387 0
1388 0
1389 1
1390 0
1391 1
1392 1
1393 0
1394 0
1395 0
1396 1
1397 1
1398 0
1399 0
1400 1
1401 1
1402 0
1403 0
1404 0
1405 1
1406 0
1407 1
1408 1
1409 1
1410 0
1411 0
1412 0
1413 0
1414 0
1415 0
1416 1
1417 0
1418 0
1419 1
1420 1
1421 1
1422 1
1423 1
1424 1
1425 1
1426 0
1427 0
1428 1
1429 1
1430 1
1431 0
1432 1
1433 0
1434 0
1435 1
1436 0
1437 1
1438 1
1439 1
1440 1
1441 1
1442 1
1443 0
1444 0
1445 0
1446 0
1447 0
1448 0
1449 0
1450 1
1451 0
1452 0
1453 0
1454 1
1455 0
1456 0
1457 0
1458 0
1459 1
1460 0
1461 1
1462 0
1463 1
1464 0
1465 0
1466 1
1467 0
1468 1
1469 0
1470 1
1471 1
