1054
1453
1819
1975
2226
175
1829
2724
1800
1266
1637
1700
1075
1708
608
1430
815
620
2253
1482
2195
2204
2880
2043
679
2434
2192
2281
2324
2698
2623
2907
2064
2800
1686
847
1463
1513
1451
463
1200
3
353
1290
2669
992
1421
1423
1821
2816
1760
886
522
560
87
765
2799
414
1857
795
844
1122
1466
132
1734
1892
658
1417
725
2890
565
1818
1973
37
1937
703
1253
1233
1534
2887
2230
1626
489
1762
2745
1161
1754
2708
2575
2430
2592
2936
2225
2403
891
863
1650
692
1117
1549
216
915
1098
46
2205
2122
197
2082
761
1221
2477
2496
1173
1929
2580
780
1335
422
1029
1301
2547
1834
2811
2727
2901
542
2000
2848
1210
284
1578
362
2782
674
253
2687
2336
1291
1033
1961
2568
1361
1713
14
2028
2590
506
997
2801
1625
2346
2550
2084
2256
2503
2383
1932
1965
2087
176
1759
1941
2361
2472
2888
2252
211
2104
2484
645
1567
1894
650
111
2608
2632
2166
1397
2560
1409
1705
351
2713
770
2510
2458
1657
2551
2818
2394
1478
2505
1269
1265
118
2232
2924
2489
1815
1406
2585
1082
55
18
1851
769
1869
511
611
525
318
927
711
319
2376
2388
2838
1766
1121
2443
1566
2546
376
904
841
2246
1314
2656
192
405
1439
836
541
1747
946
1796
2272
1387
69
2073
2586
660
2424
35
1364
2194
622
2404
2210
72
1830
1100
2101
2423
1806
106
2860
2521
2212
1697
1681
22
2566
1663
2565
1390
2326
2756
947
349
2772
161
1146
15
694
1623
283
1887
1745
468
1383
2612
185
885
2411
1118
321
788
2673
110
2569
1978
2098
898
53
892
877
2197
1574
2781
810
1298
316
184
1190
2616
857
1752
2372
2512
2015
1470
1149
793
461
2280
63
85
198
2668
868
867
1476
1488
2741
1761
1353
2062
2549
1396
944
869
470
0
713
2920
1920
1629
2278
617
122
1519
876
884
2853
64
314
229
1543
1238
1097
1846
153
1389
1182
691
2701
727
1449
2722
300
1174
2598
2927
495
1208
412
439
1170
342
479
2354
2650
2573
2494
214
2009
2093
2373
1840
1814
39
789
370
1989
2090
1636
2591
1462
375
2691
2925
2240
372
1422
2562
1856
355
1802
668
610
1547
845
1307
595
1272
1983
1749
1194
2125
670
2171
1516
201
1969
874
564
1106
1536
1237
1970
2470
1415
60
1204
387
2742
594
2340
2020
1863
1948
1013
1592
2342
431
686
1260
2495
1133
2516
2140
2165
2119
1701
587
577
1923
528
2630
294
2133
2826
1707
1154
748
2086
2279
842
309
1064
2679
1276
2356
530
1496
736
2831
965
163
2536
930
1652
1971
1218
1739
1709
1038
749
1723
751
2876
2105
2864
1590
2817
866
2808
2315
1004
1622
1639
140
1552
2738
2635
2624
1492
2261
536
1997
870
1363
1931
2674
2482
73
926
2393
956
1962
306
1518
2161
2067
1530
2036
1808
1875
988
1853
1724
2518
1455
1597
1833
558
1469
1255
1092
4
49
1259
1440
210
970
964
2906
2767
2041
103
385
105
2360
2208
146
1404
180
410
1509
1235
2879
1458
2640
520
2402
2358
626
2758
852
830
943
224
361
1683
1126
2436
2202
2453
112
2024
942
2224
42
659
849
1074
75
10
551
1220
1977
2504
241
2365
1779
1746
562
615
2684
299
819
1060
406
975
441
2578
30
2037
1756
805
2841
2895
2935
2018
1424
2063
2182
1583
2199
145
313
2755
2629
2162
1823
2259
2116
2834
2792
1169
2175
771
262
436
2362
2584
2639
517
1944
1677
547
79
2399
945
987
774
2889
2266
2692
1658
2911
2571
177
1674
2561
1132
1202
1841
2302
1919
2007
1006
51
1901
1748
1654
7
1147
1398
2762
1483
860
514
1842
2074
2006
1741
288
2707
1694
2501
2311
1560
297
2705
1508
399
2572
2128
1843
2775
807
2152
378
2519
1243
632
2655
1479
2517
2
822
2031
2622
2894
508
2350
2732
413
1727
421
2873
616
1817
76
1008
2929
762
1347
428
1197
2535
2914
67
1499
2809
2779
715
728
566
173
341
799
719
2457
2556
2930
982
1905
2371
1003
785
1156
949
2932
962
2625
1070
550
2277
264
1776
2014
1773
1587
86
82
586
1653
512
1256
2670
2828
2339
352
1847
1950
2855
1698
1357
1346
1356
709
917
1316
839
61
2682
2548
735
28
1517
2221
1769
268
2607
1222
1736
222
1824
1077
347
2699
2533
2329
792
1394
2131
907
1136
1416
880
2397
2464
1784
1250
202
2053
1924
1370
1926
1042
1447
2564
1777
2555
1369
2636
1794
2807
1327
136
1378
2729
1104
261
1137
1946
1326
2097
672
2502
322
277
1690
1740
416
2299
1103
2191
392
2557
2096
2543
80
1917
929
2534
2002
1020
1157
1715
1379
1177
599
2486
1535
1395
1942
2269
2077
2712
838
2541
289
2660
743
2646
2100
2305
356
2290
697
2047
2059
1199
1284
290
2022
2830
2797
651
2765
1331
2185
1554
985
2016
2264
1545
474
1044
438
797
1148
980
2030
1960
2915
239
1362
2085
1551
91
2349
716
855
633
2433
2793
2293
889
481
252
2916
2428
1328
2251
1292
2500
2139
597
1171
83
2710
1627
138
1605
2822
1553
1083
2593
782
1068
2606
1446
853
1494
2795
854
2032
1822
1661
2552
394
1489
1884
170
812
2509
1139
796
585
1283
685
1807
464
168
2917
1339
462
2054
2796
128
1712
1442
1206
1548
193
2769
1606
890
2012
2142
1279
2019
894
2759
2900
1448
2837
955
1048
1231
156
490
1810
2127
1539
2601
545
260
1411
2702
580
726
1679
1867
2910
2730
1529
1758
1405
1827
723
1579
1232
1116
1110
764
1620
2854
630
109
303
2941
251
2490
2544
629
456
1246
2820
1730
652
1251
2683
274
1456
2455
2070
1609
43
2271
1839
540
2437
2685
2450
887
1720
2783
1153
2789
1219
1025
497
1311
1135
1559
737
939
493
2596
1264
1813
208
664
2088
753
938
2092
1047
2201
400
2609
2075
1947
259
1868
2697
1096
1582
623
2709
2398
1234
1308
1640
2044
1591
1072
2771
2307
1108
2678
301
1093
1614
455
989
2861
2414
575
581
2129
2235
2094
345
135
828
998
1648
882
1071
275
1669
1968
1329
157
134
1642
221
396
58
745
831
2415
41
1775
790
699
1443
238
1928
1993
1676
1310
1510
2413
689
1241
2904
2487
1871
2323
1664
2274
500
1504
95
2156
1162
2120
1556
510
1236
1992
2027
1297
1594
427
2181
959
579
934
1764
1689
2671
418
320
1956
310
1767
897
19
1140
583
592
1812
1340
2700
1330
1225
2447
1131
167
11
2187
1282
535
544
2649
1286
1717
2892
2776
2513
2300
2594
1755
1035
1589
1012
226
923
1906
442
2717
2780
1631
675
2396
204
951
2749
2248
2439
1471
2209
1995
677
343
2542
2390
1945
1936
2083
1333
1576
1303
2328
2440
614
2106
1435
1859
2355
2617
1899
369
1230
2559
2417
2406
487
1647
366
2297
2814
2446
2871
2666
1438
269
906
444
537
331
445
1214
1325
1866
6
1086
1480
2124
2523
338
317
2296
1454
2874
1124
2132
1461
1081
34
1344
920
2690
2696
596
2827
918
1635
2638
2079
411
2620
2154
2039
1495
1352
921
578
1429
1990
2377
1987
1399
2785
740
966
916
1603
2234
324
1184
773
2149
701
2344
2858
2835
872
1666
2768
1515
552
148
518
2728
899
2689
1792
1506
1586
2798
1888
350
1067
893
307
1503
90
488
143
425
2330
2751
1285
1728
994
1849
2337
1053
1533
1934
2325
1688
1057
1299
1287
1916
2206
179
1412
1215
151
1598
1615
279
932
2320
273
2163
1056
1345
609
2011
2778
2095
1999
2352
590
1372
38
910
186
734
2750
1319
2343
760
1879
757
1743
1240
242
2610
772
2107
2229
521
2060
2849
1500
2452
663
336
155
1744
2882
1781
1680
2628
2605
225
1080
315
818
1585
990
1431
1520
1607
1618
1009
2537
2078
1860
196
228
555
2737
2198
2444
473
1432
2531
1203
217
189
1523
304
2146
1155
302
1991
2908
29
879
2739
1166
291
817
2766
1507
2409
419
2764
478
254
40
380
124
2180
66
2231
825
424
2653
2626
1123
47
480
2896
531
384
2241
263
2761
2158
2431
2448
1864
1245
687
194
2317
2790
1900
2815
1986
2850
1078
2153
188
2429
1544
1848
1226
2313
2421
2426
1988
1939
573
54
1502
2267
798
1401
826
2114
2046
2545
952
1684
1902
954
2282
125
2734
2025
2309
96
1787
1457
244
996
2488
358
2298
2913
993
567
627
1704
2582
523
2627
1940
475
556
1408
837
2288
501
813
397
794
820
2113
1915
453
787
1616
671
1828
1359
1501
1542
131
207
901
183
1358
803
1855
144
1381
2898
2449
2870
147
2071
829
477
2746
637
2506
1673
1486
2752
984
2108
2335
1085
212
165
2144
2902
1570
1021
2026
1168
2247
2379
2111
1883
2392
100
647
2126
2675
114
373
2291
2893
195
1293
2823
862
1270
534
2023
1710
130
2368
2370
1671
2474
1267
1350
1638
1094
1089
752
1525
398
662
1882
603
31
1836
2918
359
1129
2733
2080
1908
2218
280
2878
1392
948
2847
2112
1275
775
2348
1278
2788
1573
1115
848
164
1304
1101
2703
613
1377
2677
1593
2407
1120
1722
496
574
70
2055
1641
1994
44
2774
1247
2310
2151
2813
213
524
2193
2469
2135
1167
1309
1289
393
602
607
1427
2200
2740
507
1954
1076
24
2066
777
2587
57
681
1571
2462
1601
1281
1354
2289
1655
2176
1953
2183
963
119
2718
235
374
2215
2385
2049
1918
1179
1951
682
2292
2222
814
381
137
638
1778
1633
2937
255
1019
2155
2217
257
1128
1312
1563
1441
827
925
1831
1144
1249
115
1903
2595
2839
1797
162
2711
270
1254
1825
2416
1374
2473
1040
329
811
1692
2004
1018
2029
447
2265
554
2374
142
415
806
1239
1685
2664
503
2852
2196
429
1252
539
1803
1242
1484
1313
1193
267
1049
2825
2485
1895
2345
218
2843
1780
1027
1452
2136
1187
2583
2213
1125
875
2938
1002
1332
1788
1753
2866
1355
203
368
1852
1850
1248
2276
1644
680
13
1651
2829
1912
2172
2005
1138
2614
1805
2284
2934
2657
1524
2721
2366
450
1584
1979
2467
1172
858
1751
1702
2220
2008
1109
2380
2468
1537
1227
1668
2553
1662
2922
1393
271
2438
1725
2145
2294
1159
2333
2169
2207
1366
2138
2883
1656
903
2875
2613
1391
1675
2821
2091
2110
2389
2460
667
756
979
1799
1268
2410
2173
2526
2643
859
913
931
1467
2069
1164
178
2420
2723
950
738
519
1687
1450
2243
458
152
2332
981
472
249
1192
2672
1099
598
1105
2435
1870
2038
2659
2909
1007
1015
2441
1207
2456
568
2859
1845
1069
2051
1141
2842
976
940
335
2003
2576
688
888
1896
791
17
767
835
778
991
676
742
1186
1738
1731
1046
1263
2479
1055
1119
924
2465
2250
802
1445
2631
2736
2405
878
1624
452
2319
1897
2427
113
2157
1811
2877
2099
856
1051
2508
498
2211
1938
2939
758
2819
1790
1026
2391
227
1716
821
1564
1351
408
1858
492
1706
2760
1891
403
710
1402
2249
1459
449
1877
1558
1384
2418
1028
88
121
312
2052
276
1957
2507
576
65
2137
1011
1224
684
25
2351
657
631
2618
695
357
1659
482
2386
1403
20
395
2621
704
1873
2419
900
1472
1949
2667
26
1418
1541
936
1645
1410
1005
1577
1127
2770
99
2928
1150
786
933
648
834
2178
2454
720
1943
1581
340
2316
2164
448
1820
1885
2159
360
2451
59
1295
516
730
983
2242
33
286
2540
2285
2130
1765
739
832
1198
1621
1195
1493
2833
1985
881
529
621
1512
843
2744
77
386
1213
149
258
1959
2840
1804
909
1809
2899
1568
986
665
717
2824
1678
1532
1872
705
325
1699
1682
2304
776
2806
1602
673
1930
1360
1030
2926
1691
2001
334
1569
1031
911
12
824
205
2134
2680
2891
1102
2868
2233
2170
45
1373
230
2715
2369
781
744
89
1468
2538
1974
538
640
2661
1382
1907
1258
1178
2704
107
1375
215
2791
1878
172
2794
1963
1444
669
958
354
1014
1337
1061
2651
236
432
2905
2306
526
747
724
56
601
2245
2773
1142
741
919
1608
1113
1844
469
120
1498
2921
328
1229
1211
1886
1413
220
287
1371
571
678
1880
2035
2491
1854
1604
483
1865
1505
1555
2857
1914
1217
471
2408
2270
1909
2597
2445
584
625
1315
1497
1037
1348
166
2619
1487
654
305
809
696
1531
1152
409
1619
1158
1733
1933
1898
2050
960
553
2686
1063
200
298
344
763
2347
532
636
1223
2923
2287
181
1491
1521
644
1425
1540
1205
2303
2381
1257
1034
2219
2903
2851
1111
1324
68
2641
2525
256
272
2693
1490
1134
1000
1022
593
383
1958
1665
2318
707
367
628
1770
655
78
1816
1296
1176
971
2045
2334
407
2845
2836
2805
2912
459
1271
2089
2042
634
1367
656
1595
1334
21
895
1107
209
1212
902
1436
1726
1300
759
2804
779
1910
2863
1191
2599
2637
1703
591
52
2121
278
2021
1649
2401
2186
1925
2461
2471
237
2109
1088
1527
2884
282
2432
1522
154
187
1632
348
1465
2648
972
1400
1039
1274
281
1017
1528
1273
2574
1613
1786
999
443
708
2258
2203
2600
2735
1768
2497
2554
2017
2268
768
2658
1955
2885
883
2522
2295
2382
332
1474
1874
698
1336
2865
2160
285
801
2115
1016
1087
1801
81
2190
2048
1343
2846
2177
515
2524
2412
2216
133
2189
1386
129
635
1791
2856
1911
36
1338
639
2757
1876
2634
928
1714
2579
1696
1091
1349
589
2803
2647
2179
2262
1693
941
953
2530
308
1160
231
494
2228
2844
1913
1073
606
1774
491
1511
527
2275
2286
5
2832
1024
2862
1737
504
2341
265
861
1481
2123
706
1826
2480
1711
588
246
2577
896
1557
1185
1861
1437
2570
1981
379
243
2227
1112
97
2239
653
2563
2148
2076
2188
1175
1628
2881
1672
1090
465
404
978
48
937
865
1572
1216
2694
2688
2493
2706
714
2283
2539
2378
435
1798
718
2588
721
364
1514
661
466
1306
141
160
641
808
846
296
2812
2478
1428
2367
2263
423
365
2400
1889
2459
2520
2331
2236
533
1180
2787
563
1201
2919
2748
1972
605
2644
74
1143
1414
2425
1729
1890
722
323
2061
1719
2118
2068
457
2273
311
1771
1188
546
1058
693
1322
840
2056
1630
619
1935
1599
1183
2327
499
2314
2117
1721
295
1667
2010
402
974
199
957
612
977
908
1575
339
150
864
2463
935
712
94
850
1976
1600
702
1059
2422
1473
766
1893
2214
2897
2604
2716
961
1580
1617
1634
2633
2034
1660
2301
234
2529
1921
604
1475
2753
513
2763
905
2528
1837
382
1305
1562
2499
2511
755
2442
1036
460
559
266
1407
2237
2260
1610
1095
126
1434
1982
190
250
800
1420
1189
1980
1772
754
437
62
2103
642
2933
1262
426
389
71
2747
2338
486
1998
1062
2483
2611
2567
1904
32
2802
420
390
1795
467
509
783
914
451
557
2786
1084
732
292
2255
1485
248
433
1966
1835
2308
27
2514
50
1032
2167
1041
1181
1043
16
804
1750
232
1526
485
967
127
2257
1426
337
1952
784
871
98
1538
1464
750
2466
2395
247
333
2720
1782
1996
84
219
1130
8
2726
2168
2940
1385
1646
293
1145
233
2387
2174
746
569
1550
1321
1209
1984
1477
2143
2359
969
1927
1165
646
1045
23
1838
1001
240
995
330
2645
2353
1695
169
968
649
2040
1565
2714
2676
1460
2615
851
2081
363
2867
561
454
484
104
182
2223
102
1380
2141
326
922
2357
1433
570
2527
2476
666
1288
1010
401
440
117
2013
2581
2931
1376
2072
816
729
700
2695
690
2719
731
1342
1
123
1277
158
2743
1365
1718
1643
1228
618
2589
2731
108
2065
624
2375
371
2498
2869
505
2363
582
2492
1023
873
833
548
1163
1757
2481
2652
2475
1114
430
2102
2033
2603
1294
1317
2886
2784
973
2384
191
1065
2057
1763
2681
388
2725
2663
327
1341
2150
1050
93
2147
2532
1280
159
1793
2364
1079
549
1388
2665
174
2602
2654
2662
1151
1561
1789
2754
600
1588
2312
2254
2244
1785
2321
1735
446
1832
1862
2558
1318
223
2642
1596
683
1419
1732
1066
2810
391
377
1783
92
2777
1546
502
643
206
572
476
2058
1967
434
171
1261
417
116
1612
1881
139
1670
2872
1302
9
543
1742
346
1196
733
1964
2238
912
2322
1611
2184
245
1368
1052
1922
101
823
1320
1244
2515
1323

