2247
1601
2621
406
901
1991
2446
1081
2257
2330
125
2556
2587
1020
2935
974
261
35
930
195
697
220
1184
1668
2059
1166
1819
2215
1796
2513
1643
787
1682
2207
1133
1252
2794
1310
2453
887
1110
24
1913
1791
2870
972
1437
575
2144
142
1729
565
852
1399
903
1707
1454
2176
1935
557
1897
2032
658
2674
1456
52
1723
1452
2782
929
1369
1758
1014
1567
692
1814
2898
769
751
2729
1761
2469
1893
750
998
278
1321
864
2577
453
2588
2385
18
364
2402
1905
2552
822
2770
555
1641
2004
1478
2036
2562
2592
1563
1180
2654
1219
2497
709
1538
1263
621
2900
258
2884
1997
1956
2440
2790
1739
1934
1010
2200
429
838
757
1082
193
86
1801
2068
1281
674
1384
634
2324
1842
1149
216
1072
1276
742
832
627
444
2001
2512
1150
837
471
2505
1809
1429
759
1853
1006
1680
1047
2566
116
886
502
935
346
1462
2081
1216
2727
2608
2143
16
626
1540
320
2076
988
75
187
69
657
2344
273
2806
1712
2331
1822
2022
523
598
1327
771
1752
2367
1428
1679
410
461
1918
898
280
2485
2528
808
1857
518
1131
2629
178
2038
2013
1553
158
2066
961
620
690
1644
1215
1414
746
2478
1365
2697
2104
309
2744
1974
2380
432
287
119
1829
2236
2632
1297
2369
2043
984
1709
721
1584
1268
820
1800
704
1632
862
456
1400
2606
357
1648
2356
2149
2451
1151
1501
1748
1550
1613
255
2746
1419
48
2325
507
1930
394
2896
1311
2393
235
443
2501
2158
2488
1735
2138
352
1963
1420
1350
127
227
2244
496
1628
805
373
440
49
2548
164
2754
464
867
2157
430
1939
792
2351
221
2341
248
1171
1977
777
508
722
1450
1023
2680
2594
2261
2672
339
778
996
1775
2377
2516
2216
2688
104
1167
2539
472
1599
821
1867
1473
1534
1225
204
1972
1591
2498
2415
1346
403
2847
1296
1199
1919
1906
2878
1024
2868
1479
2803
1670
85
1827
952
228
2542
1347
520
767
783
2314
683
2128
340
1663
2725
2677
2329
532
2312
2191
2626
873
2165
2695
641
2722
734
1000
956
2597
2313
1293
2070
240
2229
1672
671
2841
1210
1061
1181
2288
2407
1094
2589
398
1039
519
1719
2852
2337
2612
2912
1715
1503
1278
582
399
199
818
1684
269
2170
1158
184
2928
906
454
243
696
684
2931
341
2810
32
121
1505
2750
1326
511
2698
1604
2826
1717
1406
1551
1660
2734
465
59
2405
2515
395
2363
27
590
292
2298
581
2123
2550
2242
2074
2509
981
914
427
631
2543
2679
2177
316
231
2343
2342
1239
1803
1141
1811
2514
2902
622
1617
1404
541
2219
1527
2856
61
2067
1438
2127
2439
811
233
405
2927
1706
1422
2475
98
2392
2349
2875
2491
2527
1987
2558
1833
1471
2007
2113
238
2883
2504
1899
711
856
218
2160
2880
672
2686
259
843
2322
2522
2009
2555
1379
2235
1140
1102
1703
1465
1676
1026
966
517
2634
1017
1189
1795
943
441
1295
660
2909
1286
2118
533
2687
1980
2014
1242
2724
2320
2164
2788
1124
1491
950
1322
654
254
1027
2026
1066
798
402
1572
2190
1127
425
2395
1769
1530
2872
1725
2196
2489
1144
2437
1037
574
854
151
134
1804
8
2468
2714
1766
2658
1525
2396
179
756
2056
2617
1500
1126
908
2696
1087
1195
803
2540
2733
1416
2771
2201
2053
700
1573
2105
2670
1727
2432
1114
871
1821
824
539
31
1065
2941
2873
2060
1427
1283
2575
2796
26
2854
2184
2641
2416
1336
1675
1900
155
1029
2183
1386
1496
1041
1970
2400
552
2776
1603
1226
2159
1334
839
1958
294
1914
1524
1417
917
586
2434
230
1461
1349
2048
2258
910
328
387
2254
1002
1858
1048
1436
1271
2785
2328
829
451
1849
445
421
564
987
1459
1188
2591
1961
326
2685
2569
475
1621
2109
1968
1056
2891
9
105
855
1345
912
2599
628
94
1754
2639
1653
2101
1947
1738
1945
2209
2051
2757
2308
2865
719
1267
2602
358
4
1089
781
1285
389
2404
785
318
1546
2919
2374
2311
1605
1022
2862
1746
1266
934
2755
2840
206
2108
1108
1896
884
765
794
490
1431
2376
1099
1115
2386
922
2174
1901
2020
2126
1615
146
1244
2401
2130
62
400
2332
2168
2627
7
1588
2433
2146
915
1516
2929
1250
1170
1828
2484
2153
1135
782
2361
1687
2214
760
2699
776
2414
1666
2227
1155
1221
651
2178
1883
937
2000
457
173
169
1699
366
168
2360
1931
1316
2220
1197
186
288
177
993
298
330
2316
2631
196
968
426
2359
2644
1485
1223
2121
1424
2243
2623
1004
2271
1602
1683
933
1200
2461
618
728
2780
1526
1300
732
2251
791
374
1148
108
1034
840
695
1508
592
369
1287
2140
2119
2772
1518
126
123
2358
2742
1030
2937
1885
740
1768
894
1661
2731
859
1498
1992
1245
925
1123
1139
1520
1736
2712
2238
2055
2774
14
610
1634
1388
2625
1645
2296
1586
528
1973
2306
1891
468
1329
1318
249
1075
205
414
0
1969
2653
1464
2635
2474
2062
182
2181
2530
2397
1952
2664
770
2166
2052
786
1535
2598
1363
2382
648
2225
1872
2454
1922
515
2726
2040
1691
1946
638
752
252
1433
2120
2089
1156
2879
2563
2546
1860
2799
1220
572
1162
2684
675
1637
2496
13
40
899
2607
2095
1212
53
1847
1342
1165
274
200
386
2710
2080
2167
817
485
1928
1831
1815
2661
189
229
2418
2503
1714
1852
1439
2268
1541
1100
484
1208
1193
1817
2926
522
653
486
1609
678
2233
1085
2297
102
2705
1733
642
351
1585
1802
1813
192
762
76
797
1693
850
2849
1864
2346
50
1209
963
1866
1700
2493
701
747
2508
2659
67
1157
2917
1111
964
2603
1405
1910
1097
686
2535
2863
2379
1923
833
2281
46
1841
836
2570
1762
1159
2091
166
1376
2934
2551
1474
1237
2715
2096
1669
1282
1054
1911
2353
66
571
1415
1509
1990
2352
1394
2667
983
2923
2502
608
891
2387
927
2811
74
900
877
2111
725
1782
1324
754
148
44
2574
2938
1760
1523
1877
171
300
2747
1333
831
1344
2572
315
1959
2921
664
2054
594
71
289
279
773
1169
1467
944
2299
1340
2869
913
2640
2093
2778
266
1033
896
1716
823
2861
1658
2250
420
2787
337
1051
1442
73
479
2431
1492
816
1732
1443
2063
1370
1269
1138
2422
1747
423
2156
409
1929
1490
354
1859
2647
2204
1312
788
1398
1095
1521
2406
865
390
570
1025
868
2286
1555
2836
1971
835
1475
322
2582
739
234
1395
367
1688
652
1063
207
6
2217
902
2735
1049
191
2709
1964
2666
393
733
1016
2832
521
2145
713
1662
2255
802
1481
2464
2154
1359
2005
1995
2347
1301
2230
851
241
2716
613
2506
1578
1838
442
342
2720
272
383
1951
2037
1093
1488
2753
1937
344
379
242
2334
1330
698
2231
1608
2003
12
2394
2030
1408
2777
2874
2472
2565
2848
91
849
712
735
90
1214
355
1557
2389
2907
140
1132
1823
1430
2039
2112
56
1457
1423
1907
1211
2028
1932
669
2045
1472
2738
1629
2808
1532
1976
1875
1477
796
2129
489
1890
2460
483
624
1407
82
2544
512
110
1251
2467
81
1292
1119
1096
2867
2142
1360
2033
307
2897
2678
2480
2888
979
1003
2384
1697
1289
1314
2887
1173
1163
1207
1704
761
1305
1689
1770
699
276
2531
2263
1042
1924
2707
15
992
1835
2728
360
1887
247
1618
1790
2116
2613
343
20
2768
1564
1233
1981
1705
2019
437
347
2002
1776
994
1032
1884
2471
2107
1137
2099
1633
978
1337
2553
2300
1230
876
1763
2245
452
2087
2179
2756
772
2102
710
1064
1702
959
112
990
2533
2289
378
1307
2618
2124
2131
844
1781
1055
2601
1446
2882
1611
2277
667
1328
630
780
1751
703
577
118
455
809
1788
2682
2737
2275
2526
2071
2822
2134
1600
909
2290
132
2193
1290
65
2194
2877
1537
2232
1213
569
1755
2345
1840
2736
1084
1489
114
77
2741
385
2448
534
1921
2814
2924
408
2409
2206
2122
826
1917
1690
707
493
115
1888
506
2700
1881
2264
1677
1787
1882
919
2590
1940
694
525
2057
422
985
2825
2628
1583
587
2442
1143
122
1358
1050
1164
83
2673
1367
1665
2547
1284
256
1596
2228
2336
2662
1008
172
495
473
1341
804
260
1224
702
949
1570
2816
133
2578
388
1172
51
662
1623
1136
494
236
1593
848
1854
1626
1954
161
1686
1681
842
348
144
1745
546
1043
2042
542
890
986
93
1630
723
314
202
117
1862
2249
720
1161
1511
334
2018
1411
2586
2293
1130
1740
1040
830
2041
941
1767
2717
554
2743
1012
731
2027
2760
1950
17
2417
2310
267
1794
1120
1871
2571
368
2272
295
717
1339
356
1830
2646
478
1855
1187
201
1957
749
1845
649
2205
1708
727
505
2008
1466
1807
377
1445
1925
1273
2082
2189
1418
2536
363
2693
33
2318
1561
2495
96
2525
498
1695
527
2197
162
2864
1019
1792
107
2821
650
2061
293
2604
1455
1993
637
1560
2783
2791
1606
1279
2567
745
1079
931
72
2893
111
666
846
526
2510
382
1425
2541
1291
1772
2636
1113
291
1258
976
270
561
2456
640
135
1678
1366
480
503
1636
691
938
1107
308
137
2652
43
2266
68
70
556
2596
513
1380
693
1846
2529
2932
1774
1112
404
1657
1978
1354
1543
296
34
2411
2518
57
1734
2141
481
2198
30
1044
246
1713
2132
433
1750
365
2500
1145
1313
106
2443
2029
2859
499
2892
2573
1610
789
1771
589
1504
1989
1650
2262
2520
1742
2835
424
921
2444
1378
644
601
549
1038
1730
2568
2721
2609
768
2031
1607
1021
2100
2375
2904
1724
1403
2704
1765
714
1493
2823
1507
1642
1190
462
2049
1105
2523
2830
1566
2283
28
2064
639
1238
2702
250
1168
758
2650
1142
467
23
2908
516
1018
579
175
89
1726
345
1482
332
1067
487
647
2853
2657
1117
1574
2487
271
774
559
1070
2180
2162
1277
304
435
1664
198
2234
1953
997
2560
417
2307
194
1812
1447
827
2732
2824
1247
1839
1052
1243
2090
2430
2378
1545
329
1592
2185
1799
1229
1228
1248
2850
2259
2150
2171
2918
1154
1175
1308
1598
2894
2483
113
1826
947
810
2326
2319
1575
21
1086
2534
2010
2436
1622
268
396
2834
2713
2718
1996
853
42
504
2246
143
1646
147
1638
1129
1710
1001
924
2649
744
1356
1152
2616
989
879
1147
436
1391
729
2224
2147
2269
2905
2301
1160
1146
1068
2890
2648
1778
1614
136
63
1262
2424
1106
219
2723
211
37
1960
1894
2651
982
2758
1448
2302
2292
333
361
1353
1186
1390
1046
685
2429
2833
1756
2241
1331
1908
2463
124
1182
350
605
799
1392
2940
466
548
535
138
1966
1886
2549
384
1362
1943
381
1506
883
596
1196
834
2133
1396
814
2279
1352
2860
1649
2765
980
872
370
2554
2371
904
226
1783
923
2213
1319
2151
1933
602
2137
1536
1759
1749
779
1979
2252
544
857
1998
2114
609
1371
679
19
1647
1851
1554
64
991
1476
563
1533
2620
2357
1364
1332
2340
2186
955
2155
1903
801
324
2006
1994
2092
1357
130
321
1942
1522
181
1879
2752
2805
1071
1069
1387
1780
946
311
866
1741
1204
2511
285
2930
845
2939
2339
2477
431
1076
149
359
1880
1103
1565
1944
875
1101
1941
1275
2088
550
215
1440
1517
1784
593
2274
2075
2280
2117
2781
1579
1236
841
1986
203
1413
2899
1306
1869
1865
2034
1083
2021
2421
1612
1581
165
2769
828
303
2801
2273
1116
1805
2423
1192
1218
2492
1785
897
2419
2391
1789
1231
2148
1088
1377
1539
1868
1178
2223
999
2428
1451
283
1373
1904
2817
353
323
784
2452
2408
1568
1892
183
223
538
2305
2767
2920
1569
2084
1832
1912
763
1902
1793
970
2295
1302
1674
84
2187
2364
1011
576
623
1625
286
176
540
1624
476
239
58
448
2871
376
327
492
2202
2073
290
2097
11
2844
1381
2294
1134
474
1711
553
748
951
36
2459
2350
2532
646
1694
645
936
190
611
888
2858
1580
2748
2906
907
1737
1382
29
551
1036
450
2047
1272
573
2759
2486
2600
625
2211
2537
2517
655
263
2333
2694
1850
3
895
1728
232
1938
1057
1562
299
1753
1595
1627
2691
39
2619
459
2403
2579
224
1927
2212
2719
2557
2802
349
1320
160
858
1013
2412
2795
1876
153
1773
2838
80
2829
185
306
1198
2779
1685
150
764
1558
1389
1480
1202
1731
965
1510
2675
2593
560
1274
562
2851
847
945
1967
2843
524
244
2643
1639
688
510
1122
2476
1374
197
1078
2692
2270
1722
2335
1962
1594
2519
2248
1453
2499
284
1856
1824
1
1174
743
1531
157
545
958
1045
1104
1435
210
2655
25
1176
1497
942
1898
1304
1383
371
1549
1920
2445
488
558
2886
1073
1205
251
1309
738
1444
793
1441
1255
960
2630
257
2764
2175
2420
681
892
2807
2136
920
2354
1235
536
2538
301
1547
1696
1080
1571
331
41
1270
1484
1325
568
2085
2524
2473
2818
2182
2763
2521
2462
604
673
2739
439
599
2309
1499
537
2903
2800
1256
1351
225
819
152
2624
1861
2595
1589
2581
1397
1449
584
1818
262
446
2362
101
2226
2449
629
1528
1074
78
1667
2911
1098
95
2676
616
1402
1816
2050
2221
2564
167
889
418
1926
1673
1091
1128
413
1878
705
491
38
1721
643
2775
1058
1916
509
2426
2208
670
1264
1470
1227
1260
1779
412
2797
2304
1179
188
940
1844
2507
497
795
1982
2828
325
2933
1874
2881
967
1848
1240
317
1426
419
1062
1529
209
1125
911
2098
1185
2015
319
2086
632
2683
79
585
253
870
2172
1206
1153
1059
603
281
1836
2106
612
2103
109
2633
2065
2812
375
1303
97
1253
1909
2192
1985
659
237
1810
2077
790
1432
1090
1191
265
2798
874
2831
863
2470
458
2139
1620
1955
2383
245
156
1889
2642
1671
1486
438
737
1294
2910
2605
2706
2253
2079
2804
2094
1109
2681
954
1559
2610
2016
1720
1698
2671
1401
120
1035
2559
2925
995
1194
1834
1619
2745
1077
1552
1177
962
1421
800
1556
1487
1548
1469
2730
305
415
1409
635
2561
131
1984
973
2922
661
1241
1582
2842
2895
905
736
1257
2355
2237
1494
2366
1434
1983
600
2580
2793
1118
2282
1654
2839
1635
264
607
2315
2012
2239
715
2465
716
500
5
2256
1232
1343
434
2915
2024
482
2438
2
1797
1372
2789
1121
1315
633
2656
310
595
1183
860
2914
10
2327
617
312
2611
1837
2583
1870
501
1764
2078
1060
282
1999
606
1323
2381
928
2663
878
2210
1053
2044
975
1513
428
336
2815
145
1988
708
1009
214
2669
2427
2819
815
2110
2398
2161
103
277
2218
2135
2410
2455
2163
397
139
170
676
1743
1843
682
2494
2348
1808
2913
2701
338
2827
861
1651
1936
1502
129
971
2169
753
128
2740
2751
2762
87
2365
1092
2837
1786
1948
1348
2278
477
380
514
2820
391
2017
2260
372
1280
1656
1234
1028
1744
302
154
1463
812
1005
530
2240
881
1798
893
2450
2711
1249
663
939
2373
2545
2435
2614
1298
1259
2584
2792
2083
2441
1338
275
217
1873
656
1825
2466
2023
2876
1355
463
597
2703
2447
741
926
2321
1519
1288
2761
174
1806
88
1915
2857
1542
2490
1246
1385
2222
1820
813
1201
2585
1514
2708
469
1007
614
470
1777
2199
2072
957
1015
1460
766
636
566
2901
918
2622
92
2855
2889
2265
2287
2276
297
2370
1701
730
2303
1692
2046
45
2479
159
1544
806
1458
2458
1368
2188
1965
54
449
2291
977
2690
531
407
668
2615
1512
1495
180
547
2399
2481
807
1261
163
567
2285
880
1222
2390
213
724
447
1895
2916
2323
726
2813
1217
2115
755
689
948
1587
2668
2011
718
1652
411
969
2025
583
1393
2368
2035
885
2786
932
1031
100
2576
362
1410
706
1640
1254
2058
1483
2773
2936
2846
677
529
1317
2203
2388
1361
680
313
2809
2413
1616
916
2766
869
1949
208
55
775
60
2749
392
1655
1975
1375
2125
2482
1203
1335
2665
2885
1718
588
2425
1757
335
2173
141
416
1515
99
953
1299
47
2866
2195
2338
580
2645
1631
2660
1577
2372
212
1659
460
1468
1412
2317
543
825
2267
222
591
2284
687
2845
1863
615
1576
665
401
2638
22
2784
2457
2152
2689
1265
578
882
1597
619
2069
2637
1590

