1756
592
2894
649
2742
2320
1967
262
432
293
2247
305
1976
2138
849
1159
1392
1384
1480
73
1469
775
1272
1622
1735
1933
639
37
2841
55
2630
1912
2615
2864
422
1842
2665
261
1109
1651
1035
610
1173
2213
608
2089
1459
2319
779
105
2921
52
2140
1605
2029
1495
290
62
1763
599
1923
352
1156
67
2338
763
1234
2189
529
1633
2005
228
1408
1870
394
307
2187
339
1786
1448
246
1609
1979
345
15
898
2266
2674
1679
2820
2798
2518
2525
1966
236
2405
1114
2410
2413
1175
1107
1597
1122
585
2520
464
2433
877
2343
533
95
834
2672
1406
2380
1669
2135
2816
1545
990
1037
2605
552
1636
1879
1068
1512
356
1301
1580
643
537
2262
1752
906
764
318
2614
2443
935
1680
1612
702
832
1999
2071
734
979
2737
2659
2641
2422
2493
126
97
2847
2694
2758
2611
548
2203
2740
490
250
389
502
2842
807
2054
2060
1885
982
1361
1665
2692
2120
177
2769
2044
540
353
2621
899
2013
1635
212
1095
2721
617
2529
2491
1166
51
1760
117
1054
472
366
862
1819
2112
2010
2588
1031
1441
1995
698
2676
1954
2230
68
2324
186
1785
32
2450
2897
1787
815
1739
650
1536
2448
2784
2524
1780
438
1088
2828
1606
1216
133
671
1252
2675
188
1573
2872
2472
278
1213
2920
1775
153
2075
1440
302
272
2843
2072
2177
1143
2411
546
1931
1889
249
2610
2084
2022
9
1308
696
181
1507
207
1484
1764
2572
1675
618
2509
2766
525
1616
2061
2064
1257
1000
1839
510
1457
13
2256
1645
961
132
154
1593
1733
1077
2408
2553
803
771
279
1486
1693
2185
2608
1948
962
2453
1260
1818
1862
2188
2106
463
1929
2569
1181
564
1939
943
2748
2647
2507
1790
1340
2936
553
1347
1366
2907
2141
998
1310
2638
1978
2690
2731
334
2417
1414
1011
397
1319
215
276
1177
418
2396
4
1522
2487
76
1123
14
2883
2355
2129
1532
1627
2349
2439
693
289
467
96
2218
869
2757
2577
1389
1418
1150
1155
219
2609
1320
1753
238
104
1154
1691
1210
924
557
2388
892
826
1902
2787
1338
528
1202
836
92
2386
623
1377
1139
844
2478
658
1710
1426
1723
1751
2420
1276
1416
1626
2719
1595
981
646
194
239
925
1741
1018
1090
735
127
1654
2062
2790
949
2371
1100
1076
2170
1898
2306
2449
277
1009
1131
1782
167
1500
681
2353
1678
1395
1053
2854
69
482
361
1703
1481
1161
2650
992
2401
131
708
2291
2104
593
563
2635
2195
2637
665
1943
1932
847
2226
2807
342
234
1025
175
1817
322
2200
1656
1382
1725
257
1890
1482
2267
1767
2282
2903
630
1236
2227
1151
833
985
458
2244
2534
2752
1750
2774
581
2669
1383
485
797
1574
1658
147
776
2932
1716
2024
2224
198
1585
2792
101
74
1604
1762
1878
1526
1293
2372
1316
2015
2791
1952
315
705
2008
2132
2133
1093
605
2102
616
2201
1206
911
2352
312
2402
2157
1805
600
667
159
939
2492
2670
2079
390
872
1466
2169
907
2825
2763
2480
48
1070
2358
2406
2317
637
2527
1312
1642
2109
456
1404
814
1533
1209
2078
2202
376
1103
854
375
1111
295
1334
2617
874
1893
1174
2385
640
1004
495
799
989
2725
2142
791
114
2233
350
180
210
1969
2219
329
1661
2812
2796
365
1167
1841
2012
1227
2686
976
386
728
741
2004
1146
1649
2150
950
1273
2607
411
2711
2705
64
1529
2589
402
2322
2265
1857
1007
1757
1998
491
2698
2699
446
2088
2517
2770
466
840
1121
772
2876
2245
2882
893
2363
666
2047
514
1251
1956
1464
451
81
1877
244
2314
1488
431
1610
2068
1778
1184
1196
1075
484
2563
1708
921
1685
1824
1446
2298
2849
237
2831
509
2619
1172
2223
8
1803
423
187
313
1709
2571
1248
112
2163
1513
2753
1843
786
2780
107
1324
172
873
2018
1525
2000
449
363
2311
2367
2700
197
66
2811
419
524
310
455
824
2904
34
933
2350
1611
1134
1094
620
2384
1773
2155
2091
2556
1092
2498
2680
2856
659
2506
1915
1212
1945
1963
2275
284
1632
370
1637
49
110
2800
2704
1779
28
1291
1960
2778
2336
2477
1844
2587
2868
2378
731
1664
192
691
1303
1907
500
587
1928
1197
2839
2427
1381
2197
2042
706
570
1816
2178
930
1895
1722
1694
1419
2300
2458
1120
932
145
2214
144
830
338
383
2855
1080
1124
1820
88
1568
2276
1765
501
1474
1471
1825
1050
2318
1968
1729
596
2067
2416
1072
103
2771
1882
2284
2426
1433
2340
475
2873
1012
1548
1544
56
2902
165
2583
636
306
1306
908
670
2403
360
2016
1434
909
2398
2241
1352
2176
717
1582
504
2929
205
551
1634
2906
265
1955
2602
547
1984
90
769
953
1169
867
2331
349
2174
152
1867
1204
2479
98
435
885
2473
185
656
2875
2357
747
863
1188
492
1345
2604
1299
1736
565
2667
536
1804
1375
1477
2196
2723
2871
2536
2069
317
2576
1583
2710
1403
714
778
1279
36
970
2736
83
1269
283
621
704
1042
1064
1118
1001
535
2890
850
2393
2677
1600
2895
1353
725
1231
1717
2840
1686
688
811
2622
2290
1336
269
392
2827
325
2424
1699
364
2387
2454
2866
792
2652
846
2833
2198
1569
1539
938
340
344
91
232
134
1436
1793
1052
1713
1655
1515
2468
1222
2382
19
1364
2802
774
1126
1508
1450
57
2465
2595
2862
2620
1564
584
2046
214
2330
967
1112
1372
1198
1552
0
1936
2377
1256
391
2463
845
1271
1125
335
2259
2095
17
2423
151
136
2519
1520
1657
644
1551
2645
473
1458
461
1942
1432
1496
2019
2671
1630
2874
1953
1872
1599
1032
1259
233
2409
2066
2001
515
2003
1925
2715
1993
253
225
18
299
1328
82
1927
2914
958
2105
1997
2096
1937
2505
2879
1047
2535
614
2528
2919
1884
2522
2374
622
1768
1087
647
35
575
1566
1577
773
2486
2911
2727
835
1048
1240
2593
2625
715
437
2574
255
121
1700
918
1499
1096
1917
496
2274
382
2515
1663
1531
1728
2186
184
1294
1039
2654
1208
2119
2437
530
1904
380
2761
1996
1339
1176
2513
1199
1452
79
2139
1405
641
2289
521
2543
2863
2076
2381
1485
2074
1304
39
2658
1201
842
416
2565
1193
1022
1435
597
2332
1462
1030
1292
2246
677
25
2817
993
554
1013
2280
2166
518
2691
783
902
346
2210
2370
972
2642
2501
813
1835
519
1858
70
991
1449
2253
941
742
2339
2743
2184
2898
2354
679
1144
443
50
692
1282
765
129
448
2123
1682
2182
2108
439
1475
311
1268
2476
2058
1142
2941
348
387
1424
2592
2194
638
1247
2709
2805
1869
917
1058
405
2292
2171
1033
2783
2334
2514
1794
1861
887
1421
113
793
2329
160
1759
2039
947
16
1427
879
1674
1461
2009
3
213
256
1337
2323
2776
633
1833
2503
2886
470
1648
2845
1856
978
1749
848
2128
2697
2100
2148
2666
851
1620
1249
2255
727
80
624
1465
1714
248
628
328
1571
1127
1081
1565
2808
724
1438
65
1659
1442
1349
333
60
2475
434
1170
1746
2601
1613
841
1265
2923
732
2806
2551
1135
790
137
2848
2859
1530
1668
1008
1498
303
1792
268
1295
2759
2888
227
1220
2077
718
2351
229
2030
330
1644
746
1541
1519
1479
2695
2145
700
1638
1205
1105
1876
1689
1097
2717
288
2412
2303
263
1737
2730
84
878
523
1373
1099
1065
273
2065
270
2679
713
2546
2578
1503
2747
2052
703
626
1468
513
1079
589
720
2080
2628
2232
690
2428
1331
2754
1910
40
29
1921
2656
2002
889
75
1062
425
471
1900
54
1881
2038
1837
2348
139
1863
178
1149
511
2087
876
568
787
2206
1832
1528
428
2283
2081
247
115
203
508
2799
2447
2684
1772
2939
1770
1020
2051
2114
2585
2484
2734
2538
2199
559
2935
716
200
2430
1509
2797
2765
46
393
977
1017
183
858
1990
2277
2254
2523
2181
1811
1413
1821
946
430
1086
2260
710
822
2570
1523
788
866
1241
2160
499
193
749
697
1357
1391
2394
1055
929
1089
2937
2838
2660
1453
1727
2629
362
1962
615
2055
2633
2772
1950
1711
415
625
1379
2735
150
1362
1916
1300
1388
580
1255
1771
1944
2739
2892
745
2273
1243
652
1437
2461
632
53
1217
1537
1596
2591
2646
2832
2308
590
1130
2175
158
286
520
2326
1278
1235
2228
27
2648
2279
1949
1543
1724
2390
1809
1807
1019
2345
2183
1059
1274
1277
118
1358
2512
1145
1712
444
2910
2305
45
2053
1313
63
2785
1411
2379
320
1497
1850
169
2251
2369
579
1575
427
896
959
574
549
739
558
119
20
865
2707
1894
2097
1264
1371
2152
1194
651
1670
1706
99
2494
2462
2716
1623
1487
1974
450
1396
913
2852
550
2346
1456
465
2217
1836
1798
287
1360
1911
1672
2285
497
2775
1676
1584
1875
522
1473
2149
1865
1829
685
2521
1534
686
1602
2813
1617
1289
2328
2606
1951
2014
2397
1002
498
927
2134
1119
1864
1226
1323
2451
222
1185
2434
481
2649
2407
1639
1409
138
607
1909
526
2573
756
42
1214
1246
1296
682
983
245
2415
2777
2539
655
785
304
38
2830
1245
331
1615
875
888
2689
1795
661
912
1439
1287
2918
2361
897
1701
1965
2542
2099
566
2688
2562
1914
123
1726
2467
240
1572
1810
1386
2302
122
2814
1060
1463
1919
1451
1420
2490
2867
1854
1883
1428
155
1926
852
1554
1067
569
1587
1043
1918
1834
2023
675
385
2779
2819
2287
41
1667
1355
374
2623
2313
1546
1192
919
853
2205
2173
2750
1888
487
2901
477
1412
1988
2877
1502
2860
2110
1378
2909
2309
294
2915
2905
1521
406
1601
2191
890
1066
2036
1341
711
634
1695
2714
1958
1024
545
542
2237
1417
506
2342
2640
1415
1117
1705
2172
777
1887
1280
1940
709
1815
543
2712
922
2263
1692
2851
2179
1014
1376
986
1946
2870
730
220
2598
1454
2584
2499
1938
2466
1880
1799
1393
164
326
106
573
2599
1343
2835
2304
1847
2101
721
10
2917
1652
1380
2530
1501
1846
531
1744
5
1133
1896
969
2082
1431
744
723
2596
591
359
1061
2891
1232
2889
2815
2566
2804
2931
2399
1350
951
1223
2049
1625
347
880
1351
2436
1992
1673
602
1822
319
1704
149
2795
1848
905
1141
1640
818
31
1868
77
816
1110
1827
1148
1028
2296
2786
377
1129
2768
301
395
1444
2708
2934
1853
259
2657
683
2168
1190
1242
804
609
1309
1924
1505
2268
271
1980
1106
1288
2489
1467
629
124
1342
1363
1224
2391
1098
135
1908
1732
2446
2471
642
201
1899
1800
1660
209
2887
191
996
2555
372
1211
474
1183
2933
1920
1588
948
120
2137
1981
235
2550
2248
2485
267
1677
1797
1359
218
2240
1283
2456
669
170
251
433
321
1647
796
447
2500
2337
2098
2687
2927
2043
1410
2440
1608
388
578
1628
1557
532
1250
2755
459
1957
2613
2190
1738
612
974
2541
1270
653
1147
997
1073
2678
156
1195
494
413
965
881
264
657
1740
1307
6
2662
1422
1267
409
2159
2899
2222
960
421
2239
357
1254
583
2116
2741
1935
2580
354
174
2531
2040
1215
2567
1624
414
1688
507
1986
163
1101
469
1346
1297
1690
1085
2928
662
1538
1562
125
2034
396
2533
2681
61
1607
2636
576
2364
668
1754
369
2161
825
1646
274
2474
2488
1650
2913
1253
23
1828
2616
2459
398
2634
454
2257
2865
1041
1187
190
1823
689
2130
1697
2162
980
1514
1666
2126
740
355
737
2017
2366
371
2844
571
1430
1180
1511
1934
2733
2243
827
743
2093
223
1592
768
1594
442
2789
1104
1056
1547
1057
817
1886
2395
1553
1040
1913
1108
1113
945
2127
2696
1165
1370
2164
2315
645
2031
2846
1970
11
1731
2281
2938
58
1447
1555
1781
2924
1284
2668
820
2050
2153
1051
806
1826
109
436
2389
1698
582
694
1478
2545
1653
1003
292
2644
1330
2435
478
2767
1578
72
2469
176
1719
2207
351
601
2457
1983
2718
2464
770
1394
555
2321
766
2597
1221
2295
1494
94
2568
1162
254
1021
260
994
85
2940
2880
1023
2516
2316
1332
1333
59
1813
2432
89
678
1006
1160
1182
577
2156
1397
1344
2107
1589
687
171
2559
954
1368
116
1016
2059
324
1071
1873
417
754
1964
1556
2154
2236
2504
2701
2561
1311
2713
2720
2144
2728
2431
2643
2773
868
761
995
1326
676
1046
1026
619
2682
1317
1200
2726
1262
2216
1897
2249
1629
758
1788
1747
1305
1489
2653
2418
1225
2510
196
910
420
399
2180
2893
7
2732
1401
2824
142
680
750
800
934
2526
258
2028
857
2552
368
975
1045
2631
819
1518
1581
1941
1903
900
400
541
2729
886
2581
2853
2869
695
1567
2404
672
1783
1671
2147
1855
1720
2368
2803
809
1972
1866
162
211
751
2582
1742
2025
1407
2225
2073
971
457
168
611
782
613
603
1491
231
729
2586
752
1290
2557
2673
864
2032
489
1619
855
1335
488
1228
2063
631
2070
2749
1455
12
1483
891
1472
2782
1374
1238
2554
1743
2744
2286
635
738
440
483
1687
2836
2837
2383
1207
1748
839
2738
1275
2823
1560
894
1977
561
1806
757
1116
1540
2612
1132
2294
1298
1115
1158
2
2442
453
2481
2703
86
2861
2460
1429
956
973
157
988
798
2548
1524
2146
805
202
2829
2333
674
784
2632
895
1285
1036
2626
2215
297
316
1641
2242
216
2272
2360
298
2347
130
503
314
1102
1083
1029
1859
78
1179
252
243
2165
1137
1715
843
1734
379
2438
2502
760
280
2118
2006
281
1230
2822
2090
143
1425
753
2821
2925
883
1745
837
87
2117
1830
2885
2560
1244
654
1
1492
2192
441
401
1681
1971
923
2544
1400
300
2884
30
2624
1517
189
1662
1586
2762
794
1356
1901
1354
1973
309
1802
2751
2252
2912
1203
2627
2444
373
308
140
1443
586
861
2685
759
2651
2341
2496
2312
1774
2048
2220
598
1550
1218
2549
468
538
291
1987
199
2834
1005
1851
567
1063
2818
1614
2926
2151
2301
1078
2121
2922
987
1387
1219
767
1961
1286
1084
2209
1460
161
2482
2746
1329
1423
701
560
241
882
1506
2158
2445
1891
2122
2547
781
204
2307
1922
2392
712
2094
1315
102
2115
224
1164
1801
1814
1696
968
2056
1470
2930
1777
2663
1128
1318
429
2278
1579
1838
71
275
2497
1314
1136
1769
952
2810
2537
182
707
733
2193
2007
2511
282
100
2231
2826
2441
748
915
562
904
1152
242
2655
2483
588
381
2908
1871
2212
407
1982
859
1776
217
1975
2035
505
1069
43
2794
378
2857
479
931
1730
926
2288
2261
2564
44
1994
1618
24
1186
1561
1348
1985
2204
944
408
2664
2579
512
1369
856
964
942
1684
2250
673
2419
2706
93
2021
2325
2375
2136
726
2327
966
627
2916
1390
1191
903
860
1399
914
801
534
937
810
984
1860
1989
1906
831
2661
2850
1718
736
2111
226
1558
1849
870
664
916
452
1445
1476
1874
762
1576
2693
1365
460
2011
1591
2125
1229
2258
660
606
108
343
146
480
1510
2085
426
26
2600
829
1812
901
2344
2414
2033
1266
384
2781
2878
358
1527
2092
604
539
648
2365
2896
663
2037
1789
1402
795
1991
208
1163
1321
516
1325
2041
2590
445
128
544
928
808
1831
2683
141
1721
2211
1044
148
21
1504
1034
1631
812
1258
2809
336
823
595
1570
2083
1930
2103
2575
323
1138
22
1239
1542
1237
2310
493
2167
2293
2264
684
230
2421
955
1385
2756
1261
173
1302
2238
2495
2356
1027
2639
1171
2452
2299
1643
2045
166
2724
1015
2362
2359
2429
2618
462
999
2788
1549
2858
2208
920
594
2801
1791
403
2271
1233
367
2020
699
2373
266
1590
2335
1702
1892
412
838
1153
871
1493
2603
1189
940
2086
1281
2760
2532
1707
821
2425
1947
341
1784
2027
33
1683
1840
1049
719
332
296
179
2455
47
1603
2270
327
1082
1010
404
2594
1559
410
424
2540
936
2470
1038
1758
2229
780
2131
1621
111
1761
2508
1074
1563
1168
2881
1490
2026
2124
285
2793
556
1263
476
517
1796
1755
195
1766
1516
1091
1598
1959
1322
963
1157
2400
2235
1852
206
2722
2221
486
884
828
722
2143
337
2234
802
572
2558
1535
2900
2269
2297
1178
2057
1905
2702
1845
2745
1367
957
1140
2113
1327
1398
2764
2376
755
1808
221
789
527

