549
2931
701
1907
1940
2517
2238
1428
1728
2071
1603
225
2696
294
2672
706
153
2511
522
1429
2562
1124
2540
2285
1868
2632
2621
1960
2237
175
1388
674
713
1164
2305
1250
840
2923
892
1890
219
2185
1893
2337
800
1915
1971
1826
2655
2149
735
2058
917
638
727
1999
98
1410
25
468
2279
1967
662
1056
2813
658
2886
833
1973
478
502
546
760
2432
259
608
2790
2361
2873
1642
460
1439
2341
182
1878
1299
2748
2871
2507
1334
630
1568
1377
818
66
2013
1963
2055
1990
1417
2596
919
794
1609
673
2175
2270
2451
1304
1777
201
681
39
2092
2239
2775
21
2896
2843
2069
1993
2257
932
552
2661
648
1261
698
1170
422
2553
1966
972
1943
2907
384
2246
2409
2473
1370
2328
868
2120
1958
2
2181
2250
1046
416
2472
1572
764
564
2223
358
2629
190
1770
2447
2000
244
29
332
87
526
656
1312
1986
1515
1228
1476
307
1951
962
2188
1119
775
714
1864
2101
2512
2392
1886
2669
2321
1310
875
2404
2476
2906
2879
1506
1052
1684
2326
1851
1978
1929
2282
1723
1551
2479
1831
1639
838
1872
1862
2714
512
2323
1035
2755
2570
438
363
1689
1927
621
984
2256
2617
315
1611
2568
1672
2217
180
1664
705
1357
1232
2151
1156
128
2880
1614
96
2894
186
2384
759
613
2233
448
1859
2828
2348
1767
2905
609
689
877
2037
2815
181
270
1901
1470
2919
434
828
1934
195
1264
2833
1555
712
1784
2615
1774
427
142
464
206
2652
390
2194
218
2771
147
2381
325
699
1490
2244
2240
754
2292
247
886
143
2345
134
236
317
572
1519
587
1175
53
2370
57
2682
2747
1292
1122
539
2333
540
1026
1637
2889
1461
2847
2647
1840
137
2424
48
1719
367
1118
1753
2172
900
1199
1825
2876
2840
1379
1386
930
2808
1932
1836
1883
2314
1947
2064
2488
1183
1808
1750
1295
1305
2093
2378
1655
1012
2659
1403
1291
1474
239
1565
1567
2810
2709
1307
2684
83
2825
1324
1460
655
1327
677
424
2106
1618
1408
1547
2859
1832
1532
2291
602
1656
1995
911
2563
291
1032
2691
2046
2145
154
1855
2242
1283
2735
133
2597
1718
1418
687
1153
302
77
732
2358
718
2878
1657
2220
2162
2766
1653
626
2152
1425
2400
34
2501
808
1424
1634
152
1597
1065
1285
425
721
1257
2102
1583
726
1867
858
663
1086
993
1879
2407
1169
234
629
2514
1365
369
1030
2928
1884
1432
2141
229
1210
530
441
1373
1785
2754
2094
296
2506
1810
671
1253
2216
1201
2138
371
168
2158
2625
711
388
849
1344
605
138
1730
2716
210
1382
500
1128
1900
2668
1501
1760
293
2787
1094
741
1638
1230
1792
495
2443
2230
436
1330
717
480
2168
1974
2780
2694
374
1619
1708
2137
1336
543
691
2581
651
18
2166
573
1690
903
1319
2607
404
666
378
163
84
1835
2373
934
1850
1624
1176
1662
2636
1216
2926
2464
245
2772
861
618
2664
779
1351
2362
1475
1695
2271
898
110
312
454
2342
1239
2059
1577
2741
986
2347
356
292
1279
1337
2938
1885
842
1778
2308
2854
2920
1242
413
2595
2320
555
385
2936
2587
554
2606
2592
985
2918
1560
2099
635
1911
223
2502
895
1401
2211
1081
2035
213
2862
1694
557
967
184
979
851
1937
1997
470
2683
2767
2260
2048
780
1550
6
2770
1147
1944
1640
2588
63
2674
715
1813
1649
1512
2690
2446
2752
1172
1923
1852
452
1674
1218
1957
2033
2180
1704
2743
2898
2091
387
665
47
1194
1314
634
2914
449
42
2798
1082
286
1942
1367
1837
2364
1712
1235
1123
1696
357
1936
406
937
2631
1320
2687
2450
1116
1759
2521
2483
1761
2622
2430
2566
1701
1246
1887
1916
1772
1522
672
1220
327
514
2127
2657
2309
961
2704
832
1142
2525
2692
559
1497
65
2121
2462
103
2609
1154
1666
1393
2413
446
340
1366
914
301
660
379
2719
2439
560
1352
2134
829
2334
1195
2524
2100
1315
1918
2440
612
260
2098
952
2732
274
2718
1106
64
839
1138
2510
1873
1586
1930
62
2865
2887
2681
2277
1520
730
299
1523
2108
731
2556
417
1266
2844
1660
1688
1959
1724
2234
776
2577
1009
1800
2116
285
1391
2186
2800
2406
1036
734
1234
1648
451
2457
2053
1342
661
2638
2863
1166
1823
501
850
1669
2325
1794
2759
1161
969
2678
2142
2086
1111
1789
222
2397
1700
2395
641
423
193
1715
819
2468
1114
806
814
1473
1067
2885
1564
2261
2762
337
2265
778
2497
144
1021
1168
548
2853
1756
2391
1496
2209
400
1053
2891
375
2126
1162
747
1508
854
826
765
2080
2575
2760
1743
322
588
1486
1200
489
235
1535
1384
1757
1566
2884
2204
2036
1435
1109
1755
2039
1797
1413
1763
2356
58
738
215
2453
2494
1385
428
2275
2776
7
2745
2653
2322
1569
2774
2620
1108
99
1214
2550
836
2296
1645
710
2258
2845
640
620
2248
127
1372
1931
991
1495
1516
2791
2072
2722
1556
1754
1316
1683
2749
813
475
2855
2366
1073
2433
2385
1458
2809
258
2812
2806
2184
477
1140
30
1205
594
1805
2018
249
2807
2712
2594
2396
2864
1904
1045
533
683
2065
616
1896
1675
447
2001
1130
748
1552
1331
1527
2739
1447
2247
88
498
32
1190
2765
966
607
1163
360
785
2110
509
2839
151
939
284
578
1844
1509
804
515
187
2648
802
2603
1891
724
2198
1507
2721
2610
1104
1000
902
2742
1260
2012
664
1866
2363
2925
2793
2087
2161
1746
2903
2782
492
2408
940
2178
1387
1876
2253
2263
1646
1252
2794
1636
2147
1781
695
1369
866
988
1078
1251
2761
931
300
1768
2835
1654
338
1227
2410
824
1051
491
364
1178
2146
2831
2921
305
2281
366
2567
1038
2076
1440
36
2156
2122
1184
2042
1127
1058
1071
11
675
1605
243
1982
2584
1817
411
2272
2729
2150
679
1359
2434
2420
2916
2197
2367
1780
1802
51
1457
1284
928
1068
217
1152
2875
761
2030
429
2442
2679
1570
1861
440
1812
35
1454
768
173
610
2530
1135
2288
1925
2728
1919
1584
2441
2819
1040
1469
1245
1110
283
2044
2552
1080
345
2689
2034
323
1254
1381
2641
1561
2340
2418
382
2786
1542
1465
227
287
547
1998
1326
2909
2915
2470
2386
224
2405
320
1954
2411
971
2667
2841
395
177
2613
2049
2389
995
2050
1771
2421
553
1530
1956
2148
2820
303
2294
2848
1144
2052
2123
2187
2274
1274
2582
1027
148
2471
1262
1996
1483
481
2113
867
536
415
2312
517
1630
205
231
920
167
2251
1100
1309
882
2319
2192
1208
453
2700
2028
377
76
2252
1004
1604
2068
599
465
1488
1174
10
1764
40
1433
1293
1259
1494
809
936
843
1321
897
2132
999
1897
1203
2182
960
2284
637
2303
197
72
280
859
1160
2768
1406
2136
767
1578
628
864
994
2206
2608
2895
2697
878
1856
200
1289
805
26
2503
2484
946
1788
2276
2236
347
1874
256
2639
1001
1821
1134
574
1066
1846
1838
2877
295
2466
2301
2645
1965
2522
570
1889
2124
831
1651
82
352
876
183
2628
1543
1329
331
2883
391
1003
2804
1006
1668
1650
1222
365
2866
1294
803
126
1528
1029
2070
1525
1024
2823
2118
41
435
1703
169
2365
1663
1306
179
1602
2630
248
78
1751
657
632
1830
2315
1438
722
2438
2576
2455
2912
2646
2572
185
1097
1707
2458
2382
873
611
1693
2496
348
955
20
871
2229
1815
837
601
336
158
1226
848
1288
2509
1786
2640
1987
896
1548
2836
1117
1581
846
2612
636
541
577
2436
1375
797
558
2487
772
742
998
879
1363
2201
136
2029
781
740
523
140
209
528
494
1949
1041
2723
2219
1713
2371
2910
786
2225
1405
2444
2336
1346
1658
890
318
1143
1807
2374
2008
16
1608
1804
2932
1739
627
445
2571
749
591
865
951
2082
2505
2327
1479
2429
2773
511
2706
2193
459
2414
1361
1171
488
1187
2930
604
1179
2554
124
1557
61
2888
1865
157
267
2307
650
2004
1308
2062
950
1842
2492
329
2513
1207
2557
703
642
1044
2850
2665
1705
750
2580
954
1089
2536
963
1421
1647
2369
1129
1088
2490
196
2654
1881
643
28
176
2527
122
1025
282
505
2908
1376
1273
288
233
1839
668
2262
1905
527
1511
341
901
1453
1983
1070
2081
1798
1468
1031
484
1368
202
1016
2360
791
1803
2157
2543
1596
964
1062
1213
2526
2724
1824
1758
1554
2626
2207
1685
1015
496
812
2190
1485
1039
579
1748
2300
1463
1339
2164
1020
1188
704
982
343
2707
1484
571
1209
682
957
1926
359
432
2618
2268
393
1720
2727
2169
556
1464
2399
598
1362
1616
398
1526
2226
2419
2428
935
2660
94
975
333
2515
1371
1237
396
2491
2911
1709
1765
1717
2586
91
2481
1941
1364
1446
535
1676
100
2551
593
2196
1077
720
189
1093
2452
2125
2890
420
1766
753
2614
1482
2623
2344
2155
2783
407
736
2616
2777
1829
458
2456
2349
1529
2130
2708
1347
845
1300
2899
944
269
1610
2310
499
1217
1221
1924
487
1727
1419
1149
652
431
758
958
4
2019
2900
1857
929
309
2698
2286
1412
1513
2832
2642
1489
2726
970
844
921
2781
2095
1137
160
221
1112
2730
2670
746
910
2499
1416
1263
0
97
2731
2112
1935
2579
1948
80
2040
2394
2267
565
334
567
1632
2045
1243
945
1099
576
801
2114
268
2599
277
503
2210
2585
744
2079
2454
1714
1159
2711
493
823
1899
2078
1979
2306
697
1353
1131
1869
1680
707
1302
913
1150
59
811
1902
783
129
326
1968
2083
1275
2927
1544
1383
1702
1193
255
1989
2259
2935
2174
685
2011
1431
1427
2431
1355
1238
2779
686
2425
1955
383
1354
596
1374
2368
1816
73
2627
646
1136
2067
104
43
2398
354
1698
2475
2633
2352
702
12
1335
1731
2317
1271
561
894
263
1313
106
1236
575
1562
368
2814
1350
1298
983
1615
2600
1592
2686
532
1043
139
1281
2857
1061
467
2658
624
149
1950
2043
2295
2089
1072
1297
1667
1437
2478
2924
172
525
520
2170
827
1633
2544
1549
1148
2784
2830
2498
1430
922
2520
948
1606
2893
874
2803
156
462
2416
2357
414
1182
678
1180
2842
2671
37
2232
208
1791
1834
1125
2769
2583
603
2548
1399
1626
1145
2202
1328
1870
17
729
990
938
70
1540
155
2437
2795
2792
1343
834
1917
880
981
893
403
2021
2097
2427
1969
600
589
2171
2160
2758
1682
2107
188
949
1499
2401
614
1400
178
1849
2460
1594
1860
2269
141
2243
232
19
1358
1492
281
2096
915
899
408
2822
1888
1595
1558
2332
2901
884
1841
595
67
2656
14
3
1120
2593
405
2077
653
1455
633
2338
257
1725
46
1938
597
2546
909
1157
1776
676
275
2561
116
237
2605
2372
2129
1984
1010
1871
1165
101
457
1828
306
807
918
1981
2302
1206
2208
2173
418
1141
684
1448
1814
2084
1047
623
119
2324
1952
2205
2417
409
2676
889
1151
2838
1233
2379
1977
339
353
2643
1196
135
1132
1265
2650
1912
926
2189
1415
2705
2316
1449
1914
1215
885
912
2163
1773
1223
1270
1392
74
1019
2542
2459
2940
2549
2177
856
1811
2701
264
1478
165
1057
2818
2329
271
654
1843
2872
1575
762
1877
265
2934
519
581
394
1504
1345
1204
696
2744
159
1107
942
443
2477
2565
2191
1102
974
1538
817
2031
108
2564
483
790
590
1539
2159
380
751
1665
1444
2574
2280
507
2026
545
619
1202
1
473
792
474
763
2469
1098
1827
2569
544
289
1779
2088
311
888
497
2143
2463
956
121
81
23
1017
2651
1679
2313
1737
585
2611
2128
2827
2834
2461
1910
2017
799
2874
123
2474
694
1510
2388
2547
566
132
869
2856
174
2913
1269
54
745
1173
1976
2231
421
410
1988
1599
370
118
1349
31
1790
773
1450
2846
402
376
1276
439
114
321
1819
2644
1799
583
2663
2235
1177
1729
2816
2778
1477
789
2738
230
2299
1075
254
1617
2764
1282
2480
728
1028
1659
1953
372
2390
1964
319
1521
1796
787
24
1742
1185
2422
1716
2799
997
1189
700
102
466
2545
401
1198
1225
1972
1090
821
1121
2393
2057
529
513
75
563
1303
2869
2343
1571
1741
1480
1011
2140
518
238
2485
120
978
2785
117
2073
241
1533
2666
412
933
92
1296
471
45
1456
44
2351
220
504
242
1113
1033
2167
1629
1939
1749
872
2335
2104
716
2063
2412
592
582
1034
1593
130
1422
361
870
1598
2054
1601
2375
1613
723
815
1980
2826
1612
2634
2144
1248
534
1095
1546
2215
2516
1014
1589
1219
752
1809
1333
33
2376
1394
622
1752
2533
737
2756
1769
1451
131
2811
733
313
1049
1505
2693
2589
1409
788
769
2805
1348
485
1692
905
1481
1008
2555
56
1105
2537
89
2287
60
1847
891
49
2133
1622
631
1518
992
290
389
1287
2904
1059
798
2354
1491
2222
584
1341
1060
2751
2264
782
476
2602
1678
1635
1585
2266
2359
1211
362
1407
272
335
2022
568
1623
1022
273
164
1442
644
2228
2558
2249
1050
1063
1922
508
2241
1822
924
350
1985
1721
531
1146
2403
1054
1404
927
86
2085
1158
328
1733
2179
2897
2734
1133
1258
1722
550
198
830
586
2868
1671
659
1493
1903
1076
1452
399
1691
1115
2289
615
298
1908
261
204
1517
795
1055
2006
2789
2377
1787
2290
2224
1332
2892
2941
1126
1079
1574
15
1559
304
2675
397
324
739
69
1909
2649
793
1423
1013
1356
1318
835
2199
1783
2673
2688
2535
1875
1064
1740
2720
862
1074
1628
2753
1048
1588
2023
2331
1541
2685
1745
2541
649
1736
688
2486
2304
2573
1652
2467
2117
1880
2560
625
2109
1573
2402
2154
1806
1083
719
1895
2867
883
904
27
2703
1793
1241
2933
1426
537
150
1726
2255
2534
965
1286
207
2213
373
1580
1961
766
2103
442
346
2733
771
2025
2736
107
2518
392
2763
2881
125
1863
2075
1167
2817
1697
680
1801
2015
1155
1734
109
2245
199
194
171
1471
386
52
351
1317
510
250
2598
2200
1681
55
1390
314
580
162
2519
947
1472
246
860
426
1661
542
310
253
2750
344
1563
1991
863
1848
2677
2851
2131
330
68
2111
2559
1277
1854
2448
569
645
2917
857
822
1945
1706
2852
2858
2297
1301
1396
112
2435
1970
2489
2801
2532
907
1921
669
725
2619
2007
2298
1181
1197
2032
1191
79
1686
2939
2002
1398
1411
349
1545
1536
617
2861
1441
9
1711
85
170
2802
2837
279
2195
203
2283
606
146
755
2740
2311
1621
1576
810
852
1820
1280
1091
2135
316
2637
1762
1514
2929
1503
2105
2426
8
1677
1946
469
2493
1101
1699
1231
95
2937
2165
2788
777
2870
693
855
2218
444
381
2604
1092
111
973
2061
980
2824
925
1278
430
1853
1587
2330
1537
1644
2757
2339
2009
506
145
2060
987
262
2041
1467
161
2278
455
2495
1913
1290
1845
1933
355
524
1673
2346
908
482
1042
2504
941
2680
2710
2387
1858
2860
1395
1641
2695
2508
1037
2153
820
2849
2702
1500
2821
2445
2254
538
2003
1732
2355
1096
1892
479
2066
1524
1249
2227
2500
1882
2212
881
308
461
1247
1085
667
841
670
1459
212
2922
486
472
708
2796
1590
2273
1229
847
1420
166
1975
2353
1498
93
113
1627
2797
2024
1833
2465
2203
2115
647
709
2176
1272
251
1397
2539
1502
1389
1414
916
1340
2014
639
2020
1322
1631
2090
216
2047
2119
1906
450
2423
1224
521
1139
2737
2016
5
2183
2717
2293
1643
953
1600
1240
1103
1553
2662
2635
1928
1436
2318
2715
1782
433
2005
22
1994
1591
959
1670
1445
1360
1625
1325
90
757
2056
1256
816
1087
1338
1747
2074
977
1323
2350
342
1084
50
774
1212
276
743
887
2829
1687
1434
456
252
1534
2746
1378
2529
1002
2624
1005
1795
2051
551
1244
1894
562
796
1710
228
1462
853
1898
1818
297
770
923
989
1268
784
278
690
2027
2383
2578
943
1192
211
2528
1920
214
2531
2902
1735
2449
2538
1992
1579
825
105
2601
38
1443
1007
240
2713
2725
1531
2038
2221
516
226
1402
2523
976
2214
266
1744
419
2882
1487
1466
463
1186
13
71
115
191
1023
906
192
1069
437
2590
1267
2139
2482
1582
1380
2591
1311
692
2380
2699
2010
756
2415
1620
1255
996
1018
1738
1962
968
490
1607
1775

