997
1230
975
1157
595
1172
1343
2816
719
1320
2541
1872
1425
2726
599
830
1557
492
367
2360
1574
1554
889
133
2251
1772
1081
1412
9
341
906
1037
1724
750
2733
42
2613
2737
2763
366
2036
2169
97
1885
2320
1780
1997
2046
2122
1074
1973
1550
2167
1608
295
2123
2142
2216
631
922
712
2850
515
793
557
270
304
2189
2877
1845
1361
383
1601
1522
1769
1941
1236
780
1749
652
1153
1504
2465
545
736
2150
704
2294
1050
2102
1646
776
1763
622
1580
1191
1503
2114
404
764
1923
2153
2491
1271
334
2504
2196
1853
1285
1746
2389
1918
2926
1778
2313
1672
92
1105
488
1245
2335
2437
1303
2833
2825
415
1104
2388
1342
2529
2935
129
1478
676
2447
2707
1207
2249
413
2253
2368
268
398
2361
1890
1956
2472
2839
1866
2028
560
664
94
1479
1446
1536
721
1458
1147
2805
324
2459
1006
1024
514
475
2453
532
1541
2230
1727
2905
444
609
1293
31
866
25
939
1346
1687
2135
1206
898
1122
2470
1498
503
1077
1461
237
441
854
2039
1900
1294
2902
357
510
317
2408
303
1200
1407
68
158
0
990
4
2667
2847
2532
2838
874
786
216
463
2006
500
666
709
394
1273
153
2226
2572
2798
2143
2297
1477
919
2823
1717
2904
320
1779
1198
1264
2336
1871
282
2077
1509
619
2478
1642
2685
932
611
378
938
1222
1232
927
2282
55
3
344
723
1829
1877
141
1523
194
402
1129
945
315
1666
2467
564
34
752
2327
895
1350
2348
134
2217
2680
2571
162
257
1033
2387
2734
1760
302
893
2308
575
1970
1406
1210
2455
543
2800
863
2431
1148
2778
1899
1098
1410
1647
1814
82
2881
1106
1182
2811
1707
570
1892
549
2018
1510
1135
630
2797
2885
417
2017
2688
1246
72
1688
2079
2748
229
2488
2301
1637
1644
845
978
859
857
1887
2634
1730
677
2883
1492
2546
1938
594
1212
2020
321
2191
1628
2809
872
1012
2213
1789
1169
916
2645
28
2588
495
2430
2592
2483
2744
1146
2358
2426
502
2341
2615
1930
1322
1895
2749
301
1821
726
1161
177
1278
1864
1888
356
1567
1819
479
183
2579
1331
2873
2719
2819
1369
698
1665
1034
2222
2711
2194
1110
1758
535
2879
21
1250
914
2434
2328
1255
470
2790
2243
2285
2676
182
818
2080
1056
236
2837
2576
526
864
396
1363
2792
519
2697
11
1957
2019
1852
1483
958
1341
2141
2732
1132
1652
219
2924
2370
132
88
782
1751
755
1954
825
650
2594
1525
249
50
708
2477
111
1502
2045
1454
309
1126
1415
569
2062
2463
966
2033
2129
170
1118
2857
2842
1728
1304
1802
1828
251
1241
450
714
918
2920
690
511
1117
533
2831
688
1762
335
1221
2657
1002
2892
407
2411
1867
1756
2339
1579
1578
152
2406
1487
1968
1524
1058
959
1143
1388
2750
1139
2242
1082
2753
467
67
1486
765
172
2794
852
1925
944
2309
2782
1133
1409
2323
2937
851
2111
352
1911
337
1149
85
33
783
107
1538
565
2140
1396
1619
1070
1804
2324
879
847
1958
290
2162
868
2171
1825
2485
1716
1300
1794
2907
1893
2048
2789
766
1073
2401
2269
598
1506
2266
1445
2562
1977
1495
1636
2528
1283
1375
1094
2812
1008
1219
2843
2082
480
208
2602
240
2492
1192
814
946
1474
489
2551
2929
2623
1725
2786
2244
981
1468
1886
602
2378
428
1291
2730
326
1782
1440
2416
1812
1950
2237
1664
608
1824
2489
1124
2246
738
775
2573
2510
1289
1288
767
1976
2007
1284
1379
1926
1166
90
1597
2523
802
2070
2705
1850
2270
2474
828
1107
2391
2228
1469
239
633
2499
1011
1901
1516
2326
531
2205
2418
238
744
264
1660
2076
1045
1612
1472
992
1922
2598
660
116
963
2758
349
1577
2498
909
1433
2365
1840
886
2030
1367
245
1276
2878
2399
2310
2631
546
612
2161
940
923
443
1079
606
1480
2851
1543
779
2229
2639
1228
66
1832
161
935
2569
763
2002
2433
77
2439
2854
1797
1547
1217
1004
52
1837
217
2008
2618
1904
168
176
125
1048
2423
924
481
342
2094
2766
2919
1928
1507
1858
2606
140
796
748
2923
2280
1542
1359
2743
1529
2769
2375
1622
1068
662
1851
1496
1418
2168
1218
225
252
223
1158
1745
2195
1202
1896
1455
1028
2381
2702
2277
156
2887
2772
448
2260
759
762
591
1254
962
1897
261
2747
2767
460
380
1561
2134
1386
980
310
137
2793
695
2317
2262
329
2
271
1690
1676
809
971
2894
1863
1061
899
1309
683
2495
1021
2673
359
551
1975
584
670
555
1429
1596
1095
517
729
1247
1137
635
1600
2355
1948
2357
2511
1991
130
314
2000
2548
2274
1701
692
1268
2172
2044
207
1987
1155
2469
2299
192
2332
2781
2397
1540
2190
2139
1441
878
1849
2633
1306
2621
508
2647
804
2311
947
1815
1136
1983
785
2875
2199
2757
1530
1889
2768
883
1099
2271
1618
2293
1473
371
284
2503
824
2764
2016
1785
2110
803
743
2272
988
2276
1603
131
114
145
2197
2691
2049
2083
23
2775
742
504
2096
1003
853
2822
566
113
496
1260
2128
640
1839
1434
1711
1643
1736
2932
2821
2201
2292
2227
680
8
968
2806
928
2446
1927
1590
1742
2289
1843
1042
2284
952
498
2422
280
1049
1190
1199
80
1282
2721
2692
346
2664
1733
1177
675
2884
2679
1599
2052
1365
1929
2148
1257
2239
1308
204
2338
1544
1508
1592
1116
2286
409
2696
644
227
339
2173
1357
2777
717
476
157
1261
634
2725
95
292
969
423
478
1185
2098
1570
490
2438
2534
439
2133
521
2468
1796
2316
627
499
1873
2001
686
638
2710
2714
487
2890
2146
1813
2652
523
124
648
1371
1648
1568
382
395
2684
882
655
2448
1452
2352
1952
694
384
2120
833
2466
36
51
1044
530
365
1816
2106
1519
2440
1657
79
2774
1302
411
1339
2031
1654
1720
571
2882
1408
915
1043
2027
597
821
1820
482
2055
1857
1584
2896
544
2520
1183
1874
1035
1790
210
1112
2204
617
1100
2537
296
2807
858
1713
2582
454
1984
2163
2119
760
1242
1052
703
2801
999
1144
1882
1381
849
2716
2013
2874
1734
716
757
2788
1216
1089
1290
2865
58
91
1753
76
1377
1714
1220
1963
1310
1635
553
1855
1649
1605
1781
120
937
996
522
911
2540
735
1066
1497
1060
563
1505
1356
506
986
2177
272
1575
1392
1465
1706
953
38
1237
702
1000
1186
2088
1739
103
258
673
1123
715
1243
432
203
2870
1482
2841
15
422
1064
2568
1932
1614
70
2127
509
2914
672
1902
101
276
373
2624
2386
2901
1999
1750
1631
2345
1767
2844
340
691
2097
1532
1173
524
1712
347
250
1209
40
214
2024
171
991
1333
1093
1402
646
426
1518
400
773
278
327
57
2556
1959
1328
1414
2500
951
832
731
1329
2761
2202
850
2911
751
1047
1653
1430
1292
1951
221
2415
1244
2252
513
2505
2891
1417
451
458
2103
2066
2712
427
2278
1151
749
2536
2836
2565
2600
2004
165
474
13
1227
2207
453
136
1773
1347
613
574
1025
1559
2605
455
2354
1449
2155
1456
1005
2864
689
1907
1140
2849
1989
989
2832
929
1747
2344
2614
2081
2803
323
681
1040
1307
960
1194
1069
1020
2160
2198
2731
1373
1993
1826
273
491
1349
1615
961
728
368
2254
2771
1424
414
2683
202
54
2853
2475
2319
2934
1439
1630
1464
2502
2918
1891
1355
2303
1352
1119
2043
2396
1485
720
1225
585
2646
2876
1833
2346
2895
1390
2372
659
1027
679
195
2632
1351
2212
1563
754
1670
1017
2662
1564
1451
2765
1224
1416
2561
200
358
917
477
1368
2232
159
372
974
2913
628
583
1382
121
1964
1323
1223
596
2087
235
665
1791
1566
739
2427
616
1022
1041
1038
1327
1626
581
2554
269
456
1501
1163
2916
1822
2058
332
1274
2549
1548
353
2813
892
2443
1805
1830
115
464
287
1898
1940
2179
2138
2659
376
348
2525
1426
1546
2584
2224
1668
2385
1358
768
512
907
1537
1072
2337
908
1931
2267
1239
1553
2660
1215
1063
505
1755
220
196
518
2687
2421
2460
1691
2933
2085
2261
2903
1875
1569
2380
810
2564
1624
2785
1744
1258
1913
2616
26
2100
877
2305
1588
2314
2644
587
806
2366
2290
846
1777
274
639
2038
1170
1181
1764
148
837
1623
1955
328
62
1001
700
2658
486
2356
1431
2042
1966
2720
2596
1297
1800
1729
1944
45
556
2651
2674
1420
174
306
663
2637
1345
2512
2599
2542
2296
2067
1090
2729
1491
425
1109
1988
1768
2040
1801
1196
146
998
2654
123
167
1880
674
861
2578
1685
1164
2047
1101
2586
1142
2695
1370
2214
2005
360
430
308
668
1138
1511
1032
1311
1226
1102
710
166
127
2392
771
1262
2176
2315
1689
2910
224
160
1842
2698
769
2063
730
2383
330
1325
1741
1881
201
2240
2203
2247
403
632
143
2029
288
364
283
2105
218
1942
1395
1374
552
1793
2273
2518
1231
1459
1916
2856
377
516
567
2259
2384
2174
954
933
2250
2682
2612
369
2419
2665
1674
2648
1031
193
457
2531
1195
2116
2581
1176
1467
1667
445
1697
1627
1811
2917
2113
2858
1651
163
1786
2321
2149
1859
1057
1036
2640
1266
1589
1088
180
1709
2817
1500
46
2374
473
1865
1669
2053
1980
2147
1914
2156
2126
841
1770
979
2597
2507
242
795
2751
2287
1051
1616
449
573
912
10
1856
1085
188
1470
2376
1366
540
1810
2107
1933
1795
625
1722
2740
2118
1299
2340
559
839
147
2165
705
2099
2906
1562
233
651
1961
2112
469
1870
1481
2071
2921
2281
1159
1686
2694
2762
2398
1994
1259
241
2458
2701
2425
1443
1834
363
1558
871
910
2820
2185
2193
1184
2068
2739
2059
1156
1633
1545
2722
2275
1912
2188
1748
135
307
2343
1556
2862
1962
2441
2257
1453
2626
1240
753
1083
209
96
100
226
894
2575
550
1442
1130
2666
2192
885
2675
2471
1097
1818
1702
2371
2930
61
983
2591
2563
1598
410
1990
2210
2407
1715
870
1115
1844
1738
1846
322
621
2516
2625
2333
905
808
87
151
83
643
649
2776
2164
1978
542
173
572
589
255
987
2109
1013
442
2622
2263
2681
822
1998
920
1154
2175
351
1620
2939
976
2521
1917
1277
230
1710
1848
902
2799
2670
2363
593
2235
187
104
1065
262
2021
2334
1010
1617
2671
1385
2484
206
299
2054
2050
1229
1671
725
32
2931
47
2552
1055
1721
2362
2527
855
2481
2413
844
1214
24
2604
2291
1108
1398
901
2329
1520
2233
401
1295
1450
2619
485
1610
2601
534
1301
2412
1847
1152
2629
1127
447
14
1437
1876
2830
2225
626
733
2186
2414
2513
2940
800
925
1087
2611
406
1193
2124
1699
2545
1336
1583
2429
325
820
1807
2791
459
2848
2941
2826
2353
1776
1178
2593
405
678
2023
1353
2808
1827
1171
827
293
2373
2025
381
1883
2628
1595
2432
1150
397
1684
1771
1663
813
2655
20
926
1436
267
2693
2400
2206
941
1269
577
2656
1708
1326
1784
41
2861
228
1969
1587
1576
2643
578
466
494
1364
2223
2181
657
1650
2810
2585
2724
205
823
1946
1145
1189
2359
234
2828
1318
2009
881
2410
2022
2065
1296
1591
1639
370
1526
1413
2736
142
529
964
2514
1571
2713
718
2852
2295
2638
178
1405
538
461
1841
817
993
286
2402
1125
2880
1026
1982
618
2649
93
465
2064
1960
727
390
17
316
931
2570
2526
1387
558
2012
2686
2703
888
1757
128
7
44
71
774
1996
2509
164
687
2501
1494
89
468
1735
1581
582
1235
1939
471
343
2515
291
350
862
1335
1493
256
1696
1275
1609
1462
1775
973
2121
1861
2403
2073
1423
29
2051
1475
2900
155
1555
2898
548
2178
243
39
701
1205
2493
1463
1823
1213
2834
2377
2577
1014
1211
562
75
2394
2784
860
2815
1484
2255
2256
865
1404
788
819
297
1937
2265
921
1560
1460
770
2115
435
1179
1945
2867
361
2928
2574
2056
537
2925
1029
64
1204
2219
2557
1372
588
2015
2547
1565
2231
2283
985
2464
2669
338
842
1695
1719
685
1165
2779
2449
1641
2558
2393
1053
2566
2445
1393
647
2668
2461
2330
2538
266
2442
789
1662
1362
826
942
1471
49
1039
897
2706
2075
1340
1860
722
711
1551
1314
713
433
913
1514
2814
2482
305
2715
2869
2182
2718
59
2450
2350
1160
1120
389
311
661
1831
1383
2827
869
943
2829
1447
2248
1924
126
1272
462
375
2158
669
1783
2349
777
429
1360
1121
758
903
2236
1287
1692
1694
794
2011
1838
2454
2824
955
189
2302
300
1868
5
1629
1936
2369
1808
1096
2093
1338
645
2108
298
2279
2607
2010
1419
2208
815
600
2298
734
1263
2090
86
876
60
1348
799
2755
1
493
2868
446
2783
1067
1187
1981
185
2539
1732
1234
2543
149
1534
412
1251
1111
312
1879
1391
1113
2145
1319
1621
63
1693
2846
1400
1908
541
994
772
275
2288
65
2544
873
1835
385
2487
1656
2590
2922
2420
2405
1428
811
2300
2154
2589
636
285
2157
580
697
2351
1197
1324
586
896
484
1528
2032
1572
27
1705
2745
1141
1438
2307
2559
22
2553
1167
1265
887
2306
424
2451
1836
2234
1075
2717
1490
1466
2818
972
623
1062
2125
2886
179
699
386
2609
1655
1909
184
2151
653
483
2708
2221
418
1792
231
1527
1974
1798
106
829
2773
1175
1238
1411
2136
1281
890
2519
2180
2555
2132
2497
154
1489
2014
667
1632
2859
1168
2209
629
1114
2677
391
2187
812
1979
260
2404
1134
554
2938
2535
1422
1585
904
1915
2738
1539
2035
875
2159
1312
1030
2409
2760
30
2086
641
1531
1394
186
2144
956
2678
1986
1723
2741
930
118
2170
1854
2264
2131
2084
1700
73
880
2452
110
2787
35
2840
2653
392
1380
2496
1270
37
254
2476
1606
2866
867
1972
965
2215
181
737
1640
437
1645
2620
891
1535
1162
1078
656
620
408
2060
1023
1019
191
970
2130
2893
2101
2704
497
1661
2912
1638
2642
1971
2092
654
624
1201
211
1403
1315
539
520
416
1384
1765
2524
259
1521
1809
2927
436
603
1174
1761
732
1432
1681
1704
1376
745
2382
1080
1389
2494
1935
1009
856
1316
2424
2428
1731
843
2860
761
1059
2479
247
1330
19
232
388
1677
948
2650
1625
527
805
1903
2508
84
1252
1286
452
1399
1884
1634
1602
2780
2331
615
215
2026
2506
277
1759
528
787
2872
579
81
957
1965
1018
2630
1921
801
1680
108
2072
2238
1354
1943
2530
900
98
781
1091
119
2245
2183
1613
1869
756
2364
1253
792
790
2312
1675
175
1249
1015
1086
1256
2796
2661
838
105
1203
2473
2395
1344
2888
682
387
318
6
1862
2723
2936
568
1803
2057
1698
2583
2641
747
2379
1799
607
2770
1726
501
610
1894
2871
279
1435
1071
12
2037
2200
784
835
222
2241
1920
1444
2390
605
2899
2211
1515
1910
1919
2855
1593
331
1752
1607
253
1992
1682
1457
707
2802
1427
150
2322
1788
2863
1076
1905
1679
2690
197
1967
2617
1499
1582
950
2742
1513
592
2522
190
138
1401
2610
2672
1378
995
2104
1878
2436
2444
1103
56
2166
139
294
1298
263
69
2486
1949
1703
982
746
1337
590
2034
1279
399
1718
345
2689
102
2137
576
2325
831
2417
2636
1740
1054
472
1046
2533
1586
977
2627
440
671
1658
1549
684
2756
109
169
2089
816
1552
2746
2258
1208
1488
112
848
434
693
2318
313
2759
1317
1604
2517
2908
2095
1280
1321
1267
1573
213
967
1007
2735
614
265
1806
2003
2347
2462
2152
807
1313
2456
379
601
798
1611
393
1678
547
2184
319
2635
525
2268
117
1448
1766
43
1995
336
797
934
2727
122
2069
2550
1188
374
2078
2367
2457
53
1754
248
2752
2795
1332
289
18
740
2567
561
1683
1421
1476
2663
1934
1906
1594
2342
778
246
48
1084
1817
1743
1659
984
2728
244
1128
1233
199
791
1512
16
2699
1334
2845
420
421
706
362
1985
1248
2700
2041
2897
144
884
2480
2490
2074
99
212
431
507
1953
2061
1131
1947
2218
2909
834
1180
281
696
741
2091
658
642
2220
2560
949
78
2608
637
840
355
2754
2709
2587
2603
2580
354
74
1737
604
2804
836
1092
1016
2435
438
724
936
2915
198
2889
2835
333
1517
1774
1673
1533
2117
2595
1397
2304
1305
536
419
1787

