441
2398
2072
1611
874
286
1786
112
2472
1670
2883
2731
796
2431
94
408
1553
1021
9
1842
1598
486
529
1495
530
2423
1586
1394
202
493
1244
937
853
1848
394
690
1056
519
201
2163
2655
1057
759
294
287
1871
2764
1504
2109
2193
2556
1234
1541
640
2493
638
2402
2580
1935
442
2133
1181
555
1285
2204
1830
2712
2356
2320
2184
1632
1198
1387
1079
2059
1087
2827
2622
573
169
407
2114
1001
186
1282
2399
2157
1306
1519
1975
1789
2647
2028
714
654
1775
1350
2475
1404
1856
165
1969
1403
2583
574
579
2735
18
2442
62
777
2165
1343
1355
591
1909
2244
1335
1855
625
280
445
2416
1629
1680
1131
893
710
992
1363
1937
1757
1552
2029
2351
2429
2175
1237
1823
207
129
90
1927
2209
595
2334
2685
337
888
540
767
126
258
950
2167
2216
2727
1828
868
739
2032
978
1270
1815
205
2585
137
1462
1876
2864
2265
181
2082
980
981
2174
684
2939
1316
1248
920
1472
2792
2046
1578
2909
1533
1615
2347
1811
16
1075
2668
409
585
2370
2168
2765
1751
2644
1548
1066
612
1655
2490
1637
1176
597
1522
1993
439
2593
1314
2673
2008
671
982
2196
1381
2922
2249
2116
820
1780
975
2451
446
1866
1795
521
1437
1369
421
932
1892
1707
383
1774
2067
1362
372
42
1806
912
1872
886
1932
702
1965
2454
2761
2058
821
1271
516
2329
1182
2884
1218
2348
1984
603
1499
2466
370
2505
1850
2026
1
1450
1336
1903
1563
2148
2617
2224
1391
1783
2723
949
896
1364
406
1716
1290
2438
1843
119
381
1402
1153
1691
1941
2557
651
63
2462
2621
2711
1551
830
1575
1173
2373
2301
578
1443
1901
2043
1155
2110
1985
282
539
1399
2635
2158
2539
2941
2120
2701
1726
2477
933
1044
1650
1267
1048
39
2013
621
2832
575
2938
952
215
1854
1698
973
1106
153
490
2605
1467
2822
2691
1661
631
1201
1188
2251
2699
863
2315
829
780
2830
1684
1668
906
2694
1752
1132
791
669
1311
444
1861
984
1602
902
432
2893
2152
1986
1606
2650
1507
259
812
1458
67
477
1977
722
2743
1526
1558
2672
2142
1622
396
1377
301
1353
80
2504
1536
866
2185
1508
2815
1207
662
617
1838
1400
1572
1476
1092
2156
1556
2048
1660
1341
1642
419
2641
2696
1017
2589
1222
2612
2045
1936
658
2695
106
1923
2300
2428
2112
2100
998
299
1494
334
2246
2143
1547
2563
48
70
100
908
1442
17
219
647
1511
2052
2878
1022
953
1304
469
1592
155
2575
674
1711
1312
2840
2853
676
1509
1388
2139
2303
1656
2177
2633
149
342
2500
1298
1999
2473
986
629
1139
748
1357
2277
1317
2368
2092
562
1537
549
731
152
1003
2545
2207
2554
1928
689
836
1959
2453
318
1220
1301
22
712
239
1239
535
443
2550
526
1566
1971
148
2307
1755
85
1500
2386
12
1261
963
2339
2679
1034
348
180
1983
1595
1118
2161
1741
2511
1722
72
2460
335
940
589
2436
848
1754
1953
1510
2007
1489
422
1878
604
2452
706
1202
2574
418
10
768
440
567
2401
1911
168
2330
2235
2458
92
2776
832
1064
1900
1178
513
955
305
1051
632
2897
2115
825
1978
1671
2384
1626
2159
700
306
2608
1452
2404
743
2598
701
2263
2194
52
2188
1889
901
1694
393
2430
2362
1805
670
2664
88
2895
1836
2248
1266
2737
1054
1174
2614
1016
1718
284
2137
2
1061
2656
2506
229
2355
1305
627
1375
758
277
379
59
1679
2273
2891
1111
283
1477
1093
561
605
328
376
2559
979
615
113
1540
971
2017
2276
2926
802
2206
1599
1963
210
1991
2439
2843
2006
2783
1634
2788
2693
2790
1493
1954
2176
1177
719
216
833
160
1853
2736
413
2865
1957
2874
1858
2882
2689
1434
1865
1219
261
659
349
121
1297
2250
2507
884
1318
453
1108
2012
285
898
776
2426
2812
120
1141
1418
810
576
1191
1159
816
824
538
1888
1817
2482
2105
1956
958
733
1612
2474
1841
1138
2499
2925
1195
1309
25
2219
2703
2002
1275
534
1501
457
1321
2281
136
1050
590
2631
1591
2814
468
2584
1423
399
1742
1026
694
989
311
2889
1782
1958
859
2789
994
1276
1478
858
143
2867
1518
323
2521
429
755
82
2181
997
867
1492
557
2546
552
223
1916
2284
156
2749
1514
1415
517
2770
2443
2933
491
417
2551
1148
1771
2415
2623
1299
1288
2344
649
2054
430
1700
523
1253
1009
2292
1886
2803
1254
326
428
520
1544
221
1724
894
1329
2579
392
2541
890
2648
2663
2138
2619
556
2126
512
2524
2899
2065
946
1929
1086
2682
1624
2173
1221
2866
907
2714
2616
1759
2215
1440
2529
2772
1231
317
163
1791
65
1546
345
1630
1393
550
1826
641
290
696
2709
104
2322
1618
2715
2141
1881
324
2413
36
398
2890
144
782
2777
2223
423
2201
2136
77
483
729
2920
2538
1729
2846
304
1710
33
2274
675
1588
1829
511
1933
1483
1004
2806
2604
1112
851
713
2844
677
1645
1059
76
1619
2103
1445
1767
1240
1204
1179
572
1603
254
114
2573
2888
566
1579
837
1513
672
2492
2077
1283
673
913
1807
425
1438
1233
257
506
854
151
664
2099
196
878
635
1431
1964
2611
8
310
2004
1228
105
960
1432
2610
1157
227
2771
1905
1468
130
1395
1358
1972
2155
1371
2805
54
1939
1589
704
471
903
2266
1029
843
2310
645
2658
2872
2578
1532
794
2849
943
2003
1970
1200
2918
648
333
1074
1417
225
581
752
1036
1639
131
416
818
450
2566
1799
1486
1484
1784
2035
1396
2744
1506
97
1995
2088
930
53
1193
1734
1447
2296
709
1640
947
243
437
1831
1879
2282
1043
1659
1018
753
1747
217
1802
862
1658
1099
107
1356
999
1005
2267
2863
164
2124
2905
2498
1224
1788
682
211
1702
2835
362
716
1366
2405
681
2543
1960
2562
1703
2707
1161
1487
1189
2800
235
1069
31
1863
128
2288
2754
1424
270
1045
2520
19
1481
2132
2495
974
808
2606
2548
2376
2302
1664
968
2074
1862
1446
1512
2392
2000
55
1412
1386
1529
2768
1023
2372
482
1330
2410
2256
2855
302
2071
996
1574
185
1441
707
1497
911
371
2613
2740
904
496
2190
1657
2374
2746
296
1695
2675
2049
2261
236
382
2371
2618
2680
1531
118
2341
2214
2476
1243
1398
297
109
1163
2014
2397
1787
602
1808
1000
2208
2738
312
2713
1439
846
817
1134
1908
351
2600
2758
872
2624
2868
1135
2294
2501
1810
1307
175
850
905
1665
764
433
1289
1769
761
1427
870
1145
1303
1247
1699
28
1674
2385
1685
1194
1523
1068
1631
2651
203
1576
1296
2340
2599
1082
1904
1334
1997
98
909
637
200
2253
1851
2333
622
498
1117
2576
246
1708
414
864
815
2625
389
1324
134
2484
1067
1989
691
1604
757
2130
454
2823
1636
138
770
586
1245
738
1313
754
275
1378
2887
289
1419
1898
2070
1033
267
1407
2211
1800
2670
108
2056
2630
2287
2358
1249
1644
230
657
1605
1616
505
402
861
1613
475
1180
2297
2759
2629
2596
327
288
329
1877
1238
2041
2915
2239
2931
2607
869
2061
2198
1582
385
1979
1914
2258
751
1128
1614
2640
763
2145
1883
2316
117
793
263
2306
665
1709
1151
762
826
1687
1860
2862
68
2053
410
1342
639
2488
598
2496
1279
531
1779
2632
2930
2422
2892
2047
1453
2674
967
1302
2093
1263
778
1368
927
1840
484
159
1676
2549
881
2108
1385
43
1597
525
1609
273
325
2016
1897
1869
269
247
1885
799
2304
726
95
252
2104
272
679
1621
2187
653
613
775
2314
1672
541
663
1209
746
2027
646
2323
2022
56
736
1143
563
1422
60
926
2881
2802
2597
2911
2838
2433
2068
1405
1105
1577
1116
2197
400
2581
2690
1455
2478
504
2594
1926
945
801
438
1436
2091
2144
2528
1348
1213
2128
2289
502
2509
2536
1567
2440
565
2628
1463
2489
387
882
1557
198
87
1164
2342
2417
1370
1981
14
809
1121
1834
2117
577
447
145
831
2234
2031
634
2753
2643
928
2940
1689
1229
1766
1295
2332
1187
1475
2019
2572
1142
2182
2229
1847
2778
1760
1947
1359
666
1208
1430
2236
2850
885
1444
2005
1199
2183
1025
74
479
1379
931
1265
2569
1129
876
2766
1040
2861
1411
5
2515
41
548
2403
281
2535
1895
1765
2847
956
1280
260
2716
2742
1946
2902
2382
1824
123
741
2774
1024
2871
2308
1286
509
139
24
1822
1899
467
300
1515
1727
2786
2218
1496
962
2335
292
78
2213
1974
721
1893
610
1152
2280
2558
1945
2321
1918
1681
2854
921
2934
47
253
2327
1844
1539
1571
551
1735
1628
2363
2787
2661
2238
35
1973
1122
2291
1849
1156
1149
2921
1678
1210
683
1555
2479
1376
1837
390
1410
124
2497
1580
852
2544
875
1319
2708
319
1833
1171
487
1262
194
1361
268
1778
965
2111
2870
2601
2369
1360
2336
2657
1080
1809
2757
1466
472
322
1560
360
313
1013
2010
2459
365
944
2085
1184
359
1119
737
2856
2491
2160
811
1988
760
2001
1793
1485
1801
1205
2586
293
1137
779
1241
2346
141
2636
462
1812
6
2810
84
842
1728
1864
1070
1502
877
1227
2880
1154
685
1535
1491
2785
2698
2195
977
2279
46
2471
1347
461
1076
1527
1284
2781
2324
1102
1738
1094
2932
2055
1326
1968
2083
37
2638
391
2494
1052
456
2646
2024
1990
2192
2531
1652
2688
1257
214
412
917
959
1192
2686
1039
29
1646
2295
1528
485
2418
204
2319
2702
2592
2102
2154
1623
2268
1663
2269
2388
2252
587
1012
320
2081
1226
1046
1351
1607
599
2226
976
177
2073
2470
2407
298
686
1498
404
2797
2409
580
2637
626
1584
2741
1753
1464
465
140
1704
1110
2571
2769
1859
1697
1943
309
807
2603
1890
628
1215
1273
1414
2412
1374
766
271
2620
1323
7
1328
2652
2394
2151
2255
2325
45
2318
1627
220
2666
786
195
1594
1425
642
678
1867
1819
1891
2030
787
2801
255
1327
1383
1367
2400
2896
2852
871
2784
1454
58
2901
1520
2842
1089
624
1505
2687
2824
1078
2084
2242
466
368
125
1041
1058
2819
2009
1401
1880
2101
397
1337
1583
819
795
660
2828
2514
174
199
1175
377
2665
344
1264
2519
2627
1875
2271
1683
2845
508
941
804
212
582
1725
1109
532
1084
2483
544
1768
723
2791
1339
936
515
1015
110
1827
1874
1420
1130
2720
774
656
1952
403
167
698
2555
193
1352
1088
705
2264
176
2914
554
1816
790
1456
2021
1100
2260
636
1071
1744
880
2910
244
633
1924
2739
1569
1643
2848
1894
50
788
2033
2465
910
1568
213
61
1278
2420
1320
2831
845
1940
1365
331
2684
2860
248
2859
34
1115
844
2037
1186
2924
2729
1020
162
2189
2202
1031
1706
1648
170
527
2653
2750
720
1736
218
330
2387
2424
2169
1397
2885
494
1308
1168
942
800
364
1277
1217
1073
838
2149
295
1777
1820
388
1072
1982
206
2669
1750
1693
232
2747
1190
769
460
1980
2456
899
661
1047
1835
2390
1921
2094
2455
765
749
1448
91
2448
411
1667
135
1756
1165
2383
1804
2096
1255
57
507
1666
470
497
564
1449
1524
2129
2480
2434
1097
1433
2540
1998
2760
1638
2393
1300
2153
916
594
2179
1268
2763
747
2836
2512
2408
222
711
744
1211
2146
122
2338
51
1961
237
1197
805
1172
2272
954
448
189
2642
1798
1260
2044
964
2106
929
1451
2542
2353
350
1561
2913
366
1007
2534
146
1677
436
384
1917
1593
2799
1839
264
1416
224
727
987
2178
1776
341
1085
262
1133
361
1096
2928
614
2705
501
171
1160
2299
814
1225
32
1503
1083
2923
2775
1019
2259
481
1470
238
463
2678
2804
1038
2220
1951
2396
2734
2886
619
2808
374
522
1796
1565
2553
623
336
2782
1457
688
618
1242
1902
69
2180
172
434
1601
1821
1570
1480
2817
2317
2427
2364
724
792
1740
789
2590
2162
489
1792
1521
2839
2857
420
715
745
2732
1488
308
961
2733
2526
542
1332
182
2907
783
1461
2164
995
1469
2917
2365
887
495
1140
1124
1925
2794
187
1730
553
718
2414
2919
972
1910
939
895
2262
1938
596
2170
2704
2676
2254
584
957
1281
2564
1772
40
797
1060
2523
2508
2798
1906
20
1223
266
600
568
1408
133
1749
1098
1538
2813
2615
369
1158
1346
2015
2087
1232
2119
889
2513
2391
892
2345
1310
2283
395
1236
891
2011
1912
2063
1325
740
234
158
2328
3
1587
1712
191
1739
2140
1554
2243
2062
307
1857
2232
242
1585
1055
2366
1673
2437
655
2756
2634
560
2486
245
708
1682
1272
839
2728
2677
233
2725
667
2464
427
1733
2125
742
547
249
1731
990
132
2349
1534
1251
934
2762
1922
1065
813
1803
66
2051
1095
1014
2435
2233
1345
1062
1625
338
2463
1686
725
2357
373
401
1421
1737
593
1125
1696
274
1564
2700
1846
2560
1291
781
608
510
1763
1543
358
2018
2809
2406
127
1409
2722
147
2312
11
1942
1690
1315
803
2237
536
2080
1482
2595
1354
352
355
1948
1006
1428
503
1274
178
154
1590
607
27
492
1934
209
2359
2530
1166
1103
1870
2927
188
303
2639
1390
1713
991
2425
1373
1647
2171
161
103
2469
592
1030
2172
2034
644
1653
240
375
2217
1720
1490
1246
2841
915
1705
835
1562
99
228
1256
2331
545
2903
2134
49
985
353
2150
0
699
1293
2432
157
2935
1259
93
1715
693
1053
1471
1258
1101
2378
1002
2904
2360
2710
1950
1719
2748
2811
1785
1662
2311
1196
2767
26
380
464
2285
1967
611
1147
695
1931
1559
226
1944
473
2395
2337
2097
1882
2020
2036
2444
1032
558
798
2807
2380
451
951
2516
918
1955
2069
1010
2779
730
849
367
332
772
1126
2662
278
415
1745
1517
1996
2671
2212
1037
2381
1761
2877
2796
75
86
1183
1123
925
924
966
806
2225
570
173
488
2231
2795
857
1654
102
1525
2503
2090
1162
83
2446
347
1167
1701
1114
514
703
279
1641
856
2379
771
756
1596
166
840
1269
922
2487
668
2532
1146
2936
1287
919
291
256
687
89
1063
2525
1203
2825
1920
2131
1620
1992
2449
2245
2894
2122
1962
2937
44
15
1721
2851
1090
1930
459
2692
2326
1429
2375
2203
923
1344
822
250
1292
1542
2286
2025
697
827
2107
1338
265
2441
2916
1214
1349
2309
785
476
2221
2649
1389
1549
750
2275
2411
2066
2755
1675
2873
1372
1459
2602
241
692
897
2780
1617
2724
2834
865
2228
378
64
424
841
1028
717
101
630
1884
2343
2445
2820
879
1723
1790
1185
2086
1406
2421
2547
2467
1825
2166
1008
2210
2667
1530
184
1392
2517
2561
2518
1717
1987
1380
1633
2060
2199
2076
1104
111
773
2833
2568
1250
179
1949
1235
2582
321
2826
2039
1852
79
524
1832
2654
2205
1743
583
935
2113
606
2706
1384
2313
1573
1818
4
883
2447
2278
2793
1915
343
2510
1127
2533
1426
455
823
2121
2079
2367
38
609
1465
2577
478
2354
2570
1081
346
71
2240
2457
2876
2078
1748
2869
500
2230
23
192
2450
1746
2468
2912
2057
115
1608
2293
938
2064
354
13
435
2098
316
1011
1479
30
2481
2123
2352
1913
2660
2527
2816
2752
2042
340
2721
1845
357
1035
474
993
1216
1651
734
2502
533
518
1169
948
2906
2298
2257
21
1382
426
1144
2821
2361
2875
571
601
2186
2730
2270
480
855
2565
197
2567
1230
1773
190
1136
2241
914
847
1150
528
1333
2147
1340
499
315
735
569
983
2377
1042
2588
1550
1919
860
728
1049
73
559
2659
2697
900
1714
1027
2247
1770
2908
1294
449
1873
1331
2726
546
732
1813
1692
1473
142
1545
2227
363
1797
1976
2587
339
2389
2837
2626
970
1762
276
2305
1581
873
2127
183
231
2537
1966
1091
150
2751
1206
251
2681
1413
2222
1107
356
1077
2900
1635
2200
537
1781
1688
208
458
452
1907
2135
2191
1887
616
2089
2075
2858
96
1896
2683
1649
2717
2745
1435
1113
2095
1170
1252
2023
1322
834
1120
784
386
2719
828
2350
2118
314
2829
1764
2485
652
1758
1600
1460
431
2038
1868
2645
1794
543
2929
1669
1516
650
2522
2461
2050
1732
2290
2591
405
643
1994
969
988
1474
620
2818
2552
2898
81
2419
116
588
680
2879
2718
1610
2609
2040
1814
2773
1212

