1 0
2 1
3 1
4 0
5 1
6 1
7 0
8 1
9 1
10 0
11 1
12 0
13 0
14 0
15 1
16 1
17 0
18 0
19 1
20 0
21 1
22 1
23 1
24 1
25 1
26 0
27 1
28 0
29 1
30 1
31 0
32 1
33 1
34 1
35 0
36 0
37 0
38 1
39 0
40 0
41 1
42 1
43 1
44 0
45 0
46 1
47 0
48 0
49 1
50 1
51 0
52 1
53 1
54 1
55 0
56 0
57 0
58 1
59 0
60 1
61 0
62 1
63 0
64 1
65 0
66 1
67 1
68 1
69 1
70 0
71 0
72 0
73 1
74 1
75 0
76 0
77 1
78 0
79 1
80 0
81 1
82 0
83 1
84 1
85 1
86 1
87 1
88 1
89 1
90 1
91 1
92 0
93 1
94 0
95 0
96 0
97 0
98 1
99 1
100 1
101 1
102 1
103 0
104 1
105 1
106 0
107 1
108 0
109 1
110 1
111 0
112 0
113 1
114 1
115 0
116 0
117 0
118 0
119 1
120 0
121 0
122 1
123 0
124 0
125 0
126 0
127 0
128 1
129 1
130 1
131 1
132 1
133 0
134 0
135 1
136 0
137 1
138 0
139 0
140 0
141 1
142 0
143 0
144 1
145 1
146 0
147 1
148 0
149 0
150 1
151 1
152 0
153 1
154 0
155 1
156 0
157 0
158 0
159 1
160 0
161 0
162 0
163 1
164 0
165 0
166 0
167 0
168 1
169 0
170 1
171 1
172 1
173 0
174 1
175 0
176 0
177 1
178 1
179 1
180 0
181 0
182 0
183 0
184 0
185 1
186 1
187 1
188 1
189 1
190 1
191 0
192 0
193 0
194 0
195 1
196 0
197 0
198 0
199 0
200 0
201 1
202 1
203 0
204 0
205 0
206 1
207 1
208 0
209 1
210 0
211 1
212 1
213 1
214 0
215 1
216 1
217 1
218 1
219 1
220 1
221 0
222 0
223 0
224 0
225 0
226 0
227 0
228 1
229 1
230 0
231 0
232 1
233 1
234 0
235 1
236 1
237 1
238 1
239 0
240 0
241 0
242 0
243 1
244 0
245 1
246 0
247 0
248 1
249 0
250 1
251 0
252 0
253 1
254 1
255 0
256 0
257 0
258 0
259 1
260 1
261 1
262 1
263 1
264 0
265 0
266 1
267 0
268 1
269 0
270 1
271 1
272 0
273 1
274 1
275 0
276 0
277 1
278 0
279 0
280 1
281 0
282 0
283 1
284 1
285 0
286 0
287 0
288 1
289 1
290 0
291 1
292 1
293 1
294 1
295 0
296 1
297 1
298 1
299 0
300 0
301 0
302 1
303 0
304 0
305 1
306 1
307 0
308 1
309 1
310 1
311 1
312 1
313 0
314 1
315 1
316 1
317 1
318 0
319 0
320 1
321 0
322 0
323 1
324 1
325 1
326 0
327 1
328 1
329 1
330 0
331 0
332 1
333 0
334 1
335 0
336 0
337 1
338 1
339 1
340 0
341 0
342 0
343 0
344 0
345 1
346 1
347 1
348 1
349 1
350 0
351 0
352 1
353 0
354 0
355 0
356 0
357 0
358 1
359 1
360 1
361 1
362 1
363 1
364 0
365 0
366 1
367 0
368 0
369 0
370 0
371 1
372 0
373 1
374 1
375 0
376 0
377 0
378 1
379 1
380 1
381 0
382 0
383 1
384 0
385 0
386 0
387 0
388 1
389 0
390 1
391 0
392 1
393 1
394 0
395 0
396 0
397 0
398 0
399 1
400 0
401 0
402 1
403 0
404 1
405 1
406 1
407 1
408 1
409 1
410 1
411 1
412 0
413 1
414 1
415 1
416 0
417 1
418 0
419 1
420 0
421 1
422 1
423 0
424 0
425 0
426 0
427 1
428 1
429 0
430 1
431 0
432 0
433 0
434 1
435 0
436 1
437 1
438 0
439 1
440 0
441 1
442 1
443 1
444 1
445 0
446 1
447 0
448 1
449 1
450 1
451 1
452 0
453 1
454 0
455 0
456 1
457 0
458 0
459 1
460 0
461 0
462 1
463 0
464 0
465 1
466 0
467 1
468 1
469 0
470 1
471 0
472 1
473 0
474 1
475 1
476 1
477 0
478 0
479 1
480 1
481 0
482 1
483 1
484 0
485 0
486 0
487 1
488 0
489 1
490 1
491 1
492 1
493 1
494 0
495 0
496 1
497 0
498 0
499 0
500 0
501 1
502 0
503 1
504 1
505 0
506 1
507 1
508 1
509 0
510 1
511 0
512 0
513 0
514 1
515 0
516 0
517 1
518 0
519 1
520 1
521 0
522 0
523 0
524 1
525 1
526 0
527 0
528 1
529 1
530 0
531 0
532 0
533 0
534 1
535 1
536 0
537 1
538 1
539 1
540 1
541 1
542 0
543 0
544 1
545 1
546 0
547 1
548 0
549 0
550 0
551 0
552 1
553 0
554 1
555 0
556 0
557 1
558 1
559 1
560 1
561 1
562 0
563 1
564 0
565 0
566 1
567 0
568 0
569 0
570 1
571 0
572 1
573 1
574 1
575 0
576 0
577 1
578 0
579 0
580 0
581 0
582 1
583 0
584 0
585 1
586 1
587 0
588 0
589 0
590 1
591 0
592 1
593 0
594 0
595 1
596 1
597 1
598 0
599 1
600 0
601 0
602 1
603 1
604 1
605 0
606 0
607 0
608 1
609 1
610 0
611 0
612 1
613 0
614 0
615 0
616 1
617 1
618 0
619 0
620 0
621 0
622 1
623 0
624 0
625 0
626 0
627 0
628 0
629 0
630 0
631 0
632 0
633 1
634 0
635 1
636 1
637 0
638 0
639 0
640 0
641 0
642 0
643 1
644 0
645 1
646 1
647 0
648 0
649 1
650 1
651 0
652 1
653 0
654 0
655 1
656 0
657 0
658 0
659 1
660 1
661 1
662 1
663 0
664 0
665 0
666 1
667 0
668 1
669 1
670 0
671 0
672 0
673 1
674 1
675 1
676 0
677 0
678 1
679 0
680 0
681 1
682 0
683 1
684 1
685 0
686 1
687 0
688 1
689 0
690 0
691 0
692 0
693 1
694 0
695 1
696 0
697 1
698 1
699 1
700 1
701 1
702 0
703 0
704 1
705 1
706 0
707 1
708 0
709 0
710 1
711 1
712 1
713 0
714 0
715 0
716 1
717 0
718 1
719 1
720 0
721 0
722 1
723 0
724 1
725 0
726 0
727 0
728 0
729 1
730 1
731 1
732 1
733 0
734 1
735 0
736 0
737 1
738 1
739 1
740 1
741 0
742 0
743 1
744 1
745 0
746 0
747 1
748 1
749 1
750 0
751 0
752 0
753 1
754 0
755 0
756 1
757 0
758 1
759 0
760 0
761 0
762 0
763 0
764 1
765 1
766 0
767 0
768 0
769 1
770 1
771 0
772 0
773 1
774 0
775 1
776 1
777 1
778 1
779 1
780 1
781 0
782 0
783 1
784 1
785 1
786 0
787 1
788 0
789 0
790 0
791 1
792 1
793 1
794 0
795 0
796 1
797 0
798 1
799 0
800 0
801 0
802 0
803 0
804 1
805 0
806 1
807 0
808 1
809 0
810 1
811 0
812 0
813 0
814 1
815 1
816 1
817 0
818 1
819 1
820 0
821 1
822 0
823 1
824 0
825 0
826 1
827 1
828 0
829 0
830 1
831 1
832 1
833 0
834 0
835 1
836 1
837 0
838 0
839 1
840 0
841 0
842 1
843 0
844 0
845 0
846 0
847 0
848 1
849 1
850 0
851 1
852 0
853 1
854 0
855 0
856 0
857 0
858 1
859 1
860 1
861 0
862 0
863 1
864 1
865 1
866 0
867 1
868 0
869 1
870 1
871 1
872 0
873 0
874 1
875 0
876 0
877 0
878 1
879 1
880 1
881 0
882 0
883 0
884 1
885 1
886 1
887 0
888 0
889 1
890 1
891 0
892 0
893 0
894 0
895 0
896 1
897 0
898 0
899 1
900 1
901 1
902 1
903 1
904 1
905 0
906 1
907 1
908 1
909 0
910 0
911 0
912 0
913 1
914 1
915 0
916 1
917 0
918 1
919 1
920 0
921 1
922 1
923 0
924 0
925 0
926 1
927 0
928 1
929 1
930 0
931 1
932 0
933 1
934 0
935 0
936 1
937 1
938 1
939 1
940 1
941 1
942 1
943 0
944 1
945 0
946 1
947 1
948 0
949 1
950 1
951 0
952 1
953 0
954 0
955 0
956 1
957 1
958 0
959 1
960 1
961 0
962 1
963 1
964 0
965 1
966 1
967 1
968 0
969 1
970 1
971 0
972 1
973 1
974 0
975 0
976 0
977 1
978 1
979 0
980 1
981 0
982 1
983 0
984 0
985 1
986 0
987 0
988 0
989 0
990 0
991 1
992 1
993 0
994 0
995 0
996 0
997 1
998 0
999 1
1000 1
1001 1
1002 1
1003 0
1004 0
1005 0
1006 0
1007 1
1008 0
1009 0
1010 1
1011 0
1012 0
1013 0
1014 1
1015 1
1016 1
1017 0
1018 0
1019 1
1020 0
1021 1
1022 0
1023 1
1024 0
1025 0
1026 1
1027 0
1028 0
1029 1
1030 0
1031 0
1032 1
1033 1
1034 0
1035 0
1036 1
1037 0
1038 1
1039 0
1040 0
1041 0
1042 0
1043 1
1044 0
1045 0
1046 0
1047 0
1048 1
1049 0
1050 0
1051 0
1052 0
1053 0
1054 1
1055 1
1056 1
1057 0
1058 1
1059 0
1060 1
1061 1
1062 0
1063 1
1064 0
1065 0
1066 1
1067 1
1068 1
1069 1
1070 0
1071 0
1072 0
1073 1
1074 1
1075 1
1076 1
1077 1
1078 0
1079 0
1080 0
1081 0
1082 0
1083 1
1084 1
1085 0
1086 0
1087 1
1088 0
1089 1
1090 0
1091 0
1092 0
1093 1
1094 1
1095 1
1096 0
1097 1
1098 1
1099 0
1100 0
1101 1
1102 1
1103 0
1104 0
1105 1
1106 0
1107 0
1108 1
1109 1
1110 1
1111 1
1112 0
1113 1
1114 1
1115 0
1116 1
1117 1
1118 0
1119 0
1120 0
1121 0
1122 1
1123 0
1124 1
1125 1
1126 1
1127 0
1128 0
1129 0
1130 0
1131 1
1132 0
1133 1
1134 1
1135 0
1136 1
1137 1
1138 0
1139 0
1140 1
1141 1
1142 1
1143 1
1144 1
1145 0
1146 0
1147 0
1148 0
1149 0
1150 1
1151 1
1152 1
1153 0
1154 1
1155 1
1156 0
1157 1
1158 1
1159 0
1160 0
1161 1
1162 0
1163 1
1164 0
1165 1
1166 0
1167 1
1168 1
1169 0
1170 1
1171 1
1172 0
1173 1
1174 0
1175 0
1176 1
1177 1
1178 0
1179 1
1180 1
1181 0
1182 0
1183 1
1184 0
1185 1
1186 1
1187 1
1188 1
1189 0
1190 0
1191 0
1192 1
1193 1
1194 0
1195 1
1196 1
1197 0
1198 1
1199 1
1200 0
1201 1
1202 0
1203 1
1204 0
1205 1
1206 1
1207 0
1208 1
1209 0
1210 0
1211 1
1212 1
1213 1
1214 0
1215 1
1216 1
1217 0
1218 0
1219 1
1220 1
1221 0
1222 1
1223 1
1224 0
1225 0
1226 0
1227 0
1228 1
1229 1
1230 0
1231 0
1232 0
1233 0
1234 1
1235 1
1236 0
1237 1
1238 0
1239 0
1240 1
1241 0
1242 1
1243 1
1244 0
1245 1
1246 1
1247 0
1248 1
1249 1
1250 0
1251 0
1252 1
1253 1
1254 0
1255 0
1256 1
1257 0
1258 1
1259 0
1260 0
1261 0
1262 0
1263 0
1264 1
1265 0
1266 0
1267 1
1268 1
1269 1
1270 0
1271 0
1272 1
1273 1
1274 1
1275 0
1276 1
1277 1
1278 1
1279 0
1280 1
1281 1
1282 0
1283 0
1284 1
1285 0
1286 0
1287 0
1288 0
1289 0
1290 1
1291 1
1292 1
1293 1
1294 1
1295 1
1296 0
1297 1
1298 0
1299 0
1300 0
1301 1
1302 0
1303 0
1304 1
1305 0
1306 0
1307 0
1308 1
1309 1
1310 0
1311 1
1312 1
1313 0
1314 1
1315 1
1316 0
1317 1
1318 0
1319 1
1320 1
1321 1
1322 0
1323 0
1324 1
1325 0
1326 1
1327 0
1328 1
1329 0
1330 1
1331 1
1332 0
1333 0
1334 1
1335 1
1336 0
1337 0
1338 1
1339 0
1340 1
1341 0
1342 0
1343 0
1344 0
1345 1
1346 1
1347 0
1348 1
1349 0
1350 0
1351 0
1352 0
1353 0
1354 0
1355 1
1356 0
1357 1
1358 1
1359 1
1360 0
1361 0
1362 1
1363 0
1364 0
1365 1
1366 0
1367 1
1368 1
1369 1
1370 1
1371 1
1372 0
1373 0
1374 0
1375 1
1376 1
1377 1
1378 0
1379 0
1380 1
1381 0
1382 0
1383 1
1384 0
1385 0
1386 1
1387 1
1388 0
1389 1
1390 0
1391 1
1392 0
1393 1
1394 0
1395 0
1396 1
1397 1
1398 1
1399 1
1400 1
1401 1
1402 0
1403 0
1404 1
1405 1
1406 0
1407 0
1408 1
1409 0
1410 1
1411 1
1412 1
1413 1
1414 1
1415 1
1416 0
1417 1
1418 0
1419 1
1420 0
1421 1
1422 1
1423 1
1424 0
1425 1
1426 0
1427 1
1428 0
1429 0
1430 1
1431 0
1432 1
1433 0
1434 1
1435 1
1436 0
1437 1
1438 1
1439 1
1440 0
1441 1
1442 1
1443 1
1444 1
1445 1
1446 0
1447 1
1448 1
1449 1
1450 1
1451 1
1452 0
1453 1
1454 0
1455 1
1456 0
1457 0
1458 0
1459 1
1460 1
1461 1
1462 0
1463 0
1464 1
1465 0
1466 0
1467 0
1468 1
1469 1
1470 1
1471 0
