409
2815
804
1169
670
1716
1492
1762
925
1408
857
2807
1999
983
1161
2688
664
1434
1905
1552
1066
2309
2597
2323
977
2836
2683
1080
6
27
1651
124
625
224
2480
834
2430
1966
360
2058
141
15
1335
1849
483
1892
2563
2805
1417
1615
399
1284
2649
2499
391
2420
2406
1368
234
198
952
599
1936
1990
1101
861
606
2374
1378
890
654
822
245
205
485
74
618
451
773
1803
2496
2135
2568
1560
1425
334
2532
2286
2839
677
1838
321
771
393
1207
2130
2738
2596
1727
2167
2576
679
161
2637
1546
1663
1953
208
1972
2716
566
1702
1463
484
659
2809
76
1347
1926
1961
2049
1204
1602
2537
557
1399
940
1360
1781
1954
1551
323
2233
2394
257
1646
1681
1785
429
2249
1718
2262
1637
2459
1159
262
1677
1366
2202
329
54
487
60
814
2569
575
2729
2796
1978
735
2198
2599
2632
1491
898
2019
1924
1547
1721
212
855
595
2248
2452
913
2256
2875
1007
580
200
353
2624
1865
2260
597
192
2556
2910
2682
2212
1355
1984
1113
1684
2243
2086
1587
1801
84
616
1699
19
902
1556
2138
1039
292
1282
1502
661
1390
2510
367
2511
2911
1116
1093
1816
1026
2324
2522
2862
912
725
2052
2241
1690
2332
893
1085
2567
2357
648
2574
1220
1270
1281
93
1636
1800
522
549
2579
1194
2840
1234
117
1614
1808
1836
1371
1763
1930
1885
458
2765
2327
1731
639
1337
2852
11
698
2108
640
731
2251
1279
293
1128
1132
2500
35
2421
2515
1687
1890
2319
2313
1257
2584
2887
1008
1939
716
896
112
2219
1315
1019
2758
941
435
2146
1563
795
2463
755
510
554
2401
1164
191
1761
1520
2861
1964
829
2628
2881
2580
29
2759
511
992
2590
398
2345
1187
1240
2473
1193
396
1466
438
2440
1770
196
1447
39
2882
2222
423
1523
1774
1062
1707
987
279
258
738
1859
178
2107
2854
310
2069
1798
1397
1227
2720
57
1079
1561
107
619
2018
2218
1134
2671
439
1565
7
657
2008
1186
1923
1506
247
271
523
2692
1212
1201
1373
728
2684
1827
1056
2002
2314
1197
548
2103
693
2393
260
2614
723
1084
1728
1715
878
24
2888
1609
864
455
1991
222
1362
388
711
336
601
2795
2698
2048
1061
403
1536
2725
155
556
594
72
316
1902
2027
1841
1133
788
979
2165
1289
646
1805
210
2799
2833
951
2112
1732
2059
2677
1386
1273
2635
1981
681
1583
2474
2342
1845
1840
1741
1866
2194
848
2234
581
1605
88
1778
2308
1342
2444
2535
2239
2101
1689
624
763
48
444
1367
789
720
1499
2447
410
598
2282
2531
2174
2723
786
1952
193
2127
807
1993
430
2317
585
1729
2488
2097
1935
1454
1580
797
2495
1603
2555
361
999
714
643
1641
253
748
1157
1040
2055
2399
1304
1668
1937
2539
892
798
817
1047
101
1486
1829
1035
1982
1960
43
835
1901
928
953
564
2709
2367
2242
2213
2396
2350
453
650
956
179
1049
1249
139
105
2543
1485
2931
100
454
603
1429
2206
2761
860
126
2295
869
2353
1129
2047
341
1532
1742
2675
13
1015
1147
2436
389
1989
172
1740
531
132
1002
95
1022
1604
2220
1211
265
1412
2209
61
2131
1045
2365
171
2804
744
2928
2390
2076
1468
1566
2360
2768
1995
1267
1730
2732
1310
214
2031
2623
1626
318
972
1531
2776
2837
340
71
579
534
1177
1986
2344
2133
509
1518
1516
1190
1760
2621
129
2201
1166
1579
2602
2712
2346
380
2312
1598
2606
838
2540
96
2343
170
633
1218
1851
2767
1120
1577
1451
23
2588
801
2753
223
2053
1790
973
887
970
1131
464
914
1000
2581
397
1442
145
2359
715
263
791
574
1464
2745
2129
148
1052
1348
2187
2050
1459
363
831
886
2752
331
749
1678
2586
1931
1239
746
1067
167
92
521
1208
1394
2038
1720
2221
2472
2549
1564
1103
563
2611
2422
840
220
751
147
34
447
2026
2547
2189
2690
553
741
67
203
957
78
2320
800
2651
1070
244
1184
2747
452
1758
546
402
2924
1288
2237
1766
2638
760
2541
146
2170
1837
1834
1826
2028
2571
233
2356
2402
184
2263
1465
1162
1075
2451
275
2037
352
719
762
1266
1860
158
1098
2766
1831
2199
1559
2814
2247
734
2431
387
2603
1698
2224
322
344
2573
319
1823
512
985
302
2827
1513
717
785
501
1251
9
1812
1130
2015
1712
2722
424
1292
828
1256
2414
1793
759
2484
2121
1231
586
2618
2100
1600
1100
1214
1481
2161
382
930
2598
1958
2410
420
1682
495
18
2078
530
1055
824
515
2079
2287
1359
2810
1380
547
1693
2905
1872
406
2641
1001
1835
836
274
206
811
1383
1041
1141
1233
1878
2774
2347
2259
2694
1855
1945
2857
1490
1894
2419
2427
357
1554
2622
270
2162
873
313
113
1473
2750
2744
742
1957
1013
1634
949
545
944
963
2893
1713
688
417
2006
2033
190
157
758
666
1192
2685
1160
703
1043
621
1696
815
637
909
872
2274
394
2150
94
2661
2215
656
2032
2244
1887
1309
2527
1541
2786
1783
1349
226
1316
2829
2200
700
2208
1330
405
1261
127
1322
874
2676
2733
133
1825
1854
2490
2715
2166
1904
2255
1285
2120
1779
1671
1334
474
413
1606
1818
2331
1959
1488
1813
570
2629
2005
2475
1977
250
2506
1515
2477
1181
1928
2898
2595
630
922
25
2062
560
726
2376
1205
1951
2604
2437
1082
1909
1088
1318
1971
1519
897
197
2460
906
2116
180
2575
2011
243
1224
1925
989
2627
104
559
30
2
1611
1479
1057
2679
1753
1321
555
1746
1594
2901
473
199
91
1582
2719
90
1922
185
1415
461
651
2335
2090
1460
1876
2077
1048
2034
1323
2843
2743
2290
1927
846
1336
1889
2615
1613
1630
1126
2457
2339
2184
1268
1867
1094
1228
1701
1012
519
2446
1645
1037
2089
2277
1627
778
2231
1375
465
1350
2816
1620
2509
942
858
317
1448
1392
2065
2253
1943
1843
2550
939
1558
457
2155
116
2660
687
118
879
732
52
607
2724
443
1672
446
2818
2442
1476
1222
2334
1683
1382
592
1385
2279
421
2070
626
1489
837
2456
2227
2808
1857
1250
1469
516
1180
368
2379
1586
1965
159
55
1139
1325
1967
1074
2706
1077
415
2516
2072
1423
1750
1472
2662
500
1527
502
1341
1346
1329
676
2825
1198
355
1756
727
2188
2412
793
2105
525
83
2054
2872
1787
1135
1802
1209
2760
186
298
1706
238
1822
1568
1526
1311
1525
827
1167
1221
943
1307
2771
1475
2674
162
2876
2163
215
1642
354
383
1549
843
2291
2375
2558
1402
2705
390
2793
1975
1819
2736
568
2240
189
2648
278
2501
1340
1880
823
1006
1401
2024
134
1553
552
1708
1326
2927
62
1493
1877
540
527
1410
1409
2762
2514
2479
1379
889
2228
2883
1505
582
924
2091
2336
1884
1258
2633
2016
2508
2109
701
959
2789
2630
1081
2860
79
678
503
2518
2271
1948
1584
1675
2366
2009
2853
463
863
996
1685
1217
1121
1844
2067
2114
2517
969
1833
2903
2871
2134
2098
2859
2004
1950
300
1293
2689
2877
1956
2481
2899
2920
1369
805
2783
2257
1664
1733
86
2382
1395
282
830
961
2216
647
2900
372
921
2886
926
1508
1772
853
2772
766
1090
976
1592
2918
1522
573
1507
2270
1514
2148
2613
209
2354
1538
1970
1771
2930
1944
2878
1601
856
2261
2821
53
2400
1704
750
808
327
1497
1320
931
1719
1676
1102
1858
923
2245
2482
2066
2785
740
1296
1736
2223
2071
895
617
539
136
168
462
1236
1182
166
307
2489
1870
2113
1255
1540
85
504
2296
2792
1496
2236
1963
358
297
790
1072
2932
871
839
486
1979
2594
16
2487
730
2119
2204
1229
2043
342
2557
1272
20
287
2280
427
960
542
1820
2258
2802
2639
131
1432
1259
2890
1168
2646
1639
569
2102
1545
1748
2383
2063
2211
1852
73
1265
227
142
1033
2084
2152
1370
1437
1550
1789
2572
326
2380
137
1179
1313
2913
289
1968
2195
1974
1509
1274
2791
1096
2275
2855
882
2667
2132
2035
2292
2654
929
378
1658
1456
705
1980
2173
2144
1078
294
1511
2849
2687
1396
1643
1352
794
235
641
2612
1498
2454
1069
550
1623
248
1032
1264
160
1529
1688
1916
2838
111
1467
156
1670
927
899
1929
1354
1907
695
668
1458
1578
70
2321
1430
2377
1191
1146
2625
1245
2863
1391
2653
739
2681
1992
2164
757
1376
1997
1640
885
2655
1998
456
2819
328
1297
1046
2423
2318
2697
1654
2001
655
1661
478
2797
281
1327
1744
1317
1795
448
1280
2748
2322
1089
1109
1042
1759
2099
1154
2056
2486
2734
1809
261
1618
2533
154
2205
2175
1817
974
2000
280
121
1246
845
964
2617
343
1478
826
252
102
2726
1145
2703
1283
859
385
2798
2106
1768
2157
1942
2283
492
1821
517
2214
366
2784
442
1617
2368
743
379
842
1735
2338
2093
1097
1739
2498
802
1286
1300
852
1471
401
818
422
135
629
1034
305
784
2302
2570
1503
2123
251
993
1591
44
1058
1152
958
1305
1495
1879
2305
1647
1723
2842
152
97
2061
2080
1569
1692
2044
947
1976
2773
2895
2115
2940
978
783
682
2470
426
36
572
2909
182
2925
919
775
1572
2812
1705
2387
1714
2030
47
140
2466
2117
414
2560
122
497
1384
1848
10
1946
707
2800
2714
277
683
2846
2268
1225
309
1457
810
2441
713
2696
867
1060
283
1470
2922
2620
903
765
2566
2425
407
1535
1724
56
1073
1635
12
915
2794
2014
2834
724
2691
1899
753
449
1652
604
916
1919
1111
1215
1861
833
1794
1749
308
290
1144
1988
1024
562
2125
2803
1406
434
1784
891
2012
202
524
467
1151
1054
1178
2340
143
578
1873
1996
1864
1792
1811
1150
369
1308
346
1725
1254
1938
272
1431
819
2372
295
1086
2464
1638
2310
1068
365
870
685
1631
2177
1839
1608
2232
2669
1517
2388
1118
493
276
507
593
2003
649
2136
149
764
1747
2210
2267
1455
1788
984
2352
376
2823
672
2301
1361
653
2254
756
645
1071
400
2534
2832
632
2176
1449
436
1091
1985
1607
1453
2686
955
1127
1691
2096
207
1252
2193
315
408
425
2564
1123
600
2284
1011
58
1830
138
2428
2294
1555
2362
917
1356
2435
2847
337
1247
635
333
2702
535
375
312
2841
392
1667
506
721
825
304
188
1232
2867
2673
1163
228
2868
697
254
2826
551
2181
1142
1773
2329
1230
2299
2306
2644
1662
2565
528
1388
994
1115
416
470
2036
404
910
1539
1110
2288
954
1633
1312
1020
1117
2183
2391
2561
2645
2171
841
106
590
2445
2384
1807
1596
2124
2168
2941
2659
2851
577
1612
2337
2385
481
296
877
26
2235
2483
1276
2172
2790
0
2755
82
2429
2363
620
1188
173
2619
2601
2039
437
1439
1114
347
2064
303
38
1419
2434
1237
2892
901
1200
1863
1248
796
1697
2552
2933
781
1413
803
2779
988
21
59
1051
285
900
508
2142
2010
2908
183
1542
1593
1064
2405
1124
395
2865
997
2095
2021
469
2787
2554
98
710
536
1099
2502
144
1940
2051
1059
2432
1364
418
45
1557
966
1983
371
777
1512
1136
1599
249
433
232
611
1241
50
2524
1405
2190
1562
680
2250
1543
87
612
2817
1155
768
982
642
591
2413
1597
610
1424
1567
1632
2894
1243
1574
1585
1106
2092
269
761
472
1648
2559
69
169
165
2468
779
2672
2528
918
195
89
2207
1435
809
1686
2505
1411
1138
658
2147
1703
488
1365
286
663
2238
1610
2634
332
2403
627
967
948
2264
1358
1244
2426
2700
532
204
769
1911
1333
2680
754
1915
1223
2068
1709
1534
2858
306
110
2081
2285
980
2186
1407
2775
2370
2806
1377
1780
821
1017
1588
2605
2438
1941
2493
1104
1824
772
733
1171
1810
2880
1752
1143
2735
1137
745
2273
419
479
1484
920
2916
2507
1595
2746
1921
2811
46
782
2276
2780
990
2915
2355
1148
2631
1014
2303
876
2140
1711
780
230
1339
934
231
2529
816
2316
2585
338
1590
1797
2298
938
2040
2229
1933
1994
2398
348
1414
2196
1850
471
482
1343
529
1445
866
2701
2874
2777
242
2088
1914
1874
103
2850
2542
1528
2740
1477
2548
1018
1737
1278
883
1832
2824
1726
2417
692
466
636
181
673
2788
2668
356
2178
441
2485
2848
219
2110
615
2626
1153
770
2325
2751
2896
2917
1112
384
1897
689
2513
2870
1917
767
320
1487
1063
2191
1165
1973
2226
2587
2411
614
844
2045
712
2315
1216
2169
349
1418
1576
2710
2118
737
513
1776
1203
77
8
2869
2179
2693
350
1947
1398
256
933
533
1400
351
65
109
1482
1427
1446
2708
2801
2265
2938
736
499
2404
494
194
1269
1158
1494
865
623
505
1319
2126
175
1238
1589
981
1888
1095
787
3
2935
1461
2545
888
1393
1814
123
567
2616
806
386
428
1501
1669
2591
1119
514
1500
291
1092
2937
2730
1767
1893
163
459
2737
2864
1853
2025
2553
1629
1910
1436
2885
2416
1650
37
1462
1028
2656
868
965
2462
498
1242
1003
1700
374
1450
1903
2017
1483
240
216
2203
28
2525
854
1351
1083
2139
2281
1275
1533
2020
2478
2718
2831
1745
1694
2371
114
2046
496
706
904
51
1050
1271
268
2640
2137
2311
1087
1882
273
565
63
544
2538
2526
2889
1372
894
1628
2912
1962
2471
2663
634
2494
217
2866
1755
2879
1176
986
2266
2469
1474
1306
330
1443
2754
460
2728
684
345
875
1029
1363
937
1195
2449
2699
2926
1908
2143
2289
631
2293
2145
1886
246
2749
908
2536
2929
1674
339
1912
2583
2042
1918
266
792
2520
2424
2085
2769
1428
998
1624
2476
1331
491
690
2503
1108
468
2467
2519
2607
1738
2512
881
2075
2589
2381
2582
2713
558
1869
702
596
2523
2546
1291
2530
1027
1666
518
718
1441
150
2731
1660
2450
2652
2741
2351
1338
362
2153
1324
605
2333
2904
1815
2642
628
1332
2104
905
1621
5
1140
1299
1796
17
1679
2389
2455
2704
962
2361
2307
911
2465
225
1548
2197
2082
2781
2907
359
1806
968
476
613
589
151
849
1673
2192
2348
2608
2448
431
2551
2007
2919
1900
32
1021
2763
2156
1294
311
229
1581
1422
1016
1804
2433
671
1695
2891
1404
218
935
1438
2813
1076
1149
638
752
813
2897
176
1862
2297
2939
1710
2386
211
1263
255
1828
324
1202
2397
2770
1913
847
2041
991
125
33
381
543
1847
1403
288
432
314
1004
1426
587
2742
99
2600
2739
68
477
236
1949
2395
66
4
1025
2358
475
284
1038
1920
221
2914
2246
1777
1530
691
480
1444
2578
2577
2666
2330
907
1754
2643
1172
31
2497
2158
2711
1680
945
1537
1303
1871
2217
526
708
2665
1875
1226
1769
130
2592
2349
1544
722
1023
22
2328
2670
2185
440
1934
1421
2562
932
862
696
237
2439
177
2727
1213
2230
2491
1570
975
1036
2252
1433
1734
541
2094
2029
239
1301
2757
812
1010
1440
1
832
1206
489
42
1387
2856
2458
2111
1846
1295
2764
2141
1235
2461
1655
1757
1175
2504
2707
412
2373
675
1883
1653
120
1105
2678
652
584
2828
2923
850
1122
2159
1065
2369
2521
373
946
2609
936
2657
490
1420
1210
259
2695
1196
1619
2154
1524
1521
602
2544
704
2658
537
884
2074
2022
128
1659
2782
1005
1782
1786
153
609
2122
2013
41
1649
1277
1170
1510
2418
2060
1743
622
267
2304
1381
1374
64
2830
1898
1030
1389
2409
1932
1765
820
1575
2149
2721
1657
644
2936
880
80
264
1125
335
1571
213
729
2023
2407
776
2278
1314
674
699
1328
2341
187
40
115
2593
1616
1174
2087
2664
2822
1906
799
2844
2717
2756
1260
241
1504
364
1868
1183
1185
747
1573
301
2906
2820
1881
583
2647
445
1799
411
608
1009
174
1842
1290
1622
1253
2160
2884
1891
538
669
2269
1665
450
75
662
1344
2636
1969
2083
1955
665
2128
1625
1298
851
2057
660
1107
1416
2378
2443
2364
1262
377
561
49
686
2392
1722
119
1791
2835
950
2902
1353
370
2408
2453
588
520
1775
1219
571
694
2492
2272
1452
774
2873
2415
2934
709
1189
1044
576
2151
299
2778
971
1031
1345
1895
1287
1480
1896
2182
2921
164
1199
1644
2300
1173
1053
2610
1156
81
2326
201
325
14
1856
1302
995
2180
1717
1656
1987
2073
2225
1751
2845
108
1764
667
2650
1357

