1 0
2 1
3 0
4 1
5 1
6 0
7 1
8 0
9 0
10 1
11 0
12 1
13 0
14 0
15 1
16 1
17 1
18 1
19 0
20 0
21 0
22 0
23 1
24 0
25 1
26 1
27 0
28 1
29 1
30 1
31 0
32 1
33 0
34 1
35 0
36 1
37 1
38 0
39 1
40 1
41 1
42 1
43 1
44 0
45 1
46 0
47 1
48 0
49 0
50 0
51 1
52 0
53 1
54 1
55 1
56 0
57 1
58 0
59 1
60 0
61 0
62 1
63 0
64 1
65 0
66 1
67 1
68 0
69 0
70 0
71 1
72 1
73 1
74 1
75 0
76 1
77 1
78 0
79 1
80 0
81 0
82 0
83 0
84 0
85 1
86 1
87 1
88 0
89 0
90 0
91 0
92 1
93 1
94 1
95 0
96 0
97 1
98 1
99 0
100 0
101 1
102 1
103 1
104 0
105 0
106 0
107 1
108 1
109 0
110 1
111 0
112 1
113 0
114 1
115 0
116 1
117 1
118 0
119 0
120 1
121 0
122 0
123 0
124 1
125 1
126 1
127 1
128 0
129 0
130 0
131 0
132 1
133 1
134 0
135 0
136 0
137 0
138 0
139 1
140 0
141 0
142 1
143 0
144 1
145 1
146 0
147 0
148 1
149 0
150 0
151 1
152 1
153 1
154 0
155 1
156 0
157 1
158 1
159 1
160 1
161 0
162 1
163 0
164 1
165 1
166 0
167 0
168 1
169 0
170 1
171 0
172 1
173 1
174 1
175 0
176 0
177 0
178 1
179 0
180 1
181 1
182 1
183 0
184 1
185 1
186 1
187 1
188 0
189 1
190 0
191 0
192 0
193 0
194 0
195 0
196 1
197 0
198 0
199 1
200 1
201 0
202 1
203 1
204 1
205 0
206 0
207 1
208 1
209 1
210 1
211 0
212 0
213 1
214 1
215 0
216 1
217 0
218 0
219 1
220 0
221 1
222 1
223 1
224 0
225 1
226 1
227 0
228 0
229 1
230 0
231 1
232 1
233 0
234 0
235 0
236 1
237 0
238 1
239 0
240 0
241 0
242 1
243 1
244 0
245 1
246 0
247 0
248 0
249 1
250 0
251 1
252 0
253 0
254 0
255 1
256 1
257 1
258 1
259 0
260 1
261 0
262 1
263 0
264 0
265 1
266 1
267 0
268 1
269 1
270 0
271 0
272 0
273 1
274 0
275 1
276 0
277 1
278 1
279 1
280 0
281 1
282 0
283 0
284 1
285 1
286 1
287 1
288 0
289 1
290 0
291 0
292 1
293 1
294 1
295 0
296 1
297 0
298 0
299 1
300 1
301 1
302 1
303 1
304 0
305 1
306 1
307 1
308 1
309 0
310 1
311 0
312 0
313 0
314 0
315 1
316 0
317 1
318 0
319 1
320 1
321 1
322 1
323 1
324 0
325 0
326 0
327 0
328 0
329 0
330 0
331 0
332 1
333 1
334 0
335 0
336 1
337 0
338 1
339 0
340 1
341 0
342 0
343 1
344 1
345 1
346 1
347 0
348 1
349 1
350 1
351 0
352 0
353 1
354 0
355 1
356 0
357 1
358 0
359 0
360 0
361 1
362 0
363 1
364 1
365 0
366 0
367 1
368 0
369 1
370 1
371 1
372 1
373 0
374 0
375 1
376 0
377 1
378 0
379 0
380 0
381 0
382 0
383 1
384 1
385 1
386 1
387 0
388 0
389 1
390 1
391 0
392 0
393 0
394 1
395 0
396 0
397 1
398 0
399 0
400 1
401 1
402 1
403 1
404 0
405 1
406 1
407 1
408 0
409 0
410 1
411 0
412 1
413 0
414 1
415 1
416 0
417 1
418 0
419 1
420 0
421 0
422 1
423 1
424 0
425 1
426 0
427 0
428 0
429 0
430 0
431 0
432 0
433 0
434 0
435 0
436 0
437 1
438 0
439 0
440 1
441 0
442 1
443 1
444 1
445 1
446 1
447 0
448 0
449 0
450 0
451 0
452 0
453 1
454 1
455 0
456 0
457 0
458 0
459 0
460 1
461 0
462 1
463 1
464 1
465 1
466 0
467 0
468 1
469 0
470 1
471 1
472 0
473 1
474 1
475 1
476 0
477 1
478 1
479 1
480 1
481 1
482 0
483 1
484 1
485 0
486 0
487 1
488 0
489 0
490 0
491 0
492 1
493 0
494 0
495 0
496 0
497 0
498 1
499 1
500 0
501 1
502 1
503 0
504 1
505 0
506 0
507 0
508 1
509 0
510 1
511 1
512 1
513 1
514 0
515 1
516 0
517 0
518 1
519 0
520 1
521 0
522 1
523 1
524 1
525 0
526 0
527 1
528 1
529 1
530 0
531 0
532 0
533 1
534 0
535 1
536 0
537 0
538 0
539 1
540 0
541 0
542 0
543 0
544 1
545 1
546 0
547 1
548 0
549 0
550 1
551 1
552 0
553 1
554 0
555 0
556 1
557 1
558 0
559 0
560 1
561 1
562 1
563 0
564 1
565 1
566 1
567 1
568 0
569 1
570 1
571 1
572 1
573 0
574 0
575 0
576 0
577 1
578 0
579 1
580 1
581 0
582 0
583 0
584 1
585 0
586 1
587 0
588 0
589 0
590 1
591 0
592 1
593 0
594 0
595 0
596 0
597 0
598 1
599 1
600 0
601 1
602 0
603 1
604 0
605 1
606 0
607 1
608 1
609 1
610 0
611 0
612 0
613 1
614 1
615 0
616 1
617 1
618 1
619 0
620 0
621 1
622 1
623 0
624 0
625 0
626 0
627 0
628 0
629 1
630 1
631 0
632 0
633 1
634 1
635 1
636 0
637 1
638 1
639 0
640 0
641 0
642 1
643 1
644 1
645 1
646 0
647 1
648 0
649 1
650 1
651 0
652 0
653 0
654 1
655 0
656 0
657 0
658 1
659 1
660 1
661 1
662 1
663 1
664 0
665 1
666 1
667 0
668 0
669 0
670 1
671 1
672 1
673 0
674 1
675 0
676 0
677 0
678 1
679 0
680 0
681 0
682 1
683 0
684 0
685 0
686 0
687 1
688 0
689 1
690 1
691 1
692 0
693 0
694 1
695 0
696 1
697 0
698 1
699 0
700 0
701 1
702 0
703 0
704 1
705 1
706 1
707 0
708 1
709 1
710 0
711 0
712 1
713 1
714 1
715 0
716 1
717 1
718 1
719 1
720 1
721 1
722 0
723 1
724 1
725 1
726 1
727 1
728 0
729 1
730 1
731 0
732 1
733 0
734 1
735 0
736 1
737 0
738 0
739 1
740 0
741 0
742 0
743 1
744 0
745 0
746 0
747 0
748 0
749 0
750 1
751 0
752 1
753 0
754 1
755 0
756 0
757 1
758 1
759 0
760 0
761 1
762 0
763 1
764 0
765 1
766 1
767 0
768 1
769 0
770 0
771 1
772 1
773 0
774 1
775 0
776 0
777 0
778 1
779 0
780 1
781 0
782 0
783 1
784 0
785 0
786 1
787 0
788 0
789 1
790 1
791 1
792 0
793 0
794 0
795 0
796 0
797 0
798 0
799 0
800 0
801 1
802 0
803 1
804 0
805 1
806 0
807 0
808 0
809 0
810 0
811 0
812 0
813 1
814 0
815 0
816 0
817 1
818 1
819 0
820 0
821 1
822 1
823 1
824 1
825 1
826 1
827 0
828 0
829 1
830 1
831 1
832 1
833 1
834 0
835 0
836 0
837 0
838 0
839 0
840 1
841 1
842 1
843 0
844 1
845 0
846 0
847 1
848 0
849 0
850 0
851 1
852 0
853 0
854 0
855 0
856 1
857 1
858 0
859 1
860 1
861 1
862 1
863 0
864 1
865 0
866 1
867 0
868 1
869 0
870 0
871 1
872 0
873 1
874 0
875 1
876 1
877 0
878 1
879 0
880 0
881 1
882 0
883 1
884 0
885 1
886 0
887 1
888 1
889 0
890 1
891 0
892 0
893 0
894 1
895 0
896 1
897 1
898 1
899 0
900 0
901 1
902 0
903 1
904 0
905 0
906 1
907 0
908 0
909 0
910 0
911 0
912 1
913 1
914 0
915 1
916 0
917 0
918 0
919 1
920 0
921 1
922 0
923 1
924 0
925 1
926 0
927 1
928 0
929 0
930 1
931 0
932 0
933 1
934 0
935 0
936 0
937 1
938 1
939 1
940 0
941 0
942 1
943 0
944 1
945 0
946 0
947 1
948 0
949 0
950 0
951 1
952 1
953 1
954 1
955 0
956 1
957 0
958 1
959 0
960 0
961 0
962 0
963 0
964 1
965 1
966 1
967 1
968 1
969 1
970 0
971 1
972 1
973 0
974 0
975 1
976 0
977 0
978 0
979 0
980 1
981 1
982 0
983 0
984 1
985 0
986 1
987 0
988 0
989 1
990 0
991 0
992 1
993 0
994 1
995 0
996 1
997 0
998 0
999 0
1000 0
1001 1
1002 0
1003 0
1004 1
1005 0
1006 0
1007 1
1008 1
1009 1
1010 1
1011 0
1012 0
1013 1
1014 0
1015 1
1016 1
1017 1
1018 1
1019 0
1020 1
1021 0
1022 1
1023 1
1024 0
1025 0
1026 0
1027 0
1028 1
1029 1
1030 1
1031 1
1032 0
1033 0
1034 1
1035 0
1036 0
1037 1
1038 0
1039 1
1040 1
1041 0
1042 0
1043 0
1044 0
1045 0
1046 1
1047 1
1048 0
1049 1
1050 0
1051 1
1052 1
1053 0
1054 0
1055 1
1056 1
1057 1
1058 0
1059 0
1060 0
1061 0
1062 1
1063 1
1064 1
1065 0
1066 0
1067 1
1068 1
1069 0
1070 1
1071 1
1072 1
1073 1
1074 1
1075 0
1076 1
1077 0
1078 1
1079 1
1080 1
1081 1
1082 1
1083 1
1084 1
1085 1
1086 0
1087 1
1088 0
1089 1
1090 1
1091 0
1092 0
1093 0
1094 0
1095 1
1096 0
1097 1
1098 0
1099 1
1100 0
1101 0
1102 1
1103 1
1104 0
1105 0
1106 0
1107 1
1108 0
1109 0
1110 1
1111 1
1112 1
1113 0
1114 0
1115 0
1116 1
1117 0
1118 0
1119 0
1120 1
1121 1
1122 0
1123 0
1124 0
1125 1
1126 1
1127 1
1128 0
1129 1
1130 1
1131 1
1132 1
1133 0
1134 0
1135 0
1136 1
1137 0
1138 0
1139 1
1140 0
1141 0
1142 1
1143 0
1144 1
1145 0
1146 1
1147 0
1148 1
1149 1
1150 0
1151 0
1152 0
1153 0
1154 1
1155 0
1156 1
1157 0
1158 1
1159 0
1160 0
1161 0
1162 0
1163 1
1164 1
1165 1
1166 0
1167 1
1168 1
1169 1
1170 1
1171 0
1172 0
1173 0
1174 1
1175 1
1176 1
1177 0
1178 1
1179 1
1180 1
1181 0
1182 0
1183 0
1184 1
1185 0
1186 1
1187 0
1188 0
1189 0
1190 1
1191 1
1192 0
1193 1
1194 0
1195 1
1196 0
1197 1
1198 0
1199 1
1200 0
1201 1
1202 1
1203 1
1204 0
1205 1
1206 1
1207 0
1208 0
1209 1
1210 0
1211 1
1212 1
1213 1
1214 1
1215 1
1216 1
1217 0
1218 0
1219 0
1220 0
1221 0
1222 0
1223 1
1224 1
1225 1
1226 0
1227 1
1228 1
1229 0
1230 0
1231 1
1232 1
1233 0
1234 1
1235 1
1236 0
1237 1
1238 0
1239 1
1240 1
1241 0
1242 1
1243 1
1244 0
1245 0
1246 0
1247 0
1248 0
1249 0
1250 0
1251 1
1252 1
1253 0
1254 0
1255 1
1256 1
1257 0
1258 1
1259 0
1260 1
1261 1
1262 0
1263 0
1264 1
1265 1
1266 1
1267 0
1268 0
1269 0
1270 1
1271 0
1272 0
1273 0
1274 0
1275 0
1276 0
1277 0
1278 1
1279 1
1280 0
1281 1
1282 1
1283 0
1284 1
1285 0
1286 0
1287 0
1288 1
1289 1
1290 0
1291 0
1292 0
1293 1
1294 1
1295 0
1296 1
1297 1
1298 1
1299 1
1300 0
1301 1
1302 1
1303 0
1304 0
1305 0
1306 0
1307 1
1308 0
1309 1
1310 1
1311 0
1312 1
1313 0
1314 1
1315 0
1316 0
1317 0
1318 0
1319 0
1320 1
1321 0
1322 1
1323 0
1324 1
1325 1
1326 1
1327 1
1328 1
1329 1
1330 0
1331 1
1332 0
1333 0
1334 0
1335 0
1336 1
1337 0
1338 1
1339 1
1340 0
1341 1
1342 0
1343 1
1344 0
1345 0
1346 1
1347 1
1348 1
1349 0
1350 1
1351 1
1352 0
1353 1
1354 1
1355 0
1356 0
1357 1
1358 1
1359 0
1360 0
1361 1
1362 1
1363 1
1364 1
1365 0
1366 0
1367 1
1368 0
1369 0
1370 1
1371 1
1372 0
1373 1
1374 0
1375 1
1376 1
1377 1
1378 0
1379 1
1380 0
1381 1
1382 1
1383 1
1384 1
1385 1
1386 1
1387 0
1388 1
1389 0
1390 1
1391 1
1392 0
1393 1
1394 0
1395 1
1396 0
1397 1
1398 0
1399 0
1400 1
1401 0
1402 0
1403 1
1404 0
1405 1
1406 0
1407 1
1408 1
1409 0
1410 0
1411 0
1412 1
1413 1
1414 1
1415 1
1416 1
1417 1
1418 0
1419 0
1420 1
1421 0
1422 1
1423 0
1424 1
1425 0
1426 1
1427 1
1428 0
1429 1
1430 0
1431 0
1432 0
1433 1
1434 0
1435 0
1436 1
1437 1
1438 1
1439 1
1440 1
1441 0
1442 1
1443 0
1444 1
1445 1
1446 1
1447 1
1448 0
1449 1
1450 0
1451 0
1452 0
1453 1
1454 1
1455 0
1456 1
1457 1
1458 1
1459 0
1460 1
1461 1
1462 1
1463 0
1464 0
1465 1
1466 0
1467 0
1468 1
1469 0
1470 1
1471 1
