1 0
2 1
3 0
4 1
5 0
6 0
7 1
8 1
9 0
10 1
11 1
12 0
13 1
14 1
15 0
16 0
17 1
18 0
19 0
20 0
21 1
22 1
23 1
24 1
25 0
26 0
27 1
28 1
29 0
30 1
31 0
32 1
33 0
34 0
35 0
36 0
37 0
38 0
39 0
40 0
41 1
42 0
43 0
44 0
45 0
46 0
47 1
48 1
49 0
50 0
51 0
52 1
53 1
54 1
55 1
56 1
57 1
58 0
59 1
60 1
61 0
62 0
63 0
64 1
65 1
66 1
67 0
68 1
69 1
70 1
71 1
72 1
73 1
74 1
75 1
76 0
77 0
78 1
79 0
80 1
81 0
82 1
83 0
84 0
85 0
86 0
87 1
88 0
89 0
90 0
91 1
92 0
93 1
94 1
95 1
96 0
97 1
98 1
99 1
100 0
101 0
102 0
103 1
104 1
105 0
106 0
107 0
108 0
109 0
110 1
111 0
112 0
113 0
114 1
115 0
116 0
117 0
118 1
119 0
120 0
121 0
122 0
123 1
124 1
125 1
126 0
127 1
128 0
129 0
130 1
131 1
132 1
133 0
134 1
135 0
136 1
137 0
138 0
139 0
140 0
141 0
142 0
143 0
144 0
145 0
146 1
147 0
148 0
149 1
150 0
151 1
152 1
153 1
154 1
155 1
156 1
157 1
158 1
159 1
160 1
161 0
162 0
163 0
164 1
165 0
166 1
167 1
168 1
169 0
170 1
171 0
172 0
173 1
174 0
175 0
176 0
177 1
178 0
179 0
180 1
181 0
182 0
183 0
184 0
185 0
186 0
187 0
188 1
189 1
190 1
191 0
192 0
193 0
194 1
195 1
196 1
197 1
198 1
199 0
200 0
201 1
202 0
203 1
204 1
205 0
206 0
207 0
208 0
209 0
210 1
211 1
212 0
213 1
214 1
215 0
216 1
217 0
218 0
219 0
220 0
221 1
222 0
223 0
224 1
225 0
226 1
227 1
228 1
229 0
230 0
231 1
232 1
233 0
234 0
235 0
236 0
237 0
238 1
239 0
240 0
241 1
242 1
243 0
244 0
245 0
246 1
247 1
248 1
249 0
250 1
251 1
252 1
253 1
254 1
255 1
256 1
257 0
258 0
259 1
260 1
261 1
262 1
263 0
264 0
265 0
266 1
267 0
268 0
269 1
270 1
271 1
272 1
273 1
274 1
275 1
276 1
277 0
278 0
279 1
280 1
281 1
282 0
283 1
284 0
285 0
286 0
287 0
288 1
289 1
290 1
291 0
292 1
293 0
294 0
295 0
296 1
297 0
298 1
299 0
300 1
301 1
302 1
303 0
304 1
305 0
306 1
307 1
308 0
309 0
310 0
311 0
312 0
313 1
314 1
315 1
316 1
317 1
318 1
319 1
320 1
321 1
322 0
323 1
324 0
325 1
326 0
327 0
328 1
329 0
330 1
331 1
332 0
333 1
334 0
335 1
336 0
337 0
338 1
339 1
340 1
341 1
342 1
343 0
344 0
345 0
346 0
347 0
348 0
349 0
350 0
351 0
352 1
353 0
354 0
355 0
356 0
357 1
358 1
359 0
360 1
361 1
362 1
363 0
364 0
365 0
366 0
367 1
368 0
369 0
370 0
371 1
372 1
373 1
374 1
375 0
376 1
377 0
378 0
379 0
380 0
381 1
382 1
383 1
384 1
385 1
386 1
387 0
388 1
389 1
390 0
391 1
392 1
393 0
394 1
395 0
396 1
397 0
398 0
399 1
400 1
401 1
402 0
403 1
404 0
405 0
406 0
407 1
408 0
409 0
410 0
411 0
412 1
413 1
414 0
415 0
416 0
417 1
418 0
419 1
420 1
421 1
422 1
423 1
424 0
425 1
426 1
427 0
428 1
429 1
430 0
431 1
432 0
433 1
434 1
435 0
436 0
437 0
438 0
439 0
440 0
441 1
442 1
443 0
444 1
445 1
446 1
447 1
448 1
449 0
450 0
451 0
452 0
453 1
454 1
455 0
456 1
457 1
458 0
459 0
460 0
461 1
462 0
463 0
464 0
465 1
466 1
467 1
468 0
469 1
470 1
471 0
472 1
473 1
474 0
475 0
476 0
477 1
478 1
479 1
480 1
481 0
482 1
483 1
484 0
485 0
486 0
487 0
488 1
489 0
490 1
491 1
492 0
493 0
494 1
495 0
496 1
497 1
498 0
499 1
500 1
501 0
502 0
503 0
504 0
505 1
506 1
507 0
508 1
509 1
510 1
511 0
512 1
513 1
514 1
515 0
516 0
517 0
518 0
519 1
520 1
521 1
522 1
523 0
524 0
525 1
526 1
527 0
528 1
529 0
530 1
531 0
532 1
533 1
534 1
535 1
536 0
537 0
538 0
539 0
540 0
541 1
542 0
543 1
544 0
545 0
546 0
547 0
548 1
549 0
550 0
551 0
552 0
553 0
554 0
555 1
556 1
557 0
558 1
559 0
560 0
561 0
562 1
563 0
564 0
565 1
566 0
567 1
568 0
569 1
570 1
571 0
572 1
573 1
574 0
575 0
576 0
577 1
578 1
579 1
580 0
581 1
582 1
583 0
584 1
585 1
586 1
587 1
588 1
589 1
590 1
591 0
592 1
593 0
594 1
595 0
596 1
597 0
598 1
599 1
600 0
601 0
602 1
603 0
604 0
605 1
606 0
607 0
608 0
609 1
610 1
611 1
612 0
613 1
614 1
615 1
616 1
617 1
618 1
619 1
620 1
621 1
622 0
623 1
624 1
625 1
626 0
627 1
628 1
629 0
630 0
631 1
632 0
633 1
634 1
635 0
636 1
637 0
638 0
639 0
640 0
641 0
642 0
643 0
644 0
645 1
646 1
647 0
648 1
649 0
650 1
651 0
652 1
653 0
654 0
655 0
656 0
657 0
658 1
659 1
660 0
661 0
662 1
663 0
664 0
665 0
666 1
667 0
668 0
669 1
670 0
671 0
672 0
673 1
674 1
675 0
676 1
677 1
678 1
679 0
680 1
681 0
682 0
683 0
684 0
685 0
686 0
687 0
688 0
689 0
690 1
691 0
692 0
693 1
694 1
695 1
696 0
697 0
698 1
699 1
700 1
701 1
702 1
703 0
704 1
705 0
706 0
707 0
708 0
709 1
710 1
711 0
712 0
713 0
714 1
715 0
716 0
717 1
718 1
719 1
720 1
721 1
722 1
723 0
724 1
725 0
726 0
727 0
728 0
729 1
730 0
731 1
732 1
733 1
734 0
735 1
736 1
737 1
738 1
739 0
740 0
741 0
742 1
743 1
744 0
745 0
746 0
747 0
748 0
749 0
750 1
751 1
752 0
753 1
754 0
755 0
756 0
757 1
758 0
759 1
760 0
761 0
762 0
763 1
764 1
765 0
766 1
767 0
768 0
769 1
770 0
771 0
772 0
773 0
774 0
775 0
776 0
777 0
778 0
779 1
780 0
781 1
782 0
783 1
784 1
785 0
786 0
787 1
788 0
789 0
790 1
791 0
792 0
793 1
794 1
795 0
796 0
797 0
798 1
799 1
800 1
801 0
802 0
803 0
804 0
805 0
806 0
807 0
808 0
809 1
810 0
811 0
812 0
813 0
814 0
815 1
816 1
817 1
818 1
819 0
820 0
821 1
822 0
823 0
824 0
825 1
826 0
827 1
828 1
829 0
830 1
831 0
832 0
833 1
834 1
835 0
836 0
837 1
838 1
839 1
840 0
841 1
842 0
843 1
844 0
845 0
846 1
847 0
848 0
849 0
850 1
851 1
852 1
853 1
854 0
855 1
856 0
857 1
858 0
859 0
860 0
861 1
862 0
863 1
864 1
865 0
866 0
867 1
868 1
869 0
870 0
871 0
872 0
873 1
874 1
875 1
876 1
877 1
878 1
879 0
880 1
881 1
882 1
883 0
884 0
885 1
886 0
887 0
888 1
889 1
890 0
891 0
892 1
893 0
894 0
895 0
896 0
897 0
898 1
899 1
900 0
901 0
902 0
903 0
904 0
905 0
906 1
907 0
908 0
909 0
910 1
911 0
912 0
913 0
914 0
915 0
916 0
917 0
918 0
919 1
920 0
921 0
922 1
923 0
924 1
925 0
926 0
927 1
928 1
929 0
930 1
931 1
932 1
933 1
934 1
935 0
936 1
937 1
938 1
939 0
940 1
941 1
942 0
943 1
944 0
945 0
946 0
947 1
948 1
949 1
950 0
951 1
952 1
953 1
954 0
955 1
956 1
957 0
958 1
959 0
960 0
961 1
962 1
963 1
964 1
965 1
966 1
967 0
968 1
969 1
970 1
971 0
972 1
973 0
974 1
975 0
976 0
977 0
978 0
979 0
980 0
981 0
982 0
983 0
984 0
985 1
986 0
987 0
988 1
989 0
990 0
991 1
992 1
993 0
994 1
995 1
996 1
997 0
998 1
999 0
1000 1
1001 1
1002 1
1003 1
1004 1
1005 0
1006 0
1007 1
1008 0
1009 1
1010 0
1011 0
1012 0
1013 1
1014 0
1015 0
1016 1
1017 0
1018 1
1019 1
1020 0
1021 1
1022 1
1023 1
1024 0
1025 1
1026 1
1027 1
1028 1
1029 1
1030 1
1031 1
1032 1
1033 1
1034 0
1035 1
1036 0
1037 1
1038 0
1039 0
1040 1
1041 0
1042 0
1043 0
1044 1
1045 0
1046 1
1047 0
1048 0
1049 1
1050 1
1051 0
1052 1
1053 1
1054 1
1055 0
1056 0
1057 1
1058 0
1059 0
1060 1
1061 0
1062 1
1063 1
1064 0
1065 0
1066 0
1067 1
1068 0
1069 1
1070 1
1071 1
1072 1
1073 1
1074 1
1075 1
1076 0
1077 1
1078 0
1079 1
1080 1
1081 0
1082 0
1083 0
1084 0
1085 0
1086 0
1087 0
1088 1
1089 1
1090 1
1091 1
1092 0
1093 1
1094 0
1095 1
1096 1
1097 0
1098 1
1099 1
1100 0
1101 1
1102 1
1103 0
1104 0
1105 0
1106 0
1107 0
1108 1
1109 0
1110 1
1111 0
1112 0
1113 0
1114 0
1115 1
1116 1
1117 0
1118 0
1119 0
1120 0
1121 1
1122 1
1123 0
1124 1
1125 1
1126 1
1127 1
1128 1
1129 0
1130 0
1131 1
1132 0
1133 0
1134 0
1135 0
1136 0
1137 0
1138 0
1139 0
1140 0
1141 1
1142 1
1143 0
1144 0
1145 1
1146 1
1147 1
1148 1
1149 1
1150 0
1151 1
1152 0
1153 0
1154 1
1155 1
1156 0
1157 1
1158 0
1159 1
1160 1
1161 1
1162 1
1163 1
1164 1
1165 1
1166 0
1167 1
1168 1
1169 1
1170 0
1171 0
1172 0
1173 1
1174 1
1175 1
1176 1
1177 1
1178 0
1179 0
1180 0
1181 1
1182 0
1183 0
1184 1
1185 1
1186 1
1187 0
1188 1
1189 1
1190 1
1191 1
1192 1
1193 1
1194 0
1195 0
1196 1
1197 0
1198 0
1199 1
1200 0
1201 1
1202 1
1203 0
1204 1
1205 1
1206 1
1207 1
1208 1
1209 1
1210 1
1211 0
1212 1
1213 1
1214 1
1215 0
1216 0
1217 0
1218 1
1219 1
1220 1
1221 0
1222 0
1223 1
1224 0
1225 0
1226 0
1227 0
1228 0
1229 0
1230 1
1231 1
1232 1
1233 0
1234 0
1235 0
1236 1
1237 1
1238 1
1239 0
1240 0
1241 0
1242 0
1243 0
1244 0
1245 1
1246 0
1247 0
1248 1
1249 0
1250 1
1251 0
1252 0
1253 1
1254 0
1255 1
1256 1
1257 0
1258 0
1259 1
1260 1
1261 0
1262 1
1263 0
1264 0
1265 0
1266 0
1267 1
1268 0
1269 0
1270 0
1271 1
1272 0
1273 0
1274 1
1275 0
1276 1
1277 0
1278 0
1279 0
1280 0
1281 0
1282 0
1283 0
1284 1
1285 0
1286 0
1287 0
1288 0
1289 0
1290 0
1291 0
1292 1
1293 0
1294 1
1295 0
1296 1
1297 0
1298 0
1299 0
1300 0
1301 0
1302 0
1303 0
1304 0
1305 0
1306 1
1307 1
1308 0
1309 0
1310 0
1311 1
1312 0
1313 1
1314 1
1315 1
1316 0
1317 0
1318 1
1319 1
1320 0
1321 0
1322 0
1323 1
1324 1
1325 1
1326 1
1327 0
1328 0
1329 1
1330 0
1331 0
1332 1
1333 1
1334 1
1335 0
1336 0
1337 0
1338 0
1339 0
1340 0
1341 1
1342 1
1343 0
1344 0
1345 0
1346 1
1347 0
1348 0
1349 1
1350 1
1351 1
1352 1
1353 1
1354 0
1355 1
1356 1
1357 0
1358 0
1359 1
1360 0
1361 0
1362 1
1363 1
1364 0
1365 1
1366 1
1367 1
1368 0
1369 0
1370 0
1371 1
1372 0
1373 0
1374 1
1375 1
1376 1
1377 1
1378 1
1379 0
1380 0
1381 1
1382 0
1383 1
1384 0
1385 1
1386 1
1387 1
1388 0
1389 1
1390 0
1391 0
1392 0
1393 1
1394 0
1395 1
1396 1
1397 1
1398 1
1399 1
1400 1
1401 0
1402 1
1403 0
1404 0
1405 1
1406 1
1407 0
1408 1
1409 1
1410 0
1411 0
1412 0
1413 0
1414 0
1415 0
1416 0
1417 0
1418 1
1419 1
1420 0
1421 1
1422 1
1423 1
1424 1
1425 0
1426 1
1427 0
1428 0
1429 0
1430 0
1431 0
1432 0
1433 1
1434 0
1435 1
1436 0
1437 0
1438 0
1439 0
1440 1
1441 1
1442 0
1443 0
1444 0
1445 0
1446 0
1447 1
1448 0
1449 1
1450 0
1451 1
1452 0
1453 1
1454 1
1455 1
1456 1
1457 0
1458 0
1459 1
1460 0
1461 0
1462 1
1463 1
1464 0
1465 0
1466 0
1467 1
1468 1
1469 0
1470 1
1471 1
