1083
291
793
2877
93
1606
1913
782
2704
904
2130
1176
1895
2138
2281
704
2631
1047
1986
1833
1594
216
337
1447
1945
82
1573
741
176
1699
792
725
1611
185
1474
1450
2718
2287
1862
1281
1103
2573
1133
649
243
798
1411
1379
711
917
382
1951
376
1434
983
2632
391
2192
288
897
2034
2113
1955
2811
874
1189
475
1469
2213
2605
786
1849
816
2831
2459
1964
1302
2418
2366
855
112
2521
2369
574
1140
1173
1305
2916
908
372
2430
2761
1967
237
1498
1927
1891
906
634
1797
2740
1642
1598
20
1147
1646
612
655
714
1653
635
2546
2729
2493
2571
2075
1656
331
210
457
1589
1751
566
1027
956
119
615
2185
2820
2050
848
2911
980
483
1177
2674
2094
2580
1824
2299
1821
502
2586
2442
577
2044
2495
53
1546
2218
1050
1883
321
169
414
52
1371
1201
570
0
2344
1981
58
2111
445
2838
1649
2707
1754
2909
29
2464
1790
2441
98
517
1331
941
1249
1461
2355
1395
328
1708
2645
2485
2250
1827
2046
1985
602
1221
393
222
535
2774
1532
253
1343
525
671
1730
2612
2096
1722
2682
54
142
2467
606
1989
2142
2574
2038
2207
1686
695
1777
1401
2936
2121
2026
2910
492
620
2289
559
1300
2014
2912
86
2167
562
2231
1940
578
2775
1860
1324
1436
1987
2148
1246
903
2868
547
1100
2470
1737
1005
421
994
2646
913
1834
2444
1996
1957
2367
2783
830
2288
1181
1872
809
538
2790
688
533
870
108
1593
2253
955
2002
161
1065
944
3
1421
2507
905
438
1150
1581
1639
1800
1272
2382
936
2141
71
984
1533
556
2070
1801
2728
2092
379
1472
2633
378
1999
217
2049
420
2809
1199
743
2307
613
1819
1926
1326
1134
2724
2560
2271
362
1519
2455
2011
2425
1542
1143
399
198
1357
2306
2609
1748
1109
1456
2819
139
976
1416
2457
996
2829
2055
2782
2029
1848
2770
2717
477
1383
1947
274
985
588
1499
2776
2186
1704
187
2504
2022
1267
2242
2699
1026
675
2787
2542
2404
1557
2550
443
1470
2617
1634
568
1464
708
1879
1577
2233
2188
573
1668
1700
1283
796
1685
480
2509
1323
1367
2486
1403
719
1979
2635
106
1543
651
1798
2538
2766
425
2085
2905
1919
546
614
621
2420
2576
1361
887
1054
17
236
1509
1169
1117
268
345
959
2671
1855
1329
2395
632
333
2334
307
2638
626
482
1866
2539
215
2443
233
1084
1400
2812
1924
126
1382
780
707
775
694
656
1974
2100
1166
1917
2488
1693
2551
2337
146
2041
140
953
1120
857
2511
927
789
739
1444
144
2145
1713
406
507
1858
840
1066
2204
1718
1301
1052
1580
1322
2917
1995
907
1549
1062
2352
1113
572
1597
2603
451
990
1615
1260
1396
2451
2745
2012
865
1028
1873
2689
1572
868
1566
1702
109
2338
2067
1720
1774
1946
63
1563
2708
1399
988
1048
901
1507
1417
100
2604
1292
2537
481
281
37
1312
2752
2564
1980
2428
459
1241
595
569
2311
1741
1384
26
2400
2020
2391
489
1793
28
1007
2072
1997
2234
2791
890
2938
1510
145
846
115
1058
2429
1968
2042
2569
1338
1934
2158
2681
712
95
1452
2498
1442
1185
275
1259
1482
2582
1846
2345
805
48
2004
1672
2695
821
1608
1200
2527
1772
1187
1830
1036
681
1991
240
1828
883
542
811
2230
991
1983
1840
2926
931
479
1328
476
1893
2562
918
1104
820
837
1616
2725
2832
1799
1202
636
2593
2168
2176
1190
2797
776
2888
297
504
609
527
1437
2206
1847
2692
2269
807
934
456
403
10
628
1826
2529
2618
1042
2680
1677
979
1288
1171
1832
162
148
55
2089
22
1711
2915
2842
2139
2659
2074
1369
2738
2007
2918
1022
2669
160
2849
1943
2108
1583
2805
674
2683
2295
2370
1875
757
1315
276
2010
1011
2472
2545
2164
2721
388
2937
180
2273
60
1059
1813
1078
2781
2419
1805
1740
678
2310
1691
1897
407
2846
619
2054
1231
1484
2570
370
1755
1226
2184
1779
1115
1412
826
1535
1266
745
1463
209
761
242
1307
1845
1661
303
2440
75
2216
2354
495
1682
1422
832
717
2705
552
2792
2195
747
43
174
528
1930
2379
1600
716
347
1111
1146
1264
591
2723
432
1473
279
2149
2477
2688
715
2482
1764
2217
2377
266
90
784
2710
397
2826
471
129
170
1962
2374
1091
1016
1842
2275
373
409
1861
2585
709
2035
2606
1061
186
2668
2636
168
2000
677
384
2516
2505
902
1977
2246
1479
2929
1029
700
2040
790
1992
1744
657
961
1565
497
2227
1107
2432
623
1270
239
1210
1714
1529
622
324
42
2427
2874
1717
65
885
1188
496
2741
2803
1358
350
1605
184
163
2393
2565
255
2806
659
2840
2194
1339
1739
2210
1660
1240
73
1033
2487
1069
1915
15
1694
1112
2876
957
188
629
458
2643
2131
2658
2665
1313
2120
2317
1414
1245
531
434
2768
2714
1206
2549
2372
733
342
2685
2375
1877
227
1789
2553
898
1536
369
1390
1541
873
2115
2282
713
1074
2700
1284
1626
2140
1156
2199
1179
2155
1209
220
2165
2801
867
1588
2764
598
1440
633
2698
1232
2331
1460
1268
2778
164
344
2446
841
36
1218
1311
2316
766
2399
600
2762
1528
317
1961
2512
875
900
1178
2850
278
206
1505
972
1230
2847
2802
392
2101
769
2057
31
732
2867
1973
1064
2202
1942
2211
2028
2615
364
1550
1786
2401
1168
1082
13
295
1184
1081
2215
1520
1567
2588
2223
1898
2939
423
286
1119
1816
2818
1909
2903
1770
2834
2702
1644
551
2033
1928
1738
39
2162
587
1325
1585
293
2848
49
256
561
1394
431
2828
2349
1514
724
926
2598
1423
101
1599
83
1088
1522
1867
455
1768
124
2749
1269
2901
672
975
1844
2610
2322
2351
839
173
2082
132
1521
2257
62
2076
2932
2122
2833
363
416
1761
1380
89
662
2376
1888
2280
1152
679
224
1090
50
396
699
2639
175
1183
1287
1018
1885
1015
543
1976
205
1759
2727
2137
2854
1454
1504
2336
2015
2292
442
806
40
802
1775
764
223
2084
1491
1019
2883
2056
746
1525
2733
2904
2800
812
294
2747
1781
558
515
1513
799
2827
1901
250
992
1560
1829
1352
310
2568
2205
1859
813
2716
2175
66
1673
2134
2237
1654
1194
1892
2520
925
2398
2413
2465
964
1975
2503
8
1587
644
1085
948
756
1757
1063
111
937
2821
2048
1393
1439
1094
2402
1910
2753
2180
315
2532
540
1988
1732
2536
2342
195
2548
2353
852
565
2259
1734
1296
2294
449
57
1899
1758
428
157
2380
966
653
1446
1441
2626
1126
2744
2434
2068
1496
2397
191
427
2513
800
684
508
2106
946
1933
666
1887
1276
1651
1001
2798
1562
2534
38
2769
2855
835
1953
1099
861
2019
1978
1767
1205
230
1863
654
2587
693
270
436
1458
1410
2866
1148
1443
2528
2126
647
2350
697
869
1096
529
23
1914
866
77
971
462
2871
2260
534
1614
2358
2424
2789
2450
1931
2051
2856
721
2378
2436
772
282
2023
2448
2506
1216
2335
2691
125
2647
2333
2073
1350
2711
284
2890
1709
413
2125
661
2853
824
2940
2245
2628
1724
44
478
894
2822
2865
2065
2247
2522
104
1905
2648
1655
1319
1219
2169
1056
2640
1370
664
263
1944
1906
2875
2364
872
2267
2251
2941
1114
1941
1008
2079
178
791
1314
641
582
2256
1256
1035
1742
665
512
334
2305
1336
995
2276
1303
1455
339
1970
1635
856
172
1344
1426
2154
2454
836
348
72
2232
987
1508
1
2193
1223
2694
1151
1687
2533
181
229
2755
877
942
390
2301
2006
99
404
2663
2368
2920
2078
1492
896
1098
1351
218
2650
1236
1405
986
2836
1990
892
2793
1659
122
1831
143
171
597
539
213
1575
2483
727
92
1415
2563
797
1526
468
299
1071
2221
1290
2722
1564
1568
327
1389
2421
156
1320
1864
435
366
759
1814
1368
1782
1612
1785
1547
152
265
94
1556
2474
1773
2268
2290
1356
2086
252
601
1876
131
269
705
494
2453
2024
575
154
2124
2408
645
2346
2720
1723
1093
1485
2922
1515
2357
1569
1282
624
1407
550
34
2109
2388
851
880
136
920
2739
1297
1043
1127
2726
729
490
2864
1242
1666
1570
726
2437
1207
1075
689
2431
703
1425
1783
968
2181
87
2090
1139
691
296
1435
2884
1271
1381
963
2654
1889
1294
810
412
466
1627
91
921
12
1971
2129
2701
1554
2058
2005
935
673
2052
1243
107
130
2634
1014
2913
367
2160
788
781
932
518
1956
1540
1763
1262
2417
640
1894
447
1222
1780
2083
1309
1340
1040
2064
555
744
138
2189
1579
815
1131
1045
876
1125
1607
2423
1086
59
2016
2661
2897
947
1432
1308
1453
1193
895
2921
594
2319
2266
1495
137
2119
774
742
2039
2878
2341
2463
2851
360
1137
939
2596
2102
731
228
2670
355
277
318
2077
1318
1954
193
2422
1279
2592
1688
437
225
760
2578
2371
2891
79
377
2510
2624
718
1865
2861
2657
2116
1317
159
1747
1391
2183
970
2666
116
1375
1003
1922
1993
974
353
1791
2013
2407
1337
1912
183
2152
1162
1727
501
1524
1531
2900
2531
1124
123
943
312
2435
197
2590
1746
1316
61
166
584
45
1397
2360
676
1617
1105
1769
2314
415
1215
585
358
264
1419
1253
827
1561
1159
728
2178
1726
2756
1623
2765
2157
1386
246
199
2031
1548
1385
2557
548
1625
1480
1921
441
2777
385
1483
461
2386
1886
1349
1836
1039
1878
2030
134
2069
1238
2908
1333
1013
2238
1186
88
2508
1192
2017
2088
2087
289
336
1868
84
2589
950
2091
2835
2519
2863
114
592
2312
2767
2771
149
1809
2252
1511
2480
1255
2591
755
1551
767
417
2278
1820
374
2869
2547
2462
2690
64
103
2859
631
1406
498
740
1481
1327
1890
982
2852
914
1870
1106
2575
304
1994
234
1121
1135
1392
2229
1402
2484
1753
2133
2235
316
1409
910
2225
346
2190
153
2873
389
2478
1512
2893
298
241
1254
1136
2641
1998
2415
1695
605
1558
128
2887
2751
24
737
680
69
493
1376
1295
933
1950
386
2687
2796
474
351
1658
1110
1602
1228
1377
196
685
2492
201
777
2735
2839
2814
1248
638
2830
2933
2144
2825
1804
722
646
2804
2622
1670
1674
18
2649
2136
642
2156
85
1696
1817
245
244
1487
1982
2731
2383
616
1247
1681
2709
1341
871
1592
1142
1929
259
1555
2286
2742
967
734
1683
670
2515
1427
1244
2807
1408
1619
1012
1728
650
1803
611
1360
81
2182
886
219
2788
1880
2243
141
1657
473
1097
522
2196
1486
1553
2179
1806
1213
2118
2594
1198
751
2919
2220
1234
2032
1449
2597
2255
2239
506
133
2667
833
1273
2614
637
326
2494
660
2607
2862
2541
652
1250
962
801
735
1149
923
1490
2340
603
335
524
1835
448
292
2025
1760
204
463
513
454
909
2892
1689
1721
2362
2161
2037
2732
749
951
1715
1959
1055
511
1359
1196
1776
2750
452
1494
2390
1692
2302
1101
822
2128
2584
2105
2794
859
879
340
320
1203
1584
1590
1788
189
2410
2713
557
850
113
359
1355
701
1006
779
1095
1365
381
1640
2283
411
1574
383
306
400
1080
553
410
2159
2018
607
2552
2315
2081
702
2343
1275
997
596
2881
532
1752
1595
2326
2737
1233
1918
778
2339
2914
1907
465
1676
1527
1903
710
1582
11
1032
1155
2043
1175
998
2308
2625
2174
1164
2359
1299
690
929
878
1632
2810
1938
2500
446
2795
2843
2499
1624
1462
308
2629
1664
2047
2489
1818
686
1122
1342
1346
706
2736
2684
2502
2623
1501
352
1637
2567
864
2439
2303
1916
1712
2330
2097
2675
1731
1896
9
356
938
2095
1465
341
2841
2112
322
2514
783
2712
567
884
2577
1516
2127
2651
469
1362
973
1530
1750
889
323
2291
1330
1258
1850
2272
576
1017
1468
487
2772
330
192
165
5
2263
1167
2490
2501
843
1882
1958
1211
617
881
1678
1092
1129
549
30
977
2931
2785
2409
1854
2611
1306
930
2678
1070
1725
954
2356
354
1076
1745
394
19
1662
422
2224
398
260
818
46
1204
2300
486
2071
530
1857
817
554
1025
2540
2672
2491
2347
2696
1705
526
829
683
2743
771
698
1923
1766
1792
231
214
319
2476
2456
249
2009
2104
1808
247
1072
503
888
803
453
2045
1263
2468
2556
845
357
2284
2332
2923
580
1636
544
1920
696
2244
2414
648
2898
251
1841
305
720
819
1618
1609
1004
2469
238
2107
762
1908
2099
2318
853
2524
424
41
2627
2686
2652
795
460
2554
989
1493
834
1902
1719
110
440
860
2209
669
2928
1128
1716
1073
2779
915
1161
2228
2473
1765
1559
1756
838
147
1743
2313
1293
1497
2600
2784
2411
2679
1457
2526
663
1451
408
200
2321
2461
2566
2458
2481
151
2630
1552
470
1663
2433
1665
1539
70
314
2543
261
2760
135
2261
2719
516
2581
2198
1332
1374
794
1671
2053
2328
521
2656
2653
47
203
2177
1023
271
1467
405
500
1251
2373
1366
1576
2447
1856
450
924
1733
1680
202
2637
1823
1291
1428
2496
1057
1638
586
1420
2298
2062
1002
1707
2384
1839
368
523
2403
1963
349
2061
1030
1020
2143
2258
2412
1118
2579
1038
1935
1347
1633
773
912
514
625
1628
758
1475
2799
1667
590
2763
2241
1736
899
763
1130
730
120
2329
1448
738
2870
2240
978
999
823
1378
371
1060
2620
2780
2381
583
1278
1265
1610
2773
325
2655
2387
1630
1212
2389
401
2201
1010
485
1239
1208
1197
1502
248
563
1571
2879
16
849
1778
25
207
1429
1180
262
1948
1939
1024
1952
785
429
1729
2662
2925
1545
2677
2460
1871
365
1170
2902
2279
2262
2264
1645
1160
1838
1621
1784
2860
2642
945
2416
2837
402
80
854
301
1364
1578
1049
1398
1274
2445
692
51
1079
1353
395
862
1965
118
2619
1154
2208
682
2150
1229
430
2361
1067
1433
155
2660
484
1471
2036
842
882
928
33
1217
2889
375
2703
2748
1884
2759
1517
723
2530
2285
2396
2644
167
1544
1488
158
2171
2899
1431
581
35
1158
2664
639
2746
940
1643
2103
2935
332
1869
2813
510
1652
825
2857
1138
1144
444
1679
1620
1157
2236
831
2595
177
787
1430
2405
1795
2059
981
179
387
847
1710
1807
464
221
2706
2559
2172
343
14
608
844
770
1787
1881
2153
418
2693
2325
380
1698
2270
1749
2449
667
571
2365
105
1077
1227
2558
2572
2616
2063
858
78
2008
1373
1224
2003
1438
1851
2583
610
2882
1195
2858
687
1937
2277
2786
2309
419
361
1141
1182
2896
1812
564
283
1904
96
2816
1604
1413
1966
76
2249
1404
2808
1537
491
1815
2219
604
519
27
2471
1116
1622
1261
965
509
1000
828
287
1825
505
2163
643
1354
2406
1220
2845
2146
2497
1949
2323
2907
1771
1235
2324
1650
32
290
2880
2599
1041
439
2676
891
1706
1596
2214
2348
2191
2254
2222
311
1874
2734
1145
753
2226
2320
863
1363
1321
560
2001
2555
257
1418
736
426
338
190
2173
1675
1796
1843
658
593
536
1348
1586
750
313
1068
1811
1802
2151
537
6
1037
499
226
1613
2187
2924
520
2886
2697
235
1822
599
916
2297
2906
67
1690
1153
2757
97
2894
2523
2021
1684
2466
2304
1277
102
74
748
1372
2117
589
545
267
150
208
2823
2394
1335
1500
254
1489
1648
2815
433
949
2475
1603
21
752
2203
2197
1191
1911
1334
2363
1034
1108
2715
2608
1506
1345
2110
488
2479
56
1285
1165
1701
1298
1280
2170
2517
127
117
2123
1257
1538
2930
309
2535
1601
2621
1794
1174
1984
2135
1523
2066
1762
2327
1591
1647
618
1031
2885
472
1900
1503
2114
969
2758
804
2438
1445
2544
1009
765
1697
211
2293
1089
2274
1534
2673
1225
1102
630
1163
2602
1021
2730
2518
2296
1214
2561
1477
1735
2212
2392
2385
121
194
893
1424
2844
2248
579
1087
1960
1837
2147
1289
182
212
1476
1629
1518
2132
258
272
1046
1969
467
911
754
68
668
7
302
2927
1853
329
1478
2080
1932
1252
1810
2525
1387
1631
814
2027
1703
2824
273
2
280
768
1172
1044
2872
285
1466
2601
1669
2895
4
958
960
952
627
1053
1459
2452
1852
2934
2817
1936
993
1641
808
1925
1304
2426
1388
300
2060
1972
922
1310
2265
1237
2200
2098
1286
2754
1123
919
1051
2093
2166
1132
232
2613
541

