1 1
2 1
3 0
4 1
5 1
6 0
7 0
8 1
9 0
10 1
11 0
12 0
13 0
14 0
15 1
16 0
17 1
18 1
19 0
20 0
21 0
22 0
23 0
24 0
25 0
26 0
27 0
28 0
29 1
30 0
31 0
32 1
33 0
34 0
35 1
36 1
37 1
38 1
39 0
40 1
41 0
42 1
43 0
44 1
45 0
46 1
47 1
48 1
49 1
50 0
51 0
52 0
53 1
54 1
55 0
56 0
57 1
58 0
59 1
60 0
61 1
62 0
63 1
64 1
65 1
66 0
67 0
68 1
69 0
70 1
71 1
72 0
73 1
74 0
75 0
76 1
77 1
78 0
79 1
80 1
81 1
82 1
83 1
84 1
85 0
86 0
87 1
88 1
89 1
90 1
91 1
92 1
93 0
94 1
95 0
96 0
97 0
98 1
99 1
100 0
101 1
102 0
103 0
104 1
105 1
106 0
107 0
108 0
109 0
110 0
111 0
112 0
113 0
114 0
115 1
116 0
117 0
118 0
119 0
120 0
121 0
122 0
123 1
124 1
125 1
126 0
127 1
128 0
129 1
130 0
131 1
132 1
133 0
134 0
135 1
136 0
137 0
138 1
139 0
140 0
141 0
142 0
143 0
144 1
145 0
146 0
147 0
148 1
149 1
150 0
151 1
152 0
153 0
154 1
155 1
156 1
157 0
158 1
159 1
160 1
161 1
162 0
163 1
164 0
165 1
166 0
167 1
168 0
169 0
170 1
171 1
172 0
173 1
174 1
175 0
176 1
177 0
178 1
179 1
180 0
181 0
182 1
183 1
184 0
185 1
186 1
187 0
188 0
189 1
190 0
191 1
192 1
193 0
194 0
195 0
196 0
197 1
198 0
199 0
200 0
201 1
202 0
203 1
204 1
205 1
206 1
207 1
208 1
209 1
210 1
211 1
212 0
213 1
214 0
215 0
216 0
217 1
218 0
219 0
220 1
221 0
222 0
223 1
224 0
225 1
226 0
227 0
228 1
229 0
230 0
231 1
232 1
233 1
234 1
235 0
236 1
237 1
238 1
239 1
240 0
241 0
242 0
243 1
244 0
245 1
246 1
247 1
248 1
249 1
250 1
251 0
252 0
253 1
254 0
255 0
256 1
257 0
258 1
259 1
260 1
261 0
262 1
263 0
264 0
265 1
266 0
267 0
268 0
269 0
270 1
271 0
272 0
273 0
274 1
275 0
276 0
277 0
278 0
279 0
280 0
281 1
282 0
283 1
284 0
285 0
286 0
287 0
288 0
289 0
290 0
291 0
292 1
293 1
294 0
295 0
296 0
297 0
298 0
299 0
300 0
301 1
302 1
303 0
304 1
305 1
306 1
307 1
308 1
309 1
310 1
311 1
312 1
313 0
314 0
315 0
316 0
317 1
318 0
319 1
320 1
321 1
322 1
323 0
324 1
325 0
326 1
327 1
328 0
329 0
330 1
331 1
332 0
333 0
334 0
335 1
336 0
337 1
338 0
339 0
340 1
341 1
342 1
343 1
344 0
345 0
346 0
347 1
348 0
349 1
350 0
351 1
352 0
353 1
354 1
355 1
356 0
357 0
358 1
359 1
360 0
361 0
362 1
363 1
364 1
365 1
366 0
367 1
368 1
369 1
370 1
371 1
372 1
373 1
374 0
375 1
376 0
377 1
378 1
379 0
380 0
381 0
382 0
383 1
384 1
385 0
386 1
387 1
388 0
389 1
390 0
391 1
392 1
393 0
394 1
395 1
396 0
397 1
398 1
399 0
400 0
401 0
402 1
403 0
404 0
405 0
406 0
407 0
408 0
409 1
410 1
411 1
412 1
413 1
414 1
415 0
416 1
417 1
418 1
419 1
420 1
421 1
422 1
423 1
424 0
425 1
426 1
427 1
428 1
429 1
430 1
431 1
432 1
433 1
434 1
435 1
436 0
437 0
438 1
439 0
440 1
441 1
442 0
443 1
444 1
445 1
446 1
447 1
448 1
449 1
450 0
451 1
452 1
453 0
454 1
455 0
456 1
457 1
458 0
459 0
460 1
461 1
462 1
463 1
464 1
465 1
466 1
467 1
468 0
469 1
470 0
471 0
472 0
473 0
474 0
475 0
476 1
477 0
478 1
479 0
480 0
481 0
482 0
483 0
484 1
485 1
486 1
487 1
488 0
489 1
490 1
491 1
492 1
493 0
494 1
495 0
496 0
497 1
498 0
499 1
500 0
501 0
502 0
503 0
504 0
505 1
506 0
507 1
508 1
509 0
510 1
511 0
512 1
513 1
514 0
515 0
516 1
517 1
518 1
519 0
520 1
521 1
522 1
523 1
524 0
525 1
526 1
527 1
528 1
529 1
530 1
531 1
532 1
533 1
534 0
535 1
536 1
537 1
538 1
539 1
540 1
541 1
542 1
543 1
544 0
545 0
546 1
547 0
548 0
549 0
550 0
551 0
552 0
553 0
554 0
555 1
556 0
557 0
558 0
559 1
560 1
561 1
562 0
563 0
564 0
565 0
566 0
567 1
568 0
569 0
570 0
571 0
572 0
573 1
574 0
575 0
576 0
577 1
578 0
579 0
580 0
581 0
582 0
583 1
584 0
585 1
586 0
587 1
588 1
589 0
590 1
591 0
592 0
593 0
594 0
595 0
596 0
597 1
598 0
599 0
600 0
601 0
602 0
603 0
604 0
605 0
606 0
607 0
608 0
609 0
610 1
611 0
612 1
613 1
614 0
615 0
616 0
617 1
618 0
619 0
620 0
621 0
622 0
623 1
624 0
625 0
626 0
627 0
628 0
629 1
630 1
631 1
632 1
633 0
634 1
635 0
636 0
637 0
638 0
639 1
640 0
641 0
642 0
643 0
644 0
645 0
646 0
647 1
648 0
649 1
650 0
651 0
652 1
653 1
654 0
655 1
656 0
657 0
658 0
659 0
660 1
661 0
662 1
663 0
664 0
665 0
666 0
667 1
668 1
669 1
670 1
671 1
672 0
673 1
674 0
675 0
676 0
677 1
678 1
679 1
680 1
681 1
682 0
683 0
684 0
685 0
686 1
687 0
688 1
689 1
690 0
691 1
692 0
693 1
694 0
695 1
696 0
697 1
698 0
699 1
700 1
701 0
702 0
703 1
704 0
705 0
706 1
707 0
708 1
709 1
710 1
711 0
712 1
713 0
714 0
715 0
716 1
717 1
718 0
719 0
720 1
721 0
722 0
723 0
724 1
725 1
726 1
727 1
728 1
729 0
730 0
731 0
732 0
733 1
734 1
735 1
736 1
737 1
738 1
739 1
740 1
741 0
742 1
743 0
744 0
745 0
746 0
747 1
748 0
749 1
750 0
751 0
752 1
753 0
754 1
755 1
756 1
757 1
758 1
759 1
760 1
761 1
762 1
763 1
764 1
765 1
766 1
767 0
768 0
769 0
770 0
771 0
772 1
773 1
774 0
775 0
776 0
777 1
778 0
779 0
780 0
781 0
782 0
783 0
784 0
785 0
786 1
787 0
788 1
789 0
790 0
791 0
792 1
793 1
794 0
795 0
796 1
797 0
798 0
799 0
800 0
801 0
802 1
803 1
804 1
805 0
806 1
807 1
808 0
809 1
810 0
811 0
812 0
813 0
814 1
815 0
816 0
817 0
818 0
819 0
820 0
821 1
822 0
823 0
824 1
825 0
826 0
827 0
828 0
829 0
830 0
831 1
832 1
833 0
834 0
835 0
836 1
837 0
838 1
839 1
840 0
841 1
842 0
843 0
844 0
845 0
846 1
847 1
848 0
849 0
850 1
851 0
852 1
853 0
854 0
855 0
856 0
857 0
858 1
859 0
860 1
861 0
862 1
863 1
864 1
865 0
866 1
867 0
868 0
869 1
870 1
871 0
872 1
873 1
874 1
875 0
876 1
877 0
878 1
879 0
880 1
881 1
882 1
883 1
884 0
885 1
886 1
887 1
888 1
889 1
890 0
891 1
892 0
893 1
894 1
895 1
896 0
897 1
898 1
899 1
900 0
901 1
902 1
903 0
904 1
905 0
906 1
907 0
908 0
909 0
910 1
911 1
912 1
913 0
914 0
915 1
916 1
917 0
918 1
919 0
920 1
921 1
922 0
923 1
924 1
925 0
926 1
927 0
928 0
929 1
930 1
931 0
932 0
933 0
934 0
935 1
936 1
937 0
938 0
939 0
940 0
941 0
942 0
943 0
944 0
945 0
946 1
947 1
948 1
949 0
950 1
951 1
952 0
953 1
954 1
955 0
956 0
957 0
958 0
959 0
960 1
961 0
962 0
963 0
964 0
965 0
966 0
967 0
968 1
969 1
970 1
971 0
972 1
973 1
974 0
975 0
976 0
977 0
978 0
979 0
980 0
981 0
982 1
983 0
984 0
985 0
986 0
987 0
988 0
989 0
990 0
991 1
992 1
993 0
994 0
995 0
996 0
997 1
998 0
999 0
1000 0
1001 0
1002 0
1003 0
1004 1
1005 0
1006 0
1007 0
1008 0
1009 1
1010 0
1011 1
1012 0
1013 1
1014 1
1015 1
1016 1
1017 1
1018 0
1019 1
1020 0
1021 1
1022 0
1023 1
1024 0
1025 0
1026 0
1027 1
1028 0
1029 0
1030 0
1031 1
1032 1
1033 1
1034 0
1035 0
1036 0
1037 0
1038 1
1039 0
1040 1
1041 1
1042 0
1043 0
1044 1
1045 0
1046 1
1047 0
1048 0
1049 0
1050 0
1051 0
1052 1
1053 1
1054 0
1055 1
1056 0
1057 1
1058 1
1059 0
1060 0
1061 0
1062 0
1063 1
1064 1
1065 0
1066 1
1067 1
1068 1
1069 1
1070 0
1071 0
1072 0
1073 0
1074 0
1075 1
1076 0
1077 0
1078 0
1079 1
1080 1
1081 1
1082 0
1083 0
1084 0
1085 0
1086 1
1087 1
1088 1
1089 1
1090 1
1091 1
1092 0
1093 1
1094 1
1095 1
1096 0
1097 0
1098 1
1099 1
1100 1
1101 1
1102 1
1103 1
1104 0
1105 1
1106 1
1107 1
1108 1
1109 0
1110 0
1111 1
1112 1
1113 0
1114 0
1115 1
1116 0
1117 1
1118 0
1119 0
1120 0
1121 1
1122 1
1123 0
1124 0
1125 1
1126 1
1127 0
1128 0
1129 0
1130 1
1131 0
1132 1
1133 0
1134 0
1135 1
1136 0
1137 1
1138 1
1139 1
1140 0
1141 0
1142 0
1143 1
1144 0
1145 0
1146 0
1147 1
1148 1
1149 1
1150 1
1151 1
1152 1
1153 1
1154 1
1155 1
1156 1
1157 1
1158 1
1159 0
1160 0
1161 0
1162 0
1163 1
1164 1
1165 1
1166 1
1167 1
1168 1
1169 0
1170 0
1171 0
1172 0
1173 0
1174 0
1175 0
1176 1
1177 1
1178 0
1179 1
1180 1
1181 1
1182 0
1183 0
1184 1
1185 1
1186 1
1187 1
1188 0
1189 1
1190 1
1191 1
1192 1
1193 0
1194 1
1195 1
1196 0
1197 0
1198 1
1199 0
1200 1
1201 0
1202 0
1203 0
1204 1
1205 1
1206 1
1207 1
1208 1
1209 1
1210 1
1211 1
1212 0
1213 0
1214 0
1215 0
1216 0
1217 0
1218 0
1219 0
1220 0
1221 0
1222 1
1223 0
1224 0
1225 0
1226 0
1227 0
1228 1
1229 1
1230 1
1231 1
1232 0
1233 0
1234 1
1235 0
1236 1
1237 0
1238 1
1239 0
1240 1
1241 1
1242 1
1243 1
1244 1
1245 0
1246 1
1247 0
1248 0
1249 1
1250 1
1251 1
1252 1
1253 0
1254 0
1255 1
1256 1
1257 1
1258 1
1259 0
1260 1
1261 0
1262 1
1263 0
1264 0
1265 1
1266 0
1267 1
1268 0
1269 1
1270 0
1271 1
1272 1
1273 1
1274 0
1275 1
1276 0
1277 1
1278 1
1279 1
1280 0
1281 0
1282 0
1283 1
1284 1
1285 0
1286 1
1287 0
1288 1
1289 1
1290 0
1291 0
1292 1
1293 1
1294 0
1295 1
1296 1
1297 1
1298 1
1299 1
1300 1
1301 0
1302 0
1303 1
1304 0
1305 0
1306 0
1307 0
1308 1
1309 0
1310 1
1311 1
1312 1
1313 1
1314 0
1315 0
1316 0
1317 1
1318 0
1319 1
1320 1
1321 1
1322 0
1323 0
1324 1
1325 0
1326 1
1327 1
1328 1
1329 1
1330 0
1331 1
1332 1
1333 1
1334 1
1335 0
1336 0
1337 0
1338 0
1339 1
1340 0
1341 0
1342 0
1343 1
1344 0
1345 0
1346 0
1347 0
1348 1
1349 1
1350 1
1351 0
1352 1
1353 1
1354 1
1355 1
1356 0
1357 0
1358 0
1359 0
1360 1
1361 0
1362 0
1363 1
1364 1
1365 0
1366 1
1367 1
1368 1
1369 1
1370 0
1371 0
1372 0
1373 1
1374 1
1375 0
1376 0
1377 1
1378 1
1379 0
1380 0
1381 0
1382 1
1383 0
1384 0
1385 1
1386 0
1387 1
1388 0
1389 0
1390 0
1391 0
1392 1
1393 1
1394 1
1395 0
1396 0
1397 0
1398 1
1399 0
1400 1
1401 0
1402 1
1403 0
1404 0
1405 1
1406 0
1407 1
1408 1
1409 0
1410 1
1411 0
1412 1
1413 0
1414 0
1415 0
1416 0
1417 0
1418 0
1419 1
1420 0
1421 0
1422 1
1423 0
1424 0
1425 0
1426 1
1427 1
1428 0
1429 0
1430 1
1431 1
1432 0
1433 0
1434 0
1435 0
1436 0
1437 0
1438 1
1439 0
1440 0
1441 1
1442 0
1443 0
1444 1
1445 0
1446 1
1447 1
1448 1
1449 0
1450 0
1451 0
1452 1
1453 1
1454 1
1455 0
1456 0
1457 0
1458 0
1459 0
1460 1
1461 0
1462 0
1463 0
1464 1
1465 0
1466 1
1467 1
1468 0
1469 1
1470 0
1471 1
