1348
2232
119
555
25
1241
507
128
372
2234
782
1392
401
571
1432
2779
1126
2649
1428
2827
2447
2919
1383
902
2364
596
2065
90
1760
2357
300
1482
1634
109
2253
474
2637
2258
1695
1758
2034
1574
1624
646
1957
1803
1818
570
2133
1071
2560
159
1484
740
1172
2704
1542
955
508
2636
2332
1577
2492
578
2928
1337
704
1044
2501
2415
631
648
1646
219
324
263
1810
1396
2255
2388
1754
2405
672
1016
649
223
1452
239
285
2397
981
2834
821
1141
2624
2549
2003
947
1179
1672
1640
340
913
22
2525
1035
216
2537
2934
247
418
501
2068
1915
2399
1723
1522
1339
150
1419
197
1880
1216
1989
703
705
787
2873
462
1136
524
1094
2744
1292
1814
2752
582
869
2787
200
2891
416
2865
2021
253
269
1310
2106
1157
887
60
297
97
2936
944
1888
117
1380
710
2794
2324
2460
2217
2892
1559
2853
2640
790
2431
2192
2925
2806
2670
1747
1066
938
1043
1605
187
895
1751
539
1841
2267
194
241
2905
225
2782
720
2544
1942
130
738
1182
1659
2450
550
205
2579
310
475
1372
1129
625
184
1406
943
2247
2236
296
1271
788
1763
1363
2523
1104
2446
1540
1586
2062
439
2099
754
2104
2108
2545
1347
986
1185
827
1491
471
157
681
2153
2792
2722
642
2773
1743
327
802
2344
2063
346
604
2130
748
89
2617
868
1777
1969
1837
885
919
2727
1564
952
2098
240
121
909
444
1202
2429
1984
910
1529
810
2615
807
2799
826
1589
2599
1156
2899
1895
1987
1588
600
1469
1194
1458
770
2644
69
2882
773
2012
918
2326
2210
2132
242
107
618
280
1824
370
1638
469
1024
2089
1606
675
395
2533
1326
2764
217
2342
2768
2054
722
2145
876
1488
567
2278
855
452
1249
114
2788
1083
797
622
706
2292
311
267
2393
835
1187
1112
1497
890
1014
1295
2161
1315
2657
1197
1109
2514
2542
521
1678
1904
634
2526
725
2808
2531
825
922
352
1005
1273
1528
693
1690
1580
1556
1134
1095
1666
1474
1495
1290
2274
120
985
76
576
1327
2743
145
1829
2798
2178
2739
1436
1718
1923
1685
1846
2556
2664
2880
1089
2666
1306
1429
814
2158
2096
1865
1336
1214
2085
2551
2398
656
1151
883
1246
765
54
433
1765
1611
1296
2627
1670
323
1541
2361
674
73
1992
520
2528
1980
776
1585
1417
103
443
1364
1218
497
1426
785
2230
2365
2334
1799
1002
271
2423
1793
2385
2103
1742
195
2301
2319
1891
357
1399
1973
224
2793
972
1759
2914
1524
1988
2228
975
315
1260
144
599
2857
2441
2712
2213
2691
371
1727
924
2006
1929
1897
538
2115
852
2443
2066
332
2136
2304
59
2305
2835
493
2204
940
1828
2259
355
684
1139
2816
2244
1788
2597
916
1368
668
1344
2263
1123
1034
1408
559
2291
1811
598
1447
1941
2941
2005
477
379
1618
2318
1833
96
229
2383
2142
717
1575
1740
336
2731
652
2923
318
1069
854
1236
2199
2530
1314
1068
1257
2930
2118
2152
514
1698
762
2465
2819
2349
2700
1418
863
660
728
1473
696
2921
1334
2706
214
2400
2457
1956
132
1247
2366
2013
1863
2071
2147
1340
1539
2043
548
1764
1715
792
1650
605
47
2729
447
378
1338
1485
1437
846
1813
1587
319
958
517
1674
670
2279
1983
14
2112
1466
1901
742
1342
755
2698
2716
2686
1110
1560
2086
2409
643
2839
2652
1572
2801
1113
2938
1124
1691
2239
2840
2901
551
2736
496
1076
1041
2426
1753
221
231
786
1719
112
1252
1857
632
303
772
1275
2338
176
1726
1352
531
2141
1341
17
1970
2265
482
1961
362
1198
1371
1773
2281
2211
996
93
1100
2848
314
360
1596
1478
70
1017
2595
1636
937
1768
2613
867
950
2680
2373
454
997
968
615
1626
1926
1291
1250
15
48
1051
495
3
339
819
1433
859
1162
2486
2574
1835
1067
1233
2137
1922
572
2105
1739
2702
841
2219
2580
2774
1902
1319
1065
1884
602
1343
305
1082
196
980
480
1669
929
2861
829
1939
2931
498
609
218
385
2049
974
486
630
43
321
153
1639
441
1163
2590
1200
1804
1878
2707
2233
896
2407
2760
2131
353
917
1827
1749
1049
2004
1544
2711
1921
2940
2902
1143
1950
2818
1662
1736
2568
258
292
931
2303
606
881
2218
2564
2915
1230
2830
2724
2606
1959
812
1438
1707
2829
1219
1054
2387
2110
2411
411
2855
2477
1477
816
2761
1986
1325
2881
1465
1142
1212
1721
2621
236
2355
148
1798
2470
2648
2167
1616
1324
830
276
2877
238
2646
844
1620
377
2468
2444
1812
51
721
1279
2076
317
993
1297
1781
2453
2091
1852
633
456
1114
777
2467
1490
312
891
856
1267
1871
2650
831
1990
65
2309
1898
2327
671
838
42
85
880
1772
2587
2197
1808
386
1549
1145
2823
948
1471
2170
2910
137
1543
1509
749
2215
1700
2174
1258
1220
2868
1966
2242
1476
2375
1025
2347
2298
1377
2018
2721
289
2884
215
1248
1166
1614
2641
1205
430
189
1782
708
279
1706
2300
250
2503
715
1255
1266
72
2728
201
2869
2313
2015
862
2546
2122
2059
992
1440
2589
1122
1147
166
2867
1538
1189
2417
2683
2395
1946
750
1381
1655
80
2392
2614
2455
463
2151
99
2042
781
2464
1885
2558
2815
1434
1400
2870
2031
941
2331
1682
904
1916
108
2836
209
83
102
2360
2723
2527
2725
161
1725
901
669
1806
2040
210
1755
664
2826
1152
969
1013
115
687
1470
2023
1475
2454
542
1730
2221
2488
381
2825
2041
2495
1831
170
939
1287
1506
1091
1010
1656
1872
2169
2224
295
2518
2129
464
1800
31
2438
2288
1479
1592
875
2107
2688
926
2842
2246
1953
2605
248
1637
2220
1370
211
2497
1170
1401
726
2847
2851
277
1732
1836
2314
49
2011
420
1566
2726
446
1208
2790
71
2569
1382
2696
397
1199
18
1519
640
1686
44
1359
1009
1858
457
1862
1102
257
1457
2517
1555
1516
1548
343
182
2050
2289
1301
2831
1411
1879
2120
2061
453
1844
2458
2084
1251
2445
871
2020
1
1386
1118
1374
234
2783
1998
2498
824
737
682
2628
2182
1460
2435
1164
1714
2413
2534
713
1130
1028
1903
35
690
1889
177
2473
2487
1789
960
41
2478
1222
1741
1909
436
20
2900
2554
380
2325
1595
714
2268
1221
2734
1045
1883
1712
82
509
2194
503
2502
1012
2391
1106
2922
1169
373
2757
1430
2163
24
2320
2186
2380
1840
1680
2113
1378
2328
2323
26
1545
1536
468
903
683
255
64
2786
2811
1801
989
1416
1554
1689
1958
1599
2206
653
448
994
206
1603
2029
789
2708
1649
1756
1282
544
245
2135
840
1131
2207
213
2226
67
2143
563
2266
384
761
2604
2420
383
1694
1263
923
2017
1176
1425
2343
1778
1303
1848
2341
36
490
341
1362
55
405
2802
1654
1226
342
349
2854
1527
2058
2668
590
2060
419
1431
898
2908
2694
2841
2036
1697
1625
2286
1357
79
1816
2663
2165
982
230
1716
1717
1597
2809
1643
2720
2171
2419
2715
2699
2030
711
906
1455
1462
745
2140
1105
2474
1070
1510
1184
2358
1744
1261
466
1945
2639
1887
365
2183
2025
2227
962
1331
1165
560
2295
1641
1125
1766
1805
744
1819
1486
2856
172
2356
1188
793
1979
1097
458
2656
2330
40
2520
2859
553
2496
1270
1358
399
2345
1048
2452
1308
1389
2238
2578
2044
2539
978
266
299
2896
1687
1277
1207
2770
1683
2283
2927
302
1633
1938
1154
758
1976
1658
530
2561
817
2571
667
565
1253
2612
1223
729
1443
484
354
445
2093
1932
984
2513
964
1304
2705
836
32
1190
624
626
2014
1038
325
569
2254
853
733
575
1320
1610
1622
2008
2081
251
1847
1757
2440
843
2150
2755
1042
2177
1211
1520
870
228
1168
1240
2885
75
2767
2632
1360
2862
233
1722
813
1346
199
2245
1355
1448
1021
243
645
529
1062
1183
608
764
2272
849
767
2126
806
2662
2109
286
2505
1534
1553
298
2052
893
2672
712
2540
1385
2703
58
1423
473
616
2669
1623
2414
1332
158
558
2813
1838
2671
1090
1515
478
2144
2436
2638
2442
920
515
2075
348
2372
2742
1809
434
451
2073
2553
442
2879
1963
588
2475
2665
2695
2038
2482
593
1422
408
313
2750
1504
2202
1550
735
1456
249
162
1710
1999
1513
2754
834
1209
2229
1394
1369
1771
751
27
1993
1302
1403
2508
30
2660
1031
1414
273
2422
543
2616
2515
2195
2390
2821
2284
832
2277
1050
483
2898
2080
489
1978
2164
494
581
897
583
259
2626
1293
426
2692
2296
1137
1784
2302
1193
500
2
1039
2812
1703
2463
369
66
1177
915
283
2557
1720
1108
19
1398
74
94
2709
2837
1171
2871
2658
759
1630
361
2753
2461
847
1224
1965
2088
1709
1761
2083
1769
142
2269
702
858
2160
1661
2394
657
1807
2057
425
56
1823
2428
822
1570
658
2416
2285
1936
900
965
2499
2185
256
877
2875
151
2371
2888
1487
2588
556
1693
1409
262
1505
2282
127
2191
2437
2846
2789
1330
467
1704
823
2352
2577
1148
833
1356
275
2858
2046
641
141
1893
2833
2119
2824
1313
169
1453
1158
2887
105
1318
2771
2937
1262
966
1135
481
1775
308
2404
1873
1928
2733
367
2713
306
1918
991
1525
1881
16
1242
1854
1311
2382
1705
134
281
771
818
1591
2033
1232
2317
237
1600
2939
1085
1868
2493
1728
1116
1792
2354
1322
2308
1790
2675
2102
1547
291
1264
2506
1237
1688
2480
1018
1393
2290
1192
2127
1059
1498
106
2053
252
2448
347
970
2252
376
235
1861
1307
1483
2635
546
412
1388
511
1075
692
1040
2576
1087
1911
532
1839
1186
113
2582
2412
190
2367
1972
2037
2555
1692
595
886
627
1228
2732
2307
2522
2287
2535
1006
2166
2418
513
1132
1349
584
1329
2056
2045
2087
528
87
1648
2756
38
2410
2697
1518
1937
2681
665
2886
1397
1652
173
427
2714
586
549
2677
2067
2490
1913
945
873
865
2719
2381
1647
1523
1671
1676
111
1000
2240
364
2421
2260
1079
1493
1920
2223
2402
2069
28
9
1905
459
254
406
152
730
2425
2563
2929
2193
1461
2121
1160
400
227
1568
2918
934
2878
2685
1300
2124
2926
2701
1309
2386
1033
756
1947
1668
1713
1796
2216
1770
872
1613
431
2095
2766
1196
1074
2807
2805
1795
791
1962
1919
1225
2548
697
1167
2032
2299
1702
1974
261
88
390
1446
967
122
1925
2521
949
1449
628
1571
1968
2310
1086
510
2654
700
957
2661
677
2187
422
164
1080
2154
396
432
1463
1201
1935
375
2920
2796
290
2511
731
1512
2297
1615
2114
1412
1481
594
2094
2749
757
769
492
1101
2893
1619
1268
523
1794
1845
2516
2271
1627
1502
278
1832
1088
1952
1155
2256
282
2935
979
2369
661
1231
1140
2322
2134
732
2775
1632
2485
1631
1551
2353
1948
659
554
1914
2687
637
820
587
2804
2198
265
167
1391
270
699
2156
2466
2261
393
154
2406
804
1507
1521
2598
160
1421
842
2363
1312
2762
1203
1500
998
2629
2872
518
2572
100
1681
2306
1191
603
2090
264
2146
2751
959
1696
512
2512
1609
2257
1995
763
2552
188
1099
921
766
2251
423
1982
1552
2237
753
1073
1604
2273
644
1078
2180
7
2231
808
394
1056
1907
1286
1472
2538
1259
1375
1387
1511
2785
2471
2339
181
163
2159
2911
2758
284
62
613
778
198
460
1120
780
2693
2070
1019
828
2838
1954
1673
1711
1289
2348
84
1876
857
407
116
2573
839
2491
1590
2909
2710
2368
465
2611
183
2459
2479
953
2832
2622
1276
1526
146
149
2630
577
976
1265
1774
57
155
2225
413
2117
2676
1003
2078
1243
935
2738
535
2532
1537
2123
592
1780
796
1298
2472
1030
541
639
573
449
747
294
387
811
1665
1567
1573
1144
21
398
2608
104
809
784
621
601
2451
746
2904
331
2924
795
1731
2047
1499
2149
1535
1239
1955
2820
301
1345
136
2101
1997
1830
1994
636
1960
1373
329
951
1562
1413
1576
1480
768
415
1593
293
1701
2642
1546
309
1565
2659
2591
1917
485
1284
1244
580
1173
912
629
2035
1379
534
2333
2243
2500
1229
2168
848
351
2559
1361
2803
125
888
2462
956
1450
1424
2852
204
2401
1053
2596
2784
741
2769
140
2026
932
1323
2822
2678
1138
2917
1366
1971
995
1675
139
2780
1037
1468
723
359
2864
124
1584
928
2079
1894
1783
268
1934
709
2600
1180
320
1745
5
2111
502
1395
2175
663
2689
1679
1435
1849
1272
86
1791
1444
990
2235
174
695
344
322
1924
2747
504
678
1496
135
673
2456
1093
1677
2504
1057
2350
2895
92
2250
927
123
1445
1851
1991
1027
101
1402
1940
2484
743
403
1489
662
1601
1159
874
2814
2370
1867
2351
1933
614
1896
2016
794
2519
1684
81
679
2378
1215
429
1644
2205
2262
1285
391
244
2655
1699
2010
612
2138
1181
2592
527
2781
1098
936
1494
2863
2200
2570
1133
925
203
350
2329
2439
366
2907
1826
37
2248
718
2276
417
2679
2481
77
1859
1842
34
2674
522
907
168
946
2543
8
175
2082
2181
2849
1441
1906
2541
2275
1026
977
1943
288
930
333
1206
2340
971
2653
1908
905
1081
607
2620
202
1001
499
1072
226
232
402
2609
165
10
2912
882
691
2019
1503
63
2776
619
506
536
611
392
45
2176
2072
1629
1064
1103
2843
438
1047
1492
1598
1023
2024
2494
1802
414
752
95
2376
1384
727
1594
388
220
287
2883
1612
1317
1733
1746
861
1514
2280
428
2055
2173
1354
2190
2396
246
2264
345
1645
2594
860
2100
2510
2828
410
1930
389
1022
1353
651
1561
2567
110
2315
1981
1316
650
1843
358
1128
1467
2682
1115
304
803
274
2139
2565
6
2172
983
2430
2346
1058
1660
1084
2906
2684
191
783
1020
326
1459
1063
1036
688
2735
2566
716
635
307
212
2584
1146
91
760
1931
2933
1533
2509
579
2074
638
2184
1579
676
424
2241
1877
892
1029
2384
2424
680
2433
1815
547
889
2097
1238
1834
2128
698
1767
2645
2449
1944
450
2647
1117
933
1517
2737
1724
1234
516
2524
118
455
98
2860
864
1864
1975
1752
1269
1501
1910
1508
1748
2772
171
1787
1886
461
2889
435
1227
1977
845
1367
337
1178
1855
179
2249
2623
33
2634
878
1850
2601
1583
1278
1735
1817
1333
1581
13
1860
356
1150
1235
2876
129
719
2625
2763
1663
2673
208
1254
591
2740
1407
39
2894
850
2583
1820
2547
2028
1602
1563
1404
193
1822
2316
537
1283
988
961
2408
1149
1856
1052
914
1532
798
1111
589
1642
1204
1967
2810
2777
1077
2027
335
1121
1427
61
987
2009
597
2162
2196
50
1890
666
2189
2562
2077
1046
1853
2389
2903
1664
954
1451
1653
1882
1607
2529
2717
2209
222
68
2222
1785
1288
525
2795
540
1797
686
479
1869
2469
1821
2745
1951
2212
2092
1617
382
2377
2778
2897
409
2022
879
1245
2791
2718
585
2125
1558
1092
2489
1996
1454
1870
815
1825
1582
328
2602
1305
2603
1420
2483
1376
52
1738
1299
1569
2007
1892
143
2890
1737
138
1708
440
1621
1410
620
2916
2765
437
470
1530
623
2403
186
2748
1949
23
505
2507
739
1651
421
1195
564
131
2293
491
2607
908
1390
574
1667
1321
2845
1899
568
363
707
800
2619
561
2362
126
774
2179
942
1786
2311
29
2155
1055
2651
685
899
1365
2631
701
1439
46
973
1350
1015
775
192
963
2051
1608
799
1762
2575
851
894
2335
1175
557
1779
801
1060
1119
545
2633
1335
2817
1415
2157
12
368
476
1153
1866
2148
178
1734
78
316
2201
2321
2039
2214
334
1213
694
2064
647
180
11
736
338
2932
2610
2001
2874
1927
519
2550
488
2593
2730
884
2337
837
655
2208
1127
2188
487
472
1750
533
1557
2359
2618
2797
2203
654
2427
185
272
734
1174
1875
552
2312
1729
2379
1256
2586
805
1328
866
1531
2336
2800
0
1912
1107
610
1464
2270
2759
1004
2741
1161
2476
1628
2536
779
2374
2866
1210
1964
1008
1217
1351
1578
1635
4
1900
2746
1294
156
2000
1280
374
404
2667
1007
999
260
2585
133
2434
526
1281
147
1096
911
2913
330
2690
2116
1776
1274
1061
2643
2002
2048
1405
1874
2294
1657
562
724
2844
1011
566
689
2581
1442
1985
207
2850
617
1032
53
2432

