1408
811
1102
2159
2545
2927
509
891
2824
201
2205
857
884
1989
1754
1908
393
1476
2267
844
1008
227
2184
1745
2328
2163
931
2502
963
1901
2635
2208
2068
870
1287
102
2631
337
721
1568
2941
2549
1434
88
1022
2423
1252
732
888
2129
1011
979
2906
1243
743
2610
130
1713
600
183
1084
1817
1537
1429
1978
319
2772
2082
2442
2928
2003
1460
2051
1403
2738
1113
2096
1087
2496
2629
62
1050
2920
2192
2763
1549
560
2197
1345
2441
1250
908
1842
2724
279
468
2896
1034
2669
1818
2152
2576
2874
1624
659
2693
2279
1762
1253
1153
1172
530
1621
2560
961
1360
2288
435
1435
1807
1876
2015
2691
889
2002
2397
232
1202
852
1711
1501
1759
558
2665
1854
2499
2086
1643
506
2283
570
638
1282
2339
199
1272
1751
754
1227
956
1924
2802
2383
1461
2926
1583
386
1291
1972
2167
2017
2770
142
2023
2804
2743
1107
2310
2902
1068
694
2316
318
1439
2444
2684
1894
1111
1480
1597
2398
2832
136
536
2671
2806
2578
719
2529
1133
2712
1707
712
1473
1641
2492
2183
1775
950
293
2579
807
2884
798
1110
1103
1618
2074
2056
2232
36
2222
841
167
237
2210
1505
196
2290
2848
117
108
172
2151
1411
2642
2859
937
312
2580
843
1092
726
177
160
2190
1123
59
1644
316
272
1934
2841
2296
2581
1786
869
799
916
749
191
2231
1211
2696
1787
553
2566
2917
2516
1443
26
251
917
2377
1029
2739
677
217
812
2518
71
1710
2471
824
2497
1095
1309
1099
1608
367
673
1121
1184
672
2438
1185
1421
1923
2720
1165
1230
1674
1128
2583
1861
2729
2416
670
1116
1442
1014
1907
1096
1244
681
147
603
1285
620
2358
545
2092
2007
2810
761
320
2351
1225
526
1149
885
742
830
723
449
1516
842
1722
1335
1564
602
428
2348
1136
42
2877
2922
773
610
383
2013
376
30
2752
1112
897
2807
2611
405
1389
2236
1581
2733
731
839
2852
1173
9
304
244
481
450
2378
630
663
464
1933
115
1325
1175
1009
216
2638
483
641
2781
1877
2098
1559
2814
2608
2632
649
1805
451
808
2546
203
1866
1658
233
763
1793
354
959
94
1072
2878
1781
1691
2639
2607
434
2895
847
64
833
919
2869
2643
1263
330
1290
2381
2170
2552
1605
2266
1368
935
2146
2403
1999
1837
236
1348
2595
1321
2265
1163
2528
1849
122
1470
1690
2433
2603
1616
1498
762
690
594
1169
2432
1399
2530
1717
209
765
1071
1351
2334
1720
2138
2849
801
2426
522
306
2285
24
1132
1984
2818
1338
1081
1990
606
1680
1601
2679
2575
1788
2181
858
1630
357
1324
1935
336
4
2249
1515
1675
2214
955
394
976
1590
2847
2687
1224
2274
2469
1588
1649
1743
1468
2748
1154
970
2410
623
1548
2058
2570
249
2078
2212
1792
1928
2191
2914
173
1902
582
655
665
2440
17
1219
2
1109
1010
1681
964
2109
1584
2722
1024
345
921
2030
485
2025
2784
877
2561
2091
1518
2839
2478
281
2809
1201
2889
1512
1772
29
1478
1467
2727
592
2685
1824
508
1057
2445
2522
1495
2650
1431
1945
1233
2783
123
942
2036
767
2095
2449
332
2104
2625
2695
1656
918
438
1596
158
2596
2568
777
1524
364
1459
1477
2745
952
2689
297
204
632
940
1300
668
1954
666
1458
1617
2606
2875
1395
2450
2180
2396
1146
2867
1322
2767
2244
282
640
2885
1213
667
2346
2489
1937
1003
980
2840
862
2582
2755
1302
131
2719
2794
2144
2094
2892
189
2125
1573
519
1387
1859
1979
2195
759
856
289
1268
755
1006
2563
573
1739
634
571
2178
612
370
1192
1563
2676
2309
2780
1826
2900
2162
1066
751
1536
669
210
1774
728
1589
1693
1741
1677
2024
2815
1234
504
1951
505
1687
1004
2123
2207
572
2523
456
2618
1582
1100
1953
531
2268
860
1733
308
1380
991
2718
645
2261
1354
1874
1296
419
2795
2464
2828
2413
2656
586
989
1108
2817
1970
2188
1349
1496
1005
2234
1840
120
2412
465
2461
2648
2419
2655
473
585
1401
1959
1602
2072
2476
50
2744
2600
1527
2193
440
2114
1642
140
1554
2256
1474
882
2613
2789
648
1532
1355
965
985
533
264
2820
2187
1659
1947
2070
1749
1044
933
774
2651
2028
1700
2073
1965
2706
511
1013
790
1198
1174
1386
2653
1535
785
867
962
8
2910
1631
2137
47
2491
2154
836
2547
538
2000
2468
84
1352
810
853
1405
2862
55
1269
132
2765
2240
2466
79
1906
44
1639
170
958
2121
1423
1667
1056
569
2032
1864
1857
1144
495
255
2131
2472
1365
2876
1499
2678
2654
1607
501
1398
307
579
70
67
2503
834
1948
874
2364
2463
2905
1756
2336
772
463
1821
2911
1832
27
806
141
975
1297
2079
1101
1613
1750
2031
794
544
2342
1998
971
2753
737
1606
2808
178
2113
2388
2475
2164
2652
1629
2140
1950
223
2504
503
865
2933
222
2417
864
943
1067
2587
340
1489
566
310
948
1093
664
2860
1779
2443
2141
1374
995
2112
2756
1168
2314
598
2865
230
2924
906
2340
1860
2866
2282
1359
2507
2093
2203
1969
2913
2437
1428
2771
2424
1896
208
1407
2020
2713
11
110
1416
2621
7
1350
2668
286
2186
2557
2829
766
1281
1311
1718
1231
2524
2747
1886
334
2935
2409
2624
190
482
876
2120
1251
1117
2239
2883
1138
1492
2769
1635
1593
1747
2605
342
267
82
2330
2558
2272
2102
1204
2363
1520
432
1609
2811
38
1967
2103
1672
591
2761
2108
2604
1736
2677
1769
2553
109
1082
1139
947
21
2035
1566
1210
786
2420
2536
2484
2394
476
1156
1027
629
1303
2930
2253
2218
2042
2550
258
61
907
2457
1798
2879
2312
2822
1070
717
2408
2415
1897
96
920
69
1600
28
368
1320
793
1091
525
2071
2213
2401
590
1448
2735
2360
2229
1702
1001
1090
2456
901
2375
1763
1863
300
1381
816
1
1318
1023
287
2148
1692
930
2370
1088
581
225
176
705
1620
2037
372
1980
2248
1016
2223
408
783
537
1397
2353
1949
689
2870
1150
1059
730
1436
1319
521
1753
1315
903
2379
181
1939
2124
491
1119
1456
2907
333
205
680
2374
2012
1697
1394
413
1625
909
1812
1550
119
2799
1538
1340
1851
392
384
2252
2589
1565
992
302
1770
1709
2843
892
2715
546
2797
1475
415
2202
911
2393
1295
2047
656
1307
2087
366
95
20
113
127
1689
313
967
18
2667
498
1415
998
253
2542
1884
2559
2004
2255
2894
2863
2291
221
1157
2101
2046
2750
277
1402
2407
611
12
2597
2909
851
2731
1808
1114
1696
1122
2760
374
946
738
1191
479
727
379
2766
1632
1723
157
1164
1055
1869
1943
549
2494
494
2723
2620
1811
960
2357
2335
2673
1245
1541
2235
245
1879
914
941
478
1544
1506
2300
2473
2709
1039
1427
2128
2269
1217
323
2842
1073
129
2132
2372
528
2762
2826
2076
2705
1735
1264
2757
637
1166
741
1199
1323
646
1466
1409
2505
2622
436
1329
2825
1012
1962
1732
2293
913
155
685
1221
595
1519
2329
389
1246
1766
1981
2199
2602
2532
2422
1137
1209
2511
2779
1079
437
1124
1129
1509
2311
2066
2133
716
1637
740
349
2166
85
2010
1885
1612
280
1703
1800
2362
2617
543
758
385
2861
260
1731
932
1638
339
2657
90
492
1553
214
2773
1384
575
1017
802
898
1795
362
1804
2540
99
1918
1875
1118
1728
371
2387
1725
661
2601
1151
710
1752
412
401
429
2609
780
2555
1385
697
1611
493
1539
593
423
1982
1971
1404
2216
871
103
879
1558
1493
722
2065
2402
188
1248
497
1278
150
1392
328
1438
2245
347
1265
128
285
2850
2594
2318
1942
234
274
2155
2111
424
2331
1347
1997
2332
1626
1847
747
246
2467
554
2228
1406
635
1379
1504
2768
1310
124
2845
714
294
825
2593
2741
139
1615
760
2050
1419
1926
1155
2854
2286
56
608
840
1785
1078
98
631
399
1232
256
2110
363
452
441
1465
382
1927
1207
2242
1043
1271
2399
480
831
983
984
1446
295
51
1259
2257
1825
951
1782
987
369
1247
679
1187
261
1912
1339
1294
1106
929
152
2177
1533
1809
1988
2637
2145
1622
1375
2474
2459
2626
1160
33
814
2143
2344
164
1755
895
2786
427
827
748
2122
1457
283
1048
273
996
2337
687
928
1342
1669
993
2289
161
1089
1378
2026
1054
1299
341
633
400
861
1236
296
510
1254
699
2352
2343
1195
756
517
1445
1235
2480
2150
1451
564
2105
711
2775
997
1892
116
1572
276
2356
254
733
1222
2063
1855
902
746
1194
411
1262
769
391
752
166
1257
1930
515
430
2165
915
343
2916
2345
454
1555
1873
1666
1701
1240
1276
2838
2161
2921
284
1343
235
1848
2384
2001
1317
2448
2033
263
1806
259
1699
693
1077
2361
2513
890
1280
925
2672
709
2534
2853
2574
1578
676
615
290
416
2117
1604
2090
380
74
2819
829
1507
2237
2754
500
2019
1424
1047
1065
1986
1726
2355
1026
2243
2196
2083
35
2060
966
1552
2506
1142
2325
2215
2918
626
2156
2260
1870
2703
165
2662
1214
1120
459
2436
1353
175
2490
1258
2936
1660
1483
1827
2702
1670
43
1956
2509
1835
2510
2565
1036
622
1212
1316
1304
2577
1238
695
89
1038
146
2430
2278
1882
1665
1678
2564
691
1471
145
1256
924
431
229
2512
48
1484
599
2831
2572
206
2322
2080
698
1033
945
1686
893
820
101
1905
2599
23
2160
1557
445
80
2725
2088
1060
1313
2694
2525
720
2326
1330
927
2821
2139
1266
1834
588
986
2538
1237
2386
540
938
218
0
2341
660
2453
534
2371
1085
1517
448
2736
1035
111
2292
1479
471
2633
329
1037
2554
1376
1822
475
1973
163
529
2700
912
2198
1486
2258
1331
556
2932
2645
2221
2539
1361
1633
878
2898
1890
2697
2541
1768
1542
156
1904
518
351
361
2787
718
2153
561
2390
2567
2452
1919
1551
499
66
516
1314
22
642
162
771
1796
1063
1843
1529
2052
614
462
1844
617
126
1712
684
388
2142
2813
706
2737
1966
1301
2276
1019
1668
303
1977
674
2053
238
1041
1932
326
335
2176
863
1260
2714
1305
1790
696
636
1270
768
1490
1679
2391
1587
2048
2040
813
688
1546
2716
2247
2881
2527
2934
1417
512
2069
2749
2543
1730
2006
2350
159
78
1051
1469
1891
2519
848
1177
2206
2369
2349
2482
653
248
2659
1308
2136
1042
77
1592
2434
268
815
250
524
1816
1852
982
1148
52
683
1987
2200
472
143
467
1915
1976
2498
2217
568
93
1708
2500
837
2251
2533
1858
358
2447
2171
2778
134
439
46
2537
2486
2846
213
1586
1652
944
1000
1671
1366
1364
551
2431
292
469
1223
1523
1562
2508
1273
356
1216
2791
1241
2726
1957
2313
1390
118
1162
1872
850
1170
2734
2327
2647
1312
1887
1382
639
381
460
2740
2777
2168
2548
715
994
2636
1994
207
1636
2531
2204
2535
359
114
1080
409
414
321
2173
309
2661
1983
2857
324
1383
2425
682
19
1921
2405
1393
2107
1695
1676
1964
2663
729
2641
873
784
426
1454
1333
972
1765
1833
1341
350
53
2347
654
186
344
242
2704
1698
121
211
2219
1683
1653
1729
1556
1346
2520
1425
2428
781
1488
1206
2864
91
1944
1883
547
1995
149
425
2382
1889
34
154
2759
2812
1888
624
1734
2830
1171
446
301
1662
1306
2429
198
457
2460
658
1127
396
404
1910
311
2708
252
1688
1193
900
2844
1871
968
398
2270
2275
352
241
701
2698
63
1595
1828
2277
597
1208
1105
2623
577
2742
39
2054
1560
1530
1714
3
828
1724
1058
2194
1651
2321
704
1261
2591
1200
65
574
2517
1706
182
651
881
2385
265
1462
2406
1069
1830
2297
2009
2287
1046
2367
1074
1145
355
455
1152
410
1367
2521
1086
1197
776
1441
1190
2317
2323
1580
1396
1571
331
1867
2106
2658
2435
2304
1992
1920
2792
513
1936
2674
1543
1485
990
563
2682
1076
2333
375
1344
2049
565
1646
819
2686
1511
107
1974
151
849
2664
105
1881
2366
619
1229
1823
1650
2301
1134
787
2710
195
2627
791
486
470
1594
444
1868
1377
1623
395
886
1862
461
904
2395
81
2254
628
643
2692
896
1279
1917
2057
1721
1661
652
2011
686
86
2172
868
2827
1049
671
859
2903
2455
887
2411
2479
1684
407
1598
1277
97
789
1760
657
764
1414
562
2501
2439
1130
348
1757
125
1526
2179
322
662
2640
2458
609
1819
2039
40
1780
1140
1640
219
2837
926
68
1482
2649
922
2368
2515
220
1938
894
2919
1181
137
1094
2233
2227
1899
2238
2211
584
2585
725
1791
1455
1410
1880
378
1189
2880
72
305
2115
2022
1831
240
1500
231
1814
1705
2182
373
275
576
1481
532
739
605
228
1040
1326
1716
2135
2485
539
2711
2680
397
1179
713
2897
1813
433
1682
2338
2890
567
2225
2899
10
443
2454
2084
1061
474
1464
2584
1327
1836
2018
678
2858
2061
2893
1776
2230
2721
2034
1645
587
2588
169
1015
523
418
2306
988
2873
422
2189
54
2389
795
578
954
1719
949
2477
1540
1178
2201
2246
200
2462
180
2169
589
1371
999
1647
315
1182
583
621
1420
2127
1453
535
262
1911
2305
2029
2931
1941
805
1960
2259
1801
804
2796
818
2871
1284
2414
1356
2359
92
2793
1993
1764
1929
2081
2320
1900
377
1514
2562
607
1619
1767
1357
2666
1176
823
910
953
2592
184
2147
1030
1685
1028
1893
1648
708
1903
2660
835
466
1363
1183
934
1778
1829
1125
2823
1064
2872
197
1292
2224
2785
1400
2929
1925
2912
215
2701
1916
31
1585
2089
299
1603
702
2707
224
832
1784
2319
2100
1704
580
1810
1239
171
845
37
13
1502
969
2551
2834
1289
2699
2904
1895
846
1337
2800
1528
1158
447
2158
2855
1161
1369
41
2045
2421
2262
550
2630
458
57
269
2077
2774
135
2598
613
1845
2634
1746
1098
2373
1922
2280
1332
87
1715
49
1627
2284
2175
1020
106
2451
2908
1362
1188
2055
1958
736
1487
365
1358
973
1147
1336
2097
148
1657
936
1131
2134
1422
83
875
487
270
1961
75
2075
2315
484
2573
387
1373
2465
2446
1909
1135
800
2901
1738
1634
1547
360
2751
1449
502
1913
1426
1531
1388
2014
548
168
15
770
2149
1576
1975
2354
1856
2271
2130
60
76
2085
2400
1203
1991
2688
2281
735
1418
1228
618
1525
1931
1575
1664
420
421
2805
2746
2886
2514
2758
2868
744
552
1522
2299
187
2365
2803
1853
2427
2404
2590
1878
2556
1952
627
1053
542
2798
1503
2891
507
104
100
1021
153
939
403
2226
73
1742
6
596
1433
1472
1007
555
750
2263
1391
796
923
2776
2717
1789
2298
257
1494
1773
2788
2483
14
417
2940
325
1655
2615
489
822
2628
2937
1963
707
1799
2571
1758
977
2005
271
2856
2670
1126
2833
625
1196
541
1097
1748
527
2915
2612
298
2295
2487
1205
1447
2027
883
390
2062
314
520
488
2116
288
2887
2157
1521
353
2728
1274
1052
1159
1838
559
1591
1865
2209
2495
880
1463
981
778
133
247
32
1802
1898
1740
2939
2882
2614
1841
16
604
2835
1412
2099
650
2493
2730
1450
144
1293
899
1579
496
1497
1610
1508
226
239
193
2250
2481
838
138
1815
2923
734
1334
1220
557
1437
1569
477
1045
826
1513
1286
2380
1032
2586
2888
2220
724
1761
1298
1820
1025
2119
1180
2118
821
803
2616
1996
647
2064
406
2059
442
112
2764
317
797
779
514
2790
2801
2273
1673
1794
1968
2544
2782
1694
2569
2732
1104
753
2126
700
2008
1141
2526
1803
2470
58
2307
757
675
1242
854
703
327
775
1567
2675
2294
1031
1846
45
1744
402
2067
1570
2938
855
346
872
490
2174
1914
185
1328
1372
1115
1727
2925
1143
192
2016
1737
2302
1267
1430
1215
2041
1663
2681
905
243
1614
1226
644
1777
1075
179
1444
212
1249
202
809
974
2488
1283
1561
1783
2308
692
2619
2241
2683
2303
866
1452
1839
788
1432
1599
782
2816
1018
291
1771
5
817
2376
2264
278
1167
1534
2044
1370
1955
1510
978
1275
338
1946
2690
2418
2392
2038
2646
1491
1574
1218
2021
2851
745
1288
2644
1850
957
1654
1940
616
1797
1186
601
1577
174
792
266
1062
194
2185
2836
1985
1545
1002
1628
1255
2324
25
1440
453
1413
1083
2043

