1545
2636
1578
1687
1689
308
1000
565
2463
513
9
1938
91
2385
692
2197
2249
2404
510
1758
1043
2317
2773
2386
2768
2026
2452
2467
741
60
2236
1213
2662
1379
2571
1117
1767
1534
2455
823
2211
1045
2553
1757
1366
1160
2620
2344
206
229
2616
2927
2887
952
1218
504
1796
287
127
456
562
603
886
1118
2132
1919
1597
411
1135
897
736
2809
1819
1961
2855
1523
784
1207
528
1717
1992
132
2173
1752
2312
523
1636
2527
556
2656
1971
2805
1179
2270
2327
2318
1446
1880
1929
681
709
2670
2721
957
2909
2406
210
2798
930
1790
55
2572
1383
583
2546
294
2423
593
0
2222
1590
1889
1595
1942
1836
1358
1652
139
357
318
150
290
2284
53
2089
1984
1763
574
2479
2143
2506
588
59
399
1266
2067
2363
1878
751
502
2674
2216
1540
2230
1751
304
1665
1232
894
72
2290
597
217
730
2482
2886
1491
669
395
1029
349
1682
542
649
1121
112
1746
1187
696
240
1946
908
145
250
909
274
2813
2477
2408
2779
1496
516
608
2241
275
1246
2696
1700
2444
452
1072
1831
530
2445
119
496
2856
155
2011
1254
677
750
2332
492
2322
1123
1340
2841
2861
514
1512
252
2845
1377
2597
335
716
46
717
554
1900
2504
151
715
1943
118
994
2292
1277
953
884
774
1852
1304
2450
2140
2174
1832
1835
1066
1196
2314
410
2183
2324
2185
2301
1183
2105
1991
1346
762
1276
1722
1920
63
1170
2243
874
2545
1959
1418
17
939
2526
2238
289
2038
1881
2544
2303
2758
2816
2024
2349
2920
932
2081
578
1433
2730
51
354
1847
1587
591
1140
2671
1299
749
375
1182
2250
922
2323
1275
2835
873
650
103
2505
693
2857
1006
2613
2782
1326
251
1208
936
2873
2240
557
2569
2298
1264
1428
156
1947
1409
2653
2801
15
1840
627
255
2373
409
1041
1395
306
431
643
1333
50
1973
1695
1698
678
2577
546
938
1067
729
977
2837
524
1312
1053
2542
879
1956
1864
1944
2210
2683
2646
2374
2637
2300
1575
746
2629
1033
687
1948
1156
2136
29
1273
2337
818
671
463
1390
2432
2094
2146
2882
1813
2052
1488
1380
1770
2859
1502
685
739
273
1969
1517
1441
2714
2142
2098
1696
1404
782
940
721
1784
1120
1588
194
1681
2246
614
1317
1226
1980
1020
2518
2111
1723
432
584
1461
1624
2669
891
1239
2253
2932
501
1144
1237
1688
2411
2403
2071
2515
179
1537
113
1686
1152
1542
57
2596
2357
738
2412
910
2672
1330
2843
983
2104
1134
258
1302
2464
1848
926
475
1322
960
449
2130
231
2686
748
485
1171
404
2793
1396
2164
1283
2759
2014
1342
907
2475
1569
2929
569
2739
25
238
2209
1724
364
2592
428
2156
157
2514
1116
2124
1859
1125
1138
2508
193
2907
1979
2910
880
1568
218
1885
1678
1074
1257
670
1497
2383
2560
2574
1364
2062
1368
2840
914
1996
869
1227
1950
2736
1195
1247
2121
397
2472
62
2765
1127
296
2868
413
1274
406
1738
920
1762
1325
2061
1087
701
1391
1951
2102
1233
415
2811
865
532
425
2487
379
2002
2539
263
697
1873
2231
2767
2368
398
1640
505
2930
2838
2534
322
2540
2495
2878
262
742
276
66
130
1916
2138
2692
797
2287
1399
185
126
2172
1521
2461
2652
1401
2931
1586
2242
2532
1172
882
2224
211
152
1936
1225
2338
665
272
534
2825
1214
872
176
2133
2187
777
702
1469
2342
2422
862
159
2678
196
1503
2537
2806
666
695
48
241
1055
478
1531
2280
323
195
998
2045
1453
1544
2091
239
197
175
924
1301
407
1290
1308
898
2358
1294
180
733
1327
1964
2127
1897
1548
347
2169
1069
540
2937
2511
1613
992
679
22
2346
2797
1381
2737
634
1867
341
164
1828
1131
1693
1771
355
285
1701
244
1236
1296
1805
901
1692
2285
441
595
128
2902
101
2884
2735
2000
2325
259
1111
1646
753
2115
1532
1005
277
511
1750
100
2517
2538
1656
2893
2883
288
1901
2046
1655
2042
1558
1212
90
2648
472
469
1647
824
713
640
967
1113
1667
555
2639
609
1732
95
1136
1350
1285
752
2641
731
536
1626
764
2410
1407
178
688
1637
639
1907
414
2528
1937
1987
1034
2486
158
2405
2399
2068
1157
2820
2624
1402
972
768
1833
1344
589
69
2126
2369
2150
279
2397
1467
1642
1421
2037
2339
2407
512
327
663
2459
1282
1475
625
2457
1210
1487
958
1049
1477
2847
1811
535
1378
2320
2697
2790
942
1875
1311
2715
1110
2645
2154
1400
781
2633
1766
917
2743
169
1230
724
2682
1785
779
137
1672
2400
2351
2080
1403
2013
1211
1675
1912
575
1668
703
1339
2139
2273
2634
2191
33
2941
1854
2049
1906
698
1357
1955
631
1166
2786
1526
1078
883
1685
2559
386
866
1150
381
1360
2483
1255
1250
216
1393
553
628
2074
2296
1051
5
245
2345
2733
1040
2469
786
338
1155
1167
1263
2254
54
2279
2112
1323
2371
2153
2310
538
1372
1370
2764
1536
1260
2547
1871
2356
2157
2731
1145
1748
2617
2149
999
1013
2476
2277
1351
2818
1510
545
2709
2644
652
1551
99
4
2392
1186
519
2863
1002
142
982
1515
2708
2289
225
1348
2265
162
1807
863
96
2135
2365
611
2116
2590
838
1508
2019
166
2564
2541
1522
1018
224
1887
319
948
2817
755
2107
350
1425
1739
2097
2933
261
380
1844
2220
2328
780
2763
2378
533
2502
204
1794
87
2144
256
1159
1894
969
1513
1271
2520
2869
981
483
1197
2269
1419
1915
384
2833
1429
1585
1324
2113
1674
619
1705
831
1062
974
541
2712
2260
1112
1986
1092
2343
2313
1076
667
405
236
1028
1509
2573
1181
188
2439
1888
1259
854
2491
2725
1329
2604
144
913
2642
925
2030
2626
329
1788
2101
2493
328
766
2078
794
851
1625
644
2756
2496
1361
2255
219
2643
654
2800
929
2161
864
2171
1591
1753
2151
243
811
343
2562
1240
946
2329
1090
2783
473
2926
84
758
2680
2417
1837
2921
6
995
2684
2512
2362
293
2561
2885
2443
1822
1605
2075
1486
2232
282
1209
2584
336
2381
2008
2012
334
2308
143
372
2271
2202
2892
1298
1863
7
369
2010
454
1252
2018
2530
1749
2585
1387
1199
1600
1480
2661
1742
392
1853
2429
1243
2221
173
2458
1990
943
1755
190
1289
1039
723
1554
839
1702
1549
445
2702
2695
1319
1895
1821
65
2006
24
165
253
2360
1561
442
2382
2757
2871
2159
2915
947
1729
646
598
271
205
1677
2791
1659
1745
121
1716
2679
2414
344
1679
2
2769
1676
481
2746
2237
433
1388
878
453
945
529
2390
2659
108
1417
2347
1075
2336
500
1052
1546
222
1423
2891
1631
2698
959
1224
2834
494
2557
2478
1577
2155
2778
2370
2205
2741
1645
2710
1845
199
1530
461
1178
1016
805
680
1592
1386
1581
12
1262
114
2451
789
1914
2184
912
672
1743
2007
710
1680
1139
2732
2716
841
235
1538
1098
1814
1119
2658
1789
340
1902
31
1725
458
765
1499
1596
617
600
325
1353
633
1565
2808
2145
1825
2761
2100
1229
2331
585
790
1856
896
1286
582
2041
215
1913
2059
2367
2020
298
2895
2649
2158
507
1253
616
2448
1728
362
326
1866
1562
647
825
1989
1627
1107
2065
976
1982
564
1500
2057
408
2048
491
2044
1047
2601
1550
2375
2728
366
75
803
1141
2924
1927
2063
1332
567
480
2704
201
1849
1189
1978
1931
477
2212
309
1147
286
2844
956
2862
1939
1787
661
378
421
626
561
1804
2499
297
104
1518
2611
167
1307
1669
1884
744
1808
1876
2203
435
566
2583
1019
906
2043
1280
1108
2256
1654
2245
2093
1188
1231
42
1205
1843
2748
2167
607
2421
2305
858
1445
1909
1081
522
2640
776
832
88
2509
1256
1514
734
1258
295
2802
314
2348
1612
36
2195
2890
1618
373
365
316
2738
2889
2083
2398
1460
1713
227
1109
808
1128
673
1893
656
1122
1883
1305
2510
1234
1699
2181
192
2456
551
905
1444
1130
2713
2170
2103
221
102
2570
2940
11
1841
223
1703
850
74
146
1726
1786
2040
2749
2122
1185
1543
2935
2819
2752
1812
1359
961
984
2810
467
320
923
1114
2192
691
807
1553
1222
10
385
177
1657
1775
847
2340
2316
836
1168
2401
61
2720
1834
1616
1337
2903
2770
1422
1579
2069
1754
719
895
198
2440
78
1670
476
2582
2925
1106
1764
2785
1012
2879
71
106
2490
2870
2881
1149
21
1708
1269
451
2939
2563
1494
2688
1481
1908
544
266
605
620
2576
1044
1203
1707
2434
109
2128
844
1949
684
549
963
383
1666
570
170
1599
1335
686
2380
860
1089
2866
67
1925
2647
133
1476
2615
843
1427
1064
537
2283
1190
919
927
711
332
848
203
1527
1318
911
1857
892
1091
2064
1571
1737
641
638
1650
1968
1747
1202
1180
993
393
2141
655
934
1941
658
153
1998
885
2899
1619
1414
1201
2521
1683
1506
1412
361
2182
1468
120
2500
1176
1193
558
2261
1014
2391
1437
264
846
1249
949
2625
2119
2711
260
1560
1799
2826
881
1056
242
1103
1792
1892
1611
586
2058
624
254
714
791
1420
2501
1756
1398
2258
14
1963
93
2229
1608
2393
37
632
302
389
2787
1820
2705
1896
1706
2252
2586
1177
2267
2257
2193
1032
712
662
123
968
876
2454
2073
548
1471
1008
368
1038
1336
122
804
2635
38
2777
890
996
2129
1614
2865
1582
2131
506
1663
2667
1115
1800
1712
462
19
2264
720
2687
802
594
1411
2507
2675
1027
2829
444
1070
2017
265
2352
2875
1962
1270
1779
1694
1574
690
2854
394
1448
1143
2936
1314
572
760
1097
1985
2084
439
2039
1489
129
160
1806
2888
460
391
2772
1406
887
141
28
1870
2632
1520
2619
1606
488
161
1993
1100
2239
2355
1815
317
2579
1566
189
2416
1988
531
1861
521
1397
367
447
2860
2213
2090
944
377
2109
509
2610
2723
1369
1727
2742
699
2123
1826
579
2215
2548
1719
1827
916
2214
2594
311
2621
816
1671
581
931
2774
2792
1164
1720
56
2676
648
184
833
2431
592
814
517
2395
2827
2295
904
2442
810
1823
2425
2494
2655
1617
299
2449
2522
1684
2525
125
1473
1465
1088
183
2916
2447
1085
493
1248
2602
954
232
1192
2699
2851
1284
2603
1583
2922
249
2565
668
1126
443
2364
2673
2387
2701
1011
2872
1300
207
1999
796
2874
1855
1341
1533
830
1886
2609
1495
2199
1316
2691
800
1352
2747
829
1221
1839
387
1219
27
2208
2555
1801
1648
1928
136
637
1622
2251
1632
657
2630
705
2668
2165
2755
1485
2227
1251
2376
2821
455
2685
682
1691
371
301
2077
726
438
900
937
1641
465
852
116
1593
1292
356
1367
2179
787
2307
1899
2009
778
2247
2589
1220
2394
1865
1245
2914
1769
902
1879
495
457
2426
1175
2480
635
1331
2359
2166
889
2473
1630
756
2788
2694
2531
1007
412
1389
2291
1507
2361
2823
1405
1803
2536
577
1450
757
2134
1093
979
988
868
1809
1660
2853
2722
174
743
2533
186
390
400
489
1623
214
147
543
20
187
1281
44
1073
856
801
2335
508
403
1780
2717
2031
2799
732
115
2904
2638
39
1609
2235
2908
35
875
2282
2618
154
2096
163
1643
2781
2751
518
396
704
315
1818
1567
783
2016
2366
728
1349
419
610
1415
1994
2558
2850
933
2804
2814
2263
1740
819
1163
689
1459
2372
268
812
2384
2415
448
2666
1003
599
1374
1261
1015
1320
1373
1783
2593
2001
2087
653
1303
2657
2110
1795
1306
2034
2286
1564
515
2744
2516
212
2108
2822
257
965
422
1850
1137
105
604
1690
466
590
1877
1511
300
2706
560
1025
820
826
1922
2178
1031
209
918
763
498
1086
1021
1584
47
1519
172
1697
1463
1173
1958
2484
2176
2740
2188
2906
1628
2780
2928
2003
1435
2598
1449
1977
1363
651
1479
2056
247
2784
1099
1976
1735
474
73
2029
1371
1169
1923
1071
1981
1200
1242
83
486
2095
552
2262
2754
2848
1334
1552
1442
1589
2776
737
89
110
1974
68
1933
822
2036
2281
745
81
2341
1104
1730
2050
2266
2420
1607
1516
1869
2276
1768
1966
2032
1539
2435
111
1142
2591
2297
1124
32
388
2550
348
1620
664
1945
307
2519
134
1235
1204
2468
527
1904
1244
1084
1493
2460
587
2311
2523
2218
1023
2919
135
2654
1154
613
2901
2051
2700
233
1772
1891
86
773
1174
459
849
1268
2726
420
1882
1525
2430
775
1829
951
2474
2326
2023
767
234
2092
2306
2234
1960
436
267
2880
2207
1967
208
2575
376
2812
1817
437
1265
2664
2462
1505
1638
426
606
70
1918
970
1082
857
985
1295
1424
2085
1061
499
1528
2488
1297
845
1004
2060
837
434
1394
2168
1721
1009
220
1761
1621
2628
867
2614
1054
1557
526
1288
2727
124
1392
989
191
353
1997
41
1798
674
1862
1634
424
2206
1662
621
2299
490
2388
1598
131
2259
1633
246
2535
973
470
2612
990
2330
1133
77
771
2552
2446
1321
330
2350
1658
2498
430
2900
352
1384
1917
1132
622
2599
2079
487
740
1954
2070
1151
2028
1793
859
1874
248
2894
1462
675
2551
2876
2766
374
2004
809
964
571
345
2605
978
2321
303
2568
2623
769
2334
1983
1580
1541
346
2489
382
1328
1664
1
1604
34
1436
1921
1965
893
2402
1573
1709
2529
1347
1343
2304
1068
799
1432
1094
1484
1824
888
821
842
1898
1777
2125
761
1953
1603
642
138
1601
1972
725
2120
2027
13
1058
2309
1451
2453
1661
2677
1710
58
1313
921
98
2054
1376
213
1355
1153
1733
1457
1063
2436
1001
2015
1458
962
280
1797
342
79
1101
806
2278
2775
2549
2771
601
2578
2912
1198
1765
1309
2302
1375
363
623
2497
2503
2789
2651
1365
1872
2268
2693
813
2660
2481
2379
759
2543
1026
292
1452
1161
2911
2877
1060
94
1096
202
525
1478
468
2689
1572
1165
788
2201
1315
2106
1504
2055
2815
2189
1079
182
2846
2631
645
855
321
2830
2025
1438
1773
2177
1385
602
2274
82
2033
2315
835
1932
149
2088
1241
1714
827
1759
1454
1057
1905
1715
230
1216
1858
339
2796
1408
2690
708
171
580
2409
1483
305
16
2567
1760
2418
1102
402
630
2703
997
2606
2719
64
660
935
1046
1184
1158
324
798
1935
1838
903
1903
2898
2566
2842
1278
148
333
23
450
1492
792
281
2118
987
1382
573
1077
1194
2294
464
2896
228
2627
1734
1456
694
484
140
980
2663
1673
2200
2223
2396
1731
815
2086
1310
2745
986
1791
727
1816
659
1022
1559
2433
2437
1649
1083
2897
18
1524
785
2934
1148
928
559
2053
1911
2377
1223
1842
427
612
1704
520
1162
1995
1529
2413
1744
2465
772
1146
2147
870
2217
482
358
291
1501
834
1594
2160
2832
351
563
117
1191
2233
1778
1930
2807
1651
2836
1570
283
1718
2076
2729
284
2794
1653
49
1105
1413
2760
2438
1095
107
8
1206
2622
310
337
360
2275
446
1851
92
2753
1426
1010
270
416
618
1576
1042
1639
1291
2492
1610
2288
1447
596
226
2864
1952
45
2022
2587
2828
941
747
471
576
2524
2225
1036
200
1924
676
2272
2734
503
43
1345
950
26
278
2419
2470
1498
2665
1741
2852
2389
359
269
1957
1782
1356
2428
1830
1615
1059
1910
1490
793
2471
615
1035
30
966
2190
1635
1431
817
2226
1970
2082
1774
2427
2803
2938
2293
2718
2466
971
1890
2228
2219
2047
1272
735
1535
497
2681
915
52
2066
1048
1926
1267
1024
313
683
899
2099
2137
795
2424
1037
1470
1474
2005
1443
1556
1711
1354
2163
2913
1555
1934
1776
700
2194
568
237
2148
539
2824
1464
547
2839
955
975
2905
2795
2441
1434
861
707
2354
706
2152
2650
1629
1440
2607
2849
1482
423
1338
80
1975
1810
2581
1439
1410
1362
2762
1860
1563
718
2858
1781
1017
1644
2918
1802
2196
1030
85
2595
2353
1293
1129
1736
1466
3
97
2021
2035
2186
1416
331
828
2244
2923
2248
1602
629
2162
2513
550
1065
840
76
1228
770
2750
429
722
418
168
1455
2600
417
1547
2198
2917
2831
636
1430
2114
2554
2608
1287
2724
871
2588
853
2580
2707
479
2072
2319
401
1050
1279
1472
1215
754
1080
440
370
2867
2180
181
1846
877
2117
2556
1868
991
312
1217
2204
1238
2333
40
2175
1940
2485

