733
756
824
2568
2289
2883
2007
334
1389
705
1766
1262
1540
2419
2521
1126
712
857
2032
698
875
1594
1146
1429
54
234
886
1538
1391
1244
1911
1600
35
2691
257
1345
1518
193
1599
2702
129
1430
2305
671
1798
1569
1500
2335
2415
669
2511
208
1853
25
982
744
1218
2101
2244
2585
620
2744
1055
2313
1131
2673
894
767
1065
840
2697
2043
501
1543
2784
109
451
2514
1158
58
1967
461
1568
1179
2095
1914
1580
97
2871
1810
468
2615
2226
2517
2822
1711
2087
2638
2716
838
1199
617
1265
307
1743
2243
2348
1267
2058
594
637
408
1221
2617
2938
1881
500
878
1366
231
859
1507
2176
1190
2882
1479
619
122
173
1595
772
2436
1434
1811
508
1155
1459
1862
17
2583
1053
76
1073
1498
315
454
362
2864
1883
2367
607
2660
516
1033
2253
45
532
2671
2591
1661
1908
504
542
226
2422
1348
179
1560
1613
304
2604
688
1741
1980
799
1143
1648
1588
2625
1934
877
911
1349
2283
926
1785
1601
1843
2133
2139
2597
1690
2372
2779
1993
656
587
1680
1683
70
270
2550
2463
2935
562
948
2754
597
1268
391
862
2340
1879
400
1928
1977
1801
2016
426
1142
476
2577
415
2382
2668
1416
1857
2725
2399
2705
2004
88
2284
2178
2746
2351
2781
1465
2472
2907
613
2646
1687
369
1491
612
1257
1526
1351
477
1506
224
1015
556
2131
2132
1524
2904
1658
1481
2810
1514
225
1799
1589
519
2256
1482
668
708
2813
335
1453
1026
2747
2047
1628
536
1998
2456
1915
1900
2006
2138
726
863
2036
1149
903
2030
377
136
2185
222
677
1632
760
1772
1018
2555
2057
2440
1339
1120
2085
2080
2172
764
1836
2228
1646
2162
1090
720
2874
1261
1970
1151
1446
2199
323
2622
908
2730
99
470
2865
1973
2493
704
1923
748
2575
649
1488
2314
1576
23
590
1717
210
1358
153
1052
2299
1138
2272
2742
2845
320
826
2189
80
843
1617
457
2470
2911
768
2815
2650
883
438
589
114
1462
59
24
2143
1503
2019
5
2060
1830
2195
1529
2406
382
1223
459
889
1839
915
100
2346
1175
1921
2595
592
1606
388
1979
2039
1097
1758
1154
1544
1903
961
1219
742
452
397
1275
955
2713
2441
2160
125
219
60
149
1050
1082
2607
1024
2363
1091
1714
2887
146
1757
2740
2081
1865
703
1686
2240
28
543
2220
2135
2155
563
1051
818
1904
523
494
570
781
1476
1985
1206
1596
925
2075
1822
1671
2204
1293
421
693
282
1499
2179
2908
2239
1803
2402
515
326
575
2811
1720
2759
2824
1730
2073
1242
2206
2828
807
1598
2475
779
1058
1551
946
1060
916
2250
36
2102
601
1299
2034
1826
1376
2398
2741
1989
2556
1575
313
2647
998
474
1350
1922
2471
2064
1034
1406
306
2247
1694
2847
1729
252
866
2225
1384
72
134
2324
1660
648
2937
1789
264
439
118
206
1949
1650
2695
2923
13
1220
2551
1041
2484
1426
953
1048
2294
1667
2636
21
2442
2148
2699
2264
2141
2084
2434
2273
540
673
450
2609
2848
3
2506
1571
1659
2079
2437
2002
1966
511
2793
577
243
2572
115
480
935
1108
213
163
1213
1996
789
1750
814
2817
50
2682
19
1187
2940
2724
970
177
2461
2807
2
1490
2222
2509
861
2147
2922
249
2209
1866
2733
732
664
1638
247
92
216
2523
1019
318
2116
1436
1100
632
1958
2164
2586
1188
1745
1315
16
1181
717
1318
1107
2666
192
269
1790
2841
2389
2231
1027
169
332
1202
711
514
2707
2157
83
1119
1045
481
2428
659
2833
2167
372
2366
1951
1777
679
2430
1160
2466
1756
303
1096
997
2853
1563
1537
463
1523
891
763
1567
496
2455
1816
1718
2362
2427
2196
658
1991
56
1171
1338
831
529
1645
2055
2450
815
1763
2566
1669
2869
2217
194
2301
825
2104
520
498
2022
2308
1326
687
446
2594
554
784
608
1486
1627
2190
2925
1676
1612
2858
2214
2012
2842
988
1392
184
1509
2187
261
6
301
1130
2823
2126
2170
462
2567
81
629
2146
2465
994
2814
1231
1825
528
1236
634
298
758
611
2610
2913
2505
2553
958
771
787
492
1419
509
1210
1139
832
483
983
1000
1075
2161
406
2125
1581
254
2900
145
2762
196
235
287
2852
1456
1960
1276
2727
1633
2531
534
1046
2061
1656
864
2408
420
869
2885
666
1424
2302
2892
2658
2601
2916
1605
119
2395
201
821
2444
331
2652
1449
1109
2624
1208
963
1631
188
622
1769
2693
1916
1217
2498
2603
1637
1474
2881
938
2772
1623
267
1931
1497
2031
1880
2512
311
441
1440
1413
1127
550
2445
1657
2290
2890
956
991
2123
2468
327
1887
939
128
2375
2418
2780
286
1375
1681
469
1776
1072
209
1079
268
288
795
643
1695
2137
1994
2360
1297
1016
2266
2387
190
1574
373
1180
187
2926
2501
2309
918
276
1421
1382
1615
2573
2198
1679
914
75
1870
947
265
566
2630
1305
1370
1086
2089
964
2304
430
2311
2384
691
2919
1280
2432
2879
1939
797
860
120
1755
1347
560
1719
2659
1272
2033
689
363
2268
1622
495
233
1312
537
1773
2535
2761
2662
1644
1003
1249
410
1412
2446
2152
1227
2640
654
1184
1372
2347
2103
1691
2342
1441
980
937
591
1232
499
1093
835
1258
449
650
1400
1279
2109
766
1274
2293
2066
392
2770
812
2497
2818
1085
2191
2459
2546
182
2410
349
1953
152
2545
1367
87
1095
312
1607
1805
1371
236
541
1832
524
383
94
1736
2838
1078
2397
2429
830
2482
1541
2526
1554
1527
791
2634
1393
2227
1982
929
256
1071
729
51
409
453
1054
485
15
1997
275
987
572
2411
2860
706
993
1954
2059
1271
1886
531
2503
2232
801
2661
487
316
2201
1754
1471
2049
365
2025
2936
2829
1234
909
879
785
1101
1321
564
1452
596
1625
578
47
1496
1664
262
635
934
244
1685
1037
754
2357
1663
89
272
1152
2393
2020
960
2906
2052
2543
1831
108
2491
2385
1460
2316
682
1014
2391
1999
1362
898
1727
686
849
1609
2612
1920
255
800
1150
2921
246
1004
116
2069
1525
2136
992
1439
2928
1917
1868
2298
920
1364
2602
616
1753
1335
839
2329
1689
300
950
1987
2862
828
131
381
2000
29
10
2820
156
1296
2905
2027
1030
1140
986
2867
1654
1132
1813
2915
484
2678
1820
1182
2435
2024
1451
2383
2130
479
1310
2448
2846
2579
419
1147
2263
897
741
837
1047
1238
1189
2343
82
101
1850
176
996
1317
1867
2518
1324
69
2825
819
2237
2878
1940
2063
870
1117
2663
1944
1021
1286
434
2633
2094
626
2013
1556
2090
40
1056
2111
185
385
880
959
2312
2017
968
1859
2400
749
737
2368
1860
1929
444
2499
1963
443
2507
2257
302
2686
240
280
1069
2794
266
1290
850
1935
2786
641
900
132
2296
294
1291
2188
1505
817
1433
2704
855
661
340
52
1732
1264
2270
2755
2767
158
230
1550
718
972
1534
2216
271
2023
117
584
1586
775
1029
105
674
2873
299
2532
2651
440
2599
567
2431
2866
1549
2354
1723
1688
1007
447
2524
147
2827
651
2560
1677
776
2352
2552
919
2338
1751
2173
1252
2401
172
1468
1724
1626
2778
2377
2317
2438
2236
2224
378
1447
1824
2683
530
985
141
2169
1675
2120
2330
1703
2480
467
1873
217
2405
2745
2078
1169
2859
743
2748
1320
464
1365
1420
2219
1195
2233
2412
901
2598
1965
1233
1437
1360
585
2676
2819
2623
865
2743
205
1114
551
943
2015
1577
2616
714
836
2258
933
2044
1593
1978
1837
353
1035
2525
402
930
2897
966
917
1209
2837
1889
1947
1747
2856
842
106
2332
130
2917
502
887
2416
1863
2795
1355
1655
2242
344
1744
2934
796
1010
41
2644
1063
337
2144
1533
8
1844
912
2508
1682
757
387
1495
1443
660
1925
103
1492
586
1487
2281
1396
1300
386
2119
1512
26
2924
890
569
2723
2171
2369
2910
2259
238
1522
345
2159
347
1313
2158
142
220
2608
1346
159
833
1927
427
1924
1254
1466
1230
707
1877
2736
248
1111
2248
221
713
1764
1765
2800
229
2664
2538
1020
2570
1972
2679
1403
2086
605
424
1767
361
734
214
2756
2042
2805
376
1983
2627
2738
336
739
1110
2489
777
2106
1779
2062
1162
1113
1319
2798
2050
2680
1239
1105
2285
2045
486
503
167
1178
1834
2927
2899
2425
1323
2711
1545
2790
808
1288
973
1619
68
750
1781
1397
2726
319
1913
2404
322
1698
2737
2502
1642
1802
1819
681
2812
727
2903
466
1653
407
1164
548
2621
1884
1337
490
458
2046
1894
2168
2542
1739
2808
2321
360
761
602
1716
1748
1245
526
2213
1901
710
1874
1800
2128
465
2186
2753
1807
375
1827
1735
1172
1057
1629
2453
690
2088
2110
2275
2930
555
1933
1196
621
525
297
2336
2234
79
442
1737
127
873
102
2690
631
1520
2460
1876
2861
403
1869
1248
2561
1385
18
2731
1417
1852
1984
2181
2771
1137
1828
1404
2639
588
2776
2681
2098
823
1215
1414
609
423
1116
1778
2611
1583
2635
924
1408
885
1241
1796
2788
1759
738
2238
1673
53
977
1304
2068
1106
580
780
1314
680
1341
32
1635
765
2816
295
802
352
1709
1489
2764
435
2318
2260
2735
1851
263
2331
2857
2386
1379
2339
2394
804
545
2696
2211
683
561
2766
746
852
1461
844
1483
856
2912
1431
1624
2476
274
140
557
405
827
685
2381
1088
1565
104
333
1704
148
2768
1017
663
2356
1878
1038
44
364
1405
1546
1059
846
1849
512
2462
2021
1725
2145
2018
1701
2544
951
390
2901
2688
2803
736
645
339
1943
513
2295
2529
2127
2763
98
1157
1266
1793
2037
1205
583
559
2142
358
2605
1124
85
1049
1536
582
655
546
1981
1411
1094
1256
696
871
725
786
2773
2898
428
971
2789
1668
820
121
2487
1652
1212
1971
84
2124
27
936
2513
747
1969
1871
2714
2670
73
806
2458
2687
1696
967
549
2009
1530
719
2265
2433
2877
1342
379
1812
2712
1710
2014
2477
2165
2719
2140
113
2365
2684
1749
2618
1103
1176
1775
2067
899
20
1332
2325
1604
1328
2337
2271
2099
976
1882
794
393
314
200
2129
2722
14
395
518
672
636
884
1410
1066
694
2868
2333
1705
1721
521
1713
1191
1582
1457
1804
1283
357
211
394
2230
2614
175
2163
2863
2918
2677
1952
1259
538
1294
1112
1818
2701
1136
2229
343
1023
1974
881
1937
2288
2851
1760
695
2029
2409
2100
2495
1918
752
9
1838
1469
684
1070
1343
2108
945
497
2809
46
2379
2156
858
2065
984
1846
1032
2750
2092
1269
2388
259
957
1553
1770
1104
1780
2648
847
183
2527
2574
2783
2889
346
242
1961
2519
126
2933
2799
1856
1194
2091
1752
1273
1330
1357
1855
1833
2254
1458
1930
1062
178
762
111
848
1455
329
278
913
2421
1956
510
1006
962
1618
1247
1225
2286
359
1797
123
2245
143
475
138
112
157
1005
1325
1517
478
1148
2028
2115
1579
328
667
1485
822
1174
2593
2274
1121
722
1548
2005
1316
1552
854
2252
2255
853
2328
753
892
2734
1848
2875
168
1573
2698
1170
2121
1425
2355
2208
1610
2153
1895
95
1012
1353
2349
1715
2710
1287
65
2464
1670
792
1331
579
2473
627
816
571
928
1761
1602
2834
2249
610
623
1504
42
954
417
2326
1547
2341
1098
1957
539
2629
93
2008
745
384
2496
2180
949
978
2536
1043
906
151
1950
1995
2539
2467
2177
2787
2083
86
845
2485
1197
11
989
2074
923
2581
67
2694
2578
2051
1044
1076
1616
944
2758
1992
2939
2481
1237
1791
1864
1945
2806
1255
2315
1193
310
2547
2685
2888
1912
1159
1352
1092
2122
1774
227
429
2653
740
2358
2717
290
239
31
2174
1706
624
697
1942
1401
291
1535
62
2932
759
1955
882
1841
979
1135
1898
921
813
1122
48
1861
2056
2675
2345
1185
1742
728
1002
110
2439
2212
1788
1806
66
2390
2071
1354
2843
1463
1395
1390
1639
2370
2870
1011
1771
1988
2291
665
1309
1307
135
1817
78
1603
2706
2478
1173
2319
191
2344
412
1089
250
2839
2413
456
805
788
1377
1597
1156
1068
1640
2672
1561
368
2751
2628
2835
990
2154
1902
137
2359
1448
171
2054
1298
2941
2821
1542
2516
330
1435
2175
2893
414
260
1074
1938
2569
721
366
2192
155
1738
1962
2452
1102
1699
96
1042
154
2844
2832
1858
2334
1809
1251
433
305
39
910
1200
1592
1477
2715
2836
1464
1557
618
1167
2564
2223
1243
2749
4
2649
2166
793
614
2449
2327
1214
2540
675
348
2708
1322
296
1919
1620
774
1445
2669
472
165
1141
1502
34
2895
2320
2277
1183
1511
1224
1402
1378
2530
2424
1374
1125
2920
2118
867
2802
1532
2371
1484
633
1361
639
2207
595
1422
411
2596
437
164
90
71
1235
2840
2117
615
203
1418
2522
1153
1077
2692
1166
699
1708
1910
1814
1415
2202
565
160
1472
292
2637
1932
2483
150
1386
625
1665
1835
1099
2775
676
782
57
1115
0
1847
1946
1768
773
709
1333
2796
1284
2765
2504
1285
2757
803
640
1282
1678
1207
258
1061
1672
2667
2769
1201
2500
1986
731
2902
1327
2310
1478
1306
2278
2600
2782
279
1123
181
1064
2584
144
488
647
1513
2300
1442
974
1216
1829
2287
2700
692
981
1840
2251
2113
1707
1728
1080
1356
810
2457
1036
55
413
2380
1621
790
284
107
2571
2261
670
893
2886
941
2323
599
2631
2282
1726
1428
253
2777
558
1566
1240
922
2407
2215
2548
321
2537
2729
1494
64
1854
2721
342
2378
1896
2665
63
2728
2072
61
723
770
2563
2297
2855
2554
2929
2041
431
2443
2580
1733
662
581
2001
1250
325
638
277
1666
2149
1692
448
1891
317
355
1303
1407
2643
1964
547
350
2205
576
2420
1022
436
2374
1968
2114
965
2454
1084
1906
701
2035
1388
2246
2641
74
1295
293
1398
1909
2494
2414
1009
1263
522
2632
2656
1083
2447
2588
2558
1845
1634
1067
1693
1740
1226
202
1875
604
652
338
2830
2097
2674
2105
1587
1380
778
2112
553
2549
2269
1475
1892
1611
1630
1941
2235
218
2218
1165
2184
1278
2785
724
2896
1334
1301
425
445
2619
1888
1473
1762
1959
2559
2590
1641
273
223
653
2151
1363
49
251
245
2038
1444
1590
1409
1118
574
2353
874
1558
2307
2797
1674
2826
1133
2872
1786
2048
2645
1344
1734
1515
2492
644
1808
1289
2193
904
552
2606
2657
1211
902
1192
133
1228
2194
33
2541
642
730
1784
1746
1134
2791
2040
2720
2626
1186
1539
678
1270
2576
1821
2276
735
37
2589
418
1697
1308
2850
174
798
755
2082
1700
1450
351
1787
1649
1161
197
1368
2520
2804
2093
2303
1145
1222
2183
851
1936
2026
1229
598
2880
657
77
1559
2280
1381
1480
1792
1564
2221
1572
593
1423
2292
2134
2709
1432
455
751
1555
389
1948
380
1570
1890
30
2488
237
2876
1702
1510
2262
2423
2689
868
2528
995
2210
2053
91
2854
2894
1885
2732
2801
895
1893
1794
1872
180
2587
888
1039
2417
1373
404
876
600
769
952
422
809
161
1177
2533
1783
646
2364
289
1438
1795
1662
975
927
1260
1163
374
1815
2642
2909
2011
1129
1899
1467
1684
507
527
940
2376
471
212
1493
460
204
2486
2891
1336
215
2718
1823
2703
1383
2490
700
1562
2096
2592
232
517
2474
1585
2655
189
2396
371
2479
2931
2279
1651
1643
2849
432
2077
38
1614
811
2203
228
568
1519
1204
1636
1907
186
1
2469
396
1013
2070
2534
2914
489
124
285
2361
1329
1025
2884
1722
399
401
2515
1081
43
1302
7
1292
2107
544
1001
1501
281
1028
1031
2182
1782
1369
1340
1578
309
1040
1905
2197
1508
324
356
931
1470
1528
1990
829
1647
1591
166
506
2076
491
22
1731
283
1246
932
716
1203
2565
12
2831
2613
702
1842
2451
199
207
2241
2010
341
1277
1531
2267
1516
370
398
2426
2620
482
493
2557
2392
841
1394
907
942
603
2774
1584
896
308
1976
162
1144
2760
969
2510
1311
2562
1128
1521
473
367
630
241
715
139
2003
2322
1168
783
416
1281
1975
1454
2350
2654
354
606
834
2200
573
1008
1387
533
2739
170
535
1359
628
999
195
1427
1712
2792
2150
198
1608
1897
2403
2582
905
1253
505
872
1198
1399
2752
1087
2306
1926
2373

