37
1005
1819
1983
763
2575
1846
942
1362
1419
373
1159
2145
1590
2471
622
635
841
1775
112
2068
1795
1647
2383
1296
745
998
162
2485
2286
729
2713
1069
2743
2939
1455
1699
548
144
2523
615
2616
1760
211
627
2898
387
662
1630
1262
1620
490
1505
2646
2573
880
2871
2517
2831
1404
2553
1030
1673
511
1638
619
1214
2667
2797
2904
65
1298
2873
838
2337
701
134
2203
2054
1415
870
2932
1708
2784
10
1496
861
445
1864
2805
705
1486
1855
172
958
2144
78
1629
493
2338
2399
796
914
1746
59
323
185
1657
2264
2477
656
605
2467
81
743
1565
1681
2723
2464
2039
1920
100
671
2168
687
316
940
890
2172
2015
650
1845
2059
2102
972
1493
92
1386
199
1442
30
527
2412
1099
1446
294
2724
734
1445
1118
1058
2874
346
1556
1578
2304
732
2272
2465
2828
4
422
1571
354
2072
1119
1218
2480
1635
2428
2626
907
674
425
364
2308
1072
2365
2314
2089
2707
1113
1489
360
329
447
366
2427
1001
1221
1582
640
634
24
1042
341
484
924
960
2268
2815
54
1538
659
1084
2450
1515
1949
869
1539
2320
2351
1140
2793
466
359
340
941
1749
1261
2052
1458
1944
696
1914
1800
408
2078
887
238
1197
839
2249
1701
1096
1424
2050
2508
859
641
215
542
2077
1410
2520
256
1856
2800
791
2564
874
300
2311
2915
645
2592
2814
2362
867
2531
917
1771
1666
1291
2778
1956
2736
1170
768
2414
2916
2890
1153
1808
680
2666
173
1441
873
637
2847
1238
1750
0
1663
562
525
922
1675
2302
2296
959
1719
2594
128
1604
2877
899
1633
2732
976
1809
2340
2298
1247
2257
357
1643
2857
2026
2279
1375
1829
278
1297
1309
2065
1409
2174
313
210
2475
986
1586
1875
1982
2870
905
653
737
2055
2198
2040
2393
879
1966
872
1603
438
50
1694
2923
1347
1056
2344
1801
2856
245
1274
1239
2864
1873
1543
217
176
1636
26
347
1522
1652
1076
2537
1553
2012
1344
1467
1103
792
1156
2906
1222
2415
550
781
2201
396
1705
1912
1807
1674
563
1079
2449
2325
1456
339
319
430
1962
1634
1700
1601
404
2398
2854
1839
565
1722
481
2034
1763
1678
2878
1210
1756
1581
1172
1082
2231
1826
2100
246
1959
2030
581
1704
1002
2066
57
363
171
2133
399
299
2741
935
1710
8
1329
2629
1849
2237
1866
2796
932
1847
2642
1687
1179
2727
1891
639
2291
2893
2748
148
2
2214
1389
752
1127
766
1564
494
388
1786
833
393
1552
1183
806
2470
560
837
2438
1717
2101
2368
2911
102
67
1040
1351
2260
1004
117
2459
1081
1294
2259
2228
302
826
2287
2492
1484
1313
1485
1380
2773
815
939
1469
1246
819
1892
923
1393
1545
1830
1964
2016
1772
666
2288
2394
2096
1366
2829
1148
1534
2699
2451
130
1938
311
1495
2160
2354
2867
192
2503
682
2820
937
2910
380
1504
1618
2386
1517
2891
2922
2881
570
895
797
394
1323
1173
901
1228
135
1831
2246
2479
1971
2909
1910
137
488
591
1790
2521
1353
1339
915
647
1053
2261
863
621
1594
1958
292
1680
1798
2118
2540
98
60
1842
2536
1408
1676
984
121
1094
1300
382
2695
263
206
2605
2740
2876
337
2606
372
2381
142
369
1049
676
1338
2211
1945
477
2447
1720
944
457
293
623
1540
1447
2789
262
643
764
1984
1192
2692
2817
1974
231
189
2163
1690
12
2860
585
761
2019
1062
1256
686
1535
948
1475
1585
1527
105
2720
1144
1107
804
966
88
2056
523
909
2677
1343
405
2044
1583
497
1898
690
161
2191
1432
1452
1426
1814
225
1609
196
1844
1769
2674
2654
1255
802
2635
1253
125
669
740
461
2441
2103
910
2587
1085
1665
1013
240
1669
985
2170
952
2420
1718
866
2538
1768
2514
1580
151
1048
1494
1007
1616
1671
1018
2444
36
663
2282
564
2161
753
187
1205
237
2908
953
492
2794
2112
2106
931
1923
2375
2792
2833
739
1286
2150
1176
5
2060
2179
716
468
427
1793
268
1806
1305
814
1936
1369
2929
1194
1388
1820
782
2349
728
2663
2567
850
2746
1726
136
754
2130
1232
908
104
2413
902
1555
1483
2643
758
2057
2285
279
269
990
1265
1837
981
519
700
2038
1199
31
1464
175
1074
80
1802
2640
2498
2676
111
1230
1463
1887
2730
2359
1023
2715
1302
1672
703
1572
2839
1011
2894
2489
587
55
2760
2776
2373
2693
1588
1721
2223
1502
1520
2422
417
2827
2153
2712
2347
85
1916
420
188
1479
143
512
882
1280
1905
365
894
1682
2448
1390
2424
2132
2668
1330
903
702
1895
1028
1436
1995
2462
177
2004
1091
2299
1850
1399
1470
2423
1008
61
473
1611
1272
2607
1986
2456
1071
646
2457
1211
2124
2224
618
1641
2808
530
68
2481
2600
2691
655
47
2135
1685
2884
801
2660
133
62
2295
1955
632
2392
722
2766
2430
1727
1915
2176
1033
1724
495
309
2930
2377
22
3
1780
1753
2845
535
2092
2018
598
320
1189
809
1541
1245
927
636
654
514
1068
2919
1817
2490
1310
1796
1431
2177
1474
2143
769
1227
2216
1128
2716
239
1038
330
2395
1229
2233
2752
847
2155
2888
1384
582
708
1577
1086
1328
1937
2631
1542
1217
2332
2905
583
556
881
2510
599
799
963
865
1282
1761
893
1917
1926
1921
266
2528
2617
2361
1632
1587
2581
546
2115
406
543
216
486
1312
1519
735
1141
608
2146
1417
146
38
2941
1112
2887
2165
1139
106
1857
1488
2010
1762
1209
2875
851
579
1283
883
1061
2104
1111
730
1299
1863
1400
2627
11
1692
2252
201
1092
1481
2091
1909
282
2405
2067
1270
2079
1303
1047
377
1597
510
281
1167
1525
803
2813
1651
297
684
2544
846
458
2035
933
153
1334
1225
575
600
611
2782
775
109
318
2240
283
916
452
2558
884
2491
1596
1403
1191
1012
2858
946
2416
1882
1523
1785
1348
1319
2684
2769
18
1152
2683
2461
545
1080
2733
44
1825
1868
124
1472
2751
2802
1026
1759
661
2872
1531
2267
1624
602
1947
920
1151
1834
500
744
222
122
1476
2128
2852
1143
1840
336
1686
1394
2728
485
2157
1548
1848
1180
349
1149
505
156
1821
63
2006
2595
284
2546
159
2220
1711
2632
1928
2900
411
749
1824
2764
1126
1168
1259
43
551
904
2309
1277
2775
2137
2212
193
574
2374
1203
2436
2912
982
2273
864
1083
314
2765
2175
350
1872
1177
2200
219
1664
1752
1960
1316
204
1988
1288
1617
993
2270
1670
1899
1804
508
2028
541
107
2364
557
2809
82
1352
1695
710
327
2709
403
1315
202
1511
2207
2855
1880
467
2505
441
2862
2634
2618
1342
1025
2628
139
780
692
1267
2885
2222
1104
53
1975
164
2656
244
2798
1754
2323
1174
1435
1010
2339
414
2928
788
2694
2227
994
2645
2178
2641
2235
1145
549
1422
892
401
2774
561
2126
34
1461
460
2184
1306
2254
2070
1401
2127
2032
2251
1443
77
1412
1100
829
9
1598
1395
1561
2357
2397
1893
553
1105
456
2063
862
1121
1327
1642
2689
248
2526
463
1918
1195
2396
2014
1716
2859
2188
840
1014
2738
2205
275
517
2608
1684
166
2557
2229
2460
693
72
825
270
1713
147
1451
2704
1032
2698
759
1016
2868
367
667
2189
999
1650
2585
400
868
1550
448
1911
355
1345
1204
1706
2609
1132
2563
977
528
1778
470
103
2372
2826
2376
332
450
1498
789
19
2612
727
2256
2122
1860
1546
1589
2670
194
1377
384
1059
2710
2024
1703
2539
2431
2903
2095
2555
2107
2586
2263
2841
1991
2933
1884
253
344
2719
1190
2655
2816
2780
1043
1731
858
2883
1248
326
200
2111
1879
1046
2209
578
951
2725
772
1429
1465
2453
2799
2105
170
1308
2245
46
1990
2151
2443
697
1055
343
2935
1870
2023
718
356
921
2482
127
1115
361
2385
2181
1950
2382
876
1473
1130
454
2577
2401
1405
1450
2835
331
1532
1358
911
2570
242
678
2042
2445
506
1885
436
126
2823
1973
800
1440
2121
310
1376
2243
1903
2274
2069
1157
1592
243
2022
1414
2918
2356
2421
1655
2673
6
898
421
1770
2029
119
767
2315
181
854
1341
290
2701
2511
2705
298
1102
2914
1503
515
2269
2499
720
1929
1943
220
2761
2041
489
1738
2812
429
1271
795
776
2353
2429
2164
179
2717
760
1367
2062
2099
498
1137
315
2548
2343
936
2542
2896
2790
777
1057
1357
704
1501
852
1782
391
1295
2169
2284
555
2882
2173
928
2217
787
2289
1136
707
155
260
2804
536
2516
1065
328
2593
96
1178
918
1200
186
2822
1120
1549
2008
1006
2253
628
2583
386
123
520
251
1340
685
2610
1420
2821
699
2473
1894
1723
1290
1547
434
424
522
1041
1477
271
1337
812
324
288
762
1957
2258
2407
925
2213
724
1285
2788
2925
979
987
1530
2598
472
453
1843
2661
249
32
2591
462
348
547
1356
1050
1948
1188
2851
2411
496
992
642
2380
1512
71
1212
974
601
1568
2806
2327
714
2204
1350
1184
1725
1508
2187
28
1993
2410
91
746
197
991
1646
306
1066
2718
1612
1554
1794
824
449
818
228
1324
446
2113
2391
208
2579
2836
2934
1108
1836
1908
1175
2535
1952
2408
950
2681
478
1737
353
1254
132
2109
2158
698
2221
1336
333
1287
56
2818
978
1734
1853
1289
113
1812
1073
2837
717
1965
2777
267
108
2276
843
2117
2611
855
1301
1773
2186
1661
954
673
1034
2846
513
1150
2649
2515
180
1017
416
2589
476
2756
273
2571
652
552
1387
1987
783
828
2602
2166
2541
885
1064
955
1869
2664
2659
2366
209
502
157
1070
1202
2580
2639
906
2009
1693
1645
2506
810
2685
1355
793
2842
1953
1385
312
1453
499
2088
660
13
648
2703
1946
1224
2051
2532
169
83
540
229
479
822
1370
1715
1712
1226
2131
213
7
287
2633
1311
389
2902
2513
1208
241
2134
2604
612
2305
1354
1558
1877
1243
2360
304
95
2080
255
1021
2920
571
69
2840
877
1787
1733
1961
2346
397
2301
2000
1606
1818
2345
679
2747
568
848
2114
526
1858
1220
1133
1142
1602
1276
2013
1610
595
2547
2239
616
831
140
1396
2033
1999
110
2688
834
2466
2439
2047
131
2292
1372
1206
1003
2478
631
2543
1250
1968
2073
2390
1559
1518
597
2588
713
426
2300
537
1293
1349
2336
73
1833
2652
1557
1881
1649
1459
1639
1691
617
1237
544
1281
961
1865
889
2247
2786
2358
1728
152
2917
2753
1251
2496
1714
521
1886
2711
435
2762
2318
469
1951
1626
2053
2159
1423
1304
1402
2834
2615
145
1428
1185
1576
683
1471
576
325
989
1783
2197
995
1207
308
2783
75
2037
1732
2208
1566
980
832
1
1051
1852
226
2049
2110
1161
23
534
988
428
1318
2702
1499
507
2768
254
1688
853
1487
1468
842
21
2389
2865
227
2838
1213
805
1828
2319
2330
2613
593
2494
965
1231
392
2215
2897
1832
1979
1284
633
2341
2525
723
509
731
2853
167
808
483
1131
1106
773
307
2665
2154
2714
501
301
816
2350
1607
1927
2313
1969
2630
345
2750
398
603
1166
1382
149
1307
1925
518
2721
2266
390
198
2803
2278
305
709
2690
2025
2744
589
1998
1063
1584
2442
2250
2199
2596
538
2206
221
93
1093
967
897
2545
1595
1764
1896
1263
2755
2192
2742
444
1374
2551
2021
2533
2452
1662
2940
2075
675
1022
1097
2637
1615
76
860
1320
183
711
120
2844
1036
2294
712
2504
2530
1383
1060
1095
433
1326
1155
1500
964
2384
74
945
786
2303
2076
2624
1321
1939
1996
1640
338
1258
665
2446
1698
2275
1437
1709
2244
694
261
1707
844
291
118
2277
2502
42
154
1758
2651
2472
1977
2638
1054
370
303
798
258
1457
1378
79
1122
2880
2293
1406
2899
765
849
1039
2218
2772
1110
733
2785
807
2434
2236
2255
1507
35
205
1109
2509
1599
1506
432
1125
2322
875
1668
738
2437
644
1623
1658
2402
2487
755
604
516
1201
757
771
1742
1067
2936
1317
2729
2927
443
1439
2648
1605
29
1241
2463
2074
2031
1146
277
286
1181
2334
2202
2152
2653
335
2363
1791
1117
559
1381
1391
322
2924
2619
1888
997
2331
2758
2180
182
2094
2265
2432
371
614
2403
1660
625
590
2795
1252
1359
385
2527
1163
90
2749
423
20
99
97
51
2226
2731
721
586
2621
1659
1171
569
1862
726
2011
1129
2562
2889
1954
1514
1931
1114
845
736
1273
672
1579
2027
971
2488
480
886
1757
1591
1416
1434
352
2726
930
45
25
820
1292
114
1223
2697
975
419
2657
2658
1985
2136
1805
706
2938
2686
836
2886
1765
1444
577
1575
1901
1822
2379
1992
1942
1027
27
141
811
223
2142
1075
376
2560
1897
1037
2569
2576
2603
2590
2183
1090
691
1784
573
2097
857
1235
1497
439
1907
2086
1622
383
1460
588
2757
1755
2866
1098
52
1823
2194
651
368
1789
1551
482
1528
785
2388
949
567
1570
1743
996
1322
1335
89
1970
2781
1980
418
15
1158
1627
725
1876
2329
533
2310
232
2830
1997
1325
531
475
584
1089
474
2081
1689
2125
48
719
821
2138
2348
2371
150
970
2779
2084
115
1398
1813
2241
1573
1569
1524
191
2048
784
1234
1932
1363
2848
2071
41
2565
1009
594
1747
1134
1526
774
1567
342
2566
2568
58
1454
1653
607
2921
830
2455
2085
871
926
412
2148
1244
1776
442
1193
2058
770
2597
613
1628
2913
1935
2767
2895
2879
1871
358
1015
66
264
596
2141
969
491
2171
451
2522
2352
2469
1135
1613
2262
1654
2501
174
2297
1861
1521
1799
2328
295
1407
2534
1513
250
1874
2440
2190
1803
381
2468
1186
212
2754
2696
2495
1906
2370
1967
2892
1491
218
2185
1729
1788
677
794
1510
1269
2484
751
1854
160
2156
1683
1421
2811
2129
459
2417
2636
2850
1537
1792
1314
688
503
973
1449
2763
2907
1438
2650
1774
1919
912
1216
1478
1124
487
2497
1411
1697
1242
1462
274
94
1088
230
2518
1361
1933
374
2825
2549
1777
2524
1625
1614
2474
2734
1644
2005
2017
1448
2316
919
2843
2108
64
1574
1077
1164
2064
2791
2036
1147
1978
1667
2507
1797
2418
813
1816
1867
1430
2280
375
2232
168
649
234
2195
2120
2367
1397
1278
790
2623
259
1608
2869
1913
1466
747
896
1941
2622
2582
2647
2193
2321
1989
2680
1851
415
2601
1767
1890
572
2620
2706
407
2476
1529
668
1240
1162
1859
891
606
2824
437
2007
1275
1196
257
1735
2483
1637
2140
1264
214
2426
2123
2735
2409
351
2342
900
1116
1236
1333
638
16
1766
566
1160
2378
378
1736
934
2679
1878
2119
2662
913
670
317
629
285
2599
2722
539
1379
276
1427
2139
1249
1744
2435
39
321
1331
101
2020
2671
1509
190
1020
2787
2861
1165
2937
1751
362
2242
2098
2901
1490
1029
2625
943
823
968
1940
2644
203
1365
1000
2682
1392
1934
2554
1413
2759
1101
2708
1730
2230
1279
2116
2739
504
1810
2090
252
2926
938
236
184
2737
2512
2404
610
1600
2162
2419
2238
1233
1364
2147
465
471
86
2771
1976
681
947
2045
554
2355
2335
1182
178
2578
1741
2281
2283
609
395
878
1544
2458
17
1748
2810
1811
1480
2556
440
1492
1994
1677
195
1219
1536
2225
957
1563
2326
1900
247
1368
2271
40
1035
1835
1981
224
2083
1841
1740
1560
1883
962
2700
1266
2801
1516
265
1619
431
2400
2333
87
402
664
235
1078
2849
1930
1679
1138
413
2561
620
2306
1257
2672
2529
817
1648
207
1924
558
2003
1044
929
84
1696
2182
2001
983
1215
1052
1889
779
2574
1187
1902
657
1418
1346
1593
1371
2043
2678
2454
748
1702
2550
756
2167
2210
1154
165
2093
2406
715
2369
2559
379
334
409
2387
524
1779
1838
624
827
464
626
1360
1656
2234
280
1019
2770
158
580
2675
2307
1433
233
1827
14
1621
1373
689
956
33
296
2196
2317
2082
1562
1123
1087
2425
163
2486
2584
70
116
592
742
1922
741
1045
1332
1631
888
750
1024
2552
138
2669
2519
2087
2614
1425
2149
2687
272
2433
695
2572
2745
410
1972
1963
2832
2248
2493
856
1268
2807
1169
1904
455
1533
2046
1739
2863
49
2219
532
1815
289
1745
1781
529
1482
2931
2312
2002
658
129
2324
2061
2819
1031
1260
630
1198
2290
2500
835
778

