3076
2600
1706
2777
367
2285
1829
814
2927
1139
1024
3256
2076
797
1246
411
2710
2141
3064
872
2663
2922
1417
2359
2536
3254
1208
1731
1462
571
3133
2460
1808
189
45
2644
3029
509
2287
446
932
4
2565
2312
2192
1561
2924
3124
300
1310
2370
2603
2816
375
1815
1591
82
907
2478
809
2665
1918
3145
1887
1358
1805
3140
2464
1182
136
1662
1079
303
1911
2957
2468
2751
2188
2757
1902
337
3018
2998
884
1225
1568
2397
1531
736
2507
3239
1819
584
1864
1691
1594
983
3167
1362
2767
2024
1111
698
3154
807
3007
1338
2006
617
2056
820
755
1093
3047
1588
644
332
581
1426
3151
2609
576
1821
2334
1201
2164
2516
3305
1408
1612
1674
3026
1242
2541
2613
824
694
3288
686
2151
845
1283
3219
130
2763
388
679
203
32
1896
1492
1187
1423
52
2154
651
51
2745
2617
1156
2695
299
2942
1673
2845
1005
302
1602
1438
1057
2684
1742
1329
2453
2755
1244
81
2300
1517
789
2110
1935
2549
2222
1396
2556
3168
341
869
3056
3301
1895
465
2917
65
897
2165
3020
1724
2895
925
2658
2788
455
1354
140
89
1868
856
42
1402
1252
1136
476
3218
3204
36
238
296
1928
322
2333
1740
61
3249
1405
1409
707
1509
149
2407
1523
1290
173
271
129
2124
1006
999
726
2405
2861
558
1920
2495
2102
1227
2748
3148
2687
2590
137
3186
523
3016
782
810
866
2487
3061
3281
421
981
2354
2028
1370
703
344
23
1060
1410
2689
2021
2074
2631
193
3260
2800
1120
1388
3170
2969
1917
3263
2772
2932
2034
1541
233
1654
3171
2760
152
2176
1886
608
3202
973
1840
159
361
1743
2792
1962
1599
2254
2085
2146
552
2425
457
1703
2652
2277
1548
2186
2372
3226
781
942
2550
1565
1233
2371
3197
3053
2965
3203
2785
1749
2039
830
894
1639
1590
3000
1647
2993
1035
1545
2862
3068
2152
3120
633
2646
2270
24
1053
3087
769
1792
2570
416
1875
3001
2547
3034
1904
2157
0
183
2502
861
1400
417
902
840
1198
717
3185
632
1563
1533
1728
1494
2963
689
185
881
721
2649
1891
3157
1974
2594
2864
123
459
2510
3149
1267
3212
1204
1218
1961
1068
673
875
3233
1257
77
354
1050
2415
28
2054
770
1112
2519
1790
3030
594
1878
2061
3176
612
1993
1967
3125
667
1229
2223
606
3069
693
169
1989
2120
1123
920
2854
1447
2005
2651
2043
3035
351
521
808
2851
59
499
3161
3217
1683
1285
1344
2386
3280
1779
3050
2319
1970
502
1906
2156
640
3189
722
1223
1584
527
1759
991
3278
1461
222
2053
982
975
1164
1236
533
578
1528
1361
1501
1297
1793
3138
1843
216
151
1705
2981
2959
1337
2849
1374
3177
2690
1603
1042
857
1289
3211
2009
1485
2747
1138
1466
776
1950
3121
118
2289
1435
574
2954
2568
3303
2850
1890
1930
1192
1746
1216
477
1412
3252
363
1767
2532
2742
243
2298
2574
16
2450
1012
1436
1847
1741
55
497
2627
1614
1403
321
2001
1045
405
3113
2514
652
1729
1463
1340
568
210
356
2247
2224
1678
1056
1514
605
2457
964
2576
172
3067
331
2395
2089
1499
1445
1113
1294
262
1634
357
2733
2857
319
2879
1146
91
2206
1272
1324
1118
2939
186
2106
2038
1546
2620
2581
818
2835
1862
3269
3084
2169
2517
562
2951
187
1253
244
1322
2903
2439
1526
1762
2938
1260
2670
406
792
2605
234
1732
2018
3103
1744
681
2734
2714
1725
891
730
3009
3267
84
458
2099
2178
2524
2937
1530
544
2778
801
1605
278
734
2239
2759
2619
765
614
775
2246
204
2780
2341
2770
1850
1848
690
1155
1415
1973
142
2116
1062
2803
2634
1176
3173
2975
250
2097
3043
2381
540
147
1020
2680
1851
110
1869
531
2335
2321
2304
816
2175
2087
2972
2705
1000
517
1330
207
3132
696
827
2026
3128
3282
557
1226
2071
1693
2336
2303
2677
304
2635
994
402
1284
995
1966
2406
2675
2715
1031
3215
2046
2992
565
1905
1556
1179
2973
3134
2500
2847
86
3178
3292
923
2237
1089
1256
2699
1736
1802
2648
3273
3308
171
2825
1559
1189
1140
1780
474
1497
1800
748
1646
1428
1075
536
1794
2466
2147
2636
1885
2867
2496
506
3180
2090
697
1903
1822
1653
3077
2629
1734
255
3071
998
380
90
168
3097
2414
442
1560
2887
1234
3042
1826
3306
2994
410
885
311
393
1082
1616
779
2623
2390
2184
996
969
1679
3057
1753
3070
456
1641
2420
2118
349
1926
2331
2451
2177
2638
180
64
2219
2385
1845
181
329
1081
1659
2258
1672
626
1026
2048
347
788
2602
201
1193
784
984
2596
282
1934
1460
1899
2342
2204
3229
1018
928
2628
433
1865
486
2869
74
933
2447
3108
2923
469
2522
1874
655
912
1351
2398
2801
192
1073
2727
2030
3266
2135
2533
1059
1069
1092
831
854
1550
2920
1394
2280
2640
2107
2052
1814
1825
1932
113
1237
592
92
1855
2408
3136
1170
3142
1750
1635
906
2810
1836
1786
1828
643
1469
1823
1858
579
335
2885
1049
1982
2682
1585
2598
460
2622
1247
1686
345
2200
1648
580
641
1206
155
2779
946
938
1163
2212
927
710
3286
1838
106
422
3277
3158
2477
2575
9
2265
1160
2597
972
2881
714
3259
2761
2332
2139
1203
308
2943
1730
620
70
1831
3055
1495
1452
266
1623
392
2481
3201
434
2908
1429
248
968
2470
1141
3247
39
466
619
1086
1969
165
591
114
2036
2868
2050
2440
3037
2548
2433
2282
966
198
2256
481
1088
2962
2642
220
1665
2216
777
1327
249
1558
3080
1275
2545
10
1549
432
3010
2669
2694
889
961
1085
267
2552
2393
2264
1037
272
2011
1411
977
2249
184
1028
1976
1615
383
154
2062
2979
2588
3038
3044
246
195
2608
2950
2721
1065
1566
290
1796
3066
919
727
1818
1008
2072
860
624
175
1101
2096
2486
752
2508
2693
1268
1516
3172
2776
2365
2474
1391
3238
274
587
3109
1245
1985
221
1606
687
284
1789
796
2935
504
2221
2988
247
2167
448
277
1273
2952
950
3110
2007
535
1266
2291
1534
2566
3198
2941
1942
1265
3008
14
1852
2465
2233
2668
2144
2037
1631
408
336
2202
868
979
867
1610
1775
121
1765
500
1667
50
2226
2245
2768
1321
346
595
1924
1348
177
479
127
1084
711
1854
1952
2278
44
1677
2826
1520
3092
1424
2113
3294
1023
3083
532
1464
1025
2419
239
372
1230
2746
1171
480
1251
386
2639
2921
1383
1551
2173
812
1150
1039
2469
1576
944
3023
913
1803
1032
1190
75
1335
99
2130
1457
602
2771
2515
312
1318
2724
863
1458
1600
718
2711
628
2022
3284
1303
1323
1207
1346
529
2656
135
2410
2984
158
3188
2840
213
2320
1535
441
80
625
1455
3
3033
642
3123
2127
1596
870
3169
116
317
1431
3279
3210
1956
1437
2985
539
757
2353
1540
1161
2498
2075
2905
1129
3223
397
1043
2286
705
2473
719
2377
1262
821
3122
3159
2240
2114
590
3006
21
1
1292
2284
2860
413
790
990
1126
2529
1421
1017
1115
986
795
3194
1465
3253
1419
2463
1527
2815
1209
1704
2361
2808
1389
178
646
298
1912
661
3155
412
2865
3311
153
96
1386
2654
1191
959
2970
1029
593
3207
2133
600
1857
2773
167
2394
253
2143
926
2683
2430
2893
898
2585
229
2766
2872
2454
2877
3039
1116
1479
132
737
102
240
1459
542
2297
1946
1963
2376
1957
3054
2686
2610
2717
1701
1135
1655
2902
22
3245
1063
2276
35
1832
496
1214
2601
230
2966
3146
436
2852
2159
631
1371
429
348
2042
259
2480
3022
746
2805
1699
1430
1842
328
956
2207
2391
225
2185
1038
1657
732
2292
3257
1210
415
2379
2382
1940
1314
310
37
1131
1013
1046
3289
399
2302
1764
844
1901
2802
454
2446
1628
2912
1152
538
3250
2828
1248
650
2241
935
69
2786
3105
837
2525
1776
702
1114
451
3302
63
1611
2595
1109
806
1613
1098
2890
1827
1377
325
3095
83
241
2243
2296
1948
888
1768
235
2794
1577
2049
780
431
1543
2229
2351
368
3227
2364
618
1592
1376
2563
2633
615
1716
2262
217
1937
903
2723
613
1308
2426
3059
2149
674
2688
1839
279
2806
1003
2659
3112
616
1718
1175
2230
359
555
76
2960
2035
1162
3300
2704
3096
60
3099
1817
878
289
877
2713
805
1687
701
2781
1095
1249
2901
904
518
1365
1398
1503
2572
2558
1959
691
2445
1232
604
1188
742
3165
3297
2101
1945
2155
2560
974
3235
1949
1144
462
2846
1282
461
2268
108
3072
1420
1669
1061
95
2637
1066
1381
2743
453
2475
1304
2069
678
1650
161
2544
2569
2482
101
2814
2907
3160
365
3271
1004
895
1813
1231
3088
2123
1080
2307
622
1091
914
120
1350
3205
783
750
1879
489
1685
2084
366
511
1645
1695
2077
3285
472
3118
559
2956
1316
853
2103
588
1888
324
2350
2064
2355
823
960
2997
1971
435
1853
2702
1133
73
355
1727
2138
2360
488
2485
970
1798
1782
2308
1508
131
2946
1051
1620
657
2712
2555
2400
766
2807
1987
2813
1757
2065
3224
910
2511
1979
2914
1379
3079
256
1841
2413
162
2029
2630
800
2958
1094
2205
1621
3116
1311
2831
2316
403
2534
1907
2657
2008
1663
2625
896
3025
924
1880
182
2729
2528
1626
1158
301
1048
3028
525
40
2539
326
1571
358
430
653
1809
3162
2201
2506
2936
2612
2301
572
490
2553
3115
1990
2906
495
2880
611
2916
1145
1077
1604
2571
955
883
1954
1668
2618
2520
1735
1835
2424
1097
1070
2542
1491
635
1936
3058
1172
2328
563
1812
2947
1881
3153
1816
1482
2577
424
2931
967
1715
288
2782
2703
1538
194
798
1770
2121
817
38
2930
1241
314
680
2606
2431
3051
2706
2490
1488
2190
1834
760
1997
842
2812
232
2493
1511
2305
957
3094
670
1723
2821
771
1781
649
191
2863
2775
1914
1202
1519
677
2899
627
1755
3046
2327
2848
2855
543
598
2161
426
3100
583
1364
708
265
2455
561
2197
2980
2095
3013
373
3255
2041
30
747
3270
1184
2432
1427
2417
1149
2660
2137
629
892
2989
1824
1454
1255
1395
1142
1087
1916
3048
3166
524
2888
510
1117
2337
2582
2140
1607
2017
3287
890
3309
2948
2543
3101
1656
2819
34
1078
3107
1124
2346
2592
2374
1167
3127
1418
934
2655
862
1313
1806
212
48
2109
2928
1052
126
3241
778
2025
20
291
1713
603
1367
1450
2726
1670
1700
438
2314
2798
2299
414
1532
237
1681
2378
3164
1122
242
3073
3230
1352
1994
2886
146
2720
1105
3174
1467
1947
1274
1468
362
3244
1925
3220
1121
2423
3062
103
2429
2340
3237
1034
610
2063
2217
1174
1276
2818
2158
541
1393
2521
1929
2843
1747
1016
2387
323
2731
2859
297
2092
2497
3129
2032
1524
1515
1474
269
2421
787
1684
1385
2604
1513
992
1014
1552
1572
66
2512
1128
309
720
1200
418
33
1147
287
1342
3232
692
762
2719
2020
2527
724
2756
1487
1177
1102
2944
1629
164
1867
443
1783
2883
2180
3114
1883
261
1064
2929
849
1589
1498
3231
1910
2040
3147
1154
843
1270
2829
1044
638
2031
305
1539
1908
219
2488
1326
17
596
1312
3222
1625
2653
1804
2389
196
166
2373
1279
3011
449
1939
2718
1047
1157
396
2261
1269
764
470
3139
2403
704
751
2105
3130
833
1972
2853
3015
1688
2643
1476
952
886
1165
1404
2172
1305
419
208
695
2306
350
1143
3190
209
2404
858
2911
2275
231
437
475
257
2093
864
1529
2578
1309
1897
1280
2735
2329
2986
921
2195
2122
423
2647
2422
2073
699
575
1671
1195
811
128
2564
1859
2752
738
2257
1837
548
2894
1619
2964
150
2098
93
2208
2369
1877
3027
1988
2996
2160
671
586
1434
87
1810
88
1547
1709
2179
2762
1944
2830
1714
467
2047
1873
744
1598
3036
597
1900
1446
940
275
1931
1238
1860
1317
759
2171
31
420
1977
2363
1259
3060
1980
645
1569
1036
2769
1074
503
138
1785
395
3137
1720
2094
214
551
3268
573
2836
3090
2070
799
339
1433
745
197
3276
1444
2904
2681
550
2790
315
2961
2858
1660
1001
2983
404
1512
791
1240
2411
1250
1676
1473
2856
2080
3089
1758
1507
1689
528
1287
664
2263
1938
1919
1544
270
741
3065
2884
709
334
546
2066
1159
772
1927
1760
174
1872
1058
1345
1456
2356
156
1217
6
1258
794
1955
2088
988
1306
1090
2456
865
1349
1243
2754
1510
658
199
1334
2945
1219
2750
515
2611
1807
41
381
498
1103
2330
859
1107
2915
2434
119
822
582
1286
2793
2267
1968
1632
1958
739
379
1777
838
2523
1609
2214
1986
1100
3296
3307
1882
832
2580
1307
1486
1213
1359
2057
2991
3182
1707
716
1366
2784
2196
1399
2892
731
2375
585
1637
370
26
3199
1328
2368
2783
3304
98
1640
855
1505
2804
2934
2412
1500
2148
2427
1194
1425
2955
2765
1009
471
264
1820
1870
813
3104
1622
387
911
2691
2213
391
749
2866
3052
1630
485
2459
276
893
2827
1011
3085
2211
1697
2546
3191
2227
1183
939
3152
2918
1261
1392
2162
3163
1186
2112
133
200
2844
273
1574
2166
2044
1439
2129
1451
2067
2012
683
1384
841
1943
2774
2799
292
3290
922
1555
2294
566
1300
2685
295
7
1054
688
3275
2641
2384
1416
3299
3298
1769
3143
804
668
1506
1380
3193
163
2897
2583
2501
1477
507
728
57
2716
2199
1196
3179
1984
1336
1071
343
1235
97
773
1522
3074
2248
2579
2388
53
2189
607
3086
987
3031
530
2055
2839
522
2232
2926
2380
1173
1480
2584
2231
553
3310
2624
1137
675
2882
1733
2732
2242
1224
1537
2540
993
2870
2740
124
2322
280
1964
2557
2817
227
2253
774
1761
1587
1343
2220
160
2142
360
2452
1617
1578
1356
445
2259
2448
1754
3012
3242
2535
2193
2060
3063
962
2002
2013
13
1030
236
2315
2616
2348
2551
2749
468
3265
1666
2441
3228
2443
2730
2281
1787
374
450
1884
482
637
848
1475
1799
2871
2841
1557
2878
3049
2115
1470
1484
2252
1643
936
834
2004
850
846
3098
937
493
2016
1178
2128
1325
2953
1915
577
1406
2324
901
2913
2027
3213
2136
2587
1682
2707
3014
729
852
735
268
963
954
2401
1130
1072
491
1134
836
1889
307
3135
117
176
3181
1536
122
949
2479
283
2153
487
685
2003
761
2325
740
654
1830
2174
2476
1040
3091
1254
1295
389
2615
1913
320
570
425
2290
2250
2310
941
2678
2664
1368
623
1710
826
2458
394
2313
3243
2531
2191
2999
1562
1797
803
2593
564
352
2838
401
1690
428
384
665
49
1496
706
1763
3187
1378
1212
951
340
676
1390
211
1298
1166
1347
2058
2725
1422
407
569
1291
1288
505
2933
989
2461
1844
2059
1998
549
2809
1554
2271
2435
1375
3200
2692
3141
2163
839
2082
1624
2645
3175
251
648
2182
1353
2967
2503
18
377
1922
364
2228
2352
785
1015
3261
554
1221
815
802
899
2567
2889
905
2236
2274
1211
3262
1055
1849
2288
1909
567
1277
887
879
2982
663
1067
2357
2499
3150
2661
723
3293
2273
1863
917
712
2672
1642
1440
918
3183
2741
143
1441
2134
1748
2562
58
1401
1745
1702
2339
3093
2125
104
2418
1299
2728
15
1382
589
3216
945
512
1168
2409
2104
1580
1525
1633
318
1180
72
2987
1692
1573
2462
1518
1320
1717
2015
2091
29
1696
3209
1773
1658
1239
1996
2086
3075
828
1992
754
1099
793
2402
8
205
1737
3081
659
1414
753
2187
639
473
1222
2210
179
1876
2698
2875
1341
609
3005
2111
47
293
2949
3106
68
105
1363
1302
682
252
444
1664
1076
1332
2442
1751
1680
2833
662
43
1490
1795
929
1148
2471
281
353
2971
2119
1181
1504
1772
306
1331
1542
2000
3021
601
1472
2919
1489
2974
916
1360
1579
1752
2674
2326
2650
439
2787
1774
2900
100
2051
2599
1739
2758
1898
2561
2753
2347
1638
157
2170
2218
382
1991
930
2898
1866
2837
263
2586
2834
54
768
516
2484
733
971
1933
534
2317
3264
1002
2842
3002
758
1593
3248
1788
3291
3126
871
3131
1627
112
85
2737
188
385
1220
342
330
371
1448
656
3078
672
79
909
2700
2789
2283
2068
2891
1999
2820
700
3246
2183
115
2494
2311
1726
3082
2708
1582
2513
2345
2126
2978
1921
1205
876
2509
2977
398
2392
2343
2505
1893
537
1871
2198
144
2537
2293
378
2538
1981
660
2358
1965
1281
1293
1333
1449
545
2010
2323
25
980
2079
3111
2559
1271
2896
1264
19
2349
874
2697
1263
107
2045
2181
2472
965
2667
400
3221
2489
2662
2791
2318
109
1106
313
1387
1007
725
1125
1369
224
1151
880
2383
1784
1169
2676
3258
2709
1432
3004
1553
3156
2436
1711
953
2416
464
223
1846
1319
2673
1567
2145
2492
2739
2679
3032
1372
148
978
2738
2083
3144
1471
1483
1698
2295
2696
1278
1010
3283
2269
2225
2132
338
2526
2736
1811
2
756
2701
514
666
3234
452
520
294
947
556
2033
62
2251
2396
11
2764
2591
1618
1502
2266
786
139
1339
2279
3017
190
71
333
2014
958
125
2976
78
1215
1892
1608
526
1923
285
1597
2209
2437
369
2940
2504
1373
2722
2272
1185
2990
2909
1096
1675
2467
3019
228
3225
519
1586
218
1953
2260
873
1570
2795
2873
2491
3041
1355
1738
46
1756
2607
2309
3040
2874
1153
513
1708
2117
2796
2100
1442
2449
1652
501
915
1199
2811
3003
508
463
1694
599
1712
1296
258
684
2344
743
1791
1983
2023
1722
2632
3102
882
2744
767
440
2168
985
669
134
948
1022
2438
1771
1661
1027
1649
1601
2518
2235
2399
3045
3251
1960
1357
2824
2234
847
547
835
2832
647
715
2194
1127
621
2203
1108
2108
630
636
376
202
1041
2078
427
254
829
170
1951
2554
1941
1651
1583
67
1021
1132
215
1801
1083
447
1228
1301
900
1413
943
1975
226
5
2215
2822
2671
27
1644
1894
316
12
1861
1721
3236
483
2968
2483
3192
2255
484
3214
390
2910
2589
1481
1453
763
2238
1856
1978
1407
56
2666
1581
819
2925
2444
3024
3272
2244
1478
3195
145
286
851
1575
3208
3206
2621
1719
2081
3295
1595
1104
1019
2626
94
2995
1315
1778
1197
2367
1636
825
1033
2019
3184
2428
2614
2876
1110
1833
2366
245
1766
2338
3274
1443
1995
908
1119
3119
492
2362
1397
2573
1493
206
260
327
3196
1564
2797
2530
494
2131
2150
560
111
3240
3117
2823
409
713
976
931
141
1521
634
997
478

