1 1
2 0
3 0
4 1
5 0
6 0
7 0
8 0
9 1
10 0
11 0
12 0
13 0
14 1
15 0
16 0
17 0
18 0
19 0
20 1
21 1
22 0
23 0
24 0
25 0
26 0
27 0
28 0
29 1
30 1
31 0
32 1
33 1
34 0
35 1
36 1
37 1
38 1
39 0
40 1
41 1
42 0
43 0
44 0
45 1
46 0
47 1
48 0
49 1
50 1
51 1
52 1
53 0
54 1
55 1
56 1
57 0
58 0
59 1
60 1
61 0
62 0
63 1
64 0
65 1
66 1
67 1
68 0
69 0
70 0
71 0
72 0
73 0
74 0
75 0
76 1
77 0
78 1
79 0
80 0
81 0
82 1
83 1
84 0
85 0
86 0
87 0
88 0
89 1
90 1
91 0
92 1
93 0
94 1
95 1
96 1
97 1
98 1
99 0
100 0
101 0
102 1
103 0
104 1
105 0
106 0
107 0
108 0
109 1
110 0
111 0
112 1
113 0
114 1
115 1
116 0
117 0
118 0
119 1
120 0
121 1
122 1
123 1
124 1
125 1
126 0
127 1
128 0
129 1
130 1
131 1
132 1
133 0
134 0
135 0
136 1
137 0
138 1
139 0
140 1
141 1
142 0
143 0
144 0
145 0
146 0
147 1
148 1
149 0
150 1
151 1
152 0
153 0
154 1
155 1
156 1
157 1
158 0
159 1
160 0
161 0
162 1
163 1
164 0
165 1
166 1
167 1
168 1
169 0
170 0
171 1
172 1
173 0
174 0
175 0
176 0
177 1
178 1
179 1
180 1
181 1
182 0
183 0
184 0
185 1
186 1
187 0
188 0
189 0
190 1
191 1
192 1
193 0
194 0
195 1
196 1
197 0
198 1
199 0
200 1
201 1
202 0
203 1
204 1
205 1
206 0
207 1
208 0
209 1
210 0
211 0
212 0
213 0
214 1
215 0
216 1
217 0
218 0
219 1
220 1
221 0
222 1
223 0
224 1
225 1
226 1
227 0
228 0
229 0
230 1
231 0
232 0
233 0
234 0
235 0
236 1
237 0
238 1
239 1
240 1
241 1
242 0
243 1
244 0
245 1
246 0
247 0
248 1
249 1
250 1
251 0
252 1
253 0
254 0
255 0
256 0
257 1
258 1
259 1
260 0
261 1
262 0
263 0
264 1
265 0
266 0
267 1
268 0
269 1
270 0
271 1
272 0
273 0
274 1
275 0
276 0
277 0
278 1
279 0
280 0
281 1
282 1
283 0
284 0
285 1
286 0
287 0
288 0
289 1
290 0
291 1
292 0
293 0
294 0
295 0
296 1
297 0
298 1
299 1
300 0
301 0
302 0
303 1
304 1
305 1
306 1
307 0
308 1
309 1
310 0
311 1
312 1
313 1
314 0
315 0
316 0
317 0
318 1
319 1
320 0
321 0
322 0
323 1
324 0
325 1
326 0
327 0
328 0
329 1
330 1
331 0
332 1
333 0
334 1
335 1
336 1
337 0
338 0
339 0
340 1
341 1
342 1
343 1
344 1
345 0
346 0
347 1
348 0
349 0
350 1
351 0
352 0
353 1
354 1
355 1
356 0
357 0
358 0
359 0
360 0
361 1
362 1
363 0
364 0
365 1
366 0
367 1
368 1
369 1
370 1
371 1
372 1
373 1
374 1
375 0
376 0
377 1
378 1
379 0
380 1
381 1
382 0
383 0
384 0
385 1
386 1
387 0
388 0
389 0
390 0
391 0
392 1
393 1
394 0
395 1
396 1
397 0
398 0
399 0
400 0
401 1
402 1
403 0
404 1
405 0
406 0
407 1
408 0
409 1
410 0
411 1
412 1
413 1
414 0
415 1
416 0
417 0
418 1
419 1
420 0
421 1
422 0
423 1
424 1
425 1
426 1
427 1
428 0
429 0
430 0
431 1
432 0
433 0
434 1
435 0
436 0
437 1
438 1
439 0
440 1
441 1
442 0
443 0
444 1
445 0
446 0
447 0
448 0
449 1
450 1
451 1
452 1
453 0
454 0
455 0
456 0
457 0
458 0
459 1
460 1
461 1
462 0
463 0
464 0
465 1
466 1
467 1
468 0
469 1
470 0
471 1
472 0
473 0
474 0
475 0
476 1
477 1
478 1
479 0
480 0
481 0
482 0
483 1
484 1
485 1
486 0
487 0
488 0
489 1
490 1
491 0
492 0
493 0
494 1
495 0
496 0
497 0
498 0
499 1
500 1
501 0
502 0
503 0
504 0
505 1
506 1
507 0
508 1
509 1
510 1
511 1
512 1
513 0
514 0
515 0
516 0
517 0
518 0
519 1
520 1
521 0
522 0
523 0
524 0
525 1
526 1
527 1
528 0
529 1
530 1
531 1
532 0
533 0
534 0
535 0
536 1
537 1
538 1
539 0
540 1
541 1
542 0
543 0
544 1
545 0
546 1
547 0
548 0
549 1
550 0
551 1
552 0
553 1
554 1
555 0
556 0
557 1
558 0
559 0
560 0
561 0
562 0
563 1
564 0
565 0
566 1
567 1
568 0
569 0
570 0
571 0
572 0
573 0
574 1
575 1
576 1
577 0
578 1
579 1
580 0
581 1
582 0
583 1
584 1
585 0
586 0
587 1
588 0
589 1
590 0
591 0
592 0
593 0
594 1
595 1
596 1
597 1
598 0
599 1
600 0
601 0
602 0
603 1
604 0
605 0
606 1
607 0
608 1
609 1
610 0
611 1
612 0
613 0
614 1
615 0
616 0
617 1
618 1
619 0
620 1
621 1
622 1
623 1
624 0
625 0
626 1
627 1
628 0
629 0
630 1
631 0
632 1
633 0
634 0
635 0
636 1
637 1
638 0
639 0
640 1
641 1
642 1
643 1
644 0
645 0
646 1
647 0
648 0
649 0
650 0
651 0
652 0
653 0
654 0
655 0
656 1
657 0
658 1
659 1
660 1
661 0
662 0
663 0
664 1
665 0
666 1
667 1
668 0
669 0
670 1
671 0
672 0
673 1
674 0
675 0
676 0
677 1
678 0
679 0
680 0
681 0
682 1
683 1
684 0
685 0
686 0
687 1
688 1
689 0
690 0
691 1
692 0
693 0
694 1
695 1
696 0
697 0
698 1
699 0
700 0
701 0
702 0
703 0
704 0
705 1
706 0
707 0
708 1
709 1
710 1
711 0
712 0
713 0
714 1
715 0
716 0
717 0
718 1
719 0
720 0
721 1
722 0
723 1
724 1
725 1
726 0
727 0
728 0
729 0
730 0
731 0
732 1
733 0
734 1
735 1
736 0
737 0
738 1
739 0
740 1
741 1
742 1
743 1
744 1
745 0
746 1
747 1
748 0
749 0
750 0
751 0
752 0
753 1
754 0
755 0
756 0
757 0
758 0
759 1
760 1
761 0
762 0
763 1
764 0
765 1
766 0
767 0
768 1
769 0
770 1
771 0
772 0
773 0
774 0
775 1
776 0
777 0
778 0
779 1
780 1
781 1
782 1
783 1
784 1
785 0
786 1
787 1
788 1
789 0
790 0
791 1
792 1
793 0
794 0
795 0
796 1
797 1
798 1
799 1
800 1
801 0
802 1
803 0
804 1
805 1
806 1
807 0
808 0
809 1
810 1
811 1
812 0
813 0
814 0
815 1
816 0
817 0
818 0
819 1
820 0
821 0
822 1
823 1
824 1
825 0
826 0
827 1
828 0
829 0
830 0
831 0
832 0
833 1
834 0
835 0
836 1
837 1
838 0
839 0
840 1
841 0
842 1
843 0
844 0
845 0
846 1
847 1
848 1
849 0
850 1
851 1
852 0
853 1
854 1
855 0
856 0
857 0
858 0
859 0
860 0
861 1
862 1
863 1
864 1
865 1
866 0
867 1
868 0
869 0
870 1
871 1
872 0
873 0
874 0
875 1
876 0
877 0
878 0
879 1
880 1
881 1
882 0
883 0
884 1
885 1
886 0
887 0
888 0
889 1
890 1
891 0
892 0
893 1
894 0
895 1
896 0
897 0
898 0
899 0
900 0
901 0
902 0
903 1
904 1
905 0
906 0
907 0
908 1
909 0
910 0
911 1
912 0
913 0
914 1
915 1
916 1
917 1
918 0
919 1
920 1
921 0
922 1
923 1
924 0
925 0
926 0
927 0
928 0
929 1
930 0
931 0
932 0
933 0
934 1
935 1
936 1
937 0
938 1
939 0
940 1
941 0
942 0
943 0
944 0
945 0
946 0
947 0
948 1
949 0
950 1
951 0
952 1
953 0
954 0
955 1
956 1
957 0
958 0
959 0
960 0
961 0
962 0
963 1
964 1
965 0
966 1
967 1
968 1
969 0
970 1
971 1
972 0
973 1
974 0
975 1
976 1
977 0
978 1
979 1
980 0
981 1
982 1
983 0
984 0
985 1
986 0
987 0
988 0
989 1
990 0
991 0
992 0
993 1
994 0
995 0
996 1
997 0
998 0
999 1
1000 0
1001 0
1002 1
1003 1
1004 1
1005 0
1006 1
1007 0
1008 0
1009 1
1010 1
1011 0
1012 0
1013 0
1014 1
1015 0
1016 0
1017 1
1018 1
1019 0
1020 0
1021 1
1022 0
1023 0
1024 0
1025 1
1026 1
1027 0
1028 0
1029 0
1030 1
1031 1
1032 1
1033 1
1034 0
1035 1
1036 1
1037 0
1038 1
1039 1
1040 1
1041 1
1042 1
1043 0
1044 0
1045 1
1046 1
1047 0
1048 1
1049 0
1050 1
1051 0
1052 1
1053 1
1054 0
1055 0
1056 1
1057 0
1058 0
1059 1
1060 1
1061 1
1062 1
1063 1
1064 0
1065 0
1066 0
1067 1
1068 1
1069 1
1070 0
1071 0
1072 1
1073 0
1074 1
1075 1
1076 1
1077 1
1078 1
1079 0
1080 0
1081 0
1082 1
1083 1
1084 1
1085 0
1086 0
1087 0
1088 1
1089 0
1090 0
1091 1
1092 0
1093 0
1094 1
1095 0
1096 1
1097 0
1098 0
1099 0
1100 0
1101 0
1102 1
1103 0
1104 1
1105 0
1106 1
1107 1
1108 1
1109 0
1110 0
1111 0
1112 0
1113 1
1114 1
1115 0
1116 1
1117 1
1118 0
1119 0
1120 0
1121 0
1122 1
1123 1
1124 1
1125 1
1126 0
1127 0
1128 1
1129 0
1130 0
1131 1
1132 1
1133 0
1134 1
1135 1
1136 0
1137 0
1138 1
1139 1
1140 1
1141 0
1142 0
1143 1
1144 1
1145 1
1146 1
1147 1
1148 1
1149 1
1150 0
1151 1
1152 0
1153 0
1154 0
1155 1
1156 0
1157 0
1158 0
1159 0
1160 0
1161 1
1162 0
1163 1
1164 1
1165 0
1166 0
1167 0
1168 1
1169 1
1170 1
1171 1
1172 0
1173 1
1174 1
1175 1
1176 0
1177 1
1178 1
1179 1
1180 0
1181 1
1182 0
1183 1
1184 0
1185 1
1186 1
1187 0
1188 1
1189 1
1190 1
1191 1
1192 0
1193 0
1194 0
1195 1
1196 0
1197 1
1198 1
1199 1
1200 1
1201 0
1202 0
1203 1
1204 0
1205 1
1206 0
1207 1
1208 0
1209 0
1210 0
1211 0
1212 0
1213 0
1214 0
1215 1
1216 0
1217 0
1218 0
1219 0
1220 0
1221 1
1222 0
1223 0
1224 0
1225 1
1226 1
1227 1
1228 0
1229 0
1230 1
1231 1
1232 1
1233 0
1234 0
1235 1
1236 1
1237 1
1238 1
1239 0
1240 0
1241 0
1242 0
1243 1
1244 0
1245 1
1246 1
1247 0
1248 1
1249 1
1250 0
1251 1
1252 1
1253 1
1254 0
1255 0
1256 0
1257 0
1258 0
1259 0
1260 1
1261 0
1262 0
1263 0
1264 0
1265 0
1266 1
1267 0
1268 1
1269 1
1270 0
1271 0
1272 0
1273 1
1274 0
1275 0
1276 0
1277 0
1278 1
1279 1
1280 1
1281 0
1282 0
1283 0
1284 1
1285 1
1286 1
1287 0
1288 1
1289 1
1290 0
1291 0
1292 0
1293 1
1294 1
1295 1
1296 1
1297 0
1298 1
1299 1
1300 0
1301 0
1302 0
1303 1
1304 0
1305 1
1306 0
1307 0
1308 0
1309 1
1310 1
1311 1
1312 0
1313 0
1314 0
1315 1
1316 0
1317 0
1318 1
1319 0
1320 0
1321 1
1322 1
1323 0
1324 0
1325 1
1326 0
1327 1
1328 0
1329 0
1330 0
1331 0
1332 1
1333 0
1334 1
1335 0
1336 0
1337 0
1338 0
1339 0
1340 0
1341 1
1342 1
1343 0
1344 1
1345 0
1346 1
1347 1
1348 0
1349 1
1350 1
1351 1
1352 0
1353 0
1354 1
1355 0
1356 0
1357 0
1358 0
1359 0
1360 0
1361 0
1362 1
1363 0
1364 1
1365 1
1366 1
1367 0
1368 1
1369 1
1370 0
1371 1
1372 1
1373 0
1374 0
1375 1
1376 0
1377 0
1378 0
1379 1
1380 1
1381 1
1382 0
1383 0
1384 0
1385 0
1386 1
1387 0
1388 1
1389 0
1390 0
1391 0
1392 0
1393 0
1394 0
1395 1
1396 0
1397 0
1398 0
1399 1
1400 0
1401 1
1402 1
1403 0
1404 0
1405 0
1406 0
1407 0
1408 1
1409 1
1410 0
1411 1
1412 0
1413 0
1414 1
1415 0
1416 0
1417 0
1418 0
1419 0
1420 0
1421 0
1422 0
1423 1
1424 1
1425 0
1426 0
1427 0
1428 1
1429 0
1430 1
1431 1
1432 0
1433 0
1434 0
1435 1
1436 1
1437 1
1438 1
1439 0
1440 1
1441 0
1442 0
1443 0
1444 0
1445 0
1446 1
1447 0
1448 0
1449 1
1450 1
1451 0
1452 1
1453 0
1454 0
1455 1
1456 0
1457 1
1458 0
1459 1
1460 1
1461 1
1462 0
1463 0
1464 1
1465 0
1466 0
1467 0
1468 1
1469 0
1470 1
1471 0
