878
1203
2761
715
1629
2604
2480
1987
2779
1612
2777
1080
720
540
2833
264
2281
1032
223
201
1493
431
808
2887
267
727
989
1879
2170
584
1858
792
672
964
171
628
1934
1837
2929
1035
2240
268
1495
1434
2012
1864
995
487
1888
1504
1373
936
2078
2796
2001
2303
2428
1531
1078
429
2824
2670
1027
356
2289
2650
2780
2572
2084
2389
1511
2483
1104
1862
194
1265
2829
1185
665
985
1132
114
947
943
1154
782
407
1295
527
1927
575
938
1768
729
2101
1443
263
1600
365
2505
780
2634
2331
16
613
58
2407
1883
643
1581
1018
1507
838
1220
1066
1189
911
2463
1957
960
2457
1014
2738
2704
1288
2181
9
1108
1299
2291
1444
62
2582
1368
474
339
35
2459
861
679
1773
0
334
515
1487
1706
1256
336
12
1514
2866
2412
1622
2848
1942
1308
110
1526
1273
830
271
1721
569
1745
1617
1781
2524
1755
2872
2769
1567
582
1376
1423
1451
1863
1089
2602
2571
2274
2794
1694
1505
2460
2873
2438
1065
2472
2711
1177
1794
2451
2479
2749
104
2623
686
1278
687
2569
2031
133
1209
2737
568
827
275
673
108
2059
1155
2453
1123
1152
1100
2348
1831
1510
2243
1263
2350
325
2450
2302
1200
464
1920
2127
2658
2060
142
1571
1898
746
2423
854
1261
513
1015
1994
2144
2209
1105
2559
2435
123
1940
332
1719
823
2622
1782
616
1240
2042
1450
2471
2174
980
161
765
925
118
1084
1963
2467
1138
845
2615
2660
488
416
939
1677
716
626
2553
1690
1091
129
1985
1238
1633
2486
483
1121
343
907
1349
311
2473
112
2715
1198
2152
91
578
2758
910
1746
967
1180
367
2039
802
1439
2383
361
2651
591
322
2892
553
2497
2165
2195
40
1141
1472
2427
915
396
2864
1336
719
137
2534
2193
1025
1249
1653
1456
1181
1784
377
883
1139
185
956
1560
1342
30
2024
2726
1951
916
1828
549
2145
360
317
312
2396
116
2666
1082
1601
994
560
831
922
2036
724
2257
1638
674
2721
2021
2199
447
335
313
1903
1658
636
244
2376
202
572
601
2366
600
617
1728
1734
2510
706
1533
1350
924
1545
2382
1793
2002
1464
2025
300
1329
330
1309
22
2581
2426
461
1009
2164
1236
624
2614
73
1659
1354
1916
1538
603
1460
555
875
1506
1732
2386
1709
2867
1300
790
2923
2468
2461
2347
2861
472
944
1688
2889
2487
2937
2677
2640
625
2633
1932
103
303
1953
1094
2493
248
2517
2323
1964
678
413
2124
2229
2502
526
1183
180
860
2706
2891
1385
725
2652
2217
604
1899
371
1981
534
2241
2481
2741
1804
1637
1096
2788
1853
1086
2300
1582
1337
1432
2022
43
1463
2268
710
1134
2182
2139
1678
2339
2077
5
928
2221
306
65
1544
1938
841
344
289
39
801
287
1921
1470
2676
532
1239
387
2809
2621
2895
974
2
1624
2501
1190
2128
206
1668
2753
1865
421
249
2727
2391
125
191
2625
1208
646
2104
2155
2918
2896
2530
165
2664
1414
1528
2455
1367
2897
1277
1682
2255
2902
2619
2132
2446
1058
2362
2527
2673
543
2747
1779
2787
449
1919
1293
2307
1876
1501
1158
699
728
258
2682
2385
722
130
1657
873
870
1171
772
514
901
2843
2409
1137
1807
2638
211
389
1790
1836
63
391
1393
2519
1264
2642
2317
2180
2613
1386
496
2828
2686
349
210
1851
438
1353
2146
1700
880
10
908
2696
2729
340
383
97
2125
1316
2353
1128
1296
1667
2740
2014
2284
2046
124
612
1547
1196
212
963
1731
2537
386
452
1618
1465
2010
1825
536
796
2549
57
209
2344
1160
1172
1042
426
84
477
418
2116
292
1344
1029
1219
1715
443
611
2557
2263
2768
652
2185
1515
480
2156
1631
791
52
842
2587
1481
932
2214
1717
399
2226
2416
1107
999
2671
1559
1013
826
2546
1232
2834
1331
2176
2712
588
1897
1381
1275
2027
1774
2913
2057
2200
594
2220
362
1918
1061
1529
2598
1968
2196
2420
2938
2034
135
2791
2616
2693
637
1655
1150
1398
557
2108
957
1305
2208
2011
1087
1503
503
2355
1332
2137
2280
2356
766
2149
2540
270
2235
2028
119
1955
1036
945
1608
517
504
1696
2940
89
2089
1605
2842
914
858
1274
128
183
1872
2141
1067
2102
284
230
82
2605
485
1685
921
1743
859
1636
2250
693
430
2506
2260
2395
2100
799
1323
763
2067
56
1214
38
2247
176
423
2909
1071
173
676
2143
1113
2462
701
1854
2756
2068
145
44
42
1453
975
2212
232
2684
900
834
1692
2254
242
2122
632
631
1562
663
648
2507
1726
293
2939
1826
2586
1625
1477
1306
1034
779
1262
703
2697
1363
265
2863
1164
440
737
1005
647
395
2053
1019
2016
695
1193
2474
1307
1801
253
1480
596
2346
1681
807
299
705
2015
2702
229
895
2236
2880
619
136
2158
1725
2922
2554
53
570
1880
456
1766
93
1043
2037
1257
427
1088
1713
234
1575
576
8
231
539
2071
189
656
2421
419
228
2739
262
2048
2743
14
357
34
1520
2812
208
1226
2599
881
1822
2454
2329
1245
2169
2661
2148
669
1384
1408
186
717
1297
2543
1165
1358
203
2310
2810
1704
1646
433
2874
2819
2136
2636
1287
269
1906
204
1555
1663
581
111
505
1469
1643
1741
934
1161
2233
1448
2523
1490
1166
1594
986
2869
1039
255
2188
448
1956
2683
1231
1192
2359
2134
495
850
329
2293
2716
354
261
368
741
2138
2429
1117
2901
1396
2163
1438
352
2644
1972
2773
1382
1799
2333
1492
1322
639
506
814
1508
1215
1426
1247
1923
2620
385
341
2541
2161
2335
798
1818
2719
1664
2520
2013
2478
139
2669
2830
2018
1778
2748
937
408
2679
2707
2529
463
2931
2801
2813
2352
2213
512
1348
2444
899
2806
1413
2736
837
1298
17
1125
607
2603
606
1670
2859
1569
2192
2807
547
1468
2414
2358
2876
662
282
1577
207
2698
404
390
1281
2492
1517
2202
531
2555
288
1980
538
1179
1500
1602
2592
1120
1419
1992
1422
1558
1669
392
1446
2590
1371
1357
467
2017
85
1812
2422
233
2439
345
2765
2270
1763
913
567
1886
991
245
2508
664
1551
1011
1259
629
2099
2290
1570
1455
2799
2906
969
2932
990
2232
1611
459
809
1458
366
2822
2365
571
320
1163
548
1845
2191
1532
1012
2734
868
2443
2050
2772
2120
2357
384
970
1416
2498
48
711
889
414
1808
756
917
1406
277
1294
683
2583
898
2490
2378
1684
379
774
2224
836
1475
174
106
2401
1789
2079
2282
767
872
1471
2166
2160
382
2759
819
585
2567
1644
2883
824
855
1004
239
864
1926
954
690
583
195
80
1224
2094
79
2225
1716
623
561
2725
460
2413
1411
1598
120
2297
1407
1491
2367
2379
1380
675
1806
1908
2526
784
393
1796
172
1115
2218
224
469
1427
1765
2764
1869
1979
2093
2204
1111
610
853
2360
471
1549
909
2511
2789
2388
33
146
1311
221
1457
2107
1429
2442
1947
478
1365
876
436
181
770
1140
2754
2206
2177
1047
2515
2351
454
1437
428
2051
1750
2238
933
1502
200
2157
2005
2853
2227
1539
286
1557
101
497
1651
2147
131
940
1687
2854
621
2708
1449
771
1948
1053
2286
1431
500
1620
1272
2070
302
1387
1525
1867
638
2328
1583
1943
1428
2106
154
546
2845
997
2117
2924
2061
1485
1729
2159
1647
2835
2606
1639
949
1905
1969
2126
1933
2816
1159
1204
1817
1925
1565
781
1476
273
70
1122
923
2811
1698
2703
760
1941
484
20
2285
2273
501
1915
1418
2121
21
1993
843
2056
2566
1847
2528
1776
562
981
364
1478
743
274
2858
2342
1377
1068
2403
489
1142
1830
776
1243
281
926
1815
1144
1228
2201
653
1767
1050
358
2402
1718
565
2203
291
2162
590
520
1191
2709
1752
902
2593
98
1672
2234
1576
1936
2123
1950
397
1327
558
2838
2326
1312
2795
164
150
955
1252
1383
816
184
121
394
2617
788
2856
731
198
1170
579
2392
1173
2804
839
1056
1645
750
849
1441
1848
1388
1904
2246
1223
2575
1939
2231
2074
2930
31
2090
787
698
441
2361
1680
723
2033
2408
2062
2718
1124
661
246
1064
2516
2881
1102
682
1816
297
1291
2272
95
1241
295
2916
1805
694
1038
1966
2239
148
1800
1313
2340
2808
1346
976
1328
363
2579
168
2714
1873
2778
2287
1360
1341
930
1829
411
1409
508
1747
2720
529
451
1052
1325
2026
2855
2694
748
2081
32
2771
1330
1442
758
19
931
1370
1609
420
257
225
832
156
2860
1028
2349
556
1965
2306
266
609
2865
742
1255
2114
1742
1098
2563
1662
96
2288
458
250
1244
2371
1604
566
378
2171
1840
2936
1156
18
574
713
2695
726
2839
1269
401
2296
167
890
2319
754
732
2445
1397
2907
1095
785
1566
2496
1882
1579
821
439
2512
2655
376
996
1227
541
897
1592
122
736
326
90
833
1901
1803
817
2659
888
2314
1546
1362
1000
318
216
1433
1199
761
2456
219
874
2690
2397
2337
912
869
1580
2921
2871
961
2151
410
1127
1233
481
182
1063
2325
1627
2722
762
222
2417
2437
1126
2264
2258
2933
1783
1116
1749
1169
457
1861
2665
1543
2654
2645
2728
2782
72
1978
2466
1859
1954
2316
1482
973
2259
1542
1788
27
2245
948
1586
2205
2230
99
2536
971
1059
2561
1017
434
2418
2548
2370
1304
1744
2304
2793
2630
982
241
1686
885
1176
2113
1975
2746
175
1593
614
86
935
355
331
285
2744
1589
2894
260
316
987
1711
1740
2662
66
2886
2275
630
951
1153
149
894
1634
516
1474
1630
887
1085
2044
2244
1623
2008
2276
1821
353
2308
1656
1143
321
1798
2251
2489
372
1049
2589
75
1759
2441
455
347
2267
490
1913
2465
708
1827
2133
525
1467
2082
1666
677
1931
205
620
1026
47
1205
886
805
2691
2774
1914
1811
739
2681
2595
2509
2934
2167
777
545
681
298
797
2551
2091
1405
1697
1737
1522
226
1286
818
2172
1486
432
1301
24
2262
2129
535
840
307
1003
2399
1488
1974
1260
659
1949
946
2544
1303
2154
238
1802
1054
2372
1780
1909
959
1946
1591
115
2672
2900
1833
2624
1770
1147
13
2832
450
1787
2252
2745
159
2535
2434
2088
1988
2570
2043
26
398
1635
1254
709
2265
422
2647
2723
2580
2885
564
350
143
1436
1109
759
290
1118
1762
309
442
2751
406
2216
1878
2862
1962
2607
2762
1339
815
134
2678
2742
1222
1062
373
2558
2064
1842
1757
1271
1739
475
1279
466
2343
2004
1372
388
2494
2910
74
1894
36
243
702
2500
2184
654
2920
1769
2398
753
1403
319
1333
1326
2917
846
1824
1090
847
240
256
2433
559
178
2852
589
435
2279
640
153
1318
2404
1174
2215
2911
2689
1424
1216
1855
2905
1149
2019
1335
1045
272
992
1023
2118
786
338
1366
884
1447
1599
1
1334
493
192
580
2903
1420
163
1024
773
1401
2040
2584
2513
1891
2448
59
2054
1483
2641
1136
2755
1498
2253
755
920
2724
1133
904
83
67
2312
1390
1076
852
927
61
1010
2560
1361
1083
1201
214
251
812
144
2594
213
978
592
1935
2576
2717
1761
828
1615
1924
1097
170
2488
109
1707
1892
707
1640
2119
697
696
1902
1270
482
882
1760
879
1603
2105
446
2550
968
2432
2210
1002
2790
1237
1454
666
2675
2776
2394
2840
2410
2271
60
2596
2888
1338
1568
402
1775
2364
445
1885
470
979
310
2525
2632
2849
2649
3
2131
138
1280
1041
375
863
215
1834
64
2732
1048
220
552
254
1253
2531
747
2504
2178
2577
660
2608
2612
1756
1276
1984
1660
2781
2699
2305
1374
1613
2629
1702
1494
2072
2565
984
2186
1945
1131
1650
1321
1606
1705
1976
1983
1973
2482
2803
1708
2542
1129
2313
179
1929
2069
502
2668
1217
190
2085
1809
2477
1351
1310
1777
1675
2198
1369
2928
1521
2846
835
2354
132
2919
2767
2618
775
1523
1445
2009
2179
29
1691
11
1178
1194
2757
2130
2261
2030
2377
2380
1536
2140
2817
2626
2219
2637
140
1499
2096
1462
1182
158
217
2248
227
2322
1552
1912
2499
952
1103
2249
473
6
2635
2879
1242
283
1841
820
704
486
2610
2032
789
523
633
2110
1452
1021
1007
2311
1364
1754
2915
1895
1033
1246
1871
618
2411
2688
714
2562
381
1092
877
1284
918
1251
1733
2521
2899
670
1075
658
605
2591
2321
2680
2266
829
1479
602
1990
550
1727
141
1572
1106
749
88
2327
1195
2065
2831
2784
49
1266
1202
627
2153
1574
2847
380
905
50
2390
7
23
2503
1595
1730
1250
1703
2207
157
848
2228
2518
2484
533
856
1389
892
2532
2211
1221
635
2150
1210
1554
530
1016
1642
2387
2713
1654
1843
2475
2097
2514
236
324
1846
2783
2115
37
1961
2851
314
2700
276
1712
680
247
1982
1320
684
769
2470
1290
1877
2111
950
151
2058
577
733
2373
1345
554
2103
2369
444
2320
2611
1072
1268
2047
2045
1632
305
650
2877
966
2646
2821
1110
405
1440
2884
252
2075
671
867
1375
1693
778
1057
2384
280
1699
800
962
1404
1736
655
308
1952
825
524
649
1218
563
544
644
2823
2893
1197
537
1225
1989
2283
641
1267
1314
1070
1856
127
412
2087
2735
1512
1496
1055
2926
400
2330
685
1578
117
1167
2574
2464
1415
2797
598
2692
342
55
1764
745
586
740
2628
2750
1248
2007
2375
1911
468
691
2092
1537
77
2875
1282
1652
1771
1417
893
1714
519
1187
1671
2430
2836
87
68
102
2332
337
2792
1319
2820
1922
1596
509
1509
1119
370
1573
1710
1751
2449
403
2609
803
1230
1077
1186
822
1683
437
2063
1724
2452
1735
2564
2083
1394
1548
551
2878
25
1917
2076
851
521
2038
688
1839
2643
1099
1792
1959
348
1619
721
2912
1074
2600
2190
1258
942
2425
1695
1234
1607
2173
81
1588
2080
734
595
41
2405
1145
1785
1229
1527
1722
1967
2837
2568
166
573
692
1900
2419
218
1516
1519
1302
2073
2800
1868
1772
2406
1720
2588
2066
54
929
315
1977
794
718
2898
1001
1030
2844
1518
2578
2142
1585
1561
1379
374
1584
1093
71
1893
528
2653
1889
2440
169
1060
2597
2495
919
1162
2393
2701
237
1907
862
806
2277
196
2908
1412
2363
1184
304
2522
2547
1553
972
1175
958
1292
296
599
491
1213
1849
768
415
2256
2341
2639
1157
1206
333
51
2763
2095
1235
1616
1044
155
1960
2552
2631
1008
668
1347
2424
1355
2927
1997
1930
126
953
757
615
793
2786
2815
1146
2436
651
1207
476
700
2573
813
2294
94
2890
1073
1832
903
608
1006
92
2292
866
587
730
2187
2197
494
2301
1597
323
1046
2400
1212
645
511
2601
46
1461
2656
2710
1910
1051
479
2049
1315
259
2785
1641
657
1786
2458
1484
2278
810
107
906
1944
1168
2914
2667
1101
1112
2415
1813
2431
2663
1689
2533
2029
492
2324
2000
783
983
2814
1748
1289
369
2345
1022
2269
1541
2168
891
1421
2802
988
2041
1151
1870
1459
351
1674
977
1399
1614
2485
507
1838
2827
1524
2006
2469
2491
2585
1679
522
752
1626
689
1037
896
1991
409
346
1649
498
1535
2826
2775
2870
197
2752
1884
417
1810
4
1648
795
1928
1971
1621
2685
2857
2338
1590
1995
1814
1340
301
2381
2112
1795
1958
2055
1881
2627
2194
1020
2818
2374
1791
100
462
2476
510
1844
105
162
2318
1497
15
1564
1114
1723
518
744
328
453
2687
1466
2135
2298
1410
2730
294
327
2052
1081
1860
2035
1896
2175
2242
2841
712
2539
2538
1875
235
193
1352
2109
187
1996
1758
1317
2237
1563
1188
1556
1890
738
2447
1866
2805
2222
1823
2705
2904
542
1937
2770
177
1359
2941
2648
751
1628
1400
2925
1324
1040
593
1857
2850
69
1130
1148
1513
1395
2545
2098
1986
1676
2086
1540
1738
597
1031
1970
1343
199
1661
642
965
1819
844
1425
2299
1135
279
1378
1402
998
1534
1283
811
1874
1753
499
2295
1079
2183
1391
2657
2935
941
1701
1999
2760
1587
1550
622
147
735
2023
1530
465
2020
764
634
45
2825
2766
2336
2309
2223
1820
1665
2798
359
2003
1998
1430
28
1835
1610
160
2733
2674
804
1850
1356
2334
865
1797
76
1211
425
188
1285
993
152
1489
2882
1852
78
2868
1887
1673
1069
1473
667
871
2315
2189
113
857
2556
2368
1392
424
2731
1435
278

