136
2857
856
2743
1139
438
2716
1224
2482
2112
726
650
1086
926
1834
425
2209
288
2328
134
358
2223
2914
2909
2550
217
1280
1407
1829
2817
68
1486
2711
723
2390
1555
1400
1433
2226
666
560
2879
303
769
1395
1724
315
635
1699
531
837
906
383
2457
1312
1871
300
137
289
748
2287
1499
1753
2887
819
1940
2771
164
82
830
2426
485
298
364
1893
2213
1889
153
2586
1039
2516
2377
1918
33
1826
248
15
379
1588
1874
219
458
2179
1050
535
2648
497
1105
2637
955
2184
359
1153
928
2277
734
161
2358
81
193
729
2595
196
2913
184
1704
1950
48
1720
44
1580
1767
2164
2024
803
1572
2669
1068
1748
1313
32
1532
442
2671
2934
1587
1326
638
102
2503
2074
1763
1526
2779
1583
2225
1414
2091
1420
1713
65
341
775
265
1190
2293
1798
2041
2737
158
2229
1013
1110
1993
482
312
1907
1880
858
682
1900
1507
1152
2236
2072
95
1328
2270
917
502
1943
2068
2874
2117
801
1651
22
1273
757
1675
790
1542
2480
72
2045
1115
1783
2411
883
2247
866
1876
2156
2729
1335
2805
2658
79
2870
1927
957
2008
1669
2215
877
1397
373
2854
1585
2456
1700
645
796
695
240
257
1061
183
1961
855
2181
687
2872
2187
2896
332
2153
865
2089
630
1867
2364
1635
1846
2589
1754
2391
1303
1176
119
1945
413
832
229
459
1680
2567
1204
94
508
25
1912
689
970
2141
2820
154
665
1045
2394
1887
2547
236
2645
816
2652
110
1964
2933
647
2069
2464
1154
21
1113
1211
1437
503
2347
2132
505
2296
1124
1804
486
2841
1314
2750
987
1735
2289
2038
2561
388
118
567
2388
141
8
363
2744
1391
1821
1744
2552
24
1645
139
1006
2152
1161
2783
2810
1221
610
2312
2535
918
1757
35
2517
284
252
1331
924
1227
2582
2015
1774
2773
578
2050
368
2308
1994
421
1578
1824
980
2299
66
1586
2282
1175
1373
1895
2372
1415
351
2508
2894
2912
2241
2170
2268
588
783
1830
1269
1853
2551
146
1890
2397
2099
1627
1237
963
1062
659
71
181
835
1760
1797
738
323
2314
2477
1690
1850
2431
58
1820
1096
1091
919
2013
2344
1196
702
620
237
251
2766
1625
2832
491
860
2439
1462
2054
1002
369
1571
549
2882
192
719
1955
2634
1856
2143
1733
2192
1799
76
1028
2649
320
1260
1710
812
378
108
1873
1210
2521
152
1501
2311
2790
2930
519
2787
846
1403
2741
724
321
2620
1920
771
1951
2398
419
2529
2076
2608
1521
2929
569
2062
824
37
2668
1487
1919
2163
2341
1172
2939
2705
1465
1467
1693
204
2046
713
2559
1632
484
107
2233
439
968
2448
568
2346
2303
170
243
997
2255
2864
1456
2438
844
1543
2654
2036
730
462
2283
371
100
1653
1597
1536
1836
2318
2479
810
2416
9
2686
1166
1655
589
399
2340
725
2420
354
293
1565
106
1965
2430
1444
1344
910
210
1807
1607
1253
31
1422
2606
1596
2476
1878
1057
2920
1262
2084
2158
986
571
1248
1162
329
2368
2294
345
1463
2822
2472
939
1859
2180
2579
1020
1914
2598
1633
2593
1074
105
1590
2310
2095
845
895
944
2161
653
2717
1235
2774
953
2922
241
42
1737
1855
598
2049
445
876
901
2630
2605
2639
1140
2518
97
1823
1679
935
2355
1141
286
1525
389
954
410
1037
595
2104
1114
1727
83
2719
1163
2876
1470
1996
2566
2650
370
18
2357
2188
518
1771
1066
1135
1493
1439
1687
206
524
1558
1457
122
2466
1060
1230
473
1336
1048
1143
978
2367
2219
277
2838
716
2576
1872
1966
1179
1924
127
1953
2386
1616
429
2893
50
1610
2673
307
2027
1197
1016
709
346
6
2684
951
1099
2940
2753
624
2100
2880
977
2137
1668
1168
1983
280
2732
2172
179
2833
2468
2122
1103
2193
2422
1321
147
1051
414
1962
1984
1988
2292
208
1094
894
1930
1546
715
735
1613
600
2097
2063
1755
2785
1256
1056
74
2577
1471
2931
1905
2756
1380
990
2260
344
1206
2847
2245
2028
1794
936
1319
584
2509
1383
1225
2697
2775
577
1575
2273
761
2267
1535
1219
168
2200
1443
1747
580
1663
634
1838
2443
1418
2578
1292
366
2139
545
334
747
199
2157
2905
2855
1933
2114
1981
220
1000
156
1157
1621
155
2763
14
1299
2659
696
765
1222
2757
1902
2371
227
2052
89
377
325
2442
2528
909
517
148
1517
314
2176
2693
2230
2335
623
2
1592
2473
2080
604
933
1356
356
2343
795
2642
1802
690
311
2349
2047
1986
1660
142
1085
1258
2105
1598
1888
1557
2569
750
177
135
1093
405
1898
2057
2522
2544
2065
125
2734
1075
1398
2000
2040
331
2610
881
1676
930
297
1987
850
903
839
559
2616
2760
1205
2583
333
766
2856
2284
587
1275
2873
2302
886
254
2863
1308
2481
848
625
2374
1915
1980
2421
2708
516
2641
2764
2108
1270
564
654
2307
1024
1316
1896
2881
867
470
820
1512
585
2667
2167
2762
188
710
1365
854
1194
2147
2665
2191
1277
2155
1954
1847
2698
2365
1151
534
2252
1518
814
124
751
2231
2865
1284
586
2485
2197
489
1417
1071
474
180
1182
1674
1809
1498
2376
2037
2134
1473
263
1461
2928
1192
643
2690
2103
374
1992
1762
1386
372
2437
756
1622
1347
443
2816
1083
853
2523
123
2272
966
2487
1840
1707
1435
2240
1550
2850
2243
2636
2286
2446
2418
2417
2389
2419
752
1466
989
1811
664
1261
2664
870
792
570
851
1239
777
1008
979
2903
1977
1070
1822
1527
1014
1217
1688
2330
2189
292
1909
1894
472
507
2339
1047
483
573
602
2908
941
402
212
1911
2182
692
2580
446
1562
2546
943
1247
1718
973
2264
1891
1077
1547
728
433
1080
2918
1307
2110
1341
2554
216
1244
2910
1608
1171
2031
985
902
2081
1831
267
551
437
829
1764
466
1528
2823
202
451
1734
1678
884
260
317
1866
1350
878
2498
1671
1185
1638
1657
1359
2915
1725
2383
2427
670
2190
743
780
1726
194
949
807
1672
350
2295
116
626
1005
2849
1003
2107
825
2588
2573
789
1333
43
618
1214
1861
2121
581
1226
326
2629
2029
46
1469
1272
1537
231
1320
1593
488
397
1377
2228
1364
1049
1942
1773
1352
833
937
1150
1790
913
211
2019
348
80
2831
642
2585
543
1662
2808
51
2836
927
1092
1989
1969
1067
2902
166
1223
273
2151
1109
2441
1722
85
1563
342
1482
525
299
2002
2812
672
611
1345
1173
1084
339
2362
143
2718
39
1523
1997
151
1044
2412
899
2322
418
2897
1689
815
2781
1358
1348
2875
2369
160
319
1500
2385
1174
2861
1827
1138
430
1782
245
477
2474
2543
1910
412
1315
1506
732
2118
648
2936
1296
1534
889
617
908
708
487
2788
522
1432
627
407
714
2396
1301
2615
86
1089
1353
1602
1692
2571
1495
1641
420
2828
1036
1339
1923
2923
2094
2053
2824
1516
1042
2497
2401
982
1626
2212
1191
2736
2375
515
1752
772
1030
2611
2493
2907
478
888
111
1743
2115
12
256
2780
673
1351
781
2327
480
271
2713
1147
2892
2242
498
222
2486
93
1654
2507
1293
2425
905
228
882
836
461
707
2381
2792
2234
1864
2087
2853
1800
304
1591
318
213
2235
468
2761
2204
679
678
1696
1384
1808
2300
736
2202
1623
2742
2116
1509
1749
1631
2759
2361
230
270
2150
2538
694
494
2475
2265
2173
2867
873
1958
417
1851
1251
2534
114
2326
2835
1664
1629
1906
2558
605
1677
28
741
338
2520
1238
1041
1298
668
778
2890
1792
1188
813
282
683
2378
1065
1885
1268
1385
1505
1271
2815
1972
1957
631
527
2680
561
1524
763
1728
1816
1551
1515
1574
1522
2712
2572
1670
2845
2165
1212
1029
1883
62
532
117
628
1639
2471
1459
1559
544
1455
1712
272
583
671
992
2794
797
2120
2275
2877
2504
1791
40
423
2839
2570
67
1023
1018
863
1929
892
1982
2211
896
1810
1324
2280
2073
2519
838
13
1231
2175
1925
552
2288
2891
1428
1419
36
1479
1594
285
809
2843
974
998
669
2627
411
1480
381
2786
27
1520
2126
576
1019
1043
104
2206
2592
779
1703
574
1300
2540
1786
296
1240
2460
938
375
1745
255
2549
336
2066
360
541
2382
223
2009
1118
2269
2092
2638
2501
767
579
759
242
2809
946
787
1494
2539
1472
880
879
1401
77
1785
2459
2404
961
2266
1111
677
465
872
916
2852
2064
1862
720
705
698
2096
1975
2691
2602
1374
2434
1329
2869
178
2196
2406
2455
2129
514
663
662
1011
862
2663
2342
1393
1508
2562
113
2715
450
2688
1801
99
1549
2145
1087
476
1357
821
347
2747
96
1544
1107
1740
1904
2166
945
171
2384
1233
1406
1531
2514
426
140
1170
2436
2607
2900
1213
53
661
305
1614
981
1294
2739
603
422
1128
447
2604
504
362
1825
1127
2609
2290
261
2702
1236
1705
540
189
61
2694
1567
952
907
2227
224
2061
2904
2461
1108
674
52
934
2496
1667
1541
2400
392
1978
572
1264
90
1579
834
1375
226
2656
2450
2124
2500
793
975
2423
1936
385
365
2093
2210
558
817
607
172
660
1715
676
655
247
391
802
2407
238
1732
2154
2216
2131
2334
1409
186
2886
400
693
1448
2512
2297
2662
1131
1765
63
2483
1290
1119
1297
2413
2622
382
2755
931
2814
749
309
1207
2644
711
529
500
92
73
1404
1643
2599
1189
2011
1908
201
699
2058
652
1644
1363
2257
2510
2635
744
2647
891
130
2625
1813
165
721
1078
2624
2770
1770
1946
2800
2462
2618
776
1322
2515
2740
1973
221
2098
361
1514
2626
575
2617
1010
2136
2700
2077
2868
1806
622
608
727
2315
2574
398
547
2405
2752
1220
54
1795
126
1054
2447
706
1998
1673
1046
658
2703
2320
1265
818
565
2901
2410
1209
2169
233
969
563
2495
1741
1431
831
1750
1376
2655
452
78
2560
2797
1519
925
1681
1761
2623
1701
2148
2428
1134
191
1842
680
70
173
246
1648
185
2067
2125
2689
1216
2687
1959
2055
1691
760
2127
1568
804
2306
2424
1146
1367
2818
629
2278
932
2444
2259
393
2086
774
556
2557
2263
753
424
2445
2524
1361
1208
1302
2778
912
1652
2083
278
2039
340
2321
2408
1928
1784
349
2244
2470
788
2555
2871
597
1944
1868
481
1497
60
2884
897
1332
1481
159
448
948
1884
2135
1845
2632
1090
2679
449
436
1488
455
1101
2661
868
1789
526
1137
1828
2044
2393
1079
294
1064
739
2359
1195
2927
1289
2888
2285
441
2885
1425
1814
1460
1659
1854
1229
1702
962
2402
1892
1560
1477
149
806
1553
2834
275
2692
822
712
675
2345
471
754
2201
2651
2613
1349
198
746
454
1354
1052
900
1739
34
1619
1254
2726
609
2811
2837
415
1658
1974
1948
2395
2324
41
2537
2025
684
47
994
1921
2177
2463
1095
1445
225
887
592
2776
1863
2109
1646
1327
2056
2043
1513
367
644
2458
859
2695
2911
898
1411
428
640
2643
128
132
1960
287
2675
1132
1180
1121
1849
2111
614
2584
1263
1370
791
701
395
1970
2925
764
2813
1656
742
1832
2338
167
2183
112
1371
1742
1769
2033
2168
1276
2305
621
2769
1620
2018
1573
313
703
2017
1491
2745
1812
2895
1278
2791
633
1424
1511
2701
2511
1815
2793
972
1053
553
1112
632
1881
2724
2681
1031
2858
2085
2023
190
2003
1787
1337
1450
1839
2883
2004
2725
2088
548
511
1768
1772
2220
1606
1875
1434
2830
2777
1040
2469
1343
59
1483
874
2749
2021
1926
2248
1731
2746
2130
612
2758
1318
2938
965
1566
762
1291
2772
1599
537
794
745
1255
2721
920
1144
1844
1098
11
2224
2491
737
2494
651
2706
1035
1640
922
2591
1449
731
1426
2454
2159
464
1218
1841
1145
444
2533
2012
1916
958
1504
1228
2030
1021
435
1540
2239
646
1777
533
169
1706
1076
686
218
1104
2440
1538
259
1063
2806
1478
3
826
2683
2748
2672
1796
1468
2144
162
457
2564
2603
1372
2926
1279
1198
1283
1295
2465
593
1781
1682
1390
1394
1149
2796
1979
1751
1274
1122
691
1611
1034
1604
2628
30
1379
512
921
1408
1685
1932
1637
2941
1126
1436
1775
2082
1952
2160
2676
0
2429
1430
1088
2034
2332
1879
520
1730
2352
2014
176
2844
996
615
616
2730
2274
120
1609
490
357
2851
1564
2353
1410
1484
1306
1130
2329
274
200
1155
1665
857
2451
316
557
1539
1581
1423
1931
2545
2350
1788
26
2859
1576
174
1454
1935
2403
1684
2348
144
2619
1776
2351
1421
2007
1554
2801
1636
1489
45
1245
197
2916
1178
2488
2380
770
1451
923
499
57
2006
2846
23
324
2042
566
396
138
2071
2784
1858
1999
1949
327
2505
1027
521
2720
971
1025
2527
401
1756
2392
492
964
843
1252
103
2090
214
475
49
1165
2666
209
2601
1183
2563
1569
1758
562
596
1169
785
2356
601
2203
98
718
2195
276
101
1719
2246
2185
2714
2178
984
798
619
2932
2682
1058
967
2568
253
1865
2553
1032
496
175
1396
1474
773
2825
976
2548
2906
1148
2587
2149
758
2707
805
1438
509
1695
1158
2452
1990
2685
2640
2917
1117
163
456
1387
2799
258
1442
19
467
1968
841
1603
376
2878
2860
2022
1548
1995
1123
239
1200
1618
808
2678
2921
1392
64
1709
539
2106
2162
1683
403
205
2699
864
1913
1803
875
2782
513
704
1323
1835
1666
56
2059
390
409
2653
1287
1427
2218
91
799
1556
1510
268
479
1097
2171
17
1601
555
1458
2821
2924
1164
1125
2525
2325
2258
2214
1017
542
2133
1033
1886
959
869
2556
550
847
915
2101
84
2827
956
1736
1694
232
20
440
1285
1186
1202
1624
1496
1159
1941
1917
2313
811
1991
1382
2010
2113
1561
2803
582
129
1552
1242
1901
1073
1334
914
2309
2789
688
1038
1833
1378
2502
2078
606
1133
530
1922
1199
2370
2354
2866
2532
2735
2581
38
2373
1305
1412
2657
2819
1193
2848
109
7
849
717
1366
528
1877
1304
2198
599
386
1452
2768
2249
2453
2802
2889
2414
2323
1453
1615
1181
1584
2536
1577
2467
2205
1485
394
1697
1766
685
2489
2840
1976
2337
1570
2250
988
291
5
1129
2254
1413
2256
2261
2484
2829
1081
782
1490
510
2001
1642
1311
1860
1241
2331
2727
2710
1405
416
264
2826
1985
1246
700
2433
2751
335
460
2128
2026
281
2565
1717
279
1362
983
2415
1136
2194
1582
1325
495
538
2279
2728
2937
1310
1818
1817
1711
2316
2146
244
755
2798
2674
2366
2336
145
999
283
1120
842
641
1309
1116
2119
308
1628
1281
2048
1282
506
2506
187
2709
2575
1388
1399
2070
1156
2767
1780
1589
1716
1600
2032
1529
740
890
637
2590
2399
1939
250
1009
2614
1234
2804
681
823
404
1082
1595
2379
1102
2301
75
2530
2919
1072
1882
2631
1259
2513
840
115
1650
2217
1266
1203
1330
2526
2276
69
1837
249
29
1369
432
1503
2304
427
1502
546
1934
157
2360
1464
1100
2704
1184
827
613
1759
594
262
301
1402
1476
352
536
1187
1938
722
2723
295
2862
16
355
203
786
636
2490
2005
2765
266
1250
1001
434
2251
2594
2035
431
2842
290
1475
2542
1106
1243
1852
1059
852
1429
2731
1177
1286
1004
1963
1746
133
1381
2795
501
2646
554
1201
590
2478
215
871
2449
2186
1360
2387
1819
2319
310
991
1708
469
2079
1857
828
649
2670
2123
380
2075
1389
2237
800
182
2633
2409
1899
1634
384
1492
1956
493
2612
2138
1232
87
1971
1530
1647
1903
2140
353
269
591
733
2221
2199
2298
893
861
2541
1967
1937
2621
343
337
1012
1160
1440
1778
322
1441
940
904
2363
207
656
1698
960
1026
1897
1257
2253
2492
1545
1721
1714
2754
2435
911
667
1416
1870
523
950
1069
1686
2722
131
1848
2432
1446
1368
328
1355
2262
1142
1
2807
2281
306
1617
1738
2333
1167
657
2899
55
2016
2208
234
2020
88
784
2051
1649
942
1342
1805
2232
387
697
1793
10
4
2102
2597
2142
2596
1317
2499
2222
1007
1533
947
1869
1729
1267
1843
2935
2060
768
1288
2238
2677
993
639
1612
1015
302
2174
408
330
1779
1661
2600
995
1022
1605
885
2271
1723
121
1338
406
1215
2738
1447
2898
1249
235
2660
1947
195
463
1630
2207
150
453
2696
1055
2531
929
2317
2291
1340
1346
2733

