1 0
2 1
3 0
4 0
5 1
6 0
7 0
8 1
9 0
10 0
11 0
12 1
13 0
14 1
15 0
16 0
17 0
18 0
19 0
20 0
21 1
22 1
23 1
24 0
25 0
26 1
27 0
28 0
29 1
30 1
31 1
32 1
33 0
34 1
35 0
36 1
37 0
38 0
39 1
40 0
41 1
42 0
43 1
44 0
45 0
46 1
47 0
48 1
49 1
50 1
51 1
52 1
53 0
54 1
55 0
56 1
57 0
58 0
59 0
60 1
61 0
62 1
63 0
64 1
65 1
66 1
67 0
68 1
69 0
70 1
71 1
72 0
73 1
74 0
75 1
76 0
77 1
78 1
79 1
80 1
81 0
82 1
83 1
84 1
85 1
86 1
87 0
88 0
89 1
90 0
91 1
92 0
93 1
94 0
95 1
96 0
97 1
98 0
99 0
100 0
101 1
102 0
103 0
104 0
105 0
106 0
107 1
108 0
109 1
110 1
111 0
112 0
113 1
114 0
115 0
116 0
117 1
118 0
119 1
120 1
121 1
122 0
123 1
124 0
125 0
126 1
127 0
128 1
129 0
130 1
131 1
132 1
133 1
134 0
135 1
136 1
137 1
138 0
139 0
140 0
141 0
142 0
143 0
144 1
145 0
146 1
147 1
148 0
149 0
150 0
151 1
152 0
153 1
154 0
155 0
156 0
157 0
158 0
159 0
160 0
161 0
162 0
163 1
164 1
165 1
166 1
167 1
168 1
169 1
170 1
171 1
172 0
173 0
174 1
175 0
176 1
177 0
178 0
179 1
180 0
181 1
182 1
183 0
184 0
185 0
186 1
187 1
188 1
189 1
190 0
191 0
192 0
193 1
194 0
195 0
196 1
197 0
198 0
199 0
200 0
201 1
202 1
203 0
204 0
205 0
206 0
207 0
208 1
209 1
210 0
211 0
212 1
213 1
214 0
215 1
216 0
217 1
218 0
219 1
220 1
221 1
222 0
223 1
224 1
225 0
226 1
227 1
228 1
229 0
230 1
231 1
232 0
233 1
234 1
235 1
236 1
237 0
238 1
239 1
240 1
241 1
242 0
243 1
244 0
245 1
246 1
247 1
248 1
249 0
250 1
251 1
252 0
253 0
254 0
255 0
256 1
257 0
258 0
259 1
260 0
261 1
262 1
263 1
264 1
265 1
266 1
267 1
268 1
269 1
270 0
271 1
272 0
273 1
274 0
275 1
276 0
277 1
278 0
279 1
280 0
281 1
282 0
283 1
284 0
285 1
286 0
287 0
288 0
289 0
290 0
291 1
292 0
293 1
294 0
295 1
296 1
297 0
298 1
299 0
300 0
301 1
302 0
303 1
304 0
305 1
306 0
307 0
308 0
309 1
310 1
311 0
312 1
313 0
314 0
315 1
316 0
317 1
318 0
319 1
320 0
321 1
322 0
323 1
324 0
325 0
326 1
327 1
328 0
329 1
330 1
331 0
332 0
333 1
334 0
335 1
336 1
337 1
338 0
339 1
340 0
341 0
342 1
343 0
344 0
345 0
346 1
347 1
348 0
349 1
350 0
351 1
352 0
353 1
354 0
355 1
356 0
357 1
358 0
359 1
360 0
361 1
362 0
363 1
364 0
365 1
366 0
367 1
368 0
369 1
370 0
371 1
372 0
373 0
374 0
375 0
376 1
377 0
378 1
379 0
380 1
381 0
382 1
383 0
384 1
385 0
386 1
387 0
388 1
389 0
390 1
391 0
392 1
393 0
394 0
395 0
396 0
397 0
398 0
399 1
400 0
401 0
402 0
403 0
404 1
405 0
406 1
407 1
408 0
409 1
410 1
411 0
412 1
413 0
414 1
415 0
416 1
417 0
418 0
419 1
420 0
421 1
422 1
423 1
424 1
425 0
426 1
427 0
428 1
429 1
430 0
431 1
432 0
433 1
434 0
435 0
436 0
437 0
438 0
439 0
440 0
441 0
442 1
443 1
444 0
445 1
446 0
447 0
448 0
449 1
450 0
451 1
452 0
453 1
454 0
455 0
456 0
457 0
458 0
459 0
460 0
461 0
462 1
463 1
464 1
465 1
466 1
467 0
468 1
469 1
470 1
471 0
472 1
473 1
474 1
475 1
476 1
477 1
478 1
479 0
480 0
481 0
482 0
483 1
484 0
485 1
486 0
487 1
488 1
489 1
490 0
491 1
492 0
493 0
494 0
495 0
496 0
497 0
498 0
499 0
500 0
501 1
502 0
503 1
504 0
505 1
506 0
507 1
508 0
509 1
510 0
511 1
512 0
513 1
514 0
515 1
516 0
517 1
518 0
519 1
520 0
521 0
522 0
523 0
524 1
525 0
526 0
527 0
528 0
529 1
530 0
531 0
532 0
533 0
534 0
535 0
536 0
537 0
538 0
539 0
540 0
541 0
542 1
543 0
544 1
545 0
546 1
547 0
548 0
549 0
550 0
551 0
552 1
553 0
554 1
555 0
556 1
557 0
558 1
559 0
560 1
561 0
562 1
563 0
564 1
565 0
566 1
567 0
568 1
569 0
570 1
571 0
572 1
573 0
574 1
575 0
576 1
577 1
578 1
579 1
580 1
581 0
582 1
583 1
584 1
585 1
586 1
587 1
588 1
589 1
590 0
591 1
592 1
593 1
594 1
595 1
596 1
597 1
598 1
599 1
600 0
601 1
602 0
603 1
604 0
605 1
606 1
607 1
608 1
609 1
610 1
611 0
612 1
613 1
614 0
615 1
616 0
617 1
618 1
619 1
620 0
621 1
622 0
623 1
624 0
625 1
626 0
627 1
628 0
629 1
630 0
631 1
632 0
633 1
634 0
635 0
636 0
637 0
638 0
639 0
640 0
641 1
642 0
643 0
644 0
645 1
646 0
647 1
648 0
649 0
650 0
651 0
652 0
653 0
654 0
655 0
656 0
657 0
658 1
659 0
660 1
661 1
662 1
663 1
664 1
665 0
666 1
667 0
668 1
669 1
670 0
671 0
672 0
673 1
674 1
675 0
676 1
677 1
678 0
679 0
680 1
681 0
682 1
683 1
684 1
685 0
686 0
687 1
688 1
689 0
690 0
691 0
692 0
693 0
694 1
695 0
696 0
697 0
698 0
699 0
700 0
701 1
702 1
703 0
704 0
705 0
706 0
707 0
708 0
709 0
710 1
711 0
712 0
713 1
714 1
715 0
716 0
717 1
718 0
719 1
720 0
721 0
722 1
723 0
724 1
725 0
726 0
727 1
728 0
729 0
730 0
731 0
732 0
733 1
734 0
735 0
736 0
737 0
738 0
739 1
740 0
741 1
742 0
743 1
744 0
745 0
746 1
747 1
748 0
749 0
750 0
751 1
752 0
753 1
754 1
755 1
756 0
757 1
758 1
759 1
760 1
761 1
762 0
763 1
764 0
765 1
766 0
767 0
768 0
769 1
770 0
771 0
772 0
773 1
774 0
775 1
776 1
777 1
778 0
779 1
780 0
781 0
782 1
783 0
784 1
785 1
786 0
787 1
788 0
789 1
790 0
791 1
792 0
793 1
794 0
795 1
796 0
797 0
798 0
799 0
800 0
801 0
802 0
803 0
804 1
805 1
806 1
807 0
808 1
809 1
810 0
811 1
812 1
813 1
814 1
815 1
816 1
817 0
818 0
819 1
820 1
821 0
822 1
823 0
824 0
825 1
826 1
827 1
828 1
829 1
830 0
831 1
832 1
833 1
834 1
835 0
836 1
837 1
838 1
839 1
840 1
841 0
842 1
843 1
844 0
845 1
846 0
847 1
848 0
849 1
850 0
851 0
852 1
853 0
854 1
855 0
856 0
857 1
858 1
859 1
860 1
861 1
862 1
863 1
864 1
865 1
866 1
867 0
868 1
869 1
870 1
871 0
872 1
873 1
874 1
875 1
876 0
877 1
878 1
879 0
880 1
881 1
882 1
883 1
884 1
885 1
886 1
887 0
888 0
889 0
890 0
891 1
892 1
893 1
894 1
895 0
896 1
897 1
898 1
899 1
900 1
901 1
902 1
903 1
904 1
905 1
906 0
907 0
908 1
909 1
910 0
911 0
912 1
913 0
914 1
915 1
916 0
917 0
918 1
919 1
920 1
921 1
922 1
923 1
924 0
925 1
926 0
927 1
928 0
929 1
930 0
931 1
932 1
933 1
934 1
935 1
936 1
937 1
938 1
939 1
940 1
941 1
942 1
943 1
944 1
945 1
946 1
947 0
948 0
949 1
950 1
951 1
952 1
953 1
954 1
955 1
956 0
957 1
958 0
959 1
960 1
961 1
962 1
963 1
964 1
965 1
966 1
967 0
968 0
969 0
970 0
971 0
972 1
973 0
974 0
975 0
976 1
977 0
978 0
979 0
980 0
981 0
982 0
983 1
984 0
985 0
986 1
987 1
988 1
989 1
990 0
991 1
992 1
993 1
994 1
995 1
996 1
997 1
998 1
999 1
1000 1
1001 1
1002 1
1003 1
1004 1
1005 1
1006 1
1007 1
1008 1
1009 0
1010 0
1011 0
1012 0
1013 0
1014 0
1015 1
1016 1
1017 0
1018 1
1019 1
1020 1
1021 1
1022 1
1023 0
1024 0
1025 0
1026 1
1027 0
1028 1
1029 0
1030 0
1031 1
1032 1
1033 0
1034 0
1035 1
1036 0
1037 1
1038 1
1039 0
1040 1
1041 1
1042 1
1043 1
1044 0
1045 1
1046 1
1047 1
1048 0
1049 0
1050 1
1051 0
1052 1
1053 1
1054 1
1055 0
1056 1
1057 1
1058 1
1059 0
1060 0
1061 1
1062 1
1063 0
1064 1
1065 1
1066 1
1067 1
1068 1
1069 1
1070 1
1071 0
1072 1
1073 0
1074 1
1075 0
1076 1
1077 1
1078 0
1079 1
1080 1
1081 1
1082 0
1083 1
1084 0
1085 1
1086 0
1087 1
1088 0
1089 1
1090 1
1091 0
1092 0
1093 1
1094 1
1095 1
1096 0
1097 1
1098 0
1099 0
1100 0
1101 0
1102 0
1103 0
1104 0
1105 0
1106 0
1107 1
1108 1
1109 1
1110 0
1111 0
1112 0
1113 0
1114 1
1115 0
1116 1
1117 0
1118 1
1119 0
1120 1
1121 1
1122 0
1123 1
1124 0
1125 0
1126 0
1127 0
1128 1
1129 0
1130 1
1131 0
1132 1
1133 1
1134 0
1135 1
1136 0
1137 0
1138 1
1139 1
1140 1
1141 0
1142 1
1143 0
1144 1
1145 1
1146 1
1147 0
1148 1
1149 0
1150 0
1151 1
1152 1
1153 1
1154 1
1155 1
1156 0
1157 0
1158 1
1159 0
1160 0
1161 0
1162 0
1163 1
1164 0
1165 0
1166 0
1167 0
1168 0
1169 0
1170 1
1171 1
1172 1
1173 0
1174 1
1175 0
1176 1
1177 0
1178 0
1179 0
1180 0
1181 1
1182 0
1183 1
1184 0
1185 0
1186 0
1187 1
1188 1
1189 0
1190 1
1191 0
1192 1
1193 0
1194 0
1195 0
1196 1
1197 1
1198 0
1199 1
1200 0
1201 0
1202 1
1203 0
1204 0
1205 1
1206 0
1207 1
1208 0
1209 0
1210 1
1211 1
1212 0
1213 1
1214 1
1215 1
1216 1
1217 1
1218 0
1219 1
1220 0
1221 1
1222 0
1223 1
1224 1
1225 1
1226 0
1227 1
1228 0
1229 1
1230 1
1231 1
1232 1
1233 1
1234 1
1235 1
1236 0
1237 0
1238 1
1239 0
1240 0
1241 0
1242 1
1243 1
1244 0
1245 1
1246 1
1247 1
1248 0
1249 0
1250 0
1251 1
1252 0
1253 1
1254 1
1255 0
1256 0
1257 1
1258 0
1259 1
1260 0
1261 1
1262 0
1263 1
1264 1
1265 1
1266 1
1267 1
1268 1
1269 1
1270 0
1271 1
1272 0
1273 1
1274 1
1275 1
1276 1
1277 1
1278 0
1279 0
1280 0
1281 0
1282 1
1283 0
1284 1
1285 1
1286 1
1287 0
1288 0
1289 1
1290 0
1291 0
1292 1
1293 0
1294 1
1295 1
1296 1
1297 0
1298 0
1299 0
1300 0
1301 1
1302 0
1303 0
1304 1
1305 0
1306 0
1307 1
1308 0
1309 0
1310 0
1311 0
1312 1
1313 0
1314 1
1315 0
1316 0
1317 1
1318 1
1319 0
1320 1
1321 0
1322 0
1323 0
1324 1
1325 0
1326 0
1327 0
1328 1
1329 1
1330 0
1331 0
1332 0
1333 0
1334 0
1335 0
1336 0
1337 0
1338 0
1339 0
1340 1
1341 0
1342 0
1343 0
1344 1
1345 1
1346 1
1347 0
1348 1
1349 0
1350 1
1351 0
1352 1
1353 0
1354 0
1355 0
1356 0
1357 1
1358 1
1359 1
1360 0
1361 0
1362 1
1363 1
1364 1
1365 1
1366 1
1367 0
1368 1
1369 0
1370 1
1371 1
1372 0
1373 0
1374 0
1375 0
1376 0
1377 0
1378 0
1379 1
1380 0
1381 1
1382 0
1383 0
1384 0
1385 1
1386 0
1387 1
1388 0
1389 1
1390 0
1391 0
1392 1
1393 1
1394 0
1395 1
1396 1
1397 1
1398 0
1399 1
1400 1
1401 1
1402 0
1403 1
1404 0
1405 1
1406 0
1407 1
1408 0
1409 0
1410 1
1411 0
1412 1
1413 1
1414 0
1415 1
1416 1
1417 1
1418 1
1419 1
1420 0
1421 1
1422 0
1423 1
1424 1
1425 1
1426 1
1427 1
1428 0
1429 0
1430 1
1431 0
1432 0
1433 0
1434 1
1435 1
1436 0
1437 1
1438 1
1439 0
1440 1
1441 0
1442 1
1443 0
1444 1
1445 0
1446 1
1447 1
1448 1
1449 0
1450 1
1451 1
1452 1
1453 1
1454 1
1455 0
1456 0
1457 0
1458 1
1459 1
1460 1
1461 1
1462 0
1463 0
1464 0
1465 1
1466 0
1467 1
1468 1
1469 1
1470 1
1471 0
