1729
1554
209
2156
703
293
428
2477
75
1993
251
2465
1092
70
1052
1206
2468
1900
286
683
1673
1884
1470
507
806
424
830
1366
2358
2324
168
491
2870
224
483
5
473
940
2789
2825
2261
2899
1932
2556
95
2912
1866
80
2321
1203
2005
2872
1856
1001
2512
353
709
329
2674
1246
2212
2643
409
1401
278
1864
2456
2528
2366
1620
15
2165
907
1747
2446
1828
2074
2598
1480
595
1983
217
2790
2367
659
1572
2805
1781
2282
1796
2238
2919
426
1648
2664
311
2096
1082
261
1031
187
236
2288
1434
1291
1365
726
2864
1333
53
193
1953
1722
2098
420
2333
2530
1877
369
2307
2815
651
1811
1569
1966
1825
478
203
2466
1443
2000
1368
1327
654
2052
1833
761
1330
2225
2088
2292
906
1177
1956
720
1387
1048
2893
1990
2503
1963
2291
962
1132
1557
137
1422
1809
1068
2651
2283
104
2616
2045
216
2386
2906
2409
2782
1603
339
2894
1486
1440
1628
1753
283
958
968
603
1296
470
832
2776
2387
135
1929
2418
835
2001
8
2055
1080
460
2186
2928
202
375
2656
2301
484
1717
2422
2354
752
2247
2207
734
2434
1973
2774
1792
508
2148
2523
900
2274
2116
1488
1257
537
468
1918
910
9
174
1451
898
2259
626
868
513
2329
886
363
2013
1003
450
2176
1594
2463
315
1895
1022
2179
1617
1209
2851
921
2792
2804
994
630
2724
2430
2125
299
778
401
1618
1832
1981
1751
1473
2474
1525
312
533
1149
2581
678
1394
1675
2787
1414
1493
1469
1096
1556
317
2786
402
2139
2729
2342
866
173
519
564
1938
259
2330
52
13
1632
233
1230
2041
234
2275
1851
1879
1208
2313
180
2245
2619
710
385
920
1037
1588
1217
1358
2823
2144
1892
440
1513
2816
455
2233
2304
1266
530
367
1701
2290
2586
2877
919
2878
2348
1502
2852
2099
2937
255
1419
1640
1659
189
2131
159
1083
641
2407
295
1286
883
930
1312
551
1872
2039
1458
2865
2603
2182
2613
2461
2626
1735
2011
1955
2783
208
2592
1616
793
2120
1999
2845
1741
2384
2254
1057
741
2677
1980
759
1716
499
2910
873
1567
2818
2846
1319
1789
2069
1339
323
1195
1216
344
955
946
1668
887
43
802
1212
760
1007
1896
1028
1161
1260
400
2464
1054
2890
1183
238
40
121
686
622
2780
1971
1821
2034
2743
2645
571
1767
459
1720
446
763
2246
1126
2049
2535
1574
1723
983
1647
2680
1853
550
2149
2180
89
294
1012
2028
341
476
1199
931
130
2170
688
2785
1651
2421
2857
2452
1435
2101
1249
517
1398
32
333
1674
1608
2777
289
2309
799
1380
662
2077
616
314
2833
1076
1241
320
408
1688
2299
2451
2513
1978
516
2079
1457
1324
1015
1699
1553
430
94
2794
1304
1843
515
1487
1077
1429
899
1660
105
2499
2411
2363
614
1782
332
993
1547
2808
2471
1418
2927
2652
2406
2557
1810
254
2
1754
2264
1855
264
1691
2862
1002
1044
2217
2376
995
1282
490
191
1532
658
2374
1142
1351
248
1495
2137
2444
1984
2164
531
1657
864
2253
1423
1670
714
1523
2260
152
1897
2168
265
725
176
1169
1187
2128
2629
117
2936
2609
145
582
87
1807
2157
945
2756
569
2567
1568
956
694
578
249
1763
2108
1253
2647
1362
546
2102
147
1136
505
2244
305
1886
292
24
366
28
1040
1564
60
482
568
1704
681
300
382
2856
827
1820
2401
1605
84
1335
2130
1797
2885
1331
2064
1154
296
821
693
1026
250
2320
840
857
2915
54
2191
1210
2751
1863
2412
436
2685
1321
2775
783
2676
2220
1158
855
2620
2907
2732
2855
2031
2187
1426
1036
1024
1357
2875
2065
330
1847
957
356
1297
587
438
2153
1664
2403
1178
2053
652
874
1067
1224
1295
272
1661
2243
51
1902
1685
2086
634
1237
1042
1409
642
2909
2625
1417
1293
1059
981
2895
2178
1348
660
1715
10
352
2720
1219
306
548
690
1835
954
2397
1223
2769
909
1172
92
744
2112
447
2575
2073
637
633
71
2584
2590
2174
918
1676
1654
1543
1320
792
342
2114
2206
1041
2152
1371
1449
2135
310
2549
2228
999
1070
1376
1742
1481
1860
2388
467
2344
991
1163
791
31
972
2078
789
1687
2373
2518
1650
2370
1379
1093
2273
1824
1094
1235
1772
1311
2771
1631
674
2770
2075
1813
2642
2548
2545
1943
1055
1207
374
2375
2810
35
2250
890
495
2154
1599
2860
1621
635
1619
790
1985
301
1462
1332
2522
1995
1728
1121
113
277
1686
1812
201
596
2210
2521
2793
2383
134
2524
2708
298
1635
2930
280
2473
1515
2597
1573
2278
1684
1474
2747
383
934
23
1035
2017
757
1795
1822
2766
787
16
607
2380
1634
1006
1023
387
1940
2657
2704
1101
554
1952
279
1051
155
2133
256
432
574
1714
1719
74
1058
2757
1160
416
1784
998
722
2119
1033
1389
2889
1196
895
2160
1323
1439
1920
800
1724
1806
228
1117
2251
1801
1400
1899
98
2711
2728
2201
2340
2698
1773
1947
894
1274
439
923
2636
62
2140
2198
435
2193
1911
1883
73
1586
2842
2809
1215
2582
2242
544
260
1268
2901
1870
1133
506
2745
1478
2322
2534
1009
2042
2687
665
124
2778
590
729
2400
163
1039
2317
1672
226
903
2911
615
2425
338
1645
2443
2822
2760
812
19
271
1135
2639
2315
1258
526
1889
241
1182
1137
2589
493
1627
2803
2216
2755
888
1538
1871
1038
390
2184
1778
914
687
2679
1373
1948
536
2457
2221
861
1593
2644
2727
1738
1424
2155
2516
1472
1231
2539
1925
2573
2362
2352
1484
1565
2482
1020
2866
1904
463
1604
2236
2432
1242
1165
1986
613
108
2286
2382
494
127
1411
2158
765
1536
567
2239
862
2938
1431
650
541
2429
2441
514
1552
676
454
210
1799
429
1578
677
172
1683
1849
943
11
149
1119
2759
2847
2564
953
2658
884
735
2800
1641
1770
91
1818
2213
1577
2525
1147
549
2440
1695
1405
511
667
599
244
422
539
1198
1300
2298
1445
1021
1334
1944
649
2172
1629
2265
2637
2020
1129
471
1050
2117
2488
1392
2127
1732
1483
2736
2607
308
318
2665
2478
1278
2830
1793
1867
2588
2019
7
617
321
1987
365
593
1576
670
2634
2043
443
1386
2126
1221
627
322
805
782
27
1110
129
2279
2767
2276
1710
143
916
2142
2435
1029
1894
102
2343
1185
1383
1721
1734
828
2234
817
2082
2935
415
2050
1535
2048
1865
2109
2788
908
619
2742
2027
2232
63
425
2924
754
331
2408
1788
1752
713
3
811
111
1755
2666
1248
1700
1148
2029
877
509
1343
2802
704
1146
1240
1941
915
200
653
2604
2850
2110
2349
404
1945
1667
1815
2699
1845
1560
1551
2614
2355
1087
1885
472
967
2797
826
680
1034
2693
1367
171
2177
850
2293
469
2423
2605
1490
2419
1636
2553
184
2841
1730
992
326
465
2527
1374
2707
2306
1580
2230
150
2359
393
47
2097
227
863
394
2691
2869
2587
372
206
2054
2105
1996
381
2449
2781
154
397
1091
1520
2505
2705
109
1284
1045
933
2939
419
325
1095
1529
2479
297
2006
833
879
335
223
1144
1712
2682
2490
1666
610
1744
785
1220
2839
1086
786
1680
1436
2489
1591
834
1583
2568
2012
2169
1707
1817
288
1526
1614
1873
2914
664
274
489
1085
1927
1123
1858
1356
2542
461
2249
2204
538
2891
458
392
631
423
1226
2390
1519
973
1014
2433
2806
2552
2618
1032
4
2218
1403
1528
2710
1189
2372
2487
770
1243
2533
1962
2094
896
829
1049
2881
285
421
636
773
2559
67
1798
598
2624
1530
2458
1992
2561
2694
1269
2843
114
938
2898
1346
978
743
2018
2040
1705
1840
1587
434
1790
2904
235
2827
2267
2580
361
975
2638
1192
671
984
749
246
2024
2475
2599
2623
1607
1391
2084
1726
2051
1917
947
2744
503
2569
2854
2508
22
1509
2763
1097
166
527
2610
510
146
2502
780
1197
2141
1575
197
1442
50
845
1396
1759
1233
1305
611
1019
1239
2080
2834
1218
742
2335
604
1188
2667
841
386
1471
2594
2929
2713
219
1652
2537
2351
487
1438
745
764
2060
2134
406
122
2880
162
1745
1914
1581
1461
712
2046
358
561
1359
1342
1970
103
889
1247
68
1174
1245
1011
1733
2688
856
1384
1222
1690
2192
1816
1610
1975
926
2470
584
547
2600
2529
1234
891
413
359
1176
346
316
1272
2871
1514
58
917
1915
632
2510
2303
1340
1361
2328
1785
2208
1108
497
935
1533
2410
2547
751
2480
2646
2672
1229
1441
876
1416
1595
867
377
663
290
1349
55
1842
229
543
620
1633
2671
2111
148
1388
25
847
1467
78
2884
904
795
243
1498
656
354
702
2033
798
2650
2336
2883
881
1954
1503
1644
2345
496
1466
2215
939
2501
30
267
2579
116
2214
1727
1582
1099
1698
2601
1336
115
1682
818
2010
2715
141
753
708
1134
1510
1518
161
545
2754
813
1064
1337
2294
2814
2222
2100
2181
481
585
1771
804
56
1919
1427
33
1111
417
606
1671
2211
2517
212
1804
902
214
36
1288
2663
1566
1823
1378
1708
140
2768
1464
2256
1167
2868
2337
1316
1803
1475
1315
982
1140
2162
2147
2748
1285
629
1923
1098
66
1777
1942
848
1563
1244
1769
774
2531
2381
512
2014
970
971
1527
2439
1375
2325
612
2931
199
1430
755
157
2417
2015
195
2270
843
1913
2686
355
1765
2779
605
230
185
291
870
1338
1500
2032
1898
1692
2859
2195
1090
2424
758
389
2554
2762
205
1550
990
1774
282
2544
2648
621
1589
1638
232
1861
951
738
897
2799
2481
412
1412
2016
139
1562
1639
573
2312
181
2690
106
1854
2543
21
591
158
1548
1791
2784
123
2392
589
2925
86
2396
723
1935
2576
1131
1709
1060
2566
1903
247
1737
456
2506
2389
528
2918
2066
2059
2722
1910
2047
1287
2920
1236
1105
319
600
2272
739
1065
276
81
1951
2765
1350
1859
1653
1047
1499
1814
1957
1546
65
1662
1613
2882
118
750
969
371
2807
1317
120
2749
442
2318
1762
2700
1171
1264
1630
2300
1326
2681
504
854
950
1204
2849
623
270
2263
518
2795
2151
26
2714
1404
675
350
1517
2824
2107
1456
965
59
1279
2683
534
2229
1355
1151
376
2281
2003
2316
1393
824
119
643
1736
2332
639
1283
368
2413
2888
2526
418
1275
1069
839
1882
1994
2913
1267
1786
1303
775
2026
2385
838
1906
2932
2532
2285
2649
437
1848
1314
1273
2764
477
231
1025
2037
2738
1089
373
1130
2007
20
1114
2399
1428
334
697
1713
966
1127
2606
1444
1447
579
178
913
1180
1200
727
849
2596
2926
588
2427
253
220
464
2621
1689
2853
1794
2467
1836
2867
101
2838
2832
1507
1800
624
1561
1711
2453
2445
1
2426
2560
736
640
1868
2628
2578
1381
1292
1875
520
701
411
2739
2892
2874
911
1084
49
2025
2828
378
492
2483
125
2150
2209
2197
563
1991
1353
1609
875
2166
580
2812
1829
1761
1512
2485
107
673
905
1053
846
2183
1186
815
239
1255
1491
2171
1211
2752
668
2136
2511
1010
525
395
302
535
2455
2507
2145
2922
1201
1702
182
1193
1908
737
810
1505
29
1452
2469
2123
1122
691
609
1522
566
2798
2712
808
2692
6
2491
2593
1665
1844
1016
1876
964
2202
747
1677
2916
936
1787
1869
2761
2021
1062
865
851
576
2902
2056
1901
892
2934
976
1524
1420
1489
928
391
17
1363
2416
167
1658
823
2450
486
788
252
997
1846
1415
1584
1725
2813
2668
2908
912
2083
2044
2572
1166
2796
1703
388
922
959
2773
2357
2219
581
275
1205
784
1643
1043
2886
1175
746
2346
1756
2068
1072
2353
878
1602
1949
498
552
1939
836
328
1116
1385
2314
2070
1153
2494
1937
1694
553
1372
475
160
2061
2617
1476
2730
2520
2462
2595
500
266
357
2189
2923
2726
2205
801
859
2821
2227
2498
2900
1601
1669
797
2081
1027
1354
1819
2571
2612
628
2696
705
222
2484
61
221
1155
1579
1263
2921
2280
1307
1933
345
132
1743
1138
194
488
2402
1421
2095
1276
2323
1837
1606
1262
2124
2718
1369
1748
2442
2669
364
814
1459
1463
18
1170
724
717
820
2514
2173
1880
1831
403
2654
1571
1322
2226
1623
2347
2500
858
1598
1749
309
2540
1213
927
2331
715
2361
522
2090
1408
2296
809
281
2319
1697
2038
986
273
707
949
2716
2257
2297
1168
2262
819
2840
2203
2611
225
1406
1382
427
2460
2562
1109
42
41
370
556
721
1826
1542
1433
831
1655
99
666
2224
941
153
2504
1541
2577
1184
2106
1071
924
1934
2563
1757
2550
2437
360
2072
1102
2758
1081
407
2741
2146
2379
2431
2831
2398
1302
2338
1395
1281
2085
304
1930
1270
1485
540
730
2917
485
2879
90
410
1596
1497
2269
2837
1301
885
1088
2826
57
796
2941
1997
852
963
2196
803
257
762
2791
2266
2023
1425
112
2447
1624
1531
601
2632
672
1907
2684
258
2104
2404
2271
1540
1228
732
2121
1143
2476
2863
1768
1259
1325
977
1760
2161
2252
138
2675
2635
1004
399
2305
1625
2495
740
1179
2472
1830
2746
2661
731
1946
14
2631
2113
2719
2709
2394
2622
1100
716
1766
645
733
988
1225
524
1982
336
46
405
97
2284
768
1477
2327
340
944
932
211
2848
2640
502
684
1277
1313
844
2004
625
1549
2241
64
1005
2415
2287
1977
1290
2733
560
1852
2185
657
2368
1460
2602
2071
767
452
1959
2311
2706
1118
2493
100
1693
1893
2076
882
1397
853
379
170
777
307
1642
679
1802
213
2326
1061
37
313
2630
2248
2277
1972
1437
2087
175
1878
1453
2194
240
565
1446
2627
1805
822
2350
1399
2258
2092
2940
349
136
1731
466
2091
207
1585
1310
83
2492
39
1410
2310
2538
700
2391
457
880
72
1352
1976
1961
1611
2670
2903
1120
2734
1862
186
2057
1764
980
837
1413
2369
925
237
1046
2486
2750
1539
960
1479
1261
2861
1344
2731
2089
1506
2662
1254
718
1145
1075
1881
2414
1874
2740
474
2364
0
1600
872
1402
2022
2695
1922
1306
2118
2223
501
269
682
2633
1191
1112
2289
2122
1468
2817
689
2703
1979
1066
961
1950
2103
38
88
1750
441
816
156
1511
2175
2737
1888
869
2725
1969
1377
1280
1194
2167
2334
45
1227
110
648
2341
1559
523
2555
1909
987
1106
1989
2905
2163
644
570
1256
1926
1521
2876
901
2873
2641
685
1649
1740
1637
1265
1152
1501
807
2659
1482
1018
1104
1921
1341
597
608
1516
776
188
2591
948
2702
825
2753
2093
2772
1252
2002
1924
1328
151
1465
1251
728
1545
431
1783
453
1887
1622
2551
1364
327
2132
343
1157
1758
2655
1141
133
1931
989
1912
893
93
1299
558
1839
79
2723
781
2546
1214
1775
766
479
2615
2459
1156
2536
1139
12
183
1318
131
1164
445
1432
1107
2308
2829
2062
2200
1181
268
169
1390
451
2159
2933
974
1078
2509
1063
696
2035
2190
2188
646
2009
215
1679
2428
1504
1074
1739
1056
1850
2717
1030
1073
2067
698
444
2721
1597
2199
1808
1841
242
1681
2673
85
1190
2420
2115
2378
1746
575
1916
126
2138
1298
1450
2405
2231
2454
1998
303
929
1496
695
347
2129
1827
979
669
1128
398
1454
1656
1936
794
1494
1544
1776
2819
562
772
144
618
2377
661
871
414
592
2295
448
1309
2835
351
1173
2497
996
1834
555
521
177
2570
44
638
557
1537
1345
76
449
1780
1905
2237
2735
165
1008
179
337
706
1113
1696
1079
1967
699
218
1370
1964
1678
2858
82
1250
362
542
2820
2360
287
1115
842
1615
1626
1974
1555
771
692
2255
1150
1159
2436
2897
284
583
34
462
1103
2583
1592
586
2240
2063
1329
2887
1347
1308
348
711
1718
2558
2801
1360
384
1857
192
2678
602
1570
2574
719
2608
594
2395
2438
2356
198
263
2302
2653
1965
985
942
2585
1663
1612
769
2811
2371
2697
1013
2565
2030
2448
1202
572
577
1891
937
2701
380
1000
262
1294
1124
2660
2365
204
1238
2393
647
1968
2268
245
196
433
860
2058
2036
1232
77
2541
1890
2143
1162
324
756
1958
69
1455
480
952
1271
1289
1928
2496
2235
190
128
1017
532
2836
1407
1988
2339
2896
1534
1838
529
1492
1779
1558
2515
748
48
2519
1125
1706
142
655
2008
1590
396
1646
779
1508
1960
559
96
2844
164
2689
1448

