1 1
2 1
3 1
4 1
5 0
6 0
7 0
8 0
9 1
10 1
11 0
12 0
13 0
14 1
15 1
16 1
17 1
18 1
19 0
20 0
21 0
22 1
23 1
24 0
25 1
26 1
27 0
28 0
29 0
30 0
31 0
32 0
33 1
34 1
35 1
36 1
37 0
38 0
39 0
40 0
41 1
42 0
43 0
44 1
45 0
46 1
47 0
48 1
49 0
50 1
51 1
52 0
53 0
54 1
55 1
56 1
57 0
58 0
59 1
60 0
61 0
62 1
63 1
64 1
65 0
66 0
67 1
68 0
69 1
70 1
71 0
72 1
73 1
74 1
75 0
76 0
77 1
78 0
79 1
80 1
81 0
82 0
83 1
84 0
85 0
86 1
87 1
88 0
89 0
90 1
91 0
92 1
93 0
94 0
95 1
96 0
97 0
98 1
99 0
100 0
101 0
102 0
103 1
104 1
105 1
106 0
107 0
108 0
109 0
110 0
111 1
112 0
113 1
114 1
115 1
116 0
117 1
118 1
119 0
120 1
121 1
122 1
123 0
124 1
125 0
126 0
127 1
128 0
129 0
130 0
131 0
132 1
133 1
134 0
135 0
136 1
137 0
138 1
139 0
140 1
141 1
142 1
143 0
144 0
145 1
146 0
147 1
148 1
149 1
150 1
151 1
152 0
153 1
154 1
155 1
156 1
157 0
158 1
159 1
160 0
161 1
162 0
163 0
164 1
165 0
166 0
167 0
168 1
169 0
170 0
171 1
172 1
173 0
174 0
175 1
176 0
177 1
178 0
179 0
180 1
181 1
182 0
183 1
184 0
185 1
186 0
187 1
188 0
189 0
190 0
191 1
192 0
193 0
194 0
195 0
196 1
197 1
198 1
199 1
200 1
201 1
202 0
203 1
204 0
205 1
206 0
207 1
208 1
209 0
210 1
211 1
212 1
213 0
214 0
215 1
216 0
217 0
218 1
219 0
220 0
221 0
222 1
223 1
224 0
225 0
226 0
227 1
228 0
229 1
230 0
231 1
232 0
233 1
234 0
235 1
236 0
237 0
238 1
239 0
240 0
241 0
242 1
243 0
244 0
245 0
246 0
247 0
248 1
249 0
250 1
251 0
252 1
253 0
254 1
255 1
256 1
257 1
258 0
259 1
260 0
261 1
262 1
263 0
264 1
265 1
266 0
267 0
268 0
269 1
270 0
271 0
272 1
273 0
274 0
275 1
276 1
277 0
278 1
279 1
280 1
281 0
282 1
283 1
284 0
285 1
286 0
287 0
288 0
289 0
290 1
291 1
292 1
293 1
294 0
295 0
296 0
297 0
298 0
299 0
300 1
301 0
302 1
303 0
304 1
305 1
306 0
307 1
308 0
309 1
310 0
311 1
312 0
313 1
314 0
315 1
316 0
317 1
318 0
319 1
320 0
321 1
322 1
323 1
324 1
325 0
326 1
327 1
328 0
329 1
330 0
331 1
332 1
333 1
334 1
335 0
336 0
337 0
338 1
339 1
340 1
341 1
342 0
343 1
344 1
345 0
346 0
347 1
348 0
349 0
350 1
351 1
352 0
353 1
354 1
355 1
356 1
357 0
358 0
359 0
360 1
361 0
362 1
363 1
364 0
365 0
366 0
367 0
368 1
369 0
370 1
371 1
372 0
373 0
374 1
375 1
376 1
377 1
378 0
379 1
380 0
381 1
382 1
383 1
384 1
385 1
386 1
387 0
388 0
389 1
390 1
391 1
392 0
393 0
394 0
395 1
396 0
397 0
398 0
399 0
400 1
401 0
402 1
403 1
404 1
405 0
406 1
407 1
408 0
409 1
410 0
411 1
412 1
413 1
414 0
415 0
416 0
417 0
418 1
419 1
420 1
421 1
422 1
423 1
424 0
425 1
426 0
427 1
428 1
429 1
430 0
431 0
432 0
433 1
434 1
435 1
436 0
437 0
438 0
439 1
440 0
441 0
442 0
443 0
444 0
445 0
446 1
447 1
448 0
449 1
450 0
451 0
452 1
453 1
454 0
455 1
456 1
457 0
458 0
459 0
460 1
461 1
462 1
463 0
464 0
465 1
466 0
467 1
468 1
469 0
470 0
471 0
472 1
473 0
474 1
475 1
476 1
477 0
478 0
479 0
480 1
481 1
482 0
483 1
484 0
485 0
486 1
487 1
488 1
489 0
490 0
491 0
492 1
493 0
494 1
495 1
496 1
497 1
498 0
499 0
500 0
501 1
502 0
503 1
504 1
505 0
506 1
507 1
508 1
509 0
510 1
511 0
512 1
513 0
514 1
515 0
516 1
517 1
518 1
519 1
520 0
521 1
522 0
523 0
524 0
525 0
526 0
527 1
528 1
529 0
530 1
531 1
532 1
533 0
534 1
535 1
536 0
537 0
538 0
539 1
540 1
541 1
542 1
543 1
544 1
545 0
546 0
547 1
548 0
549 1
550 0
551 0
552 1
553 1
554 1
555 1
556 0
557 0
558 0
559 1
560 0
561 0
562 1
563 1
564 1
565 1
566 1
567 1
568 0
569 1
570 1
571 0
572 1
573 1
574 1
575 1
576 0
577 1
578 1
579 0
580 1
581 0
582 1
583 0
584 1
585 1
586 1
587 1
588 1
589 1
590 1
591 0
592 1
593 1
594 1
595 1
596 0
597 1
598 1
599 0
600 1
601 1
602 1
603 1
604 1
605 0
606 1
607 0
608 0
609 1
610 0
611 1
612 0
613 1
614 0
615 1
616 1
617 0
618 1
619 1
620 1
621 1
622 1
623 0
624 1
625 1
626 1
627 1
628 1
629 1
630 1
631 1
632 0
633 0
634 1
635 0
636 1
637 0
638 1
639 0
640 0
641 1
642 1
643 1
644 1
645 1
646 0
647 0
648 1
649 1
650 0
651 1
652 0
653 1
654 0
655 0
656 1
657 1
658 1
659 1
660 1
661 1
662 1
663 1
664 1
665 0
666 0
667 0
668 0
669 1
670 1
671 1
672 0
673 1
674 1
675 0
676 0
677 0
678 1
679 1
680 1
681 0
682 1
683 0
684 1
685 1
686 1
687 1
688 0
689 1
690 0
691 1
692 0
693 1
694 1
695 1
696 0
697 0
698 1
699 1
700 0
701 1
702 0
703 1
704 0
705 1
706 0
707 1
708 1
709 1
710 1
711 0
712 0
713 1
714 0
715 1
716 0
717 0
718 0
719 1
720 0
721 1
722 1
723 0
724 1
725 1
726 1
727 1
728 0
729 0
730 1
731 1
732 0
733 0
734 0
735 1
736 0
737 1
738 0
739 1
740 0
741 1
742 0
743 0
744 1
745 1
746 0
747 1
748 0
749 1
750 0
751 0
752 0
753 0
754 1
755 0
756 0
757 1
758 0
759 0
760 0
761 1
762 0
763 1
764 1
765 1
766 0
767 0
768 0
769 1
770 0
771 0
772 0
773 0
774 1
775 1
776 1
777 1
778 0
779 0
780 1
781 1
782 0
783 0
784 0
785 1
786 1
787 1
788 0
789 0
790 1
791 0
792 0
793 1
794 1
795 0
796 1
797 1
798 1
799 1
800 0
801 1
802 0
803 1
804 1
805 1
806 1
807 0
808 0
809 1
810 1
811 0
812 1
813 1
814 0
815 1
816 1
817 1
818 1
819 1
820 1
821 1
822 1
823 0
824 0
825 0
826 0
827 1
828 1
829 1
830 1
831 0
832 1
833 1
834 0
835 1
836 0
837 0
838 1
839 1
840 1
841 0
842 1
843 1
844 1
845 0
846 0
847 0
848 0
849 1
850 0
851 0
852 0
853 1
854 1
855 0
856 1
857 0
858 1
859 1
860 0
861 1
862 0
863 0
864 0
865 1
866 1
867 0
868 0
869 0
870 1
871 0
872 1
873 0
874 1
875 1
876 1
877 1
878 0
879 1
880 0
881 1
882 0
883 1
884 1
885 1
886 0
887 1
888 0
889 1
890 1
891 0
892 1
893 0
894 1
895 0
896 1
897 1
898 1
899 0
900 0
901 0
902 1
903 1
904 0
905 0
906 0
907 0
908 1
909 1
910 1
911 0
912 1
913 1
914 1
915 0
916 0
917 1
918 0
919 1
920 1
921 1
922 0
923 0
924 0
925 0
926 1
927 0
928 1
929 0
930 1
931 1
932 1
933 1
934 0
935 1
936 0
937 1
938 0
939 1
940 1
941 1
942 0
943 1
944 0
945 1
946 0
947 1
948 1
949 1
950 1
951 1
952 1
953 0
954 0
955 1
956 1
957 0
958 1
959 0
960 0
961 1
962 1
963 1
964 1
965 0
966 1
967 1
968 1
969 1
970 1
971 1
972 0
973 1
974 0
975 1
976 1
977 1
978 1
979 1
980 0
981 1
982 1
983 0
984 0
985 1
986 0
987 0
988 1
989 1
990 0
991 1
992 1
993 0
994 0
995 1
996 0
997 0
998 1
999 0
1000 1
1001 0
1002 0
1003 1
1004 0
1005 0
1006 1
1007 0
1008 0
1009 1
1010 1
1011 1
1012 1
1013 0
1014 1
1015 0
1016 0
1017 0
1018 0
1019 0
1020 0
1021 0
1022 0
1023 0
1024 0
1025 0
1026 0
1027 0
1028 0
1029 1
1030 0
1031 0
1032 0
1033 0
1034 0
1035 1
1036 1
1037 0
1038 1
1039 0
1040 1
1041 0
1042 0
1043 0
1044 0
1045 1
1046 0
1047 1
1048 1
1049 1
1050 0
1051 1
1052 0
1053 1
1054 0
1055 1
1056 0
1057 1
1058 1
1059 0
1060 0
1061 1
1062 0
1063 0
1064 1
1065 1
1066 0
1067 1
1068 0
1069 0
1070 0
1071 1
1072 1
1073 0
1074 0
1075 1
1076 0
1077 0
1078 1
1079 1
1080 0
1081 0
1082 1
1083 1
1084 0
1085 0
1086 1
1087 1
1088 0
1089 0
1090 1
1091 0
1092 1
1093 0
1094 1
1095 1
1096 1
1097 0
1098 1
1099 1
1100 0
1101 1
1102 0
1103 0
1104 0
1105 1
1106 0
1107 1
1108 0
1109 1
1110 0
1111 0
1112 1
1113 0
1114 1
1115 1
1116 1
1117 0
1118 1
1119 0
1120 1
1121 1
1122 1
1123 0
1124 1
1125 1
1126 0
1127 0
1128 0
1129 1
1130 0
1131 1
1132 0
1133 0
1134 0
1135 0
1136 0
1137 1
1138 0
1139 0
1140 0
1141 1
1142 0
1143 0
1144 0
1145 0
1146 1
1147 0
1148 0
1149 0
1150 0
1151 0
1152 0
1153 1
1154 1
1155 1
1156 0
1157 1
1158 1
1159 0
1160 1
1161 1
1162 1
1163 1
1164 1
1165 0
1166 1
1167 0
1168 1
1169 1
1170 1
1171 0
1172 1
1173 0
1174 0
1175 1
1176 1
1177 0
1178 0
1179 1
1180 0
1181 0
1182 0
1183 0
1184 1
1185 0
1186 0
1187 0
1188 0
1189 0
1190 1
1191 1
1192 1
1193 1
1194 1
1195 0
1196 1
1197 0
1198 1
1199 1
1200 0
1201 1
1202 1
1203 1
1204 1
1205 0
1206 1
1207 1
1208 1
1209 1
1210 0
1211 1
1212 0
1213 1
1214 1
1215 0
1216 0
1217 1
1218 1
1219 1
1220 1
1221 1
1222 0
1223 0
1224 1
1225 1
1226 0
1227 0
1228 0
1229 1
1230 1
1231 0
1232 1
1233 0
1234 0
1235 0
1236 0
1237 0
1238 1
1239 0
1240 0
1241 1
1242 0
1243 0
1244 0
1245 1
1246 0
1247 1
1248 1
1249 1
1250 1
1251 1
1252 1
1253 0
1254 1
1255 0
1256 0
1257 0
1258 1
1259 1
1260 0
1261 0
1262 0
1263 1
1264 0
1265 0
1266 1
1267 0
1268 0
1269 0
1270 0
1271 0
1272 0
1273 0
1274 0
1275 0
1276 0
1277 0
1278 0
1279 0
1280 0
1281 0
1282 0
1283 1
1284 1
1285 0
1286 1
1287 1
1288 0
1289 1
1290 1
1291 1
1292 0
1293 0
1294 1
1295 0
1296 1
1297 1
1298 1
1299 1
1300 0
1301 0
1302 1
1303 1
1304 0
1305 1
1306 0
1307 0
1308 1
1309 1
1310 1
1311 0
1312 1
1313 1
1314 1
1315 0
1316 1
1317 0
1318 0
1319 0
1320 0
1321 0
1322 1
1323 1
1324 1
1325 0
1326 1
1327 0
1328 0
1329 1
1330 0
1331 1
1332 0
1333 1
1334 1
1335 0
1336 1
1337 1
1338 1
1339 1
1340 0
1341 0
1342 1
1343 0
1344 0
1345 0
1346 0
1347 0
1348 1
1349 0
1350 1
1351 0
1352 1
1353 0
1354 0
1355 0
1356 0
1357 1
1358 0
1359 1
1360 0
1361 0
1362 1
1363 1
1364 1
1365 0
1366 0
1367 0
1368 1
1369 0
1370 0
1371 0
1372 1
1373 0
1374 0
1375 1
1376 0
1377 0
1378 1
1379 1
1380 1
1381 1
1382 0
1383 0
1384 0
1385 0
1386 0
1387 0
1388 0
1389 0
1390 0
1391 1
1392 0
1393 0
1394 0
1395 0
1396 0
1397 0
1398 0
1399 0
1400 1
1401 0
1402 1
1403 1
1404 0
1405 0
1406 1
1407 1
1408 0
1409 1
1410 1
1411 1
1412 0
1413 0
1414 1
1415 0
1416 0
1417 1
1418 0
1419 1
1420 1
1421 1
1422 0
1423 1
1424 1
1425 0
1426 0
1427 0
1428 1
1429 1
1430 0
1431 1
1432 0
1433 1
1434 0
1435 0
1436 0
1437 1
1438 0
1439 1
1440 1
1441 1
1442 1
1443 0
1444 1
1445 1
1446 0
1447 0
1448 1
1449 1
1450 1
1451 0
1452 1
1453 0
1454 1
1455 0
1456 1
1457 0
1458 0
1459 1
1460 1
1461 1
1462 1
1463 0
1464 0
1465 0
1466 0
1467 0
1468 0
1469 1
1470 1
1471 0
