1 0
2 0
3 1
4 1
5 0
6 1
7 0
8 1
9 0
10 1
11 1
12 0
13 1
14 0
15 0
16 1
17 1
18 0
19 0
20 0
21 0
22 0
23 1
24 0
25 0
26 0
27 0
28 1
29 0
30 1
31 1
32 0
33 1
34 1
35 1
36 0
37 0
38 0
39 0
40 0
41 0
42 0
43 1
44 0
45 1
46 0
47 0
48 1
49 0
50 0
51 0
52 0
53 1
54 1
55 0
56 0
57 0
58 0
59 0
60 0
61 0
62 0
63 1
64 0
65 0
66 0
67 0
68 1
69 0
70 1
71 0
72 1
73 0
74 1
75 1
76 0
77 0
78 0
79 0
80 0
81 1
82 0
83 0
84 0
85 1
86 0
87 0
88 0
89 1
90 0
91 0
92 1
93 1
94 0
95 1
96 0
97 0
98 0
99 0
100 0
101 1
102 0
103 0
104 0
105 0
106 0
107 1
108 0
109 0
110 0
111 1
112 0
113 0
114 0
115 0
116 0
117 1
118 0
119 0
120 1
121 0
122 1
123 0
124 0
125 0
126 0
127 0
128 0
129 1
130 1
131 0
132 1
133 1
134 0
135 0
136 1
137 0
138 0
139 1
140 1
141 0
142 1
143 1
144 0
145 0
146 1
147 1
148 1
149 0
150 1
151 0
152 0
153 0
154 1
155 0
156 1
157 0
158 1
159 0
160 1
161 0
162 0
163 1
164 0
165 1
166 0
167 0
168 1
169 0
170 1
171 0
172 0
173 0
174 1
175 0
176 1
177 0
178 0
179 0
180 0
181 1
182 0
183 0
184 0
185 0
186 1
187 1
188 0
189 1
190 0
191 0
192 0
193 0
194 1
195 1
196 0
197 0
198 0
199 0
200 1
201 1
202 1
203 0
204 1
205 1
206 1
207 0
208 0
209 0
210 1
211 1
212 0
213 1
214 1
215 0
216 0
217 0
218 1
219 0
220 1
221 0
222 1
223 0
224 1
225 1
226 0
227 0
228 0
229 0
230 1
231 0
232 0
233 0
234 1
235 0
236 0
237 0
238 0
239 1
240 1
241 0
242 0
243 0
244 1
245 0
246 0
247 1
248 0
249 1
250 1
251 0
252 1
253 0
254 1
255 1
256 1
257 0
258 0
259 1
260 1
261 1
262 0
263 1
264 0
265 0
266 1
267 1
268 1
269 1
270 0
271 1
272 0
273 0
274 1
275 1
276 1
277 1
278 0
279 0
280 1
281 1
282 0
283 1
284 0
285 0
286 0
287 0
288 0
289 1
290 1
291 0
292 0
293 0
294 0
295 1
296 0
297 0
298 1
299 0
300 0
301 1
302 0
303 1
304 1
305 1
306 0
307 1
308 0
309 0
310 1
311 0
312 1
313 1
314 1
315 0
316 1
317 1
318 0
319 0
320 1
321 0
322 0
323 1
324 0
325 0
326 0
327 0
328 0
329 1
330 1
331 0
332 0
333 0
334 1
335 0
336 1
337 0
338 0
339 0
340 1
341 1
342 0
343 1
344 1
345 0
346 1
347 1
348 1
349 1
350 0
351 1
352 0
353 1
354 0
355 0
356 0
357 0
358 0
359 0
360 0
361 1
362 1
363 1
364 0
365 1
366 0
367 1
368 0
369 0
370 1
371 0
372 1
373 0
374 1
375 0
376 0
377 0
378 0
379 0
380 1
381 0
382 1
383 1
384 0
385 1
386 0
387 1
388 0
389 1
390 1
391 0
392 1
393 0
394 0
395 0
396 0
397 0
398 0
399 1
400 1
401 1
402 0
403 0
404 0
405 1
406 1
407 0
408 0
409 0
410 1
411 0
412 0
413 0
414 0
415 1
416 0
417 1
418 0
419 0
420 0
421 0
422 1
423 1
424 0
425 1
426 0
427 1
428 0
429 1
430 0
431 1
432 0
433 0
434 0
435 1
436 0
437 1
438 0
439 0
440 1
441 1
442 0
443 0
444 1
445 1
446 0
447 0
448 0
449 1
450 1
451 0
452 0
453 0
454 1
455 1
456 1
457 0
458 0
459 0
460 0
461 0
462 1
463 0
464 0
465 0
466 0
467 0
468 1
469 0
470 0
471 1
472 0
473 1
474 0
475 0
476 0
477 1
478 1
479 0
480 0
481 0
482 1
483 0
484 1
485 0
486 0
487 1
488 0
489 0
490 0
491 0
492 1
493 0
494 1
495 0
496 1
497 1
498 0
499 1
500 1
501 1
502 1
503 0
504 0
505 0
506 1
507 0
508 1
509 0
510 0
511 1
512 0
513 0
514 0
515 0
516 0
517 0
518 0
519 0
520 1
521 1
522 0
523 0
524 1
525 0
526 0
527 1
528 0
529 1
530 0
531 0
532 1
533 0
534 1
535 0
536 0
537 0
538 1
539 1
540 1
541 0
542 0
543 1
544 1
545 1
546 1
547 0
548 1
549 1
550 0
551 0
552 0
553 1
554 0
555 1
556 0
557 1
558 0
559 0
560 0
561 1
562 1
563 0
564 1
565 0
566 0
567 1
568 1
569 1
570 1
571 0
572 1
573 1
574 1
575 0
576 0
577 0
578 0
579 0
580 0
581 1
582 0
583 0
584 0
585 0
586 1
587 1
588 0
589 1
590 1
591 1
592 0
593 0
594 0
595 1
596 0
597 0
598 0
599 0
600 1
601 0
602 1
603 1
604 1
605 0
606 1
607 1
608 0
609 0
610 0
611 1
612 0
613 1
614 0
615 1
616 1
617 1
618 1
619 1
620 0
621 0
622 0
623 0
624 0
625 0
626 0
627 0
628 0
629 0
630 1
631 1
632 0
633 0
634 1
635 0
636 0
637 0
638 0
639 1
640 0
641 0
642 0
643 1
644 0
645 1
646 0
647 0
648 0
649 1
650 1
651 0
652 1
653 0
654 1
655 0
656 0
657 0
658 0
659 0
660 0
661 0
662 0
663 0
664 1
665 0
666 0
667 0
668 0
669 1
670 1
671 0
672 1
673 1
674 1
675 1
676 0
677 1
678 0
679 0
680 1
681 0
682 0
683 0
684 1
685 0
686 1
687 1
688 0
689 1
690 0
691 1
692 0
693 1
694 0
695 0
696 1
697 0
698 1
699 0
700 0
701 0
702 0
703 1
704 0
705 1
706 1
707 0
708 0
709 1
710 1
711 0
712 0
713 0
714 0
715 1
716 0
717 1
718 1
719 0
720 1
721 0
722 1
723 1
724 0
725 0
726 0
727 1
728 0
729 1
730 0
731 0
732 1
733 1
734 1
735 0
736 0
737 1
738 1
739 0
740 0
741 0
742 0
743 1
744 0
745 0
746 1
747 0
748 1
749 0
750 1
751 1
752 1
753 0
754 0
755 0
756 1
757 1
758 1
759 0
760 1
761 1
762 0
763 0
764 1
765 1
766 1
767 0
768 0
769 1
770 0
771 0
772 0
773 0
774 1
775 0
776 0
777 1
778 1
779 0
780 1
781 1
782 0
783 0
784 1
785 0
786 1
787 0
788 0
789 1
790 1
791 1
792 0
793 0
794 0
795 1
796 1
797 0
798 1
799 1
800 0
801 1
802 0
803 1
804 1
805 0
806 1
807 1
808 0
809 1
810 1
811 1
812 0
813 1
814 0
815 0
816 0
817 1
818 1
819 1
820 1
821 1
822 0
823 1
824 0
825 1
826 0
827 1
828 1
829 1
830 1
831 1
832 0
833 1
834 1
835 0
836 1
837 1
838 0
839 0
840 0
841 0
842 1
843 0
844 0
845 0
846 1
847 0
848 0
849 0
850 0
851 0
852 1
853 1
854 1
855 1
856 1
857 1
858 0
859 0
860 0
861 0
862 0
863 0
864 0
865 0
866 1
867 0
868 0
869 1
870 0
871 0
872 1
873 0
874 0
875 0
876 0
877 0
878 1
879 0
880 0
881 1
882 0
883 0
884 0
885 0
886 0
887 1
888 0
889 0
890 0
891 0
892 1
893 0
894 0
895 0
896 1
897 1
898 0
899 1
900 0
901 0
902 1
903 0
904 0
905 1
906 1
907 0
908 0
909 0
910 0
911 1
912 1
913 1
914 0
915 0
916 1
917 0
918 0
919 0
920 0
921 1
922 0
923 1
924 0
925 1
926 0
927 1
928 1
929 1
930 0
931 1
932 1
933 0
934 0
935 1
936 1
937 1
938 0
939 0
940 0
941 1
942 0
943 0
944 0
945 1
946 1
947 1
948 0
949 1
950 0
951 0
952 0
953 1
954 1
955 1
956 0
957 0
958 1
959 1
960 1
961 1
962 1
963 1
964 1
965 1
966 0
967 1
968 1
969 0
970 0
971 0
972 1
973 1
974 0
975 1
976 0
977 0
978 0
979 0
980 0
981 1
982 0
983 1
984 1
985 0
986 1
987 1
988 0
989 1
990 1
991 1
992 1
993 0
994 1
995 0
996 1
997 1
998 0
999 0
1000 0
1001 0
1002 0
1003 0
1004 0
1005 0
1006 1
1007 0
1008 1
1009 0
1010 0
1011 1
1012 1
1013 0
1014 1
1015 0
1016 1
1017 0
1018 1
1019 0
1020 1
1021 0
1022 1
1023 1
1024 0
1025 1
1026 0
1027 1
1028 1
1029 0
1030 0
1031 1
1032 1
1033 0
1034 1
1035 1
1036 0
1037 1
1038 0
1039 0
1040 1
1041 1
1042 0
1043 0
1044 1
1045 1
1046 1
1047 0
1048 0
1049 1
1050 0
1051 0
1052 0
1053 0
1054 0
1055 1
1056 0
1057 0
1058 0
1059 0
1060 0
1061 0
1062 0
1063 1
1064 0
1065 0
1066 1
1067 1
1068 0
1069 1
1070 1
1071 0
1072 0
1073 1
1074 0
1075 1
1076 0
1077 0
1078 0
1079 0
1080 1
1081 1
1082 1
1083 1
1084 0
1085 0
1086 0
1087 0
1088 1
1089 0
1090 0
1091 0
1092 1
1093 0
1094 0
1095 1
1096 0
1097 0
1098 1
1099 1
1100 1
1101 0
1102 0
1103 1
1104 1
1105 0
1106 0
1107 0
1108 0
1109 0
1110 1
1111 0
1112 0
1113 1
1114 0
1115 1
1116 1
1117 1
1118 1
1119 1
1120 1
1121 1
1122 1
1123 0
1124 1
1125 0
1126 1
1127 1
1128 0
1129 1
1130 1
1131 0
1132 1
1133 1
1134 1
1135 1
1136 1
1137 1
1138 0
1139 1
1140 0
1141 1
1142 0
1143 1
1144 1
1145 1
1146 0
1147 1
1148 0
1149 0
1150 1
1151 1
1152 1
1153 0
1154 1
1155 0
1156 0
1157 1
1158 1
1159 1
1160 0
1161 0
1162 0
1163 0
1164 1
1165 0
1166 0
1167 0
1168 1
1169 1
1170 0
1171 0
1172 0
1173 1
1174 0
1175 0
1176 1
1177 0
1178 1
1179 0
1180 1
1181 1
1182 0
1183 0
1184 0
1185 0
1186 0
1187 1
1188 0
1189 1
1190 0
1191 0
1192 0
1193 1
1194 1
1195 1
1196 0
1197 1
1198 0
1199 0
1200 1
1201 0
1202 0
1203 0
1204 0
1205 1
1206 0
1207 0
1208 1
1209 0
1210 1
1211 0
1212 0
1213 0
1214 0
1215 0
1216 1
1217 0
1218 1
1219 0
1220 0
1221 1
1222 0
1223 0
1224 0
1225 1
1226 0
1227 0
1228 0
1229 0
1230 0
1231 1
1232 0
1233 0
1234 1
1235 1
1236 0
1237 1
1238 0
1239 0
1240 0
1241 1
1242 1
1243 0
1244 1
1245 1
1246 0
1247 0
1248 1
1249 0
1250 1
1251 0
1252 1
1253 1
1254 0
1255 0
1256 0
1257 0
1258 1
1259 0
1260 0
1261 0
1262 0
1263 1
1264 1
1265 1
1266 0
1267 1
1268 0
1269 1
1270 0
1271 1
1272 0
1273 0
1274 0
1275 1
1276 0
1277 0
1278 1
1279 0
1280 0
1281 1
1282 1
1283 0
1284 0
1285 1
1286 1
1287 0
1288 0
1289 1
1290 0
1291 0
1292 0
1293 1
1294 1
1295 1
1296 1
1297 0
1298 1
1299 1
1300 1
1301 1
1302 0
1303 1
1304 1
1305 1
1306 0
1307 0
1308 0
1309 1
1310 0
1311 1
1312 1
1313 1
1314 0
1315 0
1316 1
1317 0
1318 1
1319 0
1320 0
1321 1
1322 0
1323 0
1324 1
1325 0
1326 1
1327 0
1328 1
1329 0
1330 1
1331 0
1332 0
1333 1
1334 0
1335 1
1336 0
1337 1
1338 0
1339 1
1340 0
1341 1
1342 1
1343 0
1344 1
1345 1
1346 1
1347 1
1348 0
1349 0
1350 0
1351 1
1352 0
1353 0
1354 0
1355 1
1356 0
1357 1
1358 0
1359 1
1360 1
1361 0
1362 1
1363 0
1364 0
1365 1
1366 0
1367 1
1368 1
1369 0
1370 1
1371 1
1372 0
1373 1
1374 0
1375 1
1376 1
1377 1
1378 0
1379 1
1380 0
1381 1
1382 0
1383 1
1384 0
1385 1
1386 1
1387 0
1388 1
1389 1
1390 0
1391 0
1392 1
1393 0
1394 1
1395 1
1396 0
1397 1
1398 1
1399 1
1400 1
1401 0
1402 1
1403 1
1404 1
1405 0
1406 1
1407 0
1408 0
1409 1
1410 0
1411 0
1412 1
1413 1
1414 0
1415 1
1416 1
1417 1
1418 1
1419 1
1420 0
1421 1
1422 0
1423 0
1424 0
1425 1
1426 1
1427 0
1428 0
1429 0
1430 1
1431 0
1432 0
1433 1
1434 0
1435 0
1436 0
1437 0
1438 1
1439 0
1440 1
1441 1
1442 0
1443 1
1444 1
1445 0
1446 1
1447 0
1448 0
1449 1
1450 0
1451 0
1452 0
1453 1
1454 0
1455 0
1456 0
1457 0
1458 0
1459 0
1460 1
1461 0
1462 0
1463 0
1464 1
1465 0
1466 0
1467 1
1468 1
1469 0
1470 0
1471 1
