1 0
2 0
3 1
4 1
5 1
6 0
7 1
8 0
9 0
10 0
11 1
12 1
13 1
14 0
15 1
16 1
17 0
18 1
19 1
20 0
21 0
22 1
23 1
24 1
25 0
26 1
27 1
28 0
29 1
30 1
31 0
32 0
33 0
34 0
35 1
36 1
37 0
38 0
39 0
40 1
41 0
42 1
43 1
44 0
45 1
46 1
47 0
48 1
49 1
50 1
51 1
52 0
53 1
54 1
55 1
56 1
57 1
58 1
59 1
60 0
61 1
62 0
63 0
64 0
65 1
66 0
67 0
68 1
69 0
70 1
71 0
72 0
73 0
74 1
75 0
76 0
77 0
78 1
79 0
80 0
81 1
82 0
83 1
84 1
85 0
86 0
87 1
88 1
89 0
90 0
91 1
92 0
93 1
94 1
95 1
96 1
97 1
98 1
99 0
100 1
101 0
102 0
103 0
104 1
105 1
106 1
107 1
108 0
109 1
110 1
111 0
112 1
113 1
114 0
115 0
116 0
117 1
118 1
119 0
120 0
121 0
122 1
123 0
124 0
125 0
126 0
127 0
128 0
129 1
130 1
131 1
132 1
133 1
134 1
135 1
136 1
137 1
138 0
139 0
140 0
141 1
142 0
143 1
144 0
145 0
146 1
147 0
148 0
149 1
150 0
151 1
152 1
153 0
154 1
155 1
156 1
157 1
158 0
159 1
160 1
161 0
162 0
163 1
164 0
165 1
166 1
167 1
168 1
169 0
170 0
171 0
172 1
173 1
174 0
175 1
176 0
177 1
178 1
179 1
180 0
181 1
182 0
183 0
184 0
185 0
186 0
187 1
188 1
189 0
190 0
191 0
192 0
193 0
194 1
195 1
196 0
197 0
198 0
199 0
200 0
201 1
202 1
203 1
204 1
205 0
206 0
207 1
208 0
209 1
210 1
211 1
212 0
213 0
214 1
215 0
216 0
217 1
218 0
219 1
220 0
221 0
222 1
223 0
224 0
225 0
226 1
227 1
228 1
229 0
230 1
231 0
232 0
233 0
234 1
235 0
236 0
237 0
238 1
239 1
240 1
241 1
242 1
243 0
244 1
245 1
246 0
247 0
248 0
249 0
250 0
251 0
252 0
253 1
254 1
255 0
256 0
257 1
258 1
259 1
260 1
261 0
262 0
263 1
264 1
265 1
266 0
267 0
268 0
269 0
270 1
271 1
272 0
273 1
274 1
275 1
276 0
277 1
278 0
279 0
280 1
281 0
282 1
283 0
284 1
285 1
286 0
287 1
288 1
289 1
290 0
291 1
292 1
293 1
294 0
295 0
296 1
297 0
298 0
299 0
300 0
301 0
302 0
303 0
304 1
305 0
306 1
307 0
308 1
309 0
310 0
311 0
312 1
313 1
314 0
315 0
316 1
317 1
318 1
319 1
320 1
321 0
322 1
323 1
324 0
325 0
326 1
327 0
328 0
329 1
330 1
331 0
332 0
333 1
334 1
335 0
336 1
337 1
338 0
339 0
340 1
341 1
342 1
343 1
344 0
345 0
346 1
347 0
348 0
349 0
350 1
351 0
352 1
353 0
354 0
355 0
356 0
357 1
358 1
359 0
360 1
361 0
362 1
363 0
364 1
365 1
366 1
367 1
368 1
369 0
370 0
371 0
372 1
373 0
374 1
375 0
376 1
377 0
378 1
379 0
380 1
381 1
382 1
383 1
384 1
385 1
386 1
387 0
388 0
389 0
390 0
391 0
392 1
393 1
394 1
395 1
396 0
397 0
398 0
399 0
400 1
401 0
402 1
403 0
404 1
405 1
406 1
407 0
408 0
409 0
410 0
411 1
412 0
413 1
414 0
415 0
416 0
417 0
418 0
419 1
420 0
421 1
422 1
423 0
424 0
425 1
426 0
427 0
428 0
429 0
430 0
431 1
432 1
433 1
434 0
435 1
436 0
437 0
438 1
439 1
440 1
441 1
442 0
443 1
444 0
445 1
446 1
447 1
448 1
449 0
450 0
451 1
452 0
453 0
454 1
455 1
456 0
457 0
458 0
459 1
460 1
461 1
462 1
463 1
464 1
465 1
466 1
467 1
468 0
469 0
470 0
471 0
472 0
473 1
474 0
475 0
476 1
477 1
478 0
479 1
480 0
481 1
482 1
483 1
484 1
485 0
486 0
487 0
488 0
489 1
490 0
491 0
492 0
493 0
494 0
495 1
496 0
497 0
498 0
499 0
500 1
501 1
502 1
503 1
504 1
505 1
506 0
507 0
508 1
509 1
510 0
511 1
512 0
513 0
514 0
515 0
516 0
517 0
518 1
519 1
520 1
521 1
522 1
523 0
524 1
525 0
526 1
527 0
528 1
529 1
530 1
531 1
532 1
533 0
534 0
535 0
536 1
537 1
538 0
539 1
540 1
541 1
542 1
543 0
544 1
545 0
546 1
547 1
548 0
549 0
550 1
551 1
552 1
553 1
554 1
555 1
556 0
557 0
558 0
559 0
560 0
561 0
562 0
563 1
564 1
565 0
566 1
567 0
568 0
569 1
570 0
571 0
572 1
573 0
574 1
575 0
576 0
577 1
578 0
579 1
580 0
581 1
582 1
583 1
584 1
585 0
586 0
587 0
588 0
589 1
590 1
591 0
592 0
593 0
594 0
595 0
596 1
597 1
598 0
599 0
600 0
601 1
602 1
603 1
604 0
605 1
606 1
607 1
608 0
609 0
610 1
611 0
612 0
613 1
614 0
615 1
616 0
617 1
618 1
619 1
620 0
621 0
622 1
623 1
624 0
625 0
626 0
627 1
628 0
629 0
630 0
631 1
632 0
633 0
634 0
635 1
636 0
637 1
638 1
639 1
640 1
641 0
642 0
643 0
644 0
645 0
646 1
647 1
648 1
649 0
650 1
651 0
652 0
653 0
654 1
655 1
656 1
657 1
658 0
659 1
660 0
661 1
662 0
663 1
664 0
665 0
666 1
667 1
668 1
669 1
670 0
671 0
672 0
673 1
674 1
675 1
676 1
677 1
678 0
679 1
680 0
681 1
682 1
683 1
684 0
685 0
686 1
687 0
688 1
689 0
690 1
691 0
692 0
693 1
694 0
695 0
696 0
697 0
698 1
699 1
700 1
701 1
702 1
703 1
704 0
705 1
706 1
707 0
708 0
709 1
710 0
711 1
712 1
713 1
714 0
715 0
716 0
717 0
718 0
719 0
720 1
721 1
722 1
723 0
724 1
725 1
726 1
727 0
728 1
729 0
730 0
731 1
732 1
733 0
734 0
735 0
736 1
737 0
738 0
739 0
740 0
741 1
742 0
743 1
744 0
745 1
746 1
747 1
748 1
749 1
750 1
751 0
752 1
753 1
754 1
755 0
756 1
757 0
758 1
759 1
760 1
761 1
762 1
763 0
764 1
765 1
766 0
767 1
768 1
769 0
770 1
771 0
772 0
773 0
774 0
775 0
776 0
777 1
778 0
779 0
780 1
781 0
782 1
783 1
784 0
785 0
786 0
787 1
788 0
789 0
790 1
791 1
792 1
793 0
794 0
795 0
796 0
797 0
798 1
799 1
800 1
801 1
802 0
803 1
804 1
805 0
806 0
807 0
808 0
809 0
810 0
811 1
812 1
813 0
814 0
815 1
816 0
817 0
818 0
819 0
820 1
821 0
822 0
823 0
824 0
825 1
826 0
827 1
828 1
829 0
830 0
831 0
832 0
833 1
834 1
835 1
836 0
837 1
838 1
839 1
840 1
841 0
842 0
843 1
844 0
845 1
846 0
847 0
848 0
849 1
850 1
851 1
852 1
853 1
854 0
855 1
856 0
857 1
858 1
859 0
860 1
861 0
862 1
863 0
864 0
865 0
866 0
867 0
868 1
869 1
870 0
871 1
872 0
873 0
874 0
875 1
876 0
877 0
878 1
879 0
880 1
881 0
882 0
883 1
884 0
885 1
886 1
887 1
888 0
889 0
890 1
891 1
892 1
893 0
894 0
895 0
896 0
897 0
898 1
899 1
900 0
901 1
902 0
903 0
904 1
905 0
906 1
907 1
908 1
909 1
910 0
911 1
912 0
913 1
914 0
915 1
916 0
917 1
918 0
919 1
920 0
921 1
922 0
923 0
924 1
925 0
926 0
927 1
928 0
929 1
930 0
931 0
932 1
933 0
934 0
935 1
936 1
937 1
938 0
939 0
940 1
941 0
942 1
943 0
944 0
945 1
946 1
947 0
948 0
949 1
950 0
951 1
952 0
953 0
954 0
955 1
956 0
957 1
958 1
959 0
960 1
961 1
962 1
963 0
964 0
965 1
966 0
967 0
968 0
969 0
970 1
971 1
972 0
973 0
974 0
975 1
976 0
977 0
978 0
979 0
980 1
981 1
982 1
983 1
984 1
985 0
986 0
987 0
988 1
989 1
990 0
991 1
992 0
993 0
994 0
995 0
996 1
997 0
998 0
999 0
1000 0
1001 1
1002 1
1003 0
1004 0
1005 0
1006 1
1007 1
1008 1
1009 1
1010 1
1011 1
1012 0
1013 1
1014 0
1015 0
1016 1
1017 0
1018 1
1019 0
1020 0
1021 0
1022 1
1023 1
1024 0
1025 0
1026 0
1027 1
1028 0
1029 1
1030 0
1031 0
1032 0
1033 0
1034 1
1035 0
1036 0
1037 0
1038 0
1039 0
1040 1
1041 0
1042 0
1043 0
1044 1
1045 0
1046 1
1047 1
1048 1
1049 1
1050 0
1051 0
1052 0
1053 1
1054 1
1055 1
1056 0
1057 1
1058 1
1059 0
1060 1
1061 0
1062 0
1063 1
1064 1
1065 1
1066 0
1067 0
1068 0
1069 0
1070 1
1071 0
1072 1
1073 1
1074 0
1075 1
1076 1
1077 1
1078 0
1079 1
1080 0
1081 0
1082 0
1083 0
1084 0
1085 1
1086 1
1087 1
1088 0
1089 1
1090 1
1091 1
1092 1
1093 0
1094 0
1095 0
1096 1
1097 1
1098 0
1099 0
1100 0
1101 0
1102 1
1103 0
1104 1
1105 1
1106 1
1107 1
1108 1
1109 1
1110 0
1111 0
1112 0
1113 0
1114 0
1115 0
1116 0
1117 1
1118 1
1119 0
1120 1
1121 0
1122 1
1123 0
1124 0
1125 1
1126 1
1127 0
1128 0
1129 0
1130 0
1131 1
1132 1
1133 1
1134 0
1135 1
1136 0
1137 0
1138 1
1139 0
1140 1
1141 0
1142 1
1143 0
1144 1
1145 1
1146 1
1147 0
1148 1
1149 0
1150 1
1151 1
1152 1
1153 1
1154 0
1155 1
1156 0
1157 1
1158 1
1159 0
1160 1
1161 1
1162 1
1163 1
1164 0
1165 1
1166 0
1167 1
1168 0
1169 1
1170 1
1171 0
1172 1
1173 0
1174 0
1175 0
1176 0
1177 1
1178 0
1179 0
1180 0
1181 1
1182 1
1183 0
1184 0
1185 1
1186 1
1187 0
1188 0
1189 1
1190 1
1191 0
1192 1
1193 1
1194 0
1195 0
1196 1
1197 1
1198 0
1199 1
1200 1
1201 1
1202 0
1203 1
1204 1
1205 0
1206 0
1207 0
1208 1
1209 0
1210 0
1211 0
1212 0
1213 1
1214 1
1215 1
1216 0
1217 0
1218 1
1219 0
1220 0
1221 1
1222 0
1223 0
1224 1
1225 0
1226 1
1227 0
1228 0
1229 1
1230 0
1231 1
1232 1
1233 0
1234 0
1235 0
1236 1
1237 1
1238 0
1239 1
1240 0
1241 1
1242 0
1243 0
1244 1
1245 1
1246 0
1247 1
1248 1
1249 0
1250 0
1251 0
1252 1
1253 0
1254 0
1255 0
1256 0
1257 0
1258 1
1259 1
1260 0
1261 0
1262 0
1263 1
1264 0
1265 1
1266 0
1267 1
1268 0
1269 1
1270 0
1271 1
1272 0
1273 1
1274 0
1275 0
1276 1
1277 0
1278 1
1279 1
1280 0
1281 0
1282 1
1283 1
1284 1
1285 0
1286 1
1287 0
1288 0
1289 0
1290 0
1291 0
1292 1
1293 0
1294 0
1295 0
1296 1
1297 0
1298 0
1299 0
1300 0
1301 1
1302 0
1303 0
1304 1
1305 0
1306 1
1307 0
1308 0
1309 1
1310 0
1311 1
1312 1
1313 0
1314 0
1315 1
1316 1
1317 1
1318 0
1319 1
1320 1
1321 1
1322 1
1323 0
1324 0
1325 0
1326 0
1327 1
1328 1
1329 0
1330 1
1331 1
1332 0
1333 0
1334 1
1335 1
1336 1
1337 0
1338 0
1339 1
1340 1
1341 1
1342 0
1343 1
1344 0
1345 1
1346 1
1347 1
1348 1
1349 0
1350 1
1351 0
1352 1
1353 0
1354 1
1355 0
1356 0
1357 0
1358 1
1359 0
1360 0
1361 0
1362 0
1363 0
1364 0
1365 0
1366 0
1367 0
1368 1
1369 1
1370 1
1371 1
1372 0
1373 1
1374 0
1375 1
1376 1
1377 1
1378 0
1379 0
1380 1
1381 0
1382 0
1383 0
1384 0
1385 1
1386 1
1387 0
1388 0
1389 0
1390 0
1391 0
1392 0
1393 1
1394 1
1395 1
1396 1
1397 1
1398 1
1399 1
1400 1
1401 1
1402 1
1403 1
1404 0
1405 0
1406 1
1407 0
1408 0
1409 0
1410 0
1411 1
1412 0
1413 0
1414 0
1415 0
1416 1
1417 1
1418 0
1419 1
1420 1
1421 1
1422 0
1423 0
1424 0
1425 1
1426 1
1427 0
1428 0
1429 1
1430 1
1431 0
1432 0
1433 1
1434 0
1435 0
1436 1
1437 0
1438 0
1439 1
1440 1
1441 1
1442 0
1443 1
1444 0
1445 0
1446 1
1447 1
1448 1
1449 0
1450 1
1451 0
1452 0
1453 1
1454 1
1455 1
1456 1
1457 1
1458 0
1459 0
1460 1
1461 0
1462 1
1463 0
1464 1
1465 0
1466 0
1467 1
1468 0
1469 0
1470 1
1471 1
