845
1809
1357
1179
1545
1802
394
1810
2561
320
1291
1140
1454
37
2898
1462
209
366
1303
1130
2007
2830
1886
2244
369
2104
1115
1468
1865
2576
276
1888
1946
2125
1102
2340
2209
583
2696
784
1385
16
106
2627
2547
920
2182
1559
1743
1254
1643
1086
440
474
1823
1217
2651
2100
800
1491
2085
1240
76
1120
97
1943
1636
241
773
619
949
2588
1360
1832
1042
661
768
1607
847
824
728
2282
2235
2330
1289
553
1874
710
986
458
2733
391
769
2054
865
1429
1344
1967
1063
1018
2899
2175
2910
1789
2890
2592
959
439
868
2302
626
2322
2722
2102
635
1315
2883
198
2808
978
1526
759
2834
1863
1064
2298
2568
1224
886
1419
2059
2730
312
1655
1293
1382
77
2388
2121
195
2122
1858
525
2754
205
1679
2072
1954
2067
1096
1611
2162
1569
502
2550
1692
846
1300
1126
997
809
304
688
55
2234
2272
374
176
78
2762
694
545
1238
647
1426
1194
2499
2477
1673
1192
1208
1372
2878
1895
2264
171
2829
1430
2585
2055
1690
2798
1035
2844
1881
101
2806
2891
2270
2512
1338
1986
273
2407
2386
2675
1585
2586
1683
757
2906
1081
59
2226
1447
70
157
1421
1882
1587
316
1259
1358
779
2357
930
2827
876
2708
1853
2075
1795
2496
1769
940
1278
2662
2352
126
2318
43
507
498
2372
1849
1017
2913
1141
1547
761
1820
172
1787
1251
2049
141
1793
2887
318
264
1907
700
1067
1411
488
2648
2681
1014
2542
2772
1775
118
727
1124
1258
1122
775
2822
1325
706
817
2276
1969
18
1087
947
1934
2801
1229
1451
2756
885
2789
523
925
2480
212
1171
2734
2704
2088
1936
2509
104
701
1148
1516
1536
1162
1707
1
1752
908
169
2532
883
1638
305
341
1565
2311
1285
1867
1355
2000
1877
53
1376
1829
1252
187
174
1876
1792
829
1763
1846
1288
2623
1806
1008
2084
466
2685
2921
1412
1637
1398
2735
1796
447
2117
1522
2518
2332
695
2343
2792
2923
2609
2468
857
1016
470
424
604
2720
612
1046
1080
2042
2348
1399
749
468
2544
351
376
2601
645
677
1001
1503
1006
1804
1541
170
1525
1929
1287
2764
2863
1666
2604
247
1630
1826
2325
2656
735
686
1009
1862
80
1546
594
557
1052
2403
271
315
527
587
197
2796
356
1629
343
1039
1996
1380
2273
2745
778
1604
435
91
552
2620
2832
2455
1555
206
2439
231
2193
1371
2339
2062
1222
2347
1131
1242
1312
1392
944
855
2398
629
2194
1557
746
2064
310
2711
2679
1112
2189
1625
2842
731
1075
2939
1490
2373
2522
1498
520
1318
2534
980
2196
2058
2631
1589
2817
2131
2591
2135
168
1310
2158
1193
1883
2723
747
2396
1175
319
329
216
558
2211
1751
687
610
2020
2296
33
2204
675
2021
1226
463
2327
296
63
1631
11
2855
1389
2556
52
2859
178
590
403
401
2622
2015
2672
2401
2790
6
1774
2853
975
1618
246
2741
2644
1721
751
1553
2437
386
2725
42
2223
633
2384
607
1749
1652
2728
2132
658
444
1544
532
1305
1893
522
1822
1747
2667
2380
1316
983
2036
2392
1023
954
1053
415
2331
1228
494
1737
1562
1123
100
1105
1352
345
38
361
207
543
2304
2402
2009
2506
2018
662
1045
2642
2581
2577
2718
1904
836
1230
1142
2612
618
2389
2935
696
2820
2479
324
293
1176
1651
2484
1898
2255
2251
1854
317
2927
2677
2111
210
2687
764
597
827
609
297
1044
1776
899
842
860
506
472
122
375
737
2079
2494
582
1610
1149
294
1442
110
2106
2701
2037
81
1452
2929
921
2434
1973
1167
30
534
2458
605
2517
1247
2603
1813
1341
598
156
1756
372
2010
1621
1632
2176
457
1494
879
1745
355
455
2885
2191
976
2671
2423
2628
12
1887
652
1705
962
2155
799
1551
2693
27
167
1457
2224
1269
2181
822
1109
981
1015
1875
261
807
408
1047
692
2753
1932
1940
61
2502
931
1388
103
1161
493
1433
1667
1138
519
739
1782
2755
1340
679
2417
648
2645
772
2716
2852
26
1349
2275
1212
628
1234
548
1373
2908
504
2057
678
1477
2797
792
2516
1445
705
2731
1146
2277
409
2317
1602
486
1580
1573
1957
390
2694
1356
2619
1916
2525
2040
2936
1058
814
1995
537
1697
1000
2647
2319
367
614
28
365
793
1328
1394
1885
2843
1720
1021
2596
46
1518
464
902
2937
755
1361
2004
1997
2501
2259
495
19
2252
1583
2203
736
1154
223
2240
1393
2219
1200
517
848
460
1275
1760
1078
673
1701
608
2096
715
2774
393
1794
2893
2643
2307
1850
2143
839
2338
1699
2526
861
1855
2780
2705
2314
937
1324
1188
270
1113
961
116
2201
1674
2595
1921
1262
1531
1619
159
1403
813
2606
638
1773
538
1938
989
2101
2833
1811
970
1453
1013
904
1178
2467
1505
777
968
2559
1277
352
1085
2751
2877
2879
7
743
2570
1317
2527
184
2017
599
1469
2129
335
132
2163
259
529
898
24
875
2640
2345
2934
693
2470
998
831
1057
2086
1550
782
574
916
2385
1182
1243
1369
389
643
44
232
2742
1204
2220
564
496
1024
2149
2474
2580
1160
2778
1245
2258
217
2112
1197
2736
208
1552
1678
2649
1322
713
79
1968
284
1616
1646
165
2068
2862
2791
1834
1538
1027
1878
469
2142
173
941
1390
1947
1608
2001
2395
1848
2758
1689
1459
1816
9
2495
1203
644
332
561
2901
2213
2587
1902
1125
428
2564
774
906
2539
738
880
2161
1653
1249
1256
2077
634
364
2719
1959
1038
2029
1450
2475
48
1295
1764
2864
1198
888
1715
2634
4
2465
2197
1488
1334
266
1509
2658
226
2582
1298
1378
1335
1170
301
479
2584
994
124
717
1896
740
155
2071
1606
1054
2706
996
1837
913
575
1100
1119
404
2777
489
1962
1166
115
1236
219
1554
2120
2457
1738
2540
549
2265
2873
834
2222
2098
1746
2911
262
204
1847
611
303
446
2256
1092
723
193
1859
278
2572
2841
2870
337
1704
606
1384
2061
2283
275
1762
2882
105
2146
2099
51
927
2674
1741
1111
2524
2008
804
2236
2558
1233
1387
2574
2351
2571
1077
1645
1693
1099
1427
1082
1485
666
93
1567
2350
786
1740
1711
1438
1890
901
1050
1114
2838
1528
2048
1098
1408
2168
650
864
2326
454
2429
1937
1290
1069
707
402
36
850
1028
2508
1304
1076
222
1431
871
1253
1202
593
999
368
69
2217
2676
1923
1030
1609
1040
2688
756
993
277
1386
410
1539
31
2450
138
2767
480
1152
858
2329
887
639
2090
2771
121
2119
2105
2717
2192
1455
766
2303
1717
521
1624
433
2533
1647
2016
2140
623
1613
136
616
1953
1915
256
2804
2507
2819
1980
2186
2536
1989
2551
1484
1750
127
2328
1566
1329
2212
227
1909
1425
1579
1649
1093
2308
2641
282
2683
1761
985
659
1894
8
697
236
912
2026
1284
21
515
821
2549
2940
1186
668
1089
1781
2080
1985
2151
2150
1470
363
2914
2414
2850
1663
2861
2292
1687
154
357
2567
1628
1151
935
2289
1496
2560
2760
1831
2156
2420
1884
2083
2812
602
2578
2689
1920
414
2691
2341
2022
660
2366
1346
2594
2310
491
2876
2172
1556
125
2504
615
286
1137
1184
2615
802
1754
965
166
867
2487
287
2933
1857
142
2661
2712
1434
1868
400
742
1319
1586
2
1101
1708
145
160
82
1005
1033
252
2514
741
2324
2355
487
1695
770
2425
2299
573
572
405
2646
1104
2364
1965
1520
2406
811
884
2118
1873
477
1174
64
1696
1910
963
1945
235
929
780
1524
1156
268
14
2316
526
872
1658
1755
1423
2206
1617
1232
969
221
2141
2476
896
703
2857
1330
2297
2281
1321
484
1753
1083
2663
2248
39
88
684
1165
1499
1530
2012
2732
1807
1575
2905
2837
272
1540
1219
663
1206
2803
74
1026
2785
362
1091
2383
443
1992
2145
649
2738
1733
2888
2821
1941
1563
128
1307
407
1060
2301
2428
274
2637
2492
1183
803
2541
556
448
1722
2230
346
1671
1359
2052
1924
843
2589
2094
2761
422
253
955
698
1458
1400
255
2180
2554
2038
2271
627
873
2565
1223
20
1375
1712
396
624
1157
371
2446
2284
1833
2548
566
2680
1191
1594
2089
140
113
798
967
2563
214
1998
2382
2035
2250
2875
2225
2639
1891
681
290
1266
646
1025
2184
2254
2714
1041
416
2482
563
1283
2816
2445
323
1463
2902
1922
1508
200
942
2024
664
704
1694
2824
1581
1933
2768
2354
2930
1095
1731
725
2811
2886
148
1777
1987
1593
890
539
1825
750
2336
1281
2138
1264
22
2379
2909
699
2169
2918
441
2027
490
1739
995
2835
2267
1719
1836
180
1952
2599
1214
2280
670
133
1564
150
2697
481
1975
1914
2253
1906
203
974
988
162
1976
1072
1270
2500
2872
451
1533
918
1727
570
926
1441
1633
1748
471
1432
951
2903
1734
676
2137
2737
2260
1007
1437
1134
2376
2535
2397
2928
1615
1736
580
2828
177
1808
459
914
2632
2361
1856
2363
2123
86
2044
1845
2305
702
1681
2109
2710
340
1446
263
1363
505
2323
1817
182
196
953
785
58
2171
2515
1483
188
2869
2183
1668
683
1582
1801
381
1635
744
510
1103
2926
651
99
1209
143
936
1911
2925
586
1574
2579
2618
2346
114
2113
117
1657
1011
1348
2555
2783
2202
753
569
2633
1958
554
797
2800
2775
1065
2598
2868
2839
2426
279
2884
2670
1417
832
1568
158
2237
854
56
849
1181
2216
1292
2625
2233
559
917
2288
85
1728
2166
2185
859
585
1381
230
450
2543
1812
1342
1267
932
1129
1591
592
1725
2713
1595
1501
1927
2107
1415
2523
2066
239
1502
2932
1665
377
2060
1852
1037
795
576
2286
213
2836
2846
1626
1570
1799
1511
2469
2575
571
2092
2399
853
1218
617
2114
721
1543
119
1486
2368
2422
421
1364
1180
863
2400
2743
990
2147
2749
1939
1918
2481
844
397
1185
2610
243
881
215
199
2931
333
2148
2528
330
499
1908
1279
385
1094
2892
1961
1523
2573
288
2441
870
123
1070
2460
2051
2653
2199
295
225
1948
2187
1110
726
2334
1815
224
1280
429
2686
732
2814
1436
781
1659
2005
384
882
1590
1824
2405
2695
567
2170
1302
758
2353
1963
895
825
2786
2521
2231
1803
283
437
2865
893
497
2126
1397
1056
25
452
1377
2019
1237
2491
568
1889
581
2471
631
434
2866
2638
1521
862
923
550
2023
102
1144
2700
427
1308
2624
2416
2871
718
1981
1821
2154
0
1422
135
1990
2228
2133
1440
1942
2682
1698
1272
674
1944
2854
2451
2684
164
1819
1578
120
1132
2454
1420
453
265
2342
642
1032
245
1605
2130
622
667
373
2727
2440
1320
891
518
2246
536
1482
111
2511
163
2922
1724
1168
1294
874
430
1584
1644
161
984
1493
1029
1286
1844
476
653
1336
1800
1706
2069
257
313
2433
852
1196
2444
87
826
1614
1675
2257
1900
1735
2485
2432
1299
179
2912
1700
760
745
1221
2198
2261
1913
2660
2167
2139
54
2519
632
2013
90
2593
1365
449
730
840
2032
2766
991
503
1339
910
1949
1248
2136
73
1090
1296
2174
818
398
1779
516
2546
2486
2478
1529
2520
1672
309
1173
280
291
2306
2473
2530
2262
589
2802
960
945
2847
1088
1003
528
512
473
392
1714
2552
1561
2003
1395
866
1709
603
211
719
712
1055
2268
248
233
423
2408
2553
1758
1730
2726
2124
1418
1732
892
1716
2845
1034
672
425
181
2489
1276
1931
2207
153
1925
1917
851
900
1956
285
269
2597
2095
300
2087
2452
787
242
1118
478
1467
2411
1163
584
201
1481
2442
2566
1596
2813
354
2657
1870
1791
560
1497
565
2210
2033
1974
1473
29
2377
1955
971
2493
656
1153
2907
2295
2917
1805
711
1261
251
542
637
419
1333
794
551
1480
1461
1012
907
950
934
2159
1598
2144
1195
1993
2938
411
1661
2076
763
339
134
2894
1879
714
96
186
2617
1691
2724
358
2056
789
501
1912
2464
60
977
869
1768
2510
1979
1982
948
95
475
1994
2602
1128
244
2134
531
1514
1926
595
218
1036
2809
360
2498
1127
65
2047
456
1960
919
1897
1978
1534
600
137
2093
383
2043
905
972
234
1466
2538
2763
1374
657
2626
1759
1273
1702
2063
237
144
805
129
2309
1121
2238
1306
2545
1901
1409
1022
1677
1391
1640
314
2362
1838
1449
1343
1260
2435
2091
1405
2692
2157
1231
1066
788
202
380
1549
1189
2200
94
1830
2360
325
2245
1860
2569
1983
1201
1839
2616
2488
1950
655
2810
1507
1239
2358
152
708
1448
1301
2699
541
2904
579
5
183
837
1213
841
1572
1767
1475
2919
1062
1506
413
915
2293
2287
1424
911
2746
1117
1444
2503
370
2629
1147
445
2337
1527
240
2294
1866
1627
1271
2128
2367
2232
1353
1964
1670
2787
2205
1783
1703
2178
2375
228
1785
669
1396
1250
1656
84
762
2793
1892
1905
2427
2300
2421
1225
987
2266
109
151
776
1685
671
1654
107
2529
1510
1255
533
1323
716
2412
819
1108
828
808
2702
1688
2462
1772
2920
801
1150
2826
2394
1002
1664
192
322
321
722
815
130
359
2770
946
2195
57
1043
1726
625
395
1827
640
1577
685
2424
1084
2896
353
1402
2320
1517
577
2590
1370
461
2378
2915
1999
1588
508
2039
2006
1379
1487
2188
1472
943
2531
1332
2650
2748
388
729
2463
1010
613
1268
2831
2807
1265
336
2269
544
1443
952
23
2747
307
254
2721
2483
2025
1548
2840
1435
2513
1404
665
149
1326
1770
2239
806
1818
2030
1515
964
131
1842
2313
754
2369
2291
2393
922
1576
2097
350
147
2916
3
1071
1059
1407
1136
2703
35
748
1935
2858
509
1169
1383
1190
1187
2160
2773
1919
2759
1880
2177
2707
98
765
2740
185
2744
2655
348
349
1537
2285
1164
417
720
2164
2849
112
2794
1977
2263
68
71
1780
621
2108
1216
2374
682
1835
220
238
938
1246
45
1410
979
418
1489
1872
2312
2897
2153
2459
2583
2413
2387
2127
1903
338
2110
1603
1205
2249
2776
1476
2418
2179
2436
812
1464
2635
189
2613
2241
15
2673
1571
1680
2466
2621
2074
17
1971
2391
1599
1869
2371
258
783
2443
2165
1428
1327
2247
2781
1660
41
1068
2041
1207
1669
1139
1662
2356
1257
1401
889
1765
462
2752
654
2381
630
1366
2390
2537
2115
2116
2666
2769
1309
1797
2152
894
2438
1597
2815
562
2070
2053
1211
1684
2031
2630
1495
1282
1861
1199
877
1840
2243
1460
194
511
1928
1158
1676
2669
442
1368
1313
1049
838
2461
289
1970
2765
13
2805
406
50
302
2028
2750
1367
1710
49
535
830
820
1535
467
690
1841
957
939
596
1771
485
1512
2081
790
2229
2823
1500
1331
2788
1051
1798
1778
267
2497
326
524
833
2889
2290
2698
431
816
382
2103
973
1474
578
2557
2065
1145
1790
2848
47
89
689
514
1020
2208
546
2825
2678
1471
146
767
956
1074
175
909
2315
641
72
432
2636
139
1048
1314
1639
601
1116
2456
1414
691
1648
1723
2924
2214
2046
1073
2431
1718
1519
465
2874
2867
1814
2050
2190
903
1354
412
540
1532
733
1311
2215
2490
2404
2607
500
1558
2321
2782
1177
1097
1713
67
1513
2173
379
1843
1757
1641
2453
1061
420
1744
1235
835
492
334
34
856
66
1682
311
2430
724
229
1492
588
1416
1828
709
2359
1991
250
2818
2344
2611
1560
10
482
933
2227
1439
958
636
1351
249
1107
1019
2082
1899
897
2370
1413
378
1504
2880
1004
1786
298
1851
2795
771
1650
1241
1031
1159
680
2562
2472
1972
1871
426
1612
1362
2011
2349
2652
2221
1227
1220
734
1542
2505
796
2279
62
83
2664
1337
1864
438
1479
1106
2335
513
2739
436
2709
1478
924
2078
1729
1634
1350
1620
591
191
2665
75
387
2715
2895
1347
32
1079
2668
327
2608
2605
547
1930
1951
2333
982
2757
2799
2014
2448
1274
1784
1788
1135
260
2034
2779
1686
1592
347
2073
331
1297
1406
810
299
1263
752
1465
342
2654
344
281
2274
2729
1172
399
2002
2045
306
2856
2447
530
1622
555
966
2365
1984
2941
1988
2881
292
1456
2278
1966
2419
928
1133
2242
1215
2415
2614
2659
1244
2600
2851
2218
1601
1623
878
108
92
2860
308
1155
1600
483
1210
40
1742
328
190
2449
1766
1642
2409
823
2900
992
620
1345
2690
2410
791
1143
2784

