1 1
2 0
3 0
4 1
5 0
6 0
7 0
8 0
9 0
10 1
11 0
12 0
13 1
14 1
15 1
16 1
17 1
18 1
19 0
20 1
21 1
22 0
23 0
24 0
25 0
26 1
27 0
28 1
29 1
30 1
31 0
32 0
33 0
34 1
35 0
36 1
37 1
38 1
39 1
40 1
41 1
42 1
43 0
44 0
45 1
46 1
47 1
48 1
49 1
50 1
51 0
52 1
53 0
54 1
55 0
56 1
57 1
58 1
59 1
60 0
61 1
62 1
63 1
64 1
65 0
66 1
67 0
68 1
69 0
70 0
71 1
72 0
73 0
74 0
75 1
76 1
77 0
78 0
79 0
80 1
81 1
82 0
83 0
84 0
85 1
86 0
87 0
88 0
89 1
90 0
91 1
92 0
93 1
94 1
95 0
96 1
97 1
98 1
99 1
100 1
101 1
102 1
103 1
104 0
105 1
106 1
107 1
108 1
109 1
110 0
111 0
112 0
113 0
114 1
115 0
116 1
117 0
118 1
119 1
120 1
121 1
122 1
123 1
124 0
125 1
126 0
127 0
128 1
129 0
130 1
131 1
132 0
133 0
134 0
135 1
136 0
137 0
138 0
139 0
140 0
141 0
142 0
143 1
144 0
145 1
146 0
147 0
148 0
149 0
150 1
151 0
152 1
153 0
154 0
155 0
156 0
157 0
158 1
159 0
160 1
161 1
162 0
163 1
164 0
165 0
166 0
167 1
168 0
169 1
170 0
171 1
172 0
173 1
174 0
175 1
176 0
177 1
178 0
179 0
180 0
181 0
182 1
183 0
184 1
185 0
186 0
187 1
188 1
189 1
190 0
191 1
192 0
193 1
194 0
195 1
196 1
197 0
198 0
199 1
200 0
201 0
202 0
203 1
204 0
205 1
206 0
207 0
208 0
209 0
210 1
211 0
212 1
213 0
214 0
215 0
216 1
217 0
218 1
219 0
220 0
221 0
222 0
223 1
224 0
225 0
226 0
227 1
228 1
229 1
230 0
231 0
232 0
233 1
234 0
235 0
236 0
237 0
238 0
239 0
240 1
241 0
242 1
243 1
244 1
245 0
246 0
247 0
248 1
249 0
250 1
251 0
252 1
253 1
254 1
255 0
256 0
257 0
258 0
259 0
260 0
261 0
262 1
263 0
264 1
265 0
266 0
267 0
268 0
269 0
270 1
271 0
272 1
273 1
274 1
275 1
276 1
277 0
278 0
279 1
280 0
281 0
282 0
283 0
284 0
285 1
286 0
287 0
288 1
289 0
290 0
291 1
292 0
293 1
294 0
295 0
296 1
297 0
298 1
299 0
300 1
301 0
302 1
303 0
304 0
305 0
306 0
307 0
308 0
309 0
310 1
311 1
312 0
313 0
314 1
315 0
316 1
317 1
318 1
319 1
320 0
321 1
322 0
323 1
324 1
325 0
326 1
327 0
328 1
329 0
330 1
331 0
332 0
333 0
334 0
335 0
336 0
337 1
338 1
339 1
340 0
341 0
342 1
343 1
344 1
345 1
346 0
347 0
348 1
349 0
350 0
351 1
352 0
353 1
354 1
355 1
356 1
357 1
358 0
359 1
360 1
361 1
362 1
363 1
364 1
365 1
366 1
367 0
368 0
369 1
370 0
371 0
372 0
373 0
374 0
375 1
376 0
377 1
378 1
379 0
380 0
381 1
382 0
383 1
384 0
385 1
386 1
387 0
388 0
389 0
390 1
391 0
392 1
393 0
394 1
395 0
396 0
397 0
398 0
399 1
400 0
401 0
402 0
403 0
404 1
405 1
406 1
407 1
408 1
409 1
410 0
411 1
412 0
413 1
414 0
415 1
416 0
417 1
418 1
419 1
420 0
421 1
422 0
423 1
424 0
425 0
426 0
427 1
428 1
429 1
430 1
431 1
432 0
433 0
434 0
435 0
436 0
437 1
438 0
439 0
440 1
441 0
442 0
443 0
444 0
445 0
446 1
447 1
448 1
449 0
450 0
451 1
452 0
453 0
454 1
455 1
456 1
457 0
458 0
459 1
460 0
461 0
462 1
463 1
464 1
465 0
466 0
467 1
468 0
469 1
470 1
471 1
472 0
473 1
474 0
475 1
476 1
477 1
478 0
479 0
480 0
481 1
482 0
483 1
484 0
485 1
486 1
487 1
488 0
489 1
490 0
491 1
492 0
493 1
494 0
495 1
496 1
497 0
498 0
499 1
500 1
501 1
502 0
503 1
504 0
505 1
506 0
507 1
508 0
509 0
510 1
511 0
512 1
513 0
514 1
515 1
516 0
517 1
518 0
519 1
520 0
521 1
522 0
523 1
524 0
525 1
526 1
527 1
528 0
529 1
530 1
531 0
532 0
533 0
534 0
535 1
536 0
537 0
538 0
539 1
540 0
541 1
542 0
543 1
544 0
545 1
546 0
547 0
548 1
549 0
550 1
551 0
552 0
553 0
554 0
555 1
556 1
557 1
558 0
559 0
560 0
561 1
562 0
563 1
564 0
565 1
566 1
567 0
568 0
569 0
570 0
571 1
572 0
573 1
574 0
575 0
576 1
577 0
578 1
579 0
580 0
581 1
582 0
583 0
584 0
585 1
586 1
587 0
588 1
589 0
590 0
591 1
592 1
593 1
594 1
595 1
596 0
597 0
598 1
599 1
600 0
601 1
602 0
603 1
604 1
605 0
606 1
607 0
608 0
609 0
610 1
611 0
612 1
613 0
614 1
615 0
616 1
617 0
618 1
619 1
620 0
621 1
622 1
623 0
624 0
625 1
626 0
627 0
628 1
629 0
630 1
631 0
632 1
633 0
634 0
635 0
636 0
637 1
638 1
639 1
640 0
641 1
642 0
643 1
644 0
645 0
646 1
647 1
648 0
649 0
650 1
651 0
652 1
653 0
654 0
655 0
656 1
657 0
658 0
659 0
660 1
661 0
662 0
663 0
664 1
665 0
666 0
667 0
668 1
669 0
670 1
671 0
672 0
673 0
674 0
675 0
676 1
677 1
678 1
679 0
680 1
681 1
682 0
683 1
684 0
685 1
686 1
687 1
688 0
689 1
690 1
691 0
692 0
693 0
694 1
695 0
696 1
697 0
698 0
699 1
700 0
701 0
702 1
703 1
704 0
705 0
706 0
707 1
708 1
709 0
710 1
711 0
712 1
713 0
714 1
715 0
716 1
717 0
718 0
719 0
720 0
721 1
722 0
723 0
724 0
725 0
726 1
727 1
728 1
729 0
730 1
731 0
732 1
733 0
734 1
735 0
736 1
737 0
738 1
739 1
740 1
741 1
742 0
743 1
744 1
745 0
746 0
747 0
748 1
749 0
750 0
751 0
752 0
753 1
754 0
755 1
756 0
757 1
758 0
759 1
760 1
761 0
762 0
763 1
764 0
765 1
766 0
767 0
768 1
769 1
770 1
771 1
772 1
773 0
774 1
775 0
776 1
777 1
778 1
779 0
780 0
781 1
782 0
783 1
784 0
785 0
786 0
787 1
788 0
789 1
790 0
791 0
792 1
793 0
794 1
795 0
796 0
797 0
798 1
799 0
800 0
801 1
802 0
803 0
804 0
805 1
806 0
807 0
808 1
809 1
810 1
811 0
812 1
813 0
814 0
815 1
816 1
817 0
818 1
819 1
820 0
821 0
822 0
823 0
824 1
825 0
826 0
827 1
828 0
829 0
830 1
831 0
832 0
833 0
834 1
835 0
836 1
837 0
838 0
839 1
840 0
841 1
842 0
843 1
844 0
845 1
846 0
847 1
848 1
849 0
850 0
851 1
852 0
853 1
854 1
855 0
856 0
857 0
858 1
859 0
860 1
861 0
862 0
863 1
864 0
865 1
866 1
867 0
868 0
869 1
870 1
871 1
872 0
873 1
874 1
875 1
876 1
877 1
878 0
879 1
880 0
881 0
882 0
883 0
884 0
885 1
886 0
887 0
888 1
889 0
890 1
891 0
892 0
893 0
894 1
895 0
896 1
897 0
898 0
899 0
900 0
901 1
902 0
903 0
904 1
905 0
906 0
907 0
908 0
909 1
910 0
911 0
912 1
913 0
914 0
915 1
916 0
917 1
918 0
919 0
920 1
921 0
922 1
923 0
924 0
925 0
926 0
927 0
928 0
929 0
930 0
931 0
932 1
933 0
934 0
935 1
936 0
937 0
938 0
939 0
940 0
941 0
942 1
943 0
944 1
945 0
946 0
947 1
948 0
949 1
950 1
951 0
952 1
953 0
954 1
955 0
956 1
957 0
958 1
959 1
960 0
961 0
962 1
963 0
964 0
965 1
966 0
967 0
968 0
969 0
970 0
971 0
972 1
973 0
974 1
975 0
976 0
977 1
978 0
979 0
980 0
981 1
982 0
983 1
984 0
985 0
986 1
987 0
988 0
989 1
990 0
991 1
992 0
993 0
994 1
995 1
996 1
997 0
998 1
999 0
1000 0
1001 1
1002 0
1003 1
1004 0
1005 0
1006 0
1007 1
1008 0
1009 0
1010 0
1011 0
1012 0
1013 1
1014 0
1015 1
1016 0
1017 1
1018 0
1019 1
1020 0
1021 1
1022 0
1023 1
1024 1
1025 1
1026 0
1027 0
1028 1
1029 0
1030 1
1031 0
1032 0
1033 0
1034 1
1035 0
1036 1
1037 0
1038 1
1039 1
1040 0
1041 1
1042 0
1043 1
1044 0
1045 1
1046 0
1047 1
1048 0
1049 1
1050 0
1051 1
1052 0
1053 1
1054 0
1055 1
1056 0
1057 0
1058 1
1059 0
1060 1
1061 0
1062 0
1063 1
1064 1
1065 0
1066 0
1067 1
1068 0
1069 1
1070 0
1071 1
1072 1
1073 0
1074 1
1075 0
1076 0
1077 1
1078 0
1079 1
1080 0
1081 1
1082 0
1083 1
1084 0
1085 1
1086 0
1087 1
1088 0
1089 1
1090 0
1091 1
1092 1
1093 0
1094 0
1095 0
1096 0
1097 1
1098 0
1099 1
1100 0
1101 0
1102 1
1103 0
1104 1
1105 0
1106 0
1107 1
1108 1
1109 0
1110 1
1111 0
1112 1
1113 1
1114 0
1115 0
1116 1
1117 1
1118 1
1119 0
1120 1
1121 0
1122 1
1123 1
1124 0
1125 1
1126 0
1127 1
1128 0
1129 1
1130 0
1131 1
1132 0
1133 1
1134 0
1135 1
1136 0
1137 0
1138 1
1139 0
1140 1
1141 0
1142 1
1143 1
1144 1
1145 1
1146 1
1147 0
1148 1
1149 1
1150 0
1151 1
1152 0
1153 1
1154 0
1155 1
1156 0
1157 1
1158 1
1159 0
1160 1
1161 0
1162 1
1163 1
1164 1
1165 0
1166 1
1167 0
1168 1
1169 1
1170 0
1171 1
1172 0
1173 1
1174 1
1175 0
1176 1
1177 0
1178 1
1179 0
1180 1
1181 0
1182 1
1183 0
1184 1
1185 0
1186 1
1187 0
1188 1
1189 0
1190 0
1191 0
1192 0
1193 1
1194 0
1195 1
1196 0
1197 0
1198 0
1199 1
1200 0
1201 1
1202 1
1203 0
1204 1
1205 0
1206 1
1207 1
1208 0
1209 1
1210 0
1211 1
1212 0
1213 1
1214 1
1215 0
1216 0
1217 0
1218 0
1219 1
1220 0
1221 0
1222 0
1223 0
1224 0
1225 1
1226 0
1227 1
1228 0
1229 1
1230 0
1231 1
1232 0
1233 0
1234 1
1235 0
1236 0
1237 1
1238 0
1239 0
1240 0
1241 1
1242 1
1243 1
1244 1
1245 1
1246 1
1247 0
1248 1
1249 0
1250 1
1251 0
1252 1
1253 0
1254 1
1255 0
1256 0
1257 1
1258 0
1259 1
1260 0
1261 1
1262 1
1263 0
1264 1
1265 0
1266 1
1267 0
1268 1
1269 1
1270 0
1271 1
1272 0
1273 0
1274 0
1275 0
1276 1
1277 0
1278 0
1279 0
1280 0
1281 0
1282 1
1283 0
1284 0
1285 0
1286 1
1287 0
1288 1
1289 0
1290 1
1291 0
1292 1
1293 1
1294 0
1295 1
1296 1
1297 0
1298 0
1299 0
1300 0
1301 0
1302 0
1303 1
1304 0
1305 0
1306 0
1307 0
1308 0
1309 0
1310 1
1311 1
1312 1
1313 0
1314 0
1315 1
1316 0
1317 1
1318 0
1319 0
1320 1
1321 0
1322 1
1323 1
1324 1
1325 1
1326 0
1327 1
1328 1
1329 0
1330 1
1331 0
1332 1
1333 1
1334 0
1335 1
1336 0
1337 0
1338 1
1339 0
1340 1
1341 0
1342 0
1343 0
1344 1
1345 0
1346 0
1347 1
1348 0
1349 1
1350 0
1351 1
1352 0
1353 1
1354 0
1355 0
1356 0
1357 1
1358 0
1359 1
1360 1
1361 0
1362 1
1363 0
1364 1
1365 0
1366 0
1367 0
1368 1
1369 1
1370 0
1371 1
1372 0
1373 0
1374 1
1375 0
1376 0
1377 0
1378 1
1379 0
1380 1
1381 0
1382 1
1383 0
1384 1
1385 0
1386 1
1387 1
1388 1
1389 1
1390 0
1391 1
1392 0
1393 0
1394 0
1395 0
1396 0
1397 1
1398 0
1399 0
1400 0
1401 1
1402 0
1403 1
1404 1
1405 0
1406 1
1407 0
1408 1
1409 0
1410 0
1411 1
1412 0
1413 1
1414 0
1415 1
1416 0
1417 0
1418 0
1419 1
1420 0
1421 1
1422 0
1423 1
1424 1
1425 0
1426 0
1427 1
1428 0
1429 1
1430 1
1431 0
1432 1
1433 1
1434 0
1435 0
1436 0
1437 1
1438 0
1439 1
1440 0
1441 0
1442 0
1443 1
1444 1
1445 0
1446 0
1447 1
1448 1
1449 0
1450 1
1451 1
1452 0
1453 0
1454 1
1455 0
1456 1
1457 0
1458 0
1459 1
1460 1
1461 0
1462 1
1463 1
1464 0
1465 1
1466 0
1467 1
1468 0
1469 1
1470 0
1471 1
