1 1
2 1
3 1
4 0
5 1
6 0
7 0
8 1
9 1
10 1
11 0
12 0
13 0
14 0
15 1
16 0
17 1
18 1
19 0
20 0
21 0
22 0
23 0
24 0
25 1
26 0
27 1
28 0
29 1
30 0
31 0
32 1
33 0
34 0
35 1
36 1
37 1
38 1
39 0
40 1
41 1
42 1
43 0
44 0
45 0
46 1
47 0
48 1
49 0
50 0
51 1
52 1
53 1
54 0
55 0
56 0
57 0
58 1
59 1
60 0
61 1
62 1
63 1
64 0
65 0
66 0
67 0
68 0
69 1
70 1
71 1
72 0
73 1
74 1
75 0
76 0
77 0
78 1
79 1
80 1
81 1
82 0
83 1
84 0
85 1
86 1
87 0
88 0
89 1
90 0
91 1
92 0
93 1
94 0
95 1
96 1
97 0
98 1
99 0
100 0
101 0
102 0
103 0
104 1
105 1
106 1
107 0
108 0
109 1
110 1
111 1
112 0
113 0
114 1
115 0
116 0
117 0
118 0
119 1
120 0
121 1
122 1
123 0
124 0
125 0
126 1
127 0
128 0
129 1
130 0
131 1
132 1
133 0
134 0
135 1
136 1
137 0
138 0
139 0
140 0
141 0
142 1
143 0
144 0
145 0
146 1
147 0
148 1
149 0
150 0
151 0
152 0
153 0
154 0
155 0
156 1
157 1
158 0
159 0
160 1
161 0
162 1
163 1
164 0
165 0
166 1
167 1
168 0
169 0
170 1
171 1
172 1
173 1
174 0
175 1
176 0
177 1
178 1
179 1
180 1
181 0
182 0
183 1
184 1
185 1
186 0
187 1
188 0
189 1
190 1
191 0
192 1
193 0
194 1
195 0
196 0
197 0
198 0
199 1
200 0
201 1
202 0
203 1
204 0
205 0
206 0
207 0
208 1
209 1
210 1
211 0
212 0
213 1
214 1
215 0
216 0
217 1
218 0
219 1
220 0
221 0
222 1
223 1
224 1
225 0
226 1
227 1
228 1
229 0
230 0
231 0
232 0
233 1
234 0
235 1
236 1
237 0
238 0
239 0
240 1
241 0
242 0
243 0
244 0
245 1
246 0
247 0
248 1
249 0
250 0
251 0
252 1
253 1
254 0
255 1
256 1
257 0
258 0
259 1
260 0
261 0
262 1
263 1
264 0
265 1
266 1
267 1
268 1
269 0
270 0
271 0
272 0
273 1
274 0
275 1
276 1
277 1
278 0
279 0
280 0
281 1
282 1
283 0
284 0
285 1
286 1
287 1
288 0
289 0
290 0
291 0
292 1
293 1
294 1
295 1
296 0
297 0
298 0
299 1
300 0
301 1
302 1
303 0
304 0
305 0
306 0
307 1
308 1
309 0
310 0
311 0
312 1
313 0
314 0
315 1
316 0
317 0
318 1
319 1
320 1
321 0
322 0
323 1
324 1
325 1
326 1
327 1
328 0
329 0
330 1
331 1
332 0
333 0
334 0
335 1
336 0
337 1
338 0
339 0
340 0
341 1
342 1
343 1
344 0
345 0
346 0
347 1
348 0
349 0
350 1
351 0
352 1
353 1
354 1
355 0
356 1
357 1
358 0
359 0
360 1
361 0
362 0
363 1
364 1
365 1
366 0
367 0
368 1
369 1
370 0
371 0
372 1
373 0
374 0
375 1
376 0
377 0
378 1
379 1
380 0
381 1
382 1
383 1
384 1
385 0
386 0
387 0
388 1
389 1
390 0
391 0
392 1
393 1
394 0
395 1
396 1
397 0
398 0
399 1
400 1
401 1
402 0
403 0
404 1
405 0
406 0
407 1
408 1
409 1
410 0
411 0
412 1
413 1
414 1
415 1
416 0
417 1
418 0
419 1
420 0
421 0
422 1
423 0
424 0
425 0
426 0
427 1
428 1
429 0
430 0
431 0
432 0
433 1
434 1
435 0
436 0
437 0
438 1
439 1
440 0
441 1
442 1
443 0
444 0
445 1
446 1
447 0
448 0
449 1
450 1
451 1
452 0
453 0
454 0
455 1
456 1
457 1
458 0
459 1
460 0
461 0
462 1
463 0
464 1
465 0
466 0
467 1
468 0
469 0
470 1
471 0
472 0
473 0
474 0
475 1
476 0
477 1
478 1
479 0
480 0
481 1
482 0
483 0
484 1
485 1
486 0
487 1
488 1
489 0
490 1
491 0
492 1
493 1
494 1
495 0
496 1
497 1
498 1
499 1
500 0
501 0
502 0
503 0
504 1
505 0
506 1
507 1
508 0
509 1
510 1
511 1
512 0
513 0
514 1
515 0
516 0
517 1
518 1
519 0
520 0
521 0
522 0
523 0
524 0
525 1
526 0
527 1
528 1
529 1
530 0
531 1
532 0
533 1
534 1
535 1
536 1
537 1
538 1
539 0
540 0
541 1
542 0
543 0
544 1
545 1
546 0
547 0
548 0
549 0
550 0
551 0
552 1
553 0
554 1
555 0
556 1
557 1
558 0
559 1
560 1
561 0
562 0
563 0
564 1
565 0
566 1
567 1
568 0
569 1
570 0
571 0
572 1
573 0
574 1
575 0
576 0
577 0
578 0
579 1
580 0
581 1
582 1
583 0
584 0
585 1
586 1
587 1
588 0
589 0
590 0
591 1
592 0
593 0
594 1
595 1
596 1
597 0
598 1
599 0
600 0
601 0
602 0
603 0
604 0
605 1
606 1
607 0
608 1
609 0
610 1
611 1
612 1
613 0
614 0
615 1
616 1
617 0
618 1
619 0
620 0
621 1
622 0
623 0
624 0
625 1
626 1
627 0
628 0
629 0
630 1
631 0
632 0
633 1
634 0
635 0
636 0
637 1
638 0
639 1
640 0
641 1
642 0
643 1
644 0
645 0
646 0
647 0
648 1
649 1
650 1
651 1
652 0
653 1
654 0
655 0
656 1
657 0
658 0
659 1
660 0
661 1
662 1
663 0
664 1
665 1
666 1
667 0
668 0
669 1
670 1
671 0
672 1
673 0
674 1
675 1
676 0
677 1
678 0
679 1
680 1
681 1
682 0
683 1
684 1
685 0
686 0
687 0
688 1
689 0
690 1
691 0
692 1
693 0
694 0
695 0
696 1
697 0
698 1
699 1
700 1
701 0
702 1
703 1
704 1
705 0
706 1
707 0
708 0
709 1
710 1
711 1
712 0
713 0
714 1
715 1
716 0
717 0
718 0
719 0
720 1
721 1
722 1
723 1
724 0
725 1
726 0
727 0
728 1
729 1
730 0
731 1
732 0
733 0
734 1
735 0
736 0
737 0
738 1
739 0
740 0
741 0
742 1
743 1
744 1
745 0
746 0
747 1
748 0
749 1
750 0
751 0
752 0
753 0
754 1
755 0
756 1
757 0
758 1
759 1
760 0
761 1
762 0
763 0
764 1
765 0
766 1
767 0
768 1
769 1
770 0
771 1
772 0
773 0
774 0
775 0
776 1
777 0
778 1
779 0
780 1
781 0
782 1
783 0
784 1
785 1
786 0
787 1
788 0
789 0
790 1
791 0
792 0
793 1
794 1
795 0
796 0
797 0
798 0
799 1
800 1
801 0
802 0
803 0
804 1
805 0
806 0
807 1
808 1
809 0
810 0
811 1
812 0
813 0
814 0
815 0
816 0
817 1
818 0
819 1
820 0
821 0
822 1
823 0
824 1
825 0
826 0
827 0
828 1
829 1
830 0
831 1
832 0
833 0
834 1
835 0
836 0
837 0
838 0
839 0
840 1
841 1
842 0
843 0
844 1
845 0
846 0
847 1
848 0
849 1
850 1
851 1
852 1
853 0
854 1
855 1
856 1
857 0
858 1
859 1
860 0
861 1
862 1
863 0
864 1
865 1
866 0
867 0
868 1
869 1
870 0
871 0
872 1
873 1
874 0
875 1
876 0
877 1
878 0
879 0
880 1
881 1
882 0
883 1
884 1
885 0
886 1
887 1
888 0
889 0
890 1
891 1
892 1
893 0
894 0
895 1
896 0
897 0
898 0
899 0
900 1
901 0
902 1
903 0
904 1
905 0
906 0
907 1
908 0
909 0
910 0
911 1
912 0
913 0
914 0
915 0
916 1
917 0
918 0
919 1
920 0
921 1
922 1
923 1
924 0
925 1
926 0
927 1
928 0
929 1
930 0
931 1
932 1
933 0
934 0
935 0
936 1
937 1
938 0
939 0
940 0
941 0
942 0
943 1
944 1
945 1
946 0
947 1
948 0
949 0
950 1
951 1
952 0
953 0
954 0
955 0
956 0
957 1
958 0
959 1
960 1
961 1
962 0
963 0
964 1
965 1
966 1
967 0
968 1
969 0
970 1
971 1
972 1
973 0
974 0
975 0
976 0
977 0
978 1
979 0
980 0
981 0
982 1
983 1
984 0
985 1
986 0
987 1
988 0
989 1
990 0
991 0
992 0
993 1
994 0
995 0
996 1
997 1
998 0
999 1
1000 0
1001 1
1002 0
1003 1
1004 1
1005 1
1006 0
1007 1
1008 1
1009 0
1010 0
1011 0
1012 1
1013 0
1014 0
1015 1
1016 0
1017 0
1018 1
1019 0
1020 1
1021 1
1022 0
1023 0
1024 1
1025 1
1026 1
1027 0
1028 0
1029 0
1030 0
1031 0
1032 1
1033 0
1034 0
1035 0
1036 1
1037 0
1038 0
1039 1
1040 1
1041 1
1042 0
1043 0
1044 1
1045 1
1046 1
1047 0
1048 1
1049 0
1050 0
1051 0
1052 0
1053 0
1054 0
1055 1
1056 1
1057 0
1058 0
1059 1
1060 0
1061 0
1062 0
1063 1
1064 1
1065 0
1066 1
1067 1
1068 1
1069 0
1070 0
1071 1
1072 0
1073 1
1074 0
1075 0
1076 1
1077 1
1078 1
1079 1
1080 0
1081 1
1082 0
1083 0
1084 0
1085 1
1086 0
1087 0
1088 1
1089 1
1090 0
1091 1
1092 0
1093 1
1094 1
1095 0
1096 1
1097 1
1098 0
1099 1
1100 0
1101 1
1102 1
1103 1
1104 1
1105 1
1106 0
1107 0
1108 0
1109 1
1110 0
1111 0
1112 0
1113 1
1114 1
1115 0
1116 0
1117 1
1118 0
1119 1
1120 1
1121 0
1122 1
1123 1
1124 0
1125 1
1126 0
1127 0
1128 0
1129 1
1130 1
1131 1
1132 1
1133 1
1134 0
1135 1
1136 1
1137 1
1138 0
1139 1
1140 1
1141 1
1142 0
1143 1
1144 1
1145 1
1146 0
1147 1
1148 0
1149 0
1150 0
1151 1
1152 0
1153 1
1154 1
1155 1
1156 0
1157 1
1158 1
1159 0
1160 1
1161 1
1162 0
1163 1
1164 1
1165 1
1166 0
1167 1
1168 1
1169 1
1170 1
1171 0
1172 0
1173 1
1174 0
1175 0
1176 0
1177 1
1178 0
1179 0
1180 0
1181 1
1182 0
1183 0
1184 0
1185 1
1186 0
1187 1
1188 0
1189 0
1190 1
1191 1
1192 0
1193 1
1194 1
1195 0
1196 0
1197 1
1198 0
1199 1
1200 0
1201 1
1202 1
1203 0
1204 0
1205 0
1206 0
1207 1
1208 1
1209 0
1210 0
1211 1
1212 0
1213 1
1214 0
1215 0
1216 0
1217 1
1218 0
1219 0
1220 0
1221 1
1222 1
1223 0
1224 0
1225 1
1226 0
1227 1
1228 1
1229 0
1230 0
1231 1
1232 0
1233 0
1234 1
1235 1
1236 0
1237 1
1238 1
1239 0
1240 1
1241 0
1242 1
1243 1
1244 1
1245 0
1246 0
1247 1
1248 0
1249 0
1250 1
1251 1
1252 1
1253 0
1254 1
1255 0
1256 0
1257 0
1258 1
1259 0
1260 1
1261 1
1262 0
1263 1
1264 0
1265 1
1266 0
1267 0
1268 1
1269 1
1270 1
1271 1
1272 1
1273 1
1274 0
1275 0
1276 1
1277 0
1278 0
1279 0
1280 1
1281 1
1282 1
1283 0
1284 0
1285 0
1286 1
1287 0
1288 0
1289 1
1290 0
1291 0
1292 0
1293 1
1294 1
1295 1
1296 1
1297 0
1298 0
1299 1
1300 1
1301 0
1302 0
1303 0
1304 0
1305 1
1306 0
1307 0
1308 0
1309 1
1310 0
1311 1
1312 0
1313 1
1314 0
1315 0
1316 0
1317 1
1318 1
1319 0
1320 1
1321 1
1322 1
1323 0
1324 0
1325 0
1326 1
1327 1
1328 0
1329 1
1330 0
1331 1
1332 1
1333 1
1334 1
1335 1
1336 1
1337 0
1338 0
1339 1
1340 0
1341 0
1342 0
1343 0
1344 1
1345 1
1346 0
1347 0
1348 1
1349 1
1350 1
1351 1
1352 0
1353 1
1354 0
1355 0
1356 0
1357 1
1358 0
1359 1
1360 0
1361 1
1362 1
1363 0
1364 0
1365 1
1366 0
1367 0
1368 1
1369 0
1370 1
1371 1
1372 1
1373 0
1374 1
1375 0
1376 0
1377 0
1378 0
1379 1
1380 0
1381 0
1382 1
1383 0
1384 0
1385 1
1386 0
1387 1
1388 1
1389 1
1390 1
1391 1
1392 0
1393 0
1394 0
1395 1
1396 0
1397 0
1398 1
1399 0
1400 1
1401 0
1402 0
1403 1
1404 1
1405 0
1406 0
1407 0
1408 0
1409 1
1410 1
1411 1
1412 0
1413 1
1414 1
1415 0
1416 0
1417 1
1418 0
1419 1
1420 1
1421 0
1422 1
1423 0
1424 0
1425 1
1426 0
1427 0
1428 0
1429 1
1430 0
1431 1
1432 0
1433 1
1434 1
1435 0
1436 0
1437 1
1438 0
1439 0
1440 1
1441 1
1442 1
1443 0
1444 0
1445 1
1446 1
1447 1
1448 0
1449 0
1450 1
1451 0
1452 0
1453 0
1454 1
1455 0
1456 0
1457 0
1458 1
1459 1
1460 0
1461 1
1462 0
1463 0
1464 1
1465 1
1466 1
1467 0
1468 0
1469 1
1470 1
1471 0
