2008
681
489
662
1377
505
281
205
565
1507
2474
555
2416
147
2057
1346
610
622
1631
501
1265
1186
8
2415
780
1195
2771
853
783
2352
951
461
1736
1085
797
949
2614
340
781
859
2208
870
2682
1997
2623
1952
171
1382
167
1462
2165
1673
332
2349
2189
2457
381
2770
1667
2649
2932
924
901
559
1613
2180
1361
2898
767
594
144
1562
2375
2927
2579
123
1370
716
1757
1597
2879
2803
2443
2487
2001
2232
887
177
421
1137
2110
2665
1894
802
1301
1656
1531
1120
840
749
362
98
509
1222
637
2173
1839
2922
2573
2040
1604
560
1317
1537
2454
1745
2023
2382
2884
2849
1308
1691
1685
1701
1725
2823
1731
435
1821
725
2906
2248
2630
1680
1477
15
589
197
196
115
1431
2461
2764
667
1353
2432
2011
1246
357
1174
1067
2918
1906
1454
2928
1102
994
1012
2257
1104
2644
1384
1612
2778
1892
2583
169
2797
298
1552
43
1008
1770
348
1383
1878
1963
1644
2450
280
1652
915
1011
1481
2353
1885
2882
2800
2292
1626
611
1598
1399
296
1035
685
2051
1580
1156
1198
2590
1964
1440
945
133
2447
1913
1588
2306
1814
591
885
2941
2908
1711
1871
2647
2633
1171
294
2809
1205
2709
2187
327
1096
2931
1891
2043
2261
2532
240
1122
1716
2724
417
473
337
2712
1982
1686
422
2226
1007
2815
980
157
2836
1539
1695
936
309
2071
2174
2917
1002
92
2430
2508
398
2078
1819
1081
60
1965
750
2456
496
2564
2733
1347
827
1312
1041
999
198
914
2239
1865
1406
975
2740
979
1659
1348
688
1710
896
1184
457
2237
521
3
1937
1387
553
1134
119
1365
2804
1355
2332
1153
2668
2005
2807
1665
912
1915
22
2748
2030
2729
1678
2144
2326
2039
689
2022
2244
2652
1199
2934
2491
2241
2498
1743
2397
2420
2925
2700
1815
564
2412
1004
460
796
1082
1840
727
2004
463
1057
2609
1519
1305
333
2146
2901
1594
1653
237
1288
1843
2468
129
2376
28
661
2661
922
107
2499
1287
2529
1546
645
77
1641
1229
2743
811
1715
303
1150
641
415
1591
2455
2302
2597
192
2541
1115
1058
1923
2831
2549
2485
2670
2131
2316
1978
1065
243
702
58
2293
2346
921
2295
1167
2053
311
2327
467
638
2782
747
1792
438
1615
183
1565
2298
523
2679
935
703
317
2437
525
1764
2075
1530
2512
2315
1087
1623
953
2916
2535
2924
2937
100
778
2531
2233
1326
1607
2273
1795
41
1896
1776
584
972
76
2628
2527
1962
1601
2044
209
2373
2130
2400
933
2335
2558
1521
325
411
194
1567
210
1799
2207
2163
1148
2582
364
145
1862
978
497
1221
2516
563
1603
987
1215
1608
2736
1999
2333
139
2017
1257
1772
351
2125
2182
1589
300
2940
1807
1424
1766
2021
539
2821
1072
1698
947
839
90
268
608
245
1526
986
1053
585
1769
72
1261
290
1223
2342
2367
258
1435
2615
2556
2200
1648
61
2126
1263
1816
1023
985
52
1627
1789
2654
2153
1553
1152
2639
852
761
990
1457
2777
265
1216
1014
1657
1271
1857
1569
946
835
2693
1647
1154
962
103
1439
556
807
2872
2845
199
620
220
1502
1073
51
62
2411
2883
1469
2723
355
2909
2567
1668
1574
2719
1825
2509
969
2887
1486
632
2127
1034
2279
2523
2300
241
2832
2506
1327
952
273
2838
2769
1003
1957
2191
1359
1138
538
2213
1062
1813
2462
2685
1970
659
2429
2822
855
1740
646
1624
849
1561
1492
537
1719
439
1244
1442
2730
2543
152
132
2384
691
488
1366
1214
759
1585
1381
938
710
2626
541
283
1744
2345
1094
99
2064
1852
1786
550
593
882
693
1090
2653
2613
696
1895
2694
53
1149
1554
2145
2006
2228
1459
232
769
2607
530
1907
2793
2596
342
2472
1059
292
1210
2500
369
2074
514
440
1129
2329
2544
2746
1284
1140
2867
791
2124
1418
1490
574
2242
1729
1592
284
1168
1322
1319
479
1804
1230
91
2428
2377
1300
848
1335
1097
2183
1193
2287
2344
823
1264
1030
207
1845
842
1238
1712
418
1577
1452
255
1066
624
1485
2405
1929
871
2118
35
2319
101
1972
919
94
715
2648
2364
1940
577
2423
1838
2820
1101
2935
338
1337
2781
1409
1788
1898
2497
535
820
2095
1025
784
211
1899
305
1466
2486
2571
1019
81
1456
217
698
678
2687
2363
170
586
2014
1467
1880
2469
2827
1278
1742
992
899
1925
1126
1050
242
897
1768
1315
2256
655
2524
1783
2156
763
459
617
2592
2119
963
2402
815
2424
2858
1730
1289
2433
2123
579
1354
2646
2070
2672
2366
1518
464
2784
2029
498
328
1047
1741
736
1425
1045
2227
1774
2065
1733
1243
247
726
656
233
755
1260
2640
1136
1991
1143
2188
753
1551
571
458
1114
2270
2606
2690
595
2365
330
2290
905
2844
660
1461
526
1403
1056
85
561
2869
1493
168
649
1800
1340
2495
2096
1806
533
2725
158
729
1166
2727
2159
950
2452
82
2825
40
2547
70
373
1635
2757
1432
1943
1211
724
2425
2598
2692
2905
1444
2929
1311
79
2282
1525
159
562
2493
1822
2569
2154
1998
2808
2756
2265
1961
916
37
239
1302
2813
707
1093
1131
2390
350
2278
809
1981
84
1796
2650
2128
2137
264
1803
1027
446
75
1294
2805
989
2221
2024
1046
1028
2172
2230
2608
1669
471
2027
699
2138
66
83
1496
2466
1390
2790
2526
148
2002
1858
64
705
1750
1662
1881
939
304
1936
2381
599
7
1540
45
1823
723
389
2401
1727
1239
1375
2830
2816
1643
2253
1262
1127
566
2774
788
2591
2848
2089
2245
1282
1557
314
1297
2418
1954
378
2705
760
2413
2247
136
2195
892
1379
751
2026
2731
1793
2427
2663
310
929
2392
1545
2357
2317
1620
1529
568
1600
383
1482
889
664
1883
2767
708
2553
2678
1994
971
1213
1903
93
2066
1835
485
1655
2147
1270
1071
520
2025
2624
2434
1566
1048
2686
1578
429
1599
14
2190
235
2534
801
1240
405
2312
1622
1756
2537
2018
1293
2752
1389
450
1142
1848
1534
153
2618
869
2235
735
493
486
1200
1927
33
1344
1950
928
1343
1055
2203
1513
1110
2680
821
341
1995
1785
254
1836
2657
112
1249
907
2015
866
2588
757
684
2301
1405
1702
1687
1334
412
1031
213
2876
1188
302
2054
1559
615
275
2768
443
250
120
2839
1309
2000
932
2785
812
2921
2758
1718
2217
2421
2284
2358
582
140
1642
335
1416
420
2458
96
1473
1489
2276
113
1658
519
894
2100
2627
1285
1393
1812
2356
143
926
909
1563
1202
2896
605
2243
861
1693
2322
2659
236
2920
679
2085
2895
1586
1508
816
172
1233
613
1660
1777
683
2395
1484
2460
1853
2451
2779
1022
2143
68
1039
78
414
1323
2775
71
920
31
1437
2150
991
1314
529
995
635
1564
798
368
354
2791
1993
964
2166
2152
1753
1550
345
2933
1818
2856
917
2859
74
1001
2033
1611
1165
1443
2776
1630
1676
2337
124
2616
462
65
2084
56
441
2271
1949
282
2530
2796
2209
503
2555
2092
494
764
2538
1029
771
150
2828
2254
851
1268
1953
1248
789
285
984
2660
2449
730
943
1928
2149
1411
2899
50
2320
2013
554
1621
2488
2655
2178
2135
1341
226
1160
2059
423
1887
515
786
690
445
2847
502
1547
188
1036
271
1415
1556
270
1111
1100
472
1944
2666
1583
259
1076
2635
2801
125
1773
442
2170
808
1632
843
800
313
1458
358
2833
2160
1367
1874
2476
253
706
1376
2308
2259
2504
2706
1987
1470
2840
1417
2806
1959
2372
227
1503
2593
1939
697
2304
2587
1157
865
1784
2267
1139
137
408
1159
181
1500
766
1884
2577
1771
483
891
1426
353
406
524
580
1606
1935
2281
890
2681
2251
732
1183
873
2049
879
1841
817
30
204
2311
1480
1976
1038
893
1989
2035
2048
230
474
1790
2749
2517
1206
1942
540
11
1132
27
246
2900
2181
2453
1204
2020
2467
1169
2198
1584
1605
1491
2441
1380
1926
2878
1141
1767
1977
2732
1629
2038
116
2328
1345
127
2459
1568
1336
880
212
201
122
629
203
447
2058
719
532
528
666
2739
2721
1616
2483
13
1504
1650
428
2310
2595
1295
1931
558
1802
42
2343
1108
1286
2158
1966
2370
2010
2576
1471
996
900
2157
2852
1175
187
214
431
508
2503
2324
2811
2572
339
184
2417
2568
633
1446
833
1296
1868
1054
401
363
131
1672
2795
2340
1362
2314
2072
2759
2361
430
977
2870
190
1325
80
1368
2560
2090
278
2252
1228
432
1330
18
2877
409
741
1252
639
2268
413
634
1810
1593
1281
455
2728
576
1378
1851
2175
720
1602
2873
1075
1754
619
1996
2490
794
754
346
2355
260
1241
1276
734
1850
2470
644
385
1453
2701
2545
1476
1084
2383
2285
1536
2762
517
1313
1357
1277
1494
114
267
665
1441
2077
1706
390
658
2220
1571
504
419
1505
1720
1269
402
231
511
469
1910
1762
1872
2525
382
138
2107
2215
1801
557
603
487
596
2210
2250
2910
2522
1099
2888
742
997
956
2
1861
847
2083
370
2671
1386
968
583
2939
189
407
1455
2323
1869
1212
1738
1465
2111
930
2755
1498
2891
1332
2675
1179
1670
590
581
1983
2601
940
1723
2212
1609
647
2589
110
1683
1145
908
534
1901
828
1688
2936
356
1951
2735
2439
1098
238
2697
87
607
2489
2563
1208
1151
130
1158
1798
2360
2225
2600
434
1307
2086
142
2513
2286
1781
1707
1352
2438
2007
587
625
1117
2817
174
2354
881
961
2561
2716
2338
1049
744
2780
1280
2656
825
1705
1555
2669
1893
2602
2294
712
307
162
404
2371
2309
1251
1595
2394
1573
1582
1374
1902
776
782
1478
1908
1746
2744
291
1089
1333
16
1829
426
449
2313
160
2091
628
326
1112
191
700
903
1404
804
1747
88
20
721
941
322
1318
1245
1189
1692
1524
1163
394
2634
1873
1419
128
444
452
2067
2734
2814
1236
1091
973
959
1255
1882
1708
746
2565
675
2605
832
1274
2223
2028
670
2897
2865
2741
1542
640
2473
44
24
2012
680
1434
1220
967
47
475
2854
274
1033
491
1449
2396
2599
1528
1640
758
257
846
1095
1479
1735
425
1866
456
711
2291
2550
1395
743
1837
1116
1173
416
1794
1279
1388
2837
2841
387
111
2184
2673
864
1543
73
1398
739
2055
1520
2471
2419
1722
2586
834
1460
1726
492
1863
768
1820
1088
1985
347
2747
176
2698
323
379
248
1558
2117
612
365
1666
1856
193
2330
2193
2612
2703
965
244
2216
2714
623
2710
2562
1945
1639
1514
374
578
650
308
46
886
173
651
262
1844
1633
105
779
360
857
2645
2258
2087
2269
146
2676
1765
1947
1860
787
2186
1421
2404
1677
2277
1956
1105
26
674
1560
1013
2658
819
1077
336
2718
1876
2584
1350
860
1298
1135
631
349
2380
2047
2787
2892
2750
2234
1422
180
2926
1080
954
1855
669
316
2851
1060
2913
686
2231
2559
2574
343
1889
2240
25
1468
862
536
2073
2881
1064
2169
1654
1144
1506
1516
1897
277
682
2331
2246
376
1086
301
2515
399
2206
931
21
2224
410
1888
2164
2446
1069
2199
118
109
974
2632
2514
925
2903
1436
69
970
2218
2691
1661
154
1488
1209
2667
672
542
1618
2866
228
1423
1758
1984
1739
2494
2482
2585
2194
1015
1911
1645
2677
772
2031
876
1689
2578
1909
883
877
2636
400
1427
165
2297
2539
1834
1938
1849
2818
1235
2850
2594
1499
1052
1967
1324
2289
2201
2715
1408
1634
1018
495
2264
2722
185
2904
1833
874
476
937
913
156
2398
2620
775
9
2407
1805
2542
1391
1974
2938
2604
1428
1619
500
468
948
1625
2893
2348
1581
2134
657
2651
331
600
2857
837
1232
2519
1224
1044
2622
2773
745
518
1032
2930
573
830
1791
1763
2068
453
737
319
1919
2819
470
1176
1664
2386
2511
2802
878
1590
1870
269
1402
1256
1971
2610
1369
2864
838
2185
1194
315
2492
155
714
1549
2103
1509
482
1474
2557
106
2737
597
976
2528
1124
2890
1074
126
2061
1651
722
1679
1364
297
1912
2713
1130
54
225
934
803
2853
981
1859
1429
1247
2629
2510
2766
2378
2919
2387
2325
249
2097
1886
998
1824
642
2101
1191
1217
2108
2843
2167
546
904
2907
1675
2711
2502
2003
1495
48
863
2702
826
790
1930
2016
1713
2842
1371
1463
163
95
701
1266
17
1079
966
287
2283
2861
1177
2374
2303
1187
850
1450
1511
49
982
135
1517
2385
1267
2621
2611
2229
397
1610
1043
2444
1986
466
1430
375
89
795
1721
2880
2448
1541
2389
1637
652
2214
1303
1700
1024
386
2753
2465
1703
2792
2886
1433
1410
1809
1448
2912
2305
1401
1487
2580
2222
12
993
1570
371
352
2255
1728
1147
2860
2266
1207
694
2846
1969
1125
2431
1988
2393
1063
1900
2704
2236
2717
2674
2518
1916
1339
1682
2113
102
836
2507
2786
1846
1321
2536
663
1515
2552
1932
2176
1933
1020
627
2056
2812
1083
1674
1106
2546
478
1234
1527
279
1363
2662
1535
2765
1875
424
2422
728
944
799
2060
2379
32
955
215
2116
567
2063
1548
2318
395
2410
2171
1760
202
654
1646
1342
2496
224
506
1464
388
1879
773
219
427
276
2570
2406
552
1172
436
770
1146
2037
2760
2540
1225
545
1697
2911
1447
2260
1226
86
551
2720
6
1164
2874
1934
1709
372
1533
2551
1775
829
2799
367
2603
1445
2575
299
2501
1320
1068
762
1123
186
927
1817
810
164
2080
2548
2696
792
1259
1649
2019
606
2631
477
1373
2148
1948
895
344
2205
2351
875
1438
1761
884
1219
1197
1941
2426
676
1748
1092
1921
195
2162
433
2238
2120
2168
814
516
312
704
1407
1118
1242
361
923
1778
918
1696
845
1980
1119
1501
1078
1596
713
2637
902
1575
793
1830
2521
2098
507
108
1759
393
2045
23
2688
1283
2885
1203
1532
1877
1751
2155
1275
2894
272
1847
618
1316
1472
2520
695
29
2046
2177
1922
1237
2708
380
2388
391
1992
510
2689
216
2204
175
2139
2136
499
2069
1734
2826
1290
1026
1920
856
263
57
2695
1185
2197
774
2829
1572
2341
1161
1990
377
403
1400
1385
2132
2902
1
1782
1958
1890
888
2641
2642
687
2445
1196
59
223
588
1681
2336
149
841
1180
2211
1070
1960
2122
1292
648
1475
2617
1842
1544
858
1299
1329
1752
2824
2480
2481
2042
2875
731
813
844
572
1538
2109
1360
2307
366
592
777
1331
2408
465
2141
481
544
2751
1755
2484
1779
2133
2463
1358
570
2034
2440
1924
1109
957
2280
1272
1684
1797
609
1587
206
2106
1017
2140
1579
601
1717
2683
1394
1690
2772
2009
1614
2112
2554
2619
2664
983
1253
1523
2477
1192
692
854
2202
234
121
1917
1040
2249
653
39
2566
1042
1250
392
1510
2102
252
1051
182
1617
2321
490
256
614
359
2581
454
575
1113
2050
179
1826
748
222
1291
1483
2862
630
1254
2478
867
1005
1864
616
1170
161
0
55
2409
2262
2219
1827
2094
1392
2505
293
38
2088
738
2915
2161
67
527
289
1628
2923
2726
1412
1671
822
1975
19
785
824
733
740
2742
512
320
141
1227
1749
1128
569
1522
958
2834
2081
2347
2369
134
765
1714
2263
2288
2099
2738
2196
1182
1638
2104
1009
531
2036
548
2699
2868
911
221
1107
910
321
2272
1397
1181
2855
960
286
4
756
117
805
2625
178
1000
1737
2399
2763
1979
673
2274
1304
63
2403
2794
1780
1356
1663
1258
1351
1190
448
2442
1006
1061
1162
549
2788
1811
97
1201
2179
1010
104
1306
1904
2121
2889
2362
1037
2105
717
2391
1808
906
208
1121
2464
2835
2032
752
2350
547
643
318
598
1512
1103
602
2093
2475
2151
2436
718
942
2076
384
484
1918
1218
36
709
2052
324
2275
1451
2754
1231
2359
1178
1968
1828
2414
1576
806
1704
604
2082
151
1133
898
2914
2062
872
1420
166
626
2339
451
229
522
437
868
1724
2745
2783
2115
1787
1021
1854
1372
2533
1831
2368
251
2435
2334
5
218
2789
668
677
34
1016
334
818
1497
2707
636
621
288
1349
2863
1396
10
2643
2638
295
2296
2684
1914
2142
1905
1310
2079
2810
831
1328
2041
1413
1955
261
1155
2798
1973
1636
1732
266
200
2192
1414
2761
329
1694
543
1867
2299
2479
2114
1946
988
671
1338
513
1699
480
1832
396
1273
2129
306
2871

