935
554
1106
1065
2787
2229
2741
1797
2
738
225
2254
2879
892
1586
1218
1294
419
2794
2310
43
2109
1387
885
1029
30
1953
1680
1299
1257
119
1917
2291
1147
1739
688
1798
673
107
1219
1369
10
658
1176
2928
50
905
1724
2331
86
166
2140
1936
1235
2702
1713
84
285
640
1913
324
625
930
305
1510
2650
2940
1303
574
2756
444
1704
694
470
1266
1389
2075
1262
2640
1227
784
2505
1338
2429
363
3
1875
1411
2902
2036
2015
2275
904
2518
1878
586
1842
2556
1554
463
592
690
1884
1544
41
887
2159
871
980
1972
2774
2276
1955
1572
2645
2887
2158
1784
1674
2201
2590
420
1258
39
1462
603
2693
80
2865
2614
1733
1907
2138
500
2478
1342
1863
2537
2259
2171
650
2347
2099
889
380
1958
581
2724
2921
100
1492
1127
1675
2287
416
1396
1354
2920
2250
1191
955
1433
1971
0
1737
2253
2719
1297
751
2497
348
1150
1080
405
263
2211
1861
1812
680
536
2193
1902
820
2089
2240
601
81
2128
826
2028
1895
486
1896
140
1144
1809
2071
1593
2783
2506
249
214
2668
439
2488
417
2904
218
1742
2430
1223
2713
238
1499
736
1867
1232
855
1157
524
924
90
588
1992
823
898
2734
1860
163
760
1324
2385
468
633
2020
1119
1009
1408
1035
2354
32
362
1901
833
443
528
520
2683
1289
326
430
2431
1403
1523
254
2003
1779
515
1638
1149
267
1364
2648
2483
869
1531
131
723
1023
2411
598
2100
2624
2848
2054
334
2344
1771
2916
1880
2938
2714
1763
198
1616
1418
51
1995
1791
1318
2830
2633
1276
858
2828
2616
1135
809
1212
134
273
2885
2042
1792
48
1965
1825
1700
2456
260
173
355
910
2024
2246
864
1339
2686
1450
2150
55
378
127
1757
9
519
2692
1521
1786
1143
65
459
1288
512
2088
1019
1056
2427
357
2747
158
992
59
2868
1959
374
1841
319
1256
1711
1673
2931
2199
513
912
884
2445
2901
469
1225
757
293
944
2574
2802
1483
277
2843
408
1782
1650
40
1316
2269
552
2007
1500
1139
1228
793
1159
2292
2018
269
1543
1300
2069
740
2678
1507
1921
95
1327
1487
2277
1260
279
2449
2531
2517
1665
2444
195
2467
71
371
473
207
2448
1629
2017
917
1718
91
2340
108
2203
1434
2772
923
662
446
1015
779
2027
54
1891
437
2562
899
74
2049
856
2723
306
2545
1758
2911
2652
1788
52
1407
1795
1102
2346
2432
1829
2888
2607
593
1994
2189
1869
1976
415
979
2326
1247
2806
1669
199
1647
318
1667
2324
1494
1803
1416
2896
852
2857
2040
1481
2573
247
962
2318
803
2748
1755
2852
1910
471
2296
773
2771
183
2368
1975
1424
2695
2165
1601
116
1661
582
2305
2932
2389
124
2151
2149
2482
477
169
1864
578
2342
1787
686
1004
1604
1375
754
2841
1506
1315
1076
1765
2135
1459
2472
1606
224
1563
804
681
984
1491
2520
2523
2080
2370
765
2272
261
298
2393
2903
248
2279
667
465
370
2357
1846
1081
1716
1793
2742
2631
164
26
2807
1131
2597
1978
647
839
2589
1944
1002
2298
2288
2829
2634
1750
732
1810
2658
2206
2022
2803
2308
1524
2416
462
1058
451
396
1236
2394
2860
2827
920
835
1107
2701
2605
748
1670
610
946
1859
2297
2465
817
296
1216
379
1847
132
1054
1331
1379
1203
160
359
2070
1699
1824
620
1961
726
2883
501
1822
547
1362
2809
903
2001
1581
1435
2345
1996
2630
1838
2117
239
186
49
2583
1274
64
844
1008
1269
1090
2265
1128
1621
1207
2754
687
391
144
1329
1828
1532
252
2543
2101
1649
2078
1222
1627
2183
868
1619
505
1712
585
1419
453
447
1897
2504
278
949
1390
2157
146
390
2912
2758
2268
1759
1904
418
482
2045
494
1345
1982
2295
782
801
2118
196
981
921
701
1183
1484
2041
42
1908
2553
774
1053
347
1615
1361
1654
1777
2934
897
2408
1088
1250
724
1589
1210
741
1664
1413
1206
2084
1473
1129
1964
2839
2845
2866
1806
2569
2496
529
846
2154
1942
329
2479
2145
2858
2835
1560
323
1706
1180
204
1599
1003
1922
763
2567
671
1082
2480
1727
943
181
1585
2399
1804
2558
1853
1988
2749
2762
2056
2773
1848
756
2667
2602
753
2544
2085
1547
2872
1749
1061
1
1468
2470
2282
2592
1400
769
441
2072
550
1762
2591
1120
1259
2612
2356
2216
1427
2034
651
617
1537
1954
346
1990
1083
61
342
2148
2459
2559
1687
1445
2464
2182
2910
964
618
870
1091
534
1693
1856
549
1984
2383
2927
1562
176
255
1371
642
2797
860
2715
2812
1025
2438
351
766
1444
2842
2929
619
1600
294
2563
2769
2919
2875
1014
2895
2690
947
1648
834
545
2278
1100
383
2551
886
1478
1808
2495
2179
1703
972
2676
384
2355
1655
1514
1775
1306
594
1698
684
1334
986
2689
918
2837
807
2767
664
1966
333
148
286
2681
2244
1482
544
2750
1567
2184
2699
1774
308
393
2909
1540
2685
1079
937
1368
1406
7
1066
2093
2090
859
1776
595
1957
2530
2576
2905
2316
1603
2046
412
2636
847
2561
2442
4
24
1467
2893
1313
2061
873
2012
1937
1292
1153
2321
2776
377
2889
612
1931
1333
1415
1230
568
79
502
602
1558
2112
1722
1031
2469
234
1451
1251
1509
1920
1876
1283
584
1561
1723
1644
599
2492
746
1337
1926
1637
2666
2348
2917
33
2936
189
2757
816
94
203
179
321
862
950
719
607
1618
2709
742
971
637
2358
624
535
2186
915
996
1490
1454
2241
2381
925
2671
808
1608
2238
2225
1551
2457
2880
191
1347
236
2123
1431
1448
750
1388
787
302
1974
53
330
1584
1248
240
1662
812
1785
2930
1030
2761
854
1458
2016
775
1171
2006
2132
2744
938
2619
409
2435
725
194
2404
1057
1272
2134
485
1465
1208
636
1666
2594
1728
2037
2302
2726
1967
2795
1284
244
190
2677
2595
1934
548
2387
2542
2019
398
2187
1421
805
152
331
866
1657
1104
2249
2698
1044
493
2751
2526
205
289
539
202
609
1469
2077
438
994
2365
1715
2047
2161
2535
1332
1045
1866
1229
560
641
628
1941
117
1140
1924
2314
655
621
2593
1384
1709
875
518
676
1582
929
1441
1305
426
1505
2601
2869
1488
2874
1998
2121
2372
223
1064
2230
2615
103
281
1177
1612
631
1456
677
259
2847
2854
1197
700
1132
1428
1414
1092
356
1525
702
2639
2066
2641
2784
1823
155
2082
2144
73
1591
1360
89
1898
2878
2717
2064
1997
533
1051
2361
2508
1356
2810
1839
841
2826
21
2577
1398
562
2065
913
1027
404
475
1160
836
1071
1811
2367
258
706
951
2180
744
1279
275
1466
2343
876
2587
2263
411
1569
541
2804
17
2227
2044
2642
2094
1578
2351
1862
2711
1111
2130
23
2718
1658
916
2503
125
375
2477
2510
401
988
215
2392
1536
1778
1764
478
98
2609
327
2486
1945
431
635
2855
2913
832
2248
1036
1611
1707
1038
2185
354
749
2596
488
1078
1321
2816
597
2527
590
422
1042
896
786
2243
530
2195
2617
1385
1970
1380
2629
537
1325
1446
332
1028
2613
831
2191
1244
745
1813
728
2922
699
20
2651
29
1691
2283
1946
2471
1086
290
645
526
67
714
2114
143
2436
1580
300
1302
542
1948
792
1399
919
2538
2376
317
2798
1417
1730
150
2137
1919
68
2050
2528
2043
2418
5
1579
2390
1935
2898
2935
1423
1645
2107
219
566
1676
185
990
284
2350
1392
1602
2437
2710
454
1754
685
626
2053
1246
1821
2782
350
1928
2076
616
2675
1881
266
998
2309
2644
1280
1550
1672
1254
142
1952
1047
1383
268
970
344
174
212
2833
1900
646
1837
589
713
369
540
1110
479
2691
1261
2886
2796
1355
2694
1026
253
1827
973
2231
2611
780
1301
1168
2142
1783
449
133
2079
1234
2540
461
708
2871
2792
18
2175
180
2232
1815
2764
2371
2665
37
883
2237
2781
221
192
397
1887
1701
2740
2937
2319
1352
1336
1685
2063
1022
2570
2196
13
1991
1927
2412
1914
2581
2728
2059
1906
1929
2386
1271
2315
985
1237
311
1594
466
1290
572
2780
2236
2906
669
2539
458
1152
1533
2608
1720
2306
1377
2669
93
2353
2300
587
217
1575
2336
1472
1894
1528
2004
2746
1688
1464
531
1855
2213
1962
1181
2320
1097
2818
2058
1496
2700
965
1854
2146
649
818
1519
901
316
2443
811
2840
2568
1123
2800
2899
600
2294
1794
556
2915
895
2851
256
1748
1442
2499
1358
1979
2289
2463
361
31
1349
2407
1885
1449
1156
1642
961
2167
226
1545
474
1692
1652
2647
448
2364
1588
2877
785
315
2120
995
2380
1350
1527
1663
825
1689
216
2584
606
87
715
1382
1696
1109
406
1643
2786
2328
2384
1613
1780
504
878
2566
2925
72
457
280
939
2684
2712
2894
627
2500
1432
739
653
2664
2455
28
689
432
1395
184
2215
1495
2119
2428
2511
1314
314
1485
145
1108
525
1062
1956
2188
66
506
733
1882
721
1577
1576
2752
2220
1059
2891
2366
1200
764
2178
1114
644
472
1553
427
1631
167
1366
2092
1768
697
546
1304
1039
767
2522
1702
615
36
1178
2095
1173
2133
511
1960
711
838
670
576
1826
1868
1892
1607
1912
492
798
1747
1474
1136
2926
2234
2329
2546
56
772
2688
902
1447
151
1886
1630
963
339
993
288
2682
2129
1559
1170
2704
2708
1587
2498
1021
480
2334
2819
452
345
1905
2023
1312
96
1006
1455
1359
1040
1772
1013
654
712
1568
1852
450
304
2111
428
1871
129
2052
1695
414
2163
1034
2603
2859
60
123
1370
1158
1969
335
1903
2560
2763
2011
365
880
8
1980
657
2662
1899
1679
1849
341
731
1348
1087
2032
1420
282
309
2224
1165
2811
2166
2653
295
1182
222
109
849
2452
2207
250
1037
2838
2341
1226
2765
1890
1320
1018
2260
874
1017
1622
843
2414
1328
735
14
1682
1422
966
388
2013
1840
2515
78
1293
2067
2468
1310
92
936
368
888
2753
2672
320
440
400
1504
907
1743
2197
1951
777
1344
2600
2421
159
2933
2038
2174
177
707
1477
425
799
455
1309
1480
1767
2491
1319
850
734
2311
1973
2323
720
1940
1169
2010
2626
1326
1744
1084
1073
2876
2285
407
842
2446
434
1610
517
613
2785
1708
1436
489
353
2643
1740
2439
1404
2143
510
1761
136
1311
1498
752
954
638
1872
665
99
2139
851
1268
906
206
104
1660
968
162
2317
2060
2493
1735
481
1834
2136
2262
1835
25
2252
2476
2813
2035
138
2377
2502
2155
291
1493
2280
1220
1833
2030
1393
373
299
1322
762
2939
800
989
2400
1511
824
660
1096
2102
1224
2169
1161
893
1386
2021
102
2116
1117
1430
382
2106
629
1199
2790
928
1717
2552
2273
82
2192
1046
1252
2453
272
433
1069
2173
2490
137
1122
1843
983
1463
6
956
1943
464
2466
1007
543
2313
1818
2485
1671
579
381
2775
922
310
2582
1264
1605
718
2160
2638
1172
2039
527
1668
722
2333
106
1830
2124
827
2413
1126
1805
1874
2846
1196
2861
2388
908
1512
2766
1376
1877
1402
2867
2743
1949
1858
1133
423
1273
1341
565
1653
643
828
1437
2900
932
209
2194
2242
2000
1656
2303
349
171
1394
2768
147
460
940
1098
2083
2908
303
2025
822
211
982
2509
153
1760
1016
559
1538
325
364
1741
228
1628
63
2228
1541
1192
1043
1799
2817
837
2621
1115
1870
376
2799
495
532
456
794
130
2580
1502
2396
19
1534
1460
758
1103
413
2536
2632
1048
1204
538
2534
877
1215
1401
1134
1190
557
953
2198
1539
2789
2200
1440
1112
2697
2235
1817
1732
1282
2627
2680
2474
2822
1705
1597
2447
232
1001
678
1130
2451
1766
783
128
467
2125
1486
2304
1105
122
1721
168
790
1343
2141
1489
2208
2338
2209
771
967
1736
97
1429
2108
2008
2218
1263
1101
1883
156
997
781
85
170
1746
1162
2914
2882
2382
2760
569
182
2419
691
2264
2550
2458
2720
2221
2729
810
1189
555
2115
1412
1832
1625
483
2703
75
45
717
2606
663
1453
1571
704
652
1781
387
1166
2378
1681
2168
2335
2153
1911
2110
561
1125
2836
2856
1623
1346
969
2087
1549
682
88
498
257
2293
1751
394
366
1155
1598
1286
1074
1142
926
2290
44
112
1950
716
2620
710
1909
577
476
2286
484
1690
933
2461
241
891
2588
2832
814
2247
1844
1397
1194
2670
2805
395
2423
759
1565
2212
1214
1426
312
2791
1141
1530
958
830
2425
945
2256
1529
2374
1865
115
683
563
385
2673
1243
1633
2730
2210
1239
632
1535
2516
274
2266
768
2181
867
34
2548
2598
2831
1697
336
709
2494
2261
2271
1756
2081
1814
2098
496
358
245
1820
2222
2162
614
246
2549
900
890
567
1989
2205
2844
165
1060
1503
187
1118
57
2255
2281
271
2391
2274
2086
882
1340
2823
2941
2873
1983
788
2585
853
507
608
703
490
819
2233
2417
2454
695
1557
1330
1520
2721
1977
1167
2214
2332
1175
960
2219
727
402
2881
1609
2473
1238
1275
1617
2572
1470
399
668
2575
276
1068
2625
1093
69
1267
666
2267
2706
1807
2923
2373
2779
233
487
2770
343
1552
1714
386
865
2849
1231
1476
2330
2599
1032
2307
1556
1240
1077
322
2405
571
1583
1790
1851
1947
445
948
1409
1242
952
2403
1211
1072
1930
435
1148
1518
403
1000
251
1323
1963
1010
2853
1201
2257
857
1287
2177
2359
1281
15
338
737
491
1683
2164
208
2884
113
1932
1187
1635
911
570
508
977
193
1620
622
2131
1923
2565
1986
514
1570
197
573
2722
1052
230
1193
942
1285
1641
2481
1999
2172
2716
1850
1915
2156
2687
1889
237
2029
1265
2362
1291
1278
1634
802
2707
2524
1195
2489
2623
2401
1367
661
2327
730
934
2814
761
372
770
1636
1802
301
2834
2487
1213
630
2217
2660
974
38
2339
172
2057
503
2462
1357
2190
120
553
2475
2514
141
2395
2147
70
270
2226
1363
62
1801
2824
188
1677
1626
1070
1202
436
2398
1918
442
421
1381
2484
605
1041
705
813
991
1888
1094
2005
2434
2907
1217
154
2777
1317
1651
791
101
2657
1296
16
1686
2529
1179
175
2426
283
2251
2433
672
2564
2649
1678
2033
596
1555
2825
2705
1011
161
111
1438
360
675
1185
2009
1497
604
2460
2635
2424
2737
1694
1005
1137
1515
2202
2745
1710
1517
210
1731
1573
2073
2312
2176
1753
2410
2337
1063
2299
47
2656
149
796
2014
22
1249
2440
1198
1255
696
1659
1471
262
2406
1089
2204
795
2507
2604
229
297
2579
2301
1099
776
1893
2557
2402
2578
201
623
2735
583
1020
2379
959
2415
863
121
114
575
2725
1188
2409
2863
778
1592
1085
2628
410
1146
1542
1479
1124
1138
1270
976
2397
2420
1475
2513
1365
2284
1993
1186
2002
2062
2654
509
1050
1033
1789
2622
1845
1968
2739
2104
2661
747
639
2031
2778
1461
340
2127
580
2850
1548
1987
914
2547
521
1209
1632
1873
2170
1457
2571
2068
2501
2659
1374
157
265
999
389
1241
1857
1145
1410
941
516
2097
139
1439
1075
2897
2618
2352
2532
1516
1752
231
1522
2821
1745
1095
424
1800
1640
659
1163
1773
978
656
1574
797
2727
698
558
2512
2245
2048
693
1769
11
1298
118
1734
1729
1879
755
881
1938
46
1024
243
2363
729
840
591
1425
2808
1308
235
927
110
1307
987
429
2637
634
1770
499
1526
2759
2755
2655
1925
872
2450
957
2105
313
2918
337
200
1546
2223
1684
2793
845
2122
1933
1513
879
2051
2091
77
1335
1253
2055
12
909
1351
1831
1819
2521
1221
1590
1154
2258
2890
894
1501
2870
1012
264
2586
2788
1174
227
2864
975
1508
2239
2663
2736
2074
2441
392
1378
1372
1443
1233
2422
2096
2375
1981
1055
789
2113
1245
2519
135
58
1295
1639
861
1916
1816
2646
2892
497
1353
829
2541
1646
1049
1624
2026
1373
1113
1796
815
1116
1067
2731
220
806
2360
1405
2815
242
2554
76
1184
2696
2733
1595
2732
1614
931
1151
2152
1726
178
1121
352
328
1164
105
27
126
307
287
821
1738
2325
2349
1391
523
213
2369
1719
292
551
2679
1205
2924
2738
2801
2322
2533
367
674
2270
743
1452
2525
83
648
2674
564
2862
2555
2126
2820
692
611
679
848
1596
1985
1836
522
1566
35
2103
1277
1725
1564
1939
2610

