1246
2630
1518
2275
1730
1413
2627
502
1767
2274
1145
1025
1280
1837
869
904
2795
2429
2325
1238
1937
99
1985
2320
1194
1003
336
2926
933
94
1511
2143
2034
1305
1338
1702
811
2468
2457
560
1677
853
749
2438
2353
2314
1976
2552
578
2426
1635
1049
2607
190
2478
2831
2348
2059
1496
1119
1223
2430
1386
306
612
19
590
694
2161
558
2483
1178
681
417
2513
2787
2362
2686
2772
2008
1168
2007
2701
2794
114
1886
16
1714
2786
2455
2593
13
2347
920
1296
1144
2851
582
1808
2660
2532
2796
2174
2258
1993
98
561
1687
2301
1625
657
1815
2530
1299
1474
565
1943
304
360
1278
1957
147
1929
53
1081
133
1128
562
252
1586
1864
476
90
2085
770
100
2411
2555
1236
1919
258
2740
1255
2507
1836
245
2436
178
2464
2184
338
2750
605
2140
1555
1487
1254
1829
2037
1357
1341
1894
2081
2270
2425
711
35
2828
2119
597
1192
37
1634
2462
2586
1139
1643
874
1084
124
1913
769
816
2134
246
2582
6
1947
2368
635
169
607
613
2199
2845
2917
2843
951
222
1082
1323
2875
418
2017
155
1786
2349
993
876
346
2577
2116
1967
1738
2881
1206
1711
2089
1032
2442
2500
2334
268
435
865
125
2755
910
361
303
2769
1584
2345
352
2761
2470
328
46
129
509
1659
1021
1048
2635
67
1997
30
2206
2386
1891
2567
1282
2001
1131
905
781
825
822
1347
1819
1547
837
2405
668
1005
1316
1512
937
2414
234
126
1041
321
1668
484
1600
206
2124
725
2192
1587
2850
2902
2450
977
207
2659
2281
1473
2539
225
149
410
2800
1290
2202
2689
333
2560
2924
2380
592
1531
1013
56
50
501
359
1535
2291
958
1770
1508
2918
2723
2449
1298
1224
1481
2524
819
2189
57
1016
534
764
237
288
2272
302
2602
549
679
834
2356
2889
878
1318
691
651
953
1166
430
273
2123
185
1716
1632
2693
1216
1002
1510
1861
523
2822
1717
83
1167
1152
818
1286
2832
1391
2793
2443
450
938
2003
860
2669
999
704
1127
1579
1583
723
1566
732
921
780
2427
2151
2536
1962
40
2864
52
2221
123
2499
1304
2741
2296
2715
738
662
2022
632
2878
1038
696
2378
1713
1794
1601
241
2018
2588
981
2925
1359
319
1079
1783
1163
1017
2327
86
2565
1773
2719
2713
2407
2823
700
2046
243
1725
1631
729
2176
1860
1569
2933
2673
43
1874
2287
571
864
573
2280
2079
2788
2466
1211
2802
2354
701
1995
2574
943
1268
367
771
1822
647
24
2113
1483
2321
1540
1108
455
2756
465
1259
1525
1420
1896
1329
1804
2909
1000
2092
941
2031
153
2381
985
2705
1772
1397
2667
1204
1110
244
1431
2922
575
440
1697
2131
2352
167
143
1559
322
0
2344
2932
1517
813
2486
2338
1320
886
2839
2898
250
1751
1039
2170
1157
2404
1611
1457
473
1488
1291
2573
1425
619
195
2596
144
1565
1582
2818
1665
2810
758
715
2920
1276
1520
1245
230
660
1314
345
2376
2282
2712
526
1499
976
2892
931
513
1840
2704
458
1256
93
62
1097
78
1946
1859
1465
42
159
1034
761
2721
2647
193
1834
2737
2171
2516
460
2493
429
2655
1400
2355
2028
1186
2804
22
599
2295
101
287
1120
29
2297
432
2725
164
527
2506
2557
2317
2459
1877
2928
2387
2070
1058
2194
2722
1599
1484
2083
1740
626
1312
1657
2109
2097
1748
39
2502
49
698
59
2913
2830
2554
718
1988
1553
314
2312
2243
296
957
1036
1781
1893
2451
2553
504
1257
521
1820
925
2556
2724
1051
1085
119
2690
260
2035
1965
294
2599
2398
2419
2708
2350
41
2654
2122
2336
1459
991
2865
620
1458
1376
457
393
812
1675
810
574
1010
2498
2063
1078
2145
885
1042
423
1768
2621
1235
446
1325
2370
1845
108
2694
152
733
800
128
741
1666
21
70
1335
1879
693
2313
1398
2187
859
2779
617
2883
2837
656
1133
1301
1118
1709
892
1476
1724
2651
1923
2852
330
1970
768
2056
2009
2533
2331
555
2668
1908
922
309
2144
745
1054
1454
707
1343
105
2195
2575
231
610
2475
2681
2927
1462
1207
1237
1445
784
1188
1362
2049
33
2781
2512
964
374
200
1180
2111
103
2546
2052
380
139
443
2639
1513
2249
602
2030
238
2294
2038
2447
120
2004
349
87
2717
643
838
2887
524
687
1719
1491
2915
1630
2196
2224
1981
165
491
1485
444
1652
1918
2265
1782
1609
2167
477
2439
267
79
2403
1910
1264
1928
1524
356
1326
1670
486
1504
48
201
2671
2027
1766
1141
1020
805
1811
2413
516
2730
2106
1311
756
678
240
1884
340
2814
2259
545
2135
1992
1678
1114
493
2159
64
1080
535
413
1649
369
298
305
2748
1792
2615
2874
2495
2103
1938
1090
792
461
2024
2318
1037
2844
1527
1029
383
2561
2053
2207
940
950
2613
2210
1272
2751
2054
1902
1850
2752
2545
2542
141
2032
2576
2622
2041
767
1098
376
2670
2262
403
1221
766
448
275
2137
924
2623
1482
552
2057
1222
2629
1814
494
272
604
2640
2090
1040
987
1315
1464
60
1059
2517
2559
652
2166
202
377
735
542
2418
386
788
1658
600
1721
2244
2102
2084
867
1395
625
1735
28
339
1130
1889
842
576
2100
348
286
2412
1509
1556
1791
728
247
1308
2172
2749
2528
1951
438
1568
1507
2246
170
1170
428
277
1839
156
1087
2205
2799
2267
1244
379
1227
1793
737
1532
1132
577
2805
2358
1378
122
1430
773
2076
2396
1212
26
1044
1930
1203
1539
832
1174
2571
213
1530
1639
2908
902
2473
2399
883
1987
2180
1271
1958
224
2215
1344
1797
2093
1552
1239
414
714
2825
1536
2456
665
1332
584
2125
2572
1911
1597
2569
1028
1248
1736
1053
1043
734
2597
2164
1647
648
140
117
2308
1614
1195
2178
1663
753
404
2254
1789
208
726
2322
1479
384
326
802
965
1862
1972
2068
2738
1533
2269
2677
2522
1980
2252
2235
664
1991
963
1676
2203
730
624
2198
1964
1876
1712
889
1977
541
821
2637
1615
1109
2505
907
1728
2674
1795
2903
1881
1925
1106
291
1549
2648
1750
995
320
906
2688
1275
1125
1158
2416
1554
113
1263
1800
939
1137
1671
750
2410
335
1698
854
2658
2876
2570
642
868
776
2311
1421
2388
1096
1616
580
540
2146
2758
1653
709
2791
2735
236
1339
974
232
227
2624
2598
1213
918
2829
1102
882
182
1046
2392
2062
1185
1063
1348
2201
74
1904
1345
357
1696
1026
1784
2237
2773
828
1950
2605
1147
1468
928
1596
2323
2683
2716
990
2904
1423
1933
2204
239
137
1978
727
1230
1846
1006
569
1912
1521
1732
2096
1151
724
214
1270
468
1336
2147
2848
593
2504
1225
2016
2021
2900
2618
2055
796
1648
1327
2141
898
2365
2066
2200
1122
2731
1160
1832
1103
989
2095
334
2010
31
2790
318
640
2023
442
307
2191
855
2538
786
203
1516
2710
1115
2316
1689
2766
88
1604
586
1506
1111
1903
2408
2727
463
1577
1366
2895
556
1061
1342
409
2896
1433
171
622
217
475
2335
1429
163
2642
1260
20
2260
1191
1816
2006
627
2231
1162
848
606
1605
1545
684
1116
2082
2155
1069
1380
688
317
1200
353
2033
253
1722
1375
2862
877
1798
1172
157
2744
204
2746
1901
533
1401
663
1571
2051
2128
2813
2088
1764
926
1774
262
2364
2919
1726
329
1869
650
1598
1095
1788
866
2921
1907
1086
364
23
1775
2047
1673
2341
2936
826
669
2503
1847
765
515
2251
1073
2339
282
145
1848
2680
1538
2780
762
824
1388
2298
2011
205
2550
833
1917
2753
1618
2255
2477
2728
572
158
1360
1646
2431
1628
1934
689
1009
2520
2220
1076
2778
2019
2494
2817
1371
1262
847
903
454
763
1153
405
912
1068
1827
1975
579
495
1743
551
653
350
1390
2884
760
2535
955
2600
1089
1024
1140
466
372
2372
1892
2283
175
1974
744
2394
1124
1351
708
176
1251
2218
1906
2777
1183
2707
1620
843
2463
895
1228
2263
162
934
588
1193
2391
978
449
1756
2702
2230
1250
151
1161
8
731
2515
2428
1456
1392
979
1699
1924
2234
2938
371
2389
66
2882
1654
975
2861
1942
2080
290
677
1070
1760
2098
2310
2440
923
517
996
2232
210
2880
441
420
2423
1922
1835
2914
1909
248
2333
1072
594
2608
1749
1771
759
911
1136
407
1701
789
2676
930
1682
1679
388
945
1954
2050
1669
1027
2656
1455
2858
747
1361
1828
1091
1408
1592
1936
2910
1626
1608
2278
1897
1405
777
2523
116
1
692
2228
1905
453
858
1777
1935
2214
1640
1175
469
1959
1741
1419
697
702
787
1619
1543
1231
1758
355
2271
2245
2578
1574
2732
1606
1514
412
1356
1177
1753
1867
1799
997
2609
431
416
1011
1581
191
2798
1105
2775
368
2525
392
2650
2366
77
970
1878
462
2383
2653
929
2899
2315
1242
2849
2801
1018
1273
1056
1662
2808
1143
1165
1055
1060
2867
436
1973
739
1707
880
507
550
1107
2105
1761
2465
1232
2329
1480
2901
1295
1253
508
2142
2437
703
1014
1755
514
658
909
998
2188
2104
956
2065
683
219
1417
823
2211
1184
751
1803
984
347
2118
106
2643
1529
2212
299
2826
1208
1258
948
2604
1447
1196
2739
25
2227
1700
194
2340
464
2276
1636
1849
2816
2616
1219
2409
2273
1176
2684
2888
2406
2583
803
1247
1340
2897
1801
2534
743
2482
2767
1818
742
982
1261
300
1656
1234
949
2435
916
897
2182
2326
2193
1210
1703
510
511
110
608
1493
1883
505
1715
1300
1489
1680
1655
927
274
2136
539
1576
1580
331
2931
2759
323
2591
2937
2209
1241
1940
18
2039
196
887
1328
2153
1284
2304
2501
641
2687
1821
705
1621
1727
672
2165
1752
75
264
1379
1306
2400
1001
1826
863
1594
136
1585
1442
2807
659
2343
11
1769
2133
797
1672
447
1660
917
332
2784
192
1916
2847
680
2661
1990
2726
1622
69
1871
2711
2289
2213
354
1578
685
1807
2911
2242
474
1498
1853
899
1895
2774
1633
2112
1205
2107
667
1503
1830
1449
1720
2474
1047
223
2886
1302
1218
548
506
2638
1718
1684
994
2679
1710
2776
1747
986
2645
2005
2479
2664
2074
297
467
1389
595
199
2706
1396
1644
1945
913
181
2548
2489
566
381
483
324
172
425
459
1914
2935
2789
1731
1092
2115
2641
279
2371
2179
1796
2662
1544
2765
639
1448
2150
1944
817
111
1121
2620
1522
1949
2139
1664
2361
2529
2589
2487
2285
1150
58
102
699
132
2691
2841
783
2445
456
1415
7
2820
585
235
138
499
1324
1173
2160
2803
2792
1674
500
2714
3
2286
2940
1996
583
2277
1477
1723
342
1681
1349
2527
1148
1733
44
2390
1015
2094
2158
1352
2424
1471
2441
154
2087
2305
160
1403
2157
1307
829
1868
1065
1369
1355
1960
71
1515
983
618
411
397
716
1564
1573
2634
2631
1443
2929
851
1104
295
637
1427
82
131
893
873
1240
1440
2058
1739
2743
344
570
2652
2469
1780
628
2226
881
1695
603
2373
2040
1418
2168
2208
2385
188
2247
1779
2253
1217
1612
2013
1941
406
1603
2324
189
130
1437
2048
1181
1502
655
836
2603
808
1266
1071
2835
2770
1117
1422
2734
233
2222
798
1843
520
1062
2856
2568
1446
1451
2868
313
1410
2871
537
1785
546
2240
1841
385
1537
284
2509
2692
1146
1123
2110
961
55
2284
482
1623
2531
1637
2219
1199
1885
857
1952
2099
1334
1567
2893
1778
2029
1759
2636
261
1142
1806
557
2434
2185
2015
1412
2067
1563
1155
263
717
1762
1387
2709
1744
1277
2346
1321
497
596
389
1888
1754
10
228
489
1383
2537
1197
391
804
2002
1494
794
2890
2186
969
362
559
1999
1787
2885
935
1685
1851
2939
2481
2288
1691
1426
2819
1486
1367
1189
2266
1287
2026
312
2238
310
2453
394
946
2319
503
2216
2547
2891
2747
118
686
426
710
1667
415
2906
2484
177
1915
1979
2044
1651
890
142
408
2518
2757
2012
518
479
316
382
1866
2592
2072
1100
2114
1399
1528
807
1154
96
472
488
1887
2492
1961
1472
901
1989
1402
1066
1249
485
915
1890
2754
2815
1963
2183
1450
2840
1966
2857
84
1588
666
919
1179
2480
1409
36
174
1057
1984
944
827
2060
184
1602
563
1645
1920
2402
91
439
1686
1293
180
947
1064
1416
2614
2930
2846
209
293
490
553
1560
419
2877
2075
2833
2697
900
1562
378
2268
2374
746
1358
32
366
1370
2870
337
1746
1852
1088
2558
942
2382
255
1460
1019
959
2248
1854
4
1129
2682
112
2514
1220
530
2785
2611
1683
795
1283
601
1627
755
1317
427
2854
434
846
61
54
285
567
2279
315
212
871
1708
845
2497
1729
706
471
831
631
95
2148
581
5
587
1873
1470
1436
197
1523
1229
968
399
1953
2101
2606
971
2934
1267
1501
373
1610
894
1309
1704
2043
2488
2375
1209
1857
150
85
1926
2485
2720
1294
1824
1650
2433
107
2496
2163
529
2526
634
1863
870
2091
1434
2762
2869
1692
1035
2490
161
2225
2797
2467
757
2564
1313
1033
402
2632
644
682
1690
115
1955
1424
2292
2811
2544
2197
2071
2306
1613
801
365
2357
2551
14
967
2236
2448
589
2742
840
2149
2905
1500
1810
97
266
220
1083
1135
2444
2000
216
674
2309
849
2264
2617
536
89
396
2729
2619
280
884
2363
168
2541
772
65
2675
1842
276
2782
1994
2563
2181
1438
496
1289
179
1432
2579
879
2
844
2745
81
1982
2584
1688
670
722
2120
1880
1629
221
1453
790
27
2626
2064
1463
2672
257
15
564
609
2036
1407
269
1593
2061
2827
2566
891
343
270
1467
1441
2126
2894
2855
1074
308
2175
720
358
242
2458
1292
671
621
2302
1900
1898
538
611
1872
1642
1694
2511
2369
401
2177
2117
2872
2703
134
121
73
1492
2471
341
1444
2359
814
1411
1452
973
2073
1591
782
1274
1382
173
695
2625
673
1844
896
1693
38
1971
2590
2521
2695
2156
675
778
2077
1968
1855
2760
1461
1214
2649
104
1763
1269
2367
1986
1364
962
1495
861
2666
638
1435
1310
2127
1350
1031
2612
1595
532
480
1198
2241
398
2771
2078
544
2562
1742
736
1169
481
2300
2256
1187
2587
2293
960
748
2768
615
630
872
2594
2549
445
76
2045
271
492
936
1551
1558
2763
2698
2476
2299
1265
1497
2633
127
283
1030
1182
1939
2432
1541
2239
395
2543
1439
218
1831
2809
2859
1548
2461
543
166
1372
1932
2169
1303
1346
2812
1870
370
2162
1734
92
390
2138
1094
1805
1233
2351
992
9
1190
1617
2446
1838
2873
2154
980
1022
2657
2014
2360
646
1126
1045
1790
2663
2395
2824
954
752
1393
1414
908
1875
1077
2916
226
311
2421
1134
187
616
2332
839
1550
451
2420
68
1331
2190
1159
2853
2233
2923
251
1067
1638
719
2415
1007
1809
1226
1297
424
1243
1075
932
2836
229
292
862
1138
487
1252
888
2472
1813
1765
1706
1757
259
2393
2491
433
183
198
148
2838
775
598
2173
1202
2452
952
1899
554
645
2377
422
265
1285
2736
186
1113
525
1546
2086
1288
1004
2610
1641
519
2519
754
2510
2229
2601
2580
12
835
2132
1661
2907
1466
498
806
1983
547
1927
2342
1101
1428
1561
2585
791
2401
421
2912
1705
1374
2834
1149
1215
2879
2454
1802
2700
1093
1469
400
785
1856
1882
2379
531
1998
1948
1823
1575
1337
512
1353
1384
966
1377
80
1171
636
820
146
2025
1023
1156
256
713
1572
45
254
51
614
327
830
2337
712
2384
1858
1164
351
2842
841
2261
2665
135
2307
2330
63
1745
2152
1590
2508
522
623
2806
2941
325
2696
721
34
72
1201
1363
1404
452
799
740
1833
1526
387
2821
2290
661
629
2783
289
109
875
779
1099
2417
914
1381
1368
2108
1737
633
2764
2129
2860
249
793
649
1570
1921
1519
1052
1475
1817
850
1542
1505
2718
1333
1557
470
1776
2303
528
1478
2628
856
2257
2223
1394
1373
2460
1354
2685
1825
363
47
852
17
2217
215
2644
1534
2733
2069
2042
690
278
1624
478
1865
1931
375
972
774
1406
1607
301
2397
1279
1322
1008
2595
2581
2646
1490
2863
591
2699
1012
1589
211
2540
2422
2328
1385
1281
1812
654
988
2121
2866
2250
2678
1956
1112
815
809
281
568
676
1319
2020
1969
1330
2130
1365
1050
437

