1 1
2 1
3 1
4 0
5 1
6 1
7 0
8 0
9 0
10 0
11 1
12 1
13 0
14 0
15 0
16 1
17 1
18 1
19 1
20 1
21 0
22 0
23 0
24 0
25 1
26 0
27 1
28 1
29 1
30 0
31 0
32 1
33 0
34 1
35 1
36 0
37 0
38 1
39 1
40 0
41 0
42 0
43 1
44 1
45 0
46 0
47 0
48 0
49 0
50 1
51 0
52 0
53 1
54 1
55 1
56 1
57 1
58 0
59 1
60 1
61 1
62 0
63 0
64 0
65 1
66 1
67 1
68 1
69 1
70 1
71 1
72 1
73 1
74 1
75 1
76 1
77 0
78 1
79 1
80 0
81 1
82 0
83 0
84 0
85 0
86 0
87 1
88 0
89 0
90 1
91 1
92 0
93 1
94 1
95 1
96 0
97 1
98 1
99 1
100 1
101 1
102 1
103 0
104 0
105 1
106 0
107 0
108 0
109 1
110 0
111 0
112 0
113 0
114 1
115 0
116 0
117 0
118 1
119 1
120 1
121 0
122 0
123 0
124 1
125 0
126 0
127 0
128 1
129 1
130 0
131 0
132 0
133 1
134 0
135 0
136 0
137 0
138 1
139 1
140 0
141 0
142 0
143 1
144 0
145 0
146 0
147 0
148 1
149 0
150 0
151 0
152 0
153 1
154 0
155 1
156 1
157 0
158 0
159 0
160 1
161 1
162 1
163 1
164 1
165 1
166 0
167 0
168 1
169 0
170 0
171 0
172 1
173 0
174 0
175 1
176 1
177 0
178 0
179 1
180 1
181 0
182 1
183 1
184 0
185 1
186 0
187 1
188 0
189 1
190 0
191 0
192 0
193 1
194 1
195 0
196 0
197 0
198 0
199 1
200 1
201 0
202 0
203 1
204 1
205 1
206 0
207 0
208 1
209 0
210 1
211 0
212 0
213 0
214 0
215 1
216 1
217 0
218 0
219 1
220 1
221 0
222 1
223 1
224 1
225 1
226 1
227 0
228 0
229 1
230 1
231 0
232 0
233 1
234 0
235 1
236 0
237 1
238 0
239 0
240 0
241 0
242 1
243 0
244 0
245 0
246 1
247 1
248 1
249 0
250 0
251 0
252 1
253 1
254 1
255 1
256 1
257 1
258 0
259 0
260 0
261 0
262 1
263 0
264 1
265 1
266 1
267 1
268 1
269 1
270 1
271 1
272 1
273 0
274 1
275 0
276 1
277 0
278 1
279 0
280 1
281 0
282 1
283 0
284 0
285 1
286 1
287 1
288 1
289 1
290 1
291 1
292 0
293 1
294 1
295 1
296 1
297 1
298 1
299 0
300 0
301 0
302 1
303 1
304 1
305 1
306 0
307 1
308 0
309 1
310 1
311 1
312 0
313 1
314 1
315 1
316 0
317 1
318 1
319 1
320 1
321 0
322 1
323 1
324 1
325 0
326 0
327 1
328 0
329 1
330 1
331 0
332 1
333 0
334 1
335 0
336 0
337 0
338 1
339 1
340 1
341 1
342 0
343 0
344 0
345 1
346 1
347 0
348 0
349 1
350 1
351 0
352 1
353 0
354 0
355 0
356 0
357 0
358 1
359 0
360 0
361 1
362 1
363 1
364 0
365 1
366 0
367 1
368 0
369 1
370 1
371 0
372 1
373 1
374 0
375 0
376 1
377 0
378 1
379 1
380 1
381 0
382 1
383 1
384 0
385 0
386 0
387 1
388 1
389 0
390 1
391 1
392 1
393 1
394 0
395 0
396 1
397 0
398 1
399 0
400 1
401 0
402 0
403 0
404 0
405 0
406 1
407 0
408 1
409 0
410 0
411 1
412 0
413 0
414 1
415 1
416 1
417 0
418 0
419 0
420 1
421 1
422 1
423 1
424 1
425 0
426 1
427 0
428 1
429 0
430 0
431 1
432 0
433 0
434 1
435 1
436 0
437 0
438 1
439 0
440 1
441 1
442 0
443 1
444 0
445 1
446 0
447 0
448 1
449 0
450 0
451 0
452 1
453 1
454 0
455 1
456 0
457 1
458 0
459 0
460 1
461 0
462 1
463 1
464 0
465 0
466 0
467 1
468 1
469 1
470 0
471 1
