1215
763
1188
2052
2675
173
2368
2904
2278
761
2151
1639
1845
2468
2108
428
742
1094
89
1581
1281
124
47
246
2912
1080
2422
2114
95
1105
1270
593
2615
1046
1506
73
1093
2344
1638
2335
1088
998
204
1158
1619
1370
1854
1647
2827
348
671
2093
2115
868
1876
2516
851
1502
2251
687
2671
612
629
1698
1624
295
263
2677
2102
529
861
368
2842
1351
1333
239
513
912
1247
2328
1452
2154
2407
2749
779
2687
889
1253
166
2366
2517
45
836
749
1816
120
890
2203
257
2690
1354
2450
1481
695
1798
227
92
2071
2905
1113
866
1539
2823
708
1908
2532
685
60
2004
837
1292
734
1659
604
1431
1842
1298
509
2796
2660
816
857
1985
2294
1248
2185
627
2571
1387
245
1771
1524
1495
2805
1124
1413
1919
814
696
931
2859
419
2699
885
2919
2015
2326
1604
1145
154
534
1783
2745
1256
2046
2506
83
1254
2508
1832
835
185
1069
1612
2560
2549
395
1670
2578
1114
2685
903
1309
1661
1674
1992
1039
899
410
366
340
2533
1549
115
1815
1178
530
2317
2403
1207
772
1527
2645
1973
919
918
756
2726
2866
222
598
2553
97
1337
898
2570
1554
2079
2202
2791
666
1488
158
2281
2243
803
2276
2246
720
2286
1340
1761
447
1946
2227
401
2921
2622
2083
2447
1456
1460
1475
2182
1243
2500
160
915
537
1127
1133
2575
345
983
79
2780
2916
1406
1265
1944
752
2323
1327
350
1160
549
1608
1750
2405
750
996
974
2893
1956
1907
2527
1341
737
1478
296
1786
452
291
1925
495
2265
1355
2444
2936
469
2877
951
689
1733
2320
7
394
2364
1514
1437
886
1209
1123
2743
1995
1708
1559
547
1813
190
1132
2892
139
620
788
2224
2909
183
2365
1672
2729
1136
1263
2392
1082
1446
1134
1846
2028
2478
1311
224
1086
1239
1177
2915
1210
2401
68
1571
1238
488
2362
489
281
2186
110
1112
1704
1251
2658
1586
1762
27
2263
543
1129
1810
2322
1806
1553
1821
2837
432
1089
468
1266
171
1883
2216
2666
1533
87
2169
2445
1545
283
1782
2179
2656
2194
2134
1991
186
743
2654
2787
2888
805
628
2676
200
2836
1017
2463
354
1028
2429
258
2674
1714
2834
2700
265
2325
1923
2491
349
906
2191
938
1773
1108
1645
1199
1606
2318
2901
1754
1449
2146
1362
2540
1101
2068
77
2572
924
2428
1570
1916
2461
2221
288
2510
178
63
1580
2034
1699
1745
317
2649
471
681
2642
1841
845
2683
650
2223
1537
2616
351
1772
1077
2740
2419
2005
1223
2116
506
984
1857
2267
828
1803
1594
2273
2029
2126
2228
1812
363
511
1164
1032
1228
1151
2106
2804
2821
1468
2513
2041
293
1383
1007
973
2522
1849
1621
1194
420
1997
2153
31
2795
2367
1312
1738
1677
1673
1787
831
1120
2770
1693
1739
2602
641
680
943
841
2920
2637
2539
1532
91
1856
2621
2732
1492
67
2378
2088
934
700
1978
649
2552
2786
1915
1300
312
1073
1037
1377
618
2393
2111
1720
1627
1807
1510
1660
2315
1226
1454
679
131
2489
377
2421
826
2090
455
842
2788
514
2592
1826
146
465
1216
1697
326
1348
1482
907
1884
2168
1332
768
2340
590
624
753
1999
1462
1689
2188
1149
450
2014
942
693
905
733
1984
2082
1900
985
1663
1135
182
1531
125
2425
108
1033
860
1379
2524
520
336
1585
1590
2239
129
870
2383
2456
17
2229
1450
2065
1222
2411
1880
1187
2266
151
1953
2680
2897
478
1866
2384
2067
2232
228
2130
2347
155
1543
2011
1308
59
2814
1768
2744
1892
2817
2439
247
320
2623
1418
2240
2038
2122
1269
2131
135
1021
1504
2370
1410
287
2409
2691
1100
2360
1
216
551
2750
793
1769
986
104
2380
2305
1583
2101
15
1072
1154
1373
2020
785
475
2225
1546
2813
2639
1307
1299
2757
482
2693
2242
1968
661
525
2776
582
2479
2482
2484
2467
2197
691
1277
1870
1440
2321
1681
1727
1287
587
609
2559
438
2245
2361
2589
1343
1848
2201
2563
396
327
1700
728
2257
2882
1059
1325
1192
2494
1785
2259
261
2736
736
1441
170
1578
1518
2727
2459
1305
284
2110
616
2180
610
1957
94
1130
1405
1159
754
2316
1367
1998
1701
2483
406
2274
2035
49
2166
2434
850
813
1573
2270
2449
2200
1852
408
98
499
2673
1369
1556
526
2655
137
1301
2219
2760
467
2209
1858
1572
2855
1706
1792
503
1861
241
2402
823
256
914
637
1095
2542
144
1723
2728
1227
953
405
2759
477
1128
766
474
1361
1004
1041
553
3
1668
251
443
802
904
1725
470
1522
2466
872
2319
2477
1987
2612
794
2446
884
1025
286
1166
1828
1949
832
219
869
1591
923
2880
2811
215
2178
372
176
2545
1513
2176
2369
2503
1420
575
2293
236
1721
2528
2568
2358
573
2590
2021
2438
780
2684
707
1261
539
762
1458
2848
1356
2452
1818
61
1567
213
2873
2189
854
6
1197
1353
1878
2061
297
2635
105
273
142
93
311
1352
633
1336
1557
2584
1392
2307
2896
663
2165
1183
776
676
2667
1438
1464
2159
2594
445
716
1115
605
1648
328
1208
2371
1477
894
2840
2039
299
2187
1893
1823
1555
5
2906
1607
429
1795
1326
2388
1165
1641
1765
2139
1566
441
271
1658
2133
2860
1237
732
2404
2781
2852
290
548
2027
1894
42
1726
1560
2900
969
2634
153
669
2341
2766
1170
143
2801
446
278
72
2244
24
1691
1889
1079
2504
2047
476
2935
226
1376
199
1550
2876
2121
1401
389
2457
1268
1990
1459
2158
2643
2091
2196
1374
1349
2486
2707
1766
1676
2488
1023
1057
2689
1824
1280
2908
2308
347
991
2747
1206
138
882
1897
2087
1551
1675
211
28
564
724
4
319
2558
1099
2678
1291
2628
639
2938
730
855
2334
1938
2588
2210
57
112
2869
881
1010
1790
1685
1414
370
1521
2311
2464
2132
1260
1284
2003
1945
1272
893
1650
2816
945
1394
1218
1983
2810
141
536
1886
2782
1568
878
971
2336
2012
1252
2475
1179
2756
811
2630
230
1855
2342
917
588
2062
563
1887
2903
830
1011
1096
2768
1006
1415
233
585
1687
1655
324
1875
2389
2292
1932
2825
982
1262
873
168
913
579
2302
1972
1092
1322
2695
2212
361
786
1344
1830
819
1819
787
2426
2731
976
1888
2864
1426
1705
2147
2036
2705
859
259
2044
2433
829
653
589
1928
1744
2123
1273
194
1345
895
2348
2822
966
2706
1636
292
2233
656
1014
329
2898
1576
767
2354
434
2207
2454
225
1016
2629
1163
195
2792
74
960
775
954
16
1141
2688
992
1623
2413
1890
306
584
2632
2576
2771
1840
759
175
1541
400
2887
1500
1797
37
968
1741
1910
111
1078
2708
644
1917
459
39
849
795
1760
1635
1955
2007
2702
1781
1646
1562
2420
2081
2431
493
1613
207
1959
2190
1217
2739
1389
1196
2857
715
403
325
2487
2045
2709
1399
1921
1314
711
2742
169
2374
1213
1850
1363
853
1224
1022
58
2806
221
444
576
739
806
2640
437
1728
507
343
411
1939
1632
2646
1364
2647
1877
1901
1814
2843
1605
1055
1087
2053
1756
1203
69
1494
1435
523
738
1056
436
439
527
2099
1517
771
1378
2926
2377
614
2040
2238
267
330
2871
674
2373
2668
1111
1064
384
2929
1066
1045
1996
602
20
2830
501
2531
2711
356
1249
2564
2800
956
1380
232
423
2609
244
1381
955
731
1471
2208
1157
2536
2670
1382
2120
2287
99
1679
1794
1831
1335
692
500
2818
442
2220
1909
790
2352
735
2894
2069
665
1295
1051
690
2556
897
515
1473
198
174
2312
552
1330
1465
565
662
1809
726
1837
1259
1899
725
630
2650
2931
2917
2835
2181
1625
1140
1395
867
425
208
483
2505
1050
2043
2777
1596
66
2610
2672
1474
1839
617
1626
1358
1264
2535
2217
1185
2601
2275
2124
1000
516
1447
341
2060
456
751
1577
684
307
1934
941
2030
2104
1034
1365
181
2762
1483
963
255
2867
430
2298
608
2910
163
1584
2858
1935
2547
2443
1722
1384
134
2103
180
18
2310
2261
463
2262
2845
1174
484
1469
1862
1205
2826
1019
2458
939
266
399
1346
149
1512
1775
383
1642
2927
427
1737
1927
1412
1003
891
1563
2534
781
2480
2567
1879
2793
344
126
1629
871
331
1324
1724
90
1975
1274
2841
2746
2930
2891
140
1597
808
782
1977
218
2427
1424
2853
2314
1941
2686
2013
1770
352
1097
719
2416
1827
1993
1652
1402
1408
977
1791
2156
1926
2495
1820
25
1678
569
2631
937
1285
2098
2829
82
1214
1690
2794
599
2345
2337
1730
1971
304
648
1232
1952
2809
1360
1759
1896
1062
472
2089
1617
431
300
1747
19
2718
531
101
2895
2272
460
2721
1334
2844
2204
1071
558
1315
2387
118
32
1212
0
804
486
1480
1090
229
1038
2297
1933
249
40
289
2618
1671
2839
150
1851
1664
1622
276
2925
770
852
1780
2330
1372
623
2412
2017
1777
2597
1526
2764
2144
1496
2752
2562
1548
911
337
2870
2469
1595
2627
2260
1031
978
2390
461
1808
1569
2605
2606
2561
928
2514
1184
2554
2754
571
2175
1084
1634
2177
916
2625
658
1148
949
1013
1994
2802
744
1540
1538
2497
298
2723
2546
2922
556
71
2595
2313
2170
2205
1825
12
1547
2136
2346
1075
1005
710
1904
541
206
1118
746
375
1497
346
1653
1966
921
1542
376
2698
1106
2008
2881
1911
1662
2372
2453
846
929
1453
2856
2066
2324
2440
822
1732
1736
810
322
1058
2808
2000
385
1040
1740
876
1758
1155
2783
601
2847
856
2737
967
920
277
2448
631
1190
796
2638
2280
1443
777
2113
2600
2050
567
2206
1388
1964
758
128
1749
1859
1588
994
2934
187
1963
1598
940
1764
1313
240
910
1472
2160
2329
358
1425
1122
1137
334
2755
528
741
1109
1767
1119
1366
1929
510
1060
1989
52
824
909
1436
1065
2544
657
2703
2824
2550
2530
1275
2295
23
2077
1931
1102
597
2862
2767
2460
1530
179
2593
2010
1484
485
1961
925
338
1868
809
1246
2258
634
1068
922
1913
1976
995
2511
44
2338
2355
1937
417
2395
1743
1107
1940
2001
2117
2097
496
2096
275
1074
2056
1350
116
315
544
2382
1817
1847
2701
1318
902
2773
2603
2543
280
1303
2694
2094
595
2162
1012
1125
1457
107
1390
1162
2435
926
559
1838
1027
1221
453
2846
532
435
2849
11
2582
2784
2183
698
1793
387
1153
632
1712
2193
888
1643
2119
2112
686
379
1718
415
1936
1599
2587
987
580
2351
1290
1579
817
2872
1686
1423
2664
1684
647
2086
1863
594
935
220
335
682
764
2585
2357
1874
1466
2252
86
1988
1788
1048
2529
2023
382
2359
214
424
2681
798
2493
2779
545
1267
2620
2659
1002
70
1651
2075
946
2611
2049
2138
2557
2665
2327
2785
2940
2248
606
1805
235
2523
688
848
1574
2019
704
365
2107
2213
2356
958
1885
30
2724
2231
574
2525
1958
1375
1487
2072
892
561
1150
2614
210
162
318
2832
2774
883
412
192
2161
2863
615
1593
2002
560
2269
1582
2400
1602
1245
1779
1544
1293
362
636
1316
473
1329
2885
625
747
1432
964
96
1587
581
1142
2375
672
568
2717
1719
360
202
2519
159
2555
1359
1328
972
161
1811
1235
862
821
1943
1696
132
2748
2596
1396
43
1448
294
1800
1536
2518
583
2715
1902
2032
642
1564
407
1393
957
677
1061
1152
554
1070
2765
1428
2854
1098
1240
522
2145
359
1507
1467
745
1407
626
1869
38
2775
577
2084
2565
321
646
1716
2024
55
2820
2662
591
2436
1688
2651
2941
1666
2633
33
2157
2226
2636
2657
619
416
1871
1053
807
409
1611
1974
1411
1047
193
2247
1499
2474
2080
578
2048
2819
748
651
1942
14
1081
2282
2566
2332
1258
774
1755
2236
2016
959
490
2914
1667
369
498
784
2713
121
1707
2306
313
1947
2074
1534
1323
113
1979
1516
2135
1835
2933
2884
2026
874
414
1867
2441
2141
1180
2399
818
46
947
701
380
990
2663
2349
480
64
2828
29
2396
1535
2025
1339
2932
274
718
2812
1784
570
2055
1461
827
205
778
2538
557
2339
727
950
993
1558
1763
705
1231
2581
492
1042
2573
1030
2279
562
148
1742
2184
133
927
1076
659
2455
834
2284
1172
858
2652
1631
981
944
2472
117
2140
524
1715
638
1833
1015
2105
1520
517
451
355
694
84
961
596
184
250
2288
1960
1442
2738
1421
1286
48
22
1822
2653
2490
2899
769
2289
2250
1802
721
2379
1036
2798
2838
242
2679
1864
2541
1131
622
457
454
2648
1198
2418
2296
863
2918
1746
1498
1965
2152
1371
2406
1024
1063
1962
1430
2741
2626
260
1103
979
1515
264
2343
1804
1981
2548
660
268
2868
1391
1126
512
2192
668
879
1618
1257
1029
678
497
1683
305
392
1234
2725
130
760
172
999
1020
2129
683
2128
26
1229
1717
254
2394
2442
1713
2009
1083
2712
1918
1455
2883
2078
1657
542
1511
2913
2928
2163
1398
1357
1695
1186
1219
2214
2076
989
1403
1610
1200
540
2769
248
773
2264
2085
145
2222
314
51
877
1922
2697
2033
440
1296
1001
2879
2520
81
367
2617
76
2751
1282
2604
2507
1317
1321
667
502
449
339
1476
1731
374
2496
1297
1615
371
1882
900
2583
309
1930
2515
1865
1191
391
2710
2199
21
1409
2719
699
1271
2833
908
127
1891
1694
390
2641
933
231
1914
675
238
703
2734
1603
930
1400
1640
2417
1485
1665
41
948
2682
1669
820
316
1429
550
702
2451
1529
1146
167
1600
2195
2155
2502
308
1710
2256
1230
189
2386
2073
2624
75
2006
1044
333
418
2142
398
1950
1776
2790
1703
2462
723
1796
1753
253
2580
508
709
2939
2018
2064
462
2059
2485
188
2432
1592
1872
1748
2878
2277
2761
2526
843
592
1169
2591
2127
35
217
1144
1752
1479
1801
2886
332
2465
386
1829
729
1250
1110
1843
1283
50
1236
757
1844
1427
1906
1616
2831
2733
654
1347
1757
546
1951
600
2167
1242
2865
2100
103
2051
2669
123
1834
191
109
535
2607
1202
670
106
433
2333
1035
1288
2704
611
1008
119
1385
458
1649
1774
789
2907
2692
2598
1860
1304
952
426
279
2241
603
2057
2304
262
1490
102
53
783
1085
1310
504
2424
302
1168
1470
2923
1589
1054
54
1905
791
1338
243
1320
1525
1509
1575
2408
801
1656
65
272
1009
896
2150
1903
645
740
56
844
1967
2696
2249
1986
2803
1189
364
212
80
1692
310
1508
538
1486
2537
1873
712
1302
1161
714
2753
2902
1633
1881
706
1836
2789
566
1319
1182
1491
1682
980
1043
2171
2574
1920
1220
2309
1948
2268
2125
237
1433
2299
988
209
1552
2230
2022
422
481
2569
402
177
2303
1193
815
2037
697
404
2772
673
34
1778
1503
1176
1528
586
1735
713
2118
357
1493
2283
1331
1368
1444
1501
201
491
397
2410
1116
2521
285
1898
301
865
1289
2722
2492
100
2218
1912
164
2890
2499
1121
652
1201
1018
655
880
533
640
2579
2290
2875
1147
1049
825
932
1565
1637
269
2092
136
521
518
1397
373
1171
2423
2613
975
2137
2070
448
962
1711
1614
13
2644
965
1609
2143
2778
2815
2937
2512
381
36
997
1924
1620
2720
2714
1422
2353
2253
1167
282
413
936
8
2911
1211
466
1751
1386
555
62
1156
1982
2473
2415
2271
1404
1294
88
1445
1969
839
1225
722
2850
1204
2430
9
157
519
323
2586
2799
1895
1734
234
2058
2481
2599
494
2851
901
1244
505
864
2149
2031
2476
2237
252
203
1138
156
147
1026
1195
1970
2471
621
1279
2063
2470
797
1434
1091
1117
1628
2174
1519
1233
875
2807
2198
421
2109
1181
833
2172
1139
1789
2619
196
353
2661
2291
847
2255
2148
378
1630
2398
1451
2758
1175
643
1505
2211
2215
2385
799
152
1680
2861
303
78
487
1980
2164
2608
2509
2498
2331
1729
2285
270
970
2797
2363
792
1954
1419
1241
1523
572
800
887
2173
613
607
1601
2095
1654
1143
479
812
197
2381
2
1799
1702
2054
664
393
1644
2501
2301
1416
2551
1067
464
2414
2397
717
1104
755
838
2735
1342
342
1276
1561
1255
85
2889
2730
2300
1306
2234
1417
1489
2376
114
1709
2874
2763
765
10
1278
1853
2254
2716
1439
2924
223
2577
1463
165
635
1052
2391
840
2437
2350
122
2042
1173
2235
388

