2541
111
1027
407
1585
1105
1859
585
2569
705
1051
1938
654
1811
1155
2550
833
1485
1909
2844
1087
566
2469
2758
2350
526
1041
2869
461
2552
1872
329
2204
2603
2437
947
303
398
737
1339
466
1648
1340
1841
920
1503
2478
754
2539
2631
2273
2537
409
2474
2220
696
2522
2182
2776
910
1230
1831
1055
1502
626
137
131
2792
718
2903
1382
605
2899
625
2158
390
372
1476
185
1998
1090
2741
485
1568
362
1621
114
1672
15
2147
2454
1127
2750
787
481
1176
2588
530
808
2360
2770
2678
2343
2800
2568
1337
339
1576
1069
1839
2432
14
835
1741
2209
706
342
1632
539
275
1857
1294
1784
614
923
149
44
1316
2288
1958
2629
2049
805
1148
1121
2687
1449
1963
2351
1461
2315
1361
1709
1225
2728
2185
697
2703
433
2643
1549
1584
58
534
334
1996
1421
2637
2176
642
871
2271
1804
225
158
472
1168
88
144
215
1489
26
1582
2460
1814
139
2527
666
1122
224
928
2519
72
378
1102
1220
237
1132
1254
759
965
2866
2368
559
2316
2174
2917
486
1581
302
1696
1897
118
1898
1094
340
2695
503
2868
1610
2163
2612
2212
876
2333
2421
1327
1377
979
1084
2556
1856
1266
1186
2468
2774
602
2843
1930
480
1274
1575
2825
924
1563
2755
540
815
204
1313
950
694
968
837
83
439
1268
1861
267
253
1211
2709
1120
2881
1968
2614
2348
2713
178
2476
140
2766
809
954
2623
890
844
2202
2733
672
2019
2335
771
2650
4
1642
1079
1710
2841
52
1539
701
1577
306
640
1873
1869
46
2458
1423
198
664
2057
827
953
2661
988
2608
1769
2748
143
2071
1129
2216
2313
1982
1838
328
1527
105
2166
2501
2054
847
1592
2581
1598
2020
1045
2303
1507
753
2507
1095
1951
2731
2036
1773
1417
728
2133
1205
1335
2111
1315
1537
1436
2340
2063
2044
1262
2398
2298
1117
2777
878
1311
1571
2475
1214
343
2041
1756
57
1984
2381
1555
1165
324
2838
389
2246
404
764
2050
1126
2646
382
2645
2815
1235
1835
2672
1068
810
2621
2127
1962
1573
2877
145
2424
739
2318
175
8
2861
202
723
2341
2735
2902
2540
2028
1360
2387
828
2286
1655
2757
1795
110
2118
2413
1380
1560
1687
1616
795
293
43
1572
1368
1158
1823
2644
1323
1801
595
931
1144
2769
2045
2653
1469
660
2573
2852
2545
1921
2217
1715
2371
1049
2859
573
1858
1308
2831
1525
345
1922
1426
686
1912
1103
2505
1432
1618
2095
1108
1290
2607
2270
311
2080
898
1309
2400
2847
643
78
1042
733
294
1941
325
1393
1486
2762
2819
1860
1932
2262
897
2734
714
2451
147
1481
2405
1279
2480
840
418
2242
2337
2515
403
938
1401
1300
151
430
2267
1202
428
2817
1776
528
1791
763
2887
245
375
2372
497
370
2918
1221
91
658
2366
999
1026
1690
484
713
2705
394
736
2059
1546
281
513
199
229
709
1728
2669
1734
984
1338
2587
2496
1868
82
606
2779
1952
1231
374
75
1238
132
104
358
2167
73
2023
1258
1530
2362
380
1096
2751
2344
2862
791
543
449
1101
852
509
50
1617
2251
2311
581
1151
1224
1488
2218
1249
287
1538
2231
1028
2580
1676
682
826
2931
2211
527
458
2782
2365
286
1633
208
1286
211
1908
1142
2925
665
1590
2856
558
2926
1137
688
1400
2850
1490
2727
2882
2827
1974
703
2905
1895
53
2308
2626
250
907
547
720
2443
1464
1591
456
2112
2014
2005
555
36
2423
790
1888
1711
1740
1284
2300
2484
1701
1366
1342
613
593
1269
210
2651
1777
1497
777
2215
2015
2662
1510
392
1239
1636
64
1407
729
475
2502
47
136
2553
2802
1508
843
1635
255
1373
168
2150
2203
1882
1547
942
1842
228
2144
2073
295
201
1788
2332
1848
2531
424
684
109
2798
1047
244
1714
273
89
1204
784
1208
2129
2143
1934
316
882
265
2039
842
2378
633
2230
1985
2089
1057
597
2196
892
1001
2436
167
2441
1154
177
2883
152
1828
2011
2093
371
271
1702
1682
2153
2266
1283
1243
2671
1569
2037
2564
2857
1014
975
2314
1414
415
629
1950
750
2683
2096
2081
635
243
1106
1764
1619
2180
2535
1124
936
16
2448
2904
564
2151
1278
814
278
839
477
1967
2514
1807
1391
2272
1813
2247
917
529
2823
2327
1645
732
707
1355
220
727
1480
919
2867
2593
1244
80
268
2704
1500
538
1267
2241
450
2320
2816
416
1718
1240
762
247
443
1496
638
2391
2022
1086
1924
2533
2495
182
1519
2589
79
1920
500
2426
1733
1295
845
2706
1429
2889
490
1722
657
2834
662
2374
1483
1700
2040
863
134
460
1462
2821
1387
2233
659
869
1931
257
1843
1854
656
2745
1513
1757
124
2012
1586
1229
2161
1524
877
2140
1627
1403
2700
1402
866
2328
563
181
918
972
1919
498
1864
400
100
192
1459
77
2933
1587
1983
2810
2324
990
1136
1846
813
2763
993
830
1830
1601
2818
1236
1467
773
2142
327
2780
365
1217
1880
214
2586
1138
521
2259
1892
402
176
1747
241
554
197
1911
1498
2046
2240
1159
2384
915
1827
1349
2914
315
69
1853
1242
1085
1834
401
2293
254
903
2563
383
195
411
1008
2412
2500
592
3
1024
1686
2655
2864
1317
2806
2594
1954
2520
583
998
129
2410
1152
2696
1512
905
2863
1501
2509
1889
1850
1558
2927
2737
376
952
1056
1923
1035
1492
1059
1203
1233
2517
2894
163
2307
579
735
1713
1790
2617
652
1964
639
894
1216
1641
1351
2229
65
2160
2835
623
959
288
246
2600
2336
1162
1987
941
2935
1731
1652
391
2109
1386
442
1223
2526
1978
1748
2555
2321
2131
61
1506
1215
314
2508
459
2386
1479
1133
1673
531
1451
2406
1405
1458
717
1303
1201
1020
1724
2489
689
232
2698
2525
1302
1760
2482
1729
1287
289
2929
2210
2891
489
874
1324
120
823
674
2874
410
1852
194
1271
2289
2606
2663
1219
2490
926
2463
2169
1002
212
2585
353
2824
2664
1346
1737
1131
2001
2155
2642
856
97
170
1190
578
150
636
1899
2317
2186
1341
1007
1191
712
2323
2407
2042
1995
1153
217
1092
537
817
1261
320
160
2177
628
1589
1534
1030
2784
693
1413
2116
2236
2301
2162
123
2911
2674
1973
1816
1077
317
1319
2808
1837
971
1352
1477
2597
1543
2652
2930
957
290
2640
722
1694
25
440
226
96
2221
159
896
2897
219
2104
687
956
2253
1046
1141
2214
381
949
478
715
1906
1228
967
2103
1832
2190
282
2055
155
599
2029
2347
2756
1874
992
749
2245
323
1149
618
2742
2479
1947
1081
102
2717
412
2921
1536
961
2265
1965
574
2367
2549
256
2208
829
1369
133
297
1487
1940
2052
2031
1638
2807
2820
1845
2238
142
1062
632
1684
86
1917
2773
261
2711
721
452
740
1116
222
2249
857
2590
774
234
2433
84
1499
233
621
1674
1704
2681
2290
1378
1535
2765
2139
767
1318
2117
413
493
1826
695
336
1758
2325
125
259
1173
1411
2591
875
1263
2941
2364
591
2086
157
1276
925
2135
2291
2278
785
1330
2584
932
1227
1371
309
2851
2781
2353
868
2361
2137
350
81
2304
230
1466
1884
995
1320
1099
800
873
775
1520
2654
1634
305
262
1596
511
2855
927
1312
2576
318
2122
891
1567
1991
858
1593
2486
2170
2562
1365
769
962
2796
2922
2283
397
1646
1677
1013
1272
2714
1752
2193
1876
772
1637
2213
1424
985
976
2814
1980
679
730
901
2736
973
1010
1444
1548
13
783
2194
2198
1723
19
2491
359
1822
2504
447
2498
2024
2523
2248
307
2840
796
1640
1297
2636
1523
551
221
1363
1540
2345
2658
935
2759
755
1016
2472
496
885
1796
280
997
2839
978
1076
906
1511
1779
2611
2268
115
1955
183
546
2409
1730
30
848
2148
1130
2106
1522
1336
1289
2639
1
106
119
758
2622
963
2375
1981
939
432
2061
1234
870
1863
745
1915
326
2087
189
1291
2754
2152
2880
1396
1970
2548
1298
600
2090
1420
2305
1809
347
213
2630
1331
2732
2282
335
1744
312
1624
1307
2388
2252
291
2599
1521
2440
1440
607
130
1736
2676
951
186
98
1107
2534
2048
2805
1907
744
2822
850
1385
1578
445
1471
2075
1504
1080
1448
45
2632
1189
1583
506
248
38
2187
399
2430
1034
2250
2120
2056
807
1468
1083
1936
1425
1935
1658
240
671
1353
1614
2494
786
2417
41
2592
2913
454
2244
2370
2786
434
1746
572
776
2254
1381
2601
1819
1879
1896
719
2885
1703
1248
520
482
2577
2677
1023
425
2178
272
2427
196
1247
909
731
1574
2256
2928
675
1739
1177
619
1997
778
2070
1833
1150
1071
1680
1422
1482
438
2428
2189
2638
1631
765
1431
2675
1533
2538
2461
2667
1771
960
2907
2483
2130
2909
206
611
2616
2263
505
1599
2828
264
2572
1260
1992
2264
468
2098
517
698
822
39
1456
2136
2937
1443
274
2159
164
1959
2181
1198
406
1343
1698
1285
1145
462
2619
296
2414
301
2912
1281
1531
1762
2296
2342
1557
1824
756
22
1364
641
2149
678
2536
1195
627
603
373
681
2060
395
1430
1719
1754
794
1119
1944
1395
464
1111
1999
1383
17
2708
2226
1435
2227
518
179
748
1902
1362
1990
1639
1666
888
2062
565
634
2275
473
1541
650
1570
1969
1753
2355
2097
1972
2659
738
1683
1334
2007
356
2449
1064
1878
2297
2105
802
2641
1803
2787
2493
393
1670
95
1953
455
1406
1806
117
349
2665
2485
2624
1304
726
617
789
1037
1491
2845
2124
741
1626
138
743
644
1179
1061
344
101
782
669
2284
1097
2598
2352
193
283
396
1946
2184
2740
470
2503
768
588
663
2801
2571
1446
2299
933
2292
1065
146
2356
1345
1143
2260
2416
1270
24
2934
1749
934
940
2793
1772
1675
2219
2752
68
1697
1901
2753
1927
2649
2201
609
2018
964
966
2738
861
677
2085
1185
2726
2896
153
710
860
1128
341
1550
2878
1222
1384
7
2033
2772
121
2871
48
1374
1031
1447
945
582
1282
360
970
1017
2257
1172
821
2567
156
930
1663
816
2165
29
683
2833
351
2382
1163
388
1820
680
690
2936
1091
2634
704
1665
2768
429
2670
448
2076
2067
1354
1957
2499
570
1310
1789
793
2715
2721
56
692
209
1669
2668
108
921
2627
1213
646
1193
2168
32
1805
190
2399
1518
1038
2452
2511
187
238
1994
1394
436
444
653
661
1650
1721
2791
604
580
1726
1975
1050
2743
471
1867
667
1993
2467
2729
2785
1514
1817
1495
2761
734
1110
2488
622
2235
2673
310
54
1416
2358
1415
20
2157
18
308
93
2009
491
524
2197
1552
2888
1942
1515
670
571
184
2114
803
2392
501
2860
169
1454
630
1966
1442
2192
2747
2544
2910
1161
171
2083
2873
2886
1977
2032
1006
1196
1759
1651
1053
1493
2657
1207
575
2051
2234
1579
2456
1877
1939
2898
902
1293
2016
2710
2477
1398
1187
1815
1347
279
2377
2053
1783
2749
1929
161
2602
1167
2429
2339
2232
1175
552
1147
541
2725
357
943
1171
1607
1559
2034
1434
2940
446
1785
27
203
426
1781
2893
751
2892
770
2395
1798
2707
2447
2719
2595
2418
904
1473
2679
377
1329
1200
567
1033
2357
724
2043
1457
457
516
419
1182
1209
2771
2875
1183
1566
2730
1808
1623
188
2444
2939
1088
2102
2319
333
0
2690
556
2010
1706
2628
616
1787
28
2895
2092
479
2025
453
51
2200
865
1093
1949
2811
1000
1751
2516
2566
266
2767
589
313
1273
1472
2188
982
2685
1104
576
2422
1021
469
1961
1594
1192
1184
1661
249
2013
1780
1043
11
1288
2542
944
548
1025
2207
12
1292
1976
1782
1615
126
1113
2558
2261
2125
298
1344
2383
691
2579
1264
338
1265
1389
1766
2306
615
85
532
1979
1332
1679
1597
1881
9
1246
2804
1774
2132
2279
292
1134
2379
1818
1115
1851
980
2309
1475
218
1799
2846
1212
1770
1009
1178
1277
1654
914
846
2310
668
2691
367
1114
1135
1743
916
1644
1146
673
417
99
2287
792
2720
1452
414
825
2079
492
1125
2415
1708
523
1408
2425
2145
1768
1474
1517
2722
2574
216
2497
2697
422
1556
355
2276
1937
2938
2923
1875
90
2613
525
2908
420
2389
779
1960
806
5
385
2854
832
227
1197
1836
251
2932
242
2788
2359
1735
1893
1649
1358
1664
766
2038
1603
2794
2101
699
1299
2065
488
2610
1505
818
31
1015
610
594
788
2799
55
1727
1545
1160
165
494
1058
1003
1257
1036
1802
379
1849
2408
929
2126
2789
2462
1738
1478
1100
544
977
1252
1720
1188
1305
1786
1653
2269
2115
2615
1847
2596
128
474
260
2723
1004
2812
2870
801
2394
799
1174
71
1157
2635
2017
1170
431
2656
2224
2396
10
612
162
742
2100
2397
913
1797
191
263
637
2510
285
1928
867
648
1275
1052
1245
451
2072
824
2481
2524
2099
1060
2066
1109
2
1241
1232
2021
504
236
1465
834
1554
2919
1439
2401
337
886
127
63
2532
1887
2797
21
1870
2906
893
2404
107
1605
1390
2701
463
2206
1595
2419
851
2369
62
969
2826
2803
2583
2003
2620
2633
2239
2813
2837
1945
1643
922
514
322
1699
154
685
33
2094
92
1470
2322
465
1328
1399
2718
881
1372
841
1611
2274
2879
1656
1933
1529
645
1925
1716
1612
908
1825
1306
1667
1630
2712
2243
855
270
854
545
1070
2795
746
1553
1314
1333
331
1356
1542
2689
879
2138
2604
1662
1296
2554
1350
2121
889
35
332
2006
122
1986
1794
2078
1256
812
989
319
2354
70
2199
507
1054
819
620
831
2559
483
859
2380
2225
2557
352
2334
535
987
2119
180
1625
986
1428
2790
441
235
2453
1725
2778
1829
2842
141
1164
900
1181
2281
2128
601
2830
2529
1692
757
2002
508
1437
2546
42
836
2783
1810
1910
2858
1418
911
560
2008
1044
2420
2547
2091
1821
1565
1883
1226
1989
1693
1123
1564
2692
994
408
1588
346
1544
862
387
2195
2068
2605
2442
912
522
2154
2110
519
1659
533
2047
1460
2108
1602
1463
624
1348
991
1681
2660
66
1048
2884
2179
1622
1628
60
1078
2901
2849
1039
1890
2349
1255
361
2518
2390
173
1484
2330
1012
467
2702
1029
2445
2915
2724
2411
2466
596
2694
2088
1075
1388
2302
2123
299
884
2872
725
1712
1885
1494
2280
502
2146
747
1427
2455
1376
2618
1082
2492
1301
649
2920
1066
223
1956
207
2764
553
499
369
166
1695
1871
1326
2916
2582
1139
2082
1412
1629
1040
1509
561
1392
586
569
1742
2513
1745
2113
421
577
2331
384
1098
2438
94
2609
2164
2171
1251
872
1840
557
2069
1561
40
1063
87
1767
2848
368
1532
1166
76
495
2222
598
608
59
1600
2237
1685
2434
2435
1005
1761
1032
1072
1528
895
974
981
2543
1971
116
1210
2666
2853
1844
1988
1237
1322
2684
2457
2173
330
1668
2223
1018
1604
2530
2487
1755
798
2686
2393
1516
1067
1671
2565
702
1689
2575
2205
364
1866
2512
2470
34
2030
1903
1011
2876
2900
427
2688
174
103
2255
1180
1450
2134
1280
1118
2699
2890
1778
1705
584
1325
1250
1253
1886
955
1913
1112
2294
853
239
1948
590
937
797
1357
651
587
2329
1916
1370
2560
1688
631
2376
49
838
2464
1140
1169
2809
2744
2027
2346
2385
2035
781
2000
780
1379
510
2439
804
2506
205
2228
887
948
1321
1156
284
1433
200
1367
2312
2471
1943
74
1359
1551
1613
716
1865
983
549
1606
2648
2570
1455
550
2363
252
760
2058
2077
269
172
1073
1089
1608
405
864
2739
996
348
1812
2521
135
1194
1647
1580
2183
67
2141
761
2004
1914
1453
1526
1855
1707
423
880
2760
1763
1404
1441
1206
2865
562
1775
1918
2528
300
2446
946
1793
1019
2465
1562
2277
6
2746
2693
1375
1419
1862
752
2473
1800
958
2084
811
2402
366
2775
711
354
1691
2026
1259
1022
568
476
647
1765
437
321
2924
2647
1732
2175
2551
2561
1410
113
2578
2156
2373
2832
542
2682
655
112
2431
820
1750
2074
2680
1905
2295
1904
1620
1218
708
258
700
304
2716
536
2172
386
1397
37
2064
1657
1900
2836
1445
1438
849
23
676
1894
1678
2403
2107
2258
2191
1660
2829
1891
277
1074
2450
1926
2285
2338
2326
2459
148
1792
1199
883
1609
276
1717
512
363
435
515
487
899
231
2625
1409

