1 1
2 1
3 0
4 1
5 1
6 0
7 0
8 0
9 0
10 1
11 1
12 1
13 1
14 1
15 1
16 1
17 1
18 0
19 1
20 1
21 1
22 0
23 1
24 1
25 0
26 0
27 0
28 1
29 0
30 1
31 0
32 0
33 1
34 1
35 0
36 1
37 0
38 1
39 1
40 0
41 0
42 0
43 1
44 0
45 0
46 0
47 1
48 0
49 0
50 0
51 1
52 1
53 0
54 1
55 0
56 0
57 0
58 1
59 1
60 1
61 0
62 0
63 1
64 1
65 1
66 0
67 1
68 1
69 0
70 1
71 0
72 0
73 0
74 1
75 0
76 1
77 1
78 0
79 1
80 0
81 1
82 1
83 0
84 0
85 1
86 0
87 0
88 1
89 0
90 0
91 1
92 1
93 0
94 0
95 0
96 0
97 1
98 0
99 1
100 1
101 1
102 1
103 0
104 1
105 1
106 1
107 0
108 1
109 0
110 0
111 0
112 0
113 1
114 0
115 0
116 1
117 0
118 0
119 0
120 0
121 0
122 1
123 0
124 1
125 1
126 0
127 0
128 0
129 1
130 0
131 1
132 0
133 1
134 1
135 1
136 1
137 1
138 0
139 1
140 0
141 0
142 1
143 0
144 1
145 1
146 0
147 0
148 1
149 0
150 1
151 1
152 1
153 1
154 0
155 0
156 1
157 1
158 0
159 0
160 0
161 1
162 1
163 0
164 0
165 0
166 1
167 1
168 0
169 0
170 1
171 1
172 0
173 0
174 1
175 0
176 0
177 1
178 1
179 1
180 0
181 0
182 0
183 0
184 0
185 0
186 0
187 1
188 1
189 1
190 1
191 1
192 1
193 1
194 0
195 0
196 1
197 1
198 1
199 0
200 0
201 1
202 0
203 1
204 0
205 1
206 0
207 0
208 0
209 1
210 0
211 1
212 0
213 0
214 0
215 1
216 1
217 1
218 0
219 1
220 1
221 1
222 0
223 1
224 1
225 1
226 1
227 0
228 1
229 0
230 1
231 1
232 1
233 1
234 0
235 0
236 1
237 0
238 0
239 1
240 1
241 1
242 1
243 0
244 0
245 0
246 0
247 1
248 0
249 0
250 0
251 0
252 0
253 0
254 0
255 0
256 1
257 1
258 0
259 0
260 1
261 1
262 1
263 0
264 1
265 1
266 0
267 0
268 0
269 1
270 1
271 1
272 0
273 0
274 0
275 0
276 0
277 0
278 1
279 1
280 0
281 0
282 0
283 0
284 0
285 0
286 0
287 0
288 0
289 0
290 1
291 0
292 0
293 1
294 0
295 0
296 0
297 1
298 1
299 0
300 1
301 0
302 1
303 1
304 0
305 1
306 0
307 0
308 1
309 1
310 0
311 0
312 0
313 0
314 0
315 1
316 1
317 1
318 1
319 0
320 1
321 1
322 0
323 1
324 1
325 1
326 1
327 0
328 1
329 0
330 1
331 0
332 1
333 1
334 0
335 1
336 1
337 0
338 1
339 1
340 0
341 1
342 0
343 1
344 0
345 1
346 0
347 1
348 1
349 1
350 1
351 1
352 0
353 0
354 0
355 0
356 1
357 1
358 0
359 0
360 1
361 1
362 0
363 0
364 1
365 0
366 1
367 1
368 0
369 1
370 0
371 1
372 0
373 1
374 0
375 1
376 1
377 1
378 1
379 1
380 1
381 0
382 1
383 1
384 0
385 0
386 1
387 0
388 0
389 0
390 1
391 1
392 0
393 0
394 1
395 0
396 1
397 1
398 1
399 1
400 1
401 0
402 1
403 1
404 0
405 1
406 0
407 0
408 1
409 0
410 1
411 1
412 0
413 0
414 0
415 0
416 1
417 1
418 0
419 0
420 1
421 0
422 1
423 0
424 1
425 0
426 0
427 0
428 1
429 1
430 0
431 1
432 0
433 0
434 0
435 0
436 0
437 0
438 1
439 1
440 1
441 1
442 1
443 1
444 0
445 0
446 1
447 1
448 1
449 1
450 1
451 1
452 1
453 1
454 1
455 1
456 0
457 1
458 0
459 1
460 1
461 0
462 0
463 0
464 0
465 0
466 0
467 1
468 1
469 0
470 1
471 1
472 1
473 0
474 1
475 1
476 0
477 0
478 0
479 0
480 1
481 1
482 0
483 1
484 1
485 0
486 1
487 1
488 1
489 0
490 1
491 1
492 0
493 0
494 0
495 1
496 1
497 0
498 1
499 0
500 0
501 1
502 0
503 1
504 0
505 0
506 0
507 0
508 0
509 1
510 1
511 1
512 1
513 1
514 0
515 1
516 0
517 0
518 1
519 0
520 0
521 0
522 1
523 1
524 1
525 0
526 1
527 1
528 1
529 1
530 1
531 1
532 0
533 1
534 1
535 1
536 0
537 0
538 0
539 1
540 1
541 0
542 1
543 1
544 0
545 0
546 1
547 0
548 1
549 0
550 1
551 1
552 0
553 1
554 1
555 0
556 1
557 1
558 1
559 0
560 1
561 0
562 1
563 0
564 1
565 0
566 1
567 1
568 1
569 0
570 0
571 1
572 0
573 1
574 1
575 0
576 0
577 1
578 0
579 1
580 1
581 1
582 1
583 1
584 0
585 0
586 1
587 1
588 1
589 0
590 1
591 1
592 0
593 0
594 1
595 1
596 0
597 1
598 1
599 1
600 0
601 1
602 1
603 0
604 1
605 1
606 0
607 1
608 1
609 1
610 0
611 1
612 0
613 1
614 0
615 0
616 0
617 1
618 0
619 0
620 0
621 1
622 1
623 1
624 1
625 1
626 0
627 1
628 0
629 1
630 1
631 0
632 0
633 1
634 1
635 1
636 0
637 1
638 1
639 0
640 0
641 0
642 0
643 0
644 0
645 1
646 0
647 1
648 0
649 1
650 0
651 0
652 0
653 1
654 1
655 0
656 0
657 1
658 0
659 0
660 1
661 0
662 0
663 1
664 1
665 1
666 0
667 0
668 0
669 1
670 1
671 0
672 0
673 0
674 0
675 1
676 0
677 1
678 1
679 0
680 1
681 0
682 0
683 0
684 0
685 1
686 0
687 0
688 1
689 0
690 1
691 0
692 1
693 0
694 1
695 0
696 0
697 0
698 0
699 0
700 0
701 0
702 0
703 0
704 0
705 0
706 1
707 0
708 0
709 0
710 1
711 1
712 0
713 1
714 0
715 0
716 1
717 0
718 1
719 0
720 0
721 1
722 1
723 1
724 0
725 0
726 0
727 1
728 1
729 0
730 1
731 1
732 1
733 1
734 1
735 0
736 0
737 1
738 1
739 0
740 0
741 1
742 1
743 0
744 0
745 0
746 1
747 1
748 1
749 0
750 1
751 0
752 0
753 0
754 1
755 1
756 1
757 1
758 1
759 1
760 1
761 1
762 1
763 0
764 1
765 1
766 0
767 0
768 0
769 0
770 1
771 0
772 1
773 1
774 0
775 0
776 0
777 0
778 1
779 1
780 1
781 0
782 0
783 1
784 0
785 0
786 1
787 0
788 0
789 1
790 0
791 1
792 0
793 1
794 1
795 1
796 1
797 0
798 0
799 0
800 1
801 0
802 1
803 1
804 1
805 0
806 1
807 1
808 0
809 1
810 1
811 0
812 0
813 1
814 0
815 0
816 1
817 1
818 1
819 0
820 0
821 0
822 0
823 1
824 1
825 1
826 1
827 0
828 1
829 1
830 0
831 1
832 1
833 0
834 1
835 0
836 0
837 1
838 0
839 0
840 0
841 1
842 1
843 0
844 0
845 1
846 0
847 0
848 0
849 0
850 1
851 1
852 1
853 1
854 0
855 0
856 0
857 1
858 0
859 0
860 1
861 0
862 0
863 1
864 1
865 1
866 0
867 1
868 0
869 1
870 0
871 0
872 1
873 1
874 0
875 0
876 1
877 0
878 0
879 1
880 1
881 0
882 0
883 0
884 1
885 1
886 0
887 0
888 1
889 1
890 0
891 1
892 0
893 1
894 0
895 1
896 1
897 0
898 1
899 0
900 1
901 1
902 0
903 0
904 1
905 1
906 1
907 0
908 1
909 1
910 1
911 1
912 1
913 1
914 1
915 1
916 0
917 0
918 0
919 1
920 0
921 0
922 1
923 0
924 0
925 1
926 1
927 1
928 0
929 0
930 0
931 1
932 0
933 1
934 0
935 0
936 1
937 0
938 1
939 0
940 0
941 1
942 1
943 1
944 1
945 0
946 1
947 0
948 1
949 0
950 1
951 0
952 0
953 0
954 1
955 0
956 1
957 0
958 0
959 1
960 1
961 1
962 0
963 0
964 1
965 0
966 1
967 1
968 1
969 1
970 1
971 0
972 1
973 1
974 0
975 0
976 0
977 0
978 0
979 0
980 1
981 0
982 0
983 0
984 0
985 0
986 1
987 0
988 1
989 0
990 1
991 1
992 0
993 0
994 0
995 1
996 0
997 1
998 1
999 1
1000 1
1001 0
1002 1
1003 1
1004 1
1005 1
1006 0
1007 1
1008 1
1009 0
1010 0
1011 0
1012 1
1013 1
1014 0
1015 1
1016 1
1017 0
1018 1
1019 1
1020 1
1021 0
1022 0
1023 1
1024 0
1025 0
1026 1
1027 0
1028 1
1029 0
1030 0
1031 0
1032 0
1033 1
1034 1
1035 1
1036 1
1037 1
1038 1
1039 1
1040 1
1041 1
1042 0
1043 1
1044 0
1045 1
1046 1
1047 1
1048 1
1049 1
1050 1
1051 1
1052 1
1053 1
1054 1
1055 1
1056 1
1057 0
1058 1
1059 0
1060 0
1061 0
1062 1
1063 1
1064 0
1065 0
1066 1
1067 1
1068 1
1069 1
1070 1
1071 1
1072 0
1073 0
1074 1
1075 0
1076 0
1077 0
1078 0
1079 1
1080 1
1081 1
1082 1
1083 0
1084 0
1085 0
1086 1
1087 0
1088 1
1089 1
1090 0
1091 0
1092 0
1093 0
1094 0
1095 1
1096 0
1097 1
1098 1
1099 1
1100 0
1101 1
1102 0
1103 0
1104 1
1105 0
1106 0
1107 1
1108 1
1109 0
1110 0
1111 1
1112 0
1113 0
1114 0
1115 0
1116 0
1117 1
1118 1
1119 0
1120 1
1121 1
1122 1
1123 1
1124 1
1125 1
1126 1
1127 1
1128 0
1129 0
1130 1
1131 0
1132 0
1133 1
1134 0
1135 0
1136 1
1137 0
1138 0
1139 1
1140 1
1141 1
1142 1
1143 0
1144 1
1145 0
1146 1
1147 1
1148 0
1149 1
1150 1
1151 0
1152 0
1153 0
1154 0
1155 0
1156 0
1157 0
1158 0
1159 0
1160 0
1161 0
1162 0
1163 1
1164 1
1165 1
1166 1
1167 1
1168 1
1169 1
1170 0
1171 0
1172 0
1173 1
1174 1
1175 1
1176 0
1177 0
1178 1
1179 1
1180 0
1181 1
1182 0
1183 0
1184 0
1185 1
1186 0
1187 1
1188 0
1189 0
1190 1
1191 0
1192 0
1193 0
1194 1
1195 0
1196 1
1197 1
1198 0
1199 0
1200 1
1201 0
1202 1
1203 0
1204 0
1205 1
1206 0
1207 1
1208 0
1209 0
1210 0
1211 0
1212 1
1213 1
1214 1
1215 0
1216 1
1217 0
1218 1
1219 0
1220 0
1221 0
1222 0
1223 1
1224 1
1225 0
1226 0
1227 0
1228 1
1229 1
1230 0
1231 1
1232 0
1233 1
1234 0
1235 1
1236 0
1237 0
1238 0
1239 0
1240 0
1241 0
1242 0
1243 1
1244 0
1245 0
1246 1
1247 0
1248 1
1249 0
1250 1
1251 0
1252 1
1253 0
1254 0
1255 1
1256 0
1257 1
1258 1
1259 1
1260 0
1261 1
1262 1
1263 1
1264 0
1265 1
1266 1
1267 1
1268 0
1269 1
1270 0
1271 1
1272 0
1273 0
1274 1
1275 1
1276 0
1277 1
1278 1
1279 0
1280 0
1281 1
1282 0
1283 1
1284 1
1285 1
1286 1
1287 0
1288 1
1289 0
1290 0
1291 0
1292 1
1293 0
1294 1
1295 0
1296 1
1297 0
1298 0
1299 1
1300 0
1301 0
1302 1
1303 1
1304 0
1305 0
1306 0
1307 1
1308 1
1309 0
1310 1
1311 1
1312 0
1313 0
1314 0
1315 0
1316 0
1317 1
1318 1
1319 1
1320 0
1321 1
1322 1
1323 0
1324 0
1325 1
1326 0
1327 1
1328 0
1329 0
1330 1
1331 1
1332 0
1333 1
1334 0
1335 0
1336 1
1337 1
1338 0
1339 1
1340 1
1341 1
1342 1
1343 0
1344 0
1345 0
1346 0
1347 0
1348 1
1349 0
1350 1
1351 0
1352 1
1353 0
1354 0
1355 0
1356 0
1357 1
1358 0
1359 1
1360 1
1361 0
1362 1
1363 0
1364 1
1365 1
1366 0
1367 0
1368 0
1369 1
1370 0
1371 0
1372 1
1373 1
1374 0
1375 1
1376 0
1377 1
1378 1
1379 0
1380 1
1381 1
1382 0
1383 0
1384 0
1385 1
1386 0
1387 0
1388 1
1389 0
1390 1
1391 0
1392 1
1393 1
1394 0
1395 1
1396 1
1397 0
1398 1
1399 0
1400 0
1401 0
1402 1
1403 1
1404 0
1405 1
1406 1
1407 0
1408 1
1409 0
1410 0
1411 0
1412 1
1413 1
1414 0
1415 1
1416 0
1417 1
1418 1
1419 0
1420 1
1421 0
1422 1
1423 0
1424 0
1425 1
1426 0
1427 0
1428 0
1429 0
1430 1
1431 0
1432 1
1433 0
1434 1
1435 0
1436 0
1437 1
1438 0
1439 1
1440 1
1441 0
1442 0
1443 1
1444 1
1445 0
1446 0
1447 1
1448 1
1449 1
1450 1
1451 1
1452 0
1453 0
1454 0
1455 1
1456 1
1457 1
1458 0
1459 1
1460 1
1461 1
1462 1
1463 1
1464 1
1465 0
1466 1
1467 1
1468 1
1469 0
1470 0
1471 1
