1 0
2 0
3 0
4 1
5 1
6 1
7 1
8 0
9 1
10 0
11 0
12 1
13 1
14 0
15 1
16 0
17 0
18 1
19 0
20 0
21 1
22 1
23 0
24 0
25 0
26 0
27 0
28 1
29 1
30 0
31 1
32 0
33 1
34 0
35 1
36 0
37 1
38 1
39 0
40 0
41 0
42 0
43 0
44 0
45 0
46 0
47 0
48 1
49 1
50 1
51 0
52 0
53 0
54 1
55 1
56 0
57 1
58 0
59 1
60 0
61 1
62 0
63 1
64 1
65 0
66 1
67 0
68 1
69 0
70 1
71 1
72 1
73 1
74 1
75 0
76 1
77 0
78 1
79 1
80 0
81 0
82 0
83 1
84 0
85 1
86 1
87 1
88 1
89 1
90 1
91 1
92 1
93 0
94 1
95 1
96 1
97 1
98 1
99 1
100 1
101 1
102 0
103 1
104 0
105 0
106 1
107 0
108 1
109 1
110 1
111 1
112 0
113 1
114 0
115 0
116 0
117 0
118 0
119 0
120 1
121 1
122 1
123 0
124 0
125 0
126 1
127 0
128 0
129 0
130 1
131 0
132 1
133 1
134 1
135 1
136 1
137 1
138 0
139 1
140 0
141 0
142 0
143 1
144 1
145 1
146 0
147 0
148 1
149 1
150 0
151 1
152 0
153 1
154 1
155 1
156 0
157 0
158 1
159 0
160 1
161 0
162 1
163 1
164 1
165 0
166 1
167 1
168 0
169 0
170 0
171 1
172 0
173 0
174 0
175 0
176 1
177 0
178 0
179 0
180 0
181 1
182 0
183 0
184 1
185 0
186 1
187 1
188 1
