1763
638
1987
1280
1480
2579
330
2548
853
1531
2941
674
323
2282
2307
1245
244
2511
1697
1863
2225
2376
2837
1306
2902
1456
2671
2159
763
812
431
2557
286
2292
1465
85
2481
1268
63
1864
7
2519
1114
581
2908
637
318
892
2000
994
2425
485
404
843
246
1372
364
346
550
698
2543
2278
608
1161
1912
1826
864
62
2541
2895
2867
201
1799
1329
2336
1757
822
2912
1116
301
700
402
2047
1205
516
1208
4
1345
2428
2565
1762
1510
187
585
2924
1970
49
2882
1276
140
1133
2320
349
1626
628
2935
342
213
358
952
1858
2108
942
91
230
986
781
867
1078
2070
70
2196
635
818
1667
2022
1570
751
983
2186
980
429
2414
762
1499
183
1993
1305
1002
785
1728
2075
2540
746
427
1506
1432
839
458
2652
2806
2422
1989
2068
1588
708
477
529
209
1429
1908
2335
37
2573
1734
1935
2832
2632
2250
1266
2416
745
1434
1323
1509
1341
2117
465
2866
1702
715
804
1743
17
2374
893
514
307
2827
2819
1668
1235
1522
467
2772
2855
147
1928
2171
121
702
309
40
2530
166
109
1758
1409
2927
2508
2204
1051
2069
1933
2035
454
1746
2731
2755
2365
2641
580
642
2156
2886
2308
1381
1937
217
2004
1471
1516
1527
496
23
1657
2239
1943
2024
1046
141
2730
1701
2277
814
1939
563
2857
704
571
1575
2654
2631
2254
1010
2113
497
59
39
225
1237
1035
1634
1511
1112
2847
2279
265
1545
208
218
1979
996
2287
2514
150
2780
158
1298
188
308
2779
2006
2576
1222
798
2679
2698
306
499
1293
1113
679
731
2475
1481
2491
1789
1641
1917
1137
946
1256
1255
607
1287
1934
1609
2781
2018
1521
1537
2465
2500
1135
769
2257
1883
2587
974
1652
2852
1050
2849
2379
2190
45
2862
2489
2389
1869
2015
281
1643
2863
1965
2525
2142
979
1339
1975
1257
77
1804
332
2306
1209
194
1659
2485
2217
1414
965
2861
1853
1123
1886
325
2848
490
1422
2224
129
1012
1370
766
507
898
2797
961
233
2824
250
846
1049
1576
2242
161
2825
775
527
2711
1290
444
2775
53
640
2800
1572
66
2005
1540
1666
2523
2273
238
1072
1431
682
1692
243
651
1282
1009
1418
1969
192
1160
1226
553
449
2127
2329
399
1777
26
2143
326
2023
519
1885
2198
750
1172
1294
1759
120
1607
509
1741
2770
1501
2737
2105
179
78
2471
2175
1682
2305
2067
1315
2850
1131
2440
1196
1577
2285
2545
2140
2640
1535
75
2324
1528
2028
2503
796
417
1678
1080
1872
1248
376
1553
2590
1272
629
1421
1775
2041
1198
2604
162
691
1449
1819
392
2461
1171
2322
2432
2181
447
1774
1351
2167
664
333
1733
2613
1613
107
2407
1800
1870
1680
1426
117
670
391
2563
65
2008
662
2683
145
1281
1541
2162
625
2423
2170
1328
531
1954
592
1274
2845
1095
1493
2786
1232
321
1039
1077
2045
2441
1787
1278
2799
547
1518
1451
1554
1292
2672
180
2881
711
2029
42
1831
2659
957
2404
2828
758
435
955
2680
2544
207
1896
2074
169
2488
2213
2661
720
2083
730
1949
2534
1851
2030
830
1065
1748
778
1961
1475
1022
1722
2492
2883
2539
2599
1534
2552
1168
1816
2147
1587
365
2397
1021
2104
1270
2474
2454
984
1259
2133
1846
97
2450
831
144
722
1590
2351
1772
1299
909
1355
2498
2180
2835
390
1138
1448
1320
331
1020
1691
2403
1184
845
838
600
1914
1754
423
2026
294
232
1321
667
889
2290
1057
1745
2916
76
1319
594
872
2877
378
2309
415
2185
2438
1638
1444
51
739
1367
732
197
1918
2524
1868
1543
2094
1524
370
135
2419
2116
2017
255
2145
102
525
221
1771
1062
2607
939
842
1033
1708
2151
98
1712
1986
172
2699
1611
2817
813
964
2118
1716
1079
2111
710
1698
27
2261
1390
573
2656
2689
352
1260
2792
2431
1047
8
1420
1620
2830
1186
1586
1925
1188
1391
1181
267
2209
1101
752
725
54
99
2889
1060
1779
2304
263
2385
1036
1665
1880
2612
248
1220
1389
1398
2039
806
799
401
1791
2833
2483
1714
1491
355
1309
1707
273
1338
689
126
549
1014
2876
105
1866
446
1242
450
476
1440
938
1128
1765
1056
944
345
756
1532
650
50
2238
203
918
605
2919
1964
2002
448
1834
2657
1905
383
1225
1994
2677
2448
466
2878
2585
2582
545
2736
941
384
2216
2163
1992
703
1228
1265
1686
1331
2926
2408
1926
2424
2223
2418
1340
2769
2062
231
1650
2865
1982
489
335
1234
2871
494
2082
1219
2596
1855
657
1447
397
1373
212
112
2804
1583
877
1396
174
1713
2740
1805
2693
1844
2354
1041
2614
1938
1283
1369
577
1088
690
319
2245
1999
659
491
1435
334
1621
2618
1552
1074
718
2497
2392
2107
1971
2088
2910
2366
2542
727
2558
440
966
2653
1529
1947
1180
12
1130
1019
2918
2814
2938
1560
2046
1362
2512
999
515
74
1119
2402
2183
226
2123
1977
593
566
2757
343
428
757
2697
2611
890
1040
1780
2719
1946
1470
2932
624
511
271
2361
1582
1861
1854
981
1606
699
2816
1841
1365
2750
178
1764
1823
2032
2164
841
1201
2771
43
1410
522
395
1286
195
1327
833
414
79
2010
2343
409
1803
2499
991
474
2398
2808
1842
2510
36
1404
2758
870
570
1879
1673
2436
2571
2139
1453
1865
729
1082
844
1555
915
2831
760
644
2717
2925
881
1364
832
119
1044
2064
995
1849
1249
949
312
2840
1651
1284
2735
268
688
173
310
935
614
1425
2623
2421
1814
1792
1092
823
57
204
2205
1213
2513
1661
1097
2049
2907
1045
320
1387
460
394
627
2310
2664
1322
137
1406
1187
1348
741
661
1176
280
138
1631
1592
1423
236
1024
894
1675
2467
1783
2760
1094
1795
2628
94
1593
609
1153
735
1479
1244
802
1011
2761
30
228
1818
639
2451
101
412
1157
21
2455
774
347
2564
206
1363
297
1013
1015
866
748
2027
1773
234
783
742
2130
2048
2466
2063
419
1454
106
2345
2089
1203
125
1467
1301
2168
815
215
2256
701
1344
418
2244
924
220
2574
1239
958
1635
2158
1154
2707
176
2449
2346
1747
1782
786
1487
2823
1968
2602
2125
2763
2429
773
93
721
1507
1441
1519
32
920
239
1163
1492
442
567
825
1386
1134
685
615
2452
235
2368
108
1048
1028
586
2364
2057
2636
471
1837
1551
1151
6
652
253
413
305
2119
425
2446
1191
928
1087
1413
1419
2317
159
2873
1860
2169
1361
1699
541
1725
2016
572
416
1923
880
2762
2669
1343
2870
905
1430
24
767
262
1723
658
1808
2129
2065
2097
897
1037
275
2328
2777
1466
2501
2509
2629
2906
2078
521
1459
2434
2610
2375
46
713
1397
1223
1809
498
1122
285
2559
1562
2502
371
1705
2284
283
1132
535
1143
947
1822
1136
2934
2815
1416
2856
1953
1839
1892
87
142
1107
270
1463
2417
2516
1972
2012
1599
1786
797
606
2033
1366
967
714
1617
968
472
314
534
1829
1848
2193
163
1427
1574
2221
1827
2822
589
2702
1636
484
1738
1711
2583
922
1291
2262
430
1955
2931
1991
861
488
2933
1052
1308
1124
2348
1530
1645
149
2885
52
860
9
1165
976
1602
2773
1490
34
2551
663
1216
601
2315
2110
834
2708
533
925
612
740
1600
84
1253
1881
2903
1919
2710
982
1766
1238
2522
1788
2126
336
505
2897
15
852
2263
386
543
1693
963
2182
1003
55
1401
33
2650
1952
2146
492
2271
557
1452
1512
124
2517
2794
2520
2829
2381
154
1360
2644
559
2722
1317
2289
1581
2096
1296
340
2266
1761
2176
1403
896
960
2264
1539
2179
56
1148
351
2058
2391
1004
148
2240
2676
2578
96
1694
687
1807
2766
2495
1899
168
2
2506
1824
2112
647
193
1874
1760
2439
317
2095
1942
599
2646
680
2727
403
2619
1742
2920
2625
259
71
1424
1025
2208
123
1995
548
811
1627
1929
1483
2215
1629
2721
337
1956
2647
2464
2331
1940
2812
772
2704
641
1231
2459
2303
1084
736
932
224
1324
743
2468
2231
2915
387
734
1183
2785
1091
1802
289
1564
1980
1845
155
2803
678
2751
2844
1384
1906
1931
185
405
2410
2782
1026
1958
2913
560
790
1700
2447
990
2838
249
1916
2453
1520
2745
1218
2326
1199
1544
765
1000
439
835
1604
2538
1585
2272
2234
1083
100
2333
82
1729
2338
1877
2409
2360
945
1310
1904
900
2091
1204
2709
771
1776
2518
2087
31
1182
2747
1669
1884
1059
61
1721
143
948
2536
2090
1622
1271
1236
2200
1871
697
190
2655
908
3
369
2783
2478
1610
2479
562
1489
1838
2893
2898
523
2728
1644
2394
1559
2807
2073
2396
1380
2427
1683
1042
2681
2295
2872
2386
1264
83
1202
1285
1158
723
2056
1623
819
69
587
1392
1825
2085
1446
2637
817
1029
656
759
1411
189
327
1996
1468
298
2247
1778
632
2352
2549
1415
1379
2212
2154
719
2211
2014
2387
1476
2649
2299
683
2720
1494
950
1769
1890
175
665
2937
953
597
884
1347
1963
1382
2480
2752
1140
1523
2357
2753
1920
828
473
2372
510
1903
177
1211
1417
520
2713
1930
2283
906
1781
561
1311
2839
269
1333
242
1704
1806
1179
2842
89
1960
2560
923
1894
836
2226
883
2562
2469
2443
2660
926
2210
2592
506
2869
385
917
1142
373
199
623
903
646
556
620
2496
1615
1068
1664
400
1909
2001
1089
2580
954
1595
2527
60
2220
1197
508
2302
724
1731
214
2917
1797
247
1200
2515
2617
2059
1173
2860
1648
1061
2593
38
878
2160
2748
1656
1793
1546
396
227
48
1755
850
2462
1498
591
1354
2714
2472
2131
153
2286
962
1461
1579
1578
2746
437
1924
1677
1684
2203
1069
886
1304
1737
1064
611
406
1679
479
1832
2137
777
1882
583
1690
2275
1730
432
2099
2724
2694
780
2624
2237
2312
296
2798
2246
2442
2940
2734
596
1642
1719
2526
2378
1796
252
1515
1027
631
2788
2367
921
551
816
1170
747
443
2620
2341
1377
1318
2330
1102
1076
1852
1594
5
2332
2444
1252
869
292
216
789
1847
764
1856
840
182
462
2603
1085
913
969
2626
1313
616
2138
2294
2229
2589
1240
2533
1663
1457
2197
1297
1549
1352
2206
2864
1399
2810
1217
2236
1505
1482
2820
2874
2174
2645
1477
2630
1794
1660
1785
1178
761
1214
1790
1030
2155
495
1735
2044
1139
361
315
2086
2321
2316
2371
2606
1951
2759
2651
2377
2334
636
988
1162
2535
339
579
1357
2347
1744
970
41
1433
1246
1263
2635
610
1093
152
2101
2025
901
882
452
859
2764
837
1374
1703
2490
436
348
914
2081
210
1859
2643
1486
1596
2796
1988
820
1637
503
807
279
686
2716
113
2149
2891
303
1227
2135
1141
420
1945
1584
1976
58
1768
2363
598
937
1801
1810
1497
2460
2787
2923
2060
1821
1258
2034
795
1557
1998
2228
619
211
1984
2767
156
2546
2192
480
2253
165
1603
931
1547
1709
380
1828
2537
2853
2572
2622
1100
2470
2031
1031
643
2738
738
2037
1007
2415
2547
1715
1330
2486
2900
2134
1111
237
2706
116
1288
672
655
2601
2314
865
2358
885
2566
1375
542
1997
2252
2036
2141
1247
2670
2846
1485
2658
2202
2476
2148
1978
424
1843
1460
696
481
1169
1500
167
709
1144
1689
453
2021
1207
693
1484
1393
1536
1353
2729
1612
2639
1395
826
2339
2079
1632
272
2813
1563
1639
388
2756
139
1836
1250
2482
2092
1129
1891
411
290
1185
2791
1469
350
1096
1568
10
2268
2383
1566
1591
1496
483
2726
2586
19
433
222
313
2456
857
1614
1685
613
2445
2851
1443
705
1215
855
2811
1718
2487
441
1915
1751
1504
934
862
1724
590
910
1502
1109
1658
2007
2809
2648
2678
1073
779
1750
1619
540
1438
127
1753
1565
2042
1618
2695
92
2270
2072
2280
229
1378
2834
2531
2077
1267
2232
2249
985
2327
916
1408
582
2801
2911
2663
2802
2362
2342
1436
2243
1957
1127
1770
1830
1597
478
2406
512
295
2778
1150
2922
28
316
552
569
338
73
808
978
1261
1212
1275
1335
2591
2743
2477
2634
379
1736
2144
278
2616
871
1412
716
2615
972
782
2457
997
603
2061
191
2055
2349
645
1605
1567
2437
324
1017
357
504
2674
2291
564
2887
530
2668
787
171
940
1887
800
2749
618
2191
322
1655
821
794
1221
879
461
1359
2132
2420
2675
438
973
2219
407
219
2598
2715
1625
2161
131
426
2843
184
1462
933
1897
654
1921
1616
329
717
2353
1503
2319
132
2686
1118
2633
2003
1086
2821
2588
2473
1350
2136
555
88
1681
2700
2297
1548
1120
1674
2609
2595
2218
2076
1075
1558
2214
2051
626
2774
2323
1815
1394
2433
1580
602
1325
2826
1149
617
792
90
1671
927
2723
694
1016
863
1104
291
1450
1710
1455
595
1936
584
455
1464
768
2340
1840
671
2556
200
1342
389
588
1115
1633
1006
2399
2207
733
2875
2568
2744
1316
1944
2859
2504
754
2553
1962
998
904
1889
621
2325
634
2909
1811
2899
1517
2690
1513
2195
2904
2359
676
1307
1647
2836
604
254
2561
2050
1032
459
2841
744
1155
1121
2115
2233
1726
2382
2177
1538
784
2493
776
282
256
1383
2098
1959
989
2020
299
86
2106
874
2705
2344
847
2776
1893
2189
1368
2373
1488
1569
536
1670
2575
2152
110
887
2494
578
1556
1063
2413
1277
851
1458
2109
975
653
1598
1913
891
2013
1696
47
1356
381
1857
1525
2570
1983
1402
2395
1927
546
1152
1473
463
1706
873
1732
1081
1875
868
2009
2463
2818
788
1624
669
118
1646
277
1167
1628
20
1326
1105
1385
1008
936
770
2120
1888
660
1474
2894
1981
951
1907
1210
929
372
1571
2930
2667
1110
2337
2921
375
133
1508
532
104
422
1941
1653
854
1948
2691
993
2581
2718
849
2896
1767
707
2153
2768
274
810
1898
2584
1346
1156
518
2884
2178
1192
1070
1193
1090
1018
1561
1601
2936
1967
856
956
987
1542
2627
408
2426
1314
1405
1043
858
538
1526
2121
2288
524
2355
1332
344
2577
737
1174
366
2276
245
288
1038
633
565
363
1108
2858
824
114
681
1817
755
2521
1756
111
276
568
668
434
1740
2901
2380
1573
261
2939
486
1005
930
630
1833
2227
1001
2608
1243
311
2555
2080
81
2165
2401
2053
793
2172
359
1302
2384
16
977
1873
67
919
1910
1437
2150
1695
1895
902
2505
367
1058
2166
2795
2103
115
2255
971
1066
1269
554
2701
809
1445
2605
1820
2892
2529
1495
749
1428
240
2281
2222
1640
13
241
2194
2400
1194
805
1295
2066
1053
393
1672
2412
35
2600
1371
2688
2265
2868
2890
464
728
803
469
258
475
1533
1630
575
2594
493
11
2369
539
29
2040
487
2114
353
2458
517
899
14
2569
1876
354
2235
1159
1147
482
2567
2258
666
196
1472
146
2805
2102
421
2370
2393
2043
1662
1312
2696
2733
513
712
829
1439
1902
1358
801
223
2739
1334
2687
1164
1514
72
2703
2685
2684
1103
726
1023
911
1054
64
1932
876
164
528
1349
2301
2201
128
2854
1900
1878
1273
136
44
134
1254
1720
827
181
875
1649
2019
2251
160
1229
2188
1106
2528
2914
2267
2011
2621
1034
2084
1190
2725
576
1195
1752
537
2300
2259
907
1300
2248
186
205
2507
2311
0
1973
103
2350
888
1067
2435
1
80
2484
1336
2388
2411
753
526
2269
706
943
1974
122
1224
1950
1442
1901
622
1784
360
2550
692
2732
2313
1749
1990
1125
470
2929
1230
684
362
2790
1911
1145
1262
2662
959
2597
2405
2157
2356
302
673
558
2532
251
456
791
1798
451
1589
1337
374
895
2296
341
2298
445
648
1688
1376
1177
328
992
675
2128
2054
2187
2642
1812
284
1241
677
198
2754
1478
1166
2784
468
2100
649
2260
2880
2638
457
2928
2554
1407
68
2184
398
25
293
1867
368
170
157
544
410
1279
304
1126
1550
2742
1099
2888
2765
2274
95
502
1055
500
1388
1966
2665
1654
2318
1206
1687
1303
257
1189
2741
1233
2124
2666
2673
18
2173
1727
1813
264
1717
2793
1739
1835
2430
2879
2390
1850
1289
2241
356
287
1922
1117
202
2789
1676
2199
1146
2692
2038
501
377
2905
912
260
1071
574
1175
848
151
266
2682
695
2712
2052
22
2230
2093
2122
2071
300
1251
1098
130
1608
382
2293
1400
1985
1862

