1 0
2 1
3 0
4 1
5 0
6 1
7 1
8 1
9 1
10 1
11 0
12 1
13 1
14 1
15 1
16 1
17 0
18 1
19 0
20 1
21 1
22 1
23 1
24 0
25 1
26 0
27 1
28 0
29 1
30 0
31 1
32 1
33 1
34 0
35 0
36 1
37 1
38 1
39 1
40 1
41 1
42 0
43 1
44 0
45 1
46 0
47 0
48 0
49 0
50 1
51 0
52 0
53 0
54 0
55 0
56 1
57 0
58 0
59 0
60 0
61 1
62 1
63 1
64 1
65 1
66 1
67 0
68 0
69 0
70 0
71 0
72 0
73 0
74 0
75 0
76 0
77 0
78 1
79 0
80 0
81 0
82 0
83 1
84 0
85 1
86 1
87 1
88 1
89 0
90 1
91 0
92 0
93 1
94 0
95 1
96 0
97 1
98 1
99 1
100 1
101 0
102 1
103 0
104 1
105 0
106 0
107 1
108 0
109 0
110 0
111 0
112 1
113 0
114 0
115 0
116 0
117 0
118 1
119 0
120 0
121 0
122 0
123 0
124 1
125 0
126 0
127 0
128 0
129 0
130 1
131 1
132 1
133 0
134 1
135 1
136 1
137 1
138 0
139 1
140 0
141 0
142 1
143 1
144 1
145 1
146 0
147 0
148 0
149 0
150 0
151 0
152 1
153 0
154 0
155 0
156 0
157 0
158 0
159 1
160 1
161 0
162 0
163 0
164 0
165 0
166 0
167 1
168 1
169 0
170 1
171 0
172 1
173 1
174 1
175 1
176 0
177 1
178 0
179 0
180 0
181 1
182 1
183 0
184 1
185 0
186 1
187 1
188 0
189 1
190 0
191 0
192 1
193 0
194 0
195 0
196 0
197 1
198 1
199 1
200 1
201 1
202 1
203 1
204 1
205 0
206 1
207 1
208 0
209 0
210 0
211 1
212 1
213 0
214 0
215 1
216 0
217 0
218 1
219 1
220 0
221 1
222 1
223 1
224 1
225 1
226 1
227 1
228 0
229 0
230 0
231 1
232 0
233 1
234 0
235 1
236 0
237 0
238 0
239 0
240 1
241 0
242 1
243 0
244 1
245 1
246 1
247 1
248 0
249 1
250 0
251 0
252 0
253 0
254 1
255 1
256 0
257 0
258 0
259 0
260 0
261 1
262 0
263 0
264 1
265 0
266 0
267 0
268 1
269 1
270 0
271 1
272 1
273 1
274 1
275 1
276 1
277 1
278 0
279 1
280 0
281 0
282 0
283 0
284 1
285 0
286 0
287 0
288 1
289 0
290 0
291 1
292 0
293 1
294 0
295 0
296 1
297 1
298 1
299 0
300 0
301 0
302 0
303 1
304 1
305 1
306 1
307 1
308 1
309 1
310 0
311 0
312 1
313 1
314 0
315 1
316 1
317 1
318 0
319 1
320 0
321 0
322 0
323 1
324 1
325 0
326 1
327 1
328 1
329 0
330 0
331 0
332 0
333 0
334 0
335 1
336 1
337 1
338 0
339 0
340 0
341 1
342 0
343 1
344 1
345 1
346 1
347 1
348 1
349 0
350 1
351 0
352 0
353 1
354 0
355 0
356 1
357 0
358 0
359 0
360 0
361 1
362 1
363 1
364 1
365 1
366 0
367 0
368 1
369 1
370 1
371 0
372 0
373 0
374 1
375 1
376 0
377 1
378 0
379 1
380 1
381 0
382 0
383 1
384 1
385 1
386 0
387 1
388 0
389 0
390 0
391 1
392 1
393 1
394 1
395 0
396 1
397 1
398 1
399 1
400 0
401 0
402 1
403 1
404 1
405 0
406 0
407 0
408 0
409 1
410 0
411 1
412 0
413 1
414 1
415 1
416 1
417 0
418 0
419 1
420 0
421 0
422 0
423 1
424 0
425 1
426 0
427 0
428 0
429 0
430 0
431 0
432 0
433 0
434 1
435 1
436 1
437 0
438 1
439 0
440 1
441 1
442 1
443 0
444 0
445 1
446 0
447 1
448 1
449 1
450 1
451 0
452 1
453 0
454 0
455 0
456 1
457 0
458 1
459 0
460 0
461 0
462 0
463 1
464 1
465 0
466 0
467 1
468 0
469 1
470 0
471 0
472 1
473 1
474 1
475 1
476 1
477 0
478 1
479 0
480 0
481 0
482 0
483 1
484 1
485 0
486 0
487 1
488 1
489 0
490 0
491 1
492 0
493 1
494 0
495 0
496 0
497 0
498 1
499 1
500 1
501 0
502 1
503 1
504 1
505 0
506 1
507 0
508 1
509 0
510 1
511 0
512 1
513 0
514 1
515 1
516 0
517 0
518 1
519 0
520 1
521 1
522 1
523 1
524 0
525 1
526 1
527 0
528 1
529 0
530 0
531 1
532 1
533 1
534 0
535 1
536 1
537 0
538 1
539 0
540 1
541 1
542 1
543 0
544 0
545 0
546 1
547 0
548 1
549 1
550 1
551 0
552 0
553 0
554 0
555 0
556 0
557 0
558 1
559 1
560 1
561 0
562 1
563 0
564 0
565 0
566 0
567 1
568 1
569 0
570 1
571 0
572 1
573 1
574 0
575 1
576 0
577 1
578 1
579 1
580 0
581 1
582 1
583 1
584 0
585 0
586 0
587 0
588 1
589 1
590 1
591 0
592 0
593 0
594 1
595 0
596 1
597 0
598 1
599 1
600 1
601 0
602 0
603 0
604 1
605 0
606 0
607 0
608 0
609 1
610 0
611 1
612 1
613 1
614 0
615 0
616 0
617 0
618 1
619 1
620 0
621 1
622 1
623 1
624 1
625 1
626 1
627 0
628 1
629 0
630 1
631 0
632 0
633 0
634 1
635 1
636 1
637 0
638 1
639 1
640 0
641 1
642 1
643 1
644 1
645 0
646 0
647 0
648 1
649 0
650 1
651 0
652 0
653 1
654 0
655 1
656 0
657 1
658 0
659 1
660 0
661 0
662 1
663 0
664 0
665 1
666 0
667 0
668 0
669 1
670 1
671 0
672 0
673 1
674 1
675 0
676 0
677 0
678 0
679 1
680 1
681 0
682 0
683 1
684 0
685 0
686 1
687 1
688 0
689 1
690 0
691 0
692 1
693 1
694 1
695 1
696 0
697 0
698 1
699 1
700 0
701 1
702 0
703 1
704 0
705 0
706 1
707 0
708 0
709 0
710 1
711 0
712 0
713 0
714 0
715 1
716 1
717 1
718 1
719 0
720 0
721 0
722 1
723 1
724 1
725 1
726 0
727 0
728 0
729 0
730 0
731 1
732 0
733 0
734 1
735 1
736 1
737 0
738 1
739 0
740 0
741 1
742 1
743 1
744 1
745 1
746 1
747 1
748 1
749 0
750 0
751 0
752 0
753 0
754 1
755 1
756 1
757 0
758 1
759 1
760 1
761 0
762 1
763 1
764 1
765 1
766 1
767 1
768 0
769 1
770 0
771 1
772 0
773 0
774 1
775 0
776 1
777 1
778 0
779 0
780 1
781 1
782 0
783 1
784 1
785 1
786 0
787 1
788 1
789 1
790 0
791 1
792 1
793 0
794 1
795 0
796 0
797 1
798 1
799 1
800 0
801 0
802 1
803 0
804 0
805 0
806 1
807 0
808 1
809 0
810 1
811 0
812 0
813 0
814 0
815 0
816 0
817 0
818 0
819 0
820 1
821 1
822 0
823 1
824 0
825 0
826 0
827 0
828 0
829 0
830 1
831 0
832 1
833 1
834 0
835 0
836 0
837 0
838 0
839 0
840 0
841 1
842 0
843 0
844 1
845 0
846 1
847 1
848 0
849 1
850 1
851 0
852 0
853 0
854 1
855 0
856 0
857 0
858 0
859 0
860 0
861 1
862 0
863 0
864 1
865 0
866 0
867 0
868 1
869 1
870 1
871 0
872 0
873 1
874 0
875 1
876 1
877 0
878 0
879 1
880 1
881 0
882 0
883 0
884 0
885 1
886 0
887 1
888 1
889 0
890 1
891 0
892 1
893 1
894 0
895 1
896 0
897 0
898 1
899 0
900 1
901 0
902 0
903 1
904 1
905 0
906 0
907 0
908 0
909 0
910 0
911 1
912 0
913 1
914 0
915 0
916 0
917 1
918 0
919 0
920 1
921 0
922 1
923 0
924 1
925 0
926 0
927 1
928 1
929 0
930 0
931 1
932 0
933 0
934 0
935 0
936 1
937 0
938 1
939 1
940 0
941 0
942 1
943 0
944 0
945 0
946 1
947 0
948 0
949 1
950 0
951 0
952 1
953 0
954 0
955 0
956 1
957 0
958 0
959 0
960 0
961 1
962 0
963 1
964 0
965 0
966 0
967 1
968 0
969 0
970 1
971 1
972 0
973 0
974 1
975 1
976 0
977 0
978 0
979 0
980 0
981 0
982 1
983 1
984 0
985 1
986 1
987 0
988 1
989 0
990 0
991 0
992 1
993 1
994 0
995 0
996 1
997 0
998 0
999 0
1000 0
1001 1
1002 1
1003 0
1004 1
1005 0
1006 0
1007 1
1008 0
1009 1
1010 0
1011 1
1012 1
1013 0
1014 0
1015 0
1016 0
1017 0
1018 0
1019 0
1020 1
1021 1
1022 0
1023 0
1024 0
1025 0
1026 1
1027 0
1028 1
1029 1
1030 0
1031 0
1032 0
1033 1
1034 0
1035 1
1036 0
1037 0
1038 1
1039 0
1040 0
1041 0
1042 1
1043 1
1044 0
1045 0
1046 1
1047 1
1048 0
1049 1
1050 0
1051 0
1052 1
1053 1
1054 0
1055 0
1056 0
1057 1
1058 0
1059 1
1060 0
1061 0
1062 1
1063 1
1064 0
1065 0
1066 1
1067 0
1068 0
1069 0
1070 0
1071 1
1072 0
1073 0
1074 1
1075 0
1076 0
1077 0
1078 0
1079 0
1080 1
1081 0
1082 0
1083 1
1084 0
1085 0
1086 1
1087 0
1088 0
1089 1
1090 1
1091 0
1092 0
1093 0
1094 0
1095 0
1096 1
1097 1
1098 0
1099 1
1100 1
1101 0
1102 0
1103 1
1104 0
1105 0
1106 1
1107 1
1108 0
1109 1
1110 0
1111 1
1112 0
1113 1
1114 1
1115 1
1116 0
1117 0
1118 0
1119 1
1120 0
1121 1
1122 0
1123 0
1124 0
1125 1
1126 1
1127 0
1128 1
1129 1
1130 1
1131 1
1132 0
1133 1
1134 1
1135 1
1136 0
1137 1
1138 0
1139 0
1140 1
1141 0
1142 1
1143 1
1144 0
1145 1
1146 1
1147 1
1148 1
1149 0
1150 0
1151 1
1152 0
1153 0
1154 0
1155 1
1156 0
1157 1
1158 0
1159 0
1160 0
1161 0
1162 1
1163 1
1164 0
1165 0
1166 0
1167 1
1168 0
1169 0
1170 1
1171 0
1172 0
1173 0
1174 0
1175 0
1176 1
1177 1
1178 1
1179 0
1180 1
1181 1
1182 1
1183 0
1184 0
1185 1
1186 1
1187 1
1188 1
1189 0
1190 0
1191 1
1192 0
1193 0
1194 1
1195 1
1196 1
1197 0
1198 1
1199 0
1200 1
1201 0
1202 0
1203 1
1204 1
1205 1
1206 1
1207 0
1208 0
1209 0
1210 1
1211 1
1212 0
1213 1
1214 0
1215 0
1216 1
1217 1
1218 0
1219 1
1220 0
1221 0
1222 0
1223 0
1224 1
1225 0
1226 0
1227 0
1228 0
1229 1
1230 0
1231 1
1232 1
1233 1
1234 0
1235 1
1236 0
1237 0
1238 1
1239 0
1240 1
1241 1
1242 1
1243 0
1244 0
1245 1
1246 0
1247 0
1248 1
1249 0
1250 1
1251 1
1252 1
1253 0
1254 0
1255 1
1256 0
1257 1
1258 1
1259 1
1260 1
1261 0
1262 1
1263 0
1264 1
1265 0
1266 0
1267 0
1268 0
1269 1
1270 1
1271 0
1272 0
1273 1
1274 0
1275 0
1276 1
1277 1
1278 0
1279 0
1280 1
1281 0
1282 1
1283 0
1284 0
1285 1
1286 0
1287 1
1288 1
1289 1
1290 0
1291 0
1292 0
1293 1
1294 0
1295 1
1296 1
1297 0
1298 0
1299 0
1300 0
1301 0
1302 0
1303 0
1304 0
1305 0
1306 1
1307 1
1308 0
1309 0
1310 0
1311 0
1312 1
1313 1
1314 1
1315 0
1316 0
1317 1
1318 1
1319 0
1320 0
1321 1
1322 1
1323 0
1324 0
1325 1
1326 0
1327 0
1328 0
1329 1
1330 0
1331 0
1332 0
1333 1
1334 0
1335 0
1336 1
1337 0
1338 0
1339 1
1340 0
1341 0
1342 0
1343 1
1344 0
1345 0
1346 0
1347 1
1348 1
1349 1
1350 1
1351 0
1352 0
1353 0
1354 1
1355 1
1356 1
1357 1
1358 1
1359 0
1360 1
1361 0
1362 1
1363 1
1364 0
1365 0
1366 1
1367 0
1368 1
1369 1
1370 0
1371 0
1372 0
1373 1
1374 1
1375 0
1376 0
1377 0
1378 0
1379 0
1380 1
1381 1
1382 0
1383 0
1384 1
1385 1
1386 0
1387 0
1388 0
1389 1
1390 0
1391 0
1392 1
1393 0
1394 0
1395 0
1396 1
1397 0
1398 0
1399 1
1400 0
1401 0
1402 0
1403 0
1404 1
1405 1
1406 1
1407 1
1408 1
1409 0
1410 1
1411 1
1412 1
1413 1
1414 0
1415 1
1416 0
1417 0
1418 1
1419 1
1420 0
1421 1
1422 1
1423 1
1424 1
1425 0
1426 0
1427 0
1428 1
1429 0
1430 0
1431 0
1432 0
1433 0
1434 0
1435 0
1436 1
1437 0
1438 1
1439 1
1440 0
1441 1
1442 0
1443 0
1444 0
1445 1
1446 1
1447 1
1448 1
1449 0
1450 0
1451 0
1452 0
1453 0
1454 0
1455 0
1456 1
1457 0
1458 1
1459 0
1460 1
1461 0
1462 0
1463 0
1464 1
1465 1
1466 1
1467 0
1468 1
1469 0
1470 1
1471 1
