573
507
2579
246
1810
1685
176
1074
2083
362
2239
2265
2628
66
2179
405
804
2453
1816
2282
766
1651
170
547
2882
1899
1140
746
473
328
2485
1146
503
216
1017
2874
2523
818
2262
627
652
210
255
1123
80
679
2591
2070
276
1851
2789
1806
1210
2286
699
8
391
2731
2162
481
2830
1346
2036
1145
2316
1485
1030
852
390
2198
1526
2035
1254
186
1868
1306
1708
1975
1698
2464
2565
212
2125
1325
1042
2098
1694
2415
974
2431
2662
1025
1367
1648
1191
1361
92
129
1228
1991
1763
989
1040
1620
1050
482
2490
2497
1065
744
1365
2820
1011
1208
2549
340
1762
1940
1529
81
1045
521
649
45
2392
1366
2838
1951
534
374
156
2398
2278
1726
2454
88
1519
430
1559
1004
130
413
2031
1625
880
275
497
961
795
98
144
1212
2577
753
1482
1130
1253
2916
2788
1523
495
1423
574
2337
2539
782
472
1585
1503
1973
859
526
2719
2914
404
244
1441
383
2792
2467
545
2
307
966
2408
60
2491
662
2541
2896
1121
2149
1415
135
2493
43
436
1737
1288
2061
25
1829
2227
148
2106
2483
617
1687
2107
459
365
2033
317
2432
2732
484
1104
2875
485
1969
2273
1405
500
722
2641
1153
2816
900
462
220
2267
155
1260
294
1235
1799
218
2692
1245
688
18
876
2042
10
469
1842
1120
2517
964
2504
1918
2242
1151
1300
2806
992
1496
1709
2456
1611
2228
2515
1913
981
543
1837
1796
1297
539
302
1550
2667
1731
2645
523
921
1015
2580
1793
2184
2699
2429
248
104
2113
1184
604
505
1096
2562
1019
1139
2608
2635
2663
1345
1702
1142
1725
1084
37
1213
2678
1924
2822
1466
1087
345
2912
1473
1834
341
1751
479
1301
2790
2670
891
2856
97
426
388
806
2372
2174
802
56
1672
579
2544
810
1046
416
2386
2347
761
188
288
877
2929
2897
686
1772
2716
1831
1578
123
1451
1614
1274
1340
1447
1811
1456
670
1627
1067
191
2203
853
2832
1263
1565
1875
2876
1028
1884
2571
1010
320
161
296
1363
2839
685
219
506
1860
517
1370
2606
2135
1368
2040
1869
914
2103
948
178
1383
1686
1697
2556
1432
1972
1416
1808
1631
1252
796
1891
1508
1382
678
2058
2778
2709
664
2745
1562
2049
2261
2275
1944
1483
1778
2625
1484
2686
552
86
182
2451
438
2154
1058
386
2640
2506
324
2799
54
580
1599
568
615
814
839
2120
273
723
2836
336
2509
2055
997
559
2711
1945
2653
2293
1179
2005
2878
1350
2715
2512
1339
1054
251
2207
241
2043
620
1333
2251
1012
2648
1745
1820
1963
1317
2257
1658
2621
1093
2528
2111
807
1018
1934
1165
1192
2892
2510
2134
812
894
1912
1175
2507
468
2053
2933
1034
1502
2065
2749
944
893
440
832
1014
2481
1309
1491
2837
2848
2171
2302
306
2842
1287
910
883
2925
411
513
1131
1161
1469
2581
101
2011
2480
2689
380
2588
1974
1608
1178
706
2298
702
2362
1590
2417
1525
1718
2006
2234
1072
395
6
2934
1997
2862
50
109
2611
2794
318
920
139
1655
1949
1653
150
2550
1222
3
2197
1409
1857
1824
1938
116
1267
2779
418
2089
2771
1401
1438
2886
1155
2301
52
1489
2256
609
65
2365
957
1420
1933
1786
907
621
2927
2166
2224
57
168
465
1970
563
1641
1033
1436
2785
1359
2094
304
2240
518
586
230
691
2463
412
760
2374
1129
262
561
1735
2843
1060
1577
1543
1619
385
2501
164
1430
2858
2345
2800
2589
2558
2322
558
51
1630
2250
2734
1433
2167
1804
1105
1847
2393
980
1427
2175
1649
2122
2703
2919
1956
12
2041
53
2205
2619
912
840
2871
2181
999
1166
2071
1439
1684
537
1515
825
1186
927
2531
1710
2825
937
151
423
1546
1879
1795
749
1606
1090
555
267
926
93
2631
1158
2708
2673
899
1495
605
2887
2204
576
1499
2117
1156
2758
2827
536
1322
1715
1311
951
531
2150
826
2308
1497
2584
593
2851
2373
2762
103
1822
2124
1037
1279
207
240
1832
2045
2634
514
2470
1445
1021
1324
1280
2428
1985
2829
1347
873
2834
655
905
2333
1270
1127
224
730
560
274
1414
1814
1844
1500
408
861
1467
1233
2845
71
269
940
2484
829
1882
791
329
2910
2610
2180
2299
780
496
211
1915
918
4
1659
1453
215
2917
2492
738
432
2707
2519
1818
2051
2833
1310
855
1164
2542
922
1275
1273
1893
499
934
1801
2449
1215
1444
884
2097
1331
1958
2018
2710
2311
371
2739
2361
77
1230
2499
1551
2472
2369
845
1160
1062
878
2028
2356
1993
2664
554
1162
1897
474
643
1839
2649
698
1196
613
2763
2277
399
2574
1442
771
1168
114
2272
2346
2866
393
1588
1771
1079
2477
2907
1395
1589
792
1595
1937
1638
828
708
1712
1569
354
2532
2231
1197
293
1617
757
192
2152
2744
2642
245
1984
732
752
2397
2548
1741
1410
1919
1077
2426
2129
510
2217
375
372
140
1681
2516
2473
515
2902
1986
2288
162
2442
2248
2803
2201
2604
2684
277
1224
2736
1539
1242
2536
636
2748
167
2319
2840
661
1561
610
448
866
638
2208
1460
1259
149
2566
590
2235
1292
1929
33
1182
1990
692
979
2283
797
2290
460
254
89
530
1861
727
2751
823
1255
2253
1819
1740
1849
1117
2787
221
2520
1661
2359
1126
511
1789
2900
2211
73
1315
557
1091
788
1873
1673
512
2077
1982
2159
2010
445
676
1089
1159
2768
1925
20
1959
1122
1514
84
134
2425
2376
1190
166
260
1027
784
741
2379
289
250
592
2260
1634
457
232
1889
1566
387
200
751
209
1244
993
600
1408
778
1201
925
630
2334
1646
2757
2904
1143
1016
1286
2681
1009
463
2039
2133
930
74
594
1700
2553
106
1109
2694
869
125
1413
2222
786
119
2931
1505
748
2780
2901
1236
197
2416
309
1654
1650
2658
2348
1719
1314
47
2199
2046
1352
1853
2573
570
1511
2726
2524
1218
1587
1798
1032
898
1268
1461
2092
2366
892
2245
1754
2614
1976
872
1510
2060
2626
777
2629
2530
1872
2349
813
400
1567
1193
631
1459
1289
235
2269
1081
142
1594
2099
2823
551
622
16
1883
180
1265
1528
1711
836
1111
1398
447
1544
2422
736
2080
2121
1094
674
1767
2924
2027
2276
193
1999
452
598
1554
1591
1570
1730
750
157
1452
1906
2295
343
2776
1995
721
243
363
640
158
2367
2410
1059
2329
1006
890
1926
1124
1257
1384
1216
2173
2002
2406
28
975
41
947
110
1802
1604
2885
198
1779
1488
1621
2404
2602
1411
1846
2024
2704
776
91
2576
2781
489
2620
2458
538
527
1768
2044
177
1557
2064
690
42
1571
1133
2675
1403
478
132
136
904
1203
1864
424
1988
669
1794
2292
2680
737
2913
292
222
2073
1115
2561
1579
2881
1343
2853
2488
2831
1977
768
2214
234
879
522
1194
1351
525
454
1198
403
2190
1992
2435
1527
257
2487
2114
1373
1892
195
2661
2358
672
2889
1154
2899
355
2817
2657
1535
642
337
1746
94
1457
305
2482
32
1024
602
2443
1931
78
367
271
1026
665
2743
303
1601
2076
1272
1759
2155
2232
589
1616
1097
2438
82
126
569
1135
1369
595
2659
542
397
933
127
2575
1169
938
2802
1858
183
301
2935
970
1805
1424
90
1596
967
433
1106
247
1547
1916
443
366
2105
1548
535
2115
2012
1118
2225
1637
2394
1787
1705
2284
673
1758
693
369
2003
1183
996
382
421
2518
173
969
2238
562
1336
1464
1706
1545
1656
864
2801
824
1980
1364
2772
841
2344
208
1195
1044
1200
2271
429
261
1061
1357
1086
1823
146
1041
5
68
2213
1901
2721
1752
1214
314
2381
2863
1642
63
606
1830
2168
1598
1375
2644
1443
2513
1082
1541
2314
1185
1564
249
2793
1472
1328
2811
2685
2855
2086
349
550
2535
2554
2465
1744
2259
1863
2805
881
1069
733
1064
2378
762
1600
1285
1713
1507
175
965
553
2702
2274
1049
1007
2020
358
1099
2390
1896
2158
1714
671
599
1920
31
2521
2354
1790
1540
581
2445
1083
1417
2691
1887
1070
1667
987
2926
1597
339
1205
1756
431
2468
1493
1402
1761
850
2654
984
2514
370
1955
541
2317
1845
428
493
1624
875
1852
69
909
2814
772
1003
2615
122
351
1870
2478
724
2110
2722
453
887
902
2145
131
1312
1394
725
100
976
298
1647
805
1923
435
316
1967
1101
1008
1652
549
2595
1231
1095
2854
822
169
59
2008
115
532
2578
2209
76
2880
991
1518
1633
2068
2400
1000
2382
2755
1220
2861
2409
2424
2069
2660
1836
2067
687
584
2741
466
2287
1303
2143
700
2038
856
226
1809
204
811
2236
2936
1055
715
916
2700
361
2915
644
2466
1247
1313
2401
2624
758
1299
1736
2859
451
680
1902
2677
214
265
2157
2587
713
1862
113
2511
2194
1612
2017
1262
2469
229
2109
1734
2568
611
988
427
96
11
1338
1187
1290
2342
2597
2436
464
779
2877
1344
228
1399
1676
2537
726
350
326
2682
2241
1775
2903
2810
601
2622
2706
1859
1355
2088
2598
781
1727
1813
1407
2460
1406
2375
846
2774
2479
1909
0
490
2609
1538
603
2266
1825
2310
1618
1838
2336
1613
1739
2533
2586
2590
26
1522
524
2815
941
287
2022
2852
72
2233
2676
1553
983
575
2742
1954
2307
2243
858
827
865
2254
2804
857
2797
206
1284
1848
2545
331
2062
2850
668
1264
1743
58
1348
1107
596
2026
2019
1947
1791
1378
2784
297
2364
1
1323
1755
2543
2215
1549
854
2503
2940
2091
1645
681
334
2636
2096
437
2412
2244
1738
107
2765
816
1537
2363
2305
332
1308
583
1330
238
2775
419
612
311
1063
1076
2630
1052
270
1890
376
1696
1560
717
344
677
695
683
731
2368
2666
1733
509
582
442
2690
1720
1057
740
1953
48
237
1358
2923
1239
1321
2766
2494
862
87
1657
346
2160
2607
2846
2601
21
2819
2403
2534
1817
27
1468
181
2498
381
2395
2384
152
835
756
2807
2930
258
956
2508
1605
888
325
1422
284
650
2605
2142
1251
1900
2352
1769
2701
1249
2146
13
2116
833
357
1486
308
2712
830
946
36
2025
2230
1078
1760
190
614
34
2427
2218
35
917
1431
312
458
1783
477
1334
2170
2733
971
1556
1662
1176
870
1329
138
1219
1389
492
2127
2104
368
2084
2172
2572
2188
494
2156
2761
1136
994
2559
508
1826
2909
2870
2937
449
1928
1209
2185
790
1487
2407
1962
651
591
942
2210
1481
2447
1635
2063
1584
1815
396
2674
769
2457
7
2738
1371
1356
1724
2613
1542
2082
392
272
2728
502
2013
1206
2651
2147
1827
1319
675
2452
1002
2750
1930
972
2066
1921
420
886
742
654
353
952
990
2600
2350
1173
2911
821
1704
667
834
950
1707
2938
1563
2195
1387
1470
2894
1742
2569
2939
117
172
2818
1677
2495
1664
1932
2770
1850
1418
2860
2895
1283
1723
728
986
2294
1392
24
2341
285
2258
1575
2898
1978
1132
763
441
1031
2547
1644
2131
184
2828
1047
2563
978
2187
279
1666
1098
619
703
729
2130
1871
799
2564
203
2552
1622
1792
958
565
2849
625
773
2725
1138
863
1516
714
2627
2246
1574
1680
2567
2672
2196
718
1227
401
1855
2118
647
2683
528
124
1298
422
789
333
1377
1987
2034
1449
153
2812
1390
1981
931
2206
939
2623
1332
174
2847
2281
2446
2016
2144
1683
2255
1678
2136
9
1353
635
1102
998
2439
1812
286
2857
2279
2371
710
2163
2551
1223
2753
2796
1876
1573
1640
1302
1437
1636
2335
2193
1234
2004
2249
185
1326
903
2057
1479
2165
2867
2643
1509
798
712
165
701
657
1066
1478
1843
2343
1181
1112
897
1533
2200
2313
201
1749
632
1053
2437
2826
1360
1341
739
843
1261
1316
1477
745
735
1943
1881
1474
2169
160
2764
1520
2355
1692
785
1240
2087
2795
1400
1905
15
2289
330
1296
896
1425
1271
2226
1603
1917
1691
666
1051
14
22
1532
61
487
1455
1770
402
704
1199
794
648
2351
143
227
1784
2592
1435
2695
1898
1670
2883
2325
2777
801
120
1248
2888
567
2402
639
488
2891
1865
2698
379
128
291
2331
40
39
2072
410
1167
775
1152
425
352
278
1119
299
1327
2161
2212
373
1100
475
1888
2264
414
935
2007
1777
2593
2219
189
2418
734
2399
38
444
30
236
2459
1885
1075
111
656
1894
2423
2767
588
2101
2462
548
1695
2920
2489
137
342
2327
943
335
95
585
2360
1372
121
2526
2570
945
1243
2419
1904
2476
2216
936
1085
2612
2890
1404
1854
2014
1001
658
2178
1141
684
2315
2582
848
1071
901
2164
2318
1960
2754
467
2637
759
1229
682
417
1732
252
1552
556
616
1295
1108
471
145
587
1038
49
1490
2599
923
1362
2928
831
2893
1266
819
2296
770
233
2309
1147
480
1716
1922
2100
2078
2688
2922
83
2773
321
1835
1703
2717
1232
882
960
2023
860
364
2389
338
406
1675
2527
1376
359
2112
540
1465
1471
608
1623
1454
67
2153
1699
1632
2723
108
1602
2747
504
793
44
2323
2370
2505
2735
1750
1821
456
2132
906
1103
2525
577
2737
2223
2192
871
2405
2538
817
2075
911
2461
842
253
1029
2330
141
2618
455
2079
2128
483
1335
2791
1241
2873
637
1971
360
1412
2668
1088
1039
949
2471
323
1450
2557
1258
1349
2865
1036
1968
1005
844
23
1434
1572
356
225
618
1580
660
2730
1291
1948
2783
808
1157
70
977
259
194
1663
2906
645
1380
1238
1748
1492
2387
2119
147
2714
2177
102
2671
2918
282
973
2291
231
2434
1780
2835
1113
1320
709
491
202
2724
1114
501
300
2037
348
815
2186
1137
1246
1669
1381
2021
1607
2665
2139
263
2617
268
394
1211
1728
1475
2450
2656
908
1660
2430
1458
2433
2798
1774
809
2102
1576
2884
578
2189
529
1170
283
1994
874
1282
1946
1163
1781
913
2760
868
1023
2074
707
2141
415
2229
2594
516
2338
2030
1149
2048
2646
2140
1521
633
2300
2321
2059
439
1237
2633
1961
2268
313
719
1908
1217
1498
223
64
2001
2502
2869
915
2813
2669
450
1022
1202
1318
1080
1426
2652
1174
747
867
295
1643
1957
347
2411
968
641
2638
1337
1013
2585
959
205
626
1221
2137
546
1048
2759
847
689
2868
2056
1878
112
1996
1150
2148
1531
171
1494
133
985
154
2440
1942
1250
711
398
755
62
377
885
2697
2705
928
1998
1807
99
1766
486
2252
2385
838
1534
2247
2391
754
1177
2441
2237
1043
1782
1536
929
2280
1204
1665
1396
572
264
2009
1304
1517
2050
281
2824
2414
2220
1989
1939
1386
2821
55
1609
2093
2650
953
105
1428
196
2081
79
2202
1679
1866
2720
1874
1110
1717
187
1952
2340
1840
1910
629
2632
634
1941
653
2054
319
1828
2809
1833
389
954
159
2908
1391
623
1429
1379
2500
1276
2727
199
1615
2388
1629
280
2486
2844
2905
2176
2263
2841
1504
1269
290
787
1911
1581
566
1776
2540
2095
1421
889
2474
2596
470
1935
2616
1307
520
1385
533
1440
1189
1342
2740
1171
1950
2191
2326
266
2522
2357
2647
803
1966
2808
1501
2380
2496
2932
1856
2015
2693
2941
544
1753
1188
2679
2718
2687
564
2303
1785
1558
2475
1125
1462
1568
1880
2782
1841
1701
764
2000
1134
2421
239
1524
2285
924
1128
2444
519
1965
2270
2396
1056
2455
2921
800
1583
659
1800
1903
310
2639
2546
1446
2339
1722
179
1682
2183
1144
498
1555
1639
461
765
409
1674
767
1927
2696
820
628
1689
1148
1294
213
1593
2085
1277
697
1354
716
2377
1668
663
1671
1374
2029
705
446
1116
1293
1886
1092
1690
1278
242
2786
1877
2328
774
571
2872
1895
1397
1281
1867
932
1073
1797
2603
783
1979
2746
624
2353
2047
1020
743
646
1983
849
1764
2324
694
1626
2090
696
963
597
2332
2713
2052
982
1530
476
720
384
407
2864
1419
19
2879
962
1256
2729
1480
1388
1582
1512
1721
2529
995
1610
1476
1180
1628
1448
2420
434
1506
1035
378
2297
75
1964
2123
2182
851
1936
85
1592
322
2756
29
1693
607
1747
1393
1586
2032
895
2306
1914
2126
1907
2560
837
955
2383
163
2151
315
2583
2221
2320
1463
2108
1305
46
2413
1757
2312
217
1207
17
2304
1803
2138
327
2448
1773
2769
1172
1729
256
1765
2555
1226
2655
2752
1513
1068
118
1688
1225
919
1788

