1789
2939
1741
1791
260
193
2433
2087
2882
706
1657
1556
2534
1304
257
2809
1332
246
1449
1627
1130
2149
268
282
2416
2699
803
2102
247
66
709
1599
1528
1341
1183
2523
2610
1193
1
1873
63
1866
2279
48
1812
2474
997
184
2889
2238
1665
771
1775
1954
1111
1320
591
1413
545
2936
2668
1864
71
929
2330
1918
1708
1038
277
1185
588
2196
1005
2640
2191
2495
250
1406
1412
2505
1558
578
945
2641
2592
1897
2797
2494
1287
1795
849
1929
294
1948
673
2657
1712
2568
2747
2405
1061
2223
1753
1425
959
2716
2069
464
1490
864
1377
1338
152
2132
2667
728
2076
131
1596
1982
1170
2558
1604
584
1314
1914
626
214
2138
2159
1716
1818
2054
297
262
2180
2336
1357
766
52
511
2314
2506
1831
2643
1586
1297
2691
1938
213
271
2221
1636
868
1511
2921
353
1186
179
2031
1790
1474
1618
2823
1654
1559
1670
1805
1693
2212
1833
1233
1623
500
1566
1231
872
1212
2153
1959
336
233
459
1767
1898
1852
2108
358
225
1102
328
1797
1308
1823
1549
1924
702
624
2685
2442
2311
606
2808
1457
1837
767
1410
364
1742
1348
2357
1043
2009
1909
806
1944
1133
426
774
2665
1421
2835
1937
807
2883
2714
1146
528
724
773
1560
1870
1600
2420
2441
1965
2030
1249
692
1055
2340
1501
1876
2276
1625
1136
1883
2194
1010
320
764
1841
1785
2565
2140
842
1402
1888
1268
910
1251
2702
1211
2886
950
2615
2766
1609
2434
1407
186
1000
899
2888
2020
120
492
2461
1926
539
2865
1235
1919
621
2927
1296
2063
1100
1444
0
2114
365
2502
1750
1882
841
1044
2231
2662
2272
2780
1523
2727
535
1047
1678
1101
595
1819
602
1272
392
1021
1473
2548
1861
256
2647
1207
2393
718
1064
887
1264
2368
398
2660
614
1728
1546
1514
1920
1758
1595
524
1700
593
1184
2466
1266
1815
1158
944
1411
1037
1751
1526
857
2472
1354
1245
1240
1601
2581
245
1058
1430
505
1699
581
1329
147
330
1090
1081
2822
1925
316
2142
1105
2905
1499
1180
1782
526
2782
2094
1470
374
811
2256
1011
31
208
1481
2278
1128
1373
2135
1450
967
449
405
2843
719
1763
1009
2103
211
83
804
755
683
533
2791
821
1110
382
865
658
1533
870
305
2089
1736
380
1935
1390
2157
2701
1409
194
1525
1949
114
900
1173
2070
462
1225
137
2050
314
2500
29
1967
266
1745
2875
1563
863
713
1647
1483
1990
469
1283
321
1389
1816
264
2838
2124
2504
2723
2826
871
207
1977
2859
379
261
2680
1459
2255
2479
93
1419
704
2401
1306
1512
1447
1057
1958
2247
1969
1097
445
1593
1685
1828
2123
444
779
1503
2204
2651
276
1083
1713
1565
2139
1119
1538
1189
2854
1877
1346
2049
2637
39
1080
966
644
952
608
138
1928
1292
406
1208
636
936
332
2795
2406
2612
1846
159
2856
2449
2467
1668
2189
2627
2128
522
338
1684
142
629
2269
1454
2457
313
498
2473
363
1771
1031
2396
1922
2203
2790
1774
982
2802
324
1688
435
88
1632
2915
2211
1093
2846
78
611
372
2450
1416
458
994
1016
446
1564
749
189
690
722
541
2237
1398
2022
1052
166
50
642
1374
388
2654
2900
55
311
2390
1986
2263
2553
1153
1311
1218
2655
979
1798
1228
1302
2920
2004
866
1851
2543
1176
1477
1793
2650
2293
1214
1095
609
1855
226
1522
2312
786
1351
876
2023
1749
2532
643
878
571
2501
140
2370
2656
1711
2623
154
2145
2428
2711
1070
2866
2331
1858
181
281
1151
40
1794
2014
1945
1698
272
1643
2664
104
972
1364
965
517
2755
162
2306
165
915
2002
2911
613
163
2919
2771
680
1053
2173
2754
1122
2709
2358
2478
2713
2645
1830
1547
1844
61
169
340
1983
1139
1155
2638
1213
2413
2001
2916
2028
404
1190
685
2871
2052
1376
1347
2778
1121
1074
1966
911
1916
895
1759
2267
2456
896
983
203
1764
1834
1606
488
985
96
1215
1807
2303
2077
198
980
2598
2297
1284
1431
183
2848
2880
1265
2305
111
2686
2207
2476
2378
1229
1230
2710
2690
2599
586
1730
230
711
390
1576
548
1399
1246
923
1784
1508
2425
2086
2439
1429
744
2681
1286
1461
2839
2464
1033
325
572
1534
125
1258
296
2141
656
300
2700
1222
1003
523
1811
2670
1912
2193
838
1506
897
2288
1575
1747
1071
2837
2941
347
1319
92
798
1946
2435
691
1572
695
992
882
1127
594
790
845
646
394
2012
2041
370
1752
720
739
2503
1836
1007
238
2559
814
502
1641
221
425
1592
1262
2881
647
302
1821
2529
2437
2359
2366
2836
2090
2321
480
2721
1263
1893
2858
343
1181
2215
2491
13
1094
698
1913
2816
2572
2639
2248
2364
1907
362
705
1666
315
1188
1806
560
1955
2107
2367
1404
1149
2508
772
1567
1125
2570
1721
820
954
1353
1025
1468
894
1326
2235
1142
1683
2773
2426
869
1640
699
2274
693
1874
248
1027
925
1551
2733
2171
1486
1255
2294
1610
667
519
1352
569
1300
2630
901
2595
1942
22
1896
15
242
1537
2707
1072
2214
2394
598
2483
815
1397
1388
2512
2404
1887
2893
622
668
1587
893
2339
2121
799
2546
2334
2073
2781
905
1301
105
2600
1786
1428
1988
368
1140
384
828
35
512
537
1316
148
1729
2277
2873
1126
679
2067
1063
1859
2163
1103
2868
787
1361
1737
244
2410
2758
2384
2588
2169
835
1773
2899
1976
1493
1247
1796
2286
291
2674
2098
1839
1113
2146
2509
2167
1108
1679
30
1054
1542
2061
180
884
457
2423
1178
421
1098
2488
1744
177
2152
2632
2597
2422
373
2379
1200
2663
216
1710
16
1469
25
2901
1838
1963
2896
1166
36
113
1980
2682
2280
2498
346
2729
2445
1362
777
64
2753
1825
2796
700
2287
801
1694
2584
235
118
2411
822
1894
2515
478
987
585
2910
921
2688
754
1731
2764
2628
275
2583
1720
391
891
664
1617
781
89
529
521
463
1154
1598
515
176
1723
2552
269
547
1637
2045
356
1849
697
2602
2540
1952
2349
763
98
123
1414
2794
707
846
2490
1482
2860
2092
795
780
506
1148
199
2891
433
190
1817
2011
450
2395
2535
625
1718
361
339
2021
2798
714
2430
1964
280
1254
1253
79
2376
1157
717
1686
1349
848
1462
2801
1614
890
2924
1947
1290
1667
1850
748
2283
2606
514
124
991
615
898
2902
2642
1014
1439
653
1227
490
2000
1781
1049
1267
2636
2447
240
2649
2914
2085
75
1174
2285
2736
1998
1535
1312
2932
437
12
1769
1451
67
934
2363
2761
47
2043
2257
103
2608
2151
1507
1561
508
670
669
2864
2
2844
573
2677
1545
1455
1433
1756
1273
2091
962
1515
908
72
2810
279
1810
2884
301
596
2109
2459
1589
2249
2062
2557
2520
2833
319
2590
1452
1802
1368
2587
507
475
2634
323
413
2752
1941
1337
2060
1633
2158
587
2930
2292
2325
2734
1280
2841
2317
832
461
976
196
2006
2075
778
2219
2547
2083
1496
155
170
1327
2855
139
1104
1271
2104
1298
654
1335
2082
115
2788
420
784
1715
623
1885
2903
2629
527
2010
577
1714
2906
318
215
1692
1415
1594
11
2318
2302
2605
2672
1733
2208
2842
2484
1539
2815
2533
2671
805
1968
192
126
448
1962
932
2885
2042
2048
1437
1161
1476
566
2262
2134
2187
2348
1440
1536
1491
2174
157
1895
1602
441
2760
738
402
716
1069
2633
1205
886
1177
2792
867
2056
1463
2825
2625
757
1210
1862
1656
2074
1583
2343
2580
150
428
1322
2309
2912
91
2744
1018
553
1529
2783
742
1829
1822
603
1956
2940
1524
797
2772
2281
628
2567
1734
117
1244
2877
2775
49
1517
2155
419
2398
880
345
1112
1854
1961
1660
1732
655
1697
2489
1313
968
599
1757
2350
349
1022
54
1393
564
360
1902
2539
1294
565
2847
2601
1801
2230
1995
306
2931
1445
989
26
530
2739
1224
2015
701
1661
2220
1868
2352
1310
978
73
2246
1217
1972
1960
1342
219
1020
1687
2284
892
501
1644
732
1743
961
1886
2814
2596
2182
20
943
1375
44
2750
2407
2240
2100
42
1295
2719
2147
1237
2603
1520
1505
270
902
1201
1509
856
1152
2513
1999
958
1680
2289
206
737
1651
451
2537
1892
2745
788
2821
1584
2233
307
2521
933
2715
1034
1621
1891
2241
561
579
904
1672
2740
1645
1423
1091
800
568
1629
1663
2829
1860
2887
964
2712
1612
1768
1927
909
2039
2626
1487
1167
2328
2065
775
440
1826
2181
1085
2084
2470
2417
1890
21
935
2897
2799
2268
2720
996
1754
1590
1510
1066
2347
8
675
2218
1591
2183
234
812
1096
2353
2419
2436
1900
2372
1989
1278
99
809
74
80
167
1191
819
1994
1405
648
1385
415
2692
289
2346
875
1494
723
666
1910
14
1975
858
1164
990
791
2078
2482
1495
1378
1991
834
2222
1076
1106
1579
525
733
1464
2849
1124
792
1089
953
237
188
567
1343
1762
1420
326
2242
1516
85
1204
2047
1857
734
210
2659
940
1424
859
2051
1664
209
1974
879
2652
334
2452
650
2635
2724
2260
1216
1899
1078
1165
2402
2298
2622
1252
2059
2136
2689
128
2571
552
1035
745
2342
2694
1395
249
2236
877
110
1418
1936
212
743
2295
575
1489
2777
2005
252
2776
2863
1607
957
1056
740
663
637
1755
2373
2518
1359
2526
1073
1568
2150
1062
1467
1387
1552
312
2424
2458
2253
601
229
19
308
484
2234
287
850
2542
2460
993
1642
1738
222
2725
2099
2345
460
62
2684
129
2275
1706
2678
1350
1689
1002
1725
1099
1438
1344
145
2934
831
1256
1865
2545
2675
2116
2399
1939
2032
2493
1554
1475
220
696
414
32
1659
984
1673
516
543
2377
1879
348
1442
185
1901
1046
1197
1717
769
45
2619
661
2726
2029
2282
1724
2895
1408
127
802
2429
2175
2477
2661
2308
563
2768
60
1761
1703
2876
2228
2097
1766
2594
1417
2779
2185
937
852
1803
1550
487
2046
1441
2217
1544
1075
2582
1541
589
1365
2068
2786
2170
1777
1269
495
2586
2852
1116
292
1279
2676
1726
610
1613
1067
918
1814
2541
2038
861
939
2784
715
395
1380
491
1824
476
1484
503
2933
1788
1519
2646
2517
928
851
253
1480
2300
1921
447
1843
2296
2418
1532
816
1427
2209
1293
2105
2892
1355
694
201
2669
761
605
1603
310
726
885
2232
2093
2271
412
2487
576
1384
531
2392
2527
1400
1915
1168
974
756
1933
574
2202
1931
1485
554
1276
708
727
2199
1574
532
2034
284
2154
730
119
1497
919
2408
438
741
2574
1232
2697
2544
836
758
1163
357
1727
81
2036
453
1770
477
2261
1504
1138
1443
76
969
2162
2648
827
2455
1291
2573
175
2115
1908
1740
156
1671
1458
2166
765
1577
101
1653
33
1905
1658
1392
2845
1340
2624
509
4
1285
1334
2432
173
785
1835
823
2179
1107
397
2705
1422
1460
2935
2785
546
2365
136
1345
1739
359
149
2589
1134
1172
2239
1169
2391
810
479
2409
341
960
243
2264
2840
540
2469
649
2243
1383
920
2556
442
2386
1309
371
431
570
106
2695
187
1917
1219
2380
2861
1760
2531
2371
202
1630
2765
1911
1677
725
443
1386
1548
794
1478
2804
2444
1521
751
423
1120
84
1012
232
913
1137
1195
1315
53
2763
2227
2190
497
813
1023
223
956
1856
2427
2522
2609
468
916
401
2117
37
2290
2516
355
51
1605
2025
494
2313
2620
2564
1809
204
1518
393
710
2385
1569
2057
1498
981
1702
844
2550
1132
1259
1187
1236
2507
1674
2767
2937
1396
1305
1984
2026
590
1281
195
2319
1250
2898
2878
1943
1940
2749
2698
2265
1889
2563
2693
2555
1241
46
558
1017
108
1585
228
352
2079
1019
2299
43
2354
1382
2530
2035
335
2575
638
975
854
1957
2929
57
660
988
2576
1446
2917
829
2519
817
2332
1330
27
2918
69
1530
410
1008
1079
2497
1145
640
1588
2499
1325
639
23
1048
2403
303
922
538
2730
1934
2315
750
1289
746
681
2415
77
153
1622
1179
1243
168
796
731
951
416
2244
258
782
2127
2375
455
1379
1401
2044
2356
350
712
160
1260
1082
65
998
122
322
56
2176
1221
205
1032
1092
2024
618
1557
389
914
1456
2096
2561
1086
267
496
1690
1778
1369
143
947
2653
97
607
1799
116
2566
383
2735
265
912
1923
971
2704
808
2216
2751
1317
2793
883
2438
1772
2007
493
70
635
1779
941
1432
2562
1635
504
2172
2696
677
1871
1192
366
2250
278
1372
736
1084
1985
1543
616
1578
90
102
2111
2200
556
2184
337
881
597
107
1872
2743
295
164
1611
1223
1160
172
1691
2728
2245
2679
317
1131
2064
2160
550
1531
87
224
1840
2310
678
873
2322
1199
2922
889
2737
2448
197
1381
862
1682
1582
2907
1331
855
513
434
34
2326
2210
2879
652
178
417
1704
309
768
2514
1039
2251
1553
1662
907
2383
2120
2748
2355
2118
1800
1366
2862
375
1391
2252
1077
489
1114
465
1832
2206
689
2008
2618
2807
1363
826
430
2382
1435
1307
1175
231
2431
1156
630
2851
2471
1540
1059
2197
721
1783
263
2446
1182
387
2718
2291
582
200
2789
1997
2095
1880
2168
762
1638
1624
2033
454
671
2369
2817
1479
604
466
396
2301
1426
534
1202
583
818
1171
418
1502
963
2834
432
1646
381
2591
824
1881
273
1226
2614
2579
1045
2613
409
1655
1275
2110
2329
2536
2018
2229
1776
1336
2819
2374
2027
2621
1274
2335
2756
2890
2828
1845
2119
2549
2213
2738
2016
1639
703
684
2554
1707
2055
874
1318
1321
133
1570
1748
132
735
2362
562
2397
144
2926
2717
2080
938
41
2492
2320
759
1051
7
385
1270
2130
299
2480
847
2805
2703
1746
1842
2307
1903
2440
1001
304
1394
2769
2770
1993
485
2225
1060
2673
2304
1681
499
422
1238
830
2443
1792
467
1117
429
1472
536
986
1863
2454
351
1722
293
2870
1527
2813
674
1780
259
473
1471
1555
191
1282
839
2133
241
1068
1615
2323
1203
2058
403
2569
1735
2787
285
58
2270
400
1869
377
1324
555
2161
2106
973
1141
2925
28
1953
2731
2468
2762
2607
1129
1620
2125
1234
1448
632
109
1050
1115
2538
2333
1884
2872
833
1562
2327
436
1109
1631
1573
2462
329
2666
2803
1242
2188
676
1339
2824
2165
510
1323
2928
2003
408
2560
1648
2195
2101
474
2708
94
662
2338
2122
2421
1288
174
472
2908
619
2112
2192
2400
2164
298
600
1906
926
1150
1853
376
1634
2387
2827
141
2131
2266
927
2832
1036
2337
2732
793
327
2066
641
1709
1701
1356
949
633
2741
1981
2486
1867
612
753
2226
747
2388
1616
1619
1360
481
1196
682
1026
2904
456
134
471
2806
1930
2316
344
2746
2722
1194
5
1970
2525
1209
2658
1951
424
283
182
2451
239
427
1597
2923
1088
518
2017
354
2511
10
3
254
2528
1719
38
255
407
645
2205
112
1123
559
1030
1087
1041
2578
1403
2224
486
729
2617
2759
544
17
1820
2412
2144
1765
931
2894
1978
2351
2201
2465
2774
470
161
1878
2938
2013
2259
1261
551
631
1371
977
9
2071
2258
1206
789
2414
1950
1971
1159
2361
1979
342
1147
948
1004
942
651
1500
657
1065
1571
2593
520
1029
1013
367
783
1608
687
1705
236
2453
1466
2019
1277
135
2381
2706
930
995
2273
2874
217
2853
2510
580
1675
1513
592
1453
2742
59
1581
2475
2126
1333
2137
95
1198
2604
2053
557
1042
627
672
2611
2360
1904
770
970
2644
227
290
411
1028
331
1135
1299
1358
2088
2683
2820
1847
1239
1257
483
542
776
1987
620
1144
1492
2631
369
82
1248
1649
2463
1436
634
286
1804
2113
1996
439
218
2324
2800
1827
24
2616
659
2850
665
2156
1488
2129
1220
1808
1626
1006
1162
1580
2081
752
333
924
1040
2186
1669
2857
825
1628
100
121
288
2177
549
2909
1973
2178
2254
378
2344
2485
2811
2818
2481
2913
1370
903
146
251
843
151
1118
999
171
1676
917
837
399
1875
688
1932
2072
1787
482
274
955
2496
906
2577
2143
946
2037
2812
840
2831
1650
2867
1303
68
130
2830
853
1015
18
1024
386
1465
1813
452
1848
2524
686
86
1143
760
2198
6
860
1434
1695
2341
888
617
2551
2148
1328
2757
2869
2585
2040
1652
2389
158
2687
1992
1367
1696

