1 1
2 0
3 1
4 1
5 0
6 0
7 0
8 1
9 0
10 0
11 0
12 1
13 1
14 0
15 0
16 1
17 1
18 1
19 1
20 1
21 0
22 1
23 0
24 0
25 1
26 0
27 1
28 0
29 1
30 1
31 0
32 1
33 1
34 0
35 0
36 0
37 1
38 0
39 1
40 0
41 0
42 1
43 0
44 0
45 1
46 0
47 0
48 0
49 1
50 0
51 0
52 1
53 0
54 1
55 1
56 0
57 0
58 1
59 1
60 0
61 0
62 0
63 0
64 0
65 1
66 0
67 0
68 0
69 0
70 0
71 0
72 1
73 0
74 1
75 0
76 1
77 0
78 0
79 0
80 0
81 1
82 1
83 0
84 0
85 0
86 0
87 0
88 0
89 1
90 0
91 0
92 0
93 0
94 1
95 0
96 0
97 1
98 0
99 0
100 1
101 1
102 1
103 0
104 0
105 1
106 0
107 0
108 0
109 0
110 0
111 0
112 0
113 0
114 1
115 1
116 0
117 0
118 1
119 0
120 0
121 1
122 1
123 1
124 0
125 0
126 1
127 1
128 0
129 0
130 1
131 0
132 1
133 0
134 1
135 0
136 1
137 0
138 1
139 0
140 0
141 0
142 1
143 0
144 0
145 1
146 1
147 0
148 0
149 1
150 1
151 0
152 0
153 0
154 0
155 0
156 0
157 1
158 0
159 1
160 0
161 1
162 1
163 1
164 1
165 0
166 1
167 0
168 1
169 0
170 0
171 0
172 0
173 1
174 0
175 1
176 1
177 1
178 1
179 0
180 0
181 1
182 0
183 1
184 1
185 0
186 1
187 0
188 0
189 1
190 1
191 1
192 1
193 0
194 0
195 1
196 1
197 1
198 0
199 1
200 1
201 0
202 1
203 1
204 0
205 1
206 0
207 0
208 0
209 0
210 0
211 1
212 0
213 1
214 0
215 1
216 0
217 0
218 0
219 1
220 0
221 0
222 0
223 0
224 1
225 1
226 0
227 1
228 1
229 0
230 1
231 0
232 0
233 0
234 1
235 1
236 1
237 0
238 0
239 1
240 0
241 1
242 1
243 0
244 1
245 0
246 1
247 0
248 0
249 0
250 1
251 0
252 0
253 1
254 1
255 1
256 1
257 1
258 0
259 1
260 1
261 1
262 1
263 1
264 1
265 1
266 0
267 0
268 1
269 0
270 1
271 0
272 0
273 1
274 1
275 1
276 0
277 1
278 0
279 1
280 1
281 1
282 0
283 0
284 1
285 1
286 0
287 0
288 0
289 0
290 1
291 1
292 0
293 1
294 0
295 0
296 0
297 1
298 0
299 0
300 1
301 1
302 0
303 1
304 0
305 0
306 1
307 0
308 1
309 0
310 1
311 0
312 0
313 0
314 1
315 0
316 1
317 0
318 0
319 0
320 1
321 0
322 0
323 0
324 1
325 1
326 1
327 1
328 1
329 0
330 0
331 1
332 1
333 1
334 0
335 1
336 1
337 0
338 0
339 1
340 1
341 0
342 1
343 1
344 0
345 0
346 0
347 0
348 0
349 0
350 1
351 0
352 0
353 0
354 0
355 0
356 0
357 0
358 0
359 0
360 0
361 1
362 1
363 1
364 0
365 0
366 0
367 0
368 1
369 0
370 0
371 0
372 0
373 0
374 0
375 0
376 0
377 1
378 0
379 0
380 0
381 0
382 0
383 1
384 0
385 0
386 1
387 0
388 0
389 0
390 0
391 0
392 0
393 0
394 0
395 0
396 0
397 1
398 0
399 0
400 0
401 0
402 0
403 0
404 0
405 0
406 0
407 1
408 1
409 1
410 1
411 0
412 1
413 1
414 0
415 0
416 0
417 0
418 0
419 1
420 0
421 0
422 0
423 0
424 0
425 0
426 1
427 1
428 0
429 1
430 0
431 1
432 0
433 0
434 1
435 0
436 0
437 0
438 0
439 0
440 0
441 1
442 0
443 1
444 0
445 1
446 0
447 0
448 0
449 0
450 0
451 1
452 0
453 0
454 0
455 0
456 0
457 0
458 0
459 0
460 0
461 1
462 0
463 0
464 0
465 1
466 0
467 0
468 1
469 0
470 0
471 0
472 0
473 0
474 0
475 1
476 0
477 1
478 1
479 0
480 1
481 0
482 1
483 0
484 0
485 0
486 0
487 1
488 0
489 0
490 1
491 0
492 0
493 0
494 1
495 0
496 0
497 0
498 0
499 1
500 0
501 1
502 1
503 0
504 1
505 0
506 1
507 0
508 1
509 0
510 1
511 0
512 1
513 0
514 0
515 0
516 0
517 0
518 0
519 1
520 0
521 0
522 0
523 0
524 0
525 0
526 0
527 0
528 0
529 0
530 0
531 0
532 0
533 0
534 1
535 0
536 1
537 1
538 1
539 0
540 0
541 1
542 0
543 0
544 0
545 0
546 1
547 0
548 0
549 1
550 1
551 1
552 1
553 1
554 0
555 0
556 1
557 1
558 0
559 0
560 0
561 0
562 1
563 1
564 1
565 0
566 1
567 0
568 1
569 1
570 0
571 1
572 0
573 0
574 1
575 0
576 1
577 1
578 0
579 0
580 1
581 1
582 1
583 0
584 1
585 1
586 1
587 0
588 0
589 0
590 0
591 1
592 0
593 1
594 0
595 1
596 0
597 0
598 0
599 1
600 0
601 0
602 0
603 0
604 1
605 1
606 0
607 1
608 1
609 0
610 0
611 0
612 0
613 1
614 1
615 0
616 0
617 0
618 0
619 0
620 0
621 1
622 1
623 0
624 0
625 1
626 1
627 0
628 0
629 0
630 0
631 1
632 1
633 1
634 0
635 0
636 1
637 1
638 0
639 1
640 0
641 0
642 1
643 0
644 1
645 0
646 1
647 1
648 1
649 0
650 0
651 1
652 1
653 1
654 1
655 0
656 0
657 0
658 1
659 1
660 0
661 0
662 1
663 1
664 0
665 1
666 0
667 0
668 0
669 1
670 1
671 0
672 0
673 1
674 0
675 1
676 0
677 0
678 1
679 1
680 0
681 1
682 1
683 0
684 0
685 0
686 1
687 1
688 1
689 1
690 1
691 0
692 0
693 1
694 1
695 0
696 0
697 0
698 0
699 0
700 0
701 1
702 1
703 1
704 1
705 0
706 0
707 0
708 0
709 1
710 0
711 0
712 0
713 1
714 0
715 1
716 0
717 0
718 0
719 0
720 0
721 0
722 0
723 1
724 0
725 1
726 0
727 1
728 1
729 1
730 1
731 0
732 0
733 0
734 1
735 1
736 0
737 0
738 1
739 1
740 0
741 0
742 0
743 0
744 1
745 0
746 1
747 0
748 0
749 0
750 1
751 0
752 1
753 0
754 1
755 1
756 1
757 0
758 0
759 0
760 1
761 0
762 0
763 1
764 1
765 1
766 0
767 0
768 0
769 0
770 1
771 1
772 0
773 0
774 1
775 1
776 0
777 0
778 0
779 1
780 1
781 1
782 0
783 0
784 1
785 1
786 1
787 1
788 1
789 1
790 1
791 1
792 1
793 0
794 1
795 0
796 1
797 1
798 0
799 1
800 1
801 0
802 0
803 1
804 1
805 1
806 1
807 0
808 0
809 1
810 0
811 1
812 0
813 0
814 1
815 1
816 0
817 0
818 1
819 0
820 0
821 0
822 0
823 1
824 0
825 1
826 0
827 0
828 0
829 1
830 0
831 0
832 1
833 1
834 0
835 0
836 0
837 1
838 1
839 0
840 1
841 0
842 0
843 0
844 1
845 0
846 1
847 1
848 1
849 1
850 0
851 0
852 1
853 0
854 0
855 1
856 0
857 0
858 1
859 1
860 0
861 0
862 0
863 0
864 1
865 0
866 0
867 1
868 0
869 1
870 0
871 1
872 0
873 0
874 1
875 1
876 0
877 0
878 0
879 1
880 1
881 0
882 0
883 1
884 0
885 1
886 1
887 0
888 1
889 1
890 1
891 1
892 0
893 1
894 1
895 1
896 1
897 0
898 1
899 0
900 0
901 0
902 1
903 1
904 0
905 1
906 0
907 0
908 1
909 1
910 0
911 1
912 1
913 0
914 1
915 1
916 1
917 1
918 0
919 1
920 1
921 1
922 1
923 1
924 1
925 0
926 0
927 1
928 0
929 0
930 0
931 1
