722
2083
2573
725
144
455
91
783
2373
2658
1606
47
610
58
633
1264
890
329
2032
2752
153
2079
1741
2636
1073
1629
2653
1697
1804
105
1890
2421
2601
1499
1791
1438
1140
1014
2814
2511
1092
265
16
1075
2222
1249
566
1471
526
1353
796
702
2251
1492
227
1393
1730
384
236
1210
322
2333
2347
2482
603
55
2341
2275
368
497
1045
2115
1842
1482
1051
411
805
771
1943
2318
875
380
2326
1982
2084
1889
735
2008
117
527
2186
2474
2764
2137
847
2173
405
480
1285
2411
1894
328
2357
151
3
1994
78
1573
504
2400
262
268
1684
2230
2825
209
365
2048
180
2241
2283
358
1263
2574
143
2935
1100
1018
676
820
1931
1636
124
1005
2615
1365
1560
2005
1514
950
794
2627
2551
366
1503
1691
1685
910
2106
2128
361
2637
962
1663
888
1228
1772
2702
1782
1726
1972
2299
2058
596
508
97
2259
1039
104
2493
1077
2895
1999
2120
1683
858
2490
2191
1340
1656
2306
1217
2773
509
2043
2618
23
1619
2445
220
1865
647
237
869
1993
930
1888
1790
1627
2890
2085
1253
921
2503
877
1771
1196
93
1825
259
1752
1121
1501
2546
1588
1802
904
1318
160
2121
807
2007
1719
2628
379
1169
113
1675
2920
1576
2019
1942
1826
2459
2348
860
199
263
1504
1028
2509
937
2457
880
979
1740
363
1454
2081
1357
742
622
2093
2026
1088
378
1517
1286
2154
309
736
1945
1708
1845
26
756
157
25
1056
2406
1852
974
760
761
1079
1884
1812
2501
1024
1586
2072
617
581
2282
751
132
1976
1908
1076
2355
1440
2741
1759
821
410
1667
1295
2705
1261
2375
2663
2378
559
2396
684
1173
2055
607
1209
521
2325
1241
204
483
1380
2092
270
709
1072
352
2594
1648
1887
499
2307
1467
1687
1484
99
171
1538
2258
2363
1159
2311
901
1004
2767
784
850
554
1478
539
1180
2783
1383
2030
1143
2292
1509
2161
1183
1070
1251
1040
1693
1132
943
707
2192
253
2819
845
658
1384
619
2852
2419
649
1632
2593
2784
523
961
822
672
2833
815
1152
1580
2102
1819
1204
2369
2515
247
118
2284
193
2728
1539
1916
844
2543
1177
2360
1434
2024
2403
2836
1654
1722
2059
1162
31
2243
2708
310
1921
2214
177
76
2729
555
744
2810
1721
2609
2789
580
470
1767
2407
1452
999
2489
1927
803
2303
490
1949
932
1316
2090
863
898
506
540
694
1959
2436
2896
2410
2517
168
2460
597
1622
570
1176
1178
2837
155
786
347
2217
775
621
1198
1515
1877
781
2568
2590
114
1465
1312
804
1883
701
138
469
2323
1834
1748
2010
474
201
2540
671
289
2919
14
2518
2288
2521
2472
2925
301
2859
538
2046
1662
2656
1833
1214
2820
1917
1733
2832
729
1814
536
1565
1969
2492
1424
996
589
2661
1695
862
1571
692
911
866
1846
276
61
2612
2547
2880
1848
801
2830
1578
2117
2463
2560
125
1496
2027
1399
2144
2581
2454
2159
773
2313
1090
837
2163
1860
2617
696
840
70
164
1392
354
2871
1777
2909
1147
1430
682
1831
1604
2908
2354
399
2036
2877
712
923
991
438
586
1886
2562
1255
2851
1311
2444
2197
370
2180
2553
212
1783
1158
2254
2514
1066
142
1929
2805
2126
1456
673
1201
215
2470
1011
2538
2596
2823
1714
54
1274
1628
1961
695
1671
1856
1188
435
2385
280
2670
1211
2887
2123
2698
825
1055
1700
2017
2700
1248
1445
713
2686
1718
294
1099
1762
977
1550
1071
1362
136
2624
790
2690
393
2381
2334
1459
476
2309
1643
2786
2893
942
395
80
2097
2625
1292
1038
632
1651
2089
66
2717
2548
179
1113
706
1359
1946
759
674
1369
830
2502
743
777
969
574
2684
2866
590
2338
2367
1849
1500
2664
1793
1891
1089
2745
1403
1736
2229
1872
1616
2427
2555
949
338
1645
2771
1479
2620
2211
2769
1787
1720
1242
298
2591
905
1245
795
1876
560
1847
2281
423
1270
2567
1074
2209
1342
1769
1637
137
1543
176
1874
1661
1615
19
341
1203
2169
650
2494
558
2069
1252
1527
1948
189
2389
1512
1582
1817
2071
595
2827
18
287
2756
2402
2176
823
2047
1273
2268
129
1332
855
1925
2425
284
74
2319
135
191
2933
553
856
207
2870
1936
752
2534
1727
2812
1832
1432
1352
1907
2669
1489
1755
2249
859
1191
604
2940
2816
1356
1240
1304
770
1015
2095
2843
2912
123
528
662
2434
45
2147
397
244
978
2496
2177
874
1951
2160
630
2049
230
2271
1650
1542
162
2167
1778
2077
1277
894
1932
2371
678
730
2401
1303
333
2556
2552
613
350
680
1506
1433
920
1468
231
2330
1829
206
2302
1738
1658
1168
2918
2498
2393
346
1148
501
1918
1231
351
1756
1363
1745
717
2692
1110
1676
753
1554
1666
273
1437
700
2239
2285
2687
576
462
839
2740
1333
2606
1706
1995
1002
1997
367
2881
748
1990
1521
1704
1138
2277
2924
1069
720
440
1577
1551
2088
2800
1206
2817
73
1283
2185
2324
1742
1163
1761
2247
600
2269
2105
82
1904
1953
1497
848
2762
1996
34
2531
1867
6
2850
2014
300
2921
2430
612
2201
2140
2571
414
675
1677
1871
85
2941
318
1535
1025
2246
1297
2273
2345
20
732
1640
38
1840
1462
1885
747
657
1913
387
2487
250
1794
2561
1754
1301
1518
1350
1326
1050
1387
2091
1952
2145
1435
444
1498
79
2787
1735
145
2835
213
2428
1431
2039
295
2189
1597
927
173
1988
1118
2716
1412
1957
1713
400
1185
2742
981
52
2372
1289
870
1082
582
1494
2440
1133
2321
1232
1444
1634
2757
2776
1589
2248
1447
588
2488
1601
449
1457
1327
2559
1268
1436
956
1003
1638
56
1692
1644
1870
2747
1620
2164
1269
2148
1603
2849
2939
2327
2775
1407
885
2694
599
2486
2219
1466
187
7
1109
1668
4
776
383
302
464
2433
2621
2342
994
2480
1749
1049
1179
936
2100
2122
1443
1355
947
1381
2516
1151
64
2807
468
1189
667
372
1561
1768
2329
2681
2157
2570
364
2821
235
556
1869
2478
644
2723
115
2138
1161
1991
792
1495
1174
98
1115
1505
2034
1256
963
2910
1375
57
1690
2599
1130
279
1035
2649
1935
1813
1751
2522
1287
214
2456
2162
2398
2312
992
1321
2696
681
1282
2240
37
2536
424
2926
1559
126
1566
312
2438
2
941
1155
2608
71
1823
818
1041
1546
471
392
432
1184
625
561
1345
1021
571
2040
2535
2829
1950
2631
428
1958
1906
1784
95
1659
1102
1477
2689
1822
2298
2811
458
1216
398
194
2894
2424
51
1307
1197
2668
1271
1394
1338
2362
2505
1552
1117
1679
1605
1750
324
1449
2274
1346
290
514
1724
2753
1488
1723
1688
688
1068
1480
546
547
1398
2264
127
515
1590
146
2392
1103
1007
2455
1955
2290
640
1062
2905
739
1254
1136
50
461
1493
2431
1061
278
2080
598
1491
2044
1238
2863
721
1981
496
2481
134
510
1694
81
491
2391
968
1967
2087
2605
2648
915
2001
330
1873
726
2780
2766
1525
1481
2203
1063
2713
2592
754
210
1236
575
548
1858
2675
2646
242
2104
65
2629
42
908
188
718
24
2397
631
1699
1408
1413
258
2639
202
1669
699
685
2785
966
1707
2205
1093
277
520
1127
2409
2368
2683
2575
1564
225
2236
785
774
639
714
605
1835
687
2022
357
1247
1536
133
2466
731
447
637
2060
832
2550
2250
663
1044
1979
2220
356
174
457
2654
2352
391
683
2706
403
2651
2426
485
1257
758
1862
2878
2441
200
2065
319
2042
1029
2237
2824
1600
704
1522
11
472
1682
246
2732
734
1410
2035
507
889
545
505
1977
2111
161
2280
2297
1797
1926
407
486
482
816
2855
1396
715
477
897
2861
217
2788
2929
1540
1296
59
1594
1146
232
544
2781
802
1910
2196
838
2748
924
2181
1989
2923
584
664
2932
1391
2580
2857
518
533
283
879
1572
1828
1114
653
112
446
2310
2500
1744
2390
1233
1610
1487
2212
2289
1892
567
121
1172
511
1335
1556
2507
166
2477
1037
1923
1067
656
355
2864
2901
1461
2045
1235
1853
1868
2936
1239
1081
1131
2886
2622
2736
2697
1524
828
2815
1250
1987
21
2365
2512
2262
2215
131
1324
1974
255
2914
2006
1665
1175
493
659
2228
2744
812
1319
2062
826
765
1709
1060
1416
2719
2458
234
2549
766
2662
362
2611
17
2291
1897
1984
1558
591
140
2131
2276
2902
1507
44
2602
1796
677
1306
426
2101
2640
2619
1532
1964
2446
940
1678
2432
1426
1711
239
1323
2530
2527
388
2225
1
2693
2809
2450
892
2475
1911
2579
975
971
2068
1593
2437
836
430
1613
181
205
2673
87
1400
141
148
2904
2564
959
304
69
623
1520
2384
1414
386
147
716
1649
1058
170
1866
1119
2865
948
1347
2435
251
2361
1104
1617
1397
459
1243
1673
2900
404
1032
1642
2768
1919
1475
1786
2647
2875
2873
2461
2715
122
1712
2151
2913
1458
1920
1612
628
2585
2644
2869
2423
2476
1246
1965
1770
679
2848
1681
415
1165
945
183
1992
1975
525
2533
2642
1229
2260
1799
500
1827
2677
2150
1705
2598
1134
1225
429
1725
1043
2332
422
2190
1378
1924
1472
313
1986
842
1195
252
2255
2082
1325
1631
1743
2353
1757
2232
1599
2911
2709
2107
241
271
8
266
394
10
2380
1019
512
216
1902
2828
1290
2021
1223
2386
660
2015
1294
2052
2899
1737
2132
334
2387
1510
609
2733
1288
768
2204
1157
1983
2234
1630
899
829
1547
233
2822
2300
406
1182
408
2057
2542
15
1418
452
2187
1864
1129
1095
2376
2600
1702
1291
1463
1893
158
296
2394
564
2358
92
800
1220
577
993
503
163
1710
2439
41
550
442
1305
2759
2343
2238
1807
2224
1083
549
1838
2813
421
1598
1837
1765
551
1048
224
1808
1086
834
2009
982
2467
2301
260
2364
1108
2746
779
1557
286
1107
1258
585
2791
2073
139
1423
2103
967
2587
2695
83
84
1803
2383
2701
326
1420
953
2720
1800
396
2226
2826
2607
308
876
465
2356
2931
1190
1830
1844
2304
1985
1909
2777
1367
2320
2725
537
1406
602
1010
2108
1523
986
2544
872
810
737
149
1562
1124
1978
2116
340
1614
1361
1265
2417
2915
1141
2765
1052
843
1389
1954
2195
1160
2845
767
670
1234
1464
534
2667
652
299
906
375
1213
1377
2041
1331
960
2272
955
2860
297
2888
2891
2063
2202
94
156
2023
611
2778
1428
750
1903
645
2652
454
2930
883
740
2153
2076
965
867
2928
998
2233
552
2499
873
952
282
2879
323
661
793
1153
1875
1766
2712
2739
2412
1349
2207
1698
542
1366
1549
12
390
425
2883
101
2448
1899
655
2711
913
1280
2792
1816
1227
249
634
1486
120
22
2156
1915
385
912
1881
2659
1898
2118
119
2051
835
2793
2497
2231
257
1300
578
1395
1360
2588
951
705
2731
1608
763
711
307
2033
723
492
2037
2576
811
371
401
1137
2379
1944
2872
938
154
229
2340
68
2370
479
2170
1937
903
2603
443
2678
448
1034
2270
1914
240
2099
980
2175
2322
2429
1422
808
946
1801
2168
1111
1850
1672
565
1516
2616
928
128
2724
939
1815
2510
1237
2680
1417
1747
2889
2074
1533
1912
2012
1781
100
90
749
787
316
755
186
450
169
2374
2691
535
28
519
2366
1116
30
1334
568
1341
1526
1966
797
626
1820
436
2545
2858
513
2408
1607
39
77
2504
2726
1774
976
1473
2418
314
281
2003
1281
1595
1272
335
1836
9
2506
1170
2595
2782
1529
1054
293
1164
2206
1442
245
382
5
987
1033
648
2623
2061
2194
643
1219
374
2803
762
2856
2020
782
789
2315
2876
178
2404
902
2650
498
1027
373
569
2790
2415
1192
2119
2011
332
2263
2685
1284
516
111
1863
2447
1314
219
1448
2804
2758
1739
1563
1401
1880
934
130
2483
1810
226
2395
2452
2261
1922
1411
1122
719
2155
2336
116
1078
2443
2053
2563
2751
2172
481
1084
2699
2414
208
221
1105
1805
989
1244
2199
376
327
1385
2235
198
1222
2578
1715
1404
1490
1758
919
1585
2279
2655
484
2508
359
1371
1097
2772
317
2331
841
2267
1451
2799
1623
502
587
2178
2399
389
2293
1125
1928
1337
2802
864
1402
2184
267
1760
2294
2922
417
917
1670
2465
1970
2031
2862
2130
2346
2937
1792
1581
2200
636
1450
2808
2722
854
243
641
2127
2846
1208
2133
2094
1584
1379
1096
1938
67
1439
1639
522
2643
615
1956
1080
342
2296
594
1207
1734
13
629
256
2066
2844
1968
2906
2136
2874
2892
2638
2842
620
988
1230
2704
2710
651
2737
2308
769
2146
402
1689
1646
1776
2907
339
2714
693
2867
2885
1030
1135
583
1963
1008
2171
110
2528
1386
1279
2266
2286
1186
1368
331
2416
1308
745
2405
1703
2114
248
2645
1775
1317
2707
857
824
1998
1843
2727
1789
413
878
2453
439
2317
1729
931
972
412
563
698
799
2495
1940
2335
1009
1657
861
27
741
2610
336
2244
1193
922
2245
353
2253
853
2098
106
1839
1545
2660
1259
907
1485
541
478
62
1370
203
2831
223
325
601
48
2839
2847
579
1202
1780
1351
1065
990
2135
1537
2760
2420
531
1878
1091
2749
764
1354
1971
2614
891
29
2797
1315
456
1106
445
2554
2221
1763
1933
1212
697
2139
529
2193
1374
2064
1262
2582
1199
197
1811
102
2774
733
254
1519
2028
1181
2586
377
2761
1660
1574
1596
88
1647
1541
2798
983
1344
973
935
272
624
349
530
666
2854
1655
1112
2188
2198
152
275
2485
689
2524
2934
1841
1275
2314
926
1575
2216
1513
778
1716
1145
2349
2442
895
2129
1569
809
218
2158
1313
2838
2665
2382
608
451
1470
2529
1854
1142
321
819
2734
2794
2096
2112
2730
108
727
1824
159
434
2000
2721
1455
984
1534
1460
1731
944
1194
2141
1150
2468
2795
1200
868
635
1087
433
40
1123
780
2632
852
2657
2479
642
2682
2679
2183
1785
463
1149
724
1530
933
881
2484
1006
900
1094
2038
109
460
1686
466
211
654
2223
437
416
1427
46
2525
646
2569
1156
2635
1328
909
2630
475
1023
2227
2067
2898
1000
60
2451
2897
1358
1821
2519
2641
964
1664
1502
1592
274
1364
2834
1348
1022
614
175
2671
2125
886
86
96
32
2113
1764
2351
1652
1017
2583
1336
269
954
2763
572
627
185
1026
2841
2818
488
2526
918
2597
1625
958
592
1299
1101
1788
2344
2002
2513
345
1221
165
1795
1330
791
1276
2305
669
887
1882
306
195
2853
2462
2541
2572
35
1511
914
2626
1579
288
2124
43
849
728
1896
2377
1947
1016
1732
1508
1343
2566
2589
708
420
369
1728
798
1934
1555
2143
593
222
1696
2840
1602
89
1980
865
916
1818
543
2256
2520
107
2004
489
2688
63
2796
2388
1215
1973
409
665
1611
1320
1809
690
2917
813
344
1857
1085
2927
2339
1267
2025
2750
2537
1583
2179
896
2743
1020
1421
2882
1266
360
1329
419
884
2134
2469
1154
2110
1941
851
315
1609
303
2029
1298
2213
1126
427
2532
1553
2278
2801
2577
691
757
1621
1939
686
1064
2806
2666
467
1042
2165
2078
150
1373
831
1376
1128
970
2735
1930
573
1260
441
2868
49
1139
618
1441
1641
738
2464
1859
1419
2257
1901
2738
1205
1900
2142
668
2539
2413
1879
1895
638
72
2633
167
53
2565
196
1278
1405
606
1309
1446
1674
305
0
616
1851
871
997
2050
495
2422
2054
2718
1166
2523
772
957
846
1046
190
2152
2018
418
2634
1171
2558
473
264
2350
1469
2884
1453
1798
33
2070
893
1415
2174
182
1806
1855
285
2208
2449
343
1226
995
1429
1624
524
1544
2903
1382
311
1587
788
1224
817
1746
2086
517
1779
1568
882
2755
192
814
337
1001
2109
2218
2316
103
1476
2265
1057
2754
1425
1372
431
1098
1528
2938
1548
1031
562
925
1570
1036
381
2779
2242
1635
2252
2703
703
1474
1626
929
2491
2056
1388
1012
1013
2182
2672
2613
827
453
2166
228
1059
1047
238
184
2770
1618
1960
2210
1861
1053
1483
2337
1680
1633
1167
292
348
2916
710
833
291
1653
1310
1293
2471
2359
1187
261
487
1591
1531
36
557
1409
2328
2287
2149
2584
172
1322
1701
1218
494
2295
1753
985
2473
75
806
1390
1773
1339
2674
1905
1567
746
320
1144
2013
532
2604
1962
1302
1717
2676
2016
2557
2075
1120

