1 0
2 0
3 0
4 1
5 0
6 1
7 1
8 0
9 1
10 0
11 0
12 0
13 1
14 0
15 0
16 0
17 1
18 1
19 0
20 1
21 1
22 0
23 0
24 0
25 1
26 0
27 0
28 0
29 0
30 0
31 1
32 0
33 1
34 1
35 0
36 0
37 1
38 0
39 0
40 0
41 1
42 1
43 0
44 1
45 1
46 0
47 0
48 0
49 0
50 1
51 0
52 1
53 0
54 1
55 1
56 1
57 0
58 1
59 1
60 1
61 1
62 0
63 0
64 1
65 0
66 1
67 0
68 1
69 0
70 1
71 1
72 0
73 1
74 1
75 1
76 1
77 0
78 0
79 0
80 1
81 0
82 0
83 1
84 0
85 1
86 0
87 1
88 0
89 0
90 0
91 0
92 0
93 1
94 0
95 0
96 0
97 1
98 0
99 1
100 0
101 0
102 1
103 1
104 0
105 0
106 0
107 0
108 0
109 0
110 0
111 0
112 1
113 0
114 0
115 0
116 1
117 1
118 0
119 1
120 1
121 0
122 1
123 0
124 1
125 0
126 1
127 1
128 1
129 1
130 1
131 1
132 0
133 1
134 0
135 1
136 1
137 0
138 0
139 1
140 1
141 0
142 1
143 0
144 1
145 0
146 0
147 0
148 0
149 0
150 1
151 0
152 0
153 1
154 0
155 0
156 0
157 0
158 1
159 0
160 1
161 0
162 1
163 0
164 1
165 1
166 1
167 1
168 0
169 1
170 1
171 1
172 0
173 0
174 0
175 0
176 1
177 0
178 0
179 1
180 0
181 0
182 1
183 0
184 0
185 1
186 1
187 1
188 1
189 1
190 0
191 0
192 0
193 0
194 1
195 0
196 0
197 0
198 0
199 0
200 0
201 1
202 0
203 0
204 1
205 1
206 0
207 1
208 1
209 0
210 1
211 0
212 1
213 0
214 1
215 0
216 0
217 0
218 0
219 1
220 0
221 1
222 1
223 0
224 0
225 0
226 0
227 1
228 0
229 1
230 0
231 0
232 0
233 0
234 0
235 0
236 1
237 0
238 1
239 1
240 1
241 0
242 0
243 0
244 0
245 1
246 0
247 0
248 0
249 0
250 1
251 1
252 1
253 1
254 0
255 0
256 0
257 1
258 1
259 0
260 1
261 0
262 0
263 0
264 0
265 1
266 1
267 0
268 1
269 0
270 0
271 0
272 1
273 1
274 0
275 1
276 0
277 1
278 0
279 1
280 0
281 1
282 1
283 1
284 0
285 0
286 0
287 0
288 0
289 1
290 0
291 1
292 0
293 0
294 1
295 0
296 0
297 0
298 0
299 1
300 0
301 1
302 0
303 0
304 1
305 0
306 0
307 1
308 1
309 1
310 0
311 1
312 0
313 1
314 0
315 1
316 0
317 1
318 1
