2917
151
1014
1075
121
2745
408
47
688
1580
1221
1720
2876
361
968
1688
2634
918
1303
901
1340
88
1837
804
1946
1309
2725
2063
2631
1965
617
272
966
715
2843
2837
2446
1271
785
462
2129
1365
789
514
270
710
1745
2329
1547
1570
1198
956
2520
2522
1491
568
2169
559
1162
2399
2487
1112
98
1073
1395
150
2506
1371
2363
2404
2231
2653
2848
1426
1482
2149
1286
810
2777
409
2012
673
2391
1323
157
31
14
1739
1226
2527
2771
1579
1565
1276
1172
174
283
575
1959
2763
509
1653
1605
1000
711
117
127
385
2938
27
1919
1591
794
1457
1181
2058
2854
2582
1433
2753
1538
525
398
2311
2088
2283
1238
1330
703
1339
1842
1405
195
1090
1857
2661
539
2296
2138
2873
1626
2790
42
991
835
1908
1901
1961
326
2007
1994
2758
206
114
2721
2654
341
563
625
2207
1835
680
583
168
2273
1468
848
1723
2699
1400
638
1011
1508
1877
1327
29
2112
2784
1307
632
2198
348
2307
2393
93
2422
1500
289
2561
727
821
2539
2271
939
2172
1289
1646
309
2318
2929
2806
1556
2819
2663
650
2468
1721
1186
2866
1799
1555
1630
1319
1744
81
1240
2304
1184
885
2500
312
227
2782
1331
1232
161
2658
2114
1789
1843
1060
1182
145
1247
1553
2065
2352
333
1839
1171
1651
2342
2119
2387
1763
582
2277
1086
267
60
2052
2920
1049
720
2565
761
510
2057
928
1704
1676
258
412
1080
1575
1909
919
2519
2737
814
1691
1450
2842
2518
2516
1824
1581
129
1461
164
413
769
376
2431
1006
2900
1373
1808
1160
1632
1453
97
716
2247
1991
1631
1074
2015
1905
1867
2714
1227
247
1066
2264
1772
2560
2199
2292
758
982
1223
2143
1916
2216
917
1007
999
615
105
1084
988
2743
2511
2717
1933
1202
1634
2443
2812
152
2435
1622
2894
692
1663
2469
2813
1170
2668
2802
603
2215
534
1887
2137
1532
659
192
1623
2697
196
2648
2681
944
115
2103
2154
2248
2144
564
2222
851
524
5
1418
2062
2808
349
2548
852
1578
1765
977
1589
2734
2293
2133
2094
478
2880
731
1834
2849
2492
1292
2915
2300
2886
1345
1342
1243
2439
166
1100
36
2043
67
1150
504
2908
2077
1408
2738
2831
876
739
30
1539
1657
2319
576
1864
683
264
1341
1097
496
240
189
1320
2865
705
2707
1470
1629
2620
2189
2372
614
938
877
2141
2554
1166
128
1931
1148
1703
925
1796
83
423
1886
1990
1394
2091
2729
862
1093
2028
535
488
1804
1321
1472
579
1248
2797
194
363
1855
484
989
764
435
2252
533
620
2289
1999
1536
622
825
2667
700
2367
1870
245
2744
2120
701
1141
566
392
1545
2125
2593
2287
1945
474
2366
2102
330
643
1273
242
2051
1239
405
32
2576
300
1094
1694
1447
276
53
210
2113
2337
2770
1528
2638
1347
2643
2257
2395
324
2346
1088
1183
1479
2670
855
2335
2392
922
2380
717
2610
2268
1764
1942
2525
226
2355
1465
1734
2017
1540
458
1350
327
2919
175
2650
2237
1282
2157
235
1698
1805
2349
1304
655
302
45
760
2365
253
1682
1785
2809
1019
2916
1146
2692
2360
1369
184
987
841
325
1876
454
2563
91
970
926
2839
1699
65
2838
3
1888
414
1001
541
2924
719
1620
362
957
1898
542
2008
2451
2709
1237
1266
963
1414
671
2840
38
904
263
994
585
1379
2711
891
427
552
2559
2712
1615
1003
1402
2834
2343
213
266
2882
2665
403
651
1216
2708
1437
172
2013
2857
1128
238
2009
1546
652
212
1187
730
2245
2272
1889
2026
365
1730
1948
445
1542
1571
2662
2049
12
52
287
1617
1314
2055
2131
1061
479
602
2018
2627
778
257
395
1385
2885
2325
942
1380
823
366
1262
190
233
370
2783
2674
1775
1588
529
2869
1016
2086
2482
2476
2322
299
178
1642
2042
2037
1031
1203
90
990
2331
2887
241
2706
1602
682
421
1287
1398
214
2649
1335
2871
2605
890
2021
2531
1389
946
1771
1208
1918
2162
2003
1968
1039
998
875
1559
1478
975
2898
70
749
1801
656
493
1256
2841
80
1941
2024
802
279
1882
2756
351
2893
2794
1566
1896
2142
1105
2039
2194
660
1201
2299
1868
1525
286
1501
1928
1178
1673
2781
39
1272
420
1456
2698
2005
2791
2596
828
1317
2436
372
1263
549
1902
644
418
571
2833
2417
2836
1130
1452
1311
2595
2705
1484
1310
1784
2940
7
2097
1358
17
1004
2285
2597
1246
1551
709
997
248
2218
795
476
2444
696
654
744
528
10
2823
1783
1582
888
849
15
1816
1922
924
554
757
1940
1769
1667
1219
670
303
64
2545
2751
1295
1252
2657
861
1973
444
2233
2541
1879
2817
2754
838
156
457
2344
1593
809
2385
1930
22
2135
1860
2941
1711
1290
35
1155
2687
109
2041
2163
2427
796
2269
854
2607
2874
2449
589
1866
441
1910
2897
2323
2210
1585
1037
2803
2250
608
2566
637
2715
1423
0
1454
49
2467
2255
2637
2338
379
1179
1735
2126
996
456
1606
1840
591
2602
1026
1576
2614
665
295
107
613
1042
336
2851
2153
2294
2438
464
2282
455
1194
1390
2099
2083
679
1951
1678
1344
1714
2731
830
2473
2902
1669
1407
1504
485
787
2785
1372
2879
2447
2054
1399
1135
1230
1958
141
1495
2578
1797
2236
2722
2406
1915
186
1903
2240
685
693
626
130
833
2774
2878
1299
2336
1231
2219
1957
394
595
1572
2425
2183
1974
1329
2085
94
1332
2130
1434
446
1151
1057
520
618
306
1065
562
177
167
1261
118
2881
2452
1726
2683
34
2067
2570
2166
2384
2923
344
2246
2779
594
2101
1306
1015
1346
859
2859
1707
297
1132
2584
819
243
1125
1444
793
2475
2152
2441
162
2179
1992
812
1427
2167
2262
364
13
236
1046
1773
2090
1359
2764
375
285
1300
865
228
1569
1233
1351
8
621
2190
292
1048
2883
1756
1168
846
2609
1137
2588
2373
1056
959
609
1564
165
2437
1480
2921
2583
1411
546
1471
331
1598
319
1717
558
1567
2558
158
1487
800
1083
1821
1392
146
2592
1378
612
649
2418
1650
1419
2599
1412
1085
1955
920
100
2201
502
2800
2489
2642
239
2530
2388
2716
2675
106
2820
1701
2486
2804
2935
2001
2011
1794
2074
824
2505
2414
2688
1828
1544
2896
2267
1302
459
2470
21
1936
1120
883
2616
2818
1337
1724
2736
44
911
1666
2434
1153
1140
2788
1584
2089
2512
560
2547
354
2732
604
807
2579
1101
567
2312
461
2377
61
87
1987
1214
2615
494
827
2855
134
1679
752
1685
842
1841
2933
1291
1366
1313
1527
2498
1481
933
1865
2330
770
371
1106
1143
635
907
2850
1052
1736
2577
1690
894
511
1660
1425
260
2045
187
844
2263
406
1831
930
1023
1603
2542
1787
532
2118
1041
2196
2182
2863
316
2735
2259
972
1242
2127
1680
2359
355
808
1189
1754
1496
2382
2309
1728
2047
2279
2726
2410
2613
101
953
1601
708
2847
1895
2297
2242
1089
2606
1022
658
234
305
1288
551
980
2903
1188
1561
2567
1725
2493
889
1285
2536
792
1488
19
1983
1376
1524
2212
1802
1460
1986
2281
736
2375
1308
2728
1737
1082
1891
1519
2426
1969
902
898
2016
689
232
2792
1244
2767
368
2733
111
1625
2780
870
878
961
1235
244
2528
1656
1597
2682
2775
2181
2680
1413
547
754
817
388
723
2390
1811
2428
1689
86
1989
1258
2213
2308
601
1779
780
2822
773
1574
2313
531
2082
1836
569
1062
2093
1692
735
2884
1448
495
268
1700
293
2176
2765
96
518
103
837
1716
1614
1209
1362
1873
820
1681
1260
2686
2832
598
1096
2845
2303
373
2730
433
1998
314
2357
734
707
16
124
1118
1206
277
2723
657
2786
2415
1122
2922
574
1543
2937
1557
477
2072
159
2639
1250
1133
1257
33
2150
1534
1241
912
1533
668
323
2440
781
291
269
2401
978
2827
1554
443
570
499
2022
1349
986
2405
1466
20
1438
2858
1848
1422
681
607
491
2235
2071
1641
1236
1126
2676
343
2787
1490
2510
2549
1499
1830
1863
2759
2187
2909
2193
160
481
741
1511
2798
2328
2400
2918
434
1445
1738
169
2214
879
1043
880
1658
993
1635
765
2139
2232
2696
2701
1558
669
1740
687
284
397
872
2197
1493
2550
555
1228
2598
2064
180
2612
1904
2265
2778
2749
2544
1708
1005
1116
2397
1809
43
690
584
1687
2243
2171
588
1713
540
2772
2640
2110
2204
2407
950
1424
916
425
2217
1943
1367
1486
2611
1108
1489
1064
2161
222
2872
2286
163
1070
1729
2326
797
513
480
339
537
2664
1145
1095
2362
616
863
768
1463
1370
676
2930
548
1002
868
1124
677
1798
135
1269
1029
350
1833
1792
133
68
2004
605
2050
1222
1944
2478
498
438
188
1458
2925
1956
25
1850
1803
2594
519
143
1563
1516
724
2656
756
2332
415
1416
265
697
2485
2474
24
1165
522
358
1925
2025
1671
460
1386
1644
1102
1296
2556
311
1639
1929
191
565
1020
856
847
466
1387
59
2229
1505
37
1397
893
1823
992
2122
2913
722
2433
1697
2453
1164
1318
183
400
1920
2901
170
1200
1514
1592
340
1750
73
1439
1791
2480
2095
1924
590
774
2306
934
1142
2704
1110
2185
578
624
858
1055
1851
313
104
2502
2084
2160
1234
1806
1677
2111
347
2727
1190
2339
1092
1123
971
1668
628
1609
2221
550
281
2298
2677
611
771
2801
2503
2601
2826
2456
653
1361
864
2805
503
1880
1081
1224
2253
1220
1884
791
203
845
483
1515
2821
315
505
1063
2455
2151
2829
762
2580
220
1661
500
149
2587
436
2081
1768
556
1883
2394
580
1618
2591
2672
2044
2907
2814
2023
699
1752
259
1277
1091
2936
216
2145
2799
2830
1078
329
2376
2053
1541
1113
1497
788
1997
2107
2348
1355
1205
1281
2713
57
2073
2501
884
1076
1980
1790
1649
1283
639
2459
1357
751
1747
2301
179
2202
1627
2066
1028
775
1473
663
2690
1970
940
1352
853
1388
417
1595
1502
2315
2106
1136
2689
271
1333
2504
1121
1670
2494
507
903
1343
249
308
1068
2227
1139
393
2703
1383
2659
2358
899
1328
1103
636
1354
2048
1875
2034
2769
251
470
1109
1696
2316
2562
2678
1733
1521
1175
1878
218
468
2553
645
871
767
776
2766
897
1770
2124
1356
2178
2403
1972
674
1459
581
381
1498
2371
1899
1071
906
1766
678
1159
2811
2852
2581
1225
2239
2079
544
695
2448
2419
1937
1530
1939
1892
954
1410
2108
1191
2484
506
2364
2524
2345
399
1324
2027
18
2029
1152
1045
2523
1807
1526
1
646
288
573
1267
85
2033
1854
1897
1008
857
1360
984
1312
2546
1932
1197
763
2258
1710
592
1207
1449
1021
2116
1058
2291
815
1072
759
772
738
2695
1762
630
2890
1872
1147
1619
779
1381
1268
2540
2856
1322
1731
732
1173
318
2740
826
2164
2660
1599
2061
2379
1732
342
641
648
199
631
2068
217
1158
1451
2288
2454
2904
1562
2333
2148
2206
1917
2755
2244
1812
927
1705
725
995
786
2888
437
176
1979
1115
627
1297
1507
2002
1476
2280
1926
497
429
250
1129
1417
1817
867
1914
215
9
1030
1712
1316
1509
1117
1847
2931
1114
2870
1119
2019
967
1127
536
1013
2238
2691
2132
2793
2317
2276
1403
557
1211
1087
1204
1213
1912
207
1174
2158
1600
472
2557
1927
2926
1814
1193
508
1693
1391
2266
1520
1270
374
2140
2739
2416
1853
1590
1196
317
2651
2747
1963
553
743
2585
2679
404
337
282
517
2877
1608
71
126
492
755
2824
2532
748
155
1871
2905
23
89
1440
2912
2412
1348
2825
1077
489
1846
144
1522
935
46
369
1978
338
2278
54
892
777
2629
352
1859
1441
2626
887
469
2159
125
1971
1156
2256
465
1245
831
1099
2123
2564
2096
102
334
2603
1845
726
2254
664
2477
2092
1759
2867
273
1552
713
426
1492
2816
1518
28
2368
2234
2889
1935
2509
1938
1647
1890
2056
1462
1612
1952
829
411
2828
345
290
586
224
714
965
2815
2136
202
205
790
1393
1293
1483
712
1637
486
2535
979
1702
2669
2411
275
2192
387
200
2742
1036
1755
910
1874
410
2575
321
2861
1185
2314
356
1761
1305
1683
718
1664
2070
2000
721
1782
48
661
2928
951
2619
1995
702
1610
2170
140
1993
1255
74
416
1279
471
430
2208
1180
2014
596
353
301
2490
1800
1134
512
256
1662
2228
737
2543
2378
450
1353
221
843
908
801
642
2260
1009
1364
2134
1432
2320
346
112
2508
2423
2211
131
378
2354
1517
2036
1607
401
1967
1907
58
294
1149
1604
211
2205
2040
1053
92
1947
1977
945
2795
225
2251
577
822
896
2899
623
11
1163
1523
2472
1059
1743
2526
1984
1157
428
1382
931
1858
2180
909
110
237
750
2621
1774
1923
1529
2618
2846
2521
332
1636
2719
2646
1274
684
694
2666
1633
1706
1044
2184
116
402
1749
2471
1665
1550
298
782
463
1820
1962
1047
1964
2225
886
2115
1827
962
82
895
1251
1751
1832
523
937
2087
66
905
2635
2035
1767
941
2274
1249
229
452
2752
1586
2075
2302
1913
1778
805
2031
1210
75
136
869
296
2636
2488
2910
2226
1838
1430
1950
949
122
2241
1611
1067
1573
2760
2932
929
2776
2481
1442
1869
2295
1336
254
2641
1638
874
834
1954
419
2623
2429
1568
538
2186
836
783
1138
307
1777
2209
974
1760
1154
2673
2644
2195
1069
850
1406
647
473
2571
2147
1315
2517
2914
1881
921
2796
320
561
2810
2284
1050
2632
55
2038
2059
193
1742
1396
84
2624
1506
882
2200
2534
1301
1654
1176
798
359
2693
1428
2396
960
1167
367
2408
2608
2552
2462
2458
204
2757
2685
698
1265
1278
1645
171
593
2507
1401
2146
2420
923
50
742
1719
2350
76
2413
2864
2032
2911
2750
2310
1421
1776
1587
1368
1025
1709
2844
357
1384
733
1217
280
629
1038
2718
2100
976
2891
2432
766
2356
391
490
1893
1280
72
440
1748
2529
2671
799
840
63
1885
1131
2442
119
1098
1985
2421
2906
201
2746
2334
1494
181
2652
2230
2853
832
2369
2483
310
1535
983
2080
667
246
662
1548
1513
197
1822
2628
1510
1675
2076
1469
1741
1727
619
2537
2513
675
1195
390
139
2105
2633
1334
952
304
1674
2590
1035
261
948
1852
1757
1982
1111
1051
382
1976
1810
1953
686
1862
467
973
41
806
2514
79
453
2466
530
1988
515
1628
2121
1826
1695
1161
2321
77
2353
2104
386
449
62
1034
2324
2586
803
1284
1861
1464
328
1894
2464
2020
108
2892
1795
2173
747
1212
2188
2389
2710
2340
1780
2177
2724
1415
2465
1531
1594
640
2386
1753
2589
610
278
2424
2499
2700
335
2046
527
2117
1477
955
2573
1672
1446
380
1326
2927
432
587
2010
422
2497
672
1583
153
396
137
1981
2645
1485
1012
943
1818
69
132
526
1684
958
2622
208
78
1254
424
1911
873
2460
219
2156
501
2351
1253
1686
2220
209
2098
1467
1715
1374
56
451
947
40
1949
6
262
1474
2934
1829
2398
860
606
360
2445
2341
1781
2430
1813
1934
2702
1475
1436
2165
2860
2720
572
377
120
255
2761
439
2224
2862
154
746
148
1825
1718
2109
1758
1144
1294
706
2630
407
936
1259
2768
599
2868
2895
1107
138
1409
634
729
2128
322
2078
740
2574
223
2409
2491
389
1010
2069
2450
1338
545
442
816
2533
1079
1621
1906
633
2191
2773
2495
1549
2807
1640
1040
2261
1577
2789
1033
597
1596
1652
1363
95
839
2060
1849
543
2290
2551
2203
1921
2762
1229
1275
252
2
969
745
2569
2568
2555
1215
182
2249
2835
818
691
185
728
2655
1420
1027
1377
813
666
123
2625
1192
2694
26
231
2030
113
1375
784
2270
2347
2461
1443
2374
1435
2496
1264
1032
985
1960
811
900
2604
1624
2327
753
173
2741
2361
2515
2647
521
1815
2305
2457
147
1024
1844
600
2006
1788
447
914
1996
1431
2223
482
881
4
1177
2939
51
1018
198
431
1104
1659
1199
704
1404
2275
1613
981
2600
2748
274
1975
487
230
2381
2155
932
384
516
2168
2684
1786
1298
964
913
915
1966
99
1856
866
2402
1648
2175
142
1054
2383
1503
2538
383
1017
2617
448
1560
1169
1455
1325
1655
1722
1793
2370
2174
1643
2479
475
1218
1537
2875
2463
2572
1512
1900
1429
1819
1746
1616

