1 0
2 0
3 0
4 0
5 1
6 0
7 0
8 0
9 1
10 1
11 0
12 1
13 0
14 1
15 0
16 1
17 1
18 0
19 1
20 0
21 1
22 0
23 1
24 1
25 0
26 1
27 1
28 0
29 1
30 0
31 0
32 1
33 1
34 1
35 0
36 1
37 1
38 0
39 1
40 1
41 1
42 0
43 0
44 0
45 1
46 0
47 0
48 1
49 0
50 0
51 0
52 0
53 0
54 1
55 0
56 0
57 0
58 0
59 1
60 1
61 0
62 0
63 1
64 0
65 0
66 1
67 0
68 1
69 0
70 0
71 0
72 0
73 1
74 0
75 0
76 0
77 0
78 0
79 0
80 1
81 1
82 0
83 1
84 0
85 0
86 1
87 0
88 0
89 1
90 0
91 1
92 0
93 0
94 1
95 0
96 0
97 0
98 1
99 0
100 0
101 1
102 0
103 0
104 1
105 0
106 0
107 1
108 0
109 1
110 0
111 0
112 0
113 1
114 0
115 1
116 0
117 1
118 0
119 1
120 1
121 0
122 1
123 0
124 1
125 0
126 1
127 1
128 0
129 0
130 0
131 1
132 0
133 0
134 1
135 0
136 1
137 0
138 0
139 1
140 1
141 0
142 1
143 0
144 0
145 0
146 0
147 0
148 1
149 0
150 0
151 0
152 0
153 1
154 0
155 0
156 0
157 0
158 0
159 1
160 0
161 0
162 0
163 0
164 1
165 0
166 0
167 1
168 1
169 0
170 0
171 1
172 0
173 1
174 1
175 1
176 0
177 1
178 1
179 0
180 0
181 1
182 0
183 1
184 0
185 1
186 0
187 1
188 0
189 1
190 0
191 1
192 0
193 0
194 1
195 0
196 1
197 0
198 0
199 1
200 0
201 1
202 1
203 1
204 1
205 0
206 0
207 0
208 0
209 0
210 0
211 0
212 1
213 0
214 1
215 1
216 1
217 1
218 0
219 0
220 0
221 1
222 0
223 1
224 0
225 1
226 1
227 0
228 0
229 1
230 1
231 0
232 1
233 1
234 0
235 1
236 0
237 0
238 0
239 1
240 0
241 0
242 0
243 0
244 1
245 1
246 0
247 0
248 0
249 1
250 1
251 0
252 1
253 0
254 0
255 1
256 0
257 0
258 1
259 0
260 1
261 0
262 1
263 1
264 0
265 0
266 0
267 1
268 0
269 0
270 1
271 0
272 1
273 1
274 0
275 0
276 1
277 0
278 1
279 1
280 1
281 1
282 0
283 0
284 0
285 0
286 1
287 0
288 1
289 1
290 0
291 1
292 1
293 1
294 1
295 0
296 0
297 0
298 1
299 1
300 1
301 1
302 0
303 1
304 0
305 1
306 0
307 1
308 0
309 1
310 0
311 1
312 1
313 1
314 0
315 1
316 0
317 1
318 0
319 1
320 0
321 1
322 0
323 0
324 0
325 0
326 1
327 0
328 0
329 1
330 1
331 1
332 1
333 1
334 0
335 0
336 1
337 0
338 1
339 1
340 1
341 0
342 0
343 1
344 1
345 0
346 0
347 0
348 0
349 0
350 0
351 1
352 0
353 1
354 1
355 0
356 1
357 1
358 0
359 1
360 0
361 0
362 1
363 1
364 0
365 0
366 0
367 1
368 0
369 1
370 1
371 1
372 0
373 0
374 0
375 1
376 0
377 1
378 0
379 0
380 0
381 1
382 0
383 0
384 1
385 1
386 1
387 1
388 0
389 1
390 0
391 0
392 1
393 1
394 1
395 0
396 0
397 0
398 0
399 1
400 0
401 0
402 0
403 0
404 1
405 1
406 1
407 0
408 0
409 0
410 0
411 0
412 0
413 0
414 1
415 0
416 0
417 0
418 1
419 0
420 1
421 1
422 0
423 1
424 0
425 0
426 0
427 0
428 1
429 0
430 1
431 1
432 0
433 0
434 1
435 0
436 0
437 0
438 1
439 1
440 0
441 0
442 0
443 0
444 0
445 0
446 1
447 1
448 0
449 1
450 1
451 0
452 1
453 0
454 0
455 1
456 0
457 1
458 0
459 0
460 0
461 0
462 1
463 1
464 0
465 0
466 1
467 0
468 1
469 0
470 0
471 1
472 1
473 1
474 1
475 0
476 1
477 0
478 1
479 0
480 0
481 1
482 1
483 0
484 1
485 1
486 0
487 1
488 1
489 1
490 1
491 1
492 0
493 1
494 1
495 0
496 1
497 0
498 1
499 0
500 1
501 0
502 1
503 0
504 0
505 1
506 1
507 1
508 0
509 1
510 0
511 1
512 0
513 1
514 0
515 0
516 1
517 1
518 1
519 0
520 1
521 1
522 1
523 0
524 1
525 0
526 0
527 1
528 1
529 1
530 1
531 0
532 1
533 1
534 1
535 0
536 1
537 0
538 0
539 1
540 0
541 1
542 0
543 1
544 1
545 1
546 0
547 1
548 1
549 1
550 0
551 1
552 1
553 0
554 0
555 1
556 0
557 1
558 0
559 1
560 1
561 0
562 0
563 1
564 1
565 0
566 1
567 1
568 1
569 0
570 0
571 1
572 0
573 1
574 0
575 1
576 1
577 0
578 0
579 1
580 0
581 1
582 0
583 1
584 1
585 1
586 0
587 1
588 1
589 1
590 0
591 0
592 1
593 0
594 1
595 0
596 1
597 0
598 1
599 0
600 1
601 0
602 1
603 0
604 1
605 1
606 0
607 1
608 1
609 0
610 0
611 1
612 0
613 0
614 1
615 1
616 1
617 0
618 0
619 1
620 1
621 1
622 1
623 1
624 1
625 1
626 1
627 1
628 0
629 1
630 0
631 1
632 1
633 0
634 1
635 1
636 1
637 1
638 1
639 0
640 1
641 0
642 0
643 1
644 0
645 0
646 0
647 1
648 0
649 1
650 1
651 1
652 0
653 1
654 1
655 1
656 1
657 0
658 1
659 1
660 0
661 1
662 0
663 1
664 0
665 1
666 0
667 1
668 1
669 0
670 1
671 1
672 0
673 1
674 1
675 0
676 0
677 1
678 1
679 1
680 1
681 1
682 1
683 0
684 1
685 1
686 0
687 0
688 1
689 0
690 0
691 0
692 0
693 1
694 0
695 0
696 1
697 0
698 1
699 0
700 0
701 0
702 1
703 0
704 1
705 1
706 1
707 0
708 0
709 0
710 1
711 0
712 0
713 1
714 1
715 0
716 1
717 1
718 0
719 1
720 1
721 1
722 1
723 1
724 0
725 0
726 1
727 1
728 0
729 0
730 0
731 0
732 1
733 1
734 0
735 0
736 1
737 0
738 1
739 1
740 0
741 1
742 0
743 1
744 0
745 1
746 0
747 1
748 0
749 1
750 1
751 0
752 0
753 0
754 0
755 0
756 0
757 0
758 1
759 1
760 0
761 1
762 0
763 1
764 1
765 0
766 0
767 0
768 1
769 1
770 1
771 1
772 1
773 0
774 1
775 0
776 0
777 0
778 1
779 1
780 0
781 1
782 0
783 1
784 1
785 0
786 0
787 1
788 0
789 0
790 0
791 1
792 0
793 0
794 0
795 0
796 0
797 1
798 0
799 1
800 1
801 1
802 0
803 0
804 1
805 0
806 1
807 0
808 0
809 1
810 1
811 1
812 1
813 1
814 0
815 0
816 1
817 1
818 0
819 0
820 1
821 1
822 1
823 1
824 1
825 0
826 1
827 0
828 1
829 1
830 0
831 0
832 1
833 1
834 0
835 1
836 0
837 0
838 1
839 1
840 1
841 1
842 1
843 1
844 1
845 0
846 1
847 1
848 0
849 1
850 0
851 1
852 1
853 1
854 1
855 0
856 1
857 0
858 0
859 1
860 0
861 0
862 0
863 0
864 0
865 0
866 1
867 1
868 0
869 0
870 1
871 0
872 0
873 1
874 0
875 0
876 1
877 0
878 1
879 0
880 1
881 0
882 1
883 1
884 0
885 0
886 1
887 0
888 0
889 0
890 0
891 1
892 1
893 1
894 1
895 0
896 1
897 1
898 1
899 1
900 0
901 1
902 1
903 0
904 1
905 0
906 1
907 0
908 1
909 0
910 1
911 1
912 1
913 1
914 1
915 1
916 1
917 0
918 1
919 1
920 1
921 1
922 1
923 1
924 0
925 1
926 1
927 0
928 0
929 1
930 0
931 1
932 1
933 0
934 1
935 0
936 0
937 0
938 1
939 0
940 1
941 1
942 1
943 0
944 0
945 1
946 1
947 0
948 1
949 0
950 0
951 1
952 0
953 1
954 0
955 0
956 1
957 1
958 1
959 0
960 1
961 0
962 0
963 0
964 1
965 1
966 1
967 0
968 0
969 0
970 0
971 0
972 0
973 0
974 0
975 0
976 0
977 0
978 0
979 1
980 0
981 0
982 1
983 0
984 1
985 1
986 1
987 0
988 0
989 0
990 0
991 0
992 1
993 1
994 0
995 1
996 0
997 1
998 0
999 1
1000 1
1001 1
1002 0
1003 0
1004 0
1005 0
1006 0
1007 1
1008 1
1009 1
1010 0
1011 1
1012 0
1013 1
1014 0
1015 0
1016 1
1017 1
1018 0
1019 0
1020 0
1021 0
1022 0
1023 0
1024 1
1025 1
1026 0
1027 1
1028 1
1029 1
1030 0
1031 0
1032 1
1033 1
1034 0
1035 0
1036 0
1037 1
1038 1
1039 0
1040 1
1041 0
1042 0
1043 1
1044 0
1045 1
1046 1
1047 1
1048 0
1049 0
1050 0
1051 0
1052 1
1053 0
1054 1
1055 0
1056 1
1057 1
1058 1
1059 1
1060 1
1061 0
1062 1
1063 0
1064 1
1065 1
1066 1
1067 0
1068 1
1069 0
1070 1
1071 0
1072 1
1073 0
1074 1
1075 1
1076 1
1077 0
1078 0
1079 1
1080 0
1081 1
1082 1
1083 1
1084 0
1085 0
1086 1
1087 0
1088 1
1089 1
1090 0
1091 1
1092 1
1093 1
1094 0
1095 1
1096 1
1097 0
1098 1
1099 0
1100 0
1101 0
1102 1
1103 0
1104 0
1105 0
1106 1
1107 0
1108 0
1109 0
1110 0
1111 0
1112 1
1113 1
1114 0
1115 0
1116 1
1117 0
1118 0
1119 1
1120 0
1121 0
1122 0
1123 0
1124 1
1125 0
1126 0
1127 1
1128 0
1129 1
1130 0
1131 0
1132 0
1133 0
1134 1
1135 0
1136 0
1137 0
1138 1
1139 0
1140 1
1141 0
1142 1
1143 0
1144 1
1145 0
1146 1
1147 0
1148 1
1149 0
1150 1
1151 0
1152 0
1153 1
1154 1
1155 1
1156 0
1157 0
1158 1
1159 1
1160 0
1161 1
1162 0
1163 0
1164 1
1165 0
1166 1
1167 0
1168 1
1169 0
1170 0
1171 1
1172 1
1173 0
1174 0
1175 0
1176 1
1177 0
1178 1
1179 0
1180 1
1181 0
1182 0
1183 0
1184 0
1185 0
1186 0
1187 1
1188 0
1189 0
1190 1
1191 0
1192 1
1193 0
1194 1
1195 0
1196 0
1197 0
1198 1
1199 0
1200 1
1201 1
1202 0
1203 0
1204 1
1205 0
1206 1
1207 1
1208 0
1209 1
1210 0
1211 1
1212 0
1213 1
1214 1
1215 1
1216 1
1217 0
1218 0
1219 0
1220 1
1221 0
1222 1
1223 0
1224 0
1225 1
1226 0
1227 1
1228 1
1229 0
1230 1
1231 1
1232 1
1233 0
1234 1
1235 1
1236 1
1237 0
1238 1
1239 0
1240 1
1241 0
1242 1
1243 0
1244 1
1245 1
1246 0
1247 1
1248 1
1249 0
1250 0
1251 1
1252 0
1253 1
1254 0
1255 0
1256 1
1257 0
1258 1
1259 1
1260 0
1261 1
1262 0
1263 1
1264 1
1265 1
1266 0
1267 0
1268 0
1269 1
1270 0
1271 1
1272 0
1273 0
1274 0
1275 0
1276 0
1277 0
1278 0
1279 1
1280 0
1281 0
1282 1
1283 1
1284 1
1285 0
1286 0
1287 0
1288 1
1289 0
1290 0
1291 1
1292 0
1293 0
1294 0
1295 0
1296 0
1297 1
1298 1
1299 0
1300 0
1301 0
1302 0
1303 0
1304 0
1305 0
1306 0
1307 0
1308 0
1309 0
1310 0
1311 0
1312 1
1313 0
1314 0
1315 1
1316 0
1317 0
1318 0
1319 0
1320 1
1321 0
1322 1
1323 0
1324 0
1325 0
1326 0
1327 1
1328 1
1329 0
1330 1
1331 0
1332 0
1333 0
1334 1
1335 0
1336 1
1337 0
1338 1
1339 0
1340 1
1341 1
1342 0
1343 0
1344 1
1345 0
1346 1
1347 1
1348 1
1349 1
1350 1
1351 0
1352 0
1353 0
1354 0
1355 1
1356 1
1357 1
1358 1
1359 1
1360 1
1361 0
1362 0
1363 1
1364 0
1365 0
1366 1
1367 0
1368 1
1369 0
1370 0
1371 1
1372 0
1373 0
1374 0
1375 0
1376 0
1377 0
1378 1
1379 0
1380 0
1381 1
1382 0
1383 0
1384 0
1385 0
1386 0
1387 0
1388 0
1389 1
1390 0
1391 1
1392 1
1393 0
1394 0
1395 0
1396 0
1397 1
1398 0
1399 1
1400 1
1401 1
1402 0
1403 0
1404 0
1405 1
1406 0
1407 1
1408 0
1409 1
1410 1
1411 1
1412 0
1413 1
1414 1
1415 1
1416 0
1417 0
1418 0
1419 0
1420 1
1421 1
1422 1
1423 1
1424 1
1425 0
1426 0
1427 1
1428 0
1429 1
1430 0
1431 1
1432 0
1433 0
1434 1
1435 0
1436 1
1437 0
1438 1
1439 0
1440 0
1441 1
1442 0
1443 0
1444 0
1445 1
1446 0
1447 1
1448 1
1449 0
1450 1
1451 0
1452 0
1453 1
1454 1
1455 0
1456 1
1457 1
1458 1
1459 1
1460 1
1461 1
1462 0
1463 0
1464 1
1465 1
1466 0
1467 1
1468 0
1469 0
1470 0
1471 0
