2167
1470
1370
829
1434
850
1875
1941
957
2828
2266
843
1270
2708
1245
1699
2507
2666
534
1680
2135
2717
1722
2576
725
1837
2233
131
872
1621
429
1488
2588
1484
2519
87
886
328
1485
129
845
396
1907
2786
60
1443
2296
713
1819
2036
2654
2631
1362
701
2376
573
1702
1163
1557
1550
1102
1770
1767
820
2239
369
1606
1828
2440
1517
2618
2669
2389
931
2468
1449
906
1793
1190
2456
2907
2859
595
1878
2395
2571
237
2580
1995
2255
502
819
2116
2464
476
1958
2847
33
389
1243
858
329
1297
1182
278
102
1083
1455
1354
1504
433
1649
316
2921
428
1720
2031
2100
1843
1811
474
2643
1424
1387
2593
1715
1708
779
745
2080
1705
2162
2860
1669
570
2899
1410
1561
172
2231
1460
2035
543
1688
2926
1298
1228
2920
1147
466
2838
739
605
266
1278
1942
719
2139
1854
1459
642
387
1540
1219
1853
1065
2923
1305
2362
2399
2225
1650
30
94
545
2229
1556
789
884
749
2060
1626
51
1452
2841
123
2794
2169
2408
2156
2122
1861
2020
2051
1107
2453
305
1200
1700
1038
1738
1146
738
362
520
1768
189
1513
594
1943
1895
1145
533
2727
1
2121
1055
423
139
782
194
1405
2729
709
2555
2610
2093
119
650
2644
1168
163
865
2372
209
1938
2913
2539
2329
2806
398
655
617
2018
2098
1683
2406
685
146
1634
1248
2868
2566
1852
609
1874
1596
2564
2120
2163
771
1541
663
1745
1636
2765
2579
2699
772
2716
877
2561
2670
684
191
652
2604
113
2076
1920
914
549
1676
2833
1130
2378
2367
1109
1371
2337
2477
1917
925
1389
348
2546
2150
20
1313
2403
2390
2672
1158
56
557
210
1331
2071
1971
136
1845
2412
1414
409
2449
755
2824
1290
1012
2045
2557
541
2514
1453
1115
2455
880
924
143
400
1057
1204
847
138
812
197
567
1363
1384
489
361
1641
385
1991
10
2893
1651
1670
2295
2887
1150
1685
121
1397
498
1026
2488
1303
1152
1407
2350
1774
1172
1492
2764
581
1173
2429
2941
468
1965
1628
2788
2134
2637
1810
2694
2
29
1614
1463
1388
1538
36
2657
2055
1617
2132
1257
1462
538
1321
715
2700
425
656
2192
83
1260
515
574
2585
2123
2417
2292
388
1671
349
201
1646
1121
2193
797
2521
2128
1127
2822
1497
1394
1858
215
1067
2353
1930
1526
1135
2227
2011
2366
2400
1663
200
1537
2158
1092
1899
2904
233
558
1119
2740
2113
778
1717
116
2776
455
1403
1857
1241
503
313
2876
2457
1179
2671
821
590
2410
1796
2083
1170
1096
1599
697
2506
945
1205
302
2110
1416
825
1990
1307
2685
2168
1149
2558
907
1876
2004
2667
698
1834
753
151
887
1887
1587
2711
2749
2890
1949
98
1881
1413
827
2586
2940
341
477
1406
180
2154
446
1992
2615
2028
1505
2712
2803
2037
1743
983
1348
1867
228
207
1724
2675
2664
2046
1266
1871
2137
2779
44
1421
2206
674
80
2041
1474
1347
1271
2789
1741
499
437
2751
2668
1979
664
2512
1868
720
1643
1612
2074
239
240
1029
690
2753
2651
1194
2202
1356
321
2652
568
1677
1164
2491
2271
2063
2556
952
238
1277
818
734
969
444
2391
2187
2714
1897
2364
1668
226
1531
1769
1140
2807
2801
2817
1493
1211
1355
2842
2905
1030
577
491
1723
391
618
1520
89
599
2252
2235
2523
756
2205
621
885
2174
2248
634
1978
2320
676
320
1432
2001
331
2924
2792
2208
1592
1087
1673
2398
1841
269
1381
356
633
54
1530
902
343
730
107
1706
2318
314
1019
127
1954
1742
78
943
23
826
485
2344
1035
2040
1430
513
2809
449
1203
2371
1023
1613
602
1515
528
2627
2448
2897
711
2183
2552
1590
2241
1503
923
1070
2426
921
2825
1324
651
2339
2365
164
2441
1187
152
2099
169
456
137
2108
364
1519
327
307
2209
1604
2144
2591
2152
802
795
1487
1466
111
2632
411
607
996
156
1594
497
2528
1117
2082
424
14
2581
1047
909
243
2305
352
1338
832
2910
1792
397
636
2048
1440
1528
2569
2439
759
2186
1988
1499
2754
1957
666
1521
2689
1552
1495
1180
1315
1736
2774
2170
118
2476
1536
2574
919
2922
2443
495
2901
2333
290
6
929
460
1571
1997
120
2335
2486
610
2303
1186
1865
1395
805
1765
2758
1447
2560
2646
2602
2742
564
267
2237
1906
355
2931
721
2084
1827
1783
2129
1376
2500
2090
2879
1232
1048
1727
1565
526
578
1577
187
897
1000
828
1359
304
575
2072
1562
2894
2027
790
2856
1058
2101
1551
1373
1094
2124
1071
1016
91
1619
1695
1332
761
2454
1675
559
1482
2891
732
2285
729
1217
2647
2204
2769
2219
221
2781
223
1704
294
1826
73
1780
959
199
2109
2505
704
394
2323
998
1415
1844
1199
2286
1240
282
236
840
1589
1730
402
2263
922
563
2415
516
2432
804
2416
1564
679
1367
101
75
1909
1392
851
2743
1074
2875
1086
1008
834
2475
1088
1591
1353
2107
606
2256
2494
1419
961
1358
32
2783
1490
2800
420
793
132
2023
2351
1975
2508
440
601
1259
418
1638
2105
603
2635
1583
2827
948
2846
253
1066
2607
1343
2601
1784
2281
2212
1285
723
1987
883
381
1772
159
2925
1404
1184
1624
517
1718
2639
1210
52
508
2264
1229
1126
2418
2146
45
93
1133
550
49
1963
1900
1220
2573
1039
751
1294
2157
2104
70
1823
688
2222
1476
430
1509
2811
855
1398
2790
1143
1425
2596
977
947
933
2609
1716
1735
1225
1597
1323
1898
124
254
2650
1654
135
1667
64
831
0
1593
2393
408
1707
1831
2756
2932
1542
659
1339
108
459
359
182
1236
453
492
114
258
2342
946
976
1751
486
2682
881
2673
281
178
928
2386
859
1925
2878
1427
1693
1450
2404
2625
2898
2795
733
2525
134
2874
2678
1439
2245
2522
2330
2377
35
654
2021
1254
487
166
1893
2723
1033
2431
1572
1856
2802
910
691
1962
2103
2869
1253
469
2000
2383
2127
1888
462
157
2308
354
2384
2017
1050
1623
2864
837
475
882
1752
280
2918
2934
2313
2131
2804
1653
1100
2778
1235
669
377
283
813
1350
2724
126
970
800
2797
2775
672
2056
1501
1191
1072
1330
917
2608
2114
1712
695
2722
1610
1773
1156
211
1249
1993
2189
289
2693
2572
2355
1932
2392
1076
1908
2903
1361
911
2479
1976
1125
523
2536
791
888
2621
401
823
366
987
808
15
1525
869
255
2636
350
2662
1555
623
1045
2474
1886
1807
1022
2848
2075
1261
2883
670
2658
1028
593
1044
1042
2752
1637
2660
862
2302
38
648
2419
1678
2851
2147
671
1489
2744
1165
1458
1749
1791
1534
2840
1357
2526
2184
1813
689
530
249
1846
2858
2578
966
1368
2695
2808
2663
2881
145
938
1581
2665
190
1996
1123
2153
2877
2052
276
1017
1202
1122
1516
379
1884
287
2676
1336
1674
1037
2583
1582
2289
2059
839
1436
936
2611
2463
1983
2551
1284
735
760
231
181
870
1472
2733
1244
1051
901
2279
2226
2294
1295
2831
1226
1095
2518
2379
939
2140
1106
47
2702
2914
1349
1916
1915
2346
908
712
2577
2394
1890
2706
604
185
158
2414
2298
2450
317
1408
551
2490
2567
105
758
1753
374
1161
28
40
1496
2584
288
1461
1790
1799
1872
323
1982
944
2221
2502
2520
2721
1948
1806
1830
184
1212
1360
1061
2606
2908
2732
2324
1719
2380
1171
1595
673
1213
2095
59
2929
1567
2565
2703
1175
2331
1929
300
1166
842
2444
1652
97
1464
297
975
2495
2349
2909
2336
117
1312
439
752
2863
1090
2515
2504
334
990
2459
2381
822
192
1974
2619
270
8
2499
471
242
1734
1644
284
100
2603
436
2002
2290
727
1607
1682
1256
1151
220
1292
2172
1155
1922
150
833
1167
1816
702
2136
2423
1554
2870
905
1848
1575
2785
1352
2710
2409
687
37
1785
1108
1027
1064
2787
529
991
230
510
1467
2425
373
764
2750
705
2563
79
1923
2886
2531
2541
844
1335
39
1252
2141
234
2725
505
1104
1431
1568
1903
1600
1757
2126
1801
1952
2535
2747
2275
2872
2402
1972
1448
965
1124
1640
2849
161
1882
540
457
2530
271
1478
1239
2259
2050
2251
627
2832
435
1391
1372
61
382
1337
643
2612
2328
293
1686
2690
2915
1789
34
2433
1426
149
920
1141
128
103
1713
1911
1947
2007
1838
714
2057
798
1138
1320
2545
1136
1420
1529
2265
620
77
1631
531
1446
2413
378
2587
2218
2085
2207
2301
2250
2025
413
2420
2763
2249
2834
1798
67
2201
1980
1804
470
941
1659
1013
2697
2534
171
2160
1101
1077
2180
68
229
1345
1747
2340
1412
1655
2745
63
1645
1740
2532
104
384
1396
1866
1548
866
1912
904
1080
639
2047
1409
582
1118
1989
1703
1311
2213
2411
2387
1275
2481
2062
2014
419
1192
263
2421
1097
1442
1586
1178
2388
41
2917
2088
2368
1089
773
2661
1689
1282
2630
322
696
195
1429
1230
554
345
2016
918
203
248
2280
548
893
252
1779
2424
1926
1935
358
227
776
308
112
2466
2369
2911
625
390
1304
1383
2270
1549
206
700
338
1251
2559
490
412
2748
584
1625
2053
142
2720
2516
421
2796
2224
527
1399
2648
644
2628
836
2405
993
801
2766
1961
2791
2086
2257
1262
1369
2191
2458
2322
1545
2701
1933
927
1864
2835
1967
360
1238
2734
2741
452
2438
997
555
2064
2401
2462
1078
1647
706
2548
1771
718
1832
99
1681
2005
1351
1601
1602
1139
824
863
613
984
1860
261
1733
780
1498
1344
480
2038
2230
1507
2178
2492
1142
2008
2570
547
2760
2267
2821
631
1054
1855
472
69
1851
1378
565
2728
2138
2544
2216
2638
686
2867
2012
1099
949
2217
11
2359
386
1457
1795
246
967
351
876
167
1093
2719
1953
1001
678
699
2066
2501
76
2900
1103
940
1630
2435
1068
647
814
2176
657
1883
2428
1224
1221
810
58
2316
2777
1060
434
788
1319
519
2731
1120
1480
1880
874
630
973
13
259
1188
450
2260
2736
511
2497
583
2087
1609
464
1968
777
980
775
638
217
2029
2599
1998
710
1618
1291
1306
2247
65
2312
66
2042
2009
1690
2238
619
660
1657
371
1809
1263
1999
1208
1697
2633
1417
1709
483
2683
57
2471
1286
763
1725
478
245
616
353
2321
2284
2845
2288
1084
1289
994
1031
130
84
148
2338
279
1642
796
2258
1611
2341
1616
1010
1766
1327
803
4
562
1758
1584
1818
332
1905
592
514
140
579
2354
1276
241
1627
1944
1800
1034
2730
90
2527
1633
524
809
635
1598
1116
2234
1664
458
1694
1805
1021
1114
2829
2277
2865
982
767
1778
1684
2704
913
2634
2094
2185
553
2549
1471
496
2164
1402
303
1824
1091
1946
806
2118
2117
399
46
1227
1299
2681
1739
18
319
1877
2039
716
1287
1737
2003
88
1025
310
1522
1274
868
522
2818
960
2246
781
2026
1829
2460
144
479
109
2759
17
1508
1393
622
1502
1523
1014
2291
2884
2274
1288
2480
2375
598
2332
784
22
1518
1201
1300
1850
2568
2173
1380
624
891
264
2482
2554
542
2299
1316
2927
754
1216
1281
2509
2306
2768
1514
1215
133
2713
896
337
1465
1833
661
1794
1007
958
406
2836
1279
2590
1207
2446
856
1563
637
2866
757
736
1759
2190
2698
2746
2283
2396
2600
2407
501
272
597
2078
1374
1032
2079
2862
2595
500
878
179
1451
1648
318
1937
95
722
2073
74
1984
509
25
1293
737
747
1105
2427
1815
995
2854
926
2326
2853
2043
431
2223
2348
2757
31
222
2798
1754
1506
1559
830
2022
1195
2232
838
1046
443
2939
1535
141
2655
668
2210
1662
12
717
85
2598
2819
2467
2195
535
694
115
1233
665
340
1750
21
2068
2437
2165
649
1310
251
900
2148
2483
2624
2936
416
537
2823
787
285
482
48
591
2374
1456
2537
27
1454
2345
2498
1879
1896
2030
86
662
1273
1945
2461
981
2334
683
2262
2614
7
1098
692
1214
309
1340
82
43
1053
1314
454
1966
1062
414
1665
1691
1973
1781
2517
81
2826
2269
2641
2592
1985
346
2616
857
1748
2182
854
2347
2484
1579
1820
626
953
2273
2242
768
1786
2363
2837
1986
1639
861
306
1892
628
999
1481
724
465
1500
1666
173
1148
2659
1672
2254
1177
1317
2119
1309
225
1049
680
1110
2472
1894
675
560
1914
2892
447
2307
681
2691
3
1969
467
2815
1385
1629
1428
682
512
2015
1847
2327
2125
1379
395
2850
744
1731
125
335
2933
324
2293
2282
235
417
1342
265
799
835
2177
2276
1418
585
1970
277
1005
1006
1079
257
1744
1052
1258
1931
1918
2473
55
525
1679
1977
988
1134
2930
1812
566
2300
1325
2805
1085
1904
1687
899
2272
2755
1174
2061
1777
2214
572
295
1375
110
774
615
2653
2718
873
2814
1764
1386
1209
556
2106
1573
504
1036
448
915
748
1760
2010
2422
783
193
934
247
183
614
2203
580
333
363
2091
2553
2686
2885
1721
2304
2054
518
971
2629
2067
216
1486
1144
2112
2623
932
1113
1726
2352
451
473
268
170
1364
507
1891
2452
1059
1329
1889
1711
1193
974
765
177
2311
703
2297
2220
1924
2594
930
1510
380
2019
9
1069
488
1377
2487
2677
372
2705
1701
2049
2069
176
2442
2889
2771
2179
2149
153
693
2799
198
2707
1802
1940
954
250
1839
1921
1570
24
2065
1024
339
1842
2243
2762
262
986
1608
889
445
1198
1660
405
786
1280
2680
1129
1927
2696
256
122
2880
1272
552
1849
1346
1544
208
588
224
2896
2613
298
1444
2813
2360
1234
1658
1632
16
942
1620
968
2361
1333
1635
2538
1475
1438
2810
2268
1539
2782
2465
1081
1532
1569
2024
1004
785
1223
2070
212
1746
1242
611
1181
956
2935
1859
311
879
864
561
162
432
1301
2382
1836
2058
1696
2181
494
1268
2325
677
2928
612
1524
1622
2684
894
875
165
1308
315
1546
368
1862
1159
336
1160
2309
296
19
978
658
2478
1762
326
2436
1222
2151
2493
951
2687
2812
2645
410
392
1910
1162
26
2111
1787
370
1206
2451
2873
972
2839
1231
769
1863
1951
841
1382
312
42
1169
2159
2852
2737
521
2244
2780
438
2130
2857
750
815
1318
2485
2524
1157
1822
1366
1400
2938
1189
1073
1936
1566
2447
979
244
1265
2006
1153
2143
766
1015
2092
1296
1578
1901
426
147
2688
2709
589
2582
1040
427
186
1956
762
811
2679
2287
539
1527
912
2357
1264
188
213
463
1445
2253
2188
2115
2211
1788
218
1775
175
989
2194
1237
344
2097
1661
1585
2916
1441
1390
2767
2470
2882
645
1411
871
2445
1761
2640
740
532
2503
72
2013
1960
741
1553
2656
1560
1814
214
935
1365
992
2772
1183
853
155
2912
2642
985
731
1131
1423
2096
898
50
1250
846
2715
2649
404
728
2236
2726
205
2626
1885
2310
2855
403
1328
2513
1196
1756
1334
53
1994
2166
1825
895
174
1981
2919
1302
576
1041
1422
641
260
955
587
1128
2550
726
962
1728
2830
1063
2077
2197
2215
1821
2261
1082
1003
106
1955
461
1176
383
1710
1919
5
1574
1803
1468
1558
2533
2620
1729
484
1964
903
586
1111
1043
608
1154
963
62
632
596
1776
2370
1615
964
286
2547
2761
2373
2358
1185
2622
667
1401
1543
2033
407
2161
816
2674
1603
2102
867
2171
1326
1869
536
2175
792
2469
1267
2142
2044
1018
708
196
1137
1755
2196
2843
342
852
2228
2895
1479
653
2356
1469
2605
2816
2315
1797
1588
916
2430
746
2617
807
1580
2529
1782
2906
1512
2032
1950
71
890
1840
1341
1020
1928
1132
849
2844
376
1283
2738
2489
2385
393
2155
273
493
1269
2735
2317
1576
357
794
1112
2081
1433
1902
2434
1873
2278
2770
325
1605
2575
506
2871
2888
937
1075
2496
848
2089
1246
1533
219
168
2343
2319
291
1692
422
330
1056
1913
274
1255
2133
275
1656
2240
640
1473
1835
96
2200
770
1218
2589
160
629
2510
204
1483
950
1197
2562
707
2542
232
375
2597
2397
301
646
2543
1808
1732
600
1870
1477
1011
2784
1002
1934
571
202
292
1435
2511
860
92
347
569
365
546
441
1247
2198
1817
544
892
742
299
1939
2199
481
2034
2692
1698
2902
367
2937
1009
2773
415
1437
2540
1763
442
2820
2314
2145
1714
1511
2739
743
1322
1547
154
2793
2861
1491
1959
817
1494

