1 0
2 1
3 0
4 1
5 1
6 0
7 1
8 0
9 1
10 1
11 0
12 1
13 0
14 1
15 0
16 0
17 1
18 1
19 0
20 1
21 1
22 0
23 1
24 0
25 1
26 1
27 1
28 1
29 0
30 1
31 1
32 0
33 0
34 1
35 0
36 0
37 1
38 0
39 1
40 1
41 0
42 1
43 0
44 1
45 1
46 1
47 1
48 1
49 1
50 0
51 0
52 0
53 1
54 0
55 0
56 0
57 0
58 0
59 1
60 0
61 1
62 1
63 1
64 1
65 0
66 0
67 1
68 0
69 1
70 0
71 0
72 0
73 0
74 1
75 0
76 0
77 0
78 1
79 0
80 1
81 0
82 0
83 1
84 0
85 0
86 1
87 0
88 1
89 1
90 1
91 1
92 1
93 0
94 1
95 1
96 0
97 1
98 1
99 0
100 1
101 1
102 1
103 1
104 1
105 0
106 1
107 0
108 0
109 0
110 0
111 1
112 0
113 1
114 1
115 1
116 1
117 0
118 1
119 1
120 1
121 1
122 0
123 0
124 0
125 1
126 1
127 0
128 0
129 0
130 1
131 0
132 1
133 1
134 1
135 0
136 1
137 1
138 0
139 1
140 1
141 0
142 1
143 0
144 1
145 1
146 1
147 1
148 1
149 0
150 0
151 1
152 0
153 1
154 1
155 1
156 1
157 1
158 0
159 0
160 1
161 1
162 1
163 1
164 0
165 1
166 1
167 1
168 1
169 1
170 1
171 0
172 0
173 0
174 1
175 1
176 1
177 0
178 0
179 1
180 1
181 1
182 0
183 0
184 1
185 1
186 0
187 0
188 1
189 1
190 1
191 1
192 1
193 0
194 1
195 0
196 0
197 0
198 0
199 1
200 1
201 0
202 1
203 0
204 0
205 0
206 1
207 0
208 0
209 1
210 0
211 1
212 0
213 1
214 0
215 0
216 1
217 1
218 1
219 0
220 0
221 1
222 1
223 1
224 1
225 1
226 0
227 1
228 1
229 0
230 0
231 0
232 0
233 0
234 0
235 0
236 0
237 0
238 0
239 0
240 1
241 1
242 1
243 0
244 1
245 0
246 1
247 0
248 0
249 1
250 1
251 1
252 1
253 0
254 0
255 1
256 1
257 1
258 1
259 0
260 1
261 0
262 1
263 0
264 0
265 0
266 1
267 0
268 1
269 0
270 0
271 1
272 1
273 1
274 0
275 1
276 1
277 0
278 1
279 0
280 0
281 1
282 0
283 0
284 1
285 0
286 1
287 0
288 1
289 0
290 0
291 1
292 0
293 0
294 0
295 1
296 0
297 0
298 1
299 0
300 1
301 0
302 1
303 0
304 0
305 1
306 0
307 0
308 1
309 1
310 0
311 0
312 1
313 0
314 0
315 1
316 1
317 0
318 1
319 1
320 1
321 1
322 1
323 0
324 0
325 0
326 1
327 0
328 0
329 0
330 0
331 1
332 0
333 0
334 1
335 1
336 0
337 1
338 0
339 0
340 1
341 1
342 1
343 0
344 0
345 0
346 0
347 0
348 1
349 0
350 1
351 1
352 1
353 0
354 1
355 0
356 1
357 1
358 0
359 1
360 0
361 1
362 0
363 0
364 0
365 0
366 0
367 1
368 0
369 0
370 1
371 0
372 0
373 0
374 1
375 1
376 1
377 1
378 1
379 0
380 0
381 1
382 0
383 1
384 1
385 0
386 0
387 1
388 0
389 1
390 1
391 0
392 0
393 0
