1464
1276
2015
2031
775
759
2197
1199
2568
591
2361
628
1801
112
2573
3186
1554
1684
10
856
843
236
563
82
67
1632
3055
3190
2093
3222
3313
2796
1585
1924
181
961
995
851
800
1934
2367
3013
2985
1767
554
519
1170
3166
1327
1348
2866
823
3085
43
1150
3276
1074
1618
1677
1015
2916
1233
1681
3113
48
750
1891
1246
485
1730
1528
1931
1600
2834
2355
3252
2561
2206
2873
1775
31
1835
1978
310
1374
2146
1459
1342
271
2949
3251
1898
135
183
93
1367
1570
3293
1716
1084
2214
457
2236
1733
2061
1062
1407
3278
150
3101
933
2076
3218
837
2187
2936
1296
1657
2519
1254
119
2798
1370
1541
542
2941
1093
1355
2680
1987
970
2269
904
710
252
1939
418
297
1610
1031
1893
3226
630
1428
2147
1859
168
1802
3231
1304
1900
3045
766
1575
1140
3065
606
521
702
848
1519
600
1815
3185
863
1850
228
1830
472
1090
1190
2925
2285
401
1731
2752
128
2201
3014
1532
148
1895
1174
499
1758
1412
1947
3043
3206
224
1423
2081
2800
1138
919
1938
3301
1732
495
1520
3308
2884
2441
1192
999
762
21
1333
761
1759
767
560
304
635
2567
2097
173
2503
1634
1085
3087
2913
2507
2577
751
820
3046
1540
3273
726
3044
2945
569
2071
354
1762
125
2411
2538
3133
1524
245
201
1023
476
1525
3229
1706
2307
3012
908
2180
1584
2785
2053
609
2948
2728
105
1765
1823
1650
2263
2753
3029
1652
1955
1238
1576
367
2734
12
1448
1810
107
2581
1232
2170
277
2407
2397
2132
2604
2169
2403
1829
1535
740
2791
559
2779
400
1092
1475
2599
768
2688
641
1555
2179
2450
155
202
3225
55
3204
2749
743
2514
1873
2761
1637
1785
3169
204
98
1059
581
1726
3157
2350
2766
2958
1921
2136
2440
1514
141
857
339
3124
2129
896
1623
413
2928
769
303
2552
2893
3006
262
2998
2935
1668
1194
656
2647
3035
2101
371
543
2823
646
2536
2915
1187
1551
1505
2248
1779
2282
665
2272
2107
117
1699
1789
1160
3237
2432
850
390
1477
1560
1754
1783
1559
3093
2418
735
2715
377
2613
72
206
2424
1389
1148
184
22
2265
2398
1636
1347
1380
1462
1853
1831
2543
226
3126
582
990
2090
599
1098
539
2117
3209
3039
923
1217
1798
1275
1198
2533
1992
1491
2821
77
2419
1146
327
745
1226
3260
2929
927
279
2950
1833
1545
2571
2729
1588
790
783
349
3304
747
669
2394
616
1907
969
1422
1239
1330
1843
998
1717
930
2193
438
2962
1295
1757
170
2591
45
2436
2420
3180
3257
3289
247
3264
250
659
583
382
835
882
375
1953
18
2490
787
1103
501
758
2375
3220
1874
1511
287
1261
3098
1426
2428
2566
1127
359
2067
1855
2832
1176
1433
2632
2977
2717
1940
2399
1373
1253
2284
2295
2751
2906
1629
2267
1265
1866
1075
3279
1147
865
589
2723
1302
1688
601
2562
2597
1285
1659
3161
1870
2580
424
3071
1114
1121
1678
1022
326
2297
1487
565
2311
2999
1539
888
1841
2996
2144
421
1234
2210
671
2125
2926
2381
1133
886
2396
805
3114
1597
3145
2673
2679
2799
3242
203
3066
387
2404
1413
580
2185
847
1521
598
136
2199
368
1526
1182
706
2181
2183
899
738
992
867
58
126
2029
314
3272
1449
2699
428
2748
1631
2491
620
721
2266
2217
1942
798
858
1944
632
3262
73
2480
2888
2057
687
422
2732
650
2921
2738
1869
2095
1499
1394
2478
1490
3108
49
164
864
2304
2864
1083
373
2808
3090
1952
3139
774
154
1911
1379
2629
2855
1132
2506
1183
2849
958
1377
1530
481
307
1357
3233
573
985
2709
3201
241
74
34
2666
3061
2002
1720
2400
1724
1949
2035
2662
3076
1361
1614
2023
2630
3005
2464
1945
1313
3102
966
517
1101
2835
280
1727
2617
2574
169
2377
1633
1746
1774
1598
2260
223
2437
570
2275
2515
1258
2874
445
1432
3158
1988
957
1954
689
2881
1517
2714
625
3011
407
308
1642
101
1466
1649
959
2564
756
1641
916
754
3051
1390
3001
3100
2746
1957
138
833
2055
806
1536
193
2056
246
437
2148
1053
2551
1469
2902
163
2611
1430
3103
1571
2744
1704
2075
1284
1773
461
514
3299
713
1107
1755
709
605
2157
1749
1748
3118
2104
2154
980
1958
1916
2784
2819
2458
205
2442
51
1537
198
3134
1621
2919
2917
1248
120
652
2757
2763
1599
1209
192
266
1167
158
3138
65
2086
1694
2595
3184
1096
778
2249
649
1741
2730
1886
1071
2553
2050
592
2708
911
2937
3200
398
577
1793
537
3271
1851
2946
362
1306
88
2997
3300
978
442
2911
1745
608
1970
804
1298
2253
484
725
1229
2980
2707
869
196
464
2524
2239
1996
3216
1723
791
2301
1110
571
1137
139
993
1589
2882
2614
2484
2357
243
3219
1590
2321
2331
524
162
2205
2527
1689
2013
876
3120
209
2682
1601
1305
3151
2976
86
3130
334
1210
179
720
1574
44
723
106
1227
2128
2475
2830
1518
91
2344
1486
2416
557
195
2026
1529
2244
2851
1363
624
2216
1877
2123
2812
1045
187
2585
1292
3034
781
663
1582
1488
2831
546
2358
1840
1914
2583
132
2374
1822
2368
1155
1419
153
777
3104
643
3016
2526
979
2305
840
1950
1871
1933
1856
2570
2702
962
2783
753
1375
3141
574
796
342
2
3116
1063
1158
2243
1136
1744
1965
859
2077
1230
3075
2261
2122
440
2780
2072
3128
550
3109
253
512
555
1772
293
3174
3070
1725
1892
2242
2108
2380
2133
2153
2582
2390
2021
50
2058
3291
1033
161
151
2589
614
1399
2840
274
1154
1707
275
1492
1818
3069
1852
2642
2995
2498
1901
1134
1552
1166
2038
907
2660
3052
3155
2619
2315
976
3079
2869
56
2271
639
160
3192
1437
1799
2188
81
1303
2406
1104
3007
1691
1346
2579
1247
566
396
1500
2703
2010
267
1168
1014
1516
2878
2918
1998
1712
562
872
175
2634
3146
329
1049
2139
2296
757
1159
832
1038
748
292
2633
2770
3078
498
394
802
2610
1986
1465
3188
1360
2853
2452
3254
3207
1185
2970
468
949
1371
341
3235
944
1813
1595
2975
2485
2472
1046
2135
54
3156
862
2803
2467
3127
227
2681
364
813
1613
167
2476
1012
182
2635
807
3249
1527
920
84
2767
1006
2880
2943
1345
1252
1556
2431
102
849
1662
2306
905
1544
288
234
588
2395
1498
1105
2409
379
2262
1097
836
2870
1489
2646
466
1644
1188
2620
660
2959
1622
627
1804
996
941
696
1546
2096
3202
889
1309
2651
1643
917
1130
2899
2931
2691
607
2930
2224
2365
2370
3003
3281
3253
1737
397
994
2113
2372
814
2862
1971
1685
3312
972
2338
2675
2718
770
1366
2565
3224
2612
1028
59
2841
613
2747
1973
96
378
2631
811
3038
3002
1442
576
1666
939
2373
686
852
1837
2325
2162
2847
2382
1329
1289
1479
2387
1397
932
1277
2159
2653
2454
809
1362
127
648
2085
1382
2167
1995
700
2020
2220
361
1565
294
2861
771
1331
89
1162
1738
3183
2402
567
2028
441
3054
2300
1937
2598
2332
2142
1268
1269
188
1702
1034
2138
2241
2278
3129
2155
1002
350
2089
2191
2334
1319
233
1977
42
3099
435
1880
494
83
1030
3182
2687
2664
2804
2429
2434
2119
2693
891
1476
2644
1908
2287
988
1165
1463
701
1218
1484
1567
2158
3095
516
2030
1826
2695
730
2408
1700
1478
147
1794
2178
2310
2168
3179
925
28
1983
2559
1036
2951
470
2672
1354
2894
1890
276
2555
121
318
1603
931
1531
210
68
744
2556
662
1839
2341
1803
1441
1847
1882
38
2393
1534
2792
2230
1204
1201
1299
312
3306
1897
578
2427
2078
449
3143
533
2731
2074
2649
2765
3311
1865
2922
462
1404
973
2166
842
1438
1047
2254
3267
356
737
3088
1241
1764
538
3027
282
1680
1669
1068
683
1396
587
1409
1301
674
399
953
1080
2143
2676
1887
877
1007
3298
1293
1470
2417
2019
634
2080
410
2774
2903
1264
561
2474
2859
2386
637
2942
890
430
1930
1338
1021
2298
1739
2904
1586
510
1421
942
2011
653
1129
2494
2164
3026
2322
365
7
1672
2932
2500
1920
1522
200
1994
3162
786
1260
928
568
2351
2156
1583
75
2756
2690
489
3106
2100
3178
2251
2337
2865
1697
2764
1928
237
1175
2115
785
3275
1451
177
2371
1667
3112
2575
1884
2308
2956
1311
1962
1058
1435
301
480
2600
1326
2049
2088
2838
518
1638
1310
1625
2008
1864
1868
3077
2547
1065
2426
2413
1414
3056
2615
2955
2827
1686
1086
1828
270
3131
1052
122
808
2987
2204
2777
3163
2258
1445
300
2218
2005
3194
727
2330
1119
515
529
1876
3310
1308
1278
644
1854
875
586
1349
732
2313
3248
2626
2802
2758
218
2722
690
1604
2052
1235
2771
883
1676
1915
964
1692
681
1777
1956
1474
2120
2510
1282
1656
1827
3068
655
2116
547
2781
2669
2098
2255
831
1102
2492
3020
323
1512
3082
1658
336
780
3022
3067
914
2000
321
191
2586
1406
87
965
1044
1273
1206
1410
688
3004
2953
1932
2643
2914
1197
1018
402
2528
1312
416
2809
2727
2451
2463
672
52
427
434
2782
3177
2303
2070
1607
1017
1051
3025
1999
1936
3212
408
1378
2539
1943
845
337
1272
1332
2024
2289
1902
2535
670
2563
3217
3081
2410
2226
2833
1385
2508
2991
2697
2445
1834
2609
549
404
2456
2430
3176
2775
2293
714
1416
3021
2826
2895
2698
934
2149
1710
2807
1687
1786
1291
272
642
1849
2628
389
33
3160
1029
5
2225
1108
505
2979
1885
2677
540
2852
1974
2857
1267
1564
1220
2017
1548
846
1735
47
2684
1919
1087
2546
926
2036
1024
3080
453
1376
1171
197
1997
1458
3009
752
1966
610
2288
2529
2264
35
1461
232
2871
2359
1019
2993
2797
1661
3142
254
1790
797
185
2054
3228
1606
474
661
1180
130
2131
1981
838
1888
1286
41
78
2192
1223
2060
2453
880
989
1323
289
1857
975
870
1889
1008
1948
1628
658
2621
799
2759
1151
1743
124
2986
2868
1240
53
1812
3033
1796
15
595
186
500
1041
2787
695
1207
2127
2196
1067
2477
1961
2202
1343
381
214
2051
451
2376
691
1718
2700
1037
1608
4
860
338
612
2513
1951
1800
1447
2099
1875
1918
9
3294
1125
37
1431
534
2768
1257
1627
1365
3240
3280
1056
3244
261
2489
351
3147
455
1708
1580
3255
1256
818
2137
436
2292
2016
909
1249
1711
1228
2172
552
2655
1820
742
2762
1693
2908
2229
2221
3211
2509
2499
2268
2557
2966
1216
2520
1073
2497
861
2994
2696
3136
1113
2971
71
1000
1383
3152
765
1653
1143
954
1845
1112
636
844
2425
1923
629
3172
3214
1660
977
2461
2383
95
603
3149
1734
2544
2692
19
1026
1917
1563
61
2329
2389
1040
3092
482
2324
2504
2246
1984
2462
36
2721
1698
1682
1081
363
3236
1076
2487
229
2924
322
2836
3288
682
2483
238
2627
1388
1817
1989
134
2940
1178
1405
1079
2259
1771
1508
2237
2328
286
2481
657
1569
2964
3246
32
1557
935
1860
2705
145
731
2190
235
346
1070
3062
3123
1005
829
1163
3287
1446
2319
1927
1967
395
1503
178
2033
1391
2639
2312
2495
1858
2537
1202
1768
2522
1542
23
1221
2176
2511
2601
3059
3284
1549
1905
2388
1848
1620
504
2378
2466
1816
2207
1635
419
1719
2443
3060
3232
2658
1787
2740
615
2848
868
2473
893
945
165
2637
2065
2280
1523
2587
716
987
2279
795
264
1671
717
190
217
1415
2540
2674
1300
2934
2560
2025
3017
2532
2548
239
1566
3050
520
1903
2822
1094
1211
2668
619
1095
212
2439
3137
2209
146
2961
1
2006
459
144
296
722
467
679
1089
242
1985
1318
2044
2235
439
2102
281
2470
1339
1353
2459
1624
712
1411
1472
465
2018
1792
2320
1572
1862
3290
2349
1369
285
1315
2152
826
2501
1872
2905
2829
1177
3215
256
3168
2360
2314
884
1602
3250
2670
2059
2678
415
64
2277
1497
2814
3159
523
1721
3270
1436
1111
855
1611
331
1825
830
2505
1181
450
553
1663
2704
1352
1142
2045
1122
1909
2712
2245
458
1259
1654
2182
2786
1340
2877
1640
231
2034
3191
1533
724
2299
447
2719
997
1504
46
2479
2984
3193
1991
3153
1368
897
2824
1780
1547
219
311
3265
525
3210
1452
3057
3274
2354
841
527
2978
1099
3032
572
3008
1287
1979
506
2965
2465
409
793
1322
2414
298
1020
2625
2496
2657
2735
2885
2952
1153
1553
97
1543
1395
1328
3117
2455
1242
380
2339
3031
1453
1646
137
2247
640
1781
2423
590
2502
1401
1270
2482
2549
2837
2900
1003
2716
2256
1393
1679
1186
556
968
974
821
2839
2233
1468
1189
260
369
3119
528
2004
194
1219
2818
115
2276
2590
2186
2384
2608
477
881
1701
225
3047
1358
1819
526
1578
302
764
2145
2352
2875
912
446
1381
1861
2457
1281
536
3307
2213
90
1630
1501
215
1057
1824
2594
2554
94
2603
3107
2444
2745
2348
2364
1550
2713
801
1605
2901
803
2521
6
1386
1756
2073
29
2960
2910
372
2659
1515
3268
2772
2856
2578
2363
3256
1297
1440
1335
2606
1558
3196
760
1408
1280
2083
1317
3171
1483
2460
460
1736
1879
2041
728
3197
963
3221
366
1011
1594
894
199
2103
1398
1042
812
316
1969
3089
114
2992
675
960
2323
207
508
1651
1341
2671
2923
1506
2222
1359
733
1123
1027
1728
2801
692
2014
1424
30
1695
1384
2525
910
1935
638
2584
1320
2111
2828
1082
1439
156
1784
2333
1066
2588
892
1255
1838
1538
2257
2947
2725
104
3309
773
353
2665
1128
3241
221
902
991
1054
383
2003
405
1495
2415
1925
2094
853
1055
2228
772
1088
1766
1639
1064
873
471
1980
2421
2121
1262
3285
1647
1193
2607
575
903
2198
320
952
3053
2316
305
1878
411
2109
509
697
1164
3234
429
898
2973
3105
2105
585
1418
268
1714
936
3097
491
1117
2652
1592
1444
2858
2645
2493
2335
108
878
1673
1655
1926
324
3040
2240
317
3170
1664
40
2769
116
1283
667
2726
3094
2685
1013
216
284
406
2234
1215
2706
866
328
633
703
1427
1912
20
2283
473
3164
3243
2141
1316
1004
1750
2974
497
1968
249
1467
391
2954
715
1131
1072
2291
118
1493
1577
448
685
502
2273
2742
1821
621
1203
3019
483
1993
2227
2516
2710
2062
789
2972
3041
2909
1674
1400
3064
8
343
1372
2252
2082
1392
1906
1609
2593
2353
1124
2957
604
3187
2290
1976
1964
240
142
1009
901
2189
1805
1761
2327
1025
3227
3083
815
676
1782
143
664
2385
2063
2194
2422
885
347
414
594
1237
2623
113
971
1032
763
2486
1222
1314
2471
535
1769
816
1972
159
456
1683
2112
2208
1753
871
332
1077
403
558
680
69
2795
463
340
921
1615
140
2064
1713
1078
1145
895
24
929
3261
2215
913
258
174
335
2886
1881
157
828
325
2969
2650
617
3295
2754
2743
788
3213
1982
2545
3296
1960
3286
309
593
1715
2318
2043
2326
2605
2173
92
1568
2820
2550
248
1648
2468
1336
1959
719
776
433
668
938
2488
1321
943
1156
1722
810
2274
1844
1832
2012
2750
1788
1883
3230
1502
3282
507
532
2130
1307
645
3121
1039
2846
2790
2066
2001
1455
1402
1946
1703
1266
370
1334
854
522
564
2889
452
2558
2938
2891
1591
937
66
2232
2983
2816
1115
2446
3010
2027
2068
986
1776
982
3111
319
352
1579
2793
2982
2569
2448
1224
1429
1809
2810
2087
3247
1481
2438
1645
2366
2531
420
1149
3203
824
2968
2636
3000
152
684
1144
2342
3303
1778
2345
257
3132
2883
1288
3198
530
493
3018
1091
1245
1356
755
265
432
822
956
967
981
3049
1619
654
900
1910
431
392
503
2523
1587
1573
273
2736
874
1214
2195
443
548
3195
3238
2654
27
918
2512
1434
1867
3208
2250
1010
2212
385
3173
1963
306
531
1913
579
1763
1344
2739
222
1471
2944
2362
2618
3023
906
2661
425
2048
3091
2091
2449
3058
1457
330
269
490
291
1420
2309
478
1899
2844
3205
2106
1169
1705
1200
1337
1195
2811
946
376
1325
2174
1251
3269
2760
2967
2854
1118
2867
1616
14
1929
2433
189
1172
1485
2069
454
3189
3030
283
739
1139
2789
1250
1191
2046
57
1752
746
2286
1896
541
2238
2270
647
2211
1806
839
834
1173
2624
1990
1043
109
1244
278
1048
99
1473
545
2667
2541
1561
85
2530
2294
1513
1263
1274
2741
1443
947
1279
259
749
2340
2203
2369
3024
2907
1941
1496
2927
2171
1060
1417
2079
2412
1626
3072
1290
111
678
513
2114
1294
2346
2084
230
2981
2939
2694
388
3125
496
1509
2219
1403
1016
3074
2640
3096
2317
62
2110
2447
1842
819
3165
2347
333
651
469
736
3175
2356
3245
2040
1836
2602
2733
3199
1351
315
3181
887
1751
1324
3259
2813
2517
2794
673
1811
1770
3073
2850
2572
25
0
2896
60
2788
2022
1179
492
129
1797
2890
2007
3258
344
1709
2701
2656
2988
951
2689
879
3048
180
100
3148
1814
2047
3122
263
3086
955
1975
2336
1460
2140
1510
3110
211
2638
693
2663
2897
694
983
1152
2379
1593
110
1690
1106
3297
3028
172
2737
707
2755
2778
2151
2825
1001
251
487
2596
2990
76
3063
171
1364
1035
825
1740
3115
1141
1454
2200
2876
2542
1846
2401
1808
417
1196
2776
133
63
1480
544
486
2963
2037
488
3036
17
2920
1670
1507
2177
2806
2092
1729
1596
2184
345
1225
374
734
792
3154
1387
2622
782
348
779
2175
1271
2576
584
313
2989
2887
2392
2281
2892
2773
2683
3277
699
3223
1126
1184
2805
475
2126
1791
677
2039
622
131
1135
2641
705
551
80
176
3015
1100
3135
794
426
817
611
2863
3263
1425
631
1665
623
2391
922
1161
1675
708
1205
1069
1212
1617
3305
2879
2223
2933
950
3167
2042
924
39
1760
3302
3150
13
1116
1795
2150
2843
2842
2118
393
220
1456
2032
255
70
741
1482
3
16
423
3283
915
2435
1581
1450
123
295
1696
1742
299
2860
940
26
1904
2009
2720
3144
704
602
596
1236
2469
2898
79
412
11
444
784
2343
2163
2302
666
2648
2817
2405
208
290
1894
2686
1243
384
2161
1061
2134
511
166
2872
2711
2518
711
1562
360
2165
948
1612
1807
3084
358
3239
1747
2534
244
2592
3037
3292
718
1208
2160
618
2912
479
1050
2231
827
3140
1231
103
1157
2845
2815
626
1213
3042
729
1922
1109
597
698
2616
3266
1863
984
149
2724
355
357
386
213
1350
1494
2124
1120

