1027
1312
2621
1337
323
196
1903
1698
1325
1315
200
2492
303
451
2301
2817
1810
1408
311
2506
2106
2744
809
1204
2586
1901
2214
2194
1771
1606
2606
675
2260
2832
286
822
2619
1866
1676
587
2459
1900
14
2091
511
1642
924
1086
1216
2127
1046
15
2248
2825
2075
1301
291
2767
1489
2572
1593
177
794
1510
2808
672
1251
2314
512
1449
1565
661
2156
2053
154
678
2746
1149
1152
2136
7
112
2936
1259
436
646
185
1841
165
2684
2192
2360
514
2084
2311
1696
875
1366
2148
8
2359
1356
553
2203
1814
1369
1559
1249
1387
2909
399
2665
418
876
1024
742
2678
1677
2698
945
1381
2599
2692
2118
1873
2733
2057
1061
2117
842
579
357
592
1465
219
2166
636
1609
2827
1434
266
43
1765
2310
960
124
1888
2481
1770
321
776
929
452
1844
887
45
1525
2357
1459
1035
1207
2146
691
474
1067
2077
2295
948
2700
1421
2246
182
596
319
2472
2548
171
213
2373
2873
684
718
1860
1740
532
2610
41
2419
1452
891
2760
670
2927
42
808
2051
1881
912
1123
1723
250
1182
37
2851
1414
2892
714
2719
1109
1095
2737
52
2688
2513
943
1193
434
721
2505
620
440
2337
1005
424
470
991
1645
756
1757
1922
1562
2279
1007
1588
2794
1767
981
2553
366
1165
2908
2813
2633
1442
2565
1177
2646
1088
243
77
1238
1041
1610
2826
1329
959
769
1934
209
2660
1682
1670
136
2243
1729
1916
2330
2402
1995
1229
1317
590
1487
2090
2313
1497
1572
1557
522
63
1519
2522
1576
1541
683
1760
631
1331
564
1779
1737
480
1318
817
1584
1861
1016
2538
391
595
363
2526
2556
2151
859
2821
2417
1716
688
2911
261
990
267
2912
1878
192
814
20
2179
2905
2303
1971
2249
1570
1493
2870
292
1060
68
497
2846
963
2898
2353
2138
2270
764
1146
724
199
2676
2253
856
1726
492
805
1388
335
1637
715
705
2382
103
359
139
111
2222
2370
746
70
1006
1410
2026
2347
1481
2485
2308
1997
1999
1132
1074
1539
2644
2782
930
2490
1762
1980
2126
635
1427
229
1660
2781
23
1582
2727
2241
2721
1527
2796
1735
2750
2876
34
2358
1994
2875
2717
2441
2050
2102
1115
221
2747
1936
2597
1069
2331
2080
2344
1033
2585
1842
484
800
1530
751
737
784
1979
2771
188
2815
98
2487
2600
314
1586
747
1328
488
2558
1295
123
2436
1675
2916
1473
2933
1133
694
2427
1138
2257
342
1116
755
2296
1537
95
2631
1784
462
1849
2709
1592
1862
1538
2036
238
1435
1940
1745
509
2605
1990
1879
2878
593
1440
1362
2913
1983
153
2217
1496
99
2682
1612
2323
2797
624
2712
1044
2002
1961
1964
1896
2489
347
1340
1567
1413
1929
2612
1299
2076
1868
1685
2779
2278
734
2894
210
469
324
2623
1959
173
2152
557
253
570
2863
1547
442
2013
2362
2087
528
2785
968
1199
2254
1976
1913
2801
1223
2757
648
1336
786
2645
1403
725
1160
299
923
974
1513
1533
1466
1540
561
1278
921
2333
1686
1264
2735
330
1663
1219
2508
2732
273
749
2324
760
2920
838
2450
2018
1690
766
1417
2044
740
1634
835
508
612
1589
178
352
1804
979
1275
1876
988
1458
1231
1573
169
39
2931
1322
761
1134
1089
2165
2277
952
1129
1173
1110
1591
2884
305
278
1503
2552
333
458
2157
2446
982
2566
386
1966
1941
379
179
2904
2040
1986
2058
2068
961
1073
44
2672
1130
1838
2841
174
1827
135
2298
1009
2866
2786
699
2434
1984
2182
2071
378
2673
2368
860
2941
2141
962
2262
1367
1083
1644
797
567
1212
367
879
687
101
2171
2386
599
600
2263
1743
2740
2570
2632
795
2108
1288
2650
1836
1563
663
107
1137
1125
839
277
846
2500
2523
1750
2265
2242
1049
1302
531
2800
1818
1840
1855
2315
67
2748
1195
1615
71
2462
144
448
2405
2854
1681
2536
2803
1106
28
1902
1830
2422
664
1222
1000
1801
1376
2085
1554
2264
255
472
2850
489
1774
2806
1531
2703
888
652
2710
1338
2110
2356
1603
1380
1502
2374
2226
1566
1631
427
2858
145
2583
2461
2444
388
777
971
2083
1201
2181
1237
1448
58
1550
1947
417
1477
1659
1048
810
1981
1807
2069
1407
1748
190
245
1623
1544
1426
353
1796
736
2342
1780
2835
935
1406
2133
2073
312
1279
1157
2399
1925
1646
183
202
541
2297
2628
2230
1944
915
1148
244
2634
2283
2581
2221
161
544
1419
1920
638
1555
2602
1754
2377
83
35
2617
2834
1058
2038
272
1747
2496
944
320
2722
2140
798
1043
2930
1460
1010
2627
681
1135
1653
2063
2285
2882
843
530
2394
904
1956
317
588
1136
657
2807
1494
1806
1270
2376
1243
1835
658
300
390
2105
1523
1360
2281
187
1141
100
2078
671
140
685
2751
2486
581
2934
57
2033
1261
1648
615
2424
230
969
191
2716
108
2877
884
1078
1105
831
607
802
1526
585
873
2657
2754
2729
105
1209
1467
2023
877
349
459
2922
1802
1289
545
2147
2546
2464
2687
2274
2939
2066
1805
750
2234
2371
956
2479
1899
905
2104
855
584
486
215
713
212
264
2499
454
1450
252
294
2655
719
2201
2318
1601
2874
407
2047
1425
1164
1704
2480
1853
1974
926
2855
449
949
2272
2321
1352
1169
2749
2137
2010
430
1214
143
331
160
932
910
1333
1578
1618
2677
906
2440
2697
1886
1772
533
2130
2000
1850
1053
47
2484
2814
1839
1441
1280
753
193
1245
2449
479
1617
2575
2305
53
2070
665
2731
2626
498
467
792
2209
1097
589
2020
485
2568
1928
521
2223
2574
2708
880
1546
235
2664
1769
325
1709
2653
2442
2438
2856
1628
2469
1688
1104
2787
1551
827
1208
344
247
343
1098
937
2099
2155
606
2726
1390
2629
1832
195
1050
1794
519
2577
2011
2680
318
2089
79
2093
1949
2679
1969
2210
2852
2777
2547
513
1728
1348
415
1695
2895
2571
1556
2938
2198
163
2476
332
931
1736
2101
2477
1396
281
2494
752
1108
550
1951
628
676
2593
2398
1715
2775
2142
276
2081
2034
1475
1786
866
33
573
1444
576
2175
2510
1661
578
2531
2236
2049
2458
2439
2533
819
156
1327
2300
341
503
527
1175
1692
667
2562
2017
2555
2173
1432
775
1621
1150
1220
976
2637
1991
234
1797
840
2847
2443
673
2352
420
2139
2037
1113
939
679
1185
2840
2269
1756
1953
1897
1154
791
2116
1933
1055
457
1250
2596
2391
1166
1020
1639
2578
723
1304
1057
376
577
626
2590
674
1657
1938
1768
824
1176
1034
2819
1143
771
19
1240
2367
346
861
649
2918
360
572
2195
3
886
868
2810
2340
2601
2361
12
1580
1633
580
1893
916
2919
987
2329
2591
1121
2103
1081
547
2903
227
1047
1323
2616
2065
883
1051
2425
2228
863
2082
2509
2899
2154
1821
706
2346
1545
1988
1179
2015
2312
637
1699
1418
701
1464
830
2271
1613
1347
464
201
473
2375
271
695
2686
2906
1851
986
2718
2897
2325
1937
2769
1504
682
730
1885
2475
554
2109
1960
882
1911
1471
1070
2343
1399
1080
375
2907
1749
2761
1170
1379
552
936
716
283
2193
2463
1391
2307
1711
2086
908
2415
251
629
2923
1782
2245
1371
1118
1727
523
186
1706
1357
2208
2174
2302
218
1282
2738
1062
2186
1082
1162
1096
2095
1257
1968
1309
717
2354
947
128
783
640
1217
1344
1775
729
2199
2351
2293
468
1669
1759
825
1233
1703
1272
2689
804
1800
920
2067
2452
559
381
2544
608
2027
603
1351
1246
1989
2478
2111
1017
1324
2609
894
2178
2411
2765
1600
659
566
2022
2372
1178
2380
2584
1254
1652
1962
2891
1063
1884
217
297
833
2327
2543
2043
911
1678
2115
1761
2805
495
782
2286
2204
668
1915
2588
1552
1679
980
1126
524
2161
2537
2693
536
280
1665
49
2780
248
368
2497
1197
50
2857
260
2871
1739
1658
2404
1394
1151
1942
2524
293
806
1120
189
2035
1753
925
80
125
779
1004
642
428
1447
2145
1705
940
781
1274
526
1221
1722
1298
1230
385
2079
1891
2670
759
913
1874
1812
2169
551
2914
1194
2848
1783
2554
2618
158
826
1569
1789
1205
2395
895
2454
1719
2643
744
2401
211
2739
1624
2474
1535
1287
274
2406
69
733
1486
84
1608
2529
2180
1196
996
431
2430
989
837
529
2663
1894
2150
2164
500
414
56
656
2865
632
450
1605
909
1927
422
460
2202
437
421
1982
137
647
355
116
1488
2369
2009
1268
1374
348
380
889
1730
1228
2215
2275
338
2379
1607
2455
345
611
237
537
972
254
1509
700
2668
854
1114
354
6
1787
1528
1181
1918
1948
2349
1641
1474
2132
2636
506
2615
268
1462
2900
2551
2924
2743
2184
1370
2098
1404
680
1867
2639
2320
662
2317
326
1655
1463
2365
2447
2416
1763
1500
2937
1068
997
207
32
2541
697
2125
702
1412
1638
365
2758
2867
1
2092
927
2062
1856
1079
966
864
96
1854
2828
1147
841
762
494
957
1478
2383
232
435
54
821
22
1384
1455
1405
1910
106
1926
1001
758
2042
2799
732
18
1788
2579
62
249
2512
1950
1583
133
1738
534
542
1647
610
677
1532
2212
1211
2244
712
147
2804
1568
307
1656
2836
2742
2183
772
447
2534
2495
2363
65
2473
2589
1560
1694
1167
287
2159
2309
55
857
1332
1031
739
1529
285
2435
1857
2466
2879
482
1908
97
2642
1377
1691
1171
2158
438
1579
2471
1064
690
2723
1877
2569
27
1501
2702
1277
396
36
1101
1708
1514
1649
0
2833
520
2730
1156
1316
2390
1072
2240
2326
896
304
2465
2433
2421
1297
2890
728
1845
2232
205
630
315
1803
2041
2409
1574
1011
92
236
481
1813
1614
1168
654
406
1483
2131
2335
2322
1887
1622
2793
785
298
1992
2006
256
1400
392
1585
2759
1963
2021
2770
2216
2940
1042
60
2640
582
2332
505
1383
1117
757
478
1791
2029
844
774
510
1825
1139
709
2052
1290
1038
586
416
933
429
1932
2345
216
2893
1415
1153
408
2341
2582
2003
1188
194
1127
2218
2267
109
2177
1635
2872
1161
2336
2247
2289
310
453
598
571
2412
1094
2830
1189
2638
1602
2088
455
1599
745
73
796
1499
2423
2097
543
964
2396
773
1373
2046
1619
2860
727
743
1119
411
2603
313
1076
2207
2528
1811
240
813
1485
778
2598
419
787
1260
2348
2426
2755
515
1342
591
1684
2515
1446
2695
1292
1773
2316
2251
1924
1002
643
1858
2451
811
1087
446
25
2261
118
2774
1518
327
269
2266
2915
1263
1734
1522
358
1713
76
898
262
2170
1650
2888
852
443
2172
1343
2061
257
1163
1461
2224
483
1266
1445
1752
1724
546
1776
901
339
439
2392
120
2762
1575
1720
1826
731
1662
1262
2045
141
1285
754
134
1314
1651
741
1092
1852
17
308
2573
2220
374
1226
2437
1158
405
504
2414
2387
2539
1235
558
950
289
1124
1014
836
1946
91
686
634
87
1320
1521
2567
2560
953
146
502
2696
1032
1353
871
373
1099
122
2319
2290
394
356
1437
1741
1930
1917
1952
693
1829
722
1492
710
1236
1335
1306
2482
121
2160
549
1198
2622
2776
1864
2545
907
2928
425
2144
539
1680
1875
2007
176
2519
874
288
812
1793
1144
645
1643
2028
1234
40
2715
869
1300
131
1029
1102
456
2287
78
548
152
845
1227
2306
993
340
263
2611
361
622
1597
1190
1036
1702
594
1766
86
1683
1542
2714
919
222
1206
849
1882
2563
2503
946
2880
2284
117
2393
1808
1671
2048
1008
1673
1558
1030
807
1066
2176
157
1848
2255
2647
206
1978
491
1054
2520
977
878
2620
1286
1409
1438
535
890
2163
922
999
2734
1258
1512
1667
1393
1880
1365
350
2397
404
1224
820
1191
2784
393
970
1892
1281
998
465
2072
2112
2188
1809
1495
223
2239
2197
2129
2407
973
2453
2518
461
1823
1023
1271
1022
94
2864
605
426
26
2190
2654
1382
1847
130
1524
2790
568
401
1180
1025
1972
2128
2783
1744
2666
618
466
1040
707
423
64
2237
2385
1666
1186
2167
2213
847
2039
184
2470
1872
2778
1935
2901
2791
1003
1863
197
1401
850
1919
2432
1363
1571
1620
1451
1819
2798
1350
2032
1339
617
31
1364
1594
1210
650
903
51
2517
204
167
2019
170
1640
258
1596
328
241
865
978
1480
127
1172
2420
166
1985
583
351
2535
1755
703
410
767
1422
279
1636
619
476
1837
2445
2258
1577
2114
834
2
1904
627
1834
2113
1505
2338
1668
2624
2252
1265
1824
1507
1672
2683
1183
951
1939
295
738
242
2054
1506
2350
21
1687
2200
1869
181
1626
1225
2467
1296
2527
2587
2925
562
246
1077
1758
992
1590
225
1341
1111
172
1319
1213
2294
2511
692
2881
1595
614
698
1100
2225
770
1184
110
1846
633
560
1470
2736
1816
2074
902
1012
1831
119
1253
2704
538
322
2448
655
2025
2691
601
666
1820
2690
1358
2671
433
899
2630
1697
306
2625
1998
2932
1242
1508
383
1291
477
2378
1520
1145
1321
1457
1714
708
180
1349
377
2886
2124
2699
329
2789
1429
362
1091
1283
1712
397
1420
2238
1142
2669
2929
2094
150
885
823
151
2400
1045
309
475
372
441
2268
2711
1905
1664
1931
104
1701
142
2153
1439
1921
496
2824
2408
848
1843
2818
2648
1431
2189
2525
2122
444
941
917
1479
89
493
402
2235
1308
2107
1549
765
2456
208
2549
1241
46
900
1632
2926
1202
2795
696
2229
2493
2498
1430
1065
689
2521
1128
1313
975
2595
1987
115
2227
2674
1871
387
395
155
2756
1564
259
815
2768
1581
994
2120
1398
2594
1019
203
2614
1187
2030
220
1454
1084
61
1967
872
1310
1498
1397
2883
2413
1284
2211
2005
2389
2559
403
2910
149
2191
1424
2842
1965
1907
518
2381
1909
1294
2384
801
1476
1777
2491
382
597
2299
2724
1305
1895
1689
114
88
525
2772
1386
1026
1515
1021
938
1490
1218
1778
1890
2667
1402
1028
413
2123
10
851
2291
90
934
507
2641
1795
1075
1131
2532
602
59
540
48
2162
4
2576
400
1491
2935
2256
517
2143
2661
1629
1732
788
2016
2418
93
2004
1996
942
1828
735
828
2514
81
1443
336
1192
881
2859
1453
1746
233
829
2012
138
2728
621
2675
1334
870
1742
1385
296
2649
1112
1122
398
82
2741
2862
13
224
389
1553
1611
282
2507
1239
1395
302
1815
471
2292
1013
2822
984
2403
2185
965
2685
2504
2096
1731
1071
720
1534
2001
609
1355
1954
556
1977
2364
1482
2816
1267
2488
1627
1785
1970
9
1203
2100
1625
270
2896
1717
85
2233
2659
30
2388
1085
2763
29
1015
1330
2031
2059
1375
2720
2429
967
2288
2410
1707
1359
499
2187
2706
126
16
1107
1428
1293
2766
704
2219
1548
1865
2921
2205
2014
1517
2752
574
569
102
1159
1468
2592
1244
2273
1870
159
1303
1993
816
284
1103
1889
858
445
2060
2694
985
1516
616
371
1799
2206
2839
1958
2802
2557
24
644
1710
955
2658
954
384
604
768
862
11
1093
412
1883
1975
1798
1436
1354
162
1059
316
799
2055
928
168
1511
1973
74
653
2656
2304
1255
1733
2608
275
1781
2635
2119
1654
1674
370
669
1307
1456
1416
113
2564
2276
1433
2282
780
364
75
2607
1256
1311
2838
1056
1346
1536
2334
164
2820
555
129
789
2651
1247
369
1361
2843
2713
2725
867
1484
1859
2457
175
2339
575
2902
660
983
198
239
516
2753
625
2662
1039
290
2849
334
1411
2812
148
1693
432
2121
72
66
2259
818
2868
2250
832
2845
1721
2917
1215
1906
2853
763
2831
2134
958
2149
2516
487
214
1389
2885
1472
918
1957
1018
2008
2502
1833
711
1543
2064
2764
2280
1392
2168
1898
1630
1700
1817
2550
1232
1792
2681
1276
2468
1616
1822
301
1248
2811
1052
2328
914
1200
2869
565
1764
613
2231
1725
1912
2809
2887
1587
1943
803
2580
1945
1469
1155
2844
1140
2483
1598
2829
490
2135
793
1174
748
2540
337
2613
501
1955
1273
995
623
1790
651
1252
1378
726
1037
639
2460
2196
1718
1914
231
2542
853
2501
563
409
1372
2788
2707
1423
228
2773
1345
5
2701
1561
892
1751
1090
2366
38
1269
2431
790
1368
2652
2745
1604
1923
2861
2024
1326
2889
2056
265
2530
2792
226
2823
2604
2837
2705
132
2428
2561
463
641
2355
897
893

