1 1
2 0
3 0
4 1
5 1
6 0
7 0
8 0
9 0
10 1
11 1
12 1
13 1
14 0
15 0
16 0
17 0
18 0
19 1
20 0
21 0
22 0
23 1
24 0
25 0
26 0
27 0
28 1
29 1
30 1
31 0
32 1
33 1
34 1
35 0
36 1
37 0
38 0
39 0
40 0
41 1
42 1
43 0
44 0
45 0
46 1
47 0
48 0
49 1
50 0
51 0
52 0
53 1
54 0
55 1
56 0
57 0
58 0
59 0
60 1
61 0
62 0
63 1
64 0
65 0
66 0
67 1
68 1
69 0
70 1
71 0
72 1
73 0
74 0
75 1
76 0
77 0
78 0
79 1
80 0
81 0
82 0
83 1
84 1
85 1
86 1
87 1
88 0
89 1
90 0
91 1
92 0
93 1
94 1
95 1
96 0
97 1
98 1
99 0
100 1
101 0
102 0
103 1
104 0
105 1
106 0
107 0
108 0
109 1
110 0
111 1
112 0
113 1
114 1
115 1
116 1
117 1
118 0
119 1
120 1
121 0
122 1
123 0
124 0
125 0
126 0
127 1
128 0
129 0
130 0
131 0
132 1
133 0
134 1
135 0
136 0
137 0
138 0
139 1
140 0
141 0
142 0
143 1
144 0
145 0
146 0
147 1
148 0
149 0
150 1
151 0
152 0
153 0
154 1
155 1
156 0
157 0
158 1
159 1
160 1
161 1
162 0
163 0
164 1
165 1
166 0
167 1
168 0
169 0
170 1
171 1
172 0
173 1
174 0
175 0
176 1
177 0
178 0
179 0
180 1
181 1
182 1
183 0
184 0
185 0
186 1
187 0
188 1
189 1
190 0
191 0
192 0
193 0
194 1
195 1
196 0
197 0
198 1
199 1
200 1
201 1
202 1
203 0
204 0
205 0
206 0
207 0
208 0
209 1
210 0
211 0
212 1
213 0
214 0
215 0
216 1
217 1
218 1
219 1
220 0
221 0
222 0
223 1
224 0
225 1
226 1
227 1
228 1
229 0
230 1
231 0
232 0
233 1
234 0
235 0
236 0
237 0
238 0
239 1
240 1
241 0
242 1
243 0
244 0
245 0
246 1
247 0
248 1
249 0
250 0
251 1
252 1
253 1
254 1
255 0
256 0
257 1
258 0
259 1
260 1
261 0
262 1
263 1
264 1
265 1
266 0
267 0
268 1
269 1
270 0
271 1
272 0
273 1
274 0
275 0
276 0
277 1
278 0
279 0
280 0
281 0
282 1
283 0
284 0
285 0
286 0
287 1
288 1
289 1
290 1
291 0
292 0
293 1
294 0
295 0
