1 1
2 0
3 0
4 1
5 1
6 0
7 0
8 1
9 1
10 1
11 1
12 1
13 1
14 0
15 0
16 1
17 0
18 1
19 1
20 0
21 0
22 0
23 1
24 1
25 1
26 0
27 1
28 1
29 0
30 0
31 1
32 1
33 1
34 1
35 0
36 0
37 0
38 0
39 0
40 0
41 1
42 0
43 0
44 1
45 1
46 0
47 1
48 0
49 0
50 1
51 0
52 1
53 0
54 0
55 1
56 1
57 1
58 0
59 0
60 1
61 1
62 0
63 0
64 0
65 0
66 0
67 1
68 1
69 1
70 1
71 1
72 0
73 1
74 1
75 1
76 1
77 0
78 1
79 1
80 1
81 0
82 1
83 0
84 0
85 0
86 0
87 0
88 0
89 1
90 1
91 0
92 1
93 0
94 1
95 1
96 0
97 1
98 0
99 0
100 1
101 0
102 0
103 1
104 1
105 0
106 0
107 0
108 1
109 1
110 0
111 0
112 1
113 1
114 1
115 0
116 1
117 0
118 0
119 0
120 0
121 1
122 0
123 1
124 0
125 1
126 1
127 0
128 1
129 1
130 1
131 0
132 0
133 0
134 0
135 1
136 1
137 0
138 0
139 1
140 1
141 1
142 1
143 0
144 0
145 1
146 1
147 1
148 0
149 1
150 1
151 1
152 0
153 1
154 0
155 0
156 1
157 1
158 0
159 1
160 1
161 0
162 1
163 1
164 1
165 0
166 0
167 0
168 1
169 0
170 0
171 1
172 1
173 0
174 0
175 1
176 0
177 1
178 1
179 1
180 0
181 1
182 0
183 1
184 1
185 0
186 0
187 0
188 1
189 1
190 1
191 1
192 0
193 1
194 0
195 1
196 1
197 0
198 0
199 1
200 0
201 1
202 1
203 1
204 1
205 1
206 0
207 1
208 0
209 0
210 1
211 0
212 1
213 1
214 0
215 1
216 1
217 1
218 1
219 1
220 1
221 1
222 0
223 1
224 1
225 1
226 0
227 0
228 0
229 0
230 1
231 1
232 1
233 0
234 0
235 0
236 1
237 1
238 1
239 0
240 1
241 0
242 1
243 0
244 1
245 0
246 0
247 1
248 1
249 0
250 0
251 0
252 1
253 0
254 0
255 1
256 1
257 0
258 0
259 0
260 0
261 1
262 1
263 0
264 1
265 1
266 1
267 0
268 0
269 1
270 0
271 0
272 1
273 0
274 1
275 1
276 1
277 1
278 0
279 1
280 1
281 0
282 1
283 1
284 0
285 1
286 0
287 0
288 1
289 1
290 0
291 0
292 1
293 0
294 1
295 1
296 1
297 1
298 1
299 1
300 1
301 1
302 1
303 1
304 0
305 1
306 0
307 0
308 0
309 0
310 0
311 0
312 0
313 0
314 0
315 0
316 0
317 0
318 1
319 1
320 1
321 1
322 1
323 1
324 1
325 1
326 1
327 0
328 1
329 1
330 1
331 1
332 0
333 1
334 1
335 0
336 1
337 0
338 1
339 1
340 1
341 1
342 1
343 1
344 0
345 0
346 1
347 1
348 1
349 1
350 0
351 0
352 1
353 1
354 1
355 0
356 0
357 0
358 0
359 0
360 1
361 0
362 0
363 0
364 1
365 0
366 0
367 0
368 1
369 1
370 0
371 1
372 0
373 1
374 1
375 1
376 0
377 1
378 1
379 1
380 1
381 0
382 1
383 1
384 1
385 1
386 1
387 1
388 0
389 0
390 1
391 0
392 1
393 0
394 1
395 1
396 0
397 1
398 1
399 1
400 0
401 1
402 0
403 1
404 0
405 0
406 1
407 1
408 0
409 1
410 0
411 1
412 0
413 1
414 0
415 1
416 0
417 0
418 0
419 0
420 0
421 0
422 1
423 1
424 1
425 0
426 0
427 1
428 1
429 0
430 0
431 0
432 0
433 0
434 0
435 0
436 0
437 1
438 0
439 1
440 1
441 0
442 1
443 1
444 1
445 1
446 1
447 0
448 0
449 0
450 0
451 0
452 0
453 1
454 1
455 1
456 1
457 0
458 1
459 1
460 1
461 0
462 1
463 0
464 1
465 1
466 1
467 0
468 0
469 0
470 1
471 0
472 1
473 0
474 1
475 1
476 1
477 0
478 1
479 1
480 0
481 1
482 1
483 0
484 1
485 0
486 0
487 1
488 0
489 1
490 1
491 0
492 0
493 0
494 0
495 0
496 1
497 1
498 1
499 0
500 0
501 0
502 0
503 1
504 0
505 1
506 1
507 0
508 0
509 1
510 0
511 1
512 1
513 1
514 1
515 1
516 0
517 0
518 1
519 0
520 1
521 1
522 1
523 0
524 1
525 1
526 1
527 0
528 1
529 0
530 0
531 1
532 1
533 1
534 1
535 0
536 1
537 1
538 1
539 1
540 0
541 1
542 1
543 0
544 0
545 0
546 0
547 1
548 0
549 1
550 1
551 1
552 0
553 0
554 1
555 1
556 0
557 0
558 0
559 0
560 1
561 0
562 0
563 0
564 1
565 1
566 1
567 0
568 0
569 1
570 0
571 1
572 0
573 1
574 1
575 1
576 1
577 0
578 1
579 1
580 0
581 1
582 0
583 1
584 0
585 1
586 1
587 0
588 0
589 0
590 1
591 1
592 0
593 0
594 0
595 0
596 0
597 0
598 0
599 0
600 1
601 0
602 1
603 0
604 0
605 0
606 1
607 0
608 0
609 0
610 0
611 1
612 0
613 0
614 0
615 1
616 1
617 0
618 1
619 0
620 1
621 0
622 0
623 0
624 0
625 0
626 1
627 0
628 0
629 1
630 0
631 1
632 0
633 1
634 0
635 0
636 1
637 0
638 0
639 1
640 1
641 1
642 0
643 1
644 0
645 0
646 0
647 0
648 1
649 1
650 1
651 0
652 0
653 1
654 0
655 1
656 1
657 0
658 1
659 0
660 1
661 0
662 1
663 1
664 1
665 0
666 0
667 0
668 0
669 0
670 1
671 1
672 1
673 0
674 0
675 0
676 1
677 1
678 0
679 0
680 1
681 0
682 1
683 1
684 0
685 1
686 1
687 0
688 1
689 0
690 1
691 1
692 1
693 0
694 1
695 1
696 1
697 0
698 0
699 1
700 1
701 1
702 1
703 0
704 1
705 1
706 0
707 0
708 0
709 1
710 0
711 0
712 1
713 0
714 0
715 0
716 1
717 1
718 1
719 0
720 0
721 0
722 0
723 1
724 1
725 0
726 0
727 0
728 0
729 0
730 0
731 1
732 0
733 1
734 0
735 1
736 1
737 1
738 0
739 0
740 0
741 0
742 0
743 1
744 0
745 1
746 0
747 0
748 1
749 1
750 0
751 0
752 1
753 1
754 1
755 0
756 1
757 1
758 0
759 0
760 0
761 1
762 0
763 1
764 1
765 0
766 1
767 0
768 1
769 0
770 0
771 0
772 1
773 1
774 1
775 1
776 0
777 1
778 1
779 0
780 0
781 1
782 0
783 1
784 0
785 0
786 1
787 0
788 1
789 0
790 0
791 0
792 1
793 0
794 0
795 0
796 1
797 0
798 0
799 0
800 0
801 1
802 0
803 1
804 1
805 0
806 1
807 1
808 1
809 1
810 0
811 0
812 1
813 1
814 0
815 1
816 0
817 1
818 0
819 0
820 1
821 0
822 1
823 1
824 0
825 0
826 0
827 0
828 0
829 1
830 0
831 1
832 1
833 0
834 0
835 1
836 0
837 0
838 1
839 0
840 0
841 1
842 1
843 1
844 0
845 1
846 0
847 1
848 1
849 1
850 1
851 0
852 1
853 1
854 1
855 0
856 1
857 1
858 1
859 1
860 0
861 1
862 1
863 1
864 1
865 0
866 1
867 0
868 0
869 1
870 0
871 1
872 0
873 0
874 1
875 0
876 0
877 1
878 0
879 0
880 0
881 1
882 0
883 1
884 1
885 0
886 1
887 0
888 0
889 1
890 1
891 0
892 1
893 1
894 1
895 0
896 0
897 0
898 1
899 1
900 0
901 0
902 0
903 1
904 0
905 1
906 1
907 0
908 0
909 1
910 1
911 0
912 0
913 0
914 1
915 1
916 0
917 0
918 1
919 1
920 0
921 1
922 0
923 1
924 0
925 0
926 0
927 1
928 1
929 0
930 1
931 0
932 0
933 0
934 1
935 1
936 0
937 0
938 1
939 0
940 0
941 1
942 0
943 0
944 1
945 0
946 1
947 0
948 1
949 0
950 0
951 1
952 0
953 0
954 0
955 1
956 1
957 0
958 1
959 0
960 1
961 0
962 1
963 1
964 1
965 0
966 1
967 1
968 1
969 1
970 1
971 1
972 1
973 1
974 1
975 1
976 1
977 0
978 1
979 1
980 1
981 0
982 1
983 0
984 0
985 1
986 1
987 0
988 0
989 0
990 1
991 0
992 0
993 1
994 0
995 0
996 0
997 0
998 0
999 1
1000 1
1001 0
1002 1
1003 0
1004 1
1005 0
1006 0
1007 0
1008 1
1009 0
1010 1
1011 1
1012 0
1013 0
1014 0
1015 0
1016 1
1017 0
1018 1
1019 1
1020 0
1021 0
1022 0
1023 1
1024 0
1025 0
1026 1
1027 1
1028 0
1029 0
1030 1
1031 0
1032 0
1033 1
1034 0
1035 1
1036 0
1037 1
1038 0
1039 1
1040 0
1041 1
1042 1
1043 1
1044 1
1045 0
1046 1
1047 0
1048 1
1049 0
1050 0
1051 1
1052 0
1053 0
1054 0
1055 0
1056 1
1057 1
1058 0
1059 0
1060 0
1061 0
1062 1
1063 1
1064 0
1065 0
1066 1
1067 1
1068 0
1069 1
1070 1
1071 1
1072 1
1073 0
1074 1
1075 0
1076 0
1077 0
1078 0
1079 0
1080 0
1081 0
1082 1
1083 1
1084 1
1085 1
1086 1
1087 1
1088 0
1089 0
1090 0
1091 1
1092 1
1093 1
1094 0
1095 0
1096 1
1097 1
1098 1
1099 1
1100 0
1101 0
1102 0
1103 0
1104 0
1105 0
1106 1
1107 0
1108 0
1109 0
1110 0
1111 0
1112 1
1113 1
1114 1
1115 1
1116 0
1117 0
1118 1
1119 1
1120 1
1121 1
1122 1
1123 1
1124 1
1125 0
1126 1
1127 0
1128 1
1129 1
1130 0
1131 1
1132 0
1133 1
1134 0
1135 0
1136 1
1137 0
1138 0
1139 0
1140 0
1141 0
1142 1
1143 1
1144 1
1145 0
1146 1
1147 0
1148 0
1149 0
1150 1
1151 0
1152 0
1153 0
1154 0
1155 0
1156 0
1157 0
1158 1
1159 0
1160 1
1161 0
1162 0
1163 1
1164 1
1165 0
1166 1
1167 1
1168 0
1169 1
1170 0
1171 1
1172 0
1173 0
1174 1
1175 1
1176 1
1177 1
1178 0
1179 0
1180 1
1181 1
1182 1
1183 1
1184 0
1185 1
1186 0
1187 1
1188 1
1189 1
1190 1
1191 1
1192 0
1193 0
1194 0
1195 1
1196 0
1197 1
1198 1
1199 0
1200 1
1201 0
1202 0
1203 1
1204 0
1205 1
1206 0
1207 1
1208 1
1209 1
1210 1
1211 0
1212 0
1213 0
1214 0
1215 0
1216 1
1217 1
1218 0
1219 0
1220 1
1221 0
1222 0
1223 0
1224 1
1225 0
1226 1
1227 0
1228 1
1229 0
1230 0
1231 0
1232 0
1233 0
1234 1
1235 1
1236 0
1237 1
1238 0
1239 0
1240 1
1241 0
1242 1
1243 0
1244 1
1245 0
1246 0
1247 0
1248 1
1249 0
1250 1
1251 0
1252 1
1253 1
1254 0
1255 0
1256 1
1257 1
1258 0
1259 0
1260 0
1261 1
1262 0
1263 0
1264 0
1265 0
1266 1
1267 0
1268 1
1269 1
1270 0
1271 1
1272 0
1273 0
1274 0
1275 1
1276 0
1277 0
1278 0
1279 0
1280 1
1281 1
1282 0
1283 0
1284 1
1285 0
1286 0
1287 1
1288 0
1289 1
1290 1
1291 1
1292 0
1293 0
1294 0
1295 1
1296 1
1297 0
1298 0
1299 0
1300 1
1301 1
1302 0
1303 1
1304 1
1305 0
1306 0
1307 1
1308 1
1309 1
1310 1
1311 0
1312 0
1313 0
1314 1
1315 0
1316 1
1317 1
1318 0
1319 1
1320 0
1321 0
1322 0
1323 0
1324 1
1325 1
1326 1
1327 0
1328 0
1329 0
1330 0
1331 1
1332 1
1333 1
1334 1
1335 1
1336 0
1337 1
1338 1
1339 0
1340 0
1341 0
1342 1
1343 0
1344 1
1345 1
1346 0
1347 1
1348 1
1349 0
1350 0
1351 0
1352 0
1353 0
1354 1
1355 1
1356 0
1357 1
1358 0
1359 1
1360 1
1361 1
1362 1
1363 1
1364 1
1365 1
1366 1
1367 1
1368 0
1369 1
1370 0
1371 0
1372 1
1373 1
1374 1
1375 1
1376 0
1377 0
1378 1
1379 0
1380 0
1381 0
1382 1
1383 0
1384 0
1385 0
1386 1
1387 1
1388 1
1389 1
1390 0
1391 1
1392 0
1393 1
1394 1
1395 0
1396 0
1397 0
1398 0
1399 0
1400 0
1401 0
1402 0
1403 0
1404 0
1405 1
1406 0
1407 1
1408 0
1409 0
1410 0
1411 0
1412 0
1413 1
1414 1
1415 1
1416 1
1417 1
1418 0
1419 0
1420 0
1421 0
1422 0
1423 1
1424 1
1425 1
1426 1
1427 0
1428 0
1429 0
1430 0
1431 1
1432 0
1433 1
1434 0
1435 0
1436 0
1437 0
1438 1
1439 1
1440 0
1441 1
1442 1
1443 0
1444 0
1445 1
1446 1
1447 0
1448 0
1449 0
1450 1
1451 0
1452 0
1453 0
1454 0
1455 0
1456 0
1457 1
1458 0
1459 0
1460 1
1461 1
1462 1
1463 0
1464 1
1465 0
1466 0
1467 0
1468 1
1469 0
1470 1
1471 0
