1 1
2 0
3 0
4 0
5 1
6 0
7 1
8 1
9 0
10 0
11 1
12 0
13 1
14 0
15 0
16 0
17 1
18 0
19 0
20 1
21 0
22 1
23 1
24 0
25 0
26 1
27 0
28 0
29 0
30 1
31 0
32 1
33 0
34 1
35 0
36 1
37 1
38 1
39 0
40 0
41 1
42 0
43 1
44 0
45 0
46 1
47 0
48 1
49 0
50 0
51 1
52 0
53 0
54 0
55 1
56 0
57 0
58 1
59 0
60 1
61 1
62 1
63 1
64 1
65 0
66 0
67 0
68 1
69 1
70 0
71 1
72 0
73 1
74 1
75 0
76 0
77 0
78 0
79 1
80 0
81 1
82 0
83 1
84 0
85 0
86 1
87 1
88 0
89 0
90 0
91 1
92 1
93 1
94 0
95 0
96 1
97 1
98 1
99 0
100 1
101 0
102 1
103 0
104 0
105 1
106 1
107 1
108 0
109 0
110 0
111 1
112 0
113 0
114 0
115 1
116 0
117 1
118 1
119 1
120 0
121 0
122 1
123 0
124 1
125 0
126 1
127 0
128 0
129 1
130 0
131 0
132 1
133 0
134 1
135 0
136 0
137 1
138 0
139 0
140 1
141 1
142 1
143 1
144 0
145 0
146 1
147 0
148 1
149 1
150 1
151 0
152 0
153 0
154 0
155 1
156 0
157 0
158 0
159 1
160 0
161 1
162 1
163 1
164 1
165 1
166 1
167 0
168 1
169 0
170 1
171 0
172 0
173 1
174 0
175 0
176 1
177 0
178 1
179 0
180 0
181 0
182 0
183 1
184 1
185 0
186 0
187 1
188 0
189 1
190 0
191 1
192 1
193 0
194 0
195 1
196 0
197 1
198 1
199 1
200 0
201 1
202 1
203 0
204 0
205 1
206 0
207 0
208 0
209 0
210 1
211 0
212 1
213 1
214 0
215 1
216 0
217 0
218 1
219 0
220 0
221 0
222 1
223 0
224 0
225 1
226 1
227 0
228 0
229 1
230 1
231 0
232 1
233 0
234 1
235 1
236 0
237 1
238 1
239 1
240 1
241 1
242 0
243 0
244 1
245 0
246 1
247 1
248 1
249 0
250 0
251 1
252 0
253 0
254 1
255 0
256 1
257 0
258 0
259 1
260 0
261 0
262 1
263 0
264 1
265 0
266 0
267 1
268 0
269 1
270 0
271 0
272 0
273 1
274 0
275 1
276 1
277 0
278 0
279 1
280 0
281 0
282 1
283 0
284 0
285 1
286 0
287 1
288 1
289 0
290 1
291 0
292 0
293 0
294 0
295 1
296 1
297 0
298 1
299 1
300 0
301 0
302 1
303 0
304 0
305 1
306 0
307 1
308 1
309 0
310 1
311 1
312 0
313 0
314 1
315 1
316 0
317 0
318 1
319 0
320 1
321 0
322 0
323 1
324 1
325 0
326 1
327 0
328 1
329 0
330 1
331 0
332 1
333 0
334 1
335 0
336 0
337 1
338 0
339 0
340 1
341 0
342 1
343 0
344 1
345 0
346 1
347 1
348 0
349 0
350 1
351 0
352 0
353 1
354 0
355 0
356 1
357 0
358 0
359 0
360 0
361 1
362 0
363 0
364 0
365 1
366 0
367 0
368 0
369 1
370 1
371 1
372 1
373 0
374 1
375 1
376 0
377 1
378 0
379 1
380 0
381 1
382 0
383 1
384 0
385 1
386 1
387 0
388 1
389 0
390 1
391 1
392 0
393 0
394 1
395 0
396 0
397 0
398 0
399 1
400 0
401 1
402 0
403 0
404 1
405 1
406 0
407 0
408 0
409 1
410 0
411 1
412 0
413 1
414 1
415 0
416 1
417 1
418 1
419 1
420 1
421 0
422 1
423 1
424 1
425 0
426 0
427 1
428 0
429 0
430 1
431 0
432 0
433 1
434 0
435 1
436 0
437 1
438 0
439 1
440 0
441 1
442 0
443 1
444 0
445 0
446 1
447 0
448 0
449 1
450 0
451 1
452 0
453 1
454 0
455 1
456 0
457 0
458 0
459 0
460 1
461 0
462 1
463 1
464 1
465 0
466 1
467 1
468 0
469 1
470 0
471 0
472 0
473 1
474 1
475 1
476 1
477 1
478 0
479 0
480 1
481 0
482 1
483 0
484 0
485 0
486 1
487 1
488 1
489 1
490 1
491 0
492 1
493 0
494 0
495 1
496 1
497 0
498 0
499 0
500 0
501 1
502 0
503 0
504 1
505 0
506 0
507 0
508 1
509 0
510 1
511 1
512 0
513 0
514 1
515 1
516 0
517 0
518 1
519 0
520 0
521 0
522 1
523 0
524 0
525 0
526 1
527 1
528 1
529 0
530 1
531 1
532 0
533 0
534 1
535 0
536 0
537 0
538 0
539 1
540 0
541 0
542 1
543 0
544 1
545 0
546 0
547 0
548 0
549 0
550 1
551 0
552 0
553 1
554 0
555 0
556 1
557 0
558 0
559 0
560 1
561 1
562 0
563 1
564 0
565 0
566 0
567 1
568 1
569 0
570 0
571 1
572 0
573 0
574 0
575 0
576 0
577 0
578 1
579 0
580 0
581 1
582 0
583 0
584 1
585 0
586 0
587 1
588 0
589 0
590 1
591 1
592 0
593 0
594 1
595 1
596 0
597 0
598 1
599 1
600 0
601 1
602 1
603 0
604 0
605 1
606 0
607 1
608 0
609 0
610 1
611 1
612 0
613 1
614 1
615 1
616 0
617 0
618 0
619 1
620 0
621 0
622 0
623 1
624 0
625 0
626 0
627 0
628 1
629 0
630 0
631 0
632 1
633 0
634 1
635 0
636 0
637 1
638 0
639 1
640 0
641 0
642 1
643 1
644 0
645 1
646 0
647 0
648 0
649 0
650 1
651 0
652 0
653 1
654 1
655 0
656 0
657 0
658 1
659 0
660 0
661 1
662 0
663 0
664 0
665 0
666 0
667 1
668 0
669 1
670 0
671 1
672 1
673 1
674 0
675 0
676 0
677 1
678 1
679 0
680 1
681 0
682 0
683 1
684 1
685 1
686 1
687 0
688 1
689 1
690 0
691 0
692 0
693 0
694 0
695 0
696 1
697 0
698 1
699 0
700 1
701 0
702 0
703 1
704 0
705 0
706 1
707 1
708 0
709 1
710 1
711 0
712 1
713 1
714 1
715 1
716 1
717 1
718 0
719 0
720 0
721 1
722 1
723 1
724 1
725 1
726 1
727 1
728 1
729 0
730 0
731 1
732 0
733 0
734 0
735 1
736 0
737 0
738 1
739 0
740 1
741 0
742 0
743 0
744 1
745 0
746 0
747 1
748 0
749 1
750 0
751 1
752 0
753 0
754 1
755 0
756 1
757 1
758 0
759 0
760 0
761 0
762 0
763 0
764 0
765 0
766 1
767 0
768 1
769 0
770 1
771 0
772 1
773 1
774 0
775 0
776 1
777 0
778 0
779 1
780 1
781 0
782 0
783 1
784 1
785 1
786 0
787 0
788 1
789 1
790 1
791 1
792 1
793 1
794 0
795 1
796 0
797 0
798 0
799 1
800 1
801 1
802 1
803 0
804 0
805 1
806 0
807 1
808 1
809 0
810 0
811 0
812 1
813 1
814 0
815 0
816 1
817 0
818 1
819 1
820 1
821 0
822 1
823 1
824 1
825 0
826 0
827 1
828 1
829 0
830 1
831 0
832 1
833 0
834 1
835 0
836 1
837 0
838 1
839 1
840 1
841 0
842 0
843 1
844 0
845 0
846 0
847 0
848 0
849 0
850 1
851 1
852 0
853 1
854 1
855 1
856 0
857 1
858 0
859 1
860 0
861 0
862 1
863 1
864 1
865 0
866 0
867 1
868 0
869 1
870 0
871 0
872 1
873 1
874 0
875 0
876 1
877 0
878 1
879 1
880 1
881 0
882 0
883 0
884 0
885 1
886 0
887 0
888 0
889 1
890 0
891 1
892 1
893 1
894 0
895 1
896 1
897 0
898 0
899 0
900 0
901 1
902 1
903 0
904 1
905 0
906 1
907 1
908 1
909 0
910 0
911 0
912 1
913 0
914 1
915 1
916 0
917 1
918 0
919 0
920 1
921 1
922 0
923 1
924 0
925 0
926 1
927 0
928 1
929 1
930 1
931 1
932 0
933 1
934 1
935 1
936 0
937 0
938 1
939 0
940 0
941 0
942 0
943 1
944 1
945 0
946 1
947 0
948 1
949 0
950 1
951 1
952 1
953 1
954 1
955 1
956 1
957 1
958 1
959 1
960 0
961 0
962 1
963 0
964 0
965 1
966 0
967 0
968 0
969 1
970 1
971 1
972 0
973 0
974 1
975 0
976 1
977 1
978 0
979 0
980 1
981 1
982 0
983 0
984 1
985 0
986 0
987 0
988 0
989 0
990 0
991 1
992 0
993 0
994 1
995 1
996 0
997 0
998 1
999 1
1000 0
1001 1
1002 1
1003 0
1004 1
1005 1
1006 0
1007 1
1008 1
1009 0
1010 1
1011 0
1012 1
1013 0
1014 0
1015 0
1016 0
1017 0
1018 0
1019 0
1020 1
1021 0
1022 0
1023 1
1024 0
1025 0
1026 0
1027 0
1028 1
1029 0
1030 0
1031 1
1032 0
1033 0
1034 0
1035 1
1036 0
1037 1
1038 1
1039 1
1040 0
1041 1
1042 0
1043 0
1044 0
1045 0
1046 0
1047 0
1048 1
1049 0
1050 1
1051 0
1052 0
1053 0
1054 1
1055 1
1056 0
1057 0
1058 1
1059 0
1060 0
1061 1
1062 0
1063 1
1064 0
1065 1
1066 1
1067 0
1068 1
1069 0
1070 0
1071 0
1072 0
1073 0
1074 1
1075 0
1076 0
1077 1
1078 0
1079 0
1080 1
1081 0
1082 0
1083 0
1084 0
1085 0
1086 0
1087 1
1088 1
1089 0
1090 1
1091 0
1092 0
1093 1
1094 0
1095 0
1096 0
1097 0
1098 0
1099 0
1100 0
1101 0
1102 0
1103 1
1104 0
1105 0
1106 0
1107 0
1108 1
1109 1
1110 0
1111 0
1112 1
1113 1
1114 0
1115 1
1116 0
1117 0
1118 0
1119 0
1120 1
1121 1
1122 0
1123 1
1124 1
1125 0
1126 1
1127 0
1128 1
1129 0
1130 0
1131 0
1132 0
1133 0
1134 0
1135 1
1136 1
1137 1
1138 0
1139 0
1140 1
1141 0
1142 1
1143 0
1144 0
1145 1
1146 1
1147 1
1148 0
1149 1
1150 0
1151 1
1152 0
1153 1
1154 0
1155 0
1156 0
1157 0
1158 0
1159 0
1160 0
1161 1
1162 1
1163 1
1164 0
1165 0
1166 0
1167 1
1168 0
1169 1
1170 0
1171 0
1172 1
1173 0
1174 1
1175 1
1176 0
1177 1
1178 0
1179 0
1180 0
1181 1
1182 0
1183 1
1184 1
1185 1
1186 0
1187 0
1188 0
1189 1
1190 0
1191 1
1192 0
1193 0
1194 0
1195 0
1196 0
1197 0
1198 1
1199 1
1200 0
1201 1
1202 1
1203 0
1204 0
1205 0
1206 0
1207 0
1208 0
1209 0
1210 1
1211 0
1212 0
1213 0
1214 0
1215 0
1216 0
1217 1
1218 0
1219 0
1220 0
1221 1
1222 0
1223 1
1224 1
1225 0
1226 0
1227 0
1228 1
1229 0
1230 0
1231 1
1232 1
1233 1
1234 0
1235 1
1236 0
1237 1
1238 1
1239 0
1240 1
1241 1
1242 0
1243 1
1244 1
1245 1
1246 0
1247 1
1248 0
1249 0
1250 1
1251 1
1252 0
1253 1
1254 0
1255 0
1256 0
1257 1
1258 0
1259 0
1260 0
1261 1
1262 0
1263 0
1264 0
1265 0
1266 1
1267 1
1268 1
1269 0
1270 0
1271 0
1272 0
1273 0
1274 0
1275 0
1276 0
1277 0
1278 0
1279 1
1280 0
1281 0
1282 0
1283 0
1284 0
1285 1
1286 0
1287 0
1288 1
1289 0
1290 0
1291 0
1292 0
1293 1
1294 1
1295 0
1296 1
1297 0
1298 0
1299 1
1300 1
1301 0
1302 0
1303 0
1304 1
1305 0
1306 0
1307 0
1308 1
1309 1
1310 1
1311 1
1312 0
1313 0
1314 1
1315 0
1316 1
1317 0
1318 0
1319 1
1320 1
1321 0
1322 0
1323 0
1324 0
1325 0
1326 0
1327 1
1328 1
1329 1
1330 1
1331 1
1332 0
1333 1
1334 1
1335 0
1336 0
1337 1
1338 0
1339 1
1340 0
1341 0
1342 0
1343 0
1344 0
1345 1
1346 0
1347 1
1348 0
1349 0
1350 1
1351 0
1352 0
1353 1
1354 0
1355 1
1356 1
1357 0
1358 0
1359 1
1360 0
1361 1
1362 1
1363 0
1364 0
1365 1
1366 0
1367 0
1368 1
1369 0
1370 0
1371 0
1372 0
1373 1
1374 0
1375 1
1376 0
1377 0
1378 0
1379 1
1380 0
1381 1
1382 0
1383 0
1384 0
1385 1
1386 0
1387 1
1388 0
1389 0
1390 0
1391 1
1392 0
1393 0
1394 0
1395 1
1396 0
1397 0
1398 0
1399 1
1400 0
1401 0
1402 0
1403 1
1404 1
1405 1
1406 0
1407 0
1408 1
1409 0
1410 1
1411 1
1412 1
1413 0
1414 1
1415 0
1416 1
1417 0
1418 1
1419 1
1420 0
1421 0
1422 0
1423 0
1424 1
1425 1
1426 0
1427 1
1428 1
1429 1
1430 0
1431 0
1432 0
1433 0
1434 1
1435 0
1436 1
1437 0
1438 0
1439 0
1440 0
1441 0
1442 0
1443 0
1444 0
1445 1
1446 0
1447 0
1448 1
1449 0
1450 1
1451 1
1452 1
1453 1
1454 1
1455 1
1456 1
1457 0
1458 0
1459 0
1460 1
1461 0
1462 1
1463 0
1464 1
1465 1
1466 1
1467 0
1468 1
1469 1
1470 1
1471 1
