1 0
2 0
3 0
4 0
5 1
6 1
7 0
8 0
9 0
10 0
11 1
12 0
13 0
14 1
15 1
16 0
17 0
18 0
19 0
20 0
21 1
22 1
23 0
24 1
25 1
26 1
27 1
28 0
29 1
30 0
31 1
32 1
33 1
34 0
35 1
36 1
37 0
38 0
39 0
40 1
41 0
42 1
43 1
44 0
45 0
46 1
47 0
48 1
49 1
50 1
51 1
52 1
53 0
54 0
55 0
56 0
57 1
58 0
59 0
60 0
61 0
62 0
63 1
64 0
65 1
66 1
67 1
68 1
69 0
70 1
71 0
72 1
73 1
74 1
75 0
76 1
77 0
78 1
79 1
80 1
81 0
82 0
83 0
84 1
85 1
86 1
87 1
88 1
89 0
90 0
91 0
92 0
93 1
94 1
95 1
96 1
97 1
98 1
99 1
100 0
101 1
102 1
103 0
104 1
105 0
106 0
107 0
108 0
109 1
110 1
111 1
112 1
113 0
114 1
115 0
116 0
117 0
118 1
119 0
120 0
121 1
122 1
123 0
124 1
125 0
126 1
127 0
128 0
129 1
130 0
131 0
132 1
133 0
134 1
135 1
136 0
137 0
138 1
139 0
140 1
141 1
142 0
143 1
144 1
145 0
146 1
147 0
148 0
149 1
150 0
151 1
152 1
153 0
154 0
155 1
156 0
157 1
158 0
159 1
160 1
161 1
162 1
163 1
164 0
165 0
166 1
167 1
168 1
169 1
170 0
171 1
172 0
173 0
174 0
175 1
176 1
177 1
178 1
179 0
180 1
181 1
182 1
183 1
184 1
185 1
186 0
187 0
188 1
189 0
190 1
191 0
192 0
193 0
194 1
195 1
196 1
197 0
198 1
199 0
200 1
201 0
202 0
203 0
204 0
205 1
206 1
207 1
208 0
209 1
210 0
211 1
212 0
213 1
214 1
215 1
216 0
217 1
218 1
219 1
220 0
221 1
222 1
223 1
224 0
225 0
226 0
227 1
228 0
229 0
230 0
231 0
232 0
233 1
234 0
235 0
236 1
237 1
238 0
239 1
240 0
241 0
242 1
243 0
244 1
245 0
246 0
247 0
248 1
249 0
250 1
251 1
252 1
253 1
254 1
255 0
256 0
257 0
258 1
259 0
260 1
261 1
262 0
263 0
264 0
265 0
266 1
267 0
268 0
269 1
270 1
271 0
272 1
273 0
274 0
275 1
276 1
277 1
278 1
279 1
280 0
281 1
282 1
283 0
284 1
285 0
286 0
287 1
288 0
289 0
290 1
291 1
292 1
293 0
294 0
295 0
296 0
297 1
298 0
299 1
300 1
301 0
302 0
303 0
304 1
305 0
306 0
307 0
308 1
309 1
310 0
311 1
312 1
313 0
314 1
315 1
316 1
317 0
318 1
319 0
320 1
321 1
322 1
323 0
324 0
325 0
326 0
327 0
328 0
329 1
330 0
331 1
332 1
333 1
334 0
335 0
336 1
337 0
338 1
339 1
340 1
341 0
342 0
343 1
344 0
345 1
346 1
347 1
348 1
349 1
350 1
351 0
352 0
353 0
354 0
355 1
356 1
357 1
358 0
359 1
360 0
361 0
362 1
363 0
364 0
365 0
366 1
367 0
368 1
369 1
370 0
371 1
372 1
373 0
374 0
375 1
376 1
377 0
378 1
379 1
380 0
381 0
382 0
383 0
384 0
385 0
386 0
387 0
388 0
389 1
390 1
391 1
392 0
393 1
394 1
395 0
396 0
397 0
398 0
399 0
400 1
401 0
402 0
403 1
404 0
405 0
406 1
407 1
408 0
409 0
410 1
411 0
412 1
413 1
414 1
415 0
416 0
417 0
418 0
419 1
420 1
421 1
422 1
423 1
424 0
425 1
426 0
427 0
428 1
429 0
430 1
431 0
432 1
433 1
434 1
435 0
436 0
437 0
438 1
439 0
440 1
441 1
442 0
443 1
444 1
445 0
446 0
447 0
448 0
449 0
450 1
451 1
452 0
453 1
454 1
455 1
456 1
457 1
458 1
459 1
460 0
461 1
462 1
463 1
464 1
465 1
466 0
467 0
468 1
469 0
470 0
471 0
472 0
473 0
474 0
475 0
476 0
477 0
478 1
479 1
480 1
481 0
482 1
483 1
484 1
485 1
486 1
487 1
488 1
489 1
490 0
491 1
492 1
493 1
494 0
495 0
496 1
497 1
498 0
499 0
500 1
501 0
502 0
503 1
504 1
505 0
506 0
507 0
508 1
509 0
510 0
511 0
512 0
513 1
514 0
515 1
516 0
517 0
518 0
519 1
520 0
521 0
522 0
523 0
524 1
525 1
526 1
527 0
528 0
529 1
530 1
531 1
532 0
533 0
534 1
535 1
536 0
537 0
538 0
539 0
540 1
541 0
542 1
543 1
544 1
545 1
546 0
547 1
548 0
549 0
550 1
551 0
552 0
553 0
554 0
555 0
556 1
557 1
558 1
559 1
560 0
561 0
562 0
563 0
564 1
565 1
566 0
567 1
568 0
569 0
570 0
571 0
572 0
573 0
574 0
575 1
576 1
577 0
578 0
579 0
580 0
581 0
582 0
583 0
584 1
585 0
586 0
587 0
588 0
589 0
590 0
591 0
592 0
593 0
594 0
595 0
596 1
597 1
598 1
599 0
600 0
601 0
602 0
603 1
604 0
605 0
606 0
607 0
608 0
609 1
610 1
611 1
612 1
613 1
614 0
615 1
616 0
617 0
618 0
619 1
620 1
621 1
622 0
623 1
624 1
625 1
626 0
627 1
628 1
629 0
630 1
631 0
632 0
633 1
634 1
635 1
636 1
637 0
638 0
639 0
640 1
641 1
642 1
643 1
644 1
645 0
646 0
647 0
648 0
649 0
650 1
651 0
652 1
653 0
654 1
655 0
656 0
657 1
658 1
659 0
660 0
661 0
662 0
663 0
664 1
665 0
666 1
667 1
668 0
669 0
670 0
671 1
672 0
673 0
674 0
675 0
676 1
677 0
678 0
679 1
680 0
681 1
682 1
683 1
684 1
685 0
686 1
687 1
688 0
689 0
690 0
691 0
692 1
693 1
694 0
695 0
696 1
697 0
698 1
699 0
700 1
701 0
702 0
703 1
704 1
705 0
706 0
707 0
708 0
709 0
710 0
711 1
712 1
713 1
714 1
715 0
716 1
717 1
718 1
719 1
720 1
721 1
722 1
723 0
724 1
725 1
726 1
727 1
728 1
729 0
730 1
731 1
732 1
733 1
734 0
735 0
736 1
737 1
738 0
739 0
740 0
741 1
742 0
743 1
744 1
745 1
746 1
747 1
748 0
749 1
750 0
751 0
752 0
753 0
754 0
755 0
756 1
757 0
758 0
759 0
760 1
761 0
762 0
763 1
764 0
765 0
766 0
767 0
768 0
769 1
770 1
771 1
772 0
773 1
774 1
775 1
776 0
777 0
778 0
779 0
780 1
781 1
782 1
783 0
784 0
785 0
786 1
787 1
788 1
789 1
790 1
791 0
792 1
793 1
794 0
795 1
796 0
797 1
798 1
799 0
800 0
801 1
802 1
803 0
804 0
805 1
806 1
807 1
808 1
809 1
810 0
811 0
812 0
813 1
814 0
815 1
816 0
817 1
818 0
819 1
820 1
821 0
822 1
823 1
824 0
825 1
826 1
827 1
828 0
829 0
830 0
831 1
832 1
833 1
834 0
835 1
836 0
837 1
838 0
839 0
840 1
841 0
842 0
843 0
844 0
845 1
846 0
847 1
848 0
849 1
850 1
851 1
852 1
853 1
854 0
855 1
856 0
857 0
858 1
859 1
860 1
861 1
862 1
863 0
864 0
865 0
866 1
867 1
868 0
869 1
870 0
871 1
872 0
873 1
874 1
875 1
876 1
877 1
878 0
879 0
880 1
881 0
882 1
883 0
884 1
885 0
886 1
887 1
888 1
889 0
890 1
891 1
892 1
893 1
894 0
895 1
896 0
897 1
898 0
899 1
900 1
901 0
902 1
903 1
904 1
905 0
906 0
907 1
908 0
909 1
910 0
911 0
912 0
913 0
914 1
915 1
916 0
917 1
918 1
919 1
920 1
921 0
922 1
923 0
924 0
925 0
926 0
927 0
928 1
929 0
930 0
931 1
932 0
933 1
934 1
935 1
936 1
937 0
938 1
939 1
940 1
941 0
942 0
943 0
944 0
945 1
946 0
947 1
948 1
949 0
950 0
951 1
952 1
953 0
954 1
955 0
956 1
957 1
958 0
959 1
960 0
961 0
962 0
963 0
964 1
965 0
966 1
967 1
968 0
969 1
970 0
971 1
972 1
973 1
974 0
975 0
976 0
977 0
978 0
979 1
980 0
981 0
982 0
983 1
984 0
985 0
986 0
987 1
988 1
989 1
990 1
991 0
992 0
993 0
994 1
995 1
996 1
997 0
998 0
999 0
1000 1
1001 0
1002 0
1003 1
1004 1
1005 1
1006 0
1007 1
1008 1
1009 0
1010 1
1011 0
1012 0
1013 0
1014 1
1015 1
1016 1
1017 0
1018 0
1019 0
1020 1
1021 0
1022 0
1023 0
1024 1
1025 0
1026 1
1027 0
1028 0
1029 1
1030 0
1031 0
1032 0
1033 0
1034 1
1035 1
1036 1
1037 0
1038 0
1039 0
1040 0
1041 1
1042 0
1043 0
1044 0
1045 1
1046 0
1047 0
1048 1
1049 1
1050 1
1051 1
1052 0
1053 1
1054 0
1055 1
1056 0
1057 1
1058 1
1059 1
1060 0
1061 0
1062 1
1063 0
1064 0
1065 0
1066 0
1067 0
1068 1
1069 0
1070 1
1071 1
1072 1
1073 0
1074 1
1075 0
1076 1
1077 1
1078 0
1079 0
1080 1
1081 1
1082 0
1083 0
1084 0
1085 1
1086 1
1087 0
1088 0
1089 1
1090 1
1091 1
1092 0
1093 0
1094 1
1095 1
1096 1
1097 1
1098 0
1099 1
1100 1
1101 0
1102 0
1103 0
1104 1
1105 1
1106 1
1107 0
1108 1
1109 1
1110 1
1111 1
1112 0
1113 0
1114 0
1115 0
1116 0
1117 1
1118 1
1119 0
1120 1
1121 1
1122 0
1123 1
1124 1
1125 1
1126 1
1127 1
1128 1
1129 1
1130 1
1131 1
1132 0
1133 1
1134 0
1135 0
1136 0
1137 1
1138 0
1139 1
1140 0
1141 1
1142 1
1143 1
1144 0
1145 1
1146 0
1147 1
1148 0
1149 0
1150 1
1151 0
1152 0
1153 1
1154 0
1155 1
1156 0
1157 0
1158 0
1159 0
1160 1
1161 1
1162 1
1163 1
1164 1
1165 0
1166 0
1167 0
1168 0
1169 0
1170 1
1171 1
1172 1
1173 1
1174 1
1175 0
1176 1
1177 1
1178 1
1179 0
1180 0
1181 1
1182 1
1183 1
1184 1
1185 0
1186 1
1187 1
1188 1
1189 0
1190 0
1191 0
1192 1
1193 0
1194 1
1195 0
1196 0
1197 0
1198 1
1199 1
1200 0
1201 1
1202 1
1203 1
1204 1
1205 0
1206 1
1207 1
1208 1
1209 1
1210 1
1211 1
1212 0
1213 1
1214 0
1215 1
