1998
64
2462
1413
1098
1550
1836
424
2358
2729
467
28
575
246
537
2116
177
1252
1937
2506
181
734
1750
2336
198
533
603
2355
280
1411
546
1590
1304
607
265
1905
2376
2825
166
1586
1858
2067
507
2720
1345
463
952
291
361
1357
1790
395
279
2661
1975
623
936
545
1225
1260
2085
1885
363
1573
774
2679
1633
1473
1205
1804
2768
506
186
216
2835
969
2495
1125
1210
852
1168
1803
956
497
518
636
2371
754
269
2759
227
2338
1764
1
2493
2266
1786
567
1159
1136
1348
159
2292
2076
1984
2222
579
2309
321
1026
1330
1891
2449
2143
1046
1515
819
1493
2861
2208
1203
2259
58
67
1647
261
2672
2448
1113
1837
2366
233
2629
875
1847
1990
500
649
1822
74
1690
2938
1054
1346
36
336
1896
1270
2194
913
1816
1428
2396
2039
1645
1864
2043
1944
2231
1832
2314
2824
2172
2754
2609
2447
1661
2325
2559
502
2433
2123
1644
1095
2242
65
2806
237
1134
1533
2056
2199
2701
43
2454
1688
1670
1333
1321
201
2593
692
128
2432
2488
2578
1682
1680
422
1327
2922
1305
2135
2084
189
1380
136
2409
2941
1197
33
905
2183
2192
2373
1777
1439
967
868
882
346
1516
2177
2685
594
887
296
308
2875
1618
1614
1546
1585
1259
2705
837
2431
685
1771
1423
2283
1529
839
2381
996
248
2293
2766
231
2483
1696
682
1033
748
2699
1782
472
223
781
651
453
1540
1421
1219
61
1826
2669
1251
917
2830
1207
770
1299
1930
459
1477
2444
2162
2719
2218
228
447
2918
314
2238
598
1080
2384
40
1318
2509
676
2519
1610
841
1174
2413
1453
1141
1700
609
978
1391
301
1798
719
117
2865
1351
1349
142
1237
1381
1407
2599
581
2639
2343
1835
687
1892
1182
324
96
1065
1309
192
2538
1897
669
826
585
404
2101
2128
1918
2554
1997
801
365
2581
416
1256
85
376
995
2174
2831
1149
2213
35
394
297
118
679
2727
998
2271
2295
1801
2388
522
251
752
160
1593
271
512
2820
2843
1854
2300
2129
307
2106
2356
2626
1106
1410
458
95
2874
523
2817
832
2866
655
1595
1213
1092
1179
974
1902
2777
1358
1988
130
357
1242
2013
476
1048
1394
1604
1565
635
601
997
162
372
2827
1702
2341
968
1229
2187
1018
2327
2457
550
1292
503
266
2453
2762
1820
2316
2515
901
764
2436
462
516
1898
1334
2611
593
1401
1255
1667
2502
1325
735
2023
195
517
1559
116
528
2725
898
2732
1471
2268
1387
2019
2468
2774
1666
1999
1280
352
2906
976
919
2368
2671
1787
2351
587
1931
2665
334
2782
775
870
1626
1450
2614
2524
1870
1430
813
2477
985
2842
1295
14
2175
1917
1285
2700
2100
1324
1591
2684
829
2134
2525
745
1720
2010
379
1287
2074
1119
2323
2097
2317
1953
1404
2718
2397
1672
1846
1366
2645
744
2546
2099
1518
1069
1354
2924
761
2621
2347
2092
520
1829
153
1456
2804
1794
2608
213
2093
37
1291
1815
1386
2702
2
929
1574
1588
1827
1140
2406
2533
2217
249
766
39
2572
2561
2676
253
2211
823
1977
341
2528
2049
2914
1086
713
699
499
229
2823
1420
2794
247
1301
2547
1468
2461
804
1117
590
2184
2234
2430
165
1443
1538
2795
104
690
2793
1660
955
2792
2867
1775
939
576
1211
2193
2239
2650
2584
1828
1834
597
2801
2081
230
151
2080
1807
1587
2746
1488
1987
1635
1204
1879
1970
1799
1261
2335
1746
2416
1451
1547
340
1940
1863
2894
432
2122
662
700
1142
2864
762
809
2907
2114
708
984
2254
2426
171
1501
2403
2508
845
1607
1208
2486
194
437
893
1329
812
2189
1003
2632
1583
2931
2833
1123
650
294
2478
2658
979
2441
798
1188
2847
2570
24
2342
1958
758
784
1087
1452
205
2273
2421
2313
796
825
1757
2670
188
1677
483
793
2136
2683
1906
1254
1294
564
673
1367
2797
1718
2798
2226
1126
2161
199
878
451
2490
187
611
935
1500
981
2714
2616
1872
2214
792
94
121
123
1653
2564
2287
986
654
2663
1531
1571
1819
1768
1818
2600
2458
1238
1310
704
234
1145
1513
1741
2527
2888
2548
570
1281
1908
1274
1297
2657
338
299
2873
1375
2364
789
127
531
2472
1532
1474
1097
1214
2246
1365
991
1594
1603
591
2620
489
532
2895
1374
2322
2223
1103
552
729
2063
2826
448
2664
71
857
2270
604
2860
1938
2652
370
2500
738
1231
1021
2225
150
1497
2674
1170
1052
2919
1936
1143
911
2379
97
2422
373
2133
431
869
169
1244
1483
428
725
75
2103
66
555
2716
1181
1151
683
1839
972
2417
1979
2909
405
536
1658
670
2504
1246
1708
2821
2061
427
1871
81
2022
1857
1316
932
2704
698
1797
1010
1695
156
2526
1070
1425
122
84
539
1498
1628
1153
335
1239
2589
695
1359
2034
2020
1061
2536
1632
257
1691
1227
2216
907
1740
2555
224
1942
626
2411
1776
1200
776
2069
1424
1996
2752
2492
1886
2047
664
1978
1525
2148
1770
1121
1664
728
2392
1967
2435
2332
949
1627
2568
1335
1399
633
760
1331
1302
926
2748
2530
602
408
2054
1035
1444
1579
723
2404
1409
493
2802
2400
129
1446
2152
2634
103
310
2445
1019
2288
1133
855
2377
1713
2475
1328
2118
1844
2305
1765
1090
1869
606
1843
2087
2518
937
2235
2870
2037
413
2298
2577
2014
2113
460
2363
1432
1972
2186
1427
818
2516
31
273
42
1467
1481
387
1752
1880
1969
423
1992
1646
1264
973
720
2257
2686
1480
281
206
1465
286
2278
59
2677
1067
2203
2539
18
1830
2141
2365
1038
2692
1971
267
805
951
1196
1621
16
1072
1616
2207
100
556
2212
851
1475
494
2182
295
2925
2002
1788
1093
1606
838
1158
2902
2350
1883
101
110
2065
1076
1457
1073
2001
323
410
621
2227
2813
2117
2247
275
2698
892
1783
2935
2289
358
1734
1903
1007
2091
1875
1692
1890
1449
2385
38
1397
1081
2109
1964
647
2464
2008
1654
652
560
389
2814
138
1039
1347
1683
1623
800
1505
2758
1657
1342
433
415
456
1802
2769
471
2167
889
1303
1876
2651
896
164
678
2649
2165
83
849
565
1171
2586
672
1933
2773
1624
1833
833
2638
56
2094
2180
2541
836
2006
2482
689
1760
108
2455
1008
2783
1436
2393
2844
538
930
11
219
175
1569
681
2367
980
202
2734
1015
710
2181
454
1161
1554
1909
72
300
167
2244
828
21
2511
1605
862
274
525
1648
1306
957
1779
385
49
23
2294
1698
2035
402
204
861
2550
716
943
312
1504
1597
630
2073
844
840
2521
954
2179
332
2636
2328
174
1472
694
620
1405
1784
1943
1722
411
918
420
1982
1112
2590
80
513
637
884
1755
1307
367
1455
1719
2542
677
605
908
2574
1615
588
872
912
641
721
1673
814
2286
1611
26
2255
1609
1749
634
384
2390
1102
1218
1911
2739
2232
2036
1923
1956
1296
1099
403
2592
2818
615
256
2855
2032
835
736
2127
667
1005
2263
1508
2040
2424
1353
309
1129
671
1578
2380
1851
1499
569
1339
2575
2877
2467
999
791
1613
1568
2569
737
240
276
2690
2155
1743
2852
680
2345
1059
1290
2072
859
858
2307
2580
1127
808
1866
706
2640
178
173
1553
586
891
2901
1220
1435
466
2628
464
1185
203
2930
1029
53
2121
731
2707
2723
1910
1395
2145
1932
1889
1108
1968
2326
1542
2053
2893
270
1150
616
894
663
1850
2805
1773
1416
2849
1665
1954
2261
927
2024
82
2158
2606
2688
1939
1390
2936
1340
1878
1282
582
2655
1881
1221
850
1669
876
574
2693
1914
1730
344
2487
13
925
780
931
1489
2132
541
1491
1172
1100
478
10
959
785
190
1557
2425
1747
418
1040
2302
319
881
328
1248
794
29
137
1539
179
890
2778
1369
1733
965
2882
1986
421
712
2168
2079
2731
119
20
975
161
1861
331
993
461
2210
1152
964
2900
1697
1852
1004
2916
2791
2164
386
2196
2624
1985
2248
259
2565
1555
2098
958
486
2110
799
1030
208
457
1124
2438
146
1941
846
1240
1045
1663
322
1459
2815
2660
154
1042
2115
2131
928
1769
2339
1596
1088
795
2859
2147
2151
1193
848
1642
435
742
1355
2051
1521
2648
1412
950
1460
2471
853
1163
724
2923
1951
1107
946
252
449
1186
2862
1581
2450
2837
1232
1758
1935
1036
2012
2689
740
114
2633
2598
1887
1109
543
1580
176
2170
1167
1904
90
874
1057
1184
656
2641
2119
180
2277
1028
1438
657
1360
1215
653
1534
317
1273
2811
2460
1156
1780
1602
2463
1075
22
2310
2485
2125
477
348
481
741
1791
1105
450
2602
17
218
438
648
2765
147
802
397
2745
2027
2594
1622
2696
1383
879
132
1319
2095
184
963
2841
547
1729
2551
2344
2204
2258
2195
412
2372
1732
2898
139
1277
1250
1482
2932
1893
2617
2479
473
817
504
2150
807
2682
2427
2800
8
1612
1013
2573
242
2057
2031
2810
1284
45
1962
2391
1373
2281
2410
2395
419
157
580
970
2354
222
1461
940
2005
1865
2757
1096
409
1608
443
1915
1016
1567
1748
1118
1601
1507
2659
2026
1116
948
1396
592
2612
1370
2340
9
48
1556
2156
1492
2618
1907
613
820
1759
289
2249
1655
2382
1810
2755
135
1132
2912
2523
1363
2228
5
417
703
542
353
714
2140
490
1503
1522
577
2090
1400
2220
508
608
1639
2744
2480
2615
2667
733
1717
2357
638
236
1147
2566
2190
2159
1326
2369
1338
1948
2740
2742
2077
479
125
1725
2233
1429
2291
46
1502
1454
2104
1462
749
2513
1704
2405
1458
193
866
548
98
2272
1792
1630
152
88
2681
2623
1674
618
120
769
488
393
262
1629
2215
2666
2446
2890
2386
329
1566
831
2567
2018
345
1519
1562
1201
1315
1051
2149
2269
212
2378
2498
600
1715
2064
2041
2531
1824
19
2442
2788
2715
1598
627
2832
241
1110
1524
1382
7
143
865
1756
1767
2897
2694
1945
2885
2197
285
2202
264
1187
1946
2420
306
1017
1600
2730
2491
2280
2476
2169
1714
1268
1577
827
696
2319
903
524
1934
1056
1877
1641
1652
2741
258
1989
2229
0
885
1995
916
2311
2780
425
158
77
1094
1965
2437
1728
1619
2456
1006
99
659
1378
2807
362
134
2016
2003
1371
2836
1551
2552
34
2822
1058
172
2737
2691
2473
1043
406
1082
2318
1751
824
2878
2756
106
1060
2512
2224
2921
1650
2042
2452
356
1276
1431
1994
1194
1166
2105
1130
2279
2484
2928
675
2604
444
2927
1372
945
1960
2362
1620
2917
2494
2920
30
2429
2697
2868
1288
2497
1180
1176
2394
2361
86
1393
1963
1882
327
1440
2583
2459
303
2120
1314
232
2619
2265
509
210
1275
1044
944
131
2418
897
2428
113
2062
1687
272
1637
278
2892
2747
1793
2939
1402
355
2501
1520
1020
1262
1077
209
2784
343
1809
491
1024
442
2607
1241
1322
482
2066
768
1921
1494
1233
666
1812
1825
1320
495
2722
1974
429
1859
1066
1895
414
2743
2703
2320
2846
2353
1535
1592
777
2111
2284
27
226
2089
50
2854
2571
994
2285
646
1744
1584
1089
1279
1800
2262
684
1572
739
691
470
1634
239
1745
921
1047
426
2290
2726
1078
990
316
2312
2481
1955
63
1419
1541
91
2144
475
790
1356
2713
2736
1389
2563
1813
2724
2153
1735
1031
899
1216
2610
966
2130
2434
1486
1640
326
115
1212
549
2933
2315
1012
821
971
2851
982
1479
2796
1263
1224
1694
244
2496
2540
1001
2334
1278
1530
1912
1716
788
1408
485
2753
2812
2423
2926
573
2374
572
914
554
2276
315
1668
2517
359
4
1114
388
2770
2582
196
625
697
1754
1840
1434
1795
1957
501
2419
2522
1693
1981
2545
371
6
337
1631
1323
2834
1362
709
318
200
811
1271
342
1548
910
68
1433
44
1490
2250
407
2787
1190
2004
563
2687
2881
1376
1570
2908
2359
2876
888
2139
2044
2389
559
947
293
1344
1063
1643
815
144
624
1476
182
584
1445
1283
1448
2733
763
2198
207
1545
2237
2557
2585
2108
2166
726
1032
2678
1867
2241
924
243
571
2191
1155
1236
2838
2840
2828
396
325
1083
2200
2709
87
2301
2799
468
1976
2662
1235
1884
2625
668
806
79
2763
2871
2348
214
1111
304
1442
350
639
2124
2507
2605
1228
170
661
440
797
1762
1469
717
2514
1464
1164
2886
767
105
1139
446
2785
1949
773
2535
1841
701
1074
1651
2171
1343
1526
284
2603
1900
381
505
960
2647
1247
1495
1398
909
2673
2622
2188
2829
1253
2781
1298
369
1679
1528
722
1447
953
1122
1266
645
1589
1406
863
2264
1922
511
436
2910
492
2856
1071
211
2883
1753
628
2275
2553
1160
1062
2884
1177
111
2591
1272
2642
660
2839
880
1785
1689
1249
1084
2668
2050
1860
1368
772
1300
377
1862
711
920
610
1649
2163
2029
2146
934
1561
867
375
1805
1947
2857
2469
1659
2940
145
2738
2596
1983
743
1701
254
1814
360
255
1821
2613
730
816
1002
390
1199
2721
2735
92
197
1544
1034
1053
612
1178
221
2934
2451
288
751
1806
41
551
1512
759
1422
753
1014
842
544
1337
2627
2465
1961
923
2028
2499
1703
1599
1959
1050
2848
1202
2083
864
1157
217
380
2070
1817
2872
1198
629
2790
558
747
2601
1761
1727
2230
1313
1706
1564
614
617
1055
1027
1831
2764
57
2154
1470
1137
2891
76
382
2544
883
1341
1536
619
2858
1920
1293
1868
3
2038
298
1638
1336
1138
1514
1523
434
989
2505
2303
60
705
1808
107
1636
1789
843
1312
2911
1811
1191
640
1926
2631
2206
902
961
1973
287
1085
1537
1426
2760
2088
1849
1286
2560
895
757
2717
2025
530
1874
2052
1175
2929
2443
1737
877
2579
374
2896
2712
1128
596
1739
2772
12
2138
2558
765
1709
2308
787
1699
398
498
496
1707
392
2282
803
1023
364
1726
1712
1101
2879
786
1558
2383
54
1617
1484
568
2899
1991
904
2510
2439
2370
1068
51
1350
1731
1509
2173
674
2060
140
2329
658
822
1022
1766
2219
2045
856
1913
2415
854
1183
2706
1625
2160
2889
718
1928
1894
292
163
124
2078
1311
2803
1742
599
69
1144
302
1135
873
782
1671
245
2176
2107
1384
2637
1925
2185
2904
465
1195
1675
1686
1441
2112
727
830
1049
1217
1723
2407
1853
1888
834
52
1154
915
2251
89
1463
938
1927
1710
2399
1234
2819
2201
2489
1966
1929
2680
277
2252
1711
589
311
155
2075
527
268
1173
484
2786
1736
1721
2937
783
263
595
2137
1993
847
2007
2021
1265
133
2529
439
320
441
686
2209
383
1684
339
886
2887
2324
1560
1563
2245
2751
519
1487
1352
1064
366
2869
1855
2205
225
1146
1527
2595
1245
290
2260
1392
1845
283
1772
583
191
2142
1379
755
715
2304
1258
534
2408
1332
2913
1230
2809
2046
2055
906
1079
987
2656
756
644
540
2015
62
526
2711
942
1738
1485
810
2274
32
378
2532
2767
535
1576
510
1025
566
860
1148
70
2033
1705
102
2543
2267
15
149
2360
2297
2082
693
2330
1478
313
1662
354
1873
2710
1417
1361
1899
514
73
238
1681
1838
141
992
779
750
55
2048
1189
2644
260
487
622
401
2653
1950
235
1418
2068
1778
1165
1009
2562
1192
688
1415
2402
2728
2761
2588
2017
2349
220
1289
2537
2346
185
1511
1678
2587
1037
746
1388
1676
2243
2816
2808
2299
2011
1980
2597
2503
2058
900
1104
702
445
771
2576
474
2654
2387
250
988
562
2775
665
391
93
1257
2708
2398
2850
2750
2401
2643
2126
1317
2845
430
2440
1169
2000
399
330
1919
282
2221
400
632
305
2779
1222
1496
1823
1243
109
1377
2635
347
2157
1724
2096
2256
1226
1848
1011
2534
941
183
2414
977
2771
1385
553
2880
2375
2240
78
707
2695
2412
1000
1916
168
480
2556
2474
1552
732
1131
2905
1656
47
1115
2086
2253
2352
1575
1543
1403
933
1267
631
1162
778
1781
983
2331
1120
2059
1209
529
2776
1223
351
2470
643
515
1308
1517
2915
215
2071
1041
922
2646
455
148
2236
2749
2520
871
1506
1796
349
2789
1856
1414
1685
2102
1364
2549
1924
1763
1510
469
1206
2306
112
1466
2178
2903
368
2337
333
2853
1582
2009
1549
1269
25
2333
2030
126
2675
1842
642
561
521
1774
962
1091
2863
1952
2630
1901
578
557
2466
452
1437
2296
2321

