215
2471
2119
2639
1828
386
80
2469
1579
2838
250
1105
2682
205
2894
1011
1230
1865
1267
2261
1051
2157
2792
2144
194
291
2214
1654
2373
536
510
657
2007
1926
2344
269
2162
1625
2677
608
2806
289
2342
1735
1991
170
1419
2097
959
2927
224
1101
2081
642
1018
1935
245
1263
1602
114
2315
2113
1511
2706
416
2641
2289
1550
1260
2182
2025
1012
95
1879
1010
1505
2741
1675
1694
2697
1398
1671
2543
1682
477
1451
2426
2437
138
393
914
362
1085
0
1449
1958
1009
2432
1174
2926
2054
1462
2693
356
382
2582
1478
548
2354
926
1860
315
2310
280
30
2763
2931
1002
2549
1891
610
821
2428
513
2333
2290
1055
1014
181
2868
1094
1995
1048
1168
2558
84
329
223
1859
2278
1956
1157
1118
2491
2850
290
2076
371
1795
1943
2070
2714
1284
1402
2671
466
2370
1693
1253
1447
361
1987
1791
1971
1108
2091
2357
660
674
296
2240
1045
179
2864
1224
814
2899
2222
2110
1708
1038
2595
2416
2043
1992
1262
480
2350
2155
584
2280
2685
173
2617
1923
2744
1128
154
2723
936
1597
2239
865
2849
1072
1344
2662
1870
2698
826
1939
1872
1797
2571
714
617
1813
71
1964
1141
2408
91
600
1126
1311
425
1056
757
1320
2112
880
2879
1584
2335
2649
1832
1210
1440
568
751
1641
1965
2220
2551
1790
946
2557
448
99
519
607
142
2832
352
306
848
681
869
1663
268
1340
2039
503
2142
83
2134
1378
2101
2219
962
2906
1721
1545
1039
784
209
2345
732
708
1871
2687
2828
1425
1159
65
1251
1539
2164
431
1067
1090
285
2391
370
62
2328
1396
1894
1136
1001
2190
1167
1442
2569
890
1882
2826
322
790
1209
1696
1240
1271
1741
411
789
2265
43
1751
1175
2629
2578
2093
2393
862
823
2553
260
522
2300
1133
517
1286
2934
1899
2191
850
659
17
121
354
2229
486
146
1220
2366
307
2132
2138
2601
231
428
36
2511
2688
941
1596
240
1868
2872
628
2660
1827
1557
1035
2210
585
472
2895
641
1361
2563
13
579
312
1672
2580
1026
833
355
516
421
2837
1299
631
1150
441
487
965
1452
2737
1454
2487
1153
2628
423
2834
2503
1082
682
2224
2386
1341
2187
1921
1395
1690
1365
2236
813
1714
2529
956
2477
235
2042
1200
815
817
332
2050
201
2536
1364
932
169
94
10
556
1317
2526
590
1963
1158
521
1234
2228
2090
2365
2676
2223
2843
658
1951
527
1036
729
1848
1371
2256
1334
317
1087
2046
2489
2413
1499
1272
357
125
1382
1293
1852
171
45
445
116
1570
320
1304
61
948
2724
2251
572
966
1033
2130
301
1585
151
1719
2125
1711
1588
613
942
1430
292
588
1947
954
2505
117
1793
4
2587
2804
1839
1699
563
1279
1342
2598
128
1542
1691
2461
1778
2614
2254
369
2738
1664
2749
2508
1627
566
2450
395
1190
1614
696
16
1677
2449
1122
2053
870
712
1400
920
829
2340
1586
2150
2933
951
1977
1015
1327
2015
721
752
1825
2209
2916
582
2873
704
2168
760
2238
2446
2237
2267
1302
982
155
2404
2474
2732
1027
2646
120
830
374
1761
1437
2795
2456
1906
1785
1484
2633
672
1817
2520
2794
1745
758
2374
313
2384
2360
2844
1531
1116
1198
1113
819
706
237
1564
1407
2445
1620
1626
2071
2728
2891
419
1283
1728
2602
2143
2402
497
2252
2135
1489
2121
500
2552
453
2336
348
1049
305
2589
2124
2129
2255
1742
2249
2052
2272
228
417
1172
1590
1471
2148
1746
1076
300
2215
891
2040
243
2790
713
2348
2213
697
1042
2644
1826
2048
1846
776
1981
2736
2882
364
2068
1540
1789
2036
1308
218
2747
481
443
38
2246
1115
665
735
1106
1290
1649
2427
565
1288
1350
2544
1508
1700
1561
1982
1605
770
2010
724
1667
64
1685
963
69
551
772
2283
2257
793
27
2886
1329
2466
2319
2576
990
2470
1834
778
1123
1303
167
2570
8
2721
2769
1756
1180
1139
958
2351
436
1887
2833
2114
2136
2497
1577
1474
198
1546
2717
2533
1193
1863
172
2796
1952
475
1515
2659
1873
725
571
794
2656
302
2086
1160
636
105
2467
693
107
1927
2045
51
2356
1635
1077
2782
1020
969
144
2033
150
2381
22
1903
1387
2006
886
1357
1993
2710
261
449
683
1718
2149
1441
299
103
1698
2293
1121
264
655
1855
727
2606
2172
1966
1925
118
2080
221
1916
2242
910
2581
1818
415
2346
2221
1815
2316
629
1162
2618
868
2395
1519
1940
175
2713
949
259
888
2486
804
2118
1566
1973
164
2299
964
102
554
1695
2535
1850
1704
2106
165
328
1945
560
442
1886
133
825
2197
1029
1713
2355
1366
1716
1207
2896
570
1497
126
689
1258
67
1362
1019
1331
1930
298
2745
2669
1900
2241
2178
2854
578
2063
2087
2746
239
2865
2853
252
2156
1968
2730
422
738
1439
2540
1841
450
986
2801
1061
2099
1292
1243
889
2774
1591
2245
2720
2523
1529
2418
139
2510
564
2515
1819
1680
2851
1372
1985
2805
2859
1572
979
2414
1360
2313
603
1287
1095
518
1662
499
203
52
2285
2188
2411
876
1777
2725
939
85
720
1537
1856
344
933
2146
2860
1639
2398
2752
2452
885
1929
1568
1307
2742
1594
2392
906
1208
1467
1349
976
2842
319
1213
2691
478
2166
2286
254
2425
376
1472
2759
77
756
928
847
2364
525
2275
2123
1895
456
707
1656
1102
577
1997
1885
407
1637
2929
558
339
2013
858
2840
2743
1112
1770
2330
1522
835
730
755
1758
1187
2225
1615
1324
1417
609
1473
1237
2372
2317
717
1194
1259
6
1252
2819
2358
309
1171
76
1610
722
930
2430
2274
1831
1078
2273
716
2362
2667
86
532
626
509
378
1197
837
1957
1498
207
2352
1448
1431
1080
1418
1527
491
1595
1109
1619
457
1246
1830
2484
2077
1669
2712
2699
864
917
2686
803
2296
55
2512
2811
1928
2923
2002
604
1164
514
2817
1703
2846
2777
2291
1801
2248
2137
73
555
2750
2591
677
1410
434
2154
973
583
2815
2573
1369
646
2807
2538
1521
2410
838
262
230
208
1148
1390
1787
1775
2903
1326
984
213
2318
159
2141
2075
841
32
1601
881
1876
1893
227
2836
515
1919
647
1913
1822
1005
2799
1114
653
1064
2918
1752
2058
1173
695
1875
1140
1774
507
1645
2751
742
1047
1593
2559
2888
2504
2502
2323
287
632
2019
2522
180
420
1226
2666
1816
785
1093
1249
2847
899
1314
1058
426
2501
1347
2680
2116
88
326
2803
2823
1710
1052
1983
669
2407
1974
733
383
1683
281
1275
2909
108
1097
1459
101
1037
1869
2665
993
1155
1661
1760
625
1547
2704
113
1500
294
363
2020
1416
2442
2218
1802
438
2211
2297
2684
2109
2440
2701
2877
618
284
2433
1079
1166
2016
257
1053
2160
1845
2059
1702
1280
1727
1413
463
1176
2541
314
1201
106
1972
238
855
845
1415
2459
440
927
2861
375
392
1504
2568
1373
1455
359
2739
1389
2419
702
2163
255
401
1493
2069
877
2111
1634
2521
1214
916
286
2524
1030
2519
884
1363
520
1833
2379
780
1345
390
2368
1492
202
2359
798
2088
2907
2263
1942
479
2108
1847
1043
217
482
1266
740
1534
341
1581
157
1892
574
2922
34
1647
750
467
2800
2898
115
673
878
827
96
2464
2583
18
1724
2017
699
2781
347
1343
233
1904
2230
2034
2259
1502
795
2597
1922
2619
1177
745
2789
2078
1232
2509
1571
1446
93
1404
2887
1169
2412
2266
894
883
799
2107
1890
2726
335
694
1435
1325
2389
92
1883
1135
1383
1352
633
2654
1476
1392
2936
1083
1780
2787
1236
1763
972
882
2287
2204
2329
512
1496
2525
1552
2610
1880
2189
2361
2696
903
2100
350
591
2869
1245
1453
1975
621
1622
812
1559
433
2388
430
304
2472
2122
552
1861
586
2009
2376
2564
33
342
1996
538
1089
977
957
2288
2250
2683
1008
2845
2830
1330
2517
1544
542
1937
1421
1720
58
2216
2012
575
2047
1554
1165
1674
464
187
2603
220
1844
2064
258
1355
1660
1003
29
1385
2672
1737
806
2375
688
136
279
1414
2856
1781
2913
267
1375
1335
1228
251
451
2664
1567
1624
652
960
1297
1640
111
622
2403
1955
2447
2276
1254
397
308
385
1457
601
2443
2910
2227
1021
1766
2202
196
1994
490
1905
160
2105
20
79
1096
387
1642
473
1070
211
2762
1988
2483
1235
726
615
2645
1436
2635
2798
2079
875
2902
1217
606
2284
1054
762
820
2711
406
1643
1456
249
325
2207
2530
2458
1144
2281
1075
528
56
2596
1829
2067
23
1782
1524
1688
2816
1013
222
1734
1370
2867
2507
1450
2735
1277
2575
1636
295
2673
48
991
1888
1132
236
854
1380
488
907
1179
691
2435
2866
424
2941
1837
734
1188
1367
409
1858
460
1242
1028
831
2775
1864
1374
2260
1836
748
782
1424
87
545
2117
134
1854
805
779
162
2041
1726
226
168
1060
1809
2779
2173
925
1120
2451
1771
597
1948
474
1764
1783
1652
1772
2475
705
2206
2901
2634
971
2904
666
807
1468
839
1689
944
543
1124
2305
485
1840
2314
39
1300
276
816
1274
645
2037
895
1786
2679
2390
1578
989
272
978
506
2195
2905
2454
2234
1941
288
853
50
2270
2201
649
1475
2244
1264
2457
1512
2727
1920
182
852
2320
561
511
2532
377
573
1759
874
1732
2309
2590
1291
2611
234
1902
384
923
225
1730
2793
256
185
2531
2226
2516
1270
1673
2839
123
879
1551
2473
2011
2044
1717
1532
2703
1353
719
2482
2480
373
2908
124
184
1409
2307
2023
1686
1432
915
2194
2707
1748
465
2550
1458
994
786
2715
710
2599
1434
1215
2546
2572
703
2170
1768
1131
2556
834
1138
1507
2192
1294
2
2324
1729
2874
1736
282
1285
2308
1278
2638
2643
1063
2302
2438
1598
1733
1130
1119
200
59
119
630
2678
242
549
244
174
389
2049
2140
1032
1587
1582
1086
1185
1312
1494
2802
664
764
2151
2422
311
2264
2655
849
800
950
544
2460
832
89
2409
1803
2498
1301
1239
21
2642
2332
2158
2755
1332
2499
1575
15
741
405
1723
1520
1576
569
2232
1444
943
851
736
1934
1073
1482
2104
1066
247
687
2463
1152
1707
206
2337
1757
2937
1569
535
1125
1924
692
2716
2579
541
2884
2417
598
2718
2567
1411
2692
47
2651
892
2311
1681
1142
619
2208
2485
1318
938
1461
1022
2083
2848
2652
1248
1606
2031
2423
935
469
2032
2593
343
768
19
1391
2343
2560
2455
792
1195
1221
1443
274
2924
873
2770
1755
534
1503
454
1814
2788
1543
2152
996
723
2771
919
1464
2159
446
42
1203
2193
323
2577
1609
414
263
1145
110
1889
275
1041
675
98
2653
1381
2065
739
1628
1806
141
1065
74
1186
859
265
1796
953
2200
2729
1223
1110
1986
1181
1823
1091
593
1298
2892
1767
2000
2722
1617
2490
952
1653
1750
2719
623
1483
2821
901
2778
1722
1697
2406
737
1970
2014
183
2385
1233
398
2177
2062
2496
333
1881
1071
1305
1558
277
1222
843
349
2055
2279
156
324
1603
346
922
2268
860
1004
435
337
1103
999
524
14
650
1465
2005
1379
2772
2808
2791
2400
1843
1932
1486
2565
2439
2481
612
1701
897
2235
2165
471
2212
2322
2863
1989
2022
493
197
1394
1670
122
2098
2478
2534
2085
334
2420
2858
1255
439
866
2824
911
1227
781
1479
2604
2890
2925
2253
1548
1911
2607
345
2462
1031
1657
796
970
140
2932
2131
104
44
1408
400
2038
2488
2615
216
129
1199
1281
75
1495
1990
81
176
2115
774
2827
616
1877
2035
149
2627
109
266
1309
1069
1127
1241
961
2835
771
1376
709
761
2331
1665
775
353
1896
624
967
2912
2339
912
773
1384
1611
191
2074
526
1769
1129
391
358
2476
1310
1631
1976
412
1901
1608
2915
1368
1998
508
2174
2169
663
2911
483
2401
1684
336
1481
1405
2632
1563
2369
495
2871
2756
2377
399
1773
931
1556
2431
1513
1898
605
987
2018
1638
887
1183
667
379
1412
2636
676
929
1212
1306
685
2304
2700
2731
204
1779
1359
161
2298
656
2875
1630
824
2008
955
1386
1692
2139
380
496
1709
1962
2495
2935
1333
2096
100
1849
2492
728
898
2494
909
2527
567
1959
427
1811
413
2938
492
2103
1007
1117
523
818
1526
1979
2917
1589
1506
2203
1406
2608
777
1218
190
429
763
241
2089
2631
1107
494
1960
1553
2647
836
1884
1269
219
2506
1488
809
2893
1276
1491
2766
2415
1016
1592
1867
2841
367
2145
2095
1438
1523
1104
2383
1754
2584
1074
2185
1659
1134
1265
2768
2761
72
913
1282
2547
2870
2542
1470
983
787
31
2681
338
842
559
1731
137
602
2271
576
410
1081
372
210
229
1535
1057
178
447
293
1516
1953
2753
1583
402
581
1740
1857
9
2303
921
1633
1044
995
537
2674
2690
744
1463
1192
2180
1024
1824
2760
498
2399
2066
2600
2592
1798
2292
40
1517
53
2349
1874
458
2657
1612
1149
1
462
1747
2784
1676
2258
1961
791
1399
1765
1388
635
1296
177
2028
1211
501
2092
112
90
1931
35
1530
662
1744
57
2609
11
2561
1518
2852
1068
1984
2623
811
2378
639
1599
1257
2073
2650
857
2829
2919
1743
2424
1655
166
418
1146
1788
1784
2754
753
1098
904
1092
2574
1204
1706
2554
78
1247
1908
2434
2831
504
1289
1807
2809
2371
1914
2181
1034
1426
640
2862
2518
331
1084
143
867
388
2810
587
637
1715
1268
1170
1423
468
394
2243
749
2626
1088
63
132
502
589
905
797
2217
638
731
747
1358
1776
1687
127
2539
2397
1163
1536
1510
2663
718
1099
2783
2621
1946
2082
1562
2347
2295
1679
2198
2785
1944
1668
2878
1206
1147
592
212
2880
297
2301
2405
2269
614
2758
654
2167
1613
2021
530
147
684
2555
700
2930
2120
2003
1800
2921
1838
1938
1794
270
1621
1644
214
1549
1059
1216
2708
974
340
2920
2231
550
248
594
1629
1256
988
1933
1810
1315
1804
2630
2585
1046
1600
711
2338
1316
2147
70
1156
2380
2179
188
459
1560
680
1238
271
1623
1017
2176
2394
981
937
1323
2513
1261
2622
2367
1967
1445
2613
1917
802
2562
2493
1231
1666
2780
1433
1023
924
1273
1862
2029
1137
2001
634
2396
644
596
2321
997
2914
2153
1428
670
2294
808
193
671
1533
1616
1151
1618
2094
2026
1480
303
2813
1336
1918
801
2612
82
1339
2605
2262
1538
2326
1808
246
769
2620
980
1658
2820
1205
698
283
310
2161
2876
37
1321
580
2814
2334
2072
2199
131
1678
531
461
1853
476
2102
2695
2133
872
2689
2233
2889
2061
2586
2205
783
148
2637
893
444
2441
158
2500
1143
1835
2171
746
1541
130
2733
940
1000
661
896
2625
404
2327
2709
1328
1950
232
1189
2528
1842
529
2658
2748
2453
253
2857
908
1878
408
2694
2468
330
2444
28
553
1739
1509
2027
2548
1651
12
1397
2900
1100
690
1915
153
1348
318
2306
470
1420
2277
2616
1346
627
1295
2126
1040
54
1738
900
195
2797
2545
1403
2702
1351
1525
2757
1250
1422
192
2648
396
1485
2387
2084
968
643
1469
1607
2363
715
1954
489
1705
2382
856
539
2186
686
828
945
1319
1909
1225
2128
2421
1555
998
403
1466
651
432
1912
1393
2312
455
1050
25
2024
1580
1322
2030
902
1792
871
1648
562
2247
7
2594
2175
846
2537
1427
199
2353
2822
2640
2282
788
2668
767
163
327
1202
1573
1897
2183
1196
381
2051
2127
1910
1799
1501
2928
135
152
2767
351
1574
2004
918
2661
2705
766
2765
1762
2448
1632
2764
1337
557
1712
765
2675
1062
1006
68
2465
840
2855
533
1749
1820
60
678
1821
810
189
1111
145
934
2060
505
2740
1487
2883
620
1514
1490
546
2184
1356
26
1244
1219
368
5
743
1229
41
321
2341
1978
1460
2881
1354
24
668
1866
648
1753
2588
1401
2056
2514
186
484
1565
1969
3
1725
46
679
1907
754
1646
1154
365
547
611
1477
759
1528
1025
2566
1313
2734
97
1936
2479
1604
278
599
2325
49
2885
2825
2776
2057
273
366
2429
992
437
1377
595
861
863
1949
540
947
975
1429
452
360
1338
1161
985
1980
2812
66
2773
2940
844
1182
2818
1851
2670
1178
1191
2624
822
1805
1999
2196
1650
1812
316
2786
2436
2897
2939
701
1184

