1 0
2 1
3 1
4 0
5 0
6 0
7 1
8 1
9 1
10 1
11 1
12 1
13 1
14 0
15 1
16 0
17 1
18 1
19 1
20 1
21 1
22 1
23 0
24 1
25 0
26 1
27 0
28 0
29 1
30 0
31 1
32 0
33 1
34 1
35 1
36 1
37 1
38 1
39 1
40 1
41 1
42 1
43 1
44 0
45 1
46 1
47 1
48 0
49 1
50 0
51 1
52 1
53 0
54 1
55 1
56 0
57 1
58 1
59 1
60 1
61 0
62 0
63 0
64 1
65 1
66 0
67 1
68 1
69 1
70 1
71 0
72 0
73 0
74 1
75 1
76 0
77 1
78 0
79 1
80 1
81 0
82 1
83 1
84 1
85 1
86 1
87 1
88 1
89 0
90 0
91 1
92 0
93 1
94 0
95 1
96 0
97 1
98 1
99 0
100 1
101 1
102 1
103 1
104 1
105 1
106 0
107 1
108 1
109 1
110 1
111 0
112 0
113 1
114 0
115 1
116 0
117 0
118 1
119 0
120 1
121 0
122 0
123 1
124 1
125 1
126 1
127 0
128 1
129 0
130 0
131 0
132 0
133 1
134 0
135 1
136 1
137 0
138 1
139 1
140 0
141 0
142 1
143 1
144 1
145 1
146 1
147 1
148 0
149 0
150 1
151 1
152 1
153 1
154 0
155 1
156 1
157 1
158 0
159 0
160 1
161 1
162 1
163 0
164 0
165 1
166 1
167 1
168 0
169 1
170 1
171 0
172 0
173 1
174 0
175 0
176 1
177 1
178 0
179 0
180 1
181 0
182 0
183 1
184 0
185 0
186 1
187 0
188 0
189 1
190 0
191 1
192 0
193 1
194 1
195 1
196 0
197 1
198 1
199 1
200 1
201 0
202 1
203 0
204 0
205 0
206 0
207 0
208 0
209 1
210 0
211 0
212 0
213 1
214 1
215 0
216 0
217 0
218 0
219 0
220 1
221 0
222 0
223 0
224 1
225 1
226 0
227 1
228 0
229 1
230 1
231 1
232 1
233 0
234 0
235 1
236 1
237 0
238 0
239 1
240 1
241 1
242 1
243 1
244 0
245 0
246 1
247 1
248 0
249 1
250 1
251 1
252 0
253 1
254 0
255 0
256 0
257 0
258 1
259 1
260 0
261 0
262 1
263 1
264 1
265 0
266 1
267 0
268 0
269 1
270 1
271 0
272 1
273 1
274 0
275 0
276 0
277 0
278 0
279 1
280 0
281 1
282 1
283 1
284 0
285 0
286 0
287 1
288 1
289 1
290 0
291 0
292 0
293 1
294 1
295 0
296 0
297 1
298 0
299 1
300 1
301 0
302 1
303 0
304 1
305 0
306 1
307 1
308 0
309 0
310 1
311 0
312 0
313 1
314 1
315 1
316 1
317 1
318 0
319 1
320 1
321 0
322 1
323 1
324 0
325 0
326 1
327 0
328 0
329 1
330 1
331 1
332 1
333 1
334 1
335 1
336 0
337 1
338 1
339 0
340 0
341 1
342 1
343 0
344 1
345 0
346 0
347 1
348 1
349 0
350 0
351 1
352 1
353 1
354 0
355 1
356 1
357 0
358 1
359 0
360 1
361 1
362 1
363 1
364 1
365 1
366 0
367 1
368 1
369 1
370 0
371 1
372 1
373 1
374 1
375 1
376 1
377 0
378 1
379 0
380 1
381 1
382 0
383 0
384 1
385 1
386 1
387 1
388 1
389 1
390 1
391 1
392 1
393 0
394 0
395 1
396 1
397 0
398 1
399 1
400 1
401 1
402 0
403 1
404 1
405 0
406 0
407 0
408 0
409 1
410 0
411 1
412 1
413 1
414 1
415 0
416 0
417 1
418 0
419 0
420 1
421 1
422 0
423 1
424 1
425 1
426 0
427 0
428 1
429 1
430 1
431 1
432 1
433 1
434 1
435 0
436 0
437 1
438 1
439 1
440 1
441 1
442 1
443 1
444 1
445 0
446 1
447 1
448 1
449 1
450 1
451 1
452 1
453 1
454 1
455 1
456 1
457 1
458 0
459 1
460 0
461 0
462 1
463 1
464 1
465 0
466 1
467 1
468 1
469 0
470 1
471 0
472 0
473 0
474 1
475 1
476 0
477 0
478 1
479 1
480 0
481 0
482 1
483 1
484 1
485 1
486 0
487 1
488 0
489 1
490 0
491 1
492 0
493 1
494 1
495 1
496 1
497 1
498 0
499 1
500 1
501 1
502 1
503 1
504 1
505 0
506 0
507 1
508 1
509 0
510 1
511 1
512 1
513 1
514 1
515 0
516 1
517 0
518 0
519 0
520 1
521 1
522 1
523 0
524 0
525 0
526 1
527 0
528 1
529 0
530 1
531 1
532 1
533 1
534 1
535 1
536 1
537 1
538 0
539 1
540 0
541 0
542 1
543 1
544 0
545 0
546 0
547 1
548 1
549 0
550 0
551 1
552 0
553 0
554 1
555 1
556 0
557 1
558 0
559 1
560 1
561 1
562 0
563 1
564 1
565 1
566 1
567 1
568 0
569 1
570 1
571 1
572 1
573 1
574 1
575 1
576 0
577 1
578 1
579 0
580 1
581 0
582 0
583 1
584 1
585 0
586 1
587 1
588 1
589 0
590 0
591 0
592 0
593 0
594 1
595 1
596 1
597 1
598 0
599 1
600 1
601 1
602 1
603 0
604 1
605 1
606 1
607 0
608 0
609 0
610 1
611 0
612 1
613 0
614 0
615 0
616 0
617 1
618 0
619 1
620 1
621 0
622 1
623 1
624 0
625 0
626 1
627 1
628 0
629 1
630 0
631 1
632 0
633 0
634 0
635 1
636 1
637 1
638 1
639 1
640 1
641 1
642 0
643 0
644 1
645 0
646 0
647 1
648 1
649 1
650 1
651 1
652 0
653 1
654 0
655 0
656 1
657 1
658 1
659 1
660 0
661 1
662 1
663 1
664 1
665 0
666 1
667 0
668 1
669 0
670 1
671 1
672 0
673 1
674 1
675 1
676 1
677 1
678 0
679 0
680 0
681 1
682 0
683 0
684 1
685 1
686 1
687 1
688 0
689 0
690 0
691 0
692 1
693 0
694 1
695 0
696 1
697 1
698 1
699 1
700 1
701 1
702 0
703 1
704 1
705 1
706 1
707 0
708 1
709 1
710 1
711 0
712 1
713 1
714 1
715 1
716 0
717 1
718 0
719 1
720 1
721 1
722 0
723 0
724 1
725 1
726 0
727 1
728 0
729 0
730 1
731 0
732 1
733 1
734 0
735 0
736 1
737 1
738 0
739 0
740 1
741 1
742 0
743 1
744 0
745 1
746 0
747 1
748 1
749 1
750 1
751 1
752 1
753 1
754 0
755 1
756 0
757 0
758 1
759 1
760 0
761 1
762 1
763 1
764 1
765 0
766 1
767 0
768 1
769 0
770 1
771 0
772 0
773 0
774 1
775 1
776 1
777 0
778 1
779 1
780 1
781 1
782 0
783 1
784 0
785 1
786 0
787 1
788 1
789 0
790 1
791 1
792 0
793 1
794 1
795 1
796 0
797 1
798 1
799 1
800 1
801 0
802 1
803 1
804 0
805 1
806 0
807 0
808 1
809 0
810 1
811 1
812 1
813 0
814 1
815 1
816 1
817 1
818 1
819 0
820 1
821 1
822 1
823 1
824 1
825 1
826 0
827 0
828 0
829 1
830 1
831 0
832 0
833 1
834 0
835 0
836 0
837 1
838 0
839 1
840 0
841 1
842 0
843 1
844 1
845 0
846 1
847 1
848 0
849 1
850 1
851 1
852 1
853 1
854 1
855 0
856 0
857 0
858 1
859 1
860 0
861 1
862 1
863 1
864 0
865 1
866 0
867 0
868 0
869 0
870 1
871 0
872 1
873 1
874 0
875 1
876 0
877 0
878 1
879 1
880 1
881 0
882 1
883 1
884 0
885 1
886 1
887 1
888 1
889 0
890 1
891 1
892 0
893 0
894 1
895 0
896 1
897 1
898 0
899 1
900 1
901 0
902 1
903 0
904 0
905 1
906 1
907 1
908 0
909 1
910 0
911 1
912 1
913 0
914 0
915 1
916 0
917 1
918 1
919 0
920 1
921 1
922 0
923 1
924 1
925 0
926 1
927 0
928 0
929 0
930 1
931 0
932 0
933 1
934 1
935 0
936 0
937 1
938 0
939 1
940 0
941 1
942 1
943 1
944 0
945 1
946 1
947 0
948 1
949 1
950 1
951 1
952 1
953 1
954 0
955 0
956 1
957 1
958 0
959 0
960 1
961 1
962 1
963 1
964 0
965 0
966 0
967 1
968 1
969 1
970 1
971 0
972 1
973 1
974 0
975 0
976 0
977 0
978 0
979 0
980 0
981 0
982 0
983 0
984 1
985 0
986 0
987 1
988 0
989 0
990 1
991 0
992 0
993 0
994 0
995 0
996 1
997 1
998 0
999 1
1000 1
1001 0
1002 1
1003 1
1004 0
1005 1
1006 1
1007 1
1008 0
1009 1
1010 1
1011 1
1012 0
1013 0
1014 1
1015 0
1016 0
1017 1
1018 1
1019 1
1020 1
1021 1
1022 0
1023 1
1024 1
1025 1
1026 0
1027 1
1028 0
1029 1
1030 1
1031 1
1032 1
1033 1
1034 1
1035 1
1036 0
1037 1
1038 0
1039 1
1040 0
1041 1
1042 0
1043 1
1044 0
1045 0
1046 1
1047 0
1048 1
1049 1
1050 0
1051 1
1052 1
1053 1
1054 1
1055 1
1056 1
1057 0
1058 1
1059 0
1060 0
1061 1
1062 1
1063 0
1064 0
1065 0
1066 1
1067 0
1068 1
1069 0
1070 0
1071 0
1072 1
1073 1
1074 0
1075 1
1076 0
1077 1
1078 1
1079 1
1080 0
1081 1
1082 0
1083 1
1084 1
1085 1
1086 0
1087 0
1088 0
1089 0
1090 1
1091 1
1092 0
1093 1
1094 1
1095 0
1096 0
1097 1
1098 0
1099 1
1100 1
1101 1
1102 1
1103 1
1104 1
1105 1
1106 0
1107 0
1108 1
1109 1
1110 0
1111 1
1112 1
1113 0
1114 0
1115 1
1116 0
1117 1
1118 0
1119 1
1120 1
1121 1
1122 1
1123 1
1124 1
1125 1
1126 0
1127 1
1128 1
1129 0
1130 1
1131 0
1132 1
1133 1
1134 1
1135 1
1136 1
1137 1
1138 1
1139 1
1140 1
1141 1
1142 1
1143 1
1144 0
1145 0
1146 0
1147 1
1148 1
1149 0
1150 1
1151 0
1152 0
1153 0
1154 1
1155 0
1156 1
1157 0
1158 1
1159 0
1160 0
1161 1
1162 1
1163 1
1164 1
1165 1
1166 0
1167 0
1168 1
1169 1
1170 1
1171 1
1172 1
1173 0
1174 1
1175 0
1176 1
1177 1
1178 1
1179 1
1180 0
1181 1
1182 0
1183 1
1184 0
1185 0
1186 0
1187 1
1188 1
1189 1
1190 1
1191 0
1192 1
1193 1
1194 1
1195 1
1196 0
1197 0
1198 0
1199 0
1200 0
1201 1
1202 0
1203 1
1204 1
1205 1
1206 0
1207 1
1208 1
1209 0
1210 1
1211 0
1212 1
1213 0
1214 0
1215 0
1216 0
1217 1
1218 0
1219 1
1220 1
1221 1
1222 0
1223 1
1224 0
1225 1
1226 1
1227 1
1228 1
1229 0
1230 0
1231 0
1232 1
1233 1
1234 1
1235 0
1236 1
1237 0
1238 1
1239 1
1240 0
1241 1
1242 1
1243 0
1244 0
1245 0
1246 1
1247 0
1248 1
1249 1
1250 1
1251 1
1252 0
1253 1
1254 0
1255 1
1256 0
1257 1
1258 1
1259 1
1260 0
1261 1
1262 1
1263 0
1264 1
1265 1
1266 1
1267 0
1268 0
1269 1
1270 0
1271 1
1272 1
1273 0
1274 1
1275 0
1276 1
1277 0
1278 0
1279 0
1280 1
1281 0
1282 0
1283 1
1284 1
1285 1
1286 1
1287 1
1288 1
1289 1
1290 1
1291 1
1292 1
1293 1
1294 0
1295 0
1296 1
1297 1
1298 0
1299 1
1300 1
1301 1
1302 0
1303 1
1304 0
1305 1
1306 1
1307 0
1308 1
1309 1
1310 1
1311 0
1312 0
1313 1
1314 1
1315 1
1316 1
1317 1
1318 1
1319 0
1320 0
1321 1
1322 0
1323 1
1324 1
1325 1
1326 0
1327 1
1328 0
1329 1
1330 0
1331 1
1332 1
1333 1
1334 1
1335 1
1336 0
1337 0
1338 0
1339 1
1340 0
1341 1
1342 1
1343 1
1344 1
1345 0
1346 0
1347 1
1348 0
1349 1
1350 0
1351 0
1352 1
1353 1
1354 0
1355 1
1356 1
1357 0
1358 1
1359 1
1360 1
1361 1
1362 0
1363 1
1364 0
1365 0
1366 0
1367 0
1368 0
1369 0
1370 1
1371 0
1372 0
1373 1
1374 0
1375 1
1376 1
1377 0
1378 1
1379 1
1380 0
1381 0
1382 0
1383 1
1384 1
1385 0
1386 1
1387 0
1388 1
1389 1
1390 1
1391 0
1392 1
1393 1
1394 1
1395 0
1396 1
1397 0
1398 0
1399 1
1400 1
1401 1
1402 1
1403 0
1404 0
1405 1
1406 1
1407 1
1408 1
1409 0
1410 0
1411 0
1412 1
1413 1
1414 1
1415 1
1416 1
1417 1
1418 1
1419 1
1420 0
1421 1
1422 0
1423 1
1424 1
1425 0
1426 1
1427 0
1428 1
1429 0
1430 1
1431 1
1432 1
1433 0
1434 0
1435 0
1436 0
1437 1
1438 1
1439 1
1440 1
1441 1
1442 0
1443 1
1444 1
1445 1
1446 1
1447 1
1448 0
1449 1
1450 1
1451 1
1452 1
1453 1
1454 1
1455 1
1456 1
1457 1
1458 1
1459 1
1460 1
1461 0
1462 1
1463 0
1464 0
1465 1
1466 1
1467 1
1468 0
1469 1
1470 1
1471 1
