486
1908
2795
1247
2667
2707
1956
2370
1565
2252
2133
2277
2679
2100
1073
2081
2589
2255
1471
2399
1244
2610
948
1431
927
1671
485
1832
58
1495
669
593
2432
1422
442
1610
2613
1448
2374
1849
2287
1072
345
2437
2936
1155
1316
985
2827
1891
1365
499
2519
2084
2813
1427
797
21
1870
873
1645
636
1322
225
1349
2763
73
875
1758
1465
1612
143
1822
934
1057
656
737
1141
2712
360
220
426
1193
2051
1897
2454
1863
1532
2228
2220
1191
91
1588
2444
1611
1508
1112
2735
815
333
1408
1652
69
1752
2470
2671
1477
800
2275
1307
1970
2619
445
2460
2930
2696
1325
556
1222
110
2502
2162
1321
2205
1782
1576
2705
2521
1744
105
123
1654
833
132
2558
790
2791
341
2290
102
2403
1127
1886
1429
1542
2010
59
2386
1334
1616
2819
1479
1248
465
708
691
2809
2899
662
1637
919
533
1760
1855
2645
2127
1702
2710
2889
1810
2397
1165
1474
955
1773
1306
1981
1730
855
525
480
139
2591
54
1093
331
2083
1935
939
2772
807
2484
422
1614
393
693
780
2934
378
1065
447
1195
2129
380
750
2390
330
2243
1829
1435
1656
373
539
2733
1540
1955
2800
2535
2151
1399
2832
1801
1067
277
706
2928
2385
2472
276
1916
1171
1013
2260
692
325
2413
1389
950
1589
1609
2406
2485
1673
1606
1919
365
678
1375
863
720
2758
1706
2722
1860
2761
2199
1676
624
1998
1714
2181
460
2846
2310
97
938
1544
2719
1738
2463
1231
80
107
1944
1258
565
1704
635
402
2131
178
680
305
71
478
2867
831
197
799
491
2076
1287
2555
2638
975
2863
1294
827
1075
964
1182
207
1896
1660
829
1991
887
2656
6
2170
1836
942
2256
177
2408
936
2627
1811
1948
1468
1859
2550
2379
2344
2396
356
204
784
1633
998
293
349
2920
1987
454
770
2729
14
1081
451
511
1120
1952
2176
1122
286
562
34
2107
2765
1137
1040
610
2507
514
2839
217
1230
1078
2498
1272
2274
870
1818
63
1161
2393
2236
427
288
1879
805
477
695
182
1297
865
1962
2871
1535
0
505
2620
1140
2235
715
1711
1430
2443
2821
2257
358
2661
1101
2718
1873
440
348
357
508
2518
1511
1513
2868
552
1691
2312
2740
2270
2158
411
2091
2299
346
2062
77
2026
1098
2585
134
904
2755
627
1461
2611
2202
1295
1918
456
135
599
2491
1796
1201
234
1407
658
2747
50
2043
2906
2924
165
2858
2689
1011
281
190
2616
2238
136
2156
1236
1683
51
2295
1776
2699
125
2888
924
1501
853
722
1335
826
957
2548
504
1659
864
2859
2409
13
1138
1827
379
2542
620
2721
1569
2551
2178
2732
846
616
1672
1016
1949
1846
1717
430
2415
1278
1946
399
1405
307
1342
2894
31
979
2104
2629
1726
2686
1743
1034
461
850
1887
1340
550
958
2492
2273
2132
774
1198
351
332
1028
1126
1727
1464
2662
2039
513
2353
586
1657
205
753
949
608
639
1444
2367
996
1080
2850
15
280
1924
61
1154
1707
1686
2141
1585
1395
1980
2285
1858
1027
2823
1695
2898
2218
1010
785
679
1172
646
1394
888
574
2788
1369
301
2284
1310
241
1420
2221
475
323
434
1901
1384
1964
1114
2430
1246
2568
2027
907
1732
895
2537
2184
1694
903
999
87
350
1220
1990
1026
83
2815
394
1620
2361
2428
2094
1226
716
568
594
1160
2216
1527
1831
1257
495
2897
2137
470
1762
2234
2110
2547
945
1593
433
2592
597
721
414
2169
1740
605
841
1462
53
2494
1243
2148
2271
1212
1083
84
2940
806
2117
2650
609
840
718
1942
371
227
652
1059
2120
2890
746
932
1274
2038
811
1649
211
2691
1821
1777
146
2513
2522
1048
248
2727
1521
1950
2941
2061
2857
890
2880
1053
625
215
1814
885
1183
2469
557
452
1237
2293
2495
90
1125
2653
1360
1534
1087
1385
1111
1869
1624
2329
1581
899
512
2427
3
1522
1019
1326
759
1030
2059
834
2748
1809
983
1485
1159
2121
1803
2566
1662
2281
1282
2378
46
174
2652
2198
1746
1966
1288
57
1875
2376
2225
2516
2633
1564
1012
2750
432
2000
2224
263
2478
1000
235
1129
814
2016
2077
2879
2331
2706
387
1712
778
1228
1591
2490
2810
429
1090
1488
1085
1888
150
2223
2939
1346
2541
848
444
698
93
2021
297
2185
2927
251
1973
1861
2637
2424
703
1133
1005
1177
943
2338
2766
582
145
154
1774
2036
1619
1737
1215
1808
1104
2391
2066
2089
1550
2587
852
1130
304
1255
1153
629
741
396
247
2581
406
2702
2680
685
1457
1548
1868
2289
408
1641
405
641
916
583
2654
914
671
1036
1835
1618
2665
724
2711
152
1470
1813
731
2267
2818
2881
2515
1975
2054
2910
194
660
1735
1689
1176
868
106
880
704
1621
2798
1003
398
1372
2851
1339
1643
520
752
2744
2600
953
2383
892
1478
1830
1716
570
2341
571
289
39
175
1184
329
1499
116
579
2471
871
2241
705
1766
479
2743
2419
2618
2115
1041
2467
1121
1151
2489
328
259
1180
2916
1109
2346
2693
555
618
1259
2486
687
1842
2028
966
2315
1068
1245
2092
385
1381
650
2382
1283
2685
2700
2232
2817
368
2674
327
859
1491
347
1051
24
2672
191
1866
249
2838
2337
1554
1537
2874
2318
1279
2575
1398
2245
66
1520
1715
2439
729
2835
532
1414
2651
23
353
9
1632
602
598
1978
1710
315
130
1690
192
1857
2571
1848
1541
2060
1387
651
1367
1382
588
877
931
144
2781
2007
2690
1713
2742
2001
2582
2134
2230
993
1476
273
930
755
1583
1324
1099
2269
2845
788
10
355
1579
1851
839
2123
644
1805
2504
1045
295
820
2635
2400
1986
2163
612
2534
1679
1371
842
1234
1401
1577
2917
2598
231
2506
2796
1963
424
1968
1976
311
2167
2354
112
1299
2101
1463
2153
2030
1505
317
1600
944
1261
52
1533
496
2825
2802
2138
2664
849
2480
321
449
2658
1146
754
2298
1770
334
2073
261
1076
2459
696
765
1562
484
56
1587
2197
242
2451
951
1951
1755
2531
1273
1556
2493
2913
1178
2676
186
587
1880
2767
1289
2703
1119
1724
2294
2487
1800
436
1867
2373
1044
1536
2730
603
1922
2423
314
742
757
2447
1584
1332
1204
1705
269
2473
1650
413
2634
1208
1023
2840
663
901
2215
2875
2511
2005
246
11
2201
1753
386
2646
1100
1489
2265
2869
1271
467
1047
2578
2035
1402
2602
1225
2503
847
1914
108
940
2787
2731
99
822
2360
1558
1276
141
2307
2304
22
2327
2111
245
2462
2887
1459
2336
1899
638
343
1778
206
569
2590
1091
326
2596
1739
1390
1380
1415
986
1192
743
549
2789
1293
2842
536
483
777
773
212
20
2530
808
654
1607
2461
124
2816
1238
55
2023
1263
2895
2621
732
4
1466
62
2601
782
299
68
1337
75
2909
1406
2853
851
2670
1742
2745
2826
2794
1458
474
989
81
649
1397
607
1954
140
1839
2348
2057
1331
1158
1567
2347
2777
1775
2520
2448
2004
1014
2636
2082
2404
2207
1152
382
854
2034
786
313
1434
2362
457
2799
2905
2529
970
1817
412
1688
2617
2808
2886
1969
2760
1833
418
733
2708
101
1996
291
1185
891
147
1678
1351
2583
2640
1900
219
214
1794
1622
2726
1006
779
913
2292
340
1566
775
2056
647
1156
1079
1134
1597
243
564
2291
2330
2615
1353
49
604
2923
1957
2728
1333
1865
2623
1680
2803
2870
856
2029
100
2564
1728
1446
2649
726
798
1428
2410
1124
699
296
2822
1467
172
98
446
1313
8
747
471
2737
1816
843
501
1902
2042
1741
2177
1043
1117
2193
918
266
2105
2754
946
376
991
2812
768
655
544
2929
1217
361
1933
2775
2088
1874
1303
2500
2249
683
2688
2272
1592
256
2628
1186
2112
493
1983
1445
2200
502
2263
1651
2663
188
2716
1493
1884
1871
1197
559
1516
2093
2647
2254
2525
1374
2109
1723
439
37
2159
2546
823
2931
2785
2878
735
1021
2606
1368
2345
1608
2070
1373
883
1925
2488
2152
2426
2807
42
1211
1915
2829
169
1644
1595
2395
600
1852
149
1413
962
2017
2305
1939
28
2326
2778
1687
1227
142
682
2543
1538
509
2229
2458
2047
2836
2321
2031
1290
2720
972
237
714
1426
32
2561
425
1668
258
1661
1001
1907
518
1309
285
2697
1514
2194
2217
401
2398
1480
238
2211
2206
821
689
2769
617
1500
133
2572
1265
407
1166
2746
515
2102
1697
1820
1828
1625
1132
320
2935
1147
462
466
1898
1024
2725
959
2231
1745
1439
1103
2557
1799
2247
1941
1911
2738
26
2797
1967
1020
40
45
2266
2594
1305
366
2860
1116
1878
257
1982
1318
1108
236
2142
619
2357
2804
791
1348
2155
1487
2584
804
2919
1497
2135
7
561
159
1921
1240
1509
2011
2625
2090
184
2125
745
233
423
872
2097
2926
2412
1249
902
126
1560
1356
810
2048
2862
1256
74
272
2499
2342
244
2579
1421
2174
1749
488
2562
2394
956
763
1692
894
2309
404
1681
372
224
473
1224
1834
162
2122
2359
391
1965
1523
2709
529
2128
374
1779
2019
1940
2848
659
255
2782
701
1018
70
540
577
1953
1345
300
2762
179
151
2119
1061
2891
1696
274
2925
1392
817
1482
1031
284
218
2441
1666
1060
1856
2431
1543
1341
2900
1188
1979
2831
573
202
941
362
1525
912
1015
185
1058
2064
193
1524
1205
626
2779
111
984
744
65
67
793
1718
1910
710
1338
1677
1928
2246
541
1572
1995
965
2085
2282
2753
1492
2595
2774
1596
16
1617
1291
657
1674
2907
2303
739
200
2204
1054
694
1071
2389
2332
615
1235
278
795
2261
809
262
1761
1994
2482
1174
1391
886
96
898
2632
2116
645
1750
978
1664
2052
2372
1571
2317
1451
546
2593
756
2339
469
183
606
2183
377
336
1838
566
1613
2896
858
1825
2882
2388
1789
1199
674
487
2509
2280
761
2505
634
643
1926
400
1264
1168
2188
1312
837
1077
1729
1268
1693
163
2143
2856
2608
2154
1653
2626
653
2149
1582
2849
1909
2465
1936
2146
1658
2171
969
443
1517
1912
697
213
923
2349
730
137
1999
884
1266
2768
1785
196
2022
2179
531
812
282
2756
2820
239
1452
2776
623
1481
1209
637
2824
1207
303
2477
2544
421
109
2565
1229
988
2429
2434
1383
1102
114
554
128
2675
1563
1221
968
1958
1882
2556
2313
1640
2283
545
2055
1519
2251
672
2806
2046
2588
2150
1319
265
860
1194
2526
1113
2233
2468
560
1784
893
2908
767
2264
1802
409
1599
1905
1788
2002
1094
403
2239
1780
1050
1985
510
1296
254
1412
1144
1314
2325
1937
1786
367
920
1455
306
702
2384
1280
1410
390
1473
908
2751
1148
614
760
1311
1768
2536
519
209
709
1502
2844
1443
1494
1510
878
675
240
2921
1992
384
1432
917
818
2196
1515
127
1984
2692
2741
2324
2580
2450
982
2436
1890
1096
585
1684
2668
1490
642
2660
338
2164
253
997
226
633
766
1179
279
1503
1823
1056
2576
2770
664
267
1945
1139
2411
199
740
2180
33
1734
230
2334
94
937
189
2114
1419
2570
2510
2630
1469
1097
1270
1539
1460
1647
2340
1993
1974
1568
2072
905
1670
2932
319
232
1142
523
824
2371
2876
2037
1442
621
2095
2655
2301
1162
2757
2377
381
2041
2567
2191
990
1769
928
1699
947
468
1923
2648
581
764
2872
1977
527
500
1055
1388
448
1932
2074
2828
2904
2694
1578
2533
2612
971
1590
1546
1203
719
458
1033
287
1453
2075
2208
1594
1347
44
900
1400
157
1549
2792
727
2811
148
2643
1267
1252
1409
1889
155
1423
359
1475
1149
201
1675
138
1157
1049
1164
2316
2014
104
27
1095
1190
1598
2539
2877
2065
836
419
1241
82
1327
316
1007
153
921
131
19
431
120
1997
1631
867
2912
2773
2210
1167
115
1895
1765
95
738
992
2701
2352
2363
1894
117
2213
825
1378
2182
2402
2512
929
2474
1320
1017
1602
1721
1927
1725
2067
2790
2449
12
1626
595
1751
1300
1771
1804
1329
1304
2279
2118
2069
1143
2764
1069
1720
952
2168
578
2147
1877
1518
1118
933
1496
668
2604
64
2106
2456
844
2717
835
1883
1837
506
1110
1216
2368
1655
2532
2830
472
2278
2933
30
2288
2414
967
896
453
1277
1881
690
2442
1074
1362
1853
339
335
1232
1352
661
2297
1756
113
537
2080
1037
2455
1930
1790
324
410
2609
1498
2422
2553
548
622
838
2248
960
1070
1008
1551
1663
980
1336
354
5
2624
1763
1531
2227
2901
2187
538
728
2268
2421
72
1555
2425
1947
1528
589
1629
1039
2805
1700
613
43
2523
2040
553
1627
832
2222
223
1988
2814
1330
2296
2641
2911
268
1748
1424
781
1787
2209
2161
2190
464
2793
954
2175
2497
2108
910
1736
308
2734
2659
1285
2902
717
1646
2006
2130
2446
712
1418
1580
2286
2771
2704
2259
758
2786
118
2387
208
1893
2113
388
2139
601
1002
2165
1862
534
1105
2418
1759
2136
563
1239
158
1642
1628
337
2639
981
1807
2687
1150
121
2873
2262
1847
1175
801
1035
1754
796
1934
2079
1872
122
170
1169
2320
490
628
1370
631
1136
866
772
1506
1903
168
2440
2166
417
1187
676
1292
2160
711
802
2319
2099
2244
363
1170
1772
1366
221
2603
302
1364
2903
713
2496
160
1639
2695
498
2736
1210
2683
2657
187
2464
2314
383
648
1504
497
1253
1269
2852
1200
441
2417
707
1323
1386
1115
1350
1106
481
2752
2086
1328
1507
2226
1815
2466
1559
252
1484
590
2865
88
1128
2087
535
1092
2713
2801
2784
591
2015
318
119
2524
2219
2475
1719
1449
2126
2883
1530
803
2854
1250
2214
2323
961
1357
911
309
2068
2622
2855
392
543
2420
1635
2715
171
2195
1960
2479
275
322
828
1552
2586
665
1685
1722
596
1486
1063
547
1972
1089
572
1586
2922
2366
270
173
700
2517
2783
762
35
1416
2549
1938
592
210
748
216
437
1202
38
1781
1025
976
2552
161
1286
1701
1218
1545
2350
974
723
2364
2631
2045
2527
1783
1
2678
857
1447
567
2306
1411
1512
861
2666
1843
994
85
845
364
681
524
1603
542
787
2864
103
874
1648
1213
2885
2416
2714
1920
1630
1082
2003
1931
530
611
1667
1529
1042
926
725
640
876
882
397
963
1850
1574
2937
2343
1189
2369
1298
489
290
1242
1841
228
2682
476
1885
2445
2392
2024
906
977
1223
1456
1709
2
1682
416
420
1904
521
1173
2739
2253
195
1440
2669
1262
2351
1819
1363
749
789
1251
1436
507
17
176
2861
522
1764
2841
1472
2569
2009
36
503
2545
2559
352
1355
2892
881
2457
1795
1971
283
816
792
1961
1084
1046
294
369
2250
2240
2780
1547
2723
2063
459
1393
734
2501
2452
1275
1731
889
86
2078
2938
1344
1361
1359
2049
2008
1876
973
180
1812
1864
203
1575
1892
1029
2328
1433
1417
2642
2124
2677
584
1301
1004
198
1708
2333
1605
1354
1826
2033
1757
2203
1570
389
2724
1088
1601
2358
2186
1317
2681
1441
769
2020
2563
2071
2759
2577
667
2050
2145
455
751
2599
1302
156
1615
1403
2058
47
2053
1281
435
2237
1254
987
1123
2560
869
2098
2375
575
1163
2407
1634
2032
78
2012
1604
492
2574
312
60
2435
2673
181
630
463
1767
558
2884
2381
2302
2144
2405
528
673
494
516
1107
819
89
76
18
1824
2834
2843
879
2322
2365
670
2847
909
1009
2607
1308
1358
1806
25
2597
2242
2380
862
2212
1791
2914
2605
1573
1437
1747
1959
48
2192
2356
1913
1233
2837
1943
1181
2508
1929
260
2554
830
1214
370
342
1196
166
1135
41
298
271
1032
632
580
222
1793
1450
1553
29
1797
2308
1454
2918
2172
1665
1844
438
428
164
995
2528
794
666
1052
1840
79
2644
92
1219
482
167
1703
2893
2355
2276
925
250
1526
375
1798
1638
1376
2866
1989
1557
2140
2614
1792
1131
1845
1906
1284
1561
1483
2335
2173
1062
1343
1038
2311
1698
1623
2476
2481
1917
551
688
2157
517
292
2698
1379
2573
922
2684
813
2018
935
264
686
395
1733
1022
1425
1260
1404
897
1066
1636
2833
2749
2401
684
2189
2438
2540
2025
2258
1669
1206
310
2538
1396
677
2103
2483
2433
129
2013
2514
1854
1086
229
776
526
915
1064
2044
2096
1315
1145
2453
344
783
771
2300
450
1438
736
1377
576
415
2915

