1656
2564
755
2503
629
1786
1551
728
11
2538
216
1368
2818
2495
462
1362
2330
2774
2198
1086
2301
2221
2611
1195
1722
1329
779
2566
1854
765
1431
134
238
1812
897
2727
638
2469
2924
1251
2716
2285
839
2019
2298
1277
2027
1339
453
2098
2030
1810
380
1680
168
257
844
1046
1674
171
625
1761
1850
2424
348
2327
2498
2318
623
1394
1528
2393
761
315
2512
601
363
1715
1999
2464
524
14
1330
1603
900
2284
2194
1746
724
2505
2585
1878
2202
2864
2463
2896
2003
210
2765
2591
2752
2548
531
1622
2461
1454
2237
1799
501
2480
2690
1097
1697
1459
2767
2207
2321
1071
827
1171
1619
2065
2635
829
456
717
2105
2695
713
2128
49
2441
579
2388
1338
1807
1988
204
518
928
2867
439
1302
2683
2799
398
1286
2033
2092
2223
2636
26
2895
401
1876
457
2507
2535
193
2871
2276
2792
2104
856
1175
103
1392
2226
720
1660
1740
2136
1705
101
2071
390
499
2812
272
752
2653
2504
1088
2308
822
1113
364
1886
529
391
1076
1411
2156
2650
18
107
2294
2087
581
933
1749
379
773
2151
566
2013
2903
2739
2693
1465
2905
2398
1889
2797
1379
2048
636
2758
2279
2679
1648
949
991
834
1371
2001
2868
2402
58
405
2661
1882
777
715
2196
2789
2251
609
1118
1633
2336
1785
2730
504
2697
1218
1290
2473
454
1323
751
2855
2210
2050
1101
1025
434
414
2421
1
312
1811
1053
2360
951
1469
479
736
145
446
2698
1083
1390
593
1006
121
823
894
2493
450
2447
1382
703
1172
2813
1911
2272
608
191
683
2168
2640
2189
128
1300
2929
723
1011
1907
1865
2817
300
1416
1197
141
503
2108
1024
1354
1579
1408
317
1055
340
1571
2788
1318
201
1627
2435
1640
1956
2720
1420
1927
36
1604
1884
1098
2026
2554
2911
925
617
806
701
1848
810
1560
2216
1326
801
642
1119
2479
1653
1377
53
1152
1877
2333
2502
106
2059
1935
1471
2931
2436
1271
1037
1824
334
2021
794
1151
1840
437
725
1205
1505
2113
337
1194
1609
1847
2072
1515
647
2485
66
1301
1082
37
710
726
1728
1519
2179
1973
1536
70
873
2836
2631
858
2775
430
1542
1513
1181
2822
968
572
854
2004
2419
1944
2582
519
615
246
1861
738
151
2119
2590
72
2508
2121
2737
2913
1606
869
2235
1009
1856
2934
2339
1520
1922
1150
1035
2243
283
97
754
2939
677
2904
143
1085
2219
2772
2860
908
1254
1958
1910
1387
2068
2793
345
1092
1261
668
523
2286
1762
990
1804
99
22
1317
2295
1081
2115
2356
1932
2587
2665
2921
2781
2317
1103
2641
199
506
176
808
661
2248
2111
2366
2915
820
2129
1820
2658
669
1905
2826
1497
497
2470
877
546
2832
1074
169
1161
2144
750
1327
1455
2694
2666
1444
228
1834
1833
2805
1507
1468
1842
388
2712
1725
2438
691
1478
2930
1760
2412
2487
1314
1780
2345
1613
2416
1349
876
2140
293
1685
2094
2645
565
2229
547
1952
455
35
1742
1207
707
2231
1899
2261
236
2927
2423
2908
2714
1236
780
814
1897
2015
2166
276
883
1308
5
1585
905
1730
2595
1402
165
2513
1535
2368
2589
2256
40
98
969
2646
746
1489
1202
335
1851
1268
2468
910
1424
433
2409
55
533
764
2551
1788
1187
2011
1717
147
966
695
1482
1372
1398
2106
2857
1023
1413
448
175
88
69
394
226
1336
2431
1772
643
2706
465
125
1060
54
1644
861
1713
1825
1700
68
1642
2197
47
2675
74
1014
130
2501
34
555
2515
659
1490
1404
545
599
602
2659
843
1667
666
1200
2312
2873
1702
250
945
1802
254
2453
2823
1231
1832
2600
1273
4
1531
1547
1213
157
275
1169
1860
1652
631
316
1631
2680
100
25
2592
1406
884
2837
1770
2373
2016
1941
847
571
1427
1672
803
327
2462
369
2420
159
2723
469
2558
1714
1110
1307
2537
1158
208
2842
249
135
219
1668
2753
1681
667
52
1512
1367
1710
2352
2041
2677
200
1525
2444
871
2530
760
2171
2533
1805
1754
122
2847
2465
554
1665
1638
2203
848
766
2754
2406
7
1592
1078
351
2541
64
1913
2607
1764
1826
1486
1099
2576
2449
2199
1901
971
136
2840
2131
2185
406
252
1756
1607
30
2332
927
2808
1511
896
2403
2669
1554
644
65
2731
718
672
1355
1808
734
2491
1803
2848
1250
286
467
395
1474
444
712
2401
2514
788
2155
1422
917
1753
1615
319
1658
633
1204
1739
2390
2253
381
2671
679
2120
2531
733
222
983
1428
2545
264
2790
2036
1566
359
576
341
420
841
2078
956
1426
352
2323
616
1989
1157
2610
2365
687
2874
957
517
1380
2573
2083
152
2095
1027
1114
419
496
1498
2750
1689
845
2782
242
1130
2654
328
1986
2583
2670
660
870
2809
2114
2528
1920
2195
781
913
1067
1007
421
1626
2761
1716
81
1873
1170
831
598
1692
389
584
2170
190
127
2803
1723
1827
2082
2483
2290
860
753
1491
2374
1588
2559
1595
2037
1773
1296
1743
2568
166
305
786
323
535
1282
1696
697
2355
2183
2145
2391
1614
67
1016
1675
2482
1242
2348
24
2736
385
1708
2525
1030
307
1031
1875
798
1421
1148
1629
1582
1517
774
472
1260
1903
2396
1435
1694
1950
1116
403
197
1598
2725
1174
2831
2511
1064
1925
470
1778
2038
1295
2274
1376
2893
1992
2887
1359
2561
2017
452
2165
980
440
1191
220
1384
1473
1492
1226
1574
1917
1410
1620
2900
2299
15
2786
2201
1523
288
2122
767
1381
84
1180
708
1284
1936
539
2448
2009
483
1003
1182
635
2578
0
2045
322
1954
1352
57
1361
1781
967
1063
2149
1545
1890
2241
356
1222
174
160
1443
1637
1755
2524
2089
570
2572
188
1516
2892
702
2250
1641
492
370
772
1744
1858
2740
756
2581
1821
8
1661
2163
1386
362
2691
903
2827
2405
1419
1575
1570
1731
1281
1227
686
2810
881
1787
978
1351
1902
1977
2941
2844
182
1263
12
1654
105
2897
153
184
2164
9
2835
83
1358
1350
383
1576
1937
306
1423
2344
378
2477
1844
2213
1344
947
1501
2757
1385
2916
580
2268
1769
1990
1447
2024
1449
338
828
1417
2032
953
1100
1818
2865
1217
1502
399
1012
1073
1809
115
2328
889
2315
2858
2066
1928
2381
2516
1853
2625
237
560
892
2257
1709
296
1946
1605
2633
1676
263
2371
2923
2728
292
377
2540
245
1909
505
1436
759
2085
436
417
2476
1784
86
2829
71
104
1671
999
1670
485
1569
1751
783
1164
973
2850
1199
1129
840
411
2084
1577
1029
2937
2282
671
684
422
1464
2057
1949
2378
1324
2565
513
2400
1510
1257
2614
2451
423
1645
958
1050
645
2579
1265
1142
1441
2563
2719
251
2467
154
56
285
1859
1001
132
1939
1496
2532
909
2889
2685
1136
1591
1587
1553
167
1223
2521
977
218
1135
2265
2602
2459
223
931
2626
2499
2779
1691
1846
1908
1234
2025
1793
891
1548
622
2689
1888
449
206
613
2845
2313
2901
1019
2422
2288
2370
1458
2820
142
1504
1439
930
1272
2220
1967
2233
2555
2394
2474
2909
2574
475
929
1255
2351
441
821
2302
1869
2262
2443
1252
863
2593
862
1863
939
982
1005
670
1912
2176
2494
1521
2734
2291
2687
944
1752
1429
1556
1068
343
488
2054
2925
282
1963
1425
542
2375
1087
984
354
2769
180
682
2079
1375
846
2142
744
1530
1013
2316
2912
567
782
650
2380
2637
2379
1048
2882
108
2430
1763
879
1596
1090
194
1369
51
1041
1608
2141
1045
604
1178
2000
624
1434
2010
1364
476
1208
2177
731
2843
2337
538
1267
2755
93
244
2622
438
181
1079
336
2055
1993
412
864
1655
534
935
1880
1493
211
2454
1968
258
2649
1107
2596
853
1985
1567
2211
1584
1319
2433
2811
1874
2053
1395
942
1165
1969
2432
2701
2150
1618
655
278
1975
2362
2756
1737
126
2722
2349
1532
2228
716
1600
514
1777
2682
2157
1233
2187
1214
213
1895
1693
1450
1432
2828
1527
1332
2819
2125
2556
63
2273
2123
2377
495
1139
1117
1729
2749
1724
41
1630
1699
532
551
729
924
2876
1887
1518
1188
2426
1549
2618
1758
486
732
1767
898
1002
1704
1534
2742
346
2880
87
694
2215
1036
2833
2708
2080
1220
243
473
804
618
2073
1997
1457
2606
857
2415
6
2427
349
498
2281
1228
44
1926
1147
2732
1093
464
1440
1957
2387
2726
1374
1597
1855
1219
2616
2686
914
330
2717
2300
139
386
324
592
540
1919
1383
1335
2639
574
735
294
1610
2137
1298
2920
1185
2340
2077
2076
946
510
1741
1353
2917
590
1759
1393
901
1552
1980
308
1094
415
189
1137
2620
1224
1589
2613
177
1881
1020
1291
1541
92
2153
333
1057
2456
1735
989
2571
688
1070
289
164
2807
62
583
262
995
1829
2247
2437
1275
1269
802
1054
502
482
1451
2254
2154
2484
1479
2609
1433
2547
934
2891
1814
17
961
2044
2346
2632
837
1138
325
835
2101
1230
1816
2603
1987
943
2222
2382
1069
993
2550
2240
709
1108
2081
2814
119
1817
596
1456
1321
1144
1649
2709
1898
1243
1868
2534
2668
2878
1038
158
2869
912
2938
1378
2816
1121
2238
742
1438
2034
1580
568
73
541
2718
2404
408
1396
2132
2910
1196
2830
1370
2623
2160
2392
2678
413
521
241
77
310
404
770
2733
209
1960
1123
1058
1452
1287
1573
384
32
2172
270
1153
2763
972
1000
1659
1475
235
1209
1480
116
1241
2002
203
291
269
2699
1347
2343
851
2152
268
1563
2133
649
749
1095
2005
866
1210
525
1683
1800
1106
1828
2536
400
1160
2046
577
1026
2361
2067
796
1904
923
778
89
865
1678
1976
376
719
2688
287
1325
516
2277
112
2258
493
1105
195
425
988
2029
273
890
2347
1748
491
2629
1707
314
657
832
1646
2269
1221
129
685
1617
2785
161
259
2703
762
253
478
595
2217
1141
240
954
1177
937
232
1539
543
830
1149
2663
2642
1698
2794
2022
1736
2086
886
564
2580
893
1133
1565
1017
868
1779
487
1526
2838
561
1409
43
2787
1959
1407
2190
1822
2383
511
1835
332
2608
302
221
2354
2918
21
1586
1238
2853
1849
1320
1373
344
2704
885
10
387
632
2879
2367
508
480
27
2074
1401
2245
342
2647
1721
1162
2676
1651
2575
2861
1128
1839
1032
1765
573
975
1768
1062
2759
818
904
921
2919
170
2148
911
1687
1771
2478
309
361
1961
2338
970
410
1564
1933
396
2043
1747
2320
2475
28
2914
2932
1203
2063
2523
2397
2452
372
698
205
2028
1198
2319
1033
2748
606
2107
2342
1189
2560
711
2386
2192
298
2651
1186
603
997
2175
1061
2859
1572
239
1616
706
2778
1538
2906
393
2052
2297
1294
261
2510
1146
2655
1084
1283
2627
2174
2191
2410
1466
429
463
90
1978
418
1953
1695
1801
371
2334
1022
233
1042
2729
747
585
2544
2205
2325
950
628
2146
2870
2497
2605
217
2562
2075
1673
690
1322
1293
1091
630
445
1819
887
1028
1813
280
952
2898
1051
303
1470
1951
2064
1303
1568
1245
2138
321
1072
1544
2408
2446
1718
1280
2322
2280
2804
2307
2674
2058
156
1918
600
1066
2660
2161
1446
2747
2940
2303
2488
1636
1248
1278
588
771
1115
1682
1896
2506
2091
1156
1612
776
187
207
526
748
730
2841
2791
867
1008
648
675
1418
1044
1906
1225
2326
85
2169
1634
1356
2638
1599
784
899
1524
277
1495
1065
1663
144
2209
1154
2824
2884
2118
1776
591
1562
2735
447
1561
626
23
986
2570
1921
558
2266
2376
118
2363
375
2212
95
1611
824
2440
1366
2526
1885
2745
1015
809
813
2888
2425
1745
458
2311
1891
587
1484
1039
2907
2126
1857
2630
696
2612
1237
727
2657
852
229
559
2652
549
2060
1111
757
2672
2584
874
2200
1315
2434
1258
31
409
1945
230
714
1966
2181
1720
936
61
507
1703
1782
902
178
2417
435
693
1550
2815
1363
2885
2096
2862
299
699
2062
149
1047
1112
769
2644
1955
2707
1557
1509
1285
402
940
215
1555
1727
50
1132
2724
2283
888
1247
366
1348
256
2776
1337
1733
266
1559
816
1059
651
247
2746
614
2466
1414
1815
2289
2664
1831
2628
1299
1279
13
2552
916
466
2139
1193
1143
2856
1297
1867
785
2006
1766
1514
2825
1983
494
1806
1594
1403
1405
1310
360
1757
2035
2834
331
2771
162
2935
665
741
2851
2186
610
594
2278
94
1483
859
1155
557
2471
663
512
1346
1948
536
1892
2162
2796
2292
938
2662
2049
680
357
1916
2296
2520
737
2047
1712
91
2234
979
2418
1706
2619
2902
424
2411
1679
459
2007
1701
1684
382
443
2890
1125
656
1794
552
2304
2899
427
2442
2244
2249
850
2275
1871
2324
2384
80
2112
1010
2310
1211
1476
1866
2014
1333
2100
2928
1400
1166
605
586
1388
468
1305
2546
179
1415
1460
2684
1964
2116
1623
2224
2389
2770
1499
2069
2259
124
2760
2599
2806
1244
477
1342
2604
1240
1304
1340
1270
1883
2798
2751
2648
1872
1981
1798
627
787
407
562
689
641
2267
520
2439
1845
33
812
620
2500
461
2569
2208
1971
1942
948
2407
2597
78
964
2088
2309
29
1104
42
2260
2802
965
2193
196
1442
113
2713
1593
842
1345
82
548
2784
2553
374
2239
313
1288
1472
1962
575
2385
678
1159
941
2061
2204
133
3
838
2020
265
2099
2127
1184
1004
1621
173
2543
2070
960
797
2097
2696
16
793
290
1018
1506
1837
138
397
123
743
224
1841
2246
1397
1235
791
2335
2886
1795
227
963
267
2178
2103
1412
1461
527
1477
225
2358
2821
915
1783
1650
2287
1075
2040
2773
1602
102
392
428
833
2549
1823
1192
2509
416
2780
2180
1750
38
1343
2056
1259
1677
2271
2783
111
2849
550
1625
451
1102
1216
1122
2173
509
789
2741
673
1109
578
163
1341
2496
2263
339
906
284
1190
1249
271
2093
2214
326
202
500
2369
1437
515
2894
721
2305
1870
1126
1943
1481
1360
1862
1365
2230
1628
2872
739
2800
1262
2588
2331
2490
792
1624
2395
2721
79
582
1034
2031
2517
1996
2624
1719
150
2147
1632
2051
544
1774
2236
1179
2875
1775
1664
1316
155
849
2008
1982
109
1462
2615
2492
2460
1246
1974
1487
146
2922
658
1838
932
2601
45
2090
2184
39
619
2293
1089
654
1485
1543
148
2414
329
2542
992
1791
1657
1734
637
1940
281
2762
1923
1991
426
2881
1533
1274
1306
722
75
1503
1040
1448
653
2715
2702
1590
1206
1508
553
1994
1537
432
2124
1662
117
664
1852
2023
1124
640
994
1979
836
2232
1292
234
2158
1328
96
795
2242
350
110
817
662
2472
2738
1930
1938
880
231
59
2768
368
2357
442
1924
1546
2933
569
805
2359
1639
2264
2877
1334
471
2766
705
918
1669
192
2270
1738
799
1915
692
490
260
2643
1312
2667
2710
431
1529
1581
2598
474
1972
2673
60
1127
1215
2255
1540
1389
745
131
639
2039
2227
674
2863
2854
1494
320
365
1463
1134
1357
301
2527
2744
763
872
311
347
998
2705
2225
1163
2594
1313
114
920
274
1056
1789
826
1900
1522
1201
2306
2143
1212
1309
2777
2700
304
2341
2839
2329
1688
1256
2522
1711
1052
48
528
1391
1643
1864
186
140
1601
962
2117
1077
255
2
120
2206
1947
46
987
355
1445
530
1488
2711
1264
758
2621
907
2429
634
1836
2617
137
2218
481
1266
212
1176
1934
1021
976
811
318
2481
295
563
2135
700
1239
1686
367
373
198
768
2252
2159
704
2102
2936
2519
185
2795
2188
1965
522
2539
2846
855
1131
878
895
652
819
2450
815
460
1145
1080
2457
875
2801
1690
740
1732
1984
1120
1797
297
959
2413
2557
589
1430
1929
1096
1140
20
1635
825
775
1796
2586
248
1229
2577
974
800
1311
358
1998
1173
214
2486
681
2458
1970
1049
1558
537
926
1453
621
2314
1792
882
1830
1893
2926
597
2399
1583
1232
2182
607
2656
1995
919
612
955
2852
2350
2764
2042
2012
2167
646
2130
2692
1467
2866
279
2567
2883
807
1931
1879
1578
1790
922
1043
556
1843
676
76
1183
484
2018
611
489
1253
1500
2372
2353
2529
353
2743
2445
1647
2634
183
2109
172
1168
2518
1167
1894
1666
2364
1276
2134
1914
2455
996
1399
1331
2428
2110
985
2681
1289
1726
790
981
19
2489

