242
1539
1789
2321
1320
946
1061
29
1917
1301
430
2641
2718
106
424
2007
869
2867
1589
2631
1150
1602
1495
1225
1492
1102
2137
2020
1743
1778
2830
306
1841
954
1094
692
2344
1120
751
466
85
1888
2115
439
1943
2805
2003
2643
1583
2557
1962
1788
2720
1082
2597
49
540
1022
1070
1818
2387
1674
2893
2096
1712
2219
627
545
879
748
1093
2801
364
1299
2046
1575
0
1472
1220
2722
906
1323
642
1649
2215
33
474
2488
1516
2151
12
820
1266
1511
1138
624
2192
243
806
140
2511
273
2751
2047
489
2171
24
2736
1129
2656
2469
2860
1312
1603
1134
1091
1542
2028
2286
2165
2532
2035
678
2412
1482
333
1268
467
19
890
727
2911
2804
1014
908
1849
1290
2084
1976
1509
1629
2194
1321
834
1038
2890
35
2090
1623
137
183
1660
644
1996
2757
1305
493
251
315
2179
387
1731
680
1112
470
686
1394
1815
581
2058
782
1235
1904
1205
1047
1364
1405
948
830
1728
844
1409
662
953
1048
1632
1952
697
755
2314
2195
2795
1727
2772
2155
2308
121
300
902
1982
130
2394
2330
559
1531
454
2208
2334
670
2271
4
11
107
415
1337
1837
1561
733
2210
1028
312
920
151
595
1402
693
1647
2294
2280
1948
2723
299
2401
390
2885
746
139
217
884
1127
1752
2447
2026
1060
438
1817
1201
1689
1977
1613
154
2443
392
1637
552
2612
942
2430
2118
1422
933
1020
1902
484
1967
1035
2879
2318
611
1662
1355
1313
2608
2339
1834
388
622
1894
88
947
2892
2693
800
267
1576
1455
1600
2338
856
863
2025
1828
1345
649
730
1577
2428
2140
2204
2580
190
2299
1570
950
2131
2520
171
2183
62
44
1193
1919
486
2127
2042
1844
1125
2414
512
2491
2291
204
2493
836
969
1608
1512
2482
557
401
587
776
2032
2928
1497
964
2636
259
1580
835
658
1574
1597
2059
485
990
113
23
1325
66
324
669
8
1910
2144
1749
838
2625
1281
722
2103
1177
359
1997
1564
2521
338
1846
384
2726
1261
620
1115
2791
1500
2500
584
223
172
979
1118
1661
2934
682
1276
1981
1746
1594
2717
1467
2940
1154
1072
1757
2439
2869
2740
1523
2510
1840
2345
613
104
155
1993
1411
2800
635
266
1084
799
1805
2389
330
876
446
1336
1148
556
2461
2825
2462
2268
2102
878
2920
2196
1741
1634
899
1756
2849
1190
2701
1610
1984
1185
1018
2535
1507
1775
1310
2818
2416
1968
143
2601
2618
2231
2780
2561
977
2581
1699
34
2778
2221
1545
1144
739
1750
22
1505
1922
380
192
144
930
1700
1638
2371
985
2896
2887
298
2668
2769
1064
369
1739
2238
1007
2128
197
146
672
2043
1434
957
1016
2851
2735
2563
503
206
2576
765
1735
871
368
634
5
189
176
2325
1146
832
742
1825
1548
2454
1026
997
2436
1635
2835
1277
971
71
1519
487
2487
1994
1246
790
1879
1370
1867
1820
1068
335
1803
783
861
2832
1252
1506
2038
2766
345
2655
1524
1842
2440
93
173
2865
1212
2927
2715
158
1324
1801
817
1071
816
2320
668
2565
2300
715
2337
2333
428
84
1494
2614
1398
1717
271
274
2729
2606
781
2507
1296
1297
2122
1105
1289
28
2880
99
1680
778
1373
2669
2432
615
2662
2368
1232
626
334
1045
2657
1349
812
1759
406
983
872
859
2012
2908
356
704
1526
2544
2924
2392
2336
280
2543
541
1780
2531
2383
2600
655
1021
1538
1407
769
2936
2240
2276
681
2509
591
76
2205
2902
810
2888
758
1119
2876
916
614
457
2287
1517
1761
1858
1901
597
2050
1332
2335
1403
829
650
2872
2258
461
1006
1228
2868
95
1584
895
122
711
1979
2404
2913
2877
886
278
1657
1231
2044
951
2721
2647
2836
1529
357
1488
1642
1537
2377
1300
1384
2285
2346
2719
1273
500
1401
2932
1887
2119
2530
2225
2692
521
1672
2748
2536
1108
1242
843
2437
2494
1850
785
1415
1000
2817
1418
218
1271
385
2315
877
882
1285
2230
2356
2707
2273
191
407
264
328
1706
1222
792
1955
904
54
892
317
75
907
2485
1806
1792
1135
1691
1639
2553
761
2266
2596
2264
972
1612
1425
2598
630
504
2329
262
51
2108
2142
1648
679
2027
2474
1386
1970
1740
2206
341
1440
1267
7
1641
2081
472
2364
279
162
1215
665
1413
2351
2358
2223
2167
858
823
1328
468
1275
1491
253
1677
2691
1821
1412
2912
1247
2426
102
1459
1438
1616
1624
898
288
573
1011
13
1433
2753
1056
1309
2637
2388
355
161
1824
570
2634
883
236
571
118
1540
254
1785
2843
1017
1050
79
2275
524
2652
2011
2933
981
350
1554
2712
2367
666
1666
2659
2745
1209
2672
1581
915
2623
2756
1380
2685
1884
603
233
276
1445
2527
1158
1147
2622
659
738
970
929
2803
601
982
211
115
2771
2149
2438
2506
258
1989
420
2646
600
2479
2567
347
683
2079
633
2508
731
2216
2310
1525
1708
1715
1843
1777
1609
2556
518
30
207
768
2033
1149
1916
1814
111
1314
263
200
2505
1942
1938
747
1183
1124
2926
841
63
1157
2489
2518
456
719
2588
1279
181
1695
536
41
26
2663
702
235
1421
2490
360
2253
2467
100
2744
2774
2419
314
1163
289
2566
1892
429
2861
2202
874
1566
1765
1463
1958
996
1480
1893
1227
1870
2658
491
1142
509
210
1469
1693
2459
1448
1573
1151
599
340
1041
1883
2528
1490
1935
1234
2150
331
803
157
1475
1767
119
134
924
2060
2838
496
1375
2480
2340
1772
2123
2095
1906
2558
2019
2375
2807
2551
1351
2048
2156
1341
1167
174
377
550
1408
2937
1676
476
870
1686
986
912
1260
1294
2572
974
2571
2548
2244
1369
1344
1614
265
2352
1428
2884
2875
94
440
2180
1716
1365
2799
2220
1812
2041
814
238
1152
1678
1432
2313
2916
582
2841
875
1964
701
2114
689
1848
257
1764
165
1238
2397
376
1404
1555
960
978
224
749
2257
1983
657
1799
187
1371
2816
136
629
2136
2731
694
1130
1278
975
2054
1295
533
463
1927
1873
386
1259
1008
2845
2372
1051
2476
616
1101
999
2203
2295
1474
567
2690
2376
2592
2143
1143
1912
160
2463
2568
2516
1562
499
589
1385
14
2582
1644
2452
2533
228
1182
608
2369
510
927
2639
2798
2254
1059
2640
1798
2239
522
1429
48
284
1690
1810
2613
1090
699
2858
2808
201
1829
994
632
576
1969
2002
2075
1504
2434
808
1098
1856
2444
226
2133
152
1650
2088
2903
646
219
1790
1687
1036
1886
1207
1905
2687
98
2391
1254
2897
2502
1655
409
2421
1596
1175
991
1874
2706
793
492
2564
640
2752
720
2082
2222
1377
2198
1723
529
1900
2353
343
2468
1107
700
1132
292
1221
805
325
1315
1368
1819
2420
1748
1941
1936
1940
1762
725
2789
1541
1210
1878
354
2166
1095
513
2359
2635
1949
831
2243
1751
1244
602
1974
337
1106
91
311
1387
937
1348
2017
579
1508
2040
1931
2297
1248
2823
2905
393
1950
549
2413
1899
1536
2124
1963
1330
2734
1040
1460
1633
2425
125
402
865
2855
2727
558
1872
120
2785
660
767
661
2098
928
2519
1956
124
435
910
164
1477
779
569
2591
332
1437
2311
804
607
421
1160
1622
1714
2495
963
462
2147
1104
771
819
1550
1939
551
2174
966
2681
443
2380
475
1776
2107
1619
598
1250
2534
1838
880
643
914
1959
1544
766
1262
2822
772
1176
2853
6
2651
442
2161
714
2539
1835
375
717
547
220
2051
437
445
588
1186
2881
1218
1999
1771
1065
196
2850
2249
1203
2619
743
1559
1527
2417
2921
854
2
2455
728
67
373
2293
2939
447
232
2730
1694
2319
911
543
2289
2894
673
2134
544
1875
112
1929
2214
2852
2162
1684
2453
188
826
1213
2366
1083
1625
2746
2503
1089
2053
1257
2473
2732
2464
2616
1216
2607
1937
1388
1924
1515
2604
244
546
2427
2064
1671
2728
1447
941
1592
1987
272
2871
752
774
1578
2029
2296
1653
583
2460
2448
651
561
1811
887
227
760
1502
798
936
2790
1326
1995
309
1230
498
1703
1882
2229
664
1563
1052
37
1442
2550
2312
1760
2245
2602
1518
322
1318
1652
2423
2435
2761
481
2653
1851
652
2828
762
1863
2251
1033
1579
2018
2129
193
2680
1758
833
403
1224
1430
2052
2049
2776
1075
1713
1037
344
2185
2237
842
2758
891
38
1998
1565
1004
1991
318
129
1726
1643
1711
2086
301
1141
1493
1226
1588
290
1126
382
1286
2458
2759
2036
2671
2812
2006
27
934
706
1396
1794
2609
379
1076
1319
2355
479
938
1153
281
1744
2525
637
2224
508
2765
1086
2130
1206
1685
277
813
1907
1436
1391
684
1291
1069
138
1376
965
1909
2429
1378
1640
2914
2716
1131
2638
2747
2069
1197
2854
860
1359
2549
1169
2316
2065
270
2157
148
647
473
2859
2418
639
1990
2085
2160
757
1258
987
2399
302
2898
1454
1406
2755
1078
855
186
65
1113
1298
2589
17
585
2677
1362
1214
287
170
2478
850
1885
2922
1181
1457
367
770
1322
980
786
2827
1057
1395
822
2406
2788
246
1992
1547
250
2688
2097
1424
753
2698
1696
1327
1599
363
436
2080
371
159
320
1280
931
2327
1288
1921
1117
2370
2023
1692
215
718
2076
2466
1593
514
230
2754
16
2540
1081
2373
1392
460
2100
2445
1669
2882
2408
675
922
3
2627
2022
2773
676
519
2267
1473
2793
535
713
1338
1031
2775
2470
527
625
1572
2724
1416
1264
2363
168
815
2739
1200
70
2689
319
1914
1423
2844
1501
2281
2930
169
939
976
216
1334
1122
839
2125
1569
1400
2700
261
1682
2909
1725
365
2839
1087
1918
1945
528
932
1342
2089
455
1839
1217
1791
1763
1030
2628
1598
2919
2014
1357
2498
2083
2326
2104
2030
1039
2382
1293
2630
1754
710
297
2764
2477
2711
2233
2794
791
1705
21
2665
1487
763
1308
452
2442
1123
1784
2284
1664
1737
2322
685
1732
72
1556
1628
2087
1159
734
1973
2585
2009
2496
2259
418
252
968
894
2357
1339
721
2863
958
824
2381
2255
1066
2045
784
2269
2714
2361
1697
394
2066
1604
1393
940
1621
2813
2621
2603
362
777
56
623
1670
945
87
530
1350
483
501
89
648
1204
2379
2138
998
2743
1895
2309
1335
705
1187
1013
1001
1188
1911
490
2624
2575
2484
1198
2217
592
1701
845
1985
175
534
944
1478
1128
248
1439
1099
2191
184
2390
2768
548
2301
361
1012
1420
2331
716
2611
2610
802
275
2784
2282
458
2169
516
178
2132
1168
577
2016
495
1534
2929
2402
2021
989
2857
1816
962
2824
1606
86
2148
952
780
729
1435
1736
663
578
740
1426
1002
2814
1831
2173
2660
1009
2094
2475
2078
2792
2664
565
2279
2343
126
2626
313
73
703
465
2182
667
303
1533
594
2497
397
105
921
1032
1862
1667
1363
1452
1903
605
935
2449
2648
2456
31
2811
1499
1136
1722
2831
2324
2323
1770
2422
1688
995
2569
1702
949
736
15
1857
2645
283
180
10
2111
286
177
1410
145
1930
20
2055
1133
1486
1865
1980
641
69
1651
853
2552
1568
923
1807
2573
2073
1707
2560
2158
2303
759
133
352
959
526
688
2529
1627
1826
147
586
2093
2517
1005
1451
1027
943
214
1522
453
2526
1782
1489
2546
1024
1923
2212
2189
654
1560
1889
687
2915
2349
2241
1733
2034
2642
2708
864
179
825
926
1462
103
1466
2441
1668
2451
1456
809
2615
1656
1960
2733
638
847
1932
1414
1053
2699
2856
1241
2749
323
2522
1953
2110
497
1236
555
2883
1256
2806
433
494
2396
2783
1659
2248
1553
1114
1199
2895
621
2342
1908
198
993
2070
1316
1195
97
2545
1915
2826
1636
1774
1871
1347
1498
114
209
478
1586
2481
1535
156
2570
1951
828
1551
1734
59
2579
2742
64
109
423
852
249
2819
348
2410
2695
1346
2398
525
1876
2523
1934
1730
2923
1283
2120
2583
459
2704
2270
2741
1329
2904
36
2878
2918
1891
2209
2145
342
1925
2906
117
851
2001
2278
617
506
18
1372
149
1307
818
194
372
1067
1223
656
234
2810
293
1164
427
807
992
1255
2779
1471
1361
2450
2228
449
46
199
794
425
78
2762
2499
1520
1270
857
2262
1155
2578
1191
1607
1802
724
560
80
1742
1360
1543
203
150
671
2236
1978
2786
1383
1453
2004
1853
1665
1062
562
1025
1382
245
389
2261
1860
1530
750
2187
2177
1827
2181
788
2590
47
308
1379
2760
61
1513
381
405
2809
1787
1352
1046
2213
2067
2593
775
416
2696
2629
225
2907
52
2305
848
182
2099
1866
502
1192
1015
1340
213
2252
202
1721
166
2332
1646
2873
849
92
1245
327
488
1170
1263
53
1100
1582
1479
2354
1567
2587
2820
2263
2595
2188
2037
1029
796
1287
1681
1419
2538
2492
239
2541
2562
1
2710
1864
2770
1446
127
2272
1333
268
1284
837
2738
2802
1720
2186
2211
1166
400
1514
2341
967
374
2403
1178
2673
2925
572
1830
1304
531
2705
2393
1869
2116
2061
542
1464
2348
1353
590
575
2057
537
2407
1331
1549
2670
413
353
2232
2542
2750
2153
2649
2170
417
326
1367
1073
846
366
2840
2465
1773
2008
2227
2288
131
2674
2834
1966
523
811
2274
135
606
2135
1303
1180
116
754
909
1302
291
2709
2586
1019
1631
205
444
399
2678
1139
2386
1898
1793
1595
896
1211
1753
1162
2139
1397
2010
1366
507
1897
68
2250
2633
511
2686
2197
471
1654
1557
1813
294
2938
2024
2515
1174
1374
737
1698
2472
2168
1781
709
2910
1444
1044
2900
480
1282
2559
1852
1172
282
132
881
2074
1630
2554
1877
408
1528
2117
208
1481
2031
2328
2000
1521
1274
1097
1738
2163
862
2661
827
2842
329
821
1510
1601
1239
412
346
2815
690
195
520
2537
2777
1957
901
2306
1079
2862
1468
1356
260
1988
2184
426
2763
2247
395
574
677
2175
307
163
229
2360
1795
973
414
1161
410
441
517
1431
1381
83
2501
2159
2164
2424
801
2121
2797
1483
691
1390
566
2504
2594
96
451
919
905
2260
1626
141
2106
1042
1590
612
539
1173
1249
58
1003
2385
419
955
2767
1552
60
1585
744
9
2362
295
1972
1137
609
1710
241
1233
2577
2226
1055
732
482
2302
2935
2113
2683
2471
339
708
2666
1796
1571
110
1237
1179
1470
2234
1202
867
310
1010
2725
956
1645
1219
903
604
1092
2146
2901
1920
1890
897
1272
2172
477
628
1043
1961
1933
2256
1156
1080
564
1184
2483
563
2013
1449
2207
653
2235
645
1196
2190
868
2574
1077
2457
2365
610
889
1389
2141
2584
2547
1546
2847
505
712
469
2846
1085
1140
2675
1465
1804
336
2283
1766
1165
1786
2650
2829
866
90
1189
2866
1868
2077
2112
2889
900
1496
961
1847
2347
2446
568
1975
2154
383
2433
1476
349
1074
2292
1110
305
723
57
1605
925
674
2062
1729
2374
988
2290
1116
2512
1971
1292
2713
1615
25
2072
1208
142
1558
1800
619
2126
1832
1058
1913
1311
304
1896
464
167
2796
398
1417
351
695
1251
2513
1240
450
2870
893
1965
2415
917
256
2317
2787
231
185
2063
1797
1986
1855
1620
515
2193
2178
1724
411
2395
240
1111
1779
42
631
1859
2246
316
554
2737
2405
2400
2265
237
1823
2848
1054
1854
1587
81
2654
764
2886
2620
2644
1265
1679
1947
50
1034
2702
1718
2277
1591
1194
1833
797
1783
101
1926
741
2682
1836
2555
2931
2837
285
1427
2071
756
2667
698
1745
2109
82
2378
77
1103
2632
2218
2703
296
1755
1485
1808
538
726
1709
1461
255
1618
707
1343
221
2864
404
2200
888
1484
1063
123
1443
1928
918
789
1944
1441
1954
553
1253
1881
913
2201
2298
2891
391
1658
2307
787
1399
1269
532
618
2039
1458
2176
448
247
2599
1145
153
269
580
128
1675
2941
2056
1088
593
55
1809
2899
1769
1229
358
2199
2676
2684
1617
840
773
596
984
43
1768
1673
1880
321
2068
212
39
2514
2411
2350
1358
636
370
2384
1861
2782
735
1049
2091
745
1946
1747
108
1354
885
696
1683
2781
1306
2242
222
2105
2917
1023
2005
1121
2524
1317
1704
1503
378
873
396
422
434
2617
45
795
2092
2304
40
1845
2605
1822
2697
2015
2486
2874
2833
2679
32
1243
2101
1663
2409
1096
1611
432
2694
431
2821
74
1171
1719
2152
1109
1450
2431
1532

