631
379
2833
622
2888
675
96
2014
2745
361
2683
286
592
127
2594
1799
2530
2499
1968
2134
2505
1492
1865
2629
1289
43
409
1341
50
2528
416
597
2047
2742
2374
2199
1883
1811
569
1151
1633
376
1266
1630
1724
272
2021
2574
1513
1516
1340
924
221
2004
2481
2348
1445
1218
2847
1167
2044
173
691
267
1454
1226
520
75
184
1133
29
1511
2278
1276
1270
1747
2700
60
2484
902
2360
1766
1764
1443
1204
1134
1362
890
1755
2385
1639
2011
2722
1335
2785
2898
1696
2438
2702
2230
1156
2046
1354
1196
2043
463
1959
276
1770
2198
1032
1108
1440
387
2704
2801
1306
2361
2389
2024
2286
2869
510
733
586
781
292
1961
495
2311
419
2448
2099
2029
158
566
74
130
1984
1320
817
2284
2860
2725
424
1048
2186
778
2265
2780
2868
45
678
680
2933
1423
2703
2915
1876
1188
2871
2483
964
2231
1950
1731
1442
1124
1288
2176
810
384
2239
620
2810
2570
2290
1538
581
2733
2728
1138
2003
2811
1222
1299
2719
747
1662
1125
806
1989
1078
656
1170
1085
2749
1356
1514
11
2042
1627
1926
1893
2458
647
71
2272
1079
2303
2345
496
2032
196
1910
1923
2934
1059
652
1774
2050
2856
748
2166
1583
1906
2163
1029
1057
2730
433
106
1296
323
503
2308
2635
1733
921
1991
1678
2527
779
2808
2885
989
1921
2889
1836
1528
1964
2732
861
259
1373
1929
399
2063
1948
1329
1777
2928
2930
1833
698
2553
204
2297
88
1054
274
1542
340
2662
178
550
225
1370
2891
2187
84
2135
1501
2316
1636
21
1251
1757
2433
1198
335
79
595
472
697
2713
1474
2566
1495
175
2403
2429
1333
859
1622
2380
1749
2368
2124
2605
713
2777
1579
2221
2855
407
2146
2436
2273
1012
1322
991
2612
2304
1781
2439
1600
787
715
1087
2831
823
0
2667
1779
2518
2444
1072
494
169
2276
382
47
1229
2657
1220
317
1927
2023
370
1669
1080
314
2900
1448
1453
478
12
1260
98
2762
826
1248
2342
2314
2184
521
2676
1375
2028
121
2323
2502
452
2748
509
1368
2098
390
2395
2420
1676
298
2001
2180
1952
418
2789
746
900
1206
2428
1481
1037
2771
2897
2630
1956
1960
2924
1042
477
167
1980
1845
864
2559
726
2675
936
103
871
1215
2118
1002
2240
2864
479
910
1616
2392
389
1787
2353
1053
2874
2027
1919
1199
119
1439
1122
1602
1458
320
2018
970
705
195
2477
2504
750
1021
2487
2349
2514
768
2371
402
490
2648
2034
483
2666
283
863
2359
455
1094
2755
2019
2723
2581
1189
626
290
1785
148
854
2940
1874
2537
2080
2901
1966
2550
2592
302
724
649
1347
2781
2095
2575
2189
1808
481
2538
545
752
725
2235
257
2882
1249
1559
824
1367
2356
1092
493
453
1680
2162
1953
1552
2002
2486
457
49
1800
1000
2852
2469
718
1077
1469
679
524
396
2181
1839
548
2208
117
1665
1818
425
811
1371
1348
578
1158
1479
1518
1714
1674
2376
1913
2634
1901
2282
2545
2820
1176
506
2688
410
2170
2386
459
887
2025
1581
2263
2877
2617
2813
1339
1965
499
485
1938
841
1425
2456
629
803
2795
2299
319
1521
1047
2509
996
1461
1917
2449
1972
2434
2388
1531
1231
2450
2904
782
2379
2168
1417
2056
1694
1848
2599
2615
168
383
2082
1332
1701
1280
804
1601
2497
2476
439
2096
2714
149
91
2607
2113
191
728
2533
2185
28
412
2591
2621
808
2845
628
653
1935
1460
2880
92
1230
2653
73
2267
1113
1174
648
1637
802
2271
8
774
2619
2708
2576
676
976
1505
327
2562
1596
1963
1136
1864
2892
1580
2738
2716
1658
268
2899
2074
2563
170
498
1615
572
1503
911
2131
2209
2858
2045
1374
1907
1638
1279
37
799
2840
927
977
131
1233
2799
822
2857
2881
1046
1520
2090
1902
188
1717
918
1493
1421
565
2827
2125
462
1677
2766
1619
1840
297
601
2454
2836
385
1599
1860
706
2437
2108
536
2646
2214
1506
1353
1957
1317
427
1061
677
1438
2291
2116
928
879
821
2695
2726
238
1298
1187
2236
1441
695
672
2038
1654
2642
1014
1834
2707
1890
2237
855
2913
657
1041
1610
544
1861
2343
2568
2055
827
367
1547
1754
68
251
1554
23
2326
571
893
2092
2684
755
1462
2422
70
2430
239
1127
120
59
378
1169
1532
90
2288
1652
795
1667
1363
190
916
203
2903
2769
2744
2711
585
230
2383
558
431
1869
1727
1685
1500
1562
2233
2790
1395
2587
2077
2397
2941
1983
354
1237
1896
553
2541
762
141
1431
611
336
2143
2104
2211
2645
1982
53
1970
1958
2015
307
2690
35
971
814
2551
931
111
1068
745
2382
2734
2828
2344
461
2173
717
1314
868
99
1551
2457
2363
1710
151
1882
228
1967
69
1157
801
2060
2016
1003
377
393
1179
2784
1247
2696
1202
1758
2331
2932
987
528
211
342
1849
408
1815
1228
2079
303
1284
438
1653
1324
2026
1036
727
2465
61
1450
325
97
1294
1649
2883
655
1401
310
2912
1186
1934
1828
985
1071
2154
2627
1837
2706
1381
2735
952
2318
1359
714
2010
442
2778
842
1432
1285
2876
44
2396
1475
2067
1508
2803
1177
189
226
2906
2937
182
1502
966
1084
1592
575
1467
904
812
580
2149
1141
1992
1205
2350
2844
82
2248
2626
249
489
1574
1582
946
124
2400
2285
2366
254
258
52
2172
63
1846
262
487
2529
2193
1605
2805
665
1060
1688
157
456
1646
500
1683
997
1759
892
955
1330
1019
331
1593
741
2295
2471
1645
555
1436
944
1457
2083
1988
16
1274
2367
1326
711
891
128
1383
2470
2053
1112
482
2534
2425
2157
870
179
880
2054
1570
876
1173
2539
2057
1278
1891
1350
2682
1642
2309
2663
1181
1550
414
142
1323
599
1814
957
2806
1634
2692
2561
1825
2137
437
1656
10
1027
968
765
343
940
950
2849
2302
2364
1578
1121
1459
2681
519
2835
1775
819
2112
2358
903
702
913
388
288
1739
2252
1641
2916
1587
282
464
93
2661
766
2319
2336
2841
2718
2462
1689
2130
2153
2671
635
1949
202
889
1743
2446
1132
1598
2355
1357
791
1175
1509
2654
2294
867
542
231
86
1863
451
1651
2069
1160
965
736
2531
2741
1975
518
1411
391
401
2861
1772
535
374
2921
816
1548
777
1631
2218
929
2496
118
1782
198
25
556
1847
1517
2510
2192
2611
2160
1379
2205
1648
473
1776
1203
1916
2443
761
1325
2595
1223
330
1812
1240
2404
380
2049
1376
2786
471
358
1281
2188
930
1342
48
1316
1232
1424
200
2216
80
763
1414
1573
1420
2115
31
1820
2819
1802
954
1931
1262
1560
721
2829
285
543
2352
2419
1668
959
546
967
2863
856
878
2334
2910
2254
552
1597
1936
1297
949
2558
2747
948
1430
1930
1524
923
986
994
2084
30
351
764
1259
1022
57
533
2834
1055
1822
475
776
1135
1005
836
2427
55
1147
2164
525
1045
2919
81
2234
942
1943
2061
136
962
1044
767
2622
77
1172
1242
2560
2105
2442
1862
491
2633
1116
2085
1655
40
2333
250
1745
466
1881
2325
1751
605
511
2526
2582
1969
2212
1632
2837
1139
2590
1716
1486
2809
2409
2691
1609
2862
2485
849
2329
122
579
1352
2842
134
1912
1283
2926
1873
935
909
13
2076
147
2822
730
2821
738
2618
2525
232
2150
1102
2772
1126
95
1040
920
1217
660
615
1866
2793
2296
353
1413
2246
2709
1496
2226
1497
1974
486
2685
1918
368
1612
2040
1464
794
85
2498
110
1826
2219
1546
1765
326
1275
2165
2402
1666
2327
2066
2109
166
2911
1595
563
1120
1415
1213
1295
488
574
1711
2757
2750
2823
1397
884
538
296
2614
1955
693
829
20
1515
1183
1225
793
896
1897
2817
2174
1719
1062
694
2567
2052
687
1791
404
1234
502
809
2217
337
2274
247
2798
155
933
919
1888
2693
2554
1691
19
2375
1327
4
1488
321
2191
449
2544
220
1851
2492
1996
1786
2413
2724
1277
723
1556
1994
1400
1672
1838
2423
212
2262
852
602
1706
1773
1568
2459
888
2161
1617
1130
501
1939
2475
2705
2362
912
1761
386
421
2102
2341
1789
688
2925
2825
2140
260
1827
2523
164
159
2139
925
634
1545
1523
406
1489
1007
33
1254
2812
2141
2078
2073
2370
1519
1535
1880
974
926
1746
2088
2931
772
270
2258
906
2266
815
1977
837
5
1879
589
2151
1063
2774
2357
67
435
2081
183
2669
2564
458
1924
1886
197
2339
2491
2739
1020
773
2867
551
2407
1209
2390
1435
984
1216
2223
14
1625
2315
517
2853
907
1191
1304
813
1406
2606
610
299
557
135
898
664
2543
975
667
858
3
1951
1128
830
2524
100
594
734
2768
460
1978
2006
2256
1184
138
2424
712
2721
2121
2608
1307
1212
1941
1752
2431
2493
2815
872
1408
638
932
2243
1487
1704
64
838
1271
759
2468
999
1628
165
2094
2041
828
1201
1499
2103
207
2625
1236
1643
1235
1162
786
2764
2824
2754
2408
2694
366
1618
2305
2511
1987
2377
2455
2452
42
476
1830
356
2147
1712
1715
760
2381
1123
839
869
1384
2939
1009
294
2775
600
1152
1303
423
301
2673
1844
1726
1264
1801
2698
123
1621
192
2277
1076
2542
2337
1885
625
18
844
448
1971
2572
2737
2127
1396
2007
2257
1309
2535
2210
2489
2506
673
2710
1576
2255
193
956
1635
1933
758
1452
394
2520
143
669
2394
2
235
1159
2804
2215
1070
1219
1722
1018
137
914
2929
2317
2232
1806
1986
176
2643
1119
2701
1456
2500
1817
2814
1386
315
780
881
1856
1100
2107
2012
1624
1258
917
256
2132
619
1553
1252
1137
1290
205
1366
2229
1015
654
1075
576
22
1670
1305
1302
2330
102
2727
1887
2117
850
862
1613
2175
683
840
420
1841
341
1319
1819
2426
1904
2508
1482
2190
1308
1575
470
1767
1292
237
2679
2406
901
749
1074
2637
2030
1472
2884
1804
633
709
2087
883
1735
1039
1944
338
1809
162
2110
2715
1364
450
874
345
334
1193
754
1031
547
1684
797
1104
857
1253
627
395
1824
2584
1214
630
2720
1687
51
1567
1905
642
2351
757
2494
2866
2279
1778
1945
567
2631
1738
2686
2269
114
818
1099
992
2070
492
1693
363
1753
2393
641
309
445
279
2244
2731
1908
2555
515
2935
2838
2729
1185
2887
2123
1153
2598
732
2369
2650
2736
1433
1744
1161
958
1163
1081
2848
2807
252
1416
333
2411
2895
1549
443
1028
266
1805
2936
2220
1344
1835
1090
2482
199
2089
507
1884
1708
2200
1721
508
1569
2556
2515
1585
66
2144
835
522
1858
245
2417
1736
943
1962
1389
454
375
990
1900
2463
1544
846
2670
860
2664
2097
1543
2776
1644
1853
742
1823
2203
2920
2008
2756
2816
704
126
1067
1909
287
1006
2405
1030
240
144
1250
800
415
1507
2516
922
1410
2346
1659
2120
2421
161
2870
1852
1832
2169
670
1404
504
1920
2202
1790
2517
1336
2347
352
1407
2565
1086
1089
790
1990
348
1718
621
1073
2320
1393
422
432
2013
2610
708
329
2300
643
2678
1394
411
2759
185
1390
1914
429
1577
2792
2521
1999
1903
591
347
729
1870
2298
1590
2886
133
1850
853
2037
1892
1056
2241
2126
604
1180
646
980
403
215
107
1117
788
737
2894
2773
281
941
54
2451
2636
2035
2432
2546
2914
905
2839
293
1282
1369
1471
897
1512
978
716
229
2603
2586
65
1210
194
295
1101
1026
632
744
1429
1358
1287
1315
934
739
1470
1291
373
1115
820
1530
1385
430
398
349
1664
1405
703
89
316
1855
1586
684
2601
2923
1343
208
735
1620
223
2751
233
568
1267
9
145
915
689
365
532
2416
2020
1661
1269
995
1740
2009
1526
304
523
731
1946
1485
2245
529
537
248
701
1107
2632
613
362
2328
1997
2532
2927
1422
516
34
972
2503
236
753
1380
2071
1709
2093
596
1594
2770
2717
339
639
1345
1533
174
1207
1993
1337
894
1604
2195
1928
825
2480
682
1707
1527
2461
17
1321
1038
46
1477
1723
865
224
2797
1058
1017
2445
1227
1114
38
1257
2464
2062
671
312
346
2588
2746
2178
1867
1035
1829
1286
614
1614
2000
156
973
685
2677
2495
108
2156
1626
1650
227
988
2843
2604
2873
769
2547
2938
526
413
2399
1165
1692
1146
1334
1795
1720
1954
1629
2659
2466
2447
39
2260
1491
1750
792
2536
539
674
1300
1246
1911
2378
1033
2204
1096
2338
253
2196
2578
2310
2879
2644
1066
2460
2620
1093
895
1273
1171
886
2133
291
1690
2512
1238
357
2005
1821
2264
83
277
2660
2058
1588
2453
2580
1338
951
805
636
663
1403
289
2227
1412
72
280
2177
1536
1024
2312
2365
284
2638
1211
1110
206
2758
899
807
1798
2281
2689
1713
1008
2194
1571
1796
1868
1109
160
2753
1695
2213
2826
527
945
1760
2293
1082
1539
722
1490
1272
2796
598
1318
2782
1143
2129
692
2609
2322
1566
2101
1494
1388
1149
1797
612
2206
658
2171
866
960
2651
2401
2289
2159
2585
2878
1466
1245
1565
300
623
1937
1657
993
1807
2905
2507
101
847
1728
1484
444
1925
2412
2441
2649
1976
467
112
1052
497
644
2122
2128
1794
1065
269
1402
785
2391
560
364
1449
2600
2765
2569
441
219
1682
2242
428
344
981
484
1
447
2415
2628
2763
617
1451
1360
1426
607
2075
1023
2522
241
1729
1607
87
1769
1377
696
322
1768
1255
154
1164
1091
2658
2340
139
210
1428
2743
603
264
1010
1842
2668
78
783
2917
681
650
513
1328
531
436
534
1446
163
2136
1734
332
2872
541
2270
2908
2579
1261
242
1427
2155
218
1355
1178
2225
1365
2410
953
2697
2665
1148
1200
1563
2321
751
1679
397
2335
2251
2474
2548
1780
2672
2287
2761
1725
875
1478
2616
564
109
328
27
590
2031
2158
1001
2183
2307
1168
834
530
1311
1263
2467
1591
1293
624
1129
2179
2501
2571
255
1043
2640
355
1771
177
771
468
2261
1898
2802
115
153
710
129
784
244
1763
983
306
1878
2440
1859
2680
2228
2332
2238
1871
1561
2250
979
1843
209
1011
263
2017
1741
1895
116
1382
2324
94
1372
1981
1239
1455
1875
873
640
2373
1700
588
273
1244
318
1663
187
105
1083
1702
2283
2752
2699
1013
2472
2022
573
2398
313
1813
2552
1529
1399
2854
2656
1792
1349
2414
1673
1557
1437
939
278
261
1221
2557
2859
2051
1095
440
350
2922
1940
1998
305
1803
1351
24
2148
1985
1922
2647
172
2865
562
2767
1387
369
2068
1103
2918
186
2435
1301
2851
668
2247
62
1195
1480
2783
1584
593
2794
2549
1504
480
1361
2119
371
2145
699
1699
1418
2832
789
1182
1483
1346
1816
616
216
1915
1705
756
1973
181
2197
2596
1190
843
1810
2740
796
271
1564
2875
1732
1932
1698
963
2573
2788
1534
1034
707
938
2306
400
2224
584
446
2182
1140
1681
2800
58
275
1979
1142
2896
1118
1675
1392
2890
885
1857
381
1730
2138
686
608
2280
1784
561
606
1748
505
1541
540
2372
2479
720
2902
2106
1144
690
1793
152
2639
1697
2909
2593
1671
1589
1434
2583
961
1197
469
1131
1603
1540
1788
2111
851
146
2114
1097
775
1208
770
845
1256
246
1111
659
2655
2275
36
2519
426
2687
877
1145
1465
1872
666
2791
2602
609
1473
201
1069
56
1606
2036
1313
1889
1522
662
465
969
372
2301
1447
982
2313
1537
2540
2100
1391
311
474
2059
2072
2893
1510
113
76
171
645
265
2760
1098
214
1312
234
1783
618
15
882
637
2907
832
1166
1150
2064
514
1331
1265
1611
1525
2292
2268
7
180
1419
1737
125
2674
1558
2354
2830
1476
359
1742
2490
405
1468
1942
2384
1647
2091
2086
1877
937
2418
2850
1640
150
2589
740
213
700
2597
2201
434
26
833
2387
2624
848
2652
1155
243
132
1064
1899
1224
2513
570
1409
140
2142
2787
1762
1703
554
512
1241
2818
360
1105
1088
308
1025
1398
2623
743
41
2039
2488
1831
392
1310
2613
587
559
1378
2779
6
651
719
1154
798
549
222
32
1016
1623
947
1572
583
2033
1268
2712
1051
1192
2222
1498
2641
104
582
1106
2259
2253
1050
1194
2048
417
661
1243
1894
2577
1463
908
1854
1608
217
998
831
2846
1004
2478
1947
1660
1686
2249
1555
2065
577
2473
2152
2207
1995
1444
324
1756
1049
2167

