2566
1746
1667
1785
2090
878
18
2044
932
2938
926
1221
297
467
302
2413
202
2098
1533
1123
2231
423
2317
558
1821
762
2272
1327
2394
480
857
1751
2699
2227
105
2573
1326
39
1554
125
2130
2620
2702
1192
46
782
1913
959
1131
1304
1556
2458
231
1383
655
1661
2416
832
1317
22
717
414
2440
334
2933
2871
912
1119
1206
1207
2216
81
1671
1873
1828
193
1768
1254
185
2605
1850
465
531
1073
1958
289
2003
440
2225
1230
1966
1857
1273
2459
1935
2540
1027
1687
2134
1604
464
636
777
1147
2429
1030
1936
1782
831
280
208
1690
2078
2723
2572
2517
2822
363
678
1356
450
1270
412
2931
974
2189
919
284
2526
277
2192
2016
2365
1749
1399
1397
734
2843
623
1686
555
2036
162
2237
179
1930
1775
2451
2025
2777
2560
664
2002
1942
2583
227
516
163
1370
1201
122
210
540
1193
2195
1712
1546
626
2833
924
1700
847
1522
1257
375
2752
1984
614
1693
1306
2741
1156
5
2924
1086
1023
2132
566
1106
2094
2663
1283
1351
2271
1796
2057
966
2226
1877
1132
632
1435
308
785
1610
2408
640
1424
2370
66
533
710
1019
1964
2183
214
2111
526
2661
328
1096
1972
1520
1934
1395
1083
1977
2579
1777
500
1314
2917
1476
927
403
188
186
949
657
765
2176
1178
2668
864
2359
94
2281
1277
561
2696
2658
2722
54
399
1118
103
2499
1898
2603
1308
495
1423
2587
1235
1608
759
157
1508
429
1890
1510
1519
418
385
99
331
2310
882
2799
2170
2403
2450
1561
2625
1842
2928
1303
1589
944
612
2283
62
338
1931
1463
2326
1808
1903
634
618
152
400
1204
190
1065
963
59
2190
696
387
2377
905
1049
1203
870
102
1914
2666
2827
1033
2884
79
527
2571
1762
1013
2367
1600
2513
2633
1848
2484
2348
2747
1249
187
1414
660
1337
568
1237
2844
305
1660
1324
50
1282
1606
493
508
1705
1223
2719
1390
2103
2823
2092
2554
462
2112
1036
1236
282
1385
1172
2712
1197
2097
17
275
24
2028
2869
746
115
239
909
299
1321
1718
270
1845
800
1301
2409
703
2166
770
60
1142
846
151
1868
1486
1870
2650
937
541
1708
1360
1461
1752
278
883
562
1339
333
1183
212
1825
2522
83
2371
1491
312
195
1222
2769
226
862
0
1826
1442
2757
1658
2302
1102
2029
1386
1557
1787
1348
424
2904
164
35
2020
1332
14
2577
545
1580
2521
1448
2080
654
1300
1675
1087
2334
1923
1871
316
1992
1361
211
1638
371
1415
144
2388
306
1818
1396
65
2728
1745
804
1952
1109
593
166
1886
760
2786
2718
2590
560
2275
1200
311
165
321
1760
366
1545
2314
174
2362
2935
786
2297
936
2143
553
453
2824
691
922
861
501
2372
1391
253
1571
223
1097
2899
1962
1697
2043
733
2649
2473
2155
2180
2555
1458
2630
2765
1945
530
2724
1358
2088
1797
1735
1436
799
2806
2064
1089
481
335
204
2678
1024
1876
90
517
258
583
2223
396
662
2148
1347
758
1763
2546
1105
988
1841
2174
2230
2675
2623
136
1988
848
1234
575
1258
1333
2507
260
1489
1713
592
2531
1209
1732
1465
538
513
1636
2676
2870
2127
2257
916
1416
975
2525
1696
354
1959
2756
76
27
887
2701
1381
2770
823
2285
477
2368
2142
1252
1899
1529
31
2881
2401
2820
1917
141
1112
559
923
20
2086
1150
1981
610
1739
2212
1622
1481
25
1046
1388
173
881
1392
815
2124
2151
1679
2154
2897
296
2845
1403
294
111
2929
1784
544
2081
810
2773
1124
2713
2279
2321
1379
2259
1592
112
642
576
395
2780
378
368
2879
2939
16
1250
1378
2158
484
235
2669
1872
969
1121
2150
1512
2614
1761
817
1869
2045
1625
945
567
1269
2194
359
2497
2319
1007
2249
2528
1509
904
1623
1174
2849
2612
2269
117
716
293
589
825
257
1474
353
2659
2390
1649
2153
57
751
631
1473
754
2452
907
397
2888
2056
36
1205
2468
2788
1633
1823
529
251
1619
2200
2819
962
2607
2923
1997
2475
1499
281
2077
1279
2060
2301
1115
454
2880
10
979
285
1925
199
724
33
641
682
2291
2099
1169
309
2732
1084
2887
548
2613
1851
514
264
570
2424
155
574
1948
2152
2703
771
2161
2320
2241
1063
1245
1312
2418
2670
254
2687
2333
2764
13
2551
1771
2296
869
950
56
2909
842
1160
2125
369
332
1950
340
1904
470
382
795
1394
616
2379
2061
407
2327
1926
2369
565
1275
2634
1523
1342
1248
2121
766
2434
41
838
2753
2895
2438
1430
1565
1601
287
818
52
2838
1357
2689
872
582
2596
2529
1280
243
1714
2117
1372
1831
452
667
2836
1146
1202
1111
2050
384
1292
624
84
2156
1052
383
230
2679
591
1681
2636
1646
2312
837
2407
713
1179
938
2356
1060
1428
1830
2805
1648
2839
2258
183
2037
2474
172
2818
1587
2240
1553
1991
752
455
2735
1265
537
2640
2821
1928
1669
1957
2268
951
2284
248
2654
2123
692
1514
1947
2175
1055
2639
2708
2363
1081
86
442
1570
2014
2053
620
2437
1779
736
586
2062
2236
373
585
556
1838
2197
1591
118
1819
51
1967
2915
357
377
2052
2460
1177
505
2519
2139
1260
391
2396
2921
471
524
61
1639
1729
1483
1758
1098
1141
2235
2798
1502
2934
1180
1816
778
304
2405
2840
2698
2449
708
2893
2353
1597
1214
1879
1438
2697
1080
1002
123
1400
2922
813
1354
704
2894
902
757
2936
1064
1722
1562
2570
1911
1983
2041
1990
1692
2246
1929
1709
1281
461
1336
1783
826
1626
1410
788
1960
1916
2530
2347
474
1170
2341
2889
1807
1968
931
1405
2862
1159
1016
1790
2066
1654
1310
773
1343
2797
2106
138
1328
1454
2101
1139
205
2891
178
2544
2067
158
896
1380
2399
1446
28
1459
2338
2350
1079
990
702
200
956
1905
245
2940
2621
2585
156
889
1154
577
929
37
2357
2445
2510
1568
992
398
372
140
2316
1593
2520
197
1698
2775
1963
2219
867
1219
687
1130
2556
1829
1441
2704
255
130
1422
120
482
2276
594
2911
2273
850
994
1865
1847
1805
1733
677
1077
1919
1232
2846
26
1325
976
2447
1215
463
2070
1849
649
303
723
89
2740
715
1517
2766
2733
1389
2664
2674
1781
1100
1195
1773
2545
1900
519
2617
711
835
731
2202
726
2771
783
2034
2632
2004
2495
266
1961
1498
1651
841
421
2694
1704
653
2692
985
1387
2584
2814
1093
419
1456
34
2826
358
1445
218
1048
967
1038
2346
2594
2569
1136
2803
863
2745
1233
2485
291
344
2622
1657
2568
1884
2582
2761
2783
1267
2657
2592
2646
1297
2454
2138
2250
811
1268
1915
2631
491
1008
543
774
2874
2247
1986
1803
2548
2392
581
953
1374
447
2136
2311
1595
370
1792
2829
430
64
1293
1989
2457
1515
1969
1129
2490
906
1924
1460
272
1043
1951
96
749
1329
608
2182
2754
1437
2332
1426
1747
1897
590
2
2688
1766
1524
819
2315
1061
821
1287
656
2245
669
1
1261
1659
460
2611
91
528
466
408
1127
129
2110
2914
1588
2516
824
2427
2435
342
1874
11
2932
2263
1530
503
1496
1311
1066
1411
435
913
445
1716
2580
355
1490
1288
684
546
29
329
469
219
2022
512
2282
2290
216
1134
1887
1526
2380
1453
40
1655
2046
1730
1594
1296
2772
2303
871
860
1419
761
171
502
781
622
82
261
313
1069
603
595
326
350
820
2768
1241
1140
1452
1723
1814
854
830
893
1901
2006
2091
1980
2903
2727
2133
1780
2126
367
918
1590
2019
2463
2330
840
1006
1120
2386
1878
1076
196
539
2157
2361
2707
683
146
1138
1820
107
1368
998
2461
217
1837
476
779
1685
1621
1694
1040
2543
2298
2781
2859
1982
2256
1976
1305
982
295
201
2767
2017
943
1734
247
2144
942
1307
2760
2013
95
1149
1464
2600
2656
1888
1932
330
2382
2165
346
1772
1133
1584
15
658
1791
763
2210
2858
2342
1566
2776
2877
207
1731
290
1536
1578
888
2906
1331
510
1355
2552
323
706
2695
1439
150
2243
2292
134
1503
1978
968
2671
1542
1767
479
853
2109
1487
443
336
128
803
2222
2085
2009
619
220
1662
1757
1427
2716
1550
2830
1632
1440
2391
2861
1802
2549
2467
1875
2115
2878
2834
741
2561
2031
2234
1466
2261
2065
416
984
2410
1895
1516
456
2087
2423
1703
1189
1996
2146
2018
1581
993
609
2886
2277
1726
2662
2486
858
901
2892
2842
2059
915
796
1299
143
1412
2734
925
1602
1668
9
2171
2588
360
2209
1764
1229
1836
961
2208
680
98
973
1994
686
1003
787
1583
1365
2606
301
587
1468
2564
2069
2710
898
644
2857
2033
2496
1922
615
386
2652
2637
1284
1276
719
2442
2422
1018
793
2809
1641
1034
2660
2211
1045
511
1824
286
2199
1457
169
1854
579
2919
449
2610
1051
1107
1113
1676
2116
1755
802
2248
564
2160
1607
1239
2411
676
233
1078
1318
2266
1740
999
2479
1450
259
182
646
2856
694
2005
1114
1670
2047
417
572
1970
1188
1382
2533
2908
1810
745
729
1717
2048
1569
78
2021
518
1173
1054
1072
2402
2779
405
1026
2084
2024
1266
2337
2758
2736
1278
2511
2079
180
2807
2431
844
2107
652
997
2638
1058
1056
191
1101
797
1817
705
2255
673
1804
738
1479
80
74
693
2030
276
910
890
68
2524
2739
1322
685
1793
2586
1882
2228
1832
1598
728
2221
1210
1883
1187
876
2518
2709
1004
2536
895
2730
772
2864
1574
44
665
203
509
2616
808
2750
1152
1575
1527
241
159
1774
2254
92
2188
1226
273
1029
1862
1309
72
891
381
1220
1719
1558
379
1769
571
240
1531
551
674
2147
189
1398
1677
1184
1228
1001
268
1866
983
2322
2853
663
1211
1939
2629
2239
1012
2737
149
721
2501
739
1798
2328
444
1971
2238
279
1637
1155
1727
1812
884
101
1224
2224
494
2628
1104
116
1251
135
1518
1316
2306
2910
1032
1856
701
1547
224
2354
1682
1488
2253
85
2901
2383
2453
1421
1896
2185
613
732
2215
2515
2304
1800
2167
1376
681
2937
679
42
1059
124
1323
2785
2264
2742
436
522
1349
2181
767
6
885
2135
1137
1664
492
1613
2505
977
2360
225
600
2493
1645
2071
347
1346
930
1425
1161
2352
2471
2729
1082
2428
515
2812
1371
1683
635
148
952
1467
1907
2749
1710
2532
374
2557
1835
2539
2011
1185
1540
2100
1313
498
30
1271
1880
1495
1401
1302
2565
1684
2883
1148
1484
542
267
2920
672
1644
737
2378
935
1560
2860
2825
2677
325
1555
1227
349
2374
2644
2686
1567
520
2274
1858
1010
1259
2875
934
2426
769
2325
996
1647
2721
192
549
987
604
1070
1985
675
948
2178
1993
1672
263
2575
2218
2810
1377
2430
1199
2743
2482
1470
1889
1937
271
2619
970
2455
77
829
70
1635
1902
2010
2039
651
1493
2093
2032
489
2207
2852
2711
1720
1809
1117
2635
2673
2376
892
1742
816
2558
1196
2049
473
2792
475
1335
1062
2700
2720
307
856
2794
1247
1153
2850
2105
1014
1579
1482
2832
868
1417
1813
1497
1999
874
1028
53
1815
2051
2456
2643
341
206
1965
2817
1688
1017
2481
2102
2336
12
1047
2795
865
2601
1611
43
2667
2535
1025
2480
1057
933
1811
1912
2789
1653
1738
1504
1833
1507
2731
2541
1794
1630
789
1881
1091
126
2851
1528
1525
1728
917
1190
1605
2375
69
2680
2023
1599
1956
859
1975
109
1409
2916
805
877
1702
2108
38
2343
1494
2682
1909
108
2082
1629
1678
2876
433
790
2309
2287
1789
1264
88
2641
324
554
1462
2441
2305
2008
2293
410
1640
2715
1262
322
71
2706
547
1691
389
971
1092
2339
337
356
1163
457
2503
828
2647
1656
2925
87
784
740
1315
2665
1624
1432
288
73
2406
1756
2462
1535
958
110
1906
1894
222
1067
2537
2395
768
1564
1754
712
2244
2804
2329
411
23
1246
19
244
451
1776
2902
1552
852
2538
991
1673
1663
2012
2672
2042
2813
2179
521
2358
730
2063
2642
1750
2492
175
198
1090
897
809
1921
274
404
242
1786
743
487
2299
490
133
633
1375
1341
1298
611
1165
2251
1216
2128
2828
1891
2514
215
606
1005
1478
1941
1987
113
2691
393
2466
812
2500
365
643
1295
446
1559
181
550
755
1366
2425
1290
2397
2145
2746
2308
2420
2038
459
1166
1885
2007
2172
650
1217
2604
2214
1933
229
1563
1485
310
2905
2252
339
629
1242
700
2714
1108
2655
2149
2793
628
2866
1340
300
2140
2095
2624
2300
1695
1074
989
2559
1039
1420
269
2744
145
2340
2512
1844
422
2801
2550
645
97
2748
2351
2393
2717
1920
1859
390
2035
320
228
2855
2681
2684
2726
2598
569
506
2868
972
764
2068
1407
1586
2262
2609
1822
2000
2331
1806
67
720
722
249
647
1334
1603
2164
2294
1706
1373
131
432
839
523
486
735
637
1068
497
668
1846
2626
1725
947
1721
426
602
153
1110
2653
1620
431
2054
709
2912
621
238
900
718
1585
2873
1943
2177
2196
392
2615
472
2464
750
941
2349
2198
161
1338
317
265
2163
1748
21
1433
351
2763
2705
2816
1143
1788
2478
1861
827
2477
1431
661
1158
315
2398
1680
960
1128
630
2242
2648
1116
1443
2504
914
2841
2307
4
2137
748
2527
798
213
352
744
2762
807
536
184
139
1953
1344
1444
1946
753
806
2186
2355
1294
1274
1449
1778
921
1618
1998
1674
1944
1447
1548
93
727
1863
1044
1031
2627
327
478
2618
434
32
488
1860
1037
886
2229
2898
1122
699
1011
1534
1434
578
2796
2404
2073
2436
843
2685
899
48
2683
1631
775
1855
2270
1643
2751
45
2941
601
1429
2599
2131
483
468
855
2344
1699
814
689
1364
343
2542
2417
104
1041
928
1615
1126
2162
2491
448
1244
1892
2001
2193
2104
1973
714
2489
911
532
345
1753
2432
2381
1843
1218
2119
1616
1689
142
170
1551
2927
2483
2217
1319
2800
2562
167
1940
1506
1363
1532
2890
1979
2882
2815
1995
127
1938
1737
49
1744
283
1795
1741
1765
420
670
1707
2204
425
319
801
1634
2837
946
1974
2335
1864
1577
2567
2553
441
2206
2364
3
194
1650
2918
2187
625
2784
1272
690
1541
132
2415
1225
1711
792
2693
2220
2213
1362
2597
2444
58
1212
1867
980
695
2791
1666
903
659
873
100
2896
1955
2384
154
2602
409
1182
1949
1350
1480
2900
1893
402
2114
2076
388
1175
1852
1164
2581
147
507
2926
114
964
2578
401
2439
596
2159
458
2113
1573
437
1413
1243
428
2421
2089
2608
534
504
2075
2930
2288
2563
794
2690
617
47
1469
1256
1513
1538
1353
221
2446
1167
1770
246
1050
2385
232
348
1724
1369
2324
834
362
1088
75
535
2738
2400
1549
1194
1291
1827
2058
1330
256
2591
1289
413
1009
2040
1345
2863
63
707
1455
2233
2472
1927
1839
742
995
2589
1572
1231
2373
1500
1501
1418
1840
2790
1015
1285
237
2389
119
1286
2787
2488
2576
1612
298
2205
1255
376
1908
2201
2260
607
580
1352
1451
688
2120
364
1665
894
1094
55
292
1472
1853
1075
638
2280
2323
121
2755
415
2865
394
2083
1263
250
1701
2574
698
954
1000
627
1157
2759
1511
756
836
1162
598
879
1477
427
2867
866
1186
2465
1213
2448
1208
908
1543
599
1095
920
965
2267
2502
1539
1144
176
209
2169
1053
1801
955
2508
1020
361
2129
2366
2725
2232
1021
2278
1384
252
2778
1614
2534
1505
2345
1151
978
2168
234
2118
1910
1628
1799
573
2203
1537
2494
2289
1181
2433
1492
1359
2847
1652
2191
1404
2808
1171
1596
2313
525
986
1240
2835
747
438
2595
2848
2074
2055
2173
1576
940
2318
1609
2907
2774
1191
2487
851
939
2854
1176
1642
822
2122
584
2885
875
671
1834
2509
588
2811
2072
2286
697
1085
2645
7
2651
1743
552
160
1402
2412
137
849
1954
485
776
780
2470
1582
380
833
1145
666
2184
1071
496
2831
1521
1125
2419
2506
1253
2443
1715
2913
2593
177
2782
1238
981
2476
1759
1617
2027
791
1544
880
2872
1198
2414
1135
639
168
845
2523
1168
2096
2469
1471
725
1099
2015
1393
1627
1367
439
563
648
1918
2265
1475
314
2141
499
2026
2802
1408
957
1103
605
262
318
1042
1406
8
1320
2295
2498
406
557
1022
236
2387
2547
106
597
1736
1035

