521
645
2170
1152
1158
2474
2132
2277
2705
1841
1885
1838
2531
302
2116
1107
904
2612
2662
623
976
862
2057
185
2402
1691
134
447
2223
2464
424
1562
1260
2907
2546
86
1326
55
1271
1137
2512
2615
827
757
712
2394
1798
2637
2434
2126
1611
2905
2636
1910
1340
418
2101
405
1984
1571
963
1390
2760
411
162
1066
1588
1734
2445
227
106
1490
2079
2852
2694
1668
770
611
753
1025
2747
1725
2654
258
995
771
2341
1555
603
1029
750
2923
1295
2562
2176
593
0
2400
1508
2211
2047
2566
2110
2721
1174
773
91
664
495
558
2631
2099
195
2901
542
725
2356
1027
2021
2860
1853
441
1430
317
1259
1502
431
427
1368
1077
568
2651
1411
458
2417
630
2374
2859
710
2718
288
703
31
908
1170
2179
1844
1729
457
511
2041
2052
1517
2078
2722
2050
918
202
1787
1776
1451
460
594
2436
1568
806
303
2885
1288
1392
2199
2591
2272
1939
2933
2018
2511
2510
1117
2392
1783
573
1097
657
1233
1488
1404
2748
2500
1860
555
905
2114
271
2424
581
2819
1092
1864
1620
1151
2595
1471
910
560
2103
2533
2519
2238
512
2000
1486
2776
592
1385
1244
1228
1777
1852
863
2229
203
575
1874
2522
112
1028
1396
1646
1135
2634
2909
2048
1924
1755
1358
117
746
2549
1464
1374
601
2658
2076
647
677
735
276
2761
2329
517
2475
322
1056
554
213
2314
2875
275
1976
885
1663
1990
2180
1458
2865
43
171
2857
2653
2908
102
1518
1758
443
1566
2452
416
87
2317
2692
2766
356
1275
2121
1767
295
1713
2256
2112
602
1815
525
1708
1785
39
1997
2061
1805
821
2800
2034
2470
1300
314
2792
541
2742
372
1537
2377
597
818
2465
386
516
2398
2579
955
2547
1046
135
1559
2389
445
1037
2083
831
346
571
1492
2476
2046
1742
44
1667
1277
377
1814
2919
1131
858
1512
2142
2911
515
679
1516
71
1276
2571
1241
499
114
49
2633
2501
2264
2163
4
2043
1344
438
1456
1596
2455
2447
683
861
235
89
2006
2775
1002
1064
1216
2185
1083
2594
73
376
2585
1903
1855
2913
1166
2749
1839
2320
2507
1218
1337
2213
67
1793
1929
1548
101
1822
1278
1922
788
64
689
145
1579
758
2889
1514
1413
502
170
2638
2459
1925
2831
932
545
286
2712
2513
2808
432
1923
2333
2413
744
1547
2337
1701
785
2089
2330
894
1162
2582
2540
981
709
2867
2137
478
2696
1972
2008
412
2602
1810
987
1671
718
268
1541
1842
409
149
1290
1197
252
1768
780
2869
2680
763
487
2151
2227
1598
337
1749
1093
538
2328
1670
2837
433
2225
508
277
1441
1643
797
371
345
627
2369
1733
1420
2863
540
1196
1977
606
2684
1040
224
1283
328
2870
1341
471
2268
1364
2347
1060
2881
2302
980
352
1031
543
2279
2483
312
2439
504
74
1370
2785
1750
2422
2789
2292
2085
1674
2520
673
2544
2499
2937
2846
1142
2259
2890
621
614
903
1022
2410
2864
2661
2491
2293
444
272
402
2614
138
98
1676
1845
2054
688
425
1832
56
662
330
940
2449
396
2024
1881
1153
62
2301
2714
687
2113
1578
2838
1711
2872
2659
2609
1581
1328
2009
2826
947
548
665
1036
2271
2332
1720
107
1778
618
2239
1905
2027
1367
1380
550
1357
2111
2717
2899
2467
850
834
1962
1308
2207
578
1355
1811
2438
1935
2689
1480
2230
184
2335
2281
1594
879
570
1171
2119
1572
2198
220
2494
1650
2805
1202
279
2897
2203
2656
2799
1081
799
299
1779
2781
468
1021
1504
1715
2902
72
341
24
2164
1172
1699
2231
2473
1899
670
2124
461
1603
82
1070
430
1062
344
2603
2495
1005
136
1106
1391
118
1402
199
1751
506
1111
2108
1604
1669
2756
962
1731
2028
2324
360
786
2414
1934
435
308
1401
2270
1354
1226
513
2480
1470
403
1840
1207
2068
2001
565
561
820
2423
937
1702
176
1019
2262
2670
2071
2536
1465
1016
1938
930
52
1317
2371
408
2858
124
1678
661
1201
1958
2599
151
1989
2589
2232
600
53
877
1091
2765
1627
1114
2344
1049
2174
228
1101
2348
2570
2266
2030
1808
1928
2941
1307
526
2385
2926
992
1812
2004
70
236
2665
1289
1542
2601
2713
2131
500
375
2492
901
2144
1139
1361
2274
2411
1981
1000
1479
1154
2918
1489
1475
2488
682
2149
837
267
1930
1965
702
585
130
2364
190
1319
350
2427
2810
2780
2729
745
2797
2759
2358
741
2497
633
2613
2587
2020
1243
358
1143
1387
914
2619
246
1735
1012
798
2588
715
1397
2853
188
2208
747
2596
880
1746
939
881
2733
2929
1439
675
2408
1775
953
736
2062
2457
2581
706
1617
1462
490
2778
2542
1303
105
2482
1830
1971
1450
1168
1954
2215
907
1250
233
851
423
1999
1609
2652
2169
2538
2128
1393
1333
1474
1819
1737
2782
1829
231
466
97
2343
2632
221
1532
2409
48
983
1911
2924
2357
2836
1621
2338
748
2529
226
1506
1652
802
1350
2388
610
2433
2485
1150
1760
1721
463
415
2524
1251
2175
2428
2647
1265
139
1867
1600
979
1330
1483
1920
1068
1723
2235
1080
1125
1331
1933
1001
1445
1826
401
241
2893
68
871
186
1377
1359
1761
282
1041
848
1104
2420
2359
2372
1693
1376
223
588
1606
644
2172
1879
2321
1024
1847
2720
2160
869
2555
2384
75
2269
929
1378
2039
1123
616
2362
1394
2153
2854
539
928
1515
1727
1255
893
1020
717
822
414
2590
2336
2290
2263
2794
131
61
230
1399
2031
2593
2790
796
1766
534
2017
2496
479
437
2545
1803
2786
1904
2441
2931
1681
296
2038
648
2296
2065
76
791
2299
2703
576
699
2932
169
1165
2288
769
123
927
586
321
1190
2567
1526
2640
234
1653
1023
938
1185
1618
838
1432
177
1640
165
2365
2503
2706
2226
160
1213
1184
1426
1851
1893
2381
2930
1209
1960
734
968
2242
503
700
455
2401
2695
1625
2056
1705
1539
1067
2915
1941
1673
1736
2222
1236
406
2396
1927
2879
1008
1614
141
2471
1710
1759
1521
1991
1837
916
1781
2399
1494
2679
1304
667
1985
2363
266
1511
2282
809
1053
1863
174
524
1914
671
1017
351
2082
404
779
2168
1848
1601
1942
1741
759
1780
598
549
1510
1974
451
180
1498
1366
2663
2572
795
2446
731
342
1951
289
2796
2217
1071
1558
2368
635
2354
532
2029
2877
2787
711
1014
2788
760
2355
2534
1254
1349
23
1995
2816
2072
1522
2773
2091
1034
951
1188
2669
1422
1386
965
475
2150
2678
577
1327
2157
1570
1232
714
1988
191
2159
2182
921
2136
1193
1505
2386
609
845
844
128
2233
2361
2578
1552
2701
1459
1322
119
958
2060
949
1400
1274
363
1907
2740
518
696
1820
1748
2133
1987
453
382
1945
1687
678
536
201
1796
1431
1043
1147
1709
1448
474
251
612
632
1582
1602
902
219
1146
2727
2628
2521
126
1937
63
100
1282
906
99
2311
1543
2042
2310
1661
1356
157
890
2583
2682
637
956
2704
465
1189
2806
2257
900
897
847
1908
2118
1054
1417
1224
1949
1795
2098
854
2842
2432
1970
1332
1268
1129
998
2304
290
2626
1675
1747
1279
1085
2828
459
1157
669
2458
501
2605
1415
2016
2084
514
1222
239
2073
1416
1032
2938
493
2127
178
2730
1569
181
826
620
2186
2921
1513
1090
270
1181
895
2573
207
42
1672
1641
882
2
636
872
1567
766
889
237
158
1379
361
915
1132
309
1529
957
2173
1211
2668
305
164
723
306
1015
2604
327
1296
2437
2141
1121
2220
1293
1449
486
2763
2105
719
1877
2477
1626
362
975
1453
205
589
2552
1821
2462
144
767
658
1428
805
727
832
1834
2404
950
348
684
1622
1858
2660
1876
984
1659
374
1118
1204
294
1859
584
2125
1550
2559
2620
1728
1009
2283
2479
1850
1057
2255
2697
2839
2243
1342
527
365
2814
90
1996
1063
1257
217
2641
535
559
2811
556
2700
142
2655
385
1033
933
2003
2666
2625
2253
1412
2940
2096
1351
1425
1917
1481
1208
187
1287
1140
2298
686
2548
1959
1477
1913
964
21
1138
2906
1947
2840
2887
1636
2904
395
1362
887
2318
2254
2466
1073
1099
1825
2554
1827
2162
1553
2903
440
1592
2868
2550
2430
2734
249
2158
2912
307
2005
1418
2391
2755
1613
1754
273
2939
354
2273
2738
595
2472
1072
2234
2345
624
607
1644
693
1414
153
1482
1638
2309
1757
2576
2051
7
1309
2300
1523
668
2558
1836
2807
2927
2731
1654
2194
1816
12
751
1335
368
2598
2478
2204
569
1704
2635
450
1472
2146
1423
2327
2117
81
2835
1509
2922
2621
242
1992
2771
104
812
792
5
116
167
2667
2892
2097
1983
143
1804
1639
46
1690
1175
2569
2645
1256
1662
1642
1955
293
2746
394
2508
1616
111
6
546
41
781
599
121
988
605
310
1096
1607
1817
488
476
2611
238
1315
1615
519
2331
1791
2608
580
733
2415
2515
1223
2143
313
1156
336
2022
54
2019
421
1280
1912
2629
2674
25
2260
2367
2010
1424
2801
204
2624
1918
287
856
694
2093
1554
389
2916
2140
1182
1957
2871
2502
1429
2206
179
917
51
243
923
2709
2855
551
1476
2844
2307
2058
982
194
147
2011
1656
2382
1065
2650
1794
2189
2342
467
2393
2152
2145
1306
2817
1753
1191
1069
2592
1130
2936
924
836
911
120
2403
2280
726
1299
212
870
1561
1964
1695
1712
1214
278
2249
2769
2032
1722
2023
628
1898
774
1580
1956
1018
2707
752
2606
2303
1098
737
691
2880
1677
1919
2247
2486
564
2683
9
876
2460
2190
329
2297
1086
2037
986
2743
833
2202
978
1802
1444
697
803
852
2563
2025
22
959
704
1469
1689
1806
2767
2373
1074
2856
1433
653
298
1730
1745
2289
926
260
1909
2102
2784
1434
2584
1258
2405
2295
1100
1217
1336
2287
335
1353
643
1446
410
2002
2673
1772
886
399
1167
529
1109
1145
2575
2725
2352
596
985
1818
2080
764
1587
1831
248
1790
1180
1686
2564
755
2833
32
698
1586
95
349
1051
13
2753
654
2237
865
320
2681
2556
210
1286
1266
1324
1219
2557
2687
2580
2843
456
2848
2910
1312
1485
2349
912
1706
1318
1597
304
1239
154
1169
2147
2012
1325
2074
2397
300
2672
222
1495
2148
1890
108
29
2827
2728
2851
528
800
2883
2693
2757
1948
1194
922
1649
1856
1200
1940
2463
1419
1427
829
1487
977
2350
782
1824
2265
2698
2884
663
2565
50
1887
2716
925
1030
2600
2791
860
127
1203
1460
1782
1584
214
762
2818
1384
1549
1055
642
1363
742
2421
1765
1665
941
2429
1738
537
1789
2276
1281
2219
1577
739
952
1468
285
2920
2793
1835
1833
1683
1886
2574
530
2286
1267
1405
1261
1507
1599
1284
815
790
2607
2196
2711
2690
1210
400
35
804
2090
113
34
60
705
2155
2106
1078
209
652
1645
1894
473
1535
1698
740
1861
2139
553
1395
484
2167
2537
347
366
2539
489
835
566
1047
2376
250
482
1148
449
720
200
1870
1187
1872
1246
1389
2067
2375
1527
1519
1756
1088
1788
1975
2724
2685
1285
1969
110
225
1557
784
1623
794
1050
1095
1889
2715
2525
2278
2646
2504
480
1478
2454
659
531
1769
211
1764
1963
311
1973
1525
464
1900
813
1528
2184
1726
2366
2894
2745
2586
1373
1004
2188
2100
787
18
146
1857
2378
391
768
936
2691
1102
2710
1149
175
469
2088
2528
133
2934
1075
2469
2092
2741
40
2735
2055
754
1633
707
2250
2325
1688
1952
2468
1229
419
1873
417
357
1784
1360
971
1915
1011
2218
2830
1447
1133
2120
1352
218
2527
1843
1406
1610
1238
1323
2772
1714
716
520
1321
2195
2191
215
1658
1961
1457
1869
80
1410
867
2518
1545
92
1619
1866
2825
1871
1443
756
2541
1141
1946
991
1311
840
173
724
45
496
2107
1369
617
2308
1454
1660
2069
2313
547
2489
2461
2762
1440
1461
2644
1491
446
2516
253
1551
2822
604
743
730
1635
1565
189
159
2267
1718
163
1006
892
2630
1868
2316
2294
1700
319
429
2209
2506
1846
198
839
1888
2216
1252
997
672
301
884
544
567
2387
2407
497
801
2305
1371
1126
283
326
384
340
1220
359
2708
334
1897
2212
381
57
2751
1247
2664
69
422
2774
1455
913
2383
378
1809
2845
1010
1177
1026
452
1192
1084
263
2688
274
1631
1936
122
1666
2138
1986
1823
2285
989
1563
2245
240
2036
413
2177
2834
1724
1849
1799
817
1263
2925
2171
1294
16
1052
1467
93
3
674
1115
2197
1463
1865
888
2425
2821
152
638
1770
2351
931
2642
481
59
1159
883
2109
1105
1993
1408
1497
591
428
491
1038
2719
1501
265
1338
2045
640
1980
2862
2643
1048
47
562
973
655
259
2236
810
324
28
103
729
1854
269
1682
2847
1575
2736
639
842
2484
2900
155
1685
563
2726
2252
749
656
2493
873
297
701
125
1979
2122
651
96
247
1589
1212
1045
783
891
1110
1585
1225
2509
1807
505
2768
420
2850
2873
2306
2779
355
2353
2895
264
1703
1744
84
721
2412
1878
2315
1880
1875
866
1628
1694
868
948
1583
1593
66
2064
2451
1173
2896
2677
1916
690
2178
708
316
843
15
1291
2241
2803
2532
2416
1421
1696
2261
778
1297
626
2395
619
2577
436
2878
1743
1786
325
83
2798
284
946
1771
2676
2221
1437
583
2419
1042
1347
1655
494
94
2115
1629
79
448
961
17
291
2094
1632
77
649
1178
943
1680
2346
1932
1998
1381
2086
1564
318
2379
407
1630
1163
1442
2737
2040
974
650
1536
590
1647
1348
1739
2418
761
2671
88
2744
1245
2013
899
1120
2275
2380
2258
954
19
1407
2450
1692
1968
2809
2049
634
1892
292
777
168
1136
2829
1316
1094
2914
2033
2063
27
1079
1339
1108
960
1891
1978
65
442
2201
2535
14
552
11
1717
1774
193
2917
1270
434
793
2560
1943
2323
1164
2553
380
2448
2627
2165
898
1740
109
393
2210
1161
1896
808
1310
2214
1637
2824
2935
1716
1906
660
2440
1560
1176
1248
2616
2657
2444
855
919
695
1013
2161
36
920
2095
1902
1499
2070
1314
2861
2360
2035
1544
388
370
1595
896
909
2156
1313
1134
1591
206
1556
1365
676
2820
966
1403
333
1409
2498
2841
256
1883
470
1231
1329
1298
2770
1967
999
1884
2783
1199
208
1534
244
58
150
1302
1950
379
629
397
2876
2517
1931
390
2597
392
1119
2205
1707
823
1926
732
38
2891
2530
1382
137
2291
2015
1235
172
1249
1044
814
692
2456
680
37
373
78
1061
1966
1576
1608
824
1473
2053
2370
2505
257
1343
1205
1237
2487
1697
2754
2702
2758
2014
338
2813
828
1103
1792
875
970
2815
1058
967
1234
1144
775
1797
2181
1334
1732
522
1540
1953
483
1530
615
1648
2752
8
2649
944
2675
1531
1398
2699
2240
935
1155
681
996
2007
994
161
33
462
1122
2453
2686
557
2543
722
849
1112
1160
1186
1198
1496
2200
942
857
281
2244
2639
2481
990
972
582
1684
2886
1346
1230
2187
115
1039
10
2334
166
1262
1801
1388
182
2134
2523
1773
816
789
1828
523
2251
1320
426
2443
2622
2406
2723
1574
1520
1436
841
1383
2087
2795
2066
280
254
2526
1664
1800
807
1264
993
2319
1484
2284
738
383
30
2435
1221
367
685
1273
969
1503
332
2832
398
2804
229
608
1813
1573
1113
1546
878
439
1301
26
2248
339
2135
1128
825
1082
1862
85
1438
2104
2193
2154
2224
2561
2340
1895
572
2777
1624
622
2866
646
2618
2514
498
197
2568
819
1882
864
2431
364
1657
343
1183
666
641
2732
196
2610
2130
1982
1059
1116
2764
2802
1679
2075
353
728
1634
2228
776
510
1524
1752
713
945
2426
874
1305
765
1719
2026
2490
631
2882
1435
2390
1089
2812
2339
472
2750
1076
369
1944
2442
2183
2928
1762
129
2888
1375
1206
846
1035
1242
2648
1253
2551
811
1003
1195
859
2129
1921
148
323
2077
1227
2739
485
2059
579
1763
2874
20
1533
1994
216
454
156
1466
509
315
1345
1452
1127
1087
1500
262
2246
1590
2192
2322
1240
625
2312
2849
2823
1269
477
574
232
387
2044
2623
772
192
1538
934
2081
2166
853
140
1292
1272
245
1215
613
1651
830
132
255
1179
587
1901
1612
261
1605
1372
2123
507
331
2617
183
533
1
2898
1007
492
2326
1124
1493

