1 1
2 0
3 1
4 0
5 0
6 1
7 1
8 1
9 0
10 0
11 0
12 0
13 0
14 0
15 0
16 1
17 1
18 0
19 1
20 1
21 0
22 1
23 1
24 0
25 0
26 1
27 0
28 1
29 1
30 0
31 0
32 0
33 1
34 1
35 0
36 0
37 1
38 0
39 0
40 0
41 0
42 0
43 0
44 0
45 0
46 1
47 1
48 1
49 1
50 1
51 0
52 1
53 1
54 0
55 1
56 1
57 0
58 0
59 0
60 0
61 1
62 0
63 1
64 0
65 0
66 1
67 0
68 1
69 0
70 1
71 0
72 0
73 0
74 0
75 0
76 1
77 1
78 0
79 0
80 0
81 1
82 0
83 1
84 0
85 0
86 0
87 0
88 0
89 1
90 1
91 1
92 0
93 0
94 1
95 1
96 0
97 0
98 1
99 1
100 1
101 1
102 1
103 1
104 0
105 0
106 1
107 0
108 0
109 0
110 0
111 1
112 0
113 1
114 0
115 0
116 0
117 0
118 1
119 1
120 1
121 0
122 0
123 0
124 0
125 1
126 1
127 0
128 0
129 0
130 1
131 0
132 0
133 0
134 1
135 1
136 1
137 0
138 0
139 0
140 1
141 1
142 1
143 0
144 1
145 1
146 1
147 0
148 0
149 0
150 1
151 0
152 0
153 0
154 0
155 1
156 0
157 0
158 0
159 0
160 1
161 1
162 1
163 0
164 1
165 0
166 0
167 1
168 0
169 1
170 0
171 1
172 0
173 0
174 0
175 0
176 0
177 0
178 1
179 0
180 0
181 1
182 1
183 0
184 0
185 1
186 1
187 0
188 1
189 1
190 1
191 0
192 0
193 1
194 0
195 1
196 1
197 1
198 1
199 0
200 0
201 0
202 1
203 1
204 0
205 1
206 1
207 1
208 0
209 1
210 0
211 0
212 1
213 1
214 1
215 1
216 0
217 0
218 1
219 1
220 1
221 0
222 0
223 1
224 0
225 0
226 0
227 1
228 1
229 0
230 1
231 1
232 1
233 0
234 0
235 0
236 1
237 0
238 1
239 1
240 1
241 1
242 0
243 1
244 0
245 0
246 1
247 1
248 0
249 0
250 0
251 1
252 1
253 0
254 0
255 0
256 0
257 0
258 0
259 1
260 1
261 0
262 0
263 0
264 0
265 0
266 0
267 0
268 0
269 1
270 1
271 1
272 0
273 1
274 1
275 0
276 1
277 1
278 1
279 0
280 1
281 1
282 0
283 1
284 1
285 1
286 1
287 1
288 0
289 0
290 0
291 0
292 0
293 0
294 0
295 0
296 0
297 0
298 0
299 0
300 1
301 1
302 0
303 1
304 1
305 0
306 0
307 1
308 1
309 0
310 0
311 1
312 1
313 0
314 0
315 1
316 1
317 0
318 1
319 1
320 1
321 1
322 1
323 1
324 0
325 1
326 1
327 0
328 0
329 1
330 0
331 1
332 1
333 0
334 1
335 0
336 0
337 1
338 0
339 0
340 1
341 0
342 1
343 1
344 0
345 1
346 1
347 0
348 0
349 1
350 0
351 1
352 0
353 1
354 1
355 1
356 1
357 0
358 1
359 1
360 0
361 1
362 1
363 1
364 0
365 0
366 1
367 0
368 0
369 0
370 0
371 0
372 1
373 1
374 0
375 0
376 0
377 1
378 0
379 0
380 1
381 1
382 0
383 0
384 0
385 1
386 0
387 1
388 1
389 1
390 0
391 1
392 1
393 1
394 1
395 0
396 0
397 0
398 1
399 0
400 1
401 0
402 0
403 0
404 0
405 0
406 0
407 1
408 1
409 0
410 0
411 1
412 1
413 0
414 1
415 0
416 0
417 1
418 0
419 0
420 0
421 0
422 0
423 0
424 1
425 1
426 0
427 0
428 1
429 0
430 1
431 0
432 0
433 1
434 1
435 1
436 0
437 1
438 0
439 1
440 1
441 1
442 0
443 0
444 0
445 0
446 0
447 1
448 0
449 1
450 0
451 1
452 1
453 1
454 1
455 0
456 0
457 0
458 1
459 0
460 0
461 1
462 1
463 1
464 1
465 1
466 1
467 0
468 0
469 1
470 0
471 0
472 0
473 0
474 1
475 1
476 0
477 0
478 1
479 0
480 1
481 0
482 1
483 1
484 0
485 1
486 0
487 1
488 0
489 1
490 0
491 1
492 0
493 1
494 1
495 0
496 1
497 1
498 0
499 0
500 0
501 0
502 0
503 1
504 0
505 0
506 1
507 1
508 1
509 0
510 0
511 1
512 0
513 1
514 0
515 0
516 1
517 1
518 1
519 0
520 1
521 0
522 1
523 0
524 0
525 0
526 0
527 1
528 1
529 1
530 0
531 1
532 0
533 1
534 0
535 0
536 0
537 1
538 0
539 0
540 0
541 0
542 1
543 1
544 1
545 1
546 1
547 1
548 0
549 0
550 1
551 1
552 1
553 0
554 1
555 0
556 0
557 0
558 1
559 1
560 1
561 0
562 1
563 0
564 1
565 1
566 1
567 0
568 0
569 1
570 1
571 1
572 1
573 1
574 0
575 0
576 1
577 0
578 0
579 0
580 0
581 0
582 1
583 1
584 1
585 0
586 0
587 1
588 1
589 1
590 1
591 0
592 0
593 1
594 0
595 0
596 0
597 0
598 1
599 0
600 0
601 1
602 1
603 1
604 1
605 1
606 0
607 0
608 1
609 1
610 0
611 1
612 0
613 0
614 0
615 1
616 1
617 0
618 1
619 0
620 1
621 0
622 0
623 0
624 1
625 1
626 0
627 1
628 1
629 0
630 1
631 0
632 1
633 1
634 0
635 1
636 0
637 1
638 1
639 0
640 0
641 0
642 0
643 1
644 0
645 1
646 0
647 1
648 0
649 0
650 0
651 1
652 0
653 1
654 1
655 0
656 0
657 1
658 1
659 1
660 0
661 0
662 0
663 0
664 1
665 1
666 0
667 1
668 0
669 0
670 1
671 0
672 1
673 1
674 1
675 0
676 0
677 1
678 0
679 0
680 0
681 0
682 0
683 0
684 0
685 1
686 0
687 1
688 0
689 1
690 0
691 0
692 0
693 0
694 0
695 1
696 0
697 0
698 1
699 0
700 1
701 0
702 1
703 0
704 0
705 0
706 1
707 0
708 0
709 0
710 1
711 0
712 0
713 0
714 0
715 0
716 0
717 1
718 1
719 0
720 0
721 0
722 1
723 1
724 0
725 0
726 0
727 1
728 1
729 0
730 1
731 1
732 1
733 1
734 0
735 0
736 0
737 1
738 1
739 1
740 1
741 1
742 0
743 0
744 1
745 1
746 0
747 1
748 1
749 1
750 0
751 0
752 1
753 1
754 0
755 1
756 0
757 0
758 1
759 1
760 1
761 1
762 0
763 1
764 1
765 1
766 0
767 0
768 1
769 1
770 0
771 0
772 0
773 1
774 0
775 0
776 0
777 1
778 1
779 1
780 1
781 1
782 1
783 0
784 1
785 0
786 0
787 0
788 1
789 0
790 0
791 0
792 1
793 1
794 1
795 1
796 1
797 0
798 0
799 0
800 1
801 0
802 0
803 1
804 1
805 0
806 0
807 1
808 0
809 1
810 1
811 1
812 0
813 0
814 1
815 1
816 0
817 0
818 1
819 0
820 0
821 1
822 0
823 1
824 1
825 1
826 1
827 0
828 0
829 0
830 0
831 1
832 0
833 0
834 0
835 0
836 0
837 1
838 0
839 0
840 0
841 1
842 1
843 0
844 0
845 0
846 1
847 0
848 0
849 0
850 1
851 1
852 0
853 1
854 0
855 0
856 1
857 1
858 0
859 0
860 1
861 0
862 0
863 0
864 0
865 0
866 1
867 0
868 0
869 0
870 1
871 0
872 1
873 1
874 0
875 1
876 1
877 0
878 0
879 1
880 1
881 0
882 1
883 1
884 0
885 0
886 0
887 1
888 0
889 0
890 0
891 1
892 1
893 1
894 0
895 0
896 0
897 1
898 0
899 0
900 0
901 1
902 1
903 0
904 1
905 0
906 0
907 1
908 1
909 1
910 0
911 1
912 0
913 1
914 0
915 0
916 1
917 0
918 1
919 0
920 0
921 0
922 0
923 0
924 1
925 1
926 0
927 1
928 0
929 0
930 1
931 1
932 1
933 1
934 1
935 1
936 0
937 0
938 1
939 0
940 0
941 0
942 0
943 1
944 1
945 0
946 0
947 0
948 1
949 1
950 1
951 1
952 0
953 1
954 1
955 1
956 0
957 0
958 1
959 0
960 0
961 1
962 1
963 1
964 0
965 0
966 0
967 0
968 0
969 1
970 0
971 0
972 1
973 0
974 1
975 1
976 1
977 1
978 1
979 1
980 1
981 1
982 1
983 1
984 0
985 1
986 0
987 1
988 0
989 0
990 1
991 0
992 0
993 1
994 1
995 0
996 1
997 1
998 0
999 1
1000 0
1001 0
1002 1
1003 0
1004 0
1005 0
1006 1
1007 1
1008 1
1009 0
1010 0
1011 1
1012 1
1013 0
1014 1
1015 1
1016 1
1017 1
1018 1
1019 0
1020 1
1021 0
1022 1
1023 0
1024 1
1025 0
1026 1
1027 0
1028 1
1029 0
1030 0
1031 1
1032 0
1033 1
1034 1
1035 1
1036 1
1037 1
1038 1
1039 0
1040 1
1041 1
1042 1
1043 0
1044 0
1045 1
1046 1
1047 0
1048 0
1049 1
1050 1
1051 0
1052 0
1053 0
1054 1
1055 0
1056 1
1057 0
1058 0
1059 0
1060 0
1061 1
1062 1
1063 1
1064 1
1065 0
1066 1
1067 0
1068 0
1069 0
1070 0
1071 0
1072 0
1073 1
1074 0
1075 1
1076 1
1077 1
1078 0
1079 1
1080 0
1081 0
1082 0
1083 1
1084 0
1085 0
1086 0
1087 1
1088 0
1089 0
1090 0
1091 0
1092 1
1093 0
1094 0
1095 1
1096 1
1097 0
1098 0
1099 1
1100 0
1101 1
1102 1
1103 0
1104 0
1105 0
1106 1
1107 0
1108 0
1109 1
1110 0
1111 0
1112 1
1113 1
1114 1
1115 0
1116 0
1117 0
1118 1
1119 1
1120 1
1121 0
1122 0
1123 1
1124 0
1125 1
1126 0
1127 1
1128 1
1129 0
1130 1
1131 1
1132 0
1133 0
1134 1
1135 0
1136 1
1137 0
1138 0
1139 0
1140 0
1141 0
1142 0
1143 1
1144 1
1145 0
1146 1
1147 0
1148 0
1149 1
1150 1
1151 0
1152 0
1153 0
1154 0
1155 1
1156 1
1157 0
1158 0
1159 1
1160 0
1161 1
1162 0
1163 0
1164 0
1165 1
1166 1
1167 0
1168 0
1169 0
1170 0
1171 0
1172 1
1173 1
1174 0
1175 1
1176 0
1177 0
1178 1
1179 0
1180 1
1181 1
1182 1
1183 1
1184 0
1185 1
1186 0
1187 0
1188 0
1189 1
1190 1
1191 0
1192 0
1193 0
1194 1
1195 0
1196 0
1197 1
1198 0
1199 0
1200 1
1201 0
1202 1
1203 0
1204 0
1205 0
1206 0
1207 0
1208 0
1209 0
1210 0
1211 1
1212 1
1213 0
1214 1
1215 1
1216 0
1217 0
1218 1
1219 0
1220 1
1221 0
1222 1
1223 0
1224 1
1225 0
1226 1
1227 0
1228 1
1229 1
1230 1
1231 1
1232 0
1233 1
1234 0
1235 1
1236 0
1237 1
1238 0
1239 1
1240 0
1241 1
1242 1
1243 1
1244 1
1245 1
1246 0
1247 0
1248 0
1249 0
1250 1
1251 0
1252 0
1253 1
1254 1
1255 0
1256 1
1257 1
1258 1
1259 0
1260 0
1261 0
1262 0
1263 1
1264 0
1265 0
1266 1
1267 0
1268 1
1269 1
1270 0
1271 0
1272 0
1273 1
1274 1
1275 0
1276 0
1277 0
1278 1
1279 0
1280 1
1281 0
1282 1
1283 0
1284 0
1285 0
1286 1
1287 0
1288 0
1289 1
1290 1
1291 1
1292 0
1293 1
1294 1
1295 1
1296 0
1297 0
1298 1
1299 1
1300 0
1301 0
1302 0
1303 1
1304 0
1305 1
1306 1
1307 1
1308 0
1309 0
1310 0
1311 0
1312 1
1313 1
1314 1
1315 0
1316 0
1317 0
1318 1
1319 0
1320 0
1321 0
1322 1
1323 0
1324 1
1325 1
1326 0
1327 1
1328 0
1329 1
1330 0
1331 0
1332 0
1333 0
1334 0
1335 1
1336 1
1337 0
1338 1
1339 1
1340 0
1341 0
1342 0
1343 0
1344 1
1345 0
1346 1
1347 1
1348 0
1349 0
1350 0
1351 0
1352 1
1353 1
1354 0
1355 1
1356 0
1357 0
1358 1
1359 1
1360 0
1361 1
1362 1
1363 1
1364 1
1365 0
1366 0
1367 0
1368 0
1369 1
1370 0
1371 0
1372 0
1373 1
1374 1
1375 1
1376 1
1377 1
1378 1
1379 0
1380 1
1381 0
1382 0
1383 0
1384 1
1385 1
1386 0
1387 0
1388 1
1389 1
1390 0
1391 0
1392 1
1393 1
1394 0
1395 1
1396 0
1397 0
1398 1
1399 1
1400 1
1401 0
1402 0
1403 1
1404 1
1405 0
1406 1
1407 0
1408 0
1409 0
1410 1
1411 0
1412 1
1413 1
1414 1
1415 0
1416 1
1417 1
1418 1
1419 0
1420 0
1421 0
1422 1
1423 0
1424 0
1425 1
1426 0
1427 1
1428 0
1429 1
1430 1
1431 0
1432 0
1433 1
1434 0
1435 0
1436 0
1437 0
1438 1
1439 0
1440 0
1441 0
1442 0
1443 0
1444 1
1445 0
1446 1
1447 0
1448 1
1449 1
1450 0
1451 1
1452 0
1453 0
1454 1
1455 0
1456 1
1457 0
1458 1
1459 1
1460 0
1461 0
1462 1
1463 0
1464 1
1465 0
1466 0
1467 1
1468 0
1469 0
1470 0
1471 1
