1134
970
1268
2141
1466
2401
1265
1608
2267
2877
2496
2215
44
10
2597
814
1106
649
566
1665
2261
14
623
2078
2098
215
2431
1943
1179
648
2327
1307
1863
1910
2927
2458
1384
1286
38
2532
2702
966
452
2235
1216
1008
2027
2288
16
1042
1308
2082
1123
1074
2011
36
1745
2418
2892
280
635
1330
1247
1720
29
2315
2249
1793
2450
731
867
1807
658
422
2471
2276
2124
2819
147
1062
991
881
369
2848
2772
1479
2592
925
2476
1762
461
1982
896
1667
1340
984
174
1071
2620
1942
2634
456
1978
1473
1036
637
2517
735
1428
1411
911
42
1588
858
837
1589
2388
1779
291
2484
766
1840
1962
1730
300
1241
2006
2291
692
1887
935
2734
2421
331
1120
699
1810
191
1799
169
1821
1621
2177
2525
1628
1239
180
901
1819
2929
1979
144
574
1903
1768
1320
2727
2361
1826
1854
2068
2211
310
2795
160
943
2798
603
2033
1534
1114
1666
1950
517
1047
1612
760
1789
902
35
1917
790
272
741
665
103
375
63
995
1157
394
118
112
2731
2567
139
2099
2900
1530
1097
1419
2686
1559
193
1713
1996
105
521
1121
1450
2054
446
2816
2693
2118
1658
2646
385
323
524
515
945
241
2827
2066
1289
689
2715
752
506
554
1901
834
954
1290
1259
2039
614
21
551
1735
415
106
1506
2198
311
1945
2500
1920
1634
1625
1724
2708
1283
2164
1397
998
2015
691
117
490
924
5
657
2425
2576
933
2052
2010
1723
628
181
1755
380
630
2830
1152
1843
2473
843
808
738
162
1560
2504
2073
1391
1488
1484
1960
97
2248
1348
903
1475
972
2767
109
1124
322
429
1547
94
1139
2415
879
2262
84
2748
2119
1599
1533
2057
1678
2260
1274
293
1374
1113
1441
2433
2264
757
1168
2602
617
1001
15
1443
2632
1465
942
182
2417
1875
2048
1553
2839
190
1060
1710
2584
1497
2446
687
553
748
1816
159
2858
918
1161
616
1605
2026
2746
1365
728
2717
449
2214
1551
2603
2762
2594
792
1883
2595
2742
2359
11
1311
1180
753
1141
1598
1128
1513
2531
591
1166
701
2690
1017
2745
1284
370
107
717
384
378
2247
705
826
2303
1337
1973
538
2263
1554
778
619
2090
642
1640
950
239
1932
1496
2579
1352
645
2237
2282
1528
809
2292
1507
1360
798
2393
2907
1695
1837
2616
1877
2081
2662
1412
374
2744
2699
1565
838
51
1998
1764
1000
2754
2855
888
2678
296
1681
2219
2355
2562
2147
2403
249
964
570
1868
12
1155
1145
2611
432
1228
198
1582
2845
1064
1160
1806
1885
263
485
2938
2202
267
2758
129
2774
1657
1643
1291
1079
1399
1543
2069
932
2032
73
839
1366
2195
1455
1795
880
1719
2635
2241
2391
724
1046
765
1544
2791
1861
978
2244
1980
768
1911
2419
2342
2275
868
863
1381
1339
125
2609
1959
56
1509
1252
915
243
2440
739
2293
2835
2085
498
122
79
1257
1502
2025
2035
2390
2739
2802
2370
1213
2323
1221
2072
2512
587
1712
2869
873
250
1787
2029
1871
274
1698
2908
1937
130
1738
965
1417
2915
172
846
1972
2809
754
2536
108
1321
2637
1923
962
926
1254
854
1098
895
2712
849
489
2825
2459
1859
914
804
1654
1449
2453
548
1425
537
2628
431
188
2176
25
1704
2363
2398
2565
2659
2636
95
2577
2917
1802
1884
1031
355
585
358
1796
1108
1187
1664
771
2231
668
2906
2649
1422
0
1591
6
696
465
2741
1999
1055
917
425
230
1527
1564
443
1095
2863
1222
928
2864
852
2759
1714
2520
2498
891
597
55
1773
2413
944
2941
345
2312
57
2806
1993
1977
1225
2623
1985
259
330
1020
707
2789
1068
1415
2633
750
1326
844
1227
2001
2414
564
2328
2794
1593
730
216
708
941
2728
175
1018
338
1913
31
1777
580
1690
2
2152
2660
1025
847
2209
1149
1914
940
1814
769
2460
2826
1250
2229
2588
2909
200
237
1021
923
1261
2737
2332
2456
2272
2797
80
1158
2111
722
2251
2612
2515
271
1009
77
613
1026
2123
2089
2474
171
2042
462
2161
170
795
68
611
2919
565
2893
745
1416
2548
1293
1063
347
229
2882
1617
2224
413
2368
1775
2294
575
800
448
953
2786
2833
2162
2333
1248
2426
1607
2270
1273
2622
2376
2775
62
1759
2932
1808
664
2663
1967
2545
74
871
508
2558
2547
460
1277
2105
1686
268
2881
688
2437
1207
154
1964
2097
2028
2760
2681
2302
2266
1703
1655
1373
98
2243
982
523
522
2552
1616
2619
2189
519
1663
2385
772
2722
1566
222
201
1947
194
8
647
1132
183
907
1584
2661
225
1579
359
1532
468
2225
2703
605
301
2371
1300
58
725
410
473
1442
1699
1369
936
1414
799
2894
2625
1111
1545
282
1005
714
1788
2184
1781
1233
2799
285
807
2711
2345
2269
481
173
402
634
2234
1485
1576
514
1697
142
1477
256
13
676
1408
1696
850
1177
2582
2645
1482
482
2811
388
478
1539
348
1676
487
2706
1065
1393
1109
220
2378
1516
2126
1006
1567
2100
131
1784
532
1609
1549
123
1454
2392
1568
343
2250
1860
2587
727
2080
830
749
655
2212
2613
258
1324
1069
1931
2509
1490
1400
2320
335
2757
2084
269
2296
2079
1231
2777
636
2810
2408
2022
19
1226
2058
1797
2464
1101
189
2725
1048
1335
52
209
1044
363
693
409
2813
934
1418
2685
1711
213
1456
1944
2537
2652
1918
919
1727
1154
128
706
2675
2878
2122
1446
2171
883
1769
1165
1162
2021
1561
1143
1955
1562
1368
2704
114
2003
1818
1693
1741
525
1014
872
1585
784
325
412
969
1842
2000
2871
4
516
2873
555
2325
2044
582
1061
1682
138
2822
1371
2730
134
1630
1467
1211
167
2310
403
1983
2138
1736
546
60
224
1153
980
82
595
864
1276
2586
2540
913
440
2206
675
411
513
1915
2362
1439
421
2442
2868
1715
1204
2770
1687
153
813
1351
908
1319
401
1359
1798
212
985
856
621
2257
492
132
812
1604
2897
2666
1827
2038
91
1431
1721
2064
2610
2885
2043
1886
1356
1385
2395
2477
2514
328
976
2538
2829
1117
904
2573
2854
2751
900
1011
956
1313
156
1448
1766
1052
441
350
2317
152
2286
786
1555
2535
589
479
136
612
2236
1924
2281
3
1489
910
2926
1104
2366
659
1146
670
763
1272
1135
2670
2501
2918
1235
2550
1315
233
1327
1610
1670
2875
1468
264
2416
1615
1282
2347
1210
744
1295
1136
503
2107
596
931
1957
1243
1432
245
344
1596
2805
588
1110
1897
2564
260
2831
2117
333
774
993
2059
2672
2400
840
1758
329
667
2614
2481
1386
1224
1148
1845
1747
2075
392
1785
1076
1928
1296
2148
1453
590
1092
2265
811
2377
2865
497
2769
483
2694
624
644
2245
2228
2466
2133
1424
2019
418
2351
1452
1050
1742
1357
1756
2593
244
2432
2857
126
2753
2329
2554
1805
1053
221
1345
711
791
457
2201
751
1587
318
2651
1279
1364
2373
2518
2627
1830
2482
1546
315
1281
2356
308
192
286
1890
1070
2705
2891
1285
2803
2669
203
1301
2217
235
2529
1193
1786
472
2424
2499
662
226
544
2721
2513
202
1336
2454
1991
417
37
740
17
666
1333
1988
1882
2439
1329
2934
253
102
186
1003
2274
2280
1912
361
567
2658
2851
909
2842
2599
1921
1126
1171
2169
968
1334
2159
540
1822
1836
803
1303
168
1437
2002
836
845
396
1483
2465
785
2468
2150
1129
2852
2544
633
1771
2088
1461
1027
273
1552
632
2608
979
702
1024
1874
2016
2113
821
2295
2605
395
736
927
1751
1873
2427
1965
1421
2348
207
1405
2372
697
1651
1220
1935
2020
406
2687
2166
2157
1831
2339
2505
381
1181
1986
1462
1183
1763
1202
719
1367
1237
2086
764
184
1689
1028
1948
2782
1344
145
2227
1127
149
528
40
1839
2190
2438
2497
2667
2849
1058
135
536
161
679
2732
2444
2053
1440
550
704
2470
2349
638
2181
1611
1275
1765
1672
1613
1500
2278
1963
1521
2691
393
1949
1478
549
1922
2429
2049
1825
391
219
314
2455
1780
2461
28
2850
775
1304
1310
2766
948
2684
2921
986
397
1087
2553
832
1583
631
2491
2343
26
2800
709
2812
430
777
2896
434
1770
1760
2591
579
773
238
2145
2091
1476
2557
407
53
228
1426
2922
2761
2589
713
672
723
2784
2034
2168
1361
2707
1035
2360
1855
1620
326
1563
796
1292
2174
2436
569
1107
2221
892
2928
1590
2764
2747
581
1987
379
50
1902
458
1378
2222
1644
1174
2709
2094
1740
2096
137
2511
101
2642
1876
1472
762
356
320
1208
2516
1407
1492
2076
43
304
1603
1170
2017
2093
2696
299
64
781
608
780
1933
1004
960
2115
1080
2443
2756
1888
610
279
2004
2781
2493
2648
2108
721
1518
1088
2412
1622
476
416
2213
992
1023
1791
640
2449
718
1010
414
1744
2720
2640
87
364
2374
157
2197
1037
1517
1501
2788
1372
408
336
529
1190
2239
1012
2556
288
583
67
2305
1150
680
1083
2895
467
1253
248
1463
1078
1072
1754
2818
289
1346
146
2297
262
733
2840
1619
1299
2070
700
2510
1749
2204
1731
428
287
542
2386
1891
681
2289
367
178
1186
373
1396
340
150
2405
1656
427
294
2494
563
1556
1880
2175
1151
957
1404
2200
2541
1133
2402
2259
1122
45
2779
842
2533
2352
1264
2752
2428
1801
2916
419
831
817
445
2065
1266
1102
2012
572
1677
2902
83
1909
2341
530
2870
756
916
782
1427
801
2132
110
2664
865
2542
1594
2847
2301
2375
1692
767
885
958
810
1212
971
1946
882
2837
1570
1464
2271
1270
2571
2905
493
2920
2765
1757
601
1761
1898
2843
1550
1398
1447
1184
922
1481
1879
371
1586
890
2933
2657
2335
2106
2676
96
779
2534
2389
1159
2872
2768
459
1647
1638
88
2780
1246
1511
1469
1641
1889
1869
2883
236
1232
518
1251
116
788
1093
234
164
2838
261
2036
1953
1200
1538
990
1674
2930
7
2630
2154
2898
2350
177
1748
2382
2383
1182
32
1445
2936
2411
1649
127
2220
1486
2430
1435
163
1639
2561
2729
89
646
1841
447
1389
2194
1409
2654
49
327
2487
1705
1671
2255
2326
507
2486
2880
2216
1951
1558
2785
2655
2129
1729
1406
1167
1952
1112
2560
2574
2279
2925
2379
755
651
93
2853
2624
886
1209
870
2318
100
2067
1096
2338
2186
1600
22
1936
1700
1849
1081
2018
195
1571
861
104
510
2319
1156
1866
2572
2324
435
1458
332
1597
1574
2071
1812
2598
1772
424
2300
2321
1433
1312
2570
1668
210
2644
2005
151
1557
686
2884
1029
1642
737
454
961
1592
75
2913
368
111
339
1504
1637
2606
1413
1173
558
894
1833
2188
1659
1115
61
627
1847
857
444
1175
1370
562
2503
818
2643
1683
464
2457
2836
1716
828
1198
1350
1195
495
2256
2306
1297
1332
214
2618
2407
898
377
1260
599
1782
1002
1144
1870
1163
1515
1130
2158
1084
2823
1834
1994
2469
1328
2153
255
2910
1572
400
2441
776
1376
360
1813
1660
1049
893
841
2596
848
2208
48
1342
639
988
1278
1379
1520
1989
669
1685
2546
615
254
39
1353
2778
1646
2357
2120
2719
2207
1514
720
1970
120
1271
113
119
1519
1423
1529
1354
115
2404
266
2522
1956
2112
1540
217
1217
2689
761
270
816
2590
1684
905
1904
2309
2146
1118
1343
341
2773
1206
298
1240
527
2939
303
2467
2047
496
2163
973
2683
247
292
2041
1172
2114
1829
302
2199
1503
2801
2677
1894
357
41
2743
2783
257
1375
2912
556
30
2736
1191
2205
1662
1858
1306
2063
2060
921
1581
290
2475
2156
994
643
511
1314
1961
685
1857
1178
1230
1750
2210
860
1817
1323
1531
1542
9
2581
2697
955
2045
2641
1606
1234
1094
86
625
1256
1223
1199
1623
1752
2695
1709
33
1164
277
2578
2203
2793
1322
313
535
2808
2674
2901
604
1309
165
1066
2397
1103
2155
2804
390
1851
2131
1893
2647
2410
2841
2109
2463
833
2834
354
698
1033
471
283
884
1803
2539
573
997
1082
726
2735
823
2617
2585
1969
2399
974
1219
2185
1927
600
491
1732
1725
577
2566
1288
420
305
451
2519
317
2639
2820
1815
1229
1968
2824
1245
2024
1401
2253
1648
1844
1828
2860
2178
1429
499
1618
598
759
2009
1194
1318
1142
2172
545
641
1013
2600
1939
660
626
1508
559
72
1470
1067
2776
133
1541
1850
2478
1778
853
1347
2238
316
1238
2136
2844
743
2716
1043
2137
2714
1045
1236
2337
912
2492
2447
2283
505
2127
1708
2299
594
78
2149
76
789
1280
1984
1197
1305
2445
938
937
1734
488
606
2665
1051
1792
204
2180
486
2369
2653
1938
2142
715
346
2563
474
1325
281
1460
2876
999
2559
124
1099
2867
2713
592
1382
2821
1510
1317
1940
2218
1137
2322
2336
2170
2308
977
1056
2196
2583
199
81
196
2807
141
1645
729
2233
2061
820
2232
1595
1929
307
2409
2924
470
2143
1196
2140
389
2668
2223
1575
2749
1954
2023
1022
1030
2874
747
586
2502
59
2151
2889
1057
822
1627
2087
2671
1430
1958
365
2607
2621
71
746
1726
2551
2523
920
2738
197
1707
952
1919
1116
1176
2268
959
2103
1125
1739
1436
2580
802
1073
477
2604
695
899
2183
690
2861
1294
2479
438
2144
399
2167
996
1832
2252
1848
2365
1852
607
2688
1499
334
783
475
480
2130
2092
1526
2679
620
2555
2792
656
2226
1140
2724
148
387
734
2285
2507
1218
1992
1895
2014
593
1185
534
240
1907
661
1420
609
703
1244
1077
2528
1387
509
827
1491
1753
1811
1846
825
1523
2631
552
436
939
2381
158
949
54
1694
1941
2101
946
1471
2330
2575
531
673
652
2116
1862
2037
284
143
1892
2718
1702
2179
185
1015
1075
1480
2601
671
1201
2083
2755
1512
1495
69
929
2480
206
2626
2030
1926
1089
618
2062
1390
1402
1800
2290
1872
1410
2524
1652
2287
1362
1717
712
1653
2615
92
758
251
2353
433
1388
321
2273
306
502
1934
1494
1905
2344
1632
2423
1054
975
166
1908
2650
176
2104
1865
2488
2549
2733
1995
539
2682
2763
2246
2422
851
1493
512
897
2364
877
1403
2726
372
1794
2304
1824
1853
1363
2832
1395
382
2483
1394
1438
2629
981
1577
2358
1434
500
2013
1377
1728
875
1975
2680
2173
2346
2135
1925
2569
2899
90
2530
2568
983
1349
362
1896
2508
650
1249
278
2242
2277
1203
1733
1091
1147
47
2307
989
1536
65
1189
1966
426
547
2740
1743
2495
1899
694
1878
2050
2451
1578
829
2074
2911
1019
2903
2543
1039
1242
2056
1669
2316
878
584
1636
34
1138
2008
2046
2472
2923
231
1838
1580
797
2420
2700
1085
2134
211
1316
1105
1034
404
793
1358
227
423
1269
242
541
963
1331
815
1629
1392
887
439
1
2866
2434
2935
1916
2886
2485
1661
2394
205
1930
351
1338
1192
1459
2367
1262
2888
526
2859
275
1548
2692
862
405
2452
889
484
2007
2254
578
1215
352
1474
2638
1041
2125
24
1341
561
770
1302
2077
232
494
2095
1258
1383
2313
2284
1038
622
1263
450
1820
1864
716
876
1746
1188
297
27
2191
2031
1856
2230
987
1355
1524
2750
805
2051
349
276
1680
1090
179
1214
386
1522
2311
1635
2435
2887
309
629
455
855
2846
2334
824
353
1631
1537
1706
1602
742
1701
2192
2710
1569
2506
187
342
1971
1573
1981
1673
2128
906
930
1287
23
1525
1505
2796
2656
2448
366
2121
1718
1722
1881
951
376
1675
571
2817
1688
2040
1767
1990
2462
2187
1691
2489
2814
218
602
2396
2879
442
466
1790
1007
2940
1614
1997
2937
265
1624
324
501
874
1380
2904
1974
1809
437
463
1804
2787
2698
1650
2673
684
2139
469
533
2490
1737
99
2165
2240
2182
453
2771
208
2380
504
543
1298
1774
398
2160
1255
46
2102
1776
677
1040
1498
2527
2914
1601
653
835
2931
2526
223
18
2258
383
2723
1169
1059
560
576
2815
2828
1679
66
557
2790
337
20
947
1783
1451
319
2314
1267
1906
2387
140
1444
1131
1633
520
295
85
663
2890
869
1100
2701
1016
2340
1535
1626
1205
2354
732
1487
682
2856
1119
2406
1867
794
70
246
1976
1032
1457
866
2110
2384
674
2193
859
2521
710
1086
678
967
312
683
819
654
806
787
155
2055
2331
121
1835
1900
2862
568
252
1823
2298

