435
117
221
1510
2750
2186
1048
2683
411
2642
77
532
1462
2203
461
1345
2233
1960
2690
110
49
2503
12
1386
1966
684
668
1487
2073
1685
2634
2413
2287
729
344
2263
2563
2387
2196
1104
1866
1393
889
258
128
2026
490
1150
1210
2085
1266
2319
1311
105
2626
1985
2437
2648
2858
1419
1670
1001
2475
1879
746
2393
820
1298
2432
2175
384
1054
272
791
1523
2117
1457
922
1383
1933
1353
1224
2789
59
1164
1102
582
2216
2527
1778
1571
2181
202
707
2630
762
494
1494
1890
327
847
1529
894
2425
2557
1309
2097
2919
205
2828
1254
2238
2504
667
2283
1118
42
2832
2536
1432
295
2125
2494
25
29
914
1373
1586
2767
2156
287
179
444
2591
68
1256
1591
2877
2054
1172
1291
603
2157
479
1080
1011
2835
469
976
2210
1623
131
2551
477
717
1124
1705
2582
2421
1399
1997
111
125
2442
1734
579
2854
654
1902
1119
1008
1776
43
2597
19
1239
2868
1407
2937
920
2783
1384
1455
296
2847
1813
150
16
1219
812
754
818
1160
88
1245
1069
73
1154
2355
1406
2158
724
2675
1626
1757
463
712
276
983
1666
2941
834
2106
842
1796
1307
1216
47
470
1409
2908
1129
2166
2411
2489
1387
2241
107
1980
1464
971
1690
1449
649
2153
2360
400
1958
1602
1097
81
586
2693
72
1867
116
1645
885
55
1596
1568
1211
1697
605
2379
330
1280
2363
1930
2906
1367
1360
1389
1156
236
2331
2514
1179
2113
1304
82
979
2893
1120
758
2622
1390
1175
2109
2340
2498
692
1988
453
1342
284
497
2202
1761
928
1236
2808
2020
1039
2383
280
2448
2424
2698
733
2058
2607
1682
2464
136
63
710
204
2291
2428
2187
1640
421
346
2367
455
2736
1684
127
2754
743
690
1551
1975
759
2198
2410
2215
1522
1167
804
259
2244
713
619
1934
2691
11
2902
2418
2888
732
1578
1114
40
1710
1251
1783
138
669
2614
508
848
1633
2044
1072
2004
2841
1537
1557
507
2124
1152
359
519
1679
2880
2200
531
858
1423
2492
1084
2936
1812
2722
2152
2773
157
315
144
548
826
1332
2148
1101
134
2581
270
1929
409
1079
459
2580
2138
1554
2719
2583
366
1277
767
2662
427
2199
1352
1978
1358
41
720
753
2883
1296
2240
207
1138
835
387
1452
837
2230
1381
1444
2145
800
782
796
1970
2752
1964
2311
2193
580
2799
2107
2931
393
1808
2453
2509
624
1036
2725
2100
1656
2088
947
2091
558
2565
242
811
2633
2658
1984
2470
875
243
2304
44
2704
2601
615
2600
2414
2644
715
2330
229
230
1178
33
819
2616
740
1545
1314
281
780
1516
1466
2268
876
1605
1003
2382
1312
1195
1968
882
1168
2469
1869
1401
2416
873
683
2724
1089
1391
1426
1921
2295
799
251
1936
1253
999
748
2075
436
1937
2604
293
1110
1495
2253
290
333
977
666
581
883
1075
1212
1372
564
992
405
60
1142
1348
2834
1081
2289
1415
2132
2164
2885
1520
2377
1845
2089
924
255
1597
1826
755
1073
2687
806
576
664
2896
954
1
152
345
700
1598
1174
593
217
155
95
418
1043
1986
2755
2146
1226
1540
1673
1703
805
1515
2278
223
286
2067
1896
592
2631
275
1024
2757
840
2700
2219
2477
1500
1795
1897
2165
2718
2656
986
491
599
638
1875
1910
783
559
2057
1133
1098
2547
2120
1601
1497
2098
1916
2637
2723
388
1496
1201
1359
2420
1911
2229
539
2651
2772
174
1689
2474
1935
1018
2342
381
2135
2022
2596
1767
1807
1227
524
2780
1821
2007
2928
2812
2362
1815
2912
2535
1983
2554
1991
1007
1858
1954
2833
1159
2248
358
1096
1459
1952
123
1830
2178
208
1009
1196
180
1674
478
92
644
1052
939
2491
1922
817
991
2522
2460
2674
309
2279
696
801
97
1906
2684
2710
2731
1967
623
2534
1034
2322
632
1643
1828
2521
1223
1369
348
1857
1257
2650
2225
372
562
306
2457
1781
2603
897
1700
1925
1987
502
426
1894
2463
916
772
83
1113
2334
1592
693
1561
2101
2445
2917
2064
2716
2584
656
2795
2729
1648
1339
989
1228
163
177
2375
496
2922
2900
294
1308
476
1646
2047
628
2095
2914
2528
2798
1862
1203
915
2454
153
2827
1416
832
2871
1217
738
1209
2820
2590
611
2655
945
2191
639
2545
1151
2884
731
2817
750
2759
2049
925
2516
355
383
443
2282
902
1002
151
100
404
1919
940
744
1062
2471
1059
540
39
2422
2493
2392
510
2733
2048
2099
1755
2836
1629
118
2511
467
918
219
2694
1706
583
1799
2870
65
2232
2838
2213
475
538
2389
895
2502
2351
1785
996
2613
2320
2790
224
1696
2358
1584
357
823
1772
1506
1534
2462
2300
2730
2397
141
2934
172
1468
186
2746
438
2122
307
1517
2321
513
368
1918
1588
2404
2168
1436
2076
2447
1759
1099
1751
716
1949
1611
2150
2259
2916
8
1618
130
265
1943
2624
415
493
1241
2030
504
1893
866
2041
2769
1284
1566
1662
1049
1863
505
633
550
15
240
1870
1046
2071
1642
1157
109
119
932
1661
2163
2018
440
75
298
1315
1708
2103
1882
2465
2167
2439
114
860
53
1774
935
1723
877
857
1082
2323
2770
256
930
2398
704
1264
1413
30
238
2045
2169
1429
2341
2204
2303
35
774
420
434
1963
1581
2144
871
2335
2112
1838
1263
943
2881
2317
2677
2349
2843
2850
261
1493
1310
326
499
6
2930
2512
2891
1881
1232
997
1272
1480
2641
956
2131
422
1301
299
1932
2510
1797
2040
378
1351
2008
1982
248
1769
2243
2926
1585
607
2170
678
2023
482
2763
322
2699
725
1442
1274
2249
2575
279
1572
1131
2096
1742
2905
1886
329
618
2423
1478
821
2160
2873
54
1538
343
1715
1474
2246
2818
1287
1843
952
169
608
1364
1800
257
747
1357
1092
1667
341
1728
2326
905
749
2369
526
1724
2270
2826
21
2143
1941
1015
1822
765
2682
2938
2277
1479
2292
1635
2887
517
520
430
2370
301
303
1562
625
1199
711
1965
237
719
1189
1665
2561
634
1187
2541
2365
1033
785
2777
250
1663
2542
342
1067
2732
1292
1624
2595
28
1246
1634
1915
1880
622
2162
1695
1302
1718
602
2844
946
752
2408
1628
2775
1552
239
1481
566
193
2234
1213
697
2309
337
851
2431
1185
1047
1518
1475
106
1677
1483
645
480
2190
2074
1798
1005
523
1848
701
2209
1060
1606
335
2039
2549
2505
1719
2717
1905
226
2486
1438
533
2804
961
347
2376
886
488
1617
2438
1397
2786
584
2327
1056
1873
2060
4
1824
2774
2276
2247
2803
850
1303
890
318
264
1856
2519
809
46
1842
784
1183
2173
1939
617
2347
319
938
90
659
278
2865
1412
2324
807
321
103
391
413
2816
2524
371
495
2079
1451
980
1130
2889
552
1143
2019
1853
2035
536
101
2415
829
604
1956
112
2111
1833
137
1336
380
484
2920
1809
2293
1877
2274
1020
1999
2874
1184
2721
1045
1437
1563
1488
2506
1600
1979
1998
892
1325
2665
1714
24
149
865
2329
1197
2739
1631
1657
1709
591
93
1829
1388
569
2515
2890
861
1819
1106
936
2765
1613
196
2083
1805
2207
2042
544
1786
2034
45
3
2553
1070
1361
1903
1323
2368
2825
268
1782
2531
2134
640
1295
2573
966
975
1615
1560
2307
2121
1322
1951
600
245
546
1594
1076
1687
227
2578
1944
2620
1343
2403
1503
365
210
2027
2093
2197
1729
1577
2659
1283
1392
2194
563
2257
334
2787
2533
216
1317
2848
1380
2484
541
769
637
351
525
457
1675
1735
2014
1837
320
1996
390
1641
2784
1688
921
370
2021
1865
2357
2625
2796
708
1109
269
1305
1214
2617
437
352
2701
2741
1948
933
1341
630
416
1768
218
2005
2155
568
1037
2737
781
2872
512
1992
170
1955
937
2703
1032
2372
2666
2562
2359
2552
1190
509
1218
2038
2354
2852
376
1994
2615
1153
356
121
868
1599
1017
2449
1926
1206
2913
1872
1654
2182
2685
1607
688
1835
1181
1161
2221
2189
1379
594
2628
1625
777
273
2296
1814
48
432
1430
908
1502
1678
745
7
2485
2142
763
1042
323
2301
474
2180
1504
1486
1427
867
2029
1820
373
363
1117
1382
859
2381
2328
2063
503
1760
2771
726
1125
99
2569
2312
2036
2118
1773
2344
2594
1542
2709
2256
2697
695
2778
2517
2378
1791
2218
1564
1811
22
464
927
631
573
2430
2792
2738
595
192
1420
1362
1318
1733
85
2538
2513
1465
1604
1912
1622
2632
2396
2570
1220
981
995
56
18
1300
471
2201
2525
1556
2791
587
2446
742
1579
2713
709
2564
38
1288
1371
775
283
730
2068
2568
2842
685
2695
2016
247
2472
984
2560
2705
1471
814
244
158
2284
2151
1290
1750
1019
2139
808
827
518
2744
2273
663
2212
2373
1511
702
1021
1901
1396
1346
2706
2310
2015
1831
789
2140
1355
1699
511
2720
1294
1460
2094
2809
944
2806
1193
2911
2669
2224
2313
2002
1108
2623
382
1793
2668
1876
2406
154
1927
2208
1959
222
197
2743
2227
1574
1112
1016
439
2532
1636
2272
2116
537
311
1650
1443
606
2407
2797
2267
1074
1827
1732
571
2255
1091
2530
2500
1777
845
658
2426
1961
325
2499
1851
985
2555
308
2635
1740
521
1411
452
2747
2619
5
441
2819
1023
166
739
2638
2599
171
2824
2507
2127
2223
1533
2325
1825
1188
135
1334
2401
1660
189
2645
1453
2149
1230
1282
913
2399
2840
148
1849
2608
1053
881
13
2271
642
1748
516
2892
1270
1884
2508
1907
723
959
1289
653
1221
254
1278
2129
570
910
2548
1146
2299
2305
374
2909
353
1887
506
1385
843
120
1171
515
2214
1693
1273
2859
1165
878
1410
2681
673
1962
2466
1507
1789
1095
1421
1892
1448
1711
66
1913
793
2147
2478
2009
313
1775
1400
1752
2345
492
2679
2753
414
674
722
1320
1630
2823
2265
1275
1350
2092
960
1995
1839
616
903
1647
1573
1726
2935
578
486
1132
1031
831
597
2353
2391
2226
2627
1871
1061
2676
794
2062
2711
483
1103
1513
2579
2749
721
2434
652
786
2927
770
2001
598
1252
31
487
2876
1878
2805
1489
2702
1658
1771
2388
2855
2745
27
1347
1025
1147
2061
2788
1259
1514
10
1029
445
266
209
2473
1899
2251
2895
1422
1299
2696
1344
741
2929
1702
178
1365
2013
1762
2055
561
2028
2879
401
1883
1078
310
2459
1269
1064
1644
1022
336
1440
2128
2046
2056
662
1182
1779
1068
2886
2921
893
1519
1672
64
485
514
1928
1324
998
79
2829
160
1753
2862
1071
2104
1090
2444
324
2501
1447
1166
2179
2605
714
2550
1721
2592
1194
2751
2811
844
2245
901
2172
1111
2602
728
906
2821
527
2051
1676
2762
2314
1548
2576
2395
887
2318
32
1467
1085
2526
2183
764
2663
614
2031
863
1608
1472
2487
869
965
1461
126
798
1333
2435
2033
145
2266
360
1242
407
1764
2672
648
1917
1972
1244
2846
1977
1669
2898
2254
613
2776
1000
1864
2452
74
574
1550
70
2123
1730
1403
1698
2546
71
2228
629
2543
1376
1066
1509
412
1923
67
970
1235
1854
1374
1249
1149
2692
2671
1116
203
194
2643
2119
1200
2544
2012
1087
451
864
1050
1841
2348
129
846
234
277
2793
297
1530
2467
1321
528
2740
1950
554
2294
2923
2629
2572
2082
2537
2897
51
838
1609
706
1686
1454
113
1485
2352
1555
1803
80
1327
2237
473
1006
2384
2932
787
1810
50
1433
2024
974
1128
757
698
1976
431
1653
1957
156
1704
987
124
2090
1482
551
830
672
567
1030
2065
1425
2081
423
1115
249
2455
1576
1055
2726
1570
2077
884
1319
612
1243
1107
1051
2402
2814
596
1268
1180
2380
2003
214
751
1402
2364
305
1470
26
824
328
1191
1285
1148
1860
2940
2851
1739
122
2910
1501
1492
89
1276
433
1240
810
803
1543
1526
1326
1565
2025
2857
1508
880
94
2708
1549
2220
1945
1971
184
1567
1428
2571
1712
776
34
2443
1375
228
448
364
2262
312
962
231
454
1535
1904
1088
2171
446
1914
1498
665
190
705
2654
133
489
403
1271
2794
175
2461
86
718
2866
2114
2483
2839
1038
2440
1559
2269
699
973
990
2756
2894
1176
926
671
2260
1969
2476
332
2072
212
1408
691
2714
2032
534
1855
2450
458
2161
1139
304
2558
1834
2587
1222
2815
2621
1040
1990
408
950
2680
1202
1942
1306
2316
1908
2433
1989
2539
1659
1852
2409
2742
2176
2810
500
856
1215
1356
1639
2707
1122
1484
1414
641
449
2102
904
96
1004
1207
339
1316
636
2863
1281
2664
670
2010
1766
1582
91
442
942
302
2766
472
2394
1931
1127
2764
1744
2540
397
907
1888
1499
1846
2356
2217
788
2400
1847
1377
1788
37
1973
385
911
183
1279
1404
2649
2298
1874
1765
2933
2479
535
2480
2585
1267
2878
1145
425
2087
841
2346
0
1681
1233
167
1445
1716
2646
1993
689
9
1649
1469
2043
1026
1694
2875
1664
285
1731
2133
2653
1083
1394
1521
2264
870
2069
1229
2281
1524
260
547
681
2130
2441
2390
888
931
982
1434
1746
572
1593
501
682
1473
108
23
1405
417
2758
2084
2781
2660
2609
969
14
386
2417
1014
220
271
211
675
1940
1173
655
2577
2338
2586
1330
557
1329
2639
2261
274
2734
1044
2242
466
2315
199
1177
621
58
967
2412
1476
1041
1170
235
2869
1335
2188
1850
2288
20
2760
993
522
1094
855
2235
2366
545
1238
241
2904
1205
1725
1065
246
919
1589
1741
797
76
1652
2258
1553
1192
542
899
2429
292
679
994
2939
1441
1938
410
2618
1885
760
1340
1532
1528
2779
1136
891
316
1126
2636
350
498
790
1770
57
1477
2856
198
1491
2481
395
164
601
1743
62
2529
1713
1258
549
2845
2136
836
929
2185
2337
1683
1616
185
2037
173
465
1974
1512
2802
2670
1121
2456
2837
2610
1378
2141
1749
1610
849
1546
953
555
1057
1612
1701
839
635
2078
1583
2640
734
874
553
2488
2899
450
2280
643
949
1186
1260
1756
1754
957
2468
1590
1248
291
543
2333
375
2059
2
187
1547
2195
898
1603
399
2239
481
362
2205
1155
2252
1737
2715
2761
377
1868
852
2302
1417
1313
1225
2497
2000
1861
2385
735
1953
815
978
1889
1651
1818
2105
2861
317
2184
1463
853
1802
955
1063
1595
104
768
2567
191
2374
680
2458
1736
626
1539
2451
78
1370
676
1531
1637
406
687
896
1844
1140
2080
2336
963
2290
958
2386
2830
1163
1349
2918
795
300
589
2589
1105
909
1337
61
1435
1328
647
1680
2925
620
1784
369
1450
2518
2308
1946
694
456
2612
252
2053
36
2907
825
771
813
115
314
2559
1144
1620
1250
1900
2052
132
1234
2154
2070
650
686
289
900
1558
948
168
2901
530
1208
1395
1354
288
1265
1840
1981
2657
677
181
2250
951
2727
934
2523
2011
2306
1691
2050
396
1804
2686
17
1832
2297
462
188
1621
1134
2275
428
575
143
1707
419
1541
778
2222
1614
2647
1763
233
585
2606
1424
1237
773
657
2712
1794
2115
2177
1262
2361
232
349
2588
1439
588
661
1790
1398
69
2520
972
2822
394
225
159
182
142
2174
1086
361
2800
102
2017
200
1668
2853
1895
1527
1780
195
282
1293
2903
146
2566
1297
1255
2371
1909
565
1204
354
460
703
862
1806
1247
1836
2137
1632
1010
2860
854
1692
253
2667
1717
1525
792
2882
1169
1758
379
872
1135
1137
389
2211
2285
429
176
2086
1261
1368
2343
1627
1286
822
2678
2652
98
2688
165
828
468
879
1027
2598
736
215
2864
1162
267
367
2574
2066
2556
1077
651
802
2006
2110
2782
1505
2768
1787
2495
590
1580
2801
2728
2611
1231
398
2339
1947
1544
1745
52
1418
2482
2159
1823
627
1801
988
529
1458
331
147
1587
162
1569
2807
2689
2673
392
1058
556
2126
1141
424
727
1575
660
737
1366
2350
1638
1123
833
2206
609
2405
201
968
2436
1536
1859
1012
756
766
1898
560
1816
1792
1331
2849
2813
139
263
1198
1747
761
206
923
262
140
2108
912
917
2419
1035
2661
1920
447
2286
2192
1924
402
1028
1891
2924
1013
1431
577
1093
213
1456
1738
610
2427
2867
1338
1817
816
1720
87
2236
646
1727
161
1655
2593
779
1671
1619
2785
340
1158
1363
1722
1100
2831
941
1446
2735
2496
338
84
2332
2231
964
2748
2490
1490
2915

