1 0
2 1
3 0
4 1
5 0
6 0
7 1
8 0
9 0
10 0
11 0
12 1
13 0
14 0
15 1
16 1
17 1
18 1
19 0
20 0
21 0
22 1
23 0
24 1
25 0
26 1
27 1
28 1
29 1
30 1
31 0
32 0
33 0
34 0
35 1
36 0
37 0
38 1
39 1
40 1
41 0
42 1
43 0
44 1
45 1
46 0
47 0
48 1
49 1
50 1
51 1
52 1
53 1
54 0
55 1
56 0
57 1
58 0
59 0
60 0
61 1
62 1
63 0
64 0
65 1
66 1
67 1
68 0
69 1
70 0
71 1
72 1
73 0
74 0
75 1
76 0
77 1
78 0
79 0
80 0
81 0
82 0
83 1
84 1
85 1
86 1
87 0
88 0
89 0
90 0
91 1
92 0
93 0
94 1
95 1
96 1
97 0
98 0
99 0
100 1
101 0
102 1
103 1
104 0
105 0
106 1
107 1
108 1
109 0
110 1
111 1
112 1
113 0
114 0
115 1
116 1
117 1
118 0
119 0
120 1
121 1
122 1
123 1
124 0
125 0
126 0
127 1
128 0
129 0
130 0
131 0
132 0
133 1
134 1
135 1
136 1
137 0
138 0
139 1
140 0
141 0
142 0
143 0
144 0
145 1
146 1
147 0
148 1
149 0
150 1
151 1
152 1
153 0
154 0
155 1
156 1
157 0
158 0
159 0
160 0
161 0
162 1
163 0
164 1
165 0
166 1
167 0
168 1
169 0
170 1
171 0
172 0
173 1
174 0
175 0
176 0
177 0
178 0
179 1
180 0
181 1
182 1
183 0
184 0
185 1
186 0
187 1
188 0
189 0
190 0
191 0
192 1
193 1
194 1
195 1
196 0
197 1
198 0
199 0
200 0
201 1
202 1
203 0
204 0
205 0
206 0
207 0
208 1
209 0
210 1
211 0
212 1
213 1
214 1
215 0
216 1
217 1
218 0
219 0
220 0
221 1
222 1
223 1
224 1
225 0
226 1
227 0
228 0
229 0
230 1
231 1
232 0
233 1
234 0
235 1
236 0
237 1
238 0
239 0
240 1
241 0
242 0
243 0
244 0
245 0
246 1
247 1
248 0
249 0
250 0
251 0
252 1
253 1
254 0
255 0
256 0
257 0
258 0
259 0
260 1
261 0
262 0
263 1
264 1
265 1
266 0
267 0
268 1
269 0
270 1
271 1
272 1
273 1
274 1
275 0
276 0
277 0
278 1
279 1
280 1
281 1
282 0
283 0
284 1
285 1
286 0
287 0
288 0
289 1
290 1
291 1
292 1
293 1
294 1
295 0
296 0
297 0
298 0
299 1
300 0
301 0
302 0
303 1
304 1
305 1
306 1
307 1
308 0
309 0
310 1
311 1
312 0
313 1
314 1
315 0
316 1
317 1
318 0
319 0
320 1
321 1
322 1
323 1
324 0
325 1
326 1
327 0
328 1
329 0
330 0
331 1
332 1
333 1
334 1
335 1
336 0
337 0
338 1
339 0
340 1
341 0
342 0
343 0
344 0
345 0
346 0
347 1
348 1
349 1
350 1
351 1
352 1
353 0
354 1
355 0
356 1
357 1
358 1
359 1
360 0
361 0
362 1
363 0
364 1
365 1
366 0
367 1
368 1
369 1
370 0
371 0
372 0
373 0
374 0
375 0
376 0
377 0
378 1
379 1
380 0
381 1
382 1
383 1
384 1
385 1
386 1
387 1
388 1
389 0
390 0
391 1
392 1
393 1
394 1
395 0
396 0
397 0
398 0
399 0
400 1
401 1
402 1
403 1
404 1
405 1
406 0
407 1
408 0
409 1
410 0
411 1
412 1
413 0
414 0
415 1
416 0
417 0
418 1
419 0
420 0
421 0
422 0
423 0
424 1
425 1
426 1
427 0
428 0
429 1
430 0
431 0
432 0
433 1
434 1
435 0
436 0
437 0
438 0
439 0
440 0
441 1
442 0
443 1
444 0
445 0
446 1
447 1
448 1
449 1
450 0
451 0
452 0
453 1
454 0
455 0
456 1
457 1
458 0
459 0
460 1
461 0
462 0
463 1
464 1
465 0
466 1
467 0
468 0
469 1
470 1
471 0
472 0
473 1
474 0
475 1
476 1
477 1
478 1
479 1
480 1
481 0
482 1
483 1
484 0
485 0
486 1
487 1
488 0
489 0
490 0
491 1
492 0
493 0
494 0
495 1
496 0
497 1
498 0
499 1
500 0
501 0
502 1
503 1
504 0
505 0
506 1
507 0
508 1
509 1
510 1
511 0
512 0
513 1
514 0
515 0
516 1
517 0
518 1
519 0
520 1
521 1
522 1
523 1
524 1
525 1
526 0
527 0
528 1
529 0
530 0
531 0
532 0
533 1
534 1
535 1
536 1
537 1
538 1
539 0
540 0
541 0
542 1
543 1
544 0
545 0
546 0
547 0
548 0
549 0
550 0
551 1
552 1
553 1
554 0
555 0
556 0
557 0
558 1
559 0
560 1
561 0
562 1
563 0
564 0
565 0
566 1
567 0
568 0
569 0
570 1
571 1
572 0
573 1
574 0
575 1
576 1
577 0
578 1
579 1
580 0
581 1
582 1
583 1
584 1
585 0
586 0
587 0
588 0
589 0
590 0
591 0
592 0
593 0
594 0
595 1
596 1
597 1
598 0
599 0
600 0
601 0
602 1
603 1
604 0
605 1
606 0
607 0
608 1
609 1
610 1
611 0
612 1
613 1
614 0
615 0
616 1
617 0
618 1
619 0
620 0
621 1
622 1
623 0
624 1
625 1
626 0
627 1
628 0
629 1
630 1
631 1
632 0
633 0
634 1
635 1
636 0
637 0
638 1
639 1
640 1
641 1
642 1
643 0
644 0
645 1
646 0
647 0
648 0
649 0
650 0
651 0
652 0
653 0
654 1
655 0
656 1
657 1
658 1
659 1
660 0
661 0
662 0
663 0
664 1
665 1
666 1
667 0
668 1
669 1
670 1
671 1
672 1
673 1
674 1
675 1
676 1
677 1
678 1
679 1
680 0
681 0
682 0
683 0
684 0
685 1
686 0
687 0
688 1
689 1
690 0
691 0
692 1
693 0
694 0
695 0
696 1
697 0
698 0
699 1
700 1
701 0
702 0
703 1
704 0
705 1
706 1
707 1
708 0
709 1
710 0
711 0
712 1
713 0
714 0
715 0
716 1
717 0
718 0
719 1
720 1
721 1
722 1
723 0
724 1
725 1
726 0
727 1
728 0
729 1
730 1
731 1
732 0
733 0
734 1
735 0
736 1
737 0
738 1
739 1
740 0
741 1
742 0
743 1
744 1
745 0
746 0
747 1
748 0
749 1
750 1
751 0
752 1
753 1
754 0
755 0
756 1
757 0
758 0
759 0
760 0
761 1
762 0
763 1
764 0
765 1
766 1
767 1
768 0
769 0
770 0
771 0
772 0
773 1
774 0
775 1
776 1
777 1
778 1
779 1
780 0
781 0
782 0
783 0
784 0
785 0
786 0
787 0
788 0
789 0
790 1
791 0
792 1
793 1
794 0
795 1
796 1
797 0
798 1
799 1
800 1
801 0
802 1
803 1
804 0
805 0
806 1
807 0
808 0
809 1
810 1
811 1
812 0
813 1
814 0
815 1
816 1
817 1
818 1
819 1
820 1
821 1
822 0
823 0
824 1
825 1
826 0
827 1
828 0
829 1
830 1
831 0
832 1
833 1
834 0
835 0
836 0
837 0
838 1
839 1
840 0
841 1
842 1
843 0
844 1
845 0
846 0
847 0
848 1
849 0
850 1
851 0
852 1
853 0
854 1
855 0
856 0
857 0
858 0
859 0
860 0
861 1
862 0
863 1
864 0
865 1
866 1
867 1
868 1
869 1
870 0
871 1
872 1
873 1
874 1
875 1
876 0
877 0
878 0
879 0
880 1
881 1
882 0
883 0
884 0
885 1
886 0
887 1
888 1
889 1
890 1
891 0
892 0
893 0
894 0
895 0
896 1
897 0
898 0
899 1
900 0
901 0
902 1
903 1
904 0
905 0
906 0
907 1
908 0
909 0
910 0
911 1
912 1
913 1
914 0
915 1
916 0
917 1
918 0
919 1
920 1
921 0
922 0
923 0
924 1
925 0
926 0
927 0
928 1
929 0
930 1
931 0
932 0
933 0
934 1
935 0
936 0
937 0
938 1
939 0
940 0
941 0
942 0
943 0
944 1
945 0
946 1
947 0
948 1
949 1
950 0
951 1
952 1
953 1
954 1
955 0
956 0
957 1
958 1
959 1
960 0
961 0
962 0
963 1
964 1
965 0
966 0
967 1
968 0
969 0
970 0
971 0
972 0
973 1
974 0
975 1
976 0
977 0
978 1
979 0
980 0
981 0
982 1
983 1
984 1
985 1
986 0
987 1
988 1
989 0
990 0
991 0
992 0
993 1
994 1
995 0
996 1
997 0
998 1
999 0
1000 0
1001 0
1002 0
1003 0
1004 0
1005 0
1006 1
1007 1
1008 1
1009 1
1010 1
1011 1
1012 1
1013 1
1014 0
1015 0
1016 0
1017 0
1018 0
1019 1
1020 1
1021 1
1022 0
1023 0
1024 0
1025 1
1026 0
1027 1
1028 1
1029 0
1030 0
1031 1
1032 0
1033 1
1034 1
1035 1
1036 1
1037 0
1038 0
1039 0
1040 0
1041 0
1042 0
1043 0
1044 0
1045 1
1046 0
1047 1
1048 0
1049 0
1050 0
1051 0
1052 0
1053 1
1054 1
1055 1
1056 1
1057 0
1058 1
1059 0
1060 1
1061 0
1062 1
1063 0
1064 1
1065 1
1066 1
1067 1
1068 1
1069 0
1070 0
1071 0
1072 1
1073 0
1074 1
1075 1
1076 1
1077 0
1078 0
1079 1
1080 1
1081 1
1082 0
1083 1
1084 1
1085 1
1086 1
1087 1
1088 1
1089 1
1090 0
1091 0
1092 0
1093 1
1094 0
1095 1
1096 1
1097 0
1098 1
1099 1
1100 0
1101 0
1102 1
1103 1
1104 1
1105 1
1106 1
1107 0
1108 0
1109 0
1110 0
1111 0
1112 0
1113 0
1114 1
1115 0
1116 0
1117 0
1118 1
1119 0
1120 1
1121 0
1122 1
1123 1
1124 0
1125 1
1126 0
1127 0
1128 0
1129 0
1130 0
1131 1
1132 1
1133 0
1134 1
1135 0
1136 0
1137 1
1138 0
1139 0
1140 0
1141 1
1142 1
1143 0
1144 1
1145 0
1146 0
1147 1
1148 1
1149 1
1150 1
1151 1
1152 0
1153 1
1154 1
1155 0
1156 0
1157 1
1158 0
1159 1
1160 1
1161 0
1162 1
1163 1
1164 1
1165 1
1166 1
1167 1
1168 1
1169 0
1170 0
1171 0
1172 1
1173 0
1174 0
1175 0
1176 0
1177 0
1178 0
1179 0
1180 0
1181 1
1182 1
1183 0
1184 0
1185 1
1186 1
1187 1
1188 1
1189 0
1190 0
1191 1
1192 1
1193 1
1194 0
1195 0
1196 1
1197 1
1198 0
1199 1
1200 1
1201 1
1202 1
1203 1
1204 1
1205 1
1206 1
1207 0
1208 1
1209 0
1210 1
1211 0
1212 0
1213 1
1214 0
1215 0
1216 1
1217 0
1218 1
1219 1
1220 0
1221 0
1222 1
1223 1
1224 1
1225 0
1226 1
1227 1
1228 1
1229 1
1230 1
1231 1
1232 0
1233 0
1234 1
1235 0
1236 0
1237 0
1238 0
1239 0
1240 0
1241 1
1242 0
1243 0
1244 0
1245 0
1246 0
1247 1
1248 1
1249 1
1250 0
1251 1
1252 1
1253 1
1254 1
1255 0
1256 0
1257 0
1258 1
1259 0
1260 1
1261 1
1262 1
1263 1
1264 0
1265 0
1266 1
1267 1
1268 0
1269 0
1270 0
1271 0
1272 1
1273 1
1274 0
1275 1
1276 1
1277 0
1278 1
1279 0
1280 1
1281 0
1282 1
1283 1
1284 0
1285 1
1286 0
1287 0
1288 1
1289 0
1290 0
1291 1
1292 0
1293 0
1294 0
1295 1
1296 0
1297 0
1298 0
1299 1
1300 0
1301 1
1302 0
1303 0
1304 0
1305 0
1306 0
1307 0
1308 0
1309 0
1310 1
1311 0
1312 0
1313 0
1314 0
1315 0
1316 0
1317 1
1318 0
1319 0
1320 0
1321 0
1322 1
1323 0
1324 0
1325 1
1326 0
1327 1
1328 0
1329 0
1330 1
1331 1
1332 0
1333 0
1334 0
1335 1
1336 1
1337 1
1338 0
1339 0
1340 1
1341 1
1342 1
1343 1
1344 0
1345 1
1346 1
1347 1
1348 1
1349 1
1350 1
1351 0
1352 1
1353 1
1354 1
1355 1
1356 0
1357 1
1358 1
1359 1
1360 0
1361 1
1362 1
1363 0
1364 1
1365 1
1366 1
1367 1
1368 1
1369 1
1370 1
1371 1
1372 1
1373 1
1374 1
1375 1
1376 1
1377 1
1378 1
1379 1
1380 0
1381 0
1382 0
1383 0
1384 1
1385 1
1386 1
1387 0
1388 0
1389 0
1390 0
1391 0
1392 0
1393 1
1394 0
1395 0
1396 0
1397 1
1398 0
1399 1
1400 0
1401 0
1402 1
1403 1
1404 1
1405 1
1406 0
1407 0
1408 1
1409 1
1410 0
1411 0
1412 1
1413 1
1414 1
1415 1
1416 0
1417 0
1418 1
1419 1
1420 0
1421 0
1422 1
1423 1
1424 1
1425 0
1426 1
1427 1
1428 0
1429 0
1430 0
1431 1
1432 0
1433 0
1434 1
1435 0
1436 1
1437 1
1438 1
1439 1
1440 1
1441 1
1442 0
1443 1
1444 1
1445 1
1446 0
1447 1
1448 1
1449 1
1450 1
1451 0
1452 0
1453 1
1454 1
1455 0
1456 0
1457 0
1458 1
1459 0
1460 1
1461 0
1462 0
1463 0
1464 1
1465 0
1466 1
1467 1
1468 0
1469 1
1470 0
1471 0
