240
182
1518
1252
2791
2265
470
1034
1546
80
1200
552
297
2068
1731
989
2182
1790
1589
2857
1331
970
606
1430
2524
2907
704
2645
1784
2248
640
2616
696
567
2354
1133
2417
1752
2734
2322
1754
2763
2428
1629
2777
2614
1890
516
1353
2635
156
2273
2208
1708
179
1281
1243
1728
67
180
217
1120
646
1321
2379
1898
2637
2915
2029
375
2781
453
1447
425
2694
2703
1908
538
2675
588
827
1900
1779
2250
2311
1350
68
2867
2050
1535
2898
997
1633
157
1337
172
1758
577
851
1604
2367
2352
708
1522
537
1357
717
401
2141
1832
1070
1800
1041
1509
840
326
1323
1892
1438
1473
327
1290
960
2868
93
1581
189
38
697
259
109
1166
1464
2739
807
295
929
1482
2007
1453
2662
349
587
2771
2840
2802
2328
2343
2231
1324
1282
270
2193
97
546
1087
2115
1706
341
701
431
2511
1483
980
563
1956
544
2097
1488
2080
889
1997
2246
1683
998
1521
621
901
164
931
764
1808
1320
1690
2605
41
2874
2812
135
1090
1732
126
619
2295
979
320
776
9
1076
188
1850
2804
592
2650
361
725
2581
1470
893
801
2410
1525
1164
1380
808
1709
332
948
2718
54
452
2129
226
2294
1073
1646
356
534
430
392
1957
912
1418
218
774
1998
1803
2269
413
2292
1423
600
1217
122
2219
2375
2308
783
1745
1659
2470
2374
1378
25
1558
1724
874
412
2401
2176
1234
637
1478
1638
972
407
2836
2298
1637
1091
402
2839
631
2333
1710
5
2805
203
2460
1606
582
2261
1753
2389
854
2127
1669
2490
2550
1870
1984
1403
614
2518
2912
1246
1875
2415
1406
763
1583
461
2757
2158
372
2939
1308
160
2329
2291
1256
852
2342
1695
1148
2707
195
495
672
120
2548
686
1864
842
60
656
2146
1568
1066
196
867
34
1507
2119
2714
1266
2640
477
1259
2349
1385
1873
2520
1835
1329
2162
738
865
1101
1072
1280
890
1096
1955
2688
713
1743
2577
1160
1297
112
83
1213
2334
2132
2086
2742
2828
2746
2481
279
1268
639
689
267
1995
642
1187
2461
1165
674
868
918
282
583
1459
2663
1858
2560
2585
139
1992
2916
1474
1484
1603
1368
293
1287
703
1906
503
1218
1937
51
633
2892
2500
1183
1181
2382
2330
2407
213
2323
719
2919
428
292
916
492
306
2853
798
1322
1180
1204
1768
1513
1988
821
2297
2006
1450
2809
209
2901
2820
1119
1941
1780
1504
2463
1616
1517
1359
1501
757
1300
2391
1023
1665
1405
555
383
2103
2623
955
2287
1888
1782
1432
23
693
700
2775
2818
1304
2683
1557
690
1172
1920
2744
1806
2580
1006
2013
574
2649
2149
405
115
620
565
1301
2377
1621
1196
1074
1704
116
541
1563
2316
831
1492
2122
2866
2358
2102
2001
385
222
366
2288
1458
2485
2147
1223
1772
2716
779
290
2574
2676
2572
1059
1929
2018
2624
2126
1019
2831
820
370
2124
1436
1027
2865
1468
1426
1125
1656
2532
1539
2590
216
1382
649
512
1053
1142
1237
2289
983
350
1863
959
1677
1429
2254
499
2591
2889
2619
1251
2245
1560
2332
468
1502
2665
230
2754
249
856
1852
1238
1106
397
2462
2281
1261
2344
589
1746
416
2271
2507
1572
2042
494
2188
2525
2643
30
832
305
2736
27
1586
2786
822
280
2138
2403
858
1271
1933
1086
2597
681
2320
1349
331
2617
2229
1307
616
2626
2310
1838
1093
1781
2696
445
1600
562
2506
2544
257
415
2161
2793
1934
1079
1909
316
1980
2439
2567
2198
137
2017
2729
2862
1788
2181
1597
1084
1609
969
440
2350
765
1932
266
543
464
85
153
2922
2200
2699
2761
1545
550
2522
2113
2606
2870
2395
1661
579
143
1396
833
181
1440
1702
694
1334
1580
2529
1097
1001
2503
2359
59
1455
2636
554
1205
2217
2249
1979
1398
2464
1922
498
434
167
1989
118
904
1610
1010
2487
369
885
2424
236
2667
1770
653
1313
1434
2784
92
2413
803
2750
2474
1966
10
186
46
1842
2810
1648
2869
586
2023
2060
2019
1042
2175
720
333
2496
162
2034
787
1736
2078
1132
96
1566
507
1068
1819
1126
2234
1016
258
1662
891
922
551
2114
1660
2565
1278
1552
58
1750
772
1816
2861
2896
2807
1390
1052
491
1771
648
396
528
234
184
2355
2941
802
1794
1055
601
1748
2695
1383
1713
683
328
666
932
2095
2351
1094
2137
1701
2090
1463
1519
1069
128
2130
2672
558
2940
1848
1467
800
1787
2203
2360
845
2218
1601
2871
78
261
1707
1431
238
509
2669
1151
1162
2171
1946
1632
1824
736
2741
2057
812
1925
1676
788
510
1982
2764
2326
853
2509
1490
1725
482
758
1912
2677
1703
581
1635
1374
1118
2709
974
985
2644
1880
322
2856
2264
2032
964
360
669
1917
303
145
187
168
1296
448
1302
978
549
1793
1615
2557
2701
2444
1343
1050
501
2025
1008
2397
2038
2607
2152
897
1684
1103
1879
1284
2107
1035
1099
746
2816
1153
1262
1755
811
502
961
596
221
1844
2535
1185
1275
113
1845
2826
1617
1413
805
2267
559
1585
199
2749
1100
2211
1448
1500
1727
1505
2194
571
2801
1556
823
2851
2189
2797
1630
761
1740
409
1134
1039
951
408
1678
1761
2170
1441
1675
1174
894
1111
1372
2117
125
1286
2052
2864
2653
2705
2893
2319
273
990
1720
1037
1591
1004
2284
2167
2803
2341
1407
1821
263
2371
336
2143
935
1738
2609
723
105
2388
564
818
289
2886
140
511
1866
2257
2076
887
2427
2652
1512
387
1294
339
2523
443
2475
1009
141
2815
2817
2483
2765
205
2641
2918
1197
2706
318
2366
1221
48
1927
879
223
1170
2704
2792
2620
926
2274
1392
2783
220
2363
421
2155
7
404
2666
265
354
1837
2438
1530
215
883
1199
1582
1351
2041
942
1018
2697
988
1883
450
459
2262
529
444
900
57
1227
1158
2608
1131
2324
1491
1993
2089
1369
2412
2546
2510
2108
1179
2841
1964
469
2187
908
144
1564
1763
2713
1269
2166
1375
1156
1668
1882
1510
830
33
53
1013
299
2079
754
839
609
570
155
2661
1402
1319
1229
1105
921
1538
4
825
2002
308
2183
1335
1109
1078
497
2779
2766
1007
1058
1427
0
231
2482
2670
325
1561
963
1719
2160
2235
1487
321
334
2279
628
878
298
2216
2224
100
1332
727
1714
2664
1977
2225
255
2702
276
2467
2205
815
2004
2368
1384
2621
106
556
2527
2136
1815
692
1454
2618
2502
850
1673
31
641
19
1722
1818
2233
371
1945
1222
1193
90
1576
2394
2145
2700
1612
2923
859
1911
1773
645
2745
2772
1619
35
345
1954
886
1526
2087
2849
1124
2847
652
2241
225
622
667
1265
1141
1622
1140
958
1645
728
1371
1549
2633
2712
1968
131
1631
2455
2566
1412
2681
2059
1026
903
1060
1452
2173
2551
2133
210
1360
513
147
1812
2196
2883
1336
539
2476
2169
940
352
1680
580
1520
2081
1310
1325
2909
1887
84
1348
2937
862
457
2655
79
1230
531
1104
121
748
14
2547
123
1394
1316
2299
24
1306
2887
2026
2154
1969
2760
2587
2756
2131
986
810
1171
1163
846
426
1849
251
395
148
2293
806
2629
271
400
1515
892
102
1744
2648
1987
381
1128
1634
2690
1129
2555
114
2373
636
50
1274
454
2446
191
938
1333
2450
75
2051
575
1896
1996
2698
2885
29
906
1328
2631
2873
2452
2854
1598
2099
1949
527
377
2118
630
2837
2542
2858
1711
1499
1628
1494
2860
2221
517
914
2
2931
418
2501
2773
2206
699
1928
1194
1376
1654
2101
602
43
2140
952
1283
1847
1416
936
930
706
995
2678
1206
2846
1367
2255
1915
1404
2486
2799
1524
1721
2926
2780
872
1798
260
2573
2280
518
2904
262
1985
138
2192
2537
2859
2493
1186
2340
2878
2540
2014
760
2932
89
1923
1276
1085
2622
1043
1203
1414
229
2545
2232
2552
2005
2020
591
2583
2393
1400
1157
357
1867
668
2093
1057
1856
161
2879
2116
1579
1760
1107
1826
1127
1918
2055
733
1088
1409
2031
1208
359
463
2451
317
329
1220
1733
1456
1791
2035
2562
2084
1757
2072
2935
2838
508
1874
82
2559
1477
94
1688
1445
1020
1854
1862
2301
154
1857
455
1025
678
1005
1963
1175
1614
595
1853
2165
124
2539
967
224
1149
1756
1889
2642
1814
1102
1298
2414
1899
2497
721
2658
1868
2720
177
335
625
734
1627
632
456
752
1411
688
241
1092
2782
1607
378
22
1895
984
2594
1554
2027
190
1258
881
864
1807
1653
603
677
1959
1176
2531
1424
1417
1712
2494
465
941
1014
793
2263
2286
861
71
789
2153
1799
1048
1523
1182
2911
898
1682
1595
2242
2290
2106
1623
365
2256
1083
1531
2011
947
2480
1046
1644
680
2513
2852
2770
814
1548
1146
1891
1532
2737
2708
1726
1489
715
1291
380
175
2732
42
2142
479
2074
1391
1049
1700
1592
743
2238
1991
1462
403
2673
1620
2844
943
1578
855
1135
285
1116
1950
2384
1201
514
946
623
866
473
2056
1288
2684
1886
208
1044
55
2456
1611
1330
2213
847
481
1465
1776
934
2564
310
1387
1901
2752
1652
1536
837
2693
2615
2588
149
1202
460
1292
488
1508
1381
792
2135
2471
1231
994
2731
1667
2357
791
1565
838
741
1594
207
2220
1839
313
1493
1897
1986
1098
1534
1924
2434
945
1032
1311
2632
2759
1643
965
246
2477
2347
2903
228
2111
74
520
1
2008
584
604
1930
169
1655
1666
1362
2247
2049
1769
1240
2449
198
1312
1651
1544
2599
1177
1751
1397
70
1650
545
382
1942
2680
2430
2422
2318
769
2073
643
714
436
1639
1352
2603
2747
312
252
2891
2092
1277
2285
1693
1689
2722
2906
150
778
1936
2009
2638
233
1825
1190
1596
2253
915
2579
1036
2505
2094
611
841
2593
368
770
2569
429
2789
2091
2047
2900
1715
2120
2596
2934
925
2634
2369
406
884
2625
1212
2024
1143
133
1460
2829
1002
2778
957
364
504
1685
1567
1444
1605
2186
607
873
835
1038
2313
2022
1236
1717
1553
2850
982
2571
2558
2380
2033
1379
81
1613
2894
1559
2543
1075
1481
2437
2723
1437
355
40
977
1475
76
2459
1783
2392
1626
857
243
1063
1940
755
484
1777
660
1254
264
737
993
695
2668
1446
2925
2711
2604
422
2044
843
670
1457
1342
420
200
2195
671
676
442
1081
2112
1401
1355
2823
1944
346
1245
569
2157
716
2800
523
2432
515
1123
1679
1827
2383
2260
2069
197
2512
1159
1766
902
1741
2553
314
458
612
732
2495
863
547
63
1425
432
1386
1339
996
1064
2210
2268
923
2199
2602
2796
771
2063
343
1233
1173
557
176
398
709
927
1315
608
981
658
844
1442
2794
2920
2556
1232
2270
1144
110
2123
1309
2930
1599
1860
2682
64
1913
134
2832
618
2168
363
880
2061
2214
2834
1973
1902
1577
2409
824
1047
707
151
1735
1705
21
485
877
1551
2110
1150
1641
2575
2283
2753
2000
2902
2040
1139
268
1921
722
750
1469
2222
2054
462
1881
1767
486
2936
711
1905
2740
2312
2036
911
419
730
108
2191
2227
2914
524
1573
66
1054
2365
2595
2833
605
1907
411
2207
2795
1145
2814
913
718
417
1161
1045
1253
1248
1697
2309
337
2109
87
749
2611
2435
1267
130
624
2479
2190
1485
2825
682
256
2045
2691
1506
294
1318
2578
899
560
2134
204
2071
2582
2077
2933
2148
193
2067
1624
2689
480
47
159
1250
2201
2774
1443
394
2538
2385
1071
1247
745
1000
1618
740
1663
1765
2787
1802
91
476
1373
661
2499
2276
20
773
2726
117
834
1219
1593
590
2938
1608
2010
2913
2687
2272
505
439
1696
1851
1739
2776
1065
724
1061
1017
1056
69
819
1672
617
1028
248
1264
18
568
62
566
2083
286
2751
1031
2226
1952
1962
2338
242
679
435
391
2331
446
1244
2236
1303
1169
88
296
2586
1885
578
1829
2420
245
521
1809
1408
1734
2454
956
506
2184
2204
1033
1877
751
2890
471
585
2880
386
1370
1439
2304
2028
166
2721
2484
1195
2541
1527
1861
6
999
2070
1935
1811
2748
2813
2440
274
2174
1948
702
2259
173
2425
535
2515
2755
2610
673
2421
1846
483
1817
1480
2399
2228
1916
319
2252
1981
351
519
870
2536
1587
1789
2151
2806
1939
933
466
1388
2396
1188
3
735
2516
1239
212
813
1820
2105
2065
1354
526
2910
684
644
17
2768
1570
1154
340
183
438
1569
1904
2715
2096
1419
2627
2100
2348
1785
2727
1433
1664
767
1529
777
2549
2877
2884
691
2429
427
949
2717
1871
2738
1365
301
2835
882
2418
206
2172
1550
1686
731
1095
759
1965
782
1762
1011
1024
1486
1255
869
817
1658
1823
1537
1272
576
2364
1588
2239
953
2356
493
1869
1138
283
1389
2730
530
338
28
2306
423
1472
1893
500
2561
1461
451
1775
158
907
1410
2037
1115
2075
2888
1168
2660
809
790
472
2202
2489
2654
2345
1971
2441
1207
103
2881
1970
374
39
2508
572
478
1147
553
277
1435
2085
2016
1640
2929
2613
766
2398
1496
816
353
2296
2863
45
2808
1344
597
1192
2630
185
1114
2848
1326
489
610
785
2685
2275
1471
2530
2659
2443
2924
1420
1692
348
2237
1082
309
1189
2408
1670
2785
288
2314
1542
1541
1317
533
1242
1516
393
1961
1584
1894
2346
1975
2478
227
1293
917
239
2159
311
2266
52
1257
1834
655
379
1062
2317
2576
119
799
1358
1299
136
1649
542
2921
1497
804
1681
399
629
2043
237
525
2517
1216
795
1919
1729
1377
2492
1694
2244
388
1859
347
962
1015
142
2788
1562
1022
2528
1260
1178
710
2554
8
1136
1813
235
1804
13
973
919
2465
2798
1211
1840
836
390
152
2453
2521
2307
626
826
475
16
2209
2416
1117
201
909
762
1498
2469
111
1152
753
599
1830
2362
1657
2504
171
2404
828
561
2243
2601
2651
2139
2121
784
1466
905
2015
1878
1994
1931
2568
1575
2657
975
1841
1843
437
2277
2875
254
1718
593
647
540
1077
315
1191
895
15
2514
2406
2402
2426
56
1209
2692
2088
2872
635
1759
2046
2230
742
781
910
1341
849
376
2223
2897
712
36
1235
2197
2098
726
2882
797
2315
1285
2185
1113
307
253
924
244
132
1340
1270
1030
441
192
1122
1786
1347
627
86
1080
968
532
302
1671
1067
247
1226
664
2458
613
1574
127
490
2058
1967
1479
324
2048
2725
2128
304
163
165
2361
2177
2302
775
2305
2821
651
2728
928
1764
2498
705
1958
373
896
1029
2150
1021
2719
2327
1241
2563
323
2431
2282
2819
1305
1910
219
342
2899
1263
1974
98
665
232
1543
2589
1533
1742
1295
2144
2592
594
467
2811
1121
944
1327
37
77
1215
300
2411
2908
536
950
1395
729
2448
1699
447
662
2895
1279
2457
2445
2215
12
2163
2743
939
871
1393
687
2376
146
920
26
1108
2125
11
1338
1647
634
2405
2104
937
2370
756
1876
1953
2598
876
971
1730
739
2212
2905
2021
675
786
1273
1903
367
860
875
2419
269
2030
2724
2372
2240
1943
72
2822
2325
1960
1801
991
615
1346
1366
73
2258
848
1947
1184
1476
1938
2337
638
1828
1625
1225
410
1571
99
1691
780
744
49
2733
170
2534
2842
2433
685
129
1451
214
449
1792
1972
1110
1495
44
2390
1833
2473
1737
2278
2381
1421
344
2423
1415
2647
2436
211
284
2062
1698
1511
2336
2178
659
1198
1051
829
272
2570
2639
2472
1978
433
1687
1003
2533
178
2876
768
1796
966
1167
663
1289
1805
2674
2843
1547
2762
358
1990
654
1749
796
794
1040
2827
954
2491
1399
1224
2679
2039
1590
1976
548
657
1361
2164
362
1747
2447
2628
2646
2156
1540
1422
487
1514
2466
2526
281
1865
2519
992
1356
1822
2179
32
1774
1089
2387
107
250
573
2303
291
2335
1228
1674
2735
2845
1778
2830
698
1249
2400
101
1345
2488
1723
414
1642
1999
522
194
174
2656
61
2671
650
1983
95
2053
888
2767
1363
1012
2339
1555
1831
330
1364
1602
2584
1214
2927
976
1314
987
1130
2012
1716
1872
1428
2003
2468
1528
2442
2386
1926
2855
2251
1503
2790
2353
389
1797
287
2824
1884
598
104
2321
1810
1914
275
2378
1137
2769
1951
2710
202
2180
1155
278
2082
2612
496
1449
1836
2066
474
1636
424
1112
1855
2758
384
2064
1795
747
1210
65
2300
2600
2928
2917
2686

