557
2736
1985
503
1099
665
2367
876
52
773
384
739
1326
537
405
2419
1833
2457
1235
806
2341
550
1877
416
1679
1424
2437
1739
2245
1529
2004
1747
2543
2061
2889
1401
1880
785
2502
270
2739
1332
1623
2259
471
1394
1930
2642
1154
288
111
2156
113
305
442
83
1514
325
2728
1431
1982
1091
1610
2170
1296
527
2232
1034
2867
2659
2345
690
500
1980
1437
1364
1044
2206
1266
1856
2823
2470
1035
2670
991
2081
2634
1535
2710
362
1300
125
2086
919
598
1124
1166
601
1438
556
2725
1738
1230
2132
1480
24
2012
2005
1851
1597
427
915
1581
814
1281
2562
2203
2555
188
687
599
2864
123
1305
1272
2240
579
1314
426
1188
744
320
730
1450
156
2605
1894
1259
1775
672
1345
145
79
2760
2645
2784
391
65
781
2162
32
286
780
1479
2057
2381
64
1396
655
1218
2444
2262
1419
2192
788
842
1029
2373
1022
1169
1089
603
1490
886
2657
1783
2096
792
1724
1776
2574
1104
907
1372
2440
1028
1098
2258
2179
988
1004
2243
294
1720
58
1805
419
1397
2336
753
1914
2109
164
2893
719
1612
2200
2080
2069
2300
1845
2877
404
1787
769
1841
2408
504
1933
1498
1754
2366
2904
2856
410
1704
1957
1614
249
2504
1362
1852
2908
1102
276
867
870
200
908
1003
832
771
1370
2547
1409
2020
783
2225
683
321
1984
1236
1684
2234
1960
2813
1659
1443
271
2087
1441
359
1687
466
684
936
1580
632
1007
620
2147
448
232
1566
2673
1417
757
1766
2460
390
1380
1405
2097
1661
1019
1377
2750
1412
1927
1232
14
364
2297
1831
1786
844
2875
89
262
984
7
1668
1828
1994
1670
2051
2103
892
2148
1416
1146
1800
370
1608
1920
881
2644
329
1555
246
1943
837
142
1365
2628
703
2395
155
709
106
2172
490
997
2511
1302
1672
1137
1917
572
2783
2228
1270
1626
230
1689
2937
2459
1147
483
751
863
887
1002
2754
1825
1499
1808
2519
2576
2761
1761
1423
2528
932
714
2785
2698
2362
1778
980
1263
2616
944
885
2332
187
1078
1110
1391
2201
2301
373
295
2351
570
1234
1892
1195
2155
2763
1882
1842
2903
1830
1059
2115
2235
2863
1395
1503
2609
841
1201
2153
2348
2618
1653
394
2070
507
880
523
800
772
19
2100
43
903
540
76
826
2313
2608
931
1863
1254
2344
1145
2537
2126
482
336
2936
2882
468
1759
2707
2220
2389
1898
1156
438
461
2122
1360
973
2079
506
363
1526
651
2402
2527
1148
307
1107
1634
2304
1630
1606
1582
2792
1942
1162
1522
1524
1843
2603
2599
926
2000
1584
1331
1900
565
830
1537
2307
1539
930
1974
2891
493
2010
1868
2829
784
1621
2886
54
2531
2905
2469
978
224
475
528
1956
1767
646
1015
1116
1939
2249
554
1718
761
2375
884
2349
1531
2312
2851
480
2630
2023
2817
2787
2333
2035
718
2095
1114
2602
2379
1138
515
2627
1889
1481
157
209
2369
269
231
2821
1709
2442
22
1295
2941
1706
1442
2705
1810
2766
1646
357
2861
226
1439
661
2619
279
1079
1171
1762
1620
424
2052
2570
2021
2447
2145
758
1777
42
292
1109
2683
2640
401
1173
974
1996
103
2022
1402
1435
15
1198
831
626
1458
1665
1134
265
1207
1041
2857
159
1342
2306
2797
1714
1339
251
2315
100
2551
1451
552
2283
1733
1977
1358
2472
228
1907
2152
1862
2066
2781
2824
1575
2652
2568
994
487
1100
2592
668
117
2340
1383
918
1157
717
2833
2040
2027
2134
1744
1745
1475
1476
1222
959
962
609
2901
2446
1895
2311
2615
1143
1244
1464
544
1178
128
834
2517
322
2564
1215
2189
1343
193
1094
392
551
2811
2515
1184
409
50
1592
1523
2128
243
2237
1327
2396
12
2219
1692
454
1239
13
472
213
375
869
2136
1354
2292
1625
1688
1676
851
1237
328
66
121
1663
522
10
1194
1267
2621
843
2374
218
1504
2356
1361
1283
1944
2777
1074
143
1167
2055
1216
823
2911
861
227
2774
261
864
1929
2892
1316
1719
314
588
1541
2839
649
1921
1090
1794
733
2672
2141
2425
431
1349
707
1785
2256
912
29
2625
865
2500
845
402
202
1341
1008
1187
614
1006
1106
2139
9
36
484
2488
1979
1262
2248
2146
2687
524
1732
2573
2572
2074
6
762
154
2734
1798
2428
1556
1764
326
353
277
1492
2415
23
1629
2455
2561
999
2595
71
1213
99
1568
1180
1063
809
1286
378
2611
1691
1399
900
514
2454
2902
2674
2663
2280
2668
2417
685
2767
2054
533
726
1269
824
2758
2264
318
890
2888
2495
1793
1710
1999
1822
2226
511
1677
2935
467
1449
2540
2620
16
1660
2407
310
1073
521
1869
2764
2125
560
2691
2820
238
40
581
2106
2915
255
1641
430
2291
1574
1642
2830
1544
297
1576
2711
2480
2093
2214
1219
2038
2221
852
1205
1972
590
173
1304
2452
1242
1602
877
63
549
637
645
502
1261
486
1511
896
1973
2678
1824
2405
2368
2654
1482
562
2178
1817
2807
995
1879
1410
283
1496
2401
586
868
1060
1834
444
1384
1486
904
658
84
2204
706
201
670
697
1038
278
2436
1701
1962
2685
1969
985
389
241
1139
1425
1055
2088
1551
694
628
2746
859
798
194
1175
2281
1870
162
2328
372
1637
301
705
1820
2870
1853
1796
1515
49
1467
2217
860
1390
2277
11
397
623
60
947
458
195
289
2872
175
2842
1105
1750
1011
2932
144
539
5
725
1657
2559
2098
2575
1832
119
383
1288
2577
280
236
2181
423
2850
1087
1652
2327
745
871
1958
1953
1837
291
2445
2771
215
833
1916
1705
1904
2557
2885
2553
2453
2314
90
1056
1001
1866
2309
217
630
478
1491
1085
34
1392
1723
1801
56
1938
692
2386
2308
395
219
2664
1883
529
986
2796
691
2390
1071
1839
1857
2508
2702
2123
2411
1598
1635
2719
2322
2491
2607
1321
1715
189
2686
258
1510
650
2287
1369
866
2456
1627
1562
2403
1525
1619
1347
2008
2011
775
967
2580
274
1247
327
2059
2180
2729
1460
948
958
1057
2173
968
810
825
1456
702
1850
2667
136
1873
2114
2418
1729
1951
1276
2
743
68
183
1919
1226
2439
2485
656
408
2337
69
105
595
2183
1675
348
2326
736
2539
1495
2523
519
146
351
2757
160
1012
2802
693
382
2149
2188
547
1115
731
122
2033
1561
85
1293
1577
1928
1773
1563
1936
37
1812
2160
421
284
1734
545
819
2680
1025
1323
2242
777
720
1427
2786
2430
267
1543
2862
2364
621
309
2853
1696
1792
67
2413
1033
721
1802
1528
1516
2414
400
446
1821
2468
2928
1174
2251
1113
2295
2676
2931
473
2182
563
786
2913
1306
1656
2748
415
1183
1483
922
180
2563
1770
2157
1890
1854
2383
2506
1225
1
343
2384
282
1791
2693
770
428
452
196
1136
2643
2062
2533
1731
2007
441
767
2770
1161
1932
883
1159
2752
2120
1367
1667
2335
1970
1666
2596
285
2476
2410
396
1509
356
857
1363
2461
820
2742
2844
2878
380
1199
779
2919
398
1865
2927
192
186
1651
1742
1997
177
2591
2334
2458
1202
2138
179
535
2140
1506
1181
2692
2713
1309
1303
82
1453
2372
1010
660
2092
2846
1290
559
1874
2920
1693
2435
1804
2036
873
2669
1780
1062
399
1130
457
2089
2084
608
298
185
73
2286
933
2104
716
1640
801
666
2330
1048
1746
1878
764
1683
1196
1636
1340
805
86
1151
388
2449
316
2186
689
1324
1756
816
110
1095
1609
2925
1871
1497
561
1224
1645
2835
2578
2462
925
996
20
1164
1043
2883
2282
257
211
2338
862
1550
1888
303
244
312
418
2071
662
425
2775
969
2289
1884
569
1344
1959
1027
313
306
2590
2137
778
1348
439
1631
966
2828
2715
676
1893
205
2708
1429
580
2849
1462
1617
2720
2068
827
46
1937
417
340
2165
2050
41
149
1275
1903
1542
2482
2041
525
981
163
2556
591
92
109
2606
505
2529
768
1901
829
1536
1121
214
1694
45
1740
2930
1494
815
510
2357
1891
1411
1214
1084
1826
1905
1049
573
1051
190
2017
1565
2377
1507
2135
1485
456
802
600
2604
795
107
1500
48
2866
2896
1594
2236
62
1298
1140
1228
2359
2191
2398
2268
765
2712
462
914
2423
776
2530
2726
494
2822
828
488
929
964
584
1505
943
1908
338
2465
1554
939
171
793
1662
1076
74
1177
93
548
1253
2765
946
2582
1707
1966
1752
1702
1548
952
2060
1069
440
1981
112
240
2749
2912
2544
2378
2791
990
2194
296
1301
1274
1690
972
2072
2082
2805
2420
2873
2424
2363
2768
1760
1414
1418
1816
2111
2019
2393
18
532
1474
432
2635
2404
2649
571
3
172
1037
1039
889
2834
2207
2325
2732
677
1941
2412
688
1859
72
1875
2631
51
977
1193
1389
1322
2299
1182
80
2067
2780
1779
564
2331
170
1338
578
28
1848
2581
2647
1508
1403
2532
2733
1448
1923
1728
220
2926
1144
101
596
235
1545
2597
339
673
2516
2918
1990
2793
2560
1208
954
2167
2129
2270
583
87
1988
957
2571
414
724
1334
1711
955
2795
2497
1108
2478
120
2112
2738
2199
1014
2044
1814
916
379
713
2623
2587
33
1433
2800
602
722
1493
272
1186
223
1042
1922
161
347
2655
2250
1013
1052
2934
2231
575
1961
1989
2091
1527
1378
576
935
1463
951
2223
2427
1991
627
2831
1325
1589
44
2594
1220
790
115
680
2776
2598
2662
1902
2514
1264
2737
740
2637
910
2347
1655
746
605
701
1986
98
450
2321
1118
1189
1789
1017
1330
1200
1190
1557
206
1050
2175
1558
982
2421
2028
2906
2150
1549
1133
1445
2535
993
2218
254
2049
983
1053
1153
1790
1428
2613
2168
465
652
2208
2819
2319
181
1599
1502
259
2808
2499
1976
2285
1240
2310
1400
970
2521
1447
1081
2416
239
856
1252
1353
25
928
330
2434
1680
242
710
1127
1422
2343
818
2689
610
992
1607
1572
1233
2593
1350
1246
909
135
2274
1454
2339
118
2318
963
2278
302
1717
26
2450
124
839
1836
1964
35
147
2567
2879
335
2144
2684
2939
70
369
589
208
2118
2121
1751
2566
2257
741
617
1643
2641
638
1743
1284
1517
1716
878
1669
2509
1615
1299
1501
2190
1135
1673
1910
2361
2507
2042
2847
1279
275
476
1061
2353
169
88
2399
2718
1031
1540
463
2534
1727
1469
141
899
755
2473
429
847
30
342
1386
1682
1250
2589
2871
2638
2747
1066
734
1096
1633
95
2884
695
1374
1278
2735
732
2078
2881
1698
2880
139
1571
1811
913
2077
355
1359
2002
453
1593
287
956
358
2801
152
21
1587
2526
2205
1658
582
94
2626
2579
1320
631
2916
1101
520
894
2690
1618
2546
1123
263
1317
1488
2238
530
2743
2116
2360
1600
1585
2898
2814
517
2697
882
1768
1644
2212
592
1245
1434
1020
1968
1579
1552
1470
1809
2701
1855
1955
167
1351
1068
57
2536
1967
1965
1132
1838
508
2665
2501
1713
345
2706
1075
2810
2409
497
1546
1016
2392
38
464
412
2816
641
341
2798
917
905
553
250
2346
2143
1209
1375
1387
360
1624
848
1319
696
678
2164
636
1906
2009
838
1945
1538
2477
2815
2629
1223
174
2483
1371
2046
2352
817
2448
210
1408
1192
924
2350
2063
937
2222
1125
888
606
2492
1280
1009
700
1373
1604
2772
1241
2397
1591
1432
2769
191
2940
2105
667
2177
1560
2075
2890
324
2014
1829
1072
704
2724
501
137
699
2843
1336
1949
1170
2895
481
1946
459
2858
625
114
2275
1753
759
1489
1328
2852
1611
593
1398
624
1586
2569
2119
2269
1291
197
2894
2400
812
447
1318
2897
374
1749
938
639
1948
756
81
920
134
1827
2624
2788
2714
2651
698
1282
178
1313
2617
940
1430
2721
2481
1844
2845
436
2380
2370
1918
2161
2387
385
513
393
1886
2108
1258
2443
2650
2779
2510
737
27
934
2924
127
960
2276
8
2675
1227
229
2254
2006
1487
1021
77
2836
1067
1588
1026
352
1934
2622
2854
1603
648
1650
237
804
1097
1578
2185
787
893
1678
1649
2015
4
2253
2169
116
727
1381
245
2099
1005
1601
1858
91
811
411
1835
78
585
1210
2174
766
911
1128
2773
165
789
2279
1952
516
2549
1763
653
1065
1736
1070
807
2355
1686
2056
1596
1404
2003
470
1158
1388
1122
644
1881
2294
752
750
872
1421
1083
1273
1722
2130
1426
613
344
1998
1840
782
2197
1120
1271
367
2804
622
1797
1971
55
2490
2037
2230
2704
266
2213
1444
1382
1807
300
148
679
509
2365
268
1249
2876
1518
674
971
618
233
1368
2716
723
2320
304
1567
260
1569
2696
1126
1023
1212
1032
1307
989
615
729
2303
669
901
1268
1806
1735
368
735
1165
1725
1703
2329
2855
1638
1203
2600
1030
334
2267
950
2371
897
895
1590
337
2900
435
742
1519
2809
671
2422
1925
2730
2227
2241
1935
1748
2681
568
2244
2432
2907
2048
760
1700
151
2837
2583
607
2825
1086
891
2818
738
902
489
252
212
1103
2741
2305
2131
2636
2584
2938
2486
1172
619
2272
1913
2184
1260
1818
2914
1534
2679
1080
2117
1248
2252
1708
2731
138
2163
1899
2496
319
849
754
803
1819
1912
2124
1803
315
2076
2869
166
407
2193
813
1265
1521
2474
1758
664
2438
2090
2917
1231
2585
538
1924
2799
204
1992
333
381
346
1532
835
1931
234
131
2451
491
1308
1911
2498
2211
1685
2247
1484
2778
2848
1064
2376
2910
2026
2899
2102
247
1000
682
2554
1379
566
1204
1570
1257
1755
273
443
53
541
1813
2493
797
2552
531
1564
2039
2722
150
927
1176
879
1795
2505
799
1737
1605
1712
2265
1088
2782
1547
1867
2210
469
496
536
2666
853
455
290
1721
2317
2614
437
1310
2512
248
2612
2271
979
31
1774
2431
2255
1674
2688
542
61
2406
203
323
349
2266
2887
1477
2195
629
2538
2263
1987
1311
2727
2246
2588
1573
1983
587
2865
1036
681
1315
451
2030
184
2358
1461
840
2290
2660
445
1256
2463
499
1512
2261
1847
1312
2525
2296
2489
1054
976
2031
2101
2682
2110
2288
594
2703
2921
1457
2388
2475
1047
796
1628
1876
2354
403
836
1018
965
949
2601
332
2216
1168
198
675
2058
102
2142
2838
176
1947
643
420
2524
2803
17
2610
2224
1897
686
2753
2717
749
1885
2859
1815
293
2391
1726
2293
1357
1648
1771
2755
923
2085
1420
2709
634
2841
2464
1782
1864
2503
253
365
1769
748
2812
774
1289
97
1616
1695
2518
2762
2541
2298
567
433
616
2832
1255
386
2494
635
1954
791
2151
1292
2520
2024
413
47
1221
612
597
1520
1294
1664
1355
354
1111
1112
1622
941
1229
1150
1583
2239
2550
1784
2794
2013
1406
2187
794
2154
1346
846
1046
495
1297
1285
2922
2471
1119
1093
222
140
39
1040
485
2426
2073
371
2094
898
2522
526
492
2127
1553
2513
2744
1117
377
712
129
945
308
2045
2053
2029
104
350
2065
1478
1152
108
133
2874
317
474
640
1179
2273
1455
1141
182
2083
2196
1436
1772
1131
498
1950
961
1082
942
1287
858
216
1058
543
1513
2751
1142
1251
1613
1915
2260
1277
0
1376
2323
2429
1861
657
2394
1671
2176
1940
1846
1356
2233
2700
1730
577
1466
449
534
2047
2032
2658
264
875
574
207
874
1440
59
479
821
711
1211
1699
1681
633
1632
1206
2433
975
1595
1533
132
2542
2790
1197
2929
1765
2107
2302
2385
1149
953
1993
2158
2215
1559
1909
256
361
2064
2466
1329
1459
1963
2548
2043
2923
1781
75
663
2671
2646
2694
2487
2653
1129
2756
1163
2648
2166
2639
126
1468
2479
299
1896
850
2133
998
1217
763
2484
659
604
331
311
1333
460
2018
2745
1799
2826
987
225
1465
1926
1697
1446
153
2840
555
2545
2198
406
1452
906
2723
808
1352
2382
715
2001
855
168
2586
1975
1413
434
96
130
1788
2933
281
1849
387
1366
2171
747
1337
376
2016
921
1160
1092
1757
1473
1654
1472
1024
1872
477
1647
2806
2789
2661
1978
2909
2759
2656
1823
642
2324
854
2284
2558
2229
2209
1185
2467
1860
1471
1393
2677
611
1045
2633
2565
1407
558
518
2441
2025
708
221
654
2159
2034
1887
1385
2699
2113
1995
2868
2202
2860
1415
2316
158
1335
2740
422
1741
366
512
1639
199
1155
728
1191
1243
2632
2695
2342
546
1530
2827
1238
647
1077
822

