1 1
2 0
3 1
4 0
5 1
6 0
7 0
8 1
9 1
10 0
11 0
12 0
13 1
14 1
15 1
16 0
17 0
18 0
19 0
20 1
21 1
22 0
23 0
24 0
25 1
26 0
27 0
28 1
29 0
30 1
31 1
32 0
33 0
34 0
35 0
36 0
37 0
38 1
39 0
40 1
41 0
42 1
43 0
44 0
45 1
46 1
47 0
48 0
49 1
50 1
51 1
52 1
53 1
54 0
55 1
56 1
57 1
58 0
59 0
60 1
61 0
62 0
63 1
64 0
65 0
66 0
67 1
68 1
69 1
70 0
71 0
72 0
73 0
74 1
75 1
76 1
77 0
78 0
79 0
80 1
81 1
82 0
83 0
84 1
85 0
86 0
87 1
88 1
89 0
90 1
91 0
92 0
93 1
94 1
95 0
96 1
97 1
98 0
99 0
100 1
101 1
102 1
103 1
104 1
105 1
106 1
107 0
108 1
109 1
110 0
111 0
112 0
113 1
114 0
115 1
116 0
117 1
118 1
119 1
120 0
121 1
122 1
123 1
124 1
125 1
126 1
127 0
128 0
129 0
130 1
131 1
132 0
133 1
134 1
135 0
136 0
137 1
138 0
139 1
140 1
141 1
142 0
143 0
144 0
145 0
146 1
147 1
148 0
149 0
150 1
151 1
152 1
153 0
154 0
155 1
156 0
157 1
158 0
159 0
160 0
161 1
162 1
163 1
164 1
165 0
166 0
167 0
168 1
169 0
170 1
171 1
172 0
173 1
174 1
175 1
176 0
177 1
178 0
179 1
180 1
181 0
182 0
183 0
184 1
185 0
186 1
187 0
188 0
189 1
190 1
191 1
192 0
193 0
194 0
195 0
196 0
197 1
198 0
199 1
200 1
201 0
202 0
203 0
204 0
205 1
206 1
207 1
208 0
209 1
210 0
211 0
212 1
213 1
214 0
215 1
216 1
217 0
218 1
219 1
220 0
221 0
222 1
223 1
224 1
225 0
226 0
227 0
228 0
229 1
230 0
231 0
232 1
233 1
234 0
235 0
236 0
237 0
238 0
239 1
240 1
241 0
242 0
243 0
244 1
245 1
246 0
247 0
248 0
249 1
250 0
251 0
252 0
253 1
254 0
255 0
256 1
257 0
258 1
259 1
260 0
261 1
262 1
263 1
264 1
265 0
266 0
267 0
268 1
269 0
270 0
271 1
272 1
273 1
274 0
275 0
276 1
277 1
278 1
279 0
280 0
281 0
282 0
283 1
284 0
285 1
286 1
287 0
288 1
289 1
290 0
291 1
292 1
293 0
294 1
295 1
296 0
297 1
298 0
299 0
300 0
301 1
302 1
303 0
304 1
305 0
306 0
307 1
308 0
309 0
310 0
311 0
312 0
313 0
314 1
315 1
316 1
317 1
318 0
319 1
320 1
321 1
322 0
323 0
324 1
325 1
326 1
327 0
328 1
329 0
330 1
331 0
332 1
333 0
334 0
335 1
336 1
337 0
338 1
339 0
340 0
341 0
342 1
343 0
344 1
345 0
346 1
347 1
348 1
349 1
350 1
351 0
352 1
353 0
354 1
355 0
356 0
357 1
358 0
359 0
360 1
361 0
362 0
363 1
364 1
365 1
366 1
367 0
368 0
369 0
370 1
371 0
372 0
373 1
374 1
375 1
376 0
377 0
378 1
379 0
380 1
381 0
382 1
383 0
384 0
385 0
386 1
387 1
388 0
389 0
390 0
391 1
392 0
393 1
394 1
395 1
396 1
397 0
398 1
399 1
400 0
401 1
402 1
403 0
404 1
405 1
406 0
407 1
408 1
409 0
410 0
411 1
412 0
413 1
414 0
415 1
416 0
417 1
418 1
419 0
420 1
421 1
422 1
423 0
424 0
425 0
426 1
427 1
428 1
429 0
430 1
431 0
432 0
433 1
434 1
435 1
436 0
437 0
438 1
439 1
440 0
441 1
442 1
443 1
444 1
445 0
446 1
447 0
448 0
449 1
450 1
451 0
452 0
453 0
454 1
455 0
456 0
457 1
458 1
459 0
460 0
461 0
462 0
463 0
464 0
465 1
466 1
467 1
468 1
469 0
470 1
471 1
472 0
473 0
474 1
475 0
476 0
477 0
478 0
479 0
480 1
481 0
482 1
483 1
484 1
485 1
486 1
487 1
488 1
489 1
490 0
491 0
492 1
493 1
494 0
495 0
496 1
497 0
498 1
499 0
500 1
501 1
502 0
503 0
504 1
505 0
506 1
507 0
508 1
509 0
510 0
511 0
512 0
513 0
514 0
515 0
516 0
517 0
518 0
519 0
520 0
521 0
522 0
523 1
524 1
525 0
526 0
527 0
528 0
529 1
530 0
531 1
532 1
533 0
534 1
535 1
536 0
537 1
538 0
539 1
540 1
541 0
542 1
543 0
544 0
545 1
546 0
547 0
548 1
549 0
550 1
551 1
552 0
553 0
554 1
555 0
556 1
557 1
558 1
559 0
560 1
561 1
562 1
563 0
564 0
565 0
566 1
567 1
568 1
569 0
570 0
571 1
572 1
573 0
574 0
575 1
576 1
577 1
578 1
579 1
580 0
581 0
582 1
583 0
584 1
585 0
586 0
587 0
588 1
589 0
590 0
591 1
592 0
593 1
594 0
595 0
596 1
597 0
598 0
599 1
600 0
601 1
602 1
603 1
604 1
605 0
606 1
607 1
608 0
609 0
610 1
611 1
612 0
613 1
614 1
615 1
616 1
617 1
618 0
619 1
620 0
621 1
622 0
623 0
624 1
625 1
626 1
627 0
628 0
629 1
630 0
631 0
632 0
633 0
634 1
635 1
636 0
637 1
638 0
639 1
640 1
641 0
642 0
643 0
644 0
645 0
646 0
647 1
648 0
649 1
650 0
651 0
652 1
653 0
654 0
655 1
656 0
657 1
658 0
659 0
660 1
661 1
662 0
663 0
664 1
665 0
666 0
667 0
668 0
669 1
670 0
671 0
672 1
673 1
674 1
675 1
676 1
677 1
678 0
679 1
680 0
681 0
682 1
683 0
684 0
685 1
686 0
687 0
688 0
689 1
690 1
691 1
692 1
693 1
694 0
695 1
696 0
697 1
698 1
699 0
700 0
701 1
702 1
703 0
704 1
705 1
706 0
707 0
708 1
709 1
710 1
711 1
712 0
713 0
714 0
715 1
716 0
717 1
718 1
719 1
720 0
721 1
722 0
723 1
724 0
725 0
726 1
727 0
728 0
729 0
730 0
731 0
732 0
733 1
734 0
735 0
736 0
737 1
738 1
739 1
740 0
741 0
742 1
743 1
744 0
745 0
746 1
747 0
748 0
749 0
750 1
751 0
752 0
753 0
754 1
755 0
756 1
757 1
758 1
759 1
760 0
761 0
762 1
763 0
764 1
765 1
766 0
767 1
768 1
769 1
770 1
771 1
772 1
773 1
774 1
775 0
776 0
777 0
778 1
779 1
780 1
781 0
782 0
783 1
784 1
785 1
786 1
787 1
788 1
789 0
790 0
791 1
792 1
793 0
794 0
795 1
796 1
797 0
798 1
799 1
800 0
801 0
802 0
803 1
804 1
805 1
806 0
807 1
808 0
809 1
810 0
811 0
812 1
813 1
814 0
815 0
816 0
817 0
818 0
819 1
820 0
821 1
822 0
823 1
824 0
825 0
826 1
827 0
828 0
829 1
830 1
831 1
832 0
833 0
834 0
835 1
836 1
837 0
838 0
839 0
840 1
841 0
842 1
843 0
844 1
845 1
846 0
847 1
848 0
849 0
850 0
851 1
852 0
853 0
854 0
855 0
856 0
857 1
858 1
859 0
860 0
861 0
862 0
863 1
864 1
865 0
866 0
867 1
868 1
869 1
870 0
871 0
872 0
873 0
874 0
875 0
876 1
877 1
878 1
879 0
880 0
881 0
882 0
883 1
884 1
885 1
886 0
887 0
888 1
889 0
890 0
891 1
892 1
893 1
894 1
895 1
896 0
897 0
898 0
899 1
900 0
901 1
902 0
903 0
904 1
905 1
906 0
907 0
908 1
909 1
910 1
911 1
912 0
913 1
914 1
915 1
916 0
917 1
918 1
919 0
920 1
921 1
922 1
923 0
924 1
925 1
926 0
927 1
928 1
929 0
930 0
931 1
932 1
933 0
934 0
935 1
936 1
937 0
938 1
939 0
940 1
941 1
942 1
943 0
944 0
945 1
946 0
947 1
948 0
949 0
950 0
951 0
952 0
953 0
954 1
955 0
956 0
957 0
958 0
959 0
960 1
961 1
962 0
963 0
964 0
965 1
966 0
967 0
968 0
969 1
970 0
971 0
972 0
973 0
974 0
975 0
976 1
977 1
978 1
979 0
980 1
981 0
982 0
983 1
984 0
985 1
986 0
987 1
988 1
989 0
990 1
991 1
992 1
993 0
994 1
995 1
996 1
997 1
998 1
999 0
1000 1
1001 0
1002 0
1003 0
1004 0
1005 1
1006 0
1007 0
1008 0
1009 1
1010 1
1011 1
1012 1
1013 1
1014 1
1015 1
1016 0
1017 1
1018 0
1019 1
1020 0
1021 0
1022 1
1023 1
1024 1
1025 0
1026 1
1027 1
1028 0
1029 1
1030 0
1031 1
1032 0
1033 1
1034 0
1035 0
1036 0
1037 0
1038 1
1039 0
1040 1
1041 0
1042 1
1043 0
1044 0
1045 0
1046 1
1047 0
1048 1
1049 0
1050 0
1051 0
1052 0
1053 0
1054 0
1055 1
1056 0
1057 1
1058 0
1059 1
1060 0
1061 0
1062 1
1063 1
1064 0
1065 0
1066 0
1067 0
1068 0
1069 1
1070 0
1071 1
1072 1
1073 0
1074 0
1075 1
1076 0
1077 0
1078 0
1079 1
1080 0
1081 1
1082 1
1083 0
1084 1
1085 1
1086 0
1087 1
1088 1
1089 0
1090 1
1091 1
1092 0
1093 0
1094 0
1095 0
1096 1
1097 0
1098 0
1099 0
1100 1
1101 0
1102 0
1103 1
1104 0
1105 1
1106 1
1107 0
1108 1
1109 0
1110 1
1111 0
1112 0
1113 0
1114 1
1115 0
1116 0
1117 1
1118 0
1119 0
1120 0
1121 0
1122 1
1123 1
1124 1
1125 1
1126 0
1127 0
1128 0
1129 0
1130 0
1131 1
1132 1
1133 1
1134 0
1135 0
1136 0
1137 0
1138 1
1139 1
1140 0
1141 1
1142 1
1143 0
1144 0
1145 0
1146 0
1147 0
1148 0
1149 1
1150 0
1151 0
1152 1
1153 0
1154 1
1155 1
1156 1
1157 1
1158 0
1159 0
1160 1
1161 0
1162 0
1163 0
1164 1
1165 0
1166 0
1167 1
1168 0
1169 1
1170 0
1171 1
1172 0
1173 1
1174 0
1175 0
1176 1
1177 1
1178 0
1179 1
1180 1
1181 1
1182 1
1183 1
1184 1
1185 1
1186 1
1187 0
1188 1
1189 1
1190 1
1191 0
1192 0
1193 0
1194 0
1195 0
1196 1
1197 1
1198 1
1199 1
1200 1
1201 0
1202 1
1203 1
1204 0
1205 0
1206 1
1207 1
1208 0
1209 1
1210 0
1211 1
1212 0
1213 0
1214 0
1215 0
1216 1
1217 0
1218 1
1219 0
1220 0
1221 0
1222 0
1223 0
1224 1
1225 1
1226 1
1227 1
1228 0
1229 1
1230 0
1231 0
1232 0
1233 1
1234 1
1235 0
1236 0
1237 1
1238 1
1239 1
1240 1
1241 0
1242 1
1243 0
1244 1
1245 1
1246 0
1247 0
1248 0
1249 0
1250 0
1251 0
1252 1
1253 1
1254 1
1255 1
1256 1
1257 0
1258 1
1259 1
1260 1
1261 0
1262 1
1263 0
1264 0
1265 0
1266 0
1267 1
1268 1
1269 0
1270 0
1271 0
1272 0
1273 1
1274 0
1275 1
1276 0
1277 1
1278 0
1279 0
1280 0
1281 0
1282 1
1283 1
1284 1
1285 1
1286 1
1287 0
1288 0
1289 0
1290 1
1291 1
1292 0
1293 0
1294 0
1295 0
1296 0
1297 1
1298 0
1299 1
1300 0
1301 1
1302 0
1303 0
1304 1
1305 0
1306 1
1307 0
1308 0
1309 0
1310 1
1311 0
1312 0
1313 1
1314 0
1315 0
1316 0
1317 1
1318 0
1319 1
1320 0
1321 1
1322 1
1323 1
1324 0
1325 0
1326 0
1327 1
1328 1
1329 0
1330 1
1331 0
1332 1
1333 1
1334 0
1335 1
1336 1
1337 0
1338 0
1339 0
1340 0
1341 1
1342 0
1343 1
1344 1
1345 1
1346 0
1347 0
1348 1
1349 0
1350 0
1351 0
1352 0
1353 0
1354 1
1355 1
1356 0
1357 0
1358 1
1359 0
1360 0
1361 0
1362 0
1363 0
1364 0
1365 0
1366 0
1367 1
1368 0
1369 1
1370 0
1371 0
1372 1
1373 0
1374 1
1375 1
1376 0
1377 1
1378 1
1379 0
1380 1
1381 1
1382 1
1383 1
1384 0
1385 0
1386 0
1387 1
1388 1
1389 1
1390 1
1391 0
1392 0
1393 0
1394 1
1395 0
1396 1
1397 0
1398 1
1399 0
1400 1
1401 1
1402 1
1403 1
1404 0
1405 1
1406 0
1407 0
1408 0
1409 1
1410 1
1411 1
1412 0
1413 0
1414 1
1415 0
1416 1
1417 1
1418 1
1419 1
1420 0
1421 0
1422 1
1423 1
1424 0
1425 1
1426 0
1427 1
1428 0
1429 0
1430 0
1431 0
1432 0
1433 1
1434 0
1435 0
1436 0
1437 1
1438 1
1439 0
1440 1
1441 1
1442 1
1443 0
1444 0
1445 0
1446 0
1447 1
1448 1
1449 0
1450 1
1451 0
1452 0
1453 1
1454 0
1455 1
1456 0
1457 0
1458 1
1459 0
1460 0
1461 0
1462 0
1463 1
1464 0
1465 1
1466 0
1467 0
1468 0
1469 0
1470 1
1471 0
