1 0
2 1
3 0
4 0
5 0
6 1
7 0
8 1
9 0
10 0
11 1
12 0
13 1
14 0
15 0
16 0
17 0
18 0
19 0
20 0
21 1
22 1
23 0
24 1
25 1
26 1
27 1
28 0
29 1
30 0
31 0
32 0
33 1
34 1
35 0
36 1
37 0
38 1
39 1
40 1
41 1
42 1
43 0
44 1
45 0
46 0
47 0
48 0
49 0
50 1
51 1
52 0
53 0
54 0
55 0
56 0
57 1
58 1
59 1
60 0
61 1
62 1
63 1
64 0
65 1
66 0
67 0
68 1
69 1
70 0
71 0
72 1
73 1
74 0
75 0
76 1
77 0
78 1
79 0
80 1
81 0
82 0
83 0
84 0
85 0
86 0
87 1
88 0
89 0
90 0
91 1
92 1
93 1
94 1
95 1
96 0
97 0
98 0
99 0
100 1
101 0
102 0
103 0
104 0
105 0
106 1
107 1
108 1
109 1
110 0
111 0
112 0
113 1
114 0
115 0
116 0
117 0
118 1
119 1
120 1
121 1
122 1
123 1
124 1
125 1
126 1
127 0
128 1
129 1
130 1
131 0
132 1
133 1
134 0
135 0
136 0
137 1
138 1
139 1
140 1
141 0
142 0
143 1
144 1
145 0
146 1
147 1
148 1
149 1
150 1
151 1
152 1
153 1
154 0
155 1
156 1
157 0
158 1
159 1
160 1
161 0
162 1
163 1
164 0
165 0
166 0
167 0
168 1
169 1
170 0
171 0
172 0
173 1
174 1
175 0
176 1
177 0
178 0
179 0
180 1
181 1
182 1
183 1
184 1
185 1
186 1
187 1
188 1
189 0
190 1
191 1
192 1
193 0
194 1
195 1
196 1
197 0
198 0
199 0
200 0
201 0
202 1
203 0
204 0
205 0
206 1
207 1
208 1
209 1
210 1
211 1
212 0
213 0
214 0
215 1
216 1
217 1
218 1
219 1
220 1
221 0
222 1
223 1
224 0
225 0
226 0
227 0
228 1
229 0
230 0
231 0
232 1
233 0
234 0
235 0
236 1
237 1
238 1
239 1
240 0
241 1
242 1
243 0
244 1
245 1
246 0
247 0
248 0
249 0
250 0
251 1
252 1
253 1
254 1
255 1
256 1
257 1
258 1
259 0
260 0
261 1
262 1
263 0
264 0
265 1
266 0
267 1
268 0
269 0
270 0
271 1
272 1
273 0
274 1
275 0
276 1
277 1
278 0
279 0
280 1
281 1
282 0
283 0
284 1
285 0
286 0
287 0
288 1
289 0
290 0
291 1
292 0
293 0
294 0
295 1
296 1
297 1
298 1
299 0
300 1
301 1
302 1
303 0
304 1
305 1
306 0
307 0
308 0
309 0
310 1
311 0
312 0
313 1
314 0
315 0
316 0
317 1
318 0
319 0
320 0
321 1
322 0
323 1
324 0
325 0
326 1
327 1
328 1
329 0
330 0
331 0
332 0
333 0
334 0
335 1
336 0
337 1
338 0
339 0
340 1
341 1
342 1
343 1
344 0
345 0
346 0
347 0
348 0
349 1
350 1
351 1
352 0
353 0
354 1
355 1
356 1
357 1
358 0
359 1
360 0
361 0
362 1
363 0
364 0
365 1
366 0
367 1
368 0
369 1
370 0
371 0
372 0
373 1
374 0
375 1
376 1
377 0
378 0
379 0
380 0
381 1
382 1
383 1
384 1
385 1
386 0
387 1
388 1
389 0
390 0
391 1
392 1
393 0
394 0
395 1
396 0
397 0
398 0
399 1
400 0
401 0
402 1
403 1
404 0
405 0
406 0
407 1
408 0
409 1
410 1
411 1
412 1
413 1
414 1
415 1
416 1
417 0
418 0
419 0
420 0
421 0
422 0
423 0
424 0
425 0
426 0
427 0
428 1
429 1
430 0
431 1
432 1
433 1
434 0
435 1
436 0
437 0
438 0
439 0
440 0
441 1
442 1
443 0
444 1
445 0
446 0
447 1
448 1
449 1
450 0
451 1
452 0
453 1
454 1
455 1
456 0
457 1
458 0
459 0
460 0
461 0
462 1
463 1
464 1
465 1
466 0
467 1
468 0
469 0
470 1
471 0
472 0
473 0
474 1
475 0
476 0
477 0
478 0
479 0
480 0
481 0
482 0
483 0
484 1
485 1
486 1
487 0
488 1
489 0
490 0
491 0
492 0
493 0
494 1
495 0
496 0
497 0
498 0
499 0
500 0
501 1
502 0
503 1
504 1
505 1
506 1
507 0
508 0
509 1
510 1
511 1
512 1
513 1
514 0
515 0
516 1
517 0
518 0
519 1
520 1
521 0
522 1
523 1
524 1
525 0
526 0
527 0
528 0
529 0
530 1
531 0
532 0
533 1
534 1
535 0
536 1
537 1
538 1
539 1
540 1
541 1
542 1
543 1
544 1
545 1
546 0
547 1
548 1
549 0
550 1
551 1
552 0
553 0
554 1
555 0
556 1
557 0
558 1
559 1
560 0
561 1
562 1
563 1
564 0
565 0
566 0
567 1
568 1
569 1
570 1
571 1
572 0
573 1
574 0
575 0
576 1
577 0
578 0
579 1
580 0
581 0
582 0
583 1
584 1
585 1
586 1
587 1
588 1
589 1
590 1
591 0
592 1
593 0
594 1
595 0
596 1
597 0
598 1
599 0
600 1
601 0
602 1
603 0
604 0
605 0
606 1
607 0
608 0
609 0
610 1
611 1
612 1
613 1
614 0
615 0
616 1
617 1
618 0
619 0
620 0
621 1
622 0
623 0
624 0
625 0
626 1
627 0
628 0
629 1
630 1
631 1
632 1
633 1
634 0
635 1
636 0
637 0
638 0
639 1
640 1
641 1
642 0
643 0
644 0
645 0
646 0
647 0
648 1
649 1
650 1
651 1
652 0
653 1
654 1
655 1
656 1
657 1
658 1
659 0
660 0
661 0
662 0
663 1
664 0
665 1
666 1
667 1
668 0
669 1
670 0
671 1
672 0
673 0
674 1
675 0
676 1
677 1
678 1
679 1
680 0
681 1
682 0
683 1
684 0
685 1
686 0
687 1
688 0
689 0
690 1
691 0
692 0
693 0
694 0
695 0
696 0
697 1
698 0
699 1
700 1
701 1
702 1
703 0
704 1
705 1
706 0
707 1
708 0
709 0
710 0
711 1
712 1
713 0
714 1
715 0
716 0
717 1
718 1
719 1
720 1
721 0
722 1
723 0
724 1
725 1
726 1
727 1
728 1
729 1
730 0
731 0
732 0
733 1
734 0
735 1
736 0
737 0
738 1
739 0
740 1
741 0
742 1
743 0
744 0
745 0
746 0
747 0
748 1
749 0
750 1
751 1
752 1
753 1
754 0
755 1
756 0
757 1
758 0
759 0
760 0
761 1
762 0
763 1
764 1
765 0
766 0
767 0
768 0
769 0
770 0
771 0
772 0
773 1
774 1
775 0
776 1
777 0
778 1
779 1
780 1
781 1
782 1
783 0
784 1
785 0
786 0
787 1
788 0
789 1
790 1
791 1
792 0
793 1
794 1
795 1
796 0
797 0
798 1
799 0
800 0
801 1
802 0
803 0
804 0
805 0
806 1
807 0
808 1
809 0
810 0
811 0
812 0
813 0
814 0
815 1
816 0
817 1
818 0
819 0
820 1
821 1
822 1
823 1
824 0
825 0
826 1
827 1
828 1
829 1
830 1
831 1
832 1
833 0
834 0
835 0
836 1
837 1
838 1
839 0
840 1
841 0
842 1
843 0
844 1
845 1
846 1
847 1
848 1
849 1
850 1
851 1
852 1
853 1
854 0
855 0
856 0
857 0
858 1
859 1
860 0
861 0
862 0
863 0
864 0
865 1
866 1
867 1
868 1
869 1
870 1
871 1
872 0
873 1
874 0
875 0
876 0
877 1
878 1
879 1
880 0
881 0
882 1
883 1
884 1
885 1
886 1
887 0
888 1
889 0
890 0
891 1
892 1
893 1
894 1
895 1
896 0
897 1
898 0
899 1
900 0
901 1
902 0
903 0
904 1
905 0
906 0
907 0
908 1
909 0
910 0
911 1
912 1
913 1
914 0
915 1
916 1
917 0
918 1
919 0
920 1
921 0
922 1
923 1
924 1
925 1
926 1
927 1
928 1
929 1
930 1
931 1
932 1
933 1
934 1
935 0
936 0
937 0
938 0
939 0
940 1
941 1
942 1
943 0
944 1
945 1
946 0
947 1
948 1
949 0
950 1
951 0
952 0
953 0
954 1
955 1
956 1
957 0
958 0
959 1
960 0
961 1
962 1
963 1
964 0
965 0
966 0
967 0
968 1
969 1
970 0
971 1
972 0
973 0
974 0
975 1
976 0
977 0
978 0
979 0
980 1
981 1
982 0
983 1
984 0
985 1
986 0
987 1
988 1
989 1
990 0
991 0
992 1
993 0
994 0
995 0
996 1
997 1
998 1
999 0
1000 0
1001 1
1002 1
1003 0
1004 1
1005 1
1006 0
1007 0
1008 1
1009 0
1010 1
1011 0
1012 0
1013 1
1014 1
1015 1
1016 1
1017 1
1018 1
1019 1
1020 0
1021 0
1022 0
1023 0
1024 1
1025 1
1026 1
1027 0
1028 0
1029 0
1030 0
1031 1
1032 1
1033 1
1034 1
1035 1
1036 0
1037 1
1038 1
1039 0
1040 1
1041 1
1042 0
1043 0
1044 0
1045 0
1046 1
1047 0
1048 0
1049 0
1050 1
1051 0
1052 0
1053 0
1054 1
1055 1
1056 1
1057 0
1058 1
1059 0
1060 1
1061 0
1062 0
1063 0
1064 1
1065 1
1066 0
1067 0
1068 0
1069 0
1070 1
1071 1
1072 0
1073 1
1074 1
1075 0
1076 0
1077 0
1078 1
1079 1
1080 1
1081 1
1082 1
1083 0
1084 1
1085 1
1086 1
1087 0
1088 0
1089 1
1090 1
1091 0
1092 1
1093 1
1094 1
1095 1
1096 0
1097 0
1098 0
1099 1
1100 0
1101 0
1102 1
1103 0
1104 0
1105 1
1106 0
1107 0
1108 0
1109 1
1110 0
1111 0
1112 0
1113 1
1114 0
1115 1
1116 1
1117 0
1118 1
1119 1
1120 1
1121 0
1122 0
1123 0
1124 0
1125 0
1126 1
1127 1
1128 0
1129 1
1130 0
1131 1
1132 1
1133 0
1134 0
1135 1
1136 0
1137 1
1138 1
1139 0
1140 0
1141 0
1142 1
1143 0
1144 1
1145 0
1146 1
1147 0
1148 1
1149 0
1150 1
1151 0
1152 1
1153 1
1154 1
1155 0
1156 0
1157 1
1158 1
1159 1
1160 0
1161 0
1162 1
1163 1
1164 1
1165 0
1166 1
1167 0
1168 1
1169 1
1170 1
1171 1
1172 1
1173 1
1174 1
1175 1
1176 1
1177 1
1178 0
1179 1
1180 0
1181 1
1182 0
1183 0
1184 1
1185 1
1186 0
1187 0
1188 0
1189 0
1190 0
1191 0
1192 1
1193 1
1194 1
1195 0
1196 1
1197 0
1198 0
1199 0
1200 1
1201 0
1202 0
1203 1
1204 1
1205 1
1206 0
1207 1
1208 0
1209 0
1210 1
1211 1
1212 0
1213 0
1214 1
1215 0
1216 0
1217 1
1218 1
1219 0
1220 1
1221 1
1222 0
1223 0
1224 1
1225 1
1226 0
1227 1
1228 0
1229 0
1230 1
1231 1
1232 1
1233 0
1234 0
1235 0
1236 1
1237 1
1238 0
1239 1
1240 0
1241 1
1242 0
1243 1
1244 1
1245 1
1246 1
1247 1
1248 0
1249 1
1250 0
1251 1
1252 1
1253 1
1254 1
1255 1
1256 1
1257 1
1258 1
1259 1
1260 1
1261 0
1262 0
1263 1
1264 1
1265 0
1266 1
1267 1
1268 0
1269 0
1270 0
1271 0
1272 0
1273 0
1274 0
1275 1
1276 0
1277 0
1278 0
1279 0
1280 1
1281 0
1282 1
1283 0
1284 1
1285 0
1286 0
1287 1
1288 1
1289 0
1290 1
1291 0
1292 1
1293 1
1294 1
1295 1
1296 0
1297 1
1298 0
1299 0
1300 1
1301 1
1302 0
1303 0
1304 0
1305 0
1306 0
1307 1
1308 0
1309 0
1310 0
1311 0
1312 0
1313 0
1314 0
1315 1
1316 1
1317 1
1318 0
1319 1
1320 0
1321 1
1322 0
1323 1
1324 0
1325 1
1326 1
1327 1
1328 0
1329 0
1330 1
1331 1
1332 0
1333 0
1334 0
1335 1
1336 1
1337 1
1338 0
1339 1
1340 1
1341 1
1342 1
1343 0
1344 1
1345 1
1346 1
1347 1
1348 0
1349 0
1350 0
1351 0
1352 0
1353 1
1354 1
1355 0
1356 1
1357 1
1358 0
1359 0
1360 0
1361 1
1362 0
1363 0
1364 0
1365 1
1366 1
1367 0
1368 1
1369 0
1370 0
1371 1
1372 0
1373 1
1374 0
1375 0
1376 1
1377 0
1378 0
1379 1
1380 1
1381 1
1382 1
1383 1
1384 1
1385 1
1386 0
1387 1
1388 0
1389 1
1390 0
1391 1
1392 1
1393 0
1394 0
1395 1
1396 1
1397 1
1398 0
1399 1
1400 1
1401 1
1402 1
1403 1
1404 1
1405 0
1406 0
1407 0
1408 0
1409 0
1410 1
1411 0
1412 0
1413 1
1414 0
1415 1
1416 0
1417 0
1418 1
1419 0
1420 0
1421 1
1422 0
1423 1
1424 0
1425 1
1426 0
1427 1
1428 0
1429 0
1430 1
1431 0
1432 1
1433 1
1434 1
1435 0
1436 1
1437 0
1438 0
1439 0
1440 0
1441 0
1442 1
1443 1
1444 1
1445 1
1446 1
1447 0
1448 1
1449 1
1450 1
1451 0
1452 0
1453 0
1454 1
1455 0
1456 1
1457 1
1458 0
1459 0
1460 0
1461 1
1462 1
1463 0
1464 1
1465 0
1466 1
1467 0
1468 1
1469 0
1470 0
1471 0
