942
2675
2504
979
2723
2453
379
304
2513
883
512
1977
1847
1235
956
2624
2544
831
2129
1324
242
2451
1503
209
2099
965
1228
1772
2298
1032
2548
2116
1134
756
1707
218
482
2638
2495
504
1864
2676
2788
1381
1670
668
550
1986
1156
2239
205
2421
1474
2063
133
2250
2211
1383
517
286
1886
1574
1817
2209
975
1300
2569
1685
2391
764
713
1656
180
2054
2243
84
1796
2539
2310
1824
1572
2184
1885
1279
283
2649
2403
1720
1020
1965
1938
72
2645
1071
2431
1122
2400
1111
2367
466
82
1519
41
1493
150
2229
2009
691
1091
144
1275
793
14
2727
1953
879
27
2879
709
1488
74
2456
1785
2064
2176
902
1775
1468
71
2665
1963
1762
1292
494
2852
1844
566
2934
1882
2220
2756
2259
11
682
757
2166
1390
1816
945
1066
2912
779
2795
1430
386
63
700
2212
2338
391
1751
1619
1693
1515
394
1724
1036
894
2335
1573
1090
1143
1205
838
2588
962
1277
49
2446
2880
278
798
1427
2036
1764
2920
1843
1341
819
2002
1285
2004
440
2617
510
2735
369
868
3
2317
1417
1150
2486
1225
761
816
923
776
888
2591
1872
2477
2327
2003
1603
2260
1677
2285
542
2097
459
2876
2050
2931
2809
59
1019
961
654
340
2745
2289
361
947
1507
22
1591
281
2536
456
148
1467
1394
478
521
1058
2597
1210
1374
1883
2306
2185
586
343
1006
707
196
1861
724
2834
693
2546
986
1085
2713
796
1638
349
359
2860
2824
1245
1133
875
797
1232
892
2921
158
2162
1679
1958
2691
39
2472
2300
1248
852
128
1908
1979
1547
1645
1033
753
1848
1161
1758
843
1072
362
723
175
121
67
2412
1155
1700
1287
2177
817
48
1246
557
1460
1662
2332
327
2821
1466
1311
2398
1810
122
1216
2019
2158
344
16
809
2385
2613
2812
2635
2254
92
2825
2122
515
399
398
2357
408
2850
501
91
2383
463
2561
1068
2923
2545
2587
130
1753
1849
1185
999
189
2124
2764
2567
1074
2669
1301
2213
763
2484
2274
1659
917
2859
1252
187
97
1097
950
2577
1037
960
2842
2044
2144
1123
853
733
119
1485
2266
2858
2457
2458
1766
1687
1733
837
1950
1099
262
265
2538
2137
2633
127
608
2087
264
971
2065
577
311
2419
165
471
528
1937
147
423
777
1710
280
2526
864
2863
2132
944
132
1455
626
257
1832
1186
2042
2935
2463
989
1666
1792
2687
2112
261
1926
1919
676
791
2869
2355
1612
1624
1217
495
2514
688
2368
1459
236
421
2114
2394
2296
828
877
99
1818
1473
2161
1353
1811
46
2511
1916
1969
2291
2579
2677
1723
2048
919
1001
2159
202
2854
2210
193
2507
2226
1863
2135
579
606
1805
1350
1964
1017
974
1132
1446
2314
2703
2233
2845
1592
2780
1692
2518
279
233
2362
2909
1880
720
2698
845
1981
935
872
2251
2837
1980
1116
2467
2823
1291
475
1715
1233
292
2035
642
1935
2856
1797
2925
1088
643
2395
2066
2474
96
219
2616
1506
1640
2374
1392
1826
1170
650
823
783
247
336
546
2167
2307
993
2278
641
1787
2215
2646
364
910
56
2188
2290
1712
1121
1168
2315
53
2741
1388
2941
701
1062
1643
2043
689
627
375
1434
2014
573
1410
2636
1441
2415
1696
2621
2708
1021
1596
1649
1594
1595
729
1030
2389
2235
2183
2500
2491
1082
1280
673
1469
1776
1597
2673
652
65
1039
2792
8
450
1698
1967
1041
603
1993
2136
1840
865
2754
1015
599
2199
1651
330
2127
806
1189
1601
1125
628
2138
1803
1128
1560
915
1169
2102
317
554
2426
1478
2439
170
850
2255
2706
2940
2481
2253
1684
653
146
658
909
335
1527
1821
924
980
703
706
2101
895
674
530
1442
420
655
1402
541
810
878
2151
618
1545
2131
1702
1672
1130
857
2364
2899
1518
2407
43
102
746
455
1636
2571
1108
1960
2109
2076
2774
253
580
1167
2702
851
1316
2436
2288
1028
2119
1160
1566
1117
2813
2554
2750
2919
26
249
1925
1397
1281
2601
2857
1984
325
2441
1497
760
2203
1912
414
319
246
382
523
558
2406
1220
173
2107
2005
785
1711
98
2174
1426
1551
2790
513
742
2081
1945
2340
2875
2384
2007
1048
1413
2508
890
1611
1152
312
1264
2894
1705
2652
1240
1313
1652
1256
1760
1197
2224
680
1494
536
1323
163
1623
2784
2186
435
1815
569
402
2543
390
858
2301
155
2517
952
1023
2721
2022
318
2190
2499
2170
2693
303
2084
2280
848
2346
191
744
370
1286
914
19
1915
2830
1804
2217
1329
1588
1172
1013
2497
1524
2705
1022
428
2853
256
813
927
2827
1853
1131
602
1983
2779
2361
1605
2885
34
1453
2448
1273
2667
2501
1579
397
2799
437
2814
1254
1729
978
2034
2739
2651
2030
2033
1746
2492
2444
552
770
1218
1370
1577
309
893
2906
2344
1165
1101
2055
320
2489
1055
937
2911
481
1487
535
2712
2336
2316
1789
2907
1295
624
403
1208
1554
1069
736
926
527
1361
1479
1335
1452
1874
1889
2045
1538
866
2763
1004
254
921
442
632
870
563
1627
2149
1704
1293
1834
860
1012
244
1433
2264
863
2139
2736
1808
1985
2887
1976
2560
2623
123
2232
669
2755
199
1484
766
2828
1153
222
985
1523
2078
613
2408
227
1187
1002
1909
95
788
874
2311
861
2818
1795
2393
1057
2039
2718
2932
1845
2770
2053
1735
114
449
159
600
126
129
1531
1154
1223
1582
2650
2690
1829
2840
2471
1319
2922
333
484
1176
326
1368
182
380
485
1251
24
2347
1513
498
529
1489
1373
560
2789
2006
1224
2803
545
458
1444
1100
2205
1
698
1083
2564
2582
1415
2714
2783
2272
780
821
276
151
2191
1903
1141
1343
2717
2759
835
384
2924
2187
216
1944
2241
2040
2283
2115
2930
1998
502
2008
1312
245
2733
976
2189
2160
2275
2938
354
2585
1414
869
1070
1946
2313
2165
445
1618
468
2653
2522
2562
2527
1092
1905
1328
2349
748
1878
313
2342
2487
299
636
1759
1541
1511
4
2775
2558
89
1800
1173
737
1303
1384
206
1639
958
2270
1159
2506
767
2742
2214
1118
792
808
1078
2020
1660
1274
297
2801
230
1734
2820
6
1906
2771
290
678
847
814
519
2872
710
427
928
401
289
164
2748
419
2541
2180
2337
156
2277
2297
376
1769
697
2485
306
2154
492
1586
2401
1641
615
241
1534
2817
417
1922
115
2699
610
1855
1461
1182
1260
1896
365
2405
827
1127
983
1354
2094
1994
570
822
966
413
1424
665
2325
2246
1421
2234
131
1568
1372
229
1869
291
424
1669
1728
2028
2715
913
2258
37
139
1578
1080
561
684
10
2082
1480
708
252
464
183
104
2410
368
1688
2807
2747
2145
922
489
66
1163
1005
1587
659
2462
2570
1378
1681
1648
2672
1732
439
2155
2334
1852
2664
581
1031
750
1899
2392
2428
1599
649
1691
1439
469
446
54
2365
2476
2027
1103
2914
1613
1369
1629
2639
2521
1284
2021
1959
789
1621
372
73
2281
1767
162
2092
451
2031
1194
1877
1996
2884
1003
1238
138
1060
918
176
1982
2056
2442
762
949
389
2716
2785
2330
1416
58
2738
2075
1184
775
100
38
1304
2655
601
620
83
2871
790
2387
998
188
2108
310
457
1094
2460
1435
1533
467
1727
2520
2722
404
2516
1947
385
476
2252
282
2528
1943
2133
2305
1043
2386
2085
2505
2221
1827
1362
1145
251
1570
1366
2083
2351
584
1598
2378
2939
1825
1862
1276
2886
1635
936
2175
1918
1129
1418
551
426
1722
461
1546
47
2356
1928
840
2198
1358
315
681
425
1888
307
2423
555
2126
1063
1351
562
908
977
2606
416
1567
396
595
1157
2309
567
2182
2046
2123
815
160
2656
801
2557
171
645
433
2382
2089
431
300
2707
1549
1757
2304
2359
1771
1951
802
239
2798
2051
631
2015
1393
2584
1689
374
1814
1616
2751
1112
2360
1471
617
1345
898
1299
1290
1564
2628
2710
534
887
2018
355
1781
345
2724
2496
1098
1067
80
839
1449
2573
1502
933
705
1458
79
2627
1391
2452
1610
2772
2397
2580
107
604
2599
1557
2835
907
596
2478
2257
356
1146
1857
1377
2765
1450
78
2269
473
1166
168
179
226
192
1754
1385
2849
1841
1822
260
2566
616
1270
2581
232
2594
29
2908
1779
2895
943
963
287
174
2933
272
1243
2323
2882
1593
271
1622
1448
388
2927
441
1476
2343
2399
2279
2620
2416
1931
2141
1200
2537
2524
2568
826
1403
2744
1948
142
228
2847
1077
2461
1481
0
1744
1907
559
2143
2157
1382
418
1713
477
547
2247
2679
1258
2600
2590
321
1267
690
2868
1009
612
2098
137
1035
2237
1973
2804
9
1498
285
1559
2523
1470
70
1837
2302
2810
946
1930
625
1472
2445
2896
1263
830
381
2502
2608
572
968
1657
1081
1357
1974
1988
2740
1325
672
508
2512
2700
243
1144
702
1934
1064
198
1867
522
1968
704
2547
33
1483
2563
905
2438
771
2465
2602
1075
1135
2629
2295
2000
2430
1105
1699
2815
1454
1486
1215
1617
594
833
1548
2864
118
728
2535
587
2802
2490
514
932
633
644
1244
2515
1076
2195
1491
2339
730
2761
2697
2468
432
1633
2622
1338
2916
12
367
2701
1008
140
2372
177
1026
2605
93
77
1520
2130
1401
786
2333
732
1911
208
1682
2757
1571
2833
2776
1437
1462
1482
854
1876
1632
166
1318
1516
2227
1768
2618
2256
2373
2671
2319
2263
1868
161
876
2294
2510
867
661
1856
1748
405
1664
1897
1164
772
2
1936
1242
846
2719
1047
2816
2666
2797
1690
647
553
941
1419
2732
1000
1404
2328
1530
2642
640
1576
1011
2530
1399
1510
1555
488
169
657
1188
1179
1034
1229
1158
1213
2692
221
862
1027
812
548
2152
21
363
1535
2498
1147
2375
609
2659
2900
353
1464
2728
2026
2542
538
351
2240
2575
531
1356
886
1939
1801
1740
507
1820
1763
2883
2192
1079
190
1364
1992
2242
901
2163
1340
781
2583
1556
611
1836
1302
957
1465
1360
931
740
2354
145
2059
28
2913
1114
1701
1400
2626
2244
1881
486
2062
214
277
1306
804
540
544
2454
726
2533
1933
805
1451
332
1709
1509
1500
1087
1282
715
2898
2696
1138
1104
2766
2464
2086
2402
646
2168
237
532
1706
1203
436
2110
36
2782
2348
149
2248
784
358
1226
2525
350
240
1647
2449
1569
407
45
1177
2169
607
1675
1798
1247
2350
1475
2729
266
2767
2080
2662
1363
2341
1544
1346
1371
275
2194
1289
2427
1195
1721
2658
2881
1615
1040
1322
1151
1708
75
984
799
2353
1898
1809
1697
520
136
210
925
2773
2475
2106
1606
2488
2552
648
920
2025
954
1839
906
172
677
969
1327
719
352
185
981
2057
1921
2222
2611
1344
94
1941
711
1860
1236
2786
2071
1749
490
2308
1529
1501
1585
2668
7
734
973
2249
2379
741
578
953
2641
302
2648
2551
1175
1445
64
1725
497
614
2265
1788
1784
1139
621
2447
294
238
1294
543
1842
2024
2366
506
269
1794
1750
1089
68
1221
1050
2926
2778
2843
1124
2363
348
1532
2273
2589
1093
366
454
818
1406
1436
347
2865
2345
2873
30
60
526
371
1065
2150
1932
2148
2711
2261
1207
2245
195
62
1962
1631
589
1526
1337
211
2889
1528
1990
2910
635
1879
1739
1590
2047
500
2390
1625
152
873
2519
1512
410
1347
225
2915
1428
51
1029
1741
2752
1307
2125
1425
2225
670
1308
2805
2720
1561
2576
897
1227
496
2193
2284
1183
2001
2090
2851
1365
422
296
539
2866
2352
1553
2318
2388
699
223
274
990
1204
2888
248
2596
1773
2592
2069
1447
88
1823
1120
2077
1051
2607
940
2737
856
1901
1140
2610
663
2509
1199
1514
2172
2207
1142
1971
903
1537
859
1219
1046
1637
339
411
1752
1196
346
759
1866
2529
1073
2595
2326
2223
1667
2435
341
1658
1747
1249
1018
268
820
1266
524
1049
2643
683
409
2282
2867
13
1443
2822
2128
694
1783
2631
2292
2179
1777
141
1231
1115
50
2681
1563
1774
2731
1305
2312
1673
1375
2902
687
1540
124
1628
1162
329
745
1646
2841
2637
1288
991
1884
197
430
2418
322
955
1265
1190
2890
605
1716
1620
1575
533
1336
882
2753
1342
1999
1180
1389
1095
487
438
2032
42
1743
2874
1589
213
800
695
1025
1174
692
899
1642
2113
749
731
117
2819
1966
1833
1456
2424
234
2625
483
61
871
1495
18
2688
2100
25
1956
1940
2549
2434
1102
1614
2093
2073
1420
1429
85
2473
634
334
995
1745
314
337
1423
747
769
2104
2121
1272
622
1756
2013
2892
1283
549
1583
2917
1333
1858
1407
598
992
1929
35
1865
1086
186
328
2929
568
44
2201
1314
1016
1694
2206
2503
1726
1296
2808
378
1113
2320
1504
836
1942
556
1106
1241
2811
2164
996
743
1387
288
916
795
23
1917
1893
1949
1655
2615
342
667
110
201
1719
1198
2041
2303
1923
1330
1119
1355
811
220
2725
462
2216
2901
255
2287
154
2494
1989
1558
1521
1477
2455
2603
2173
1871
2238
2769
639
660
203
2052
323
696
2663
727
1431
2555
2634
1900
718
834
1422
629
377
338
1742
387
2550
373
832
1895
1214
2657
782
1297
1109
1851
1398
447
231
1873
1695
2758
1927
2826
2893
537
2838
1359
929
2632
2331
2674
1854
1107
679
1910
357
87
765
571
2466
316
2142
1674
1334
2413
849
2904
2118
217
1838
2111
2905
1255
751
2171
1269
1056
1137
930
2559
970
499
565
1408
2593
2422
582
2321
1671
651
1396
1257
1499
1737
1630
1991
738
1126
754
2796
755
881
1024
671
987
1731
120
1736
1044
505
794
896
263
912
1987
1405
1432
951
181
1320
2299
2060
2480
1875
2598
2686
2660
400
2425
884
2012
2689
2181
105
2061
1607
1609
807
1395
453
2861
1626
1517
1457
1859
525
444
1952
90
2604
2903
2734
516
31
1997
1887
250
518
1913
125
1045
2420
1806
1770
1955
1644
576
1309
1703
778
938
2377
2049
20
2117
2411
1954
1924
2640
1326
108
1678
824
103
2329
712
1782
2870
17
2433
2743
2459
2091
1604
1010
2482
2029
2208
2897
2429
267
1209
1539
2095
623
2532
2376
1780
716
511
55
480
2612
656
2322
1665
803
2469
2271
1961
2369
1440
2800
1846
493
2670
273
1552
2848
2832
2236
2267
1052
1348
1562
717
972
597
1914
2680
2432
2218
735
15
270
2565
1718
76
2479
1376
1412
1237
842
1831
2806
479
1894
406
2156
235
1957
509
293
1714
900
2105
412
2619
1178
721
301
2072
308
1812
2396
2609
284
2831
1339
2204
685
1463
1191
1110
2146
324
1259
200
2010
2531
885
2768
2058
153
2088
1171
112
829
393
2862
948
2878
1438
1262
1310
964
470
2846
619
2120
1755
392
583
360
2855
184
2202
585
81
2414
774
2682
472
934
298
2937
1995
2614
2197
2877
1298
395
2096
2709
1819
2781
1084
134
2437
1278
295
1496
434
2178
1181
224
1686
2794
1148
1802
2196
2371
106
40
2381
1202
1490
1650
2153
2760
1508
1654
982
959
2578
1522
1038
2409
1786
2793
2839
116
1536
465
415
1192
215
904
664
2380
564
1317
1321
143
259
2443
1584
2358
2068
588
758
2574
988
2572
1206
2440
1970
2286
844
258
5
1813
2038
593
574
1830
1738
2704
1268
1042
1054
52
2417
1600
2829
2928
2844
1096
2074
1761
157
1380
722
491
662
825
1793
448
2276
1059
2695
891
207
1525
1211
1608
967
1778
1602
1543
2683
1835
1253
429
714
2836
2553
2762
2231
212
911
503
637
2293
452
2470
1230
2140
2023
178
2103
1799
2200
855
1409
1014
135
383
2749
2070
1634
1850
773
443
2534
675
994
1730
2630
2654
686
2746
841
2228
2079
460
2483
638
2791
101
1222
1791
1492
2147
1053
2726
2370
1565
1972
1349
194
1663
2450
1261
1212
109
739
1239
1870
1234
2678
1386
1061
1668
1790
2230
2891
1975
2787
1250
1007
1505
2037
1581
1653
305
889
1680
1890
1271
997
1332
1193
2644
2493
32
2404
592
666
1352
1149
2685
880
1902
590
2936
752
1367
787
1978
204
1892
1411
2684
111
1550
1807
1683
1920
1717
57
939
2730
2918
1580
1828
474
1661
1379
2134
630
575
2694
331
69
591
2219
2540
768
2067
1201
1542
1904
2777
1676
2268
2324
1315
2647
1765
2586
1331
2016
167
2017
725
2011
86
2661
1136
2262
1891
113
2556

