1 1
2 0
3 1
4 0
5 1
6 1
7 0
8 0
9 1
10 0
11 0
12 0
13 0
14 1
15 0
16 1
17 0
18 0
19 1
20 1
21 0
22 1
23 1
24 1
25 0
26 1
27 1
28 1
29 0
30 0
31 1
32 0
33 1
34 0
35 1
36 1
37 1
38 0
39 0
40 1
41 0
42 0
43 0
44 1
45 0
46 1
47 1
48 0
49 1
50 0
51 0
52 0
53 1
54 1
55 1
56 0
57 0
58 1
59 0
60 0
61 1
62 1
63 0
64 1
65 0
66 1
67 1
68 1
69 1
70 1
71 0
72 0
73 0
74 0
75 1
76 1
77 0
78 1
79 0
80 0
81 0
82 1
83 0
84 0
85 0
86 1
87 0
88 0
89 1
90 0
91 0
92 0
93 1
94 1
95 1
96 1
97 1
98 1
99 1
100 1
101 1
102 1
103 1
104 0
105 1
106 1
107 0
108 0
109 0
110 0
111 1
112 1
113 1
114 1
115 0
116 0
117 1
118 0
119 1
120 1
121 0
122 1
123 0
124 0
125 1
126 1
127 0
128 1
129 0
130 1
131 0
132 0
133 0
134 0
135 0
136 0
137 0
138 1
139 0
140 0
141 0
142 1
143 0
144 0
145 1
146 1
147 1
148 1
149 1
150 1
151 0
152 0
153 1
154 1
155 0
156 1
157 1
158 0
159 0
160 1
161 0
162 0
163 0
164 0
165 0
166 1
167 1
168 0
169 0
170 0
171 1
172 0
173 0
174 1
175 1
176 0
177 0
178 1
179 1
180 0
181 0
182 1
183 1
184 0
185 0
186 0
187 0
188 0
189 1
190 0
191 0
192 0
193 1
194 0
195 0
196 1
197 0
198 0
199 0
200 1
201 0
202 1
203 1
204 1
205 0
206 0
207 1
208 0
209 0
210 0
211 0
212 1
213 1
214 1
215 1
216 1
217 0
218 1
219 1
220 1
221 1
222 1
223 1
224 1
225 0
226 1
227 0
228 1
229 0
230 0
231 1
232 1
233 0
234 0
235 1
236 0
237 0
238 1
239 1
240 1
241 1
242 0
243 0
244 1
245 1
246 1
247 0
248 0
249 0
250 0
251 1
252 1
253 1
254 1
255 1
256 1
257 0
258 0
259 1
260 1
261 1
262 0
263 1
264 0
265 1
266 0
267 1
268 0
269 1
270 1
271 1
272 1
273 0
274 1
275 0
276 0
277 0
278 1
279 1
280 1
281 0
282 0
283 1
284 0
285 1
286 1
287 1
288 0
289 1
290 0
291 1
292 1
293 0
294 1
295 0
296 0
297 1
298 0
299 1
300 1
301 1
302 0
303 1
304 1
305 1
306 1
307 1
308 0
309 1
310 0
311 0
312 1
313 1
314 1
315 1
316 0
317 1
318 0
319 0
320 0
321 0
322 1
323 0
324 0
325 0
326 0
327 1
328 1
329 0
330 1
331 1
332 1
333 0
334 1
335 1
336 0
337 1
338 1
339 1
340 0
341 0
342 1
343 1
344 1
345 1
346 1
347 1
348 0
349 1
350 0
351 1
352 0
353 1
354 0
355 1
356 0
357 0
358 0
359 0
360 0
361 0
362 1
363 0
364 1
365 0
366 0
367 0
368 0
369 0
370 0
371 1
372 0
373 0
374 0
375 0
376 1
377 1
378 1
379 1
380 0
381 0
382 0
383 0
384 0
385 1
386 0
387 0
388 0
389 1
390 1
391 0
392 1
393 1
394 0
395 0
396 1
397 0
398 1
399 1
400 1
401 0
402 0
403 0
404 1
405 0
406 0
407 1
408 0
409 0
410 0
411 1
412 1
413 0
414 0
415 0
416 0
417 1
418 0
419 1
420 0
421 1
422 1
423 1
424 1
425 0
426 0
427 0
428 1
429 1
430 0
431 0
432 0
433 0
434 1
435 0
436 1
437 0
438 0
439 0
440 1
441 1
442 0
443 0
444 1
445 1
446 1
447 1
448 1
449 0
450 1
451 0
452 1
453 1
454 1
455 1
456 1
457 0
458 0
459 1
460 0
461 1
462 1
463 1
464 0
465 1
466 0
467 1
468 0
469 0
470 1
471 1
472 1
473 0
474 0
475 0
476 0
477 1
478 0
479 0
480 0
481 1
482 0
483 1
484 1
485 1
486 1
487 0
488 0
489 0
490 0
491 0
492 1
493 1
494 0
495 0
496 1
497 1
498 1
499 1
500 1
501 0
502 0
503 0
504 0
505 1
506 0
507 1
508 0
509 1
510 0
511 1
512 1
513 1
514 0
515 1
516 0
517 0
518 1
519 0
520 0
521 0
522 1
523 0
524 1
525 1
526 0
527 0
528 1
529 1
530 0
531 0
532 0
533 0
534 1
535 1
536 0
537 1
538 1
539 1
540 1
541 0
542 0
543 0
544 1
545 0
546 1
547 1
548 0
549 1
550 0
551 0
552 1
553 1
554 1
555 0
556 1
557 1
558 1
559 1
560 0
561 1
562 1
563 1
564 1
565 0
566 0
567 0
568 0
569 0
570 0
571 1
572 0
573 1
574 1
575 0
576 0
577 0
578 0
579 0
580 0
581 0
582 0
583 0
584 1
585 1
586 0
587 0
588 1
589 0
590 0
591 1
592 0
593 1
594 0
595 0
596 0
597 0
598 0
599 1
600 0
601 0
602 1
603 0
604 0
605 1
606 0
607 1
608 0
609 0
610 0
611 0
612 1
613 0
614 0
615 0
616 1
617 0
618 1
619 1
620 1
621 0
622 0
623 0
624 0
625 0
626 1
627 0
628 0
629 0
630 1
631 1
632 0
633 1
634 0
635 1
636 1
637 0
638 0
639 1
640 0
641 0
642 1
643 0
644 1
645 1
646 0
647 1
648 1
649 1
650 0
651 0
652 0
653 0
654 1
655 1
656 0
657 0
658 1
659 0
660 1
661 1
662 0
663 0
664 0
665 0
666 0
667 0
668 1
669 0
670 0
671 0
672 1
673 0
674 0
675 1
676 0
677 1
678 1
679 0
680 1
681 0
682 0
683 0
684 1
685 0
686 1
687 0
688 1
689 0
690 0
691 0
692 1
693 1
694 0
695 0
696 0
697 0
698 1
699 0
700 1
701 1
702 0
703 0
704 1
705 0
706 0
707 1
708 0
709 0
710 0
711 1
712 0
713 1
714 1
715 0
716 0
717 1
718 1
719 0
720 0
721 0
722 1
723 1
724 0
725 1
726 0
