1620
640
64
241
2528
2440
1832
0
1756
2024
1541
2763
342
984
69
189
1479
1243
936
2709
723
2652
2415
29
25
754
1330
13
2871
553
1276
1465
2716
2246
1651
2336
1728
1653
1380
2022
1323
2029
441
2256
2001
2167
401
1191
980
1223
1433
48
2455
19
871
2527
2033
2281
158
721
835
1154
753
1563
1540
1066
2114
2688
1659
1302
1867
2095
1999
334
666
1650
2918
1737
2290
1392
207
823
222
2629
1102
1208
839
2790
2210
2543
2203
2757
127
1403
1092
1343
1587
2180
1527
2094
87
641
1329
1772
2106
630
1969
341
2013
431
780
801
164
1050
1596
1543
2881
2512
43
989
742
1896
2744
2739
2833
1049
869
1542
129
2356
378
1613
2119
400
2912
355
685
1340
2078
854
398
2212
1809
1275
2379
1135
2265
243
397
1486
673
2923
738
2684
2459
478
1426
459
312
545
758
596
700
2726
456
2825
2224
79
2775
485
2818
2120
18
1889
1053
1320
1409
2417
2529
2760
2683
83
2371
1536
2372
1807
2150
1206
2365
2597
240
474
1322
1785
1169
1701
2300
2137
1939
282
782
642
2332
1762
2069
2240
1108
268
2152
1816
2777
2374
1828
2130
246
1934
2242
333
1997
2531
2897
2611
143
2388
2181
1294
1317
998
1210
1774
1247
62
678
229
853
142
2435
1992
933
1029
2919
208
1034
2087
331
2039
1494
1432
1202
180
2331
2612
2488
2458
9
2134
1086
234
1131
2785
1085
2922
2500
1689
2619
216
1925
1961
518
2411
2875
2884
1761
306
1071
988
265
2530
507
1447
2610
1910
2143
490
655
575
2354
2933
514
2429
1503
2364
1350
1664
2026
2668
2471
2473
1133
1526
1459
1393
2122
1353
2876
1710
2221
409
469
1259
2743
1853
2659
252
1070
1922
2401
1687
2442
1293
2157
900
77
895
2142
1905
2534
1279
103
2230
2808
247
615
2509
928
543
463
2517
1474
1408
650
1545
1296
2656
781
72
2432
510
694
709
1765
808
996
1947
316
1075
2317
2935
332
17
1966
1619
2730
2519
1125
1445
783
819
1381
2677
2173
2938
992
2102
2632
390
489
2927
1228
1847
1592
886
1573
549
558
1676
467
1681
970
137
261
2545
2722
2787
690
104
2580
1533
1904
1881
1529
2241
1315
1222
1899
2585
1336
2464
1781
1041
31
1155
506
1284
1831
1068
763
2228
532
1632
1195
2031
1030
1083
54
2089
2375
28
2624
1028
1047
276
272
1611
40
1420
2040
325
1740
2801
1794
1571
2849
1670
1806
294
591
802
729
2690
1078
1733
529
991
1498
286
2296
1813
2253
865
1272
1263
1674
962
751
1908
115
589
2589
2586
2766
1608
121
750
1578
1069
756
2620
874
985
2899
2186
2809
2721
2014
856
1921
1579
2664
944
932
1044
1835
2883
2863
725
457
2569
1359
1959
1917
706
2414
2525
2349
1427
244
2657
1361
2840
916
1080
2223
2898
1124
2347
1118
535
767
123
2756
1723
1991
2361
1518
2318
1661
2044
364
2504
1371
1079
920
816
2469
237
214
200
2596
749
2738
491
415
1544
82
508
105
1902
209
1612
636
1033
2452
140
2556
117
727
2195
807
1706
2506
1912
2252
528
2358
1111
2710
1713
1416
2373
2096
2313
1721
2582
1059
58
75
2002
1414
745
851
1834
1413
1942
827
2676
1704
20
2510
1318
1218
551
2067
2856
1333
1098
405
468
597
817
1616
2719
2080
2447
1461
124
2915
2190
987
1484
192
516
2734
136
2045
358
98
2140
350
128
482
2274
1487
1273
1369
2669
1957
1825
2204
1993
2847
262
259
2896
737
145
1627
633
1312
2149
1431
374
1012
434
1667
436
1534
330
950
1842
973
2900
2008
2921
880
961
2299
912
605
2378
1565
1406
626
2494
525
2023
2803
771
1932
159
1576
63
412
1173
659
1379
2052
2217
2019
2457
1151
2568
254
2548
2288
890
2269
2630
1253
1024
1960
2614
2639
2485
811
833
836
1938
2666
1194
2737
2910
505
820
544
35
1857
215
300
27
2920
371
2055
1614
439
465
1773
1506
1973
1512
1788
1346
1671
2308
2020
1004
1448
1990
662
323
1119
1306
792
1595
1020
603
2138
1745
417
2048
2132
66
347
2828
2720
1269
997
1074
2484
2759
2428
2826
622
634
2446
2587
223
2797
1103
1870
746
1084
2413
2768
2514
2390
1748
521
741
602
224
1979
1535
1856
1562
2889
2645
1148
2305
2767
1257
1015
830
235
947
1532
761
2513
1707
196
2628
218
570
2245
1657
1824
863
2038
1396
1175
1170
2667
1691
1528
2292
324
2558
2030
680
213
1141
197
2780
1863
1906
2705
1087
2238
2218
1977
2071
2232
764
2248
1252
940
747
2487
248
653
697
584
901
291
1280
2470
2297
1986
1326
1227
1732
203
1810
815
394
1692
913
202
292
2814
1008
1120
1039
1244
1386
1597
419
131
206
2941
460
969
2092
681
219
536
2201
1865
1923
2800
2533
122
313
2577
2578
2146
2127
281
1321
319
2627
2635
1799
2704
1345
190
2264
1104
843
1663
2794
2617
1749
1466
2781
1747
513
2827
416
1561
2004
2441
2227
1626
2197
1672
2426
2342
1742
628
270
607
1655
1122
1444
1355
1658
699
1076
1975
657
2603
437
1501
80
2694
1115
1430
1091
327
2051
1216
1469
89
1384
2220
1056
1575
349
579
71
483
2477
296
1812
496
406
1746
1428
1143
1634
73
530
430
2622
1305
1850
2599
1264
307
2403
1998
2626
1399
1514
1604
1693
2192
2145
484
305
423
1599
1436
2427
2539
1255
2174
151
365
1601
1290
297
2453
1026
1936
1063
295
927
2177
2908
2483
1221
1530
542
2654
2093
1751
1114
414
1508
660
1390
2231
1682
1845
2535
1874
1184
2868
1481
420
2479
1931
37
2154
256
1660
2623
2392
2443
422
1852
1644
2769
1325
2333
1421
620
1567
720
407
1880
4
39
277
923
2746
1956
328
730
2813
1972
113
2680
217
493
885
955
1178
1640
2911
2791
1334
2492
1949
157
2508
1819
617
1731
2865
860
1419
1787
444
794
1455
359
2282
2121
1849
1605
2418
161
1372
1107
855
1042
564
1546
2144
1897
188
1040
769
2326
2551
2244
2872
586
2594
2075
743
2035
267
1759
130
2691
766
978
1940
1190
588
646
2665
1126
2468
2567
11
1337
418
643
1539
726
2559
1003
982
1741
1820
1968
658
2650
677
2523
335
1490
2706
798
1585
1872
724
1165
429
1319
1927
2554
1491
1167
1515
481
1476
2774
1866
2396
574
1603
2753
1152
1281
1507
2272
424
760
2758
560
1196
345
796
70
1145
2229
2816
1662
2293
1564
1738
184
2752
2862
2515
672
269
1628
2406
167
547
1686
822
2761
2934
2287
2098
353
1814
178
2842
2788
755
369
2161
1299
2601
1779
1755
924
1726
191
1778
768
52
211
1224
735
352
392
2370
2196
67
2199
1654
907
220
186
2061
2398
908
2600
471
2450
1127
1556
1964
1394
930
339
1513
2929
322
30
148
2412
639
2606
51
1929
1648
1031
2302
2065
1274
631
1344
2463
2280
1680
703
1385
1890
972
668
2081
2727
2748
2291
896
94
2648
1240
2377
2851
1332
999
2830
1265
2113
2890
2324
1943
1711
934
448
1974
2931
2608
1283
731
1277
583
2382
2877
1584
1649
2171
343
669
2387
1705
832
2821
2835
1590
619
2402
526
472
74
576
714
2860
2088
695
2226
340
711
1669
810
976
618
2294
1241
225
2340
2786
2056
1891
1913
2673
2771
84
2563
2703
1422
878
2754
2866
2812
311
1843
1341
1955
1452
462
231
1121
102
1548
1818
384
1839
684
2573
1836
1900
1621
2261
2104
2322
1376
1884
1885
1928
712
1267
2861
2658
179
1716
511
1297
212
2674
2708
1011
2745
301
169
1036
2310
568
22
1271
393
149
1792
2544
1235
893
174
2653
1057
2191
1631
562
534
2194
2329
2315
2823
2742
625
864
922
964
304
2346
2436
2032
1851
1093
1081
2925
1397
847
1200
1882
257
1089
162
1978
1309
1830
32
96
1709
2050
1944
2588
1497
2074
1327
2184
1583
2605
740
1149
946
522
260
2042
480
1965
1678
971
1547
1095
2712
443
1438
1677
1568
2713
2016
108
2735
198
86
411
1521
395
1827
2697
2124
2660
1473
1389
1168
2873
2409
652
2625
233
975
686
795
2103
152
2273
1234
2179
2449
590
1443
2880
2886
287
2117
577
2540
132
906
1493
891
2732
2303
825
1690
2686
1594
573
1362
2663
1930
1771
2338
879
1569
2475
1502
1757
1782
1045
2351
486
1407
273
1768
1864
537
2616
1589
154
2321
1805
442
2893
515
687
2175
1892
1153
2041
1239
1918
2870
1211
2255
774
2649
531
826
1182
921
862
2465
351
883
1363
354
585
614
336
2520
53
719
1199
1924
1328
264
1871
2170
594
492
99
1009
175
897
1572
2864
1398
310
1478
609
2422
391
2237
1367
2882
2141
578
918
2541
2046
2043
2549
1354
2112
1065
2640
2405
1920
2482
1963
688
2270
645
112
2068
21
194
572
2552
2472
2852
1185
1100
1791
2497
1000
2822
2913
2316
1647
953
2389
1002
1878
894
1516
2538
1188
707
2765
2116
1958
2314
1520
1500
2352
1064
2126
2926
249
2792
1209
185
389
1557
119
2289
1893
288
1582
679
691
1401
1695
56
446
2561
2907
253
2277
1635
2034
1753
1415
1006
2367
2005
2685
2376
317
315
1298
2507
2330
665
2802
656
476
1622
638
867
1205
647
2410
2859
2207
1161
1607
2593
981
1618
682
2381
2904
488
1736
111
2063
2444
818
2591
23
828
2247
1157
2930
2486
2848
2634
2850
92
784
599
2480
1948
1292
1858
2438
2070
2516
2283
2276
914
126
556
1642
1250
1067
1725
2505
38
487
2741
1976
1767
2085
2076
1804
722
1246
2430
1186
2481
2408
344
1233
1780
2696
1109
566
1217
732
887
555
226
554
1639
1464
881
2058
664
402
379
2675
1232
2909
381
2003
1950
445
138
2892
2651
50
2439
1123
757
2869
2015
2335
512
952
2637
2581
2355
170
255
1937
408
1643
1708
1162
1894
65
337
569
1641
1304
2618
2832
1405
1679
829
2162
1796
1954
1391
1901
1735
1970
1914
2724
1303
382
2222
107
1278
163
2366
1492
1046
1128
1574
2490
2778
1915
939
779
2425
986
1136
93
1499
873
1101
2867
5
326
942
926
2359
1412
1911
2249
2937
1633
858
2714
1617
1980
1137
2565
2845
146
2163
963
834
877
2537
466
2796
2160
278
1456
517
1116
1451
1801
2006
16
435
173
1090
1470
165
1907
541
654
523
2621
1440
2583
846
1301
1668
1105
790
1005
1935
1549
388
850
671
101
1171
689
1903
2725
1013
2731
181
1442
2521
376
2574
76
2073
2831
563
2681
748
1258
1418
2642
2166
1720
2844
2148
1140
1522
1179
587
1729
204
318
693
538
2304
2837
1859
2854
734
1638
2572
2733
1203
2855
299
2139
882
1875
2678
2433
2451
2553
168
838
1838
2940
2542
504
1646
793
713
861
2824
1286
539
1763
2125
1454
1472
1300
2692
2118
2380
1201
1981
2489
2311
1776
2100
1458
1225
1
2747
2066
1142
2234
739
814
2060
2643
1700
1551
1754
2700
1558
1984
2699
2111
2395
1335
2906
629
888
1035
797
909
2609
1061
1214
1869
1001
2806
2779
1581
1183
1310
2751
2268
2562
2749
648
1483
172
251
2914
2902
1339
1829
1797
2782
399
744
1382
1505
2327
733
2
2798
2695
1673
1730
1450
2462
1550
1395
309
2325
2159
2362
2491
1995
1739
1727
1987
2524
571
2339
917
1160
1261
1846
692
1215
716
1088
1471
1113
2278
778
791
1887
1417
314
2198
114
2257
1688
983
1295
1254
2357
88
552
2250
1982
770
338
1837
1656
205
242
2762
33
2037
1967
454
957
1291
1468
941
363
1077
910
150
2165
177
2348
1560
2334
2836
1743
2136
2644
803
1260
548
905
868
831
2172
2097
1685
289
1021
377
2421
1357
2718
527
1073
1888
1174
1777
565
1082
2295
852
2795
1775
1285
2424
759
1699
1734
182
1117
2341
34
2555
937
2772
2021
425
1043
1953
1609
1435
1675
1697
1714
2360
271
1014
2090
1051
1007
2939
1623
1289
2602
1615
1519
2275
201
421
1236
1559
473
2206
283
1652
280
788
2566
804
2807
1457
2789
2345
1048
385
1146
49
902
109
1282
1945
357
1477
1156
1387
1665
2647
383
608
1316
1822
676
889
266
1016
1238
183
245
2846
2679
540
500
2400
812
892
1287
2028
42
1025
68
990
2258
24
250
582
2018
1446
948
1441
2631
1213
2301
1815
904
2158
765
1821
2532
1840
1439
1052
2547
475
2108
106
1388
866
1570
2711
762
1841
1577
61
1307
1460
1485
1698
1220
2460
455
2493
1752
2285
236
2236
2099
2397
348
60
2799
1790
1231
616
2770
290
1198
2363
2185
550
701
1404
1537
773
2764
372
2328
1636
1453
580
841
2047
2784
2215
2638
968
452
509
1139
899
2200
1424
974
698
1096
1696
1591
2391
2208
1099
1462
1437
176
1270
2109
2817
1106
840
144
736
1833
1909
2693
2000
1962
367
598
1876
2254
451
2498
373
1094
911
859
2570
1256
1586
786
845
2133
675
2057
135
2526
644
704
2431
1027
1598
449
375
7
1877
413
2518
2079
120
1524
1983
1480
1348
1324
2350
187
2783
2434
258
837
1504
133
2736
2188
1365
2702
705
2615
702
2829
139
2728
994
967
995
2522
447
2053
2604
2307
1951
2655
464
95
1946
674
1176
2211
1163
2012
2613
567
785
787
1400
520
3
718
1645
2110
632
2750
884
789
14
1795
1555
2286
2319
227
2670
1017
1410
2550
2661
2841
1629
2810
772
1219
2701
501
612
156
1758
2213
1994
1844
557
2343
116
1717
2131
977
361
41
775
171
2804
55
134
621
1566
1158
1449
2385
1187
2717
308
2404
1855
232
1180
2135
1511
1509
1606
2905
2838
610
433
1803
2164
2715
2879
2064
1760
2536
2284
2755
824
2878
366
195
993
945
806
293
1022
1989
2575
715
1351
2407
1423
2466
2607
1702
2156
110
2309
1019
497
1467
1288
2216
1538
125
1941
2419
321
279
1060
438
1314
2262
2312
90
1072
47
2857
606
2496
2266
1496
1489
329
2454
2025
1495
1630
1769
1808
356
1873
592
2320
2858
368
2189
2054
717
2298
752
1789
2815
2259
2420
708
238
1347
2936
2776
951
661
2885
2511
915
2168
1854
1898
1817
1624
935
153
1784
1062
1510
1159
2086
2437
36
663
1342
1879
2564
2202
1886
524
2072
360
2560
533
1097
2834
1883
1996
1823
2399
1313
919
624
1600
2723
1268
559
2793
1177
2773
426
1588
2011
2499
593
809
1525
1868
1766
799
370
2394
427
613
2495
1764
1971
1110
1189
85
2820
561
2225
627
2467
954
595
1193
6
2147
1166
2874
1860
1703
581
502
2183
275
949
1147
2571
59
1517
2924
1375
498
2368
1308
2337
1434
2243
2546
477
2671
57
1144
1783
2123
12
938
274
1230
635
1370
2233
2687
2445
2502
2557
284
2636
849
1610
2740
651
2263
1475
302
2501
777
2251
2027
160
221
1770
979
2059
2633
453
458
1134
2214
97
960
2084
1248
2323
2917
1150
2891
2178
1212
2353
499
2894
479
2384
965
470
1895
2698
404
2128
1666
805
2478
2279
2205
440
461
2344
1181
1625
931
193
2579
870
298
2932
683
600
2576
2729
2386
1032
1861
239
1018
2662
2903
1811
26
1411
519
821
2646
1237
1129
2672
1242
2456
1429
2115
2843
925
1800
2062
959
1138
1862
1266
100
1373
8
1364
1038
1226
1683
1331
1402
776
2239
728
956
1349
903
848
2107
1338
1132
623
2009
78
1368
1356
362
604
2209
842
929
10
2219
2151
1010
2049
876
1164
1358
2888
1719
1229
1249
1750
2707
1793
2895
1054
2590
2448
2187
1207
958
2393
1058
1023
346
2010
230
2182
396
2017
1580
1919
1553
1593
1055
696
2383
898
1826
1554
1933
303
1744
15
1245
710
1172
2091
1488
320
2007
2267
1366
2928
1482
813
2416
81
44
2306
2592
2474
1262
1718
2682
450
1251
2503
166
2901
2805
1383
1602
2853
2887
2235
403
1523
46
1637
2176
2584
2641
387
1037
966
844
155
1311
2193
2155
1694
285
380
1684
386
1192
1988
1952
2595
503
1531
546
872
45
800
147
1926
1848
1360
1374
1722
2082
670
1916
611
199
667
494
2461
2598
2260
118
91
210
2036
1377
1425
943
1552
1463
2153
2819
2423
601
649
1352
1712
1802
2129
2369
2271
2101
637
263
1786
1197
1204
428
2689
1378
1715
1112
2839
2169
495
2476
875
2077
857
2916
432
410
1985
1130
1724
141
2105
2811
228
2083
1798

