1 1
2 1
3 1
4 1
5 1
6 0
7 0
8 1
9 0
10 1
11 1
12 1
13 1
14 0
15 1
16 1
17 1
18 0
19 0
20 0
21 0
22 0
23 0
24 1
25 0
26 0
27 1
28 1
29 0
30 1
31 1
32 0
33 1
34 1
35 1
36 1
37 0
38 0
39 0
40 1
41 0
42 1
43 0
44 1
45 0
46 0
47 1
48 1
49 1
50 1
51 0
52 1
53 0
54 1
55 0
56 0
57 0
58 1
59 1
60 1
61 1
62 0
63 1
64 0
65 0
66 0
67 1
68 1
69 0
70 1
71 0
72 0
73 0
74 1
75 1
76 1
77 0
78 0
79 0
80 0
81 1
82 0
83 1
84 1
85 1
86 0
87 1
88 0
89 0
90 1
91 1
92 1
93 1
94 1
95 1
96 0
97 0
98 0
99 1
100 0
101 0
102 0
103 1
104 0
105 1
106 0
107 0
108 0
109 0
110 0
111 0
112 1
113 0
114 1
115 1
116 0
117 0
118 0
119 0
120 1
121 1
122 1
123 0
124 1
125 1
126 0
127 1
128 1
129 1
130 1
131 1
132 1
133 0
134 1
135 1
136 0
137 1
138 1
139 1
140 1
141 1
142 0
143 1
144 1
145 0
146 0
147 0
148 1
149 0
150 1
151 0
152 0
153 1
154 1
155 0
156 0
157 0
158 0
159 1
160 1
161 1
162 0
163 1
164 0
165 1
166 1
167 1
168 1
169 1
170 0
171 0
172 1
173 0
174 1
175 1
176 1
177 1
178 1
179 0
180 1
181 0
182 1
183 1
184 1
185 1
186 1
187 1
188 1
189 0
190 1
191 1
192 1
193 0
194 1
195 0
196 0
197 1
198 1
199 1
200 0
201 1
202 0
203 0
204 1
205 1
206 0
207 1
208 1
209 1
210 1
211 0
212 0
213 0
214 0
215 0
216 0
217 1
218 0
219 1
220 1
221 1
222 0
223 0
224 0
225 0
226 0
227 1
228 1
229 1
230 1
231 1
232 1
233 0
234 1
235 0
236 0
237 1
238 0
239 0
240 1
241 1
242 1
243 1
244 1
245 1
246 0
247 0
248 0
249 0
250 0
251 1
252 1
253 0
254 1
255 0
256 1
257 0
258 0
259 0
260 1
261 0
262 0
263 0
264 0
265 0
266 1
267 1
268 0
269 0
270 0
271 1
272 1
273 0
274 1
275 1
276 0
277 0
278 0
279 0
280 1
281 0
282 0
283 0
284 0
285 1
286 0
287 1
288 0
289 1
290 1
291 1
292 1
293 1
294 0
295 0
296 1
297 0
298 0
299 0
300 0
301 0
302 0
303 1
304 1
305 0
306 0
307 1
308 1
309 1
310 1
311 0
312 0
313 1
314 1
315 1
316 1
317 0
318 0
319 1
320 1
321 0
322 1
323 1
324 1
325 1
326 0
327 1
328 0
329 1
330 1
331 0
332 1
333 0
334 1
335 1
336 0
337 1
338 1
339 1
340 1
341 0
342 1
343 1
344 1
345 0
346 0
347 1
348 1
349 1
350 1
351 1
352 1
353 0
354 1
355 0
356 0
357 1
358 0
359 1
360 0
361 1
362 0
363 0
364 1
365 1
366 0
367 0
368 1
369 1
370 1
371 0
372 0
373 1
374 1
375 1
376 1
377 0
378 1
379 0
380 0
381 1
382 1
383 1
384 0
385 0
386 0
387 0
388 1
389 1
390 0
391 0
392 0
393 0
394 0
395 1
396 0
397 0
398 0
399 1
400 0
401 0
402 0
403 0
404 1
405 1
406 1
407 0
408 0
409 1
410 0
411 1
412 1
413 0
414 1
415 1
416 1
417 0
418 1
419 0
420 1
421 0
422 1
423 0
424 1
425 0
426 0
427 1
428 1
429 0
430 0
431 1
432 1
433 0
434 0
435 0
436 0
437 1
438 0
439 0
440 1
441 0
442 0
443 1
444 1
445 1
446 1
447 1
448 1
449 1
450 1
451 1
452 0
453 0
454 0
455 0
456 0
457 1
458 0
459 0
460 0
461 0
462 0
463 0
464 1
465 1
466 0
467 0
468 0
469 0
470 1
471 1
472 1
473 1
474 1
475 1
476 0
477 1
478 1
479 1
480 1
481 1
482 1
483 1
484 0
485 0
486 0
487 1
488 1
489 1
490 1
491 1
492 0
493 1
494 1
495 1
496 1
497 0
498 0
499 1
500 1
501 0
502 0
503 1
504 1
505 1
506 1
507 1
508 0
509 0
510 1
511 1
512 0
513 1
514 1
515 0
516 0
517 0
518 0
519 0
520 1
521 0
522 0
523 1
524 0
525 1
526 1
527 1
528 0
529 0
530 1
531 1
532 0
533 1
534 1
535 1
536 1
537 1
538 0
539 1
540 1
541 0
542 1
543 1
544 0
545 1
546 1
547 0
548 0
549 0
550 1
551 1
552 1
553 0
554 1
555 0
556 1
557 0
558 1
559 1
560 0
561 1
562 1
563 1
564 1
565 1
566 0
567 0
568 1
569 0
570 0
571 0
572 1
573 0
574 0
575 0
576 0
577 1
578 0
579 1
580 0
581 1
582 1
583 1
584 0
585 0
586 0
587 0
588 0
589 0
590 1
591 0
592 1
593 0
594 0
595 1
596 0
597 1
598 0
599 0
600 0
601 0
602 0
603 0
604 1
605 0
606 0
607 0
608 0
609 1
610 0
611 0
612 0
613 0
614 0
615 0
616 1
617 1
618 1
619 0
620 0
621 1
622 0
623 0
624 1
625 0
626 0
627 1
628 1
629 1
630 1
631 1
632 0
633 1
634 0
635 1
636 0
637 1
638 1
639 1
640 1
641 0
642 0
643 1
644 0
645 0
646 0
647 0
648 0
649 1
650 1
651 0
652 0
653 1
654 1
655 1
656 1
657 0
658 1
659 0
660 1
661 1
662 1
663 0
664 1
665 1
666 1
667 1
668 1
669 0
670 1
671 1
672 1
673 1
674 1
675 1
676 0
677 0
678 1
679 0
680 1
681 0
682 0
683 1
684 0
685 0
686 0
687 0
688 0
689 0
690 0
691 0
692 1
693 0
694 1
695 0
696 0
697 1
698 0
699 1
700 0
701 1
702 1
703 0
704 0
705 1
706 1
707 0
708 0
709 1
710 1
711 1
712 1
713 1
714 1
715 0
716 0
717 0
718 1
719 0
720 1
721 0
722 1
723 1
724 0
725 1
726 1
727 1
728 1
729 1
730 0
731 1
732 0
733 1
734 0
735 1
736 1
737 0
738 1
739 1
740 1
741 0
742 1
743 1
744 1
745 0
746 1
747 0
748 1
749 0
750 1
751 1
752 0
753 1
754 1
755 1
756 1
757 1
758 1
759 0
760 1
761 0
762 0
763 1
764 0
765 1
766 0
767 0
768 1
769 0
770 0
771 1
772 1
773 0
774 0
775 1
776 1
777 1
778 1
779 0
780 1
781 0
782 0
783 0
784 1
785 0
786 1
787 1
788 1
789 0
790 1
791 0
792 1
793 1
794 1
795 1
796 0
797 1
798 0
799 1
800 1
801 1
802 1
803 1
804 1
805 1
806 0
807 0
808 0
809 0
810 1
811 1
812 0
813 0
814 0
815 1
816 1
817 1
818 0
819 0
820 0
821 0
822 1
823 1
824 1
825 0
826 1
827 1
828 0
829 1
830 1
831 1
832 0
833 1
834 0
835 0
836 0
837 0
838 0
839 0
840 1
841 1
842 0
843 0
844 1
845 0
846 0
847 1
848 1
849 1
850 1
851 0
852 1
853 1
854 1
855 0
856 1
857 0
858 1
859 0
860 0
861 1
862 1
863 0
864 1
865 0
866 1
867 1
868 0
869 0
870 0
871 1
872 1
873 1
874 1
875 1
876 0
877 0
878 1
879 1
880 0
881 0
882 1
883 1
884 0
885 0
886 1
887 1
888 1
889 0
890 1
891 0
892 0
893 0
894 1
895 1
896 1
897 0
898 1
899 1
900 0
901 0
902 1
903 1
904 0
905 1
906 1
907 0
908 0
909 0
910 0
911 1
912 1
913 1
914 0
915 0
916 1
917 0
918 1
919 1
920 0
921 1
922 0
923 0
924 1
925 1
926 1
927 1
928 1
929 0
930 1
931 1
932 1
933 1
934 1
935 0
936 1
937 0
938 0
939 1
940 1
941 0
942 1
943 1
944 1
945 0
946 1
947 0
948 0
949 1
950 0
951 1
952 0
953 1
954 0
955 1
956 0
957 1
958 0
959 1
960 1
961 0
962 0
963 0
964 1
965 1
966 0
967 1
968 1
969 1
970 0
971 0
972 1
973 1
974 1
975 0
976 0
977 1
978 1
979 1
980 1
981 0
982 0
983 0
984 1
985 1
986 1
987 0
988 0
989 1
990 1
991 1
992 1
993 1
994 1
995 1
996 1
997 0
998 0
999 1
1000 0
1001 1
1002 1
1003 1
1004 0
1005 1
1006 1
1007 1
1008 0
1009 1
1010 0
1011 1
1012 1
1013 1
1014 1
1015 0
1016 0
1017 0
1018 0
1019 0
1020 0
1021 0
1022 0
1023 1
1024 1
1025 0
1026 1
1027 1
1028 1
1029 0
1030 1
1031 1
1032 0
1033 1
1034 1
1035 1
1036 1
1037 1
1038 0
1039 1
1040 0
1041 0
1042 1
1043 1
1044 0
1045 1
1046 1
1047 0
1048 0
1049 1
1050 0
1051 1
1052 1
1053 0
1054 0
1055 1
1056 0
1057 1
1058 1
1059 0
1060 1
1061 1
1062 1
1063 0
1064 1
1065 0
1066 0
1067 1
1068 1
1069 0
1070 1
1071 1
1072 1
1073 1
1074 1
1075 1
1076 0
1077 1
1078 0
1079 0
1080 1
1081 1
1082 1
1083 0
1084 1
1085 1
1086 1
1087 0
1088 1
1089 0
1090 0
1091 0
1092 0
1093 0
1094 1
1095 0
1096 1
1097 1
1098 1
1099 0
1100 0
1101 0
1102 0
1103 0
1104 1
1105 0
1106 0
1107 1
1108 0
1109 1
1110 0
1111 1
1112 0
1113 0
1114 1
1115 0
1116 1
1117 1
1118 1
1119 0
1120 0
1121 1
1122 1
1123 1
1124 1
1125 1
1126 1
1127 0
1128 0
1129 0
1130 0
1131 1
1132 1
1133 1
1134 1
1135 0
1136 0
1137 0
1138 0
1139 0
1140 0
1141 0
1142 1
1143 1
1144 1
1145 1
1146 1
1147 0
1148 0
1149 1
1150 0
1151 0
1152 0
1153 1
1154 1
1155 0
1156 1
1157 1
1158 0
1159 1
1160 1
1161 1
1162 1
1163 0
1164 1
1165 0
1166 0
1167 0
1168 0
1169 1
1170 1
1171 0
1172 0
1173 0
1174 0
1175 1
1176 1
1177 1
1178 1
1179 1
1180 1
1181 0
1182 1
1183 0
1184 0
1185 1
1186 1
1187 0
1188 1
1189 0
1190 0
1191 0
1192 0
1193 0
1194 1
1195 1
1196 1
1197 1
1198 1
1199 1
1200 1
1201 1
1202 0
1203 1
1204 1
1205 1
1206 0
1207 0
1208 0
1209 1
1210 0
1211 0
1212 1
1213 1
1214 1
1215 0
1216 1
1217 0
1218 0
1219 0
1220 0
1221 1
1222 1
1223 1
1224 1
1225 1
1226 0
1227 1
1228 1
1229 1
1230 1
1231 0
1232 1
1233 0
1234 1
1235 1
1236 1
1237 0
1238 1
1239 1
1240 1
1241 0
1242 0
1243 1
1244 1
1245 0
1246 1
1247 1
1248 0
1249 1
1250 0
1251 0
1252 0
1253 0
1254 0
1255 1
1256 1
1257 1
1258 1
1259 1
1260 1
1261 1
1262 1
1263 0
1264 0
1265 0
1266 1
1267 1
1268 0
1269 1
1270 1
1271 0
1272 0
1273 0
1274 0
1275 0
1276 0
1277 0
1278 1
1279 1
1280 1
1281 1
1282 1
1283 1
1284 1
1285 0
1286 1
1287 0
1288 0
1289 0
1290 1
1291 0
1292 1
1293 1
1294 1
1295 0
1296 0
1297 0
1298 0
1299 0
1300 1
1301 1
1302 1
1303 0
1304 0
1305 1
1306 1
1307 1
1308 0
1309 0
1310 0
1311 0
1312 1
1313 1
1314 1
1315 1
1316 1
1317 1
1318 1
1319 0
1320 0
1321 1
1322 0
1323 1
1324 0
1325 1
1326 1
1327 1
1328 0
1329 0
1330 0
1331 0
1332 0
1333 1
1334 1
1335 1
1336 1
1337 1
1338 1
1339 1
1340 0
1341 1
1342 1
1343 0
1344 1
1345 0
1346 0
1347 1
1348 0
1349 1
1350 0
1351 0
1352 1
1353 0
1354 1
1355 0
1356 1
1357 0
1358 0
1359 0
1360 1
1361 1
1362 1
1363 1
1364 1
1365 1
1366 1
1367 1
1368 1
1369 1
1370 1
1371 0
1372 0
1373 1
1374 1
1375 0
1376 1
1377 1
1378 1
1379 0
1380 0
1381 1
1382 0
1383 1
1384 1
1385 1
1386 0
1387 0
1388 1
1389 0
1390 0
1391 1
1392 1
1393 1
1394 0
1395 1
1396 0
1397 0
1398 0
1399 1
1400 0
1401 0
1402 1
1403 1
1404 0
1405 0
1406 0
1407 1
1408 0
1409 1
1410 1
1411 0
1412 1
1413 1
1414 0
1415 0
1416 1
1417 0
1418 0
1419 0
1420 1
1421 1
1422 0
1423 0
1424 1
1425 1
1426 0
1427 1
1428 0
1429 0
1430 0
1431 0
1432 1
1433 1
1434 0
1435 0
1436 0
1437 1
1438 1
1439 1
1440 1
1441 0
1442 1
1443 0
1444 1
1445 1
1446 0
1447 1
1448 0
1449 1
1450 1
1451 1
1452 1
1453 1
1454 1
1455 1
1456 0
1457 1
1458 1
1459 1
1460 1
1461 1
1462 0
1463 0
1464 1
1465 1
1466 0
1467 1
1468 0
1469 1
1470 0
1471 1
