1 0
2 0
3 0
4 1
5 0
6 0
7 1
8 0
9 0
10 0
11 1
12 0
13 1
14 1
15 0
16 0
17 1
18 0
19 1
20 1
21 0
22 0
23 0
24 1
25 0
26 0
27 1
28 1
29 1
30 0
31 0
32 1
33 1
34 1
35 0
36 1
37 1
38 0
39 0
40 1
41 1
42 0
43 1
44 1
45 0
46 0
47 0
48 1
49 0
50 1
51 0
52 1
53 1
54 0
55 0
56 0
57 1
58 1
59 1
60 0
61 0
62 1
63 0
64 0
65 1
66 0
67 1
68 0
69 0
70 1
71 0
72 0
73 0
74 0
75 0
76 0
77 1
78 1
79 1
80 1
81 0
82 1
83 0
84 1
85 1
86 0
87 1
88 0
89 1
90 0
91 0
92 1
93 0
94 0
95 1
96 0
97 0
98 0
99 0
100 1
101 0
102 1
103 1
104 0
105 0
106 1
107 1
108 0
109 0
110 0
111 1
112 1
113 1
114 1
115 0
116 0
117 1
118 0
119 1
120 1
121 1
122 0
123 0
124 1
125 1
126 0
127 0
128 1
129 0
130 1
131 1
132 1
133 1
134 1
135 0
136 1
137 1
138 0
139 1
140 1
141 0
142 1
143 1
144 1
145 0
146 0
147 1
148 0
149 1
150 1
151 1
152 1
153 0
154 1
155 0
156 1
157 1
158 0
159 1
160 0
161 1
162 0
163 0
164 1
165 0
166 0
167 1
168 1
169 1
170 0
171 0
172 1
173 0
174 1
175 1
176 0
177 0
178 1
179 1
180 1
181 0
182 1
183 0
184 0
185 1
186 1
187 1
188 0
189 1
190 1
191 0
192 1
193 0
194 0
195 1
196 1
197 0
198 1
199 0
200 1
201 1
202 1
203 1
204 0
205 1
206 0
207 0
208 1
209 1
210 0
211 1
212 0
213 1
214 1
215 0
216 0
217 0
218 1
219 0
220 1
221 1
222 0
223 1
224 1
225 1
226 0
227 0
228 1
229 1
230 0
231 1
232 1
233 0
234 1
235 1
236 1
237 1
238 0
239 1
240 1
241 1
242 0
243 1
244 1
245 1
246 0
247 0
248 0
249 0
250 1
251 1
252 0
253 0
254 1
255 0
256 1
257 1
258 1
259 1
260 1
261 0
262 1
263 1
264 1
265 0
266 1
267 1
268 0
269 1
270 0
271 1
272 1
273 0
274 0
275 1
276 1
277 0
278 0
279 1
280 1
281 0
282 1
283 1
284 1
285 0
286 0
287 1
288 1
289 1
290 0
291 1
292 1
293 1
294 0
295 0
296 1
297 0
298 0
299 0
300 0
301 1
302 1
303 0
304 0
305 0
306 1
307 0
308 1
309 0
310 1
311 1
312 1
313 0
314 1
315 0
316 0
317 1
318 1
319 1
320 0
321 0
322 1
323 1
324 0
325 1
326 0
327 0
328 0
329 1
330 0
331 0
332 1
333 1
334 0
335 0
336 0
337 1
338 0
339 1
340 0
341 1
342 0
343 1
344 1
345 1
346 0
347 0
348 1
349 1
350 0
351 1
352 1
353 0
354 1
355 0
356 1
357 0
358 1
359 1
360 0
361 1
362 0
363 1
364 1
365 1
366 0
367 0
368 0
369 1
370 1
371 0
372 1
373 0
374 0
375 1
376 1
377 0
378 0
379 0
380 1
381 1
382 0
383 1
384 0
385 0
386 1
387 0
388 0
389 1
390 0
391 1
392 0
393 1
394 0
395 0
396 0
397 0
398 1
399 0
400 1
401 1
402 1
403 0
404 0
405 1
406 0
407 0
408 0
409 0
410 1
411 1
412 0
413 1
414 1
415 0
416 1
417 1
418 1
