1 0
2 0
3 0
4 0
5 1
6 1
7 1
8 0
9 0
10 0
11 1
12 1
13 0
14 1
15 0
16 1
17 0
18 0
19 0
20 0
21 1
22 0
23 0
24 0
25 1
26 0
27 0
28 1
29 1
30 0
31 0
32 0
33 0
34 1
35 0
36 0
37 0
38 0
39 0
40 1
41 1
42 0
43 1
44 1
45 1
46 0
47 1
48 0
49 0
50 0
51 1
52 0
53 1
54 1
55 1
56 1
57 0
58 1
59 1
60 1
61 1
62 0
63 0
64 0
65 1
66 1
67 0
68 1
69 0
70 1
71 0
72 0
73 1
74 1
75 0
76 0
77 1
78 1
79 0
80 0
81 1
82 1
83 1
84 0
85 1
86 0
87 0
88 0
89 1
90 0
91 1
92 1
93 1
94 0
95 1
96 0
97 0
98 0
99 0
100 1
101 1
102 1
103 0
104 0
105 1
106 0
107 1
108 0
109 0
110 1
111 1
112 1
113 1
114 0
115 0
116 1
117 1
118 1
119 1
120 1
121 1
122 0
123 0
124 0
125 0
126 1
127 0
128 1
129 0
130 0
131 0
132 1
133 1
134 0
135 1
136 0
137 0
138 0
139 1
140 0
141 1
142 1
143 0
144 0
145 0
146 0
147 0
148 1
149 0
150 0
151 0
152 0
153 0
154 1
155 1
156 0
157 1
158 0
159 1
160 0
161 0
162 1
163 0
164 0
165 1
166 0
167 0
168 1
169 0
170 0
171 1
172 0
173 0
174 1
175 1
176 1
177 0
178 0
179 0
180 0
181 0
182 0
183 1
184 0
185 1
186 0
187 0
188 1
189 0
190 0
191 0
192 1
193 1
194 1
195 1
196 0
197 0
198 0
199 1
200 0
201 0
202 0
203 1
204 1
205 0
206 0
207 1
208 1
209 0
210 0
211 0
212 1
213 0
214 1
215 0
216 1
217 1
218 1
219 0
220 0
221 0
222 1
223 0
224 1
225 0
226 1
227 1
228 0
229 0
230 1
231 1
232 0
233 0
234 1
235 0
236 1
237 0
238 1
239 0
240 0
241 0
242 0
243 1
244 1
245 0
246 1
247 1
248 1
249 1
250 0
251 0
252 0
253 1
254 0
255 0
256 0
257 0
258 0
259 1
260 1
261 0
262 0
263 1
264 1
265 0
266 1
267 1
268 0
269 0
270 1
271 0
272 0
273 1
274 1
275 0
276 0
277 1
278 0
279 0
280 0
281 0
282 1
283 0
284 1
285 1
286 1
287 0
288 1
289 1
290 1
291 1
292 1
293 0
294 1
295 0
296 1
297 1
298 1
299 1
300 1
301 0
302 1
303 0
304 1
305 1
306 1
307 1
308 0
309 0
310 1
311 1
312 0
313 0
314 1
315 0
316 0
317 0
318 0
319 1
320 1
321 1
322 1
323 0
324 1
325 0
326 0
327 1
328 0
329 0
330 0
331 0
332 0
333 1
334 1
335 0
336 1
337 1
338 1
339 1
340 1
341 1
342 1
343 0
344 1
345 1
346 0
347 1
348 0
349 1
350 1
351 0
352 1
353 0
354 0
355 1
356 1
357 0
358 1
359 0
360 0
361 1
362 0
363 0
364 1
365 1
366 0
367 0
368 0
369 0
370 0
371 1
372 0
373 0
374 0
375 1
376 0
377 1
378 1
379 1
380 1
381 0
382 1
383 1
384 0
385 1
386 0
387 0
388 1
389 0
390 1
391 0
392 1
393 1
394 0
395 1
396 0
397 1
398 1
399 1
400 1
401 1
402 1
403 1
404 1
405 0
406 0
407 0
408 1
409 1
410 0
411 0
412 1
413 1
414 0
415 1
416 1
417 1
418 1
419 1
420 1
421 0
422 1
423 0
424 1
425 0
426 1
427 0
428 1
429 1
430 0
431 1
432 0
433 0
434 0
435 1
436 0
437 0
438 0
439 0
440 1
441 0
442 1
443 0
444 1
445 1
446 0
447 1
448 1
449 1
450 0
451 1
452 1
453 1
454 1
455 1
456 1
457 1
458 1
459 0
460 1
461 1
462 1
463 1
464 1
465 1
466 0
467 1
468 1
469 0
470 1
471 1
472 1
473 0
474 1
475 1
476 0
477 0
478 0
479 0
480 1
481 1
482 0
483 1
484 0
485 1
486 1
487 1
488 0
489 1
490 0
491 1
492 0
493 1
494 1
495 1
496 1
497 0
498 0
499 0
500 1
501 1
502 1
503 1
504 0
505 0
506 0
507 1
508 0
509 0
510 1
511 0
512 0
513 0
514 1
515 1
516 0
517 1
518 0
519 0
520 0
521 1
522 1
523 1
524 0
525 0
526 0
527 0
528 1
529 1
530 0
531 1
532 1
533 0
534 0
535 1
536 1
537 1
538 1
539 1
540 1
541 1
542 1
543 1
544 1
545 1
546 1
547 0
548 1
549 1
550 1
551 0
552 1
553 1
554 0
555 1
556 1
557 0
558 0
559 1
560 1
561 0
562 1
563 0
564 1
565 0
566 1
567 0
568 1
569 0
570 0
571 1
572 0
573 0
574 1
575 0
576 0
577 1
578 0
579 0
580 0
581 0
582 1
583 0
584 1
585 1
586 0
587 1
588 0
589 0
590 1
591 1
592 1
593 0
594 1
595 1
596 1
597 0
598 0
599 1
600 0
601 1
602 0
603 1
604 1
605 0
606 0
607 0
608 0
609 0
610 1
611 1
612 1
613 0
614 1
615 1
616 1
617 0
618 0
619 1
620 1
621 0
622 1
623 1
624 0
625 0
626 1
627 0
628 1
629 0
630 1
631 0
632 0
633 0
634 0
635 0
636 0
637 1
638 1
639 0
640 1
641 0
642 0
643 1
644 0
645 0
646 0
647 0
648 0
649 1
650 1
651 0
652 0
653 1
654 0
655 0
656 1
657 1
658 1
659 1
660 0
661 0
662 1
663 0
664 1
665 0
666 1
667 1
668 1
669 1
670 1
671 1
672 0
673 0
674 0
675 0
676 0
677 1
678 1
679 1
680 1
681 0
682 0
683 0
684 0
685 0
686 1
687 0
688 0
689 1
690 0
691 1
692 0
693 1
694 1
695 0
696 1
697 1
698 1
699 0
700 1
701 1
702 1
703 0
704 0
705 0
706 1
707 0
708 1
709 1
710 0
711 1
712 1
713 1
714 1
715 1
716 0
717 1
718 0
719 0
720 1
721 0
722 1
723 1
724 1
725 1
726 1
727 0
728 1
729 1
730 0
731 0
732 0
733 0
734 0
735 0
736 1
737 1
738 1
739 1
740 1
741 1
742 0
743 0
744 1
745 0
746 0
747 0
748 1
749 0
750 0
751 0
752 0
753 1
754 0
755 0
756 0
757 0
758 1
759 1
760 0
761 1
762 1
763 1
764 0
765 1
766 0
767 0
768 0
769 1
770 0
771 0
772 0
773 1
774 1
775 0
776 0
777 0
778 1
779 1
780 0
781 0
782 0
783 1
784 1
785 0
786 1
787 1
788 1
789 0
790 0
791 0
792 1
793 0
794 0
795 0
796 0
797 0
798 0
799 0
800 0
801 0
802 1
803 0
804 0
805 1
806 1
807 1
808 0
809 0
810 0
811 0
812 1
813 0
814 1
815 0
816 0
817 0
818 0
819 1
820 1
821 0
822 1
823 1
824 0
825 1
826 0
827 0
828 1
829 0
830 0
831 1
832 0
833 0
834 1
835 1
836 1
837 0
838 1
839 0
840 0
841 1
842 1
843 0
844 1
845 0
846 1
847 1
848 1
849 1
850 1
851 0
852 0
853 0
854 0
855 1
856 0
857 1
858 1
859 1
860 1
861 1
862 0
863 1
864 1
865 1
866 1
867 0
868 0
869 0
870 1
871 0
872 1
873 1
874 1
875 0
876 1
877 0
878 0
879 0
880 0
881 1
882 1
883 1
