2164
1010
1955
1179
2530
120
90
1908
2323
950
2505
2678
1990
1392
1924
334
284
533
1654
2831
1247
1243
1767
2327
1543
2564
997
316
2028
747
653
2454
1497
1725
2435
901
1864
1013
2347
2098
2724
532
2885
2869
666
422
2149
1303
2355
1399
385
2099
2045
1422
819
1814
360
710
2811
2634
1753
1729
2009
2814
2269
1253
386
2428
1125
1310
670
1979
2636
1030
2058
1186
751
1305
91
1733
1558
2237
643
1309
93
1015
515
824
220
1705
1609
62
2429
1625
353
2379
2536
623
706
2676
1352
1098
1017
914
1474
724
767
951
2918
882
1431
457
687
2234
2546
2629
614
2581
2651
1436
2914
2620
1878
1884
2702
405
583
1393
720
1811
2406
57
1475
2250
392
66
1791
207
615
932
1687
22
141
131
218
2392
109
110
2643
2105
2257
2361
1189
1460
1640
904
1629
2928
976
2911
1264
1925
1797
854
1365
2227
2474
1065
2381
438
1299
1744
843
2283
1235
1866
1910
1865
1630
1418
1116
2930
1521
1172
1860
119
1812
1898
1530
1686
2230
51
2585
2902
679
1456
2046
2735
851
1192
1746
1435
2675
1728
1682
1512
891
2356
250
1613
1221
2909
2745
129
2258
2110
974
395
605
1001
2309
2913
1467
769
1476
2793
2594
1522
2570
65
1885
2603
2241
2840
910
1581
2350
1316
407
2924
675
525
2405
2699
1688
686
2799
383
505
1674
2278
168
2692
285
2470
1603
2111
2228
887
1636
1319
2273
799
547
351
2890
2439
1378
227
431
214
1004
2657
84
2390
2158
2650
64
2542
1074
1210
2499
170
1233
2809
2438
280
63
1580
2605
2584
1123
132
69
219
2393
1000
1009
163
2235
2464
907
2875
707
2424
1498
1066
1287
2408
573
1940
224
68
1102
1311
2372
1016
1191
990
507
2608
309
1079
674
2238
946
30
1269
814
2777
1939
297
2088
1169
2558
1273
1039
94
1656
808
47
1096
984
492
2479
911
2597
771
2680
83
1820
2506
2776
53
352
81
1137
1523
555
2472
529
255
1258
1560
732
2276
404
1480
1539
1870
2641
1362
1144
528
607
184
742
862
796
2171
345
526
1341
1020
743
1327
1549
1182
2868
2583
1220
70
2115
2648
2446
192
1173
1370
307
2919
2839
1023
897
2507
88
400
2734
2741
638
2557
832
2771
2262
1193
580
1154
2878
2783
48
419
2630
514
672
377
1322
253
301
1024
2704
2445
185
318
921
2751
1965
440
394
17
534
341
259
2566
393
1449
1561
2710
917
1619
2912
1306
1176
1803
2655
2611
503
929
736
2910
1113
272
126
2285
2343
2332
1627
2898
2759
2102
1857
1298
286
1440
2116
958
2534
2622
2176
1665
144
1715
2000
151
820
1839
694
1565
1402
1394
50
2592
566
2264
308
2800
249
242
2007
155
966
1737
2646
36
1710
1155
1787
2773
484
2905
938
2277
384
1618
1641
2135
2129
2117
2184
746
863
556
2511
2436
430
159
2543
2411
447
329
295
909
148
1050
2222
2291
2870
727
382
662
501
568
1064
2271
673
2417
1135
1801
689
1942
1159
166
1520
1850
5
1452
211
1405
1554
470
1808
1693
700
2688
2486
2707
41
1481
1035
1058
847
399
1091
2652
1995
1254
2403
455
1987
1411
2852
2671
2571
2301
2096
1129
82
265
59
2072
2529
296
2830
2498
2795
2011
31
376
2821
123
111
317
734
697
2516
2320
874
2664
2593
1284
414
1786
585
97
2590
2808
1832
2582
1019
2215
2056
571
2624
1242
714
1256
2186
1911
665
2752
2126
1262
38
276
33
2917
773
1285
2078
540
1985
1213
2220
2545
1751
1075
149
1085
750
1899
2562
1826
881
669
1623
2503
2591
2192
2613
1702
634
288
860
656
61
2086
1139
77
1769
124
54
435
45
660
2289
774
856
2352
1745
2093
704
1397
1056
254
1929
527
2189
486
626
1515
1691
2467
581
2338
2631
2638
1614
1045
291
2901
482
153
2757
1711
2199
1266
1055
1648
2838
530
2447
2089
89
1257
2185
1872
1760
2769
428
915
877
883
994
711
1251
315
2335
859
2055
1692
260
2490
152
344
935
1588
2031
899
489
757
2504
25
2188
206
164
2437
2721
1134
572
142
1981
688
1493
2669
2497
1883
1040
1259
1761
191
2330
1724
1479
1976
1356
193
325
1130
608
1100
2565
1033
2453
1886
1069
1373
2774
2251
786
2635
2166
2142
2548
655
975
2287
1413
803
1458
1420
764
13
696
780
866
1509
579
44
2097
2140
2845
2296
2205
765
359
2064
1313
2679
2481
1880
2706
785
473
20
539
1453
21
654
1806
1901
1570
416
986
1267
1381
1441
2612
1620
1222
1163
2461
1703
2244
1735
292
1240
980
923
1108
389
2683
2141
613
1960
2155
2214
432
2477
520
223
2866
2023
1793
1632
1080
900
1491
2894
1838
2925
1490
2720
24
2239
1430
2587
1996
2426
1115
145
591
1470
2038
1556
1661
1668
135
1843
1502
755
1993
79
1947
576
2052
1359
2443
890
1847
960
2071
992
2441
2586
217
2229
1307
300
453
737
1893
1971
461
1131
2828
1261
1717
237
753
631
2600
2553
787
330
1807
1236
409
2280
651
600
1862
1841
8
2815
327
372
2862
58
40
772
1936
557
685
1510
1915
1022
2268
2266
2033
567
2243
2314
2632
2042
1599
106
1802
2015
1615
821
266
403
2619
2414
2538
437
1741
1578
1274
1177
1669
2118
121
2633
1564
2213
2860
1335
425
2500
1572
1659
1471
2488
2482
287
632
1675
1708
2723
1858
2245
246
2275
1119
2457
2877
848
1601
1223
1855
1677
2425
1685
1646
2294
1376
749
273
775
1758
1932
2867
2684
1912
412
647
1349
402
2092
2100
1239
2027
460
699
833
1784
337
1511
2661
499
715
1401
391
157
175
2786
867
939
1357
397
1121
2617
1136
535
1486
2518
2284
996
2873
2926
18
1314
1092
2604
2833
2224
1406
1810
498
1495
183
2353
1789
1384
1762
2362
2827
822
973
1018
2715
781
837
1426
2826
355
1464
234
1407
582
1034
1569
945
222
2532
2012
1246
1291
122
2941
812
23
2265
2065
853
815
480
811
456
649
356
2068
1736
2448
1957
1225
108
2788
1926
1589
1918
2639
2829
2315
368
1593
676
2637
2883
2903
809
2550
1770
1483
133
2615
2881
2418
595
1650
1716
46
2579
1704
1606
1706
1897
449
2006
2101
105
434
2509
2841
160
1694
72
1302
1499
2
1114
1943
1107
1292
2761
1748
410
364
19
559
15
941
1720
358
920
701
134
251
1198
1031
1281
2368
2766
1730
1563
226
752
2861
845
99
1145
2456
624
1026
212
2510
1404
2812
2022
1909
1332
1390
1425
977
1917
729
918
633
1991
1759
11
283
321
898
1637
311
264
893
2540
1202
182
2764
587
2386
1598
103
290
2816
640
2737
1690
627
1792
2872
32
1919
2200
2920
1077
194
429
2219
723
2125
1317
2848
1571
993
2787
1895
98
1681
2864
1861
241
2331
2253
1444
1680
74
1595
1894
690
2233
594
2391
517
1517
1385
813
1721
2047
2344
2236
513
552
1344
889
2193
2923
2524
445
961
1008
1358
542
1977
506
2137
1088
628
1339
735
298
34
1608
172
2607
2850
2940
2034
636
829
612
2907
2427
71
1994
1025
1531
1726
1124
2281
1934
1308
2374
2767
2128
880
931
1012
731
268
2107
2162
1551
2450
375
2279
2515
1633
343
1621
1320
2387
766
78
698
790
231
2598
603
1415
1877
2882
2134
2246
350
2311
1836
2085
2674
140
2225
1874
927
1485
1147
968
2054
2212
793
2030
869
1738
465
1503
1869
1963
357
2804
1083
1950
1477
2892
2290
2084
1400
1052
1286
512
1927
1369
2621
1218
263
2010
1949
2458
162
1645
277
841
2595
2119
2916
739
1388
1605
2573
2492
588
1799
1617
1360
2931
2691
1428
1219
2204
1112
593
433
2087
952
1382
1700
2487
625
639
1846
293
549
2136
1980
2310
187
1328
981
2321
2854
2183
1642
374
776
2855
1199
137
236
1194
171
712
597
1331
1837
1265
681
2394
1848
2696
60
2526
1120
1443
983
604
1804
783
2789
2317
2904
2756
1078
361
2396
599
801
1345
228
1148
487
708
682
2835
2753
826
1346
1133
713
2693
1297
1238
1132
1709
1809
1206
1923
2442
741
1437
2711
531
545
2081
648
1876
1014
378
2376
1062
200
1340
331
2433
1371
865
335
1796
1330
894
930
102
1423
511
2569
1964
1891
942
1952
1600
840
598
267
1272
1457
2444
2908
563
2871
2026
1028
590
177
2402
2008
1188
1938
1928
76
2475
972
1575
2329
2156
1983
1270
2380
1842
1844
2813
1903
2713
1689
646
1935
1658
661
1959
2226
2818
1067
199
2495
2863
1518
2404
2708
213
2819
1722
332
937
1579
1118
2303
2299
294
2915
138
728
2927
2556
2749
1214
1165
562
621
1631
1755
2489
1532
2695
180
2168
2790
1610
2897
232
167
1217
2609
1138
274
2847
1462
1324
722
472
2640
114
1778
1765
2209
2385
1958
1852
2660
2345
816
2399
1999
922
818
2421
1126
2673
912
2717
2476
589
1321
1712
2272
760
75
962
2255
872
2191
1591
2744
2758
2062
2337
2017
1061
1249
475
477
2796
1907
1533
1670
1105
1143
721
1714
959
971
925
2682
2733
717
451
2834
2369
1879
1660
2728
2339
1389
2746
1469
609
2223
1519
1212
1128
9
657
2025
2891
2876
2131
2677
488
1798
2297
979
2180
502
2114
195
2466
496
620
2413
2501
154
1827
2739
1351
1294
895
2138
1450
299
1790
570
2559
2718
2346
827
2658
2725
504
989
1106
1697
987
519
1500
1042
2270
1902
1566
1414
1921
586
1676
1953
1962
1146
1044
95
462
1775
2398
471
1956
2493
1226
442
2730
2014
2218
1749
2313
1250
2554
304
1905
2123
2288
463
1813
2494
2936
2820
1528
2459
2887
1082
230
1583
2642
1204
56
2349
1410
2161
709
423
1914
1353
2336
312
1280
2765
2382
546
354
29
1756
127
2889
2689
1975
2018
2333
1863
791
2187
2802
216
289
1835
2070
1853
892
6
314
1772
2726
1375
1892
805
2817
2857
2531
2061
2780
2090
1288
949
373
641
2197
243
1795
1788
1845
584
1234
1110
1576
2169
1541
1817
128
215
998
2103
1830
2035
2172
1969
2069
1043
2610
1930
116
1752
1849
1833
1573
1093
1300
537
1540
569
2455
1304
1419
1743
495
85
426
2823
2130
176
578
302
2389
1777
565
1683
1989
1496
2508
1666
1478
964
37
2053
873
73
1263
659
2153
2410
1228
39
684
2044
2032
420
2039
1174
379
1970
1506
1592
2083
2644
2846
1334
1537
1516
2697
2003
2580
1824
2933
2525
2304
2719
1103
2167
1513
313
1732
561
1785
2921
1900
2170
868
125
541
944
1816
1451
2626
2670
1607
1978
1966
1776
2896
2400
888
544
469
2001
336
804
1624
1051
644
725
777
2021
2568
1986
1643
2375
1604
2858
485
244
1727
2785
2468
1454
1553
1338
1070
913
762
322
169
2716
1097
1241
326
1968
1224
1053
1482
1468
1699
203
190
2663
846
2514
2300
1780
1099
2491
2179
1396
306
940
2760
1268
1203
1882
1948
836
2837
1707
2698
2073
201
740
2527
411
2154
1395
387
2778
1391
2395
278
2004
468
663
601
761
2252
2736
2451
748
240
1896
323
1672
798
2160
988
1445
806
1887
2471
2261
444
524
136
16
550
2298
2754
2616
1367
1354
491
1244
2307
1227
2174
667
1364
365
719
954
1207
1011
1867
1611
2544
2358
2363
1639
239
1487
1167
825
1195
1151
1875
1187
2423
333
1982
2803
1647
1628
1073
1248
560
1060
770
1823
2198
948
12
2148
2057
896
1417
1626
181
1027
188
2196
2094
143
2091
536
2460
2567
2520
596
1890
995
271
2849
2371
2051
861
1442
2712
2614
10
1379
1671
1424
1095
879
348
1997
2463
2384
1582
328
2886
1740
2522
2484
999
1859
1489
1160
2762
2121
2334
2326
2659
1089
2937
1171
1657
551
2351
1181
782
2132
1723
2157
2577
619
2473
1818
2342
794
2217
439
1868
2794
1084
204
2367
476
763
2366
1090
2668
2521
2165
2623
1961
784
367
1881
363
1559
2731
2082
2709
792
1205
1006
1377
1771
548
671
610
2900
1057
2377
522
1805
150
2397
490
483
282
871
2019
1594
257
2207
2016
802
35
1488
1550
1652
415
2452
2013
1348
2113
2791
305
2647
1574
1494
1888
2627
474
2360
1616
186
1081
857
716
1854
421
1653
2825
1815
2181
2810
1719
2322
924
2929
678
1209
130
1271
602
1974
2865
2048
1150
516
2485
2513
1421
2801
371
1794
2625
2589
616
1967
1318
2373
178
1577
797
1998
2005
1945
2431
2574
1208
965
1473
196
2938
828
2681
855
1459
408
1501
1185
2263
441
800
158
275
258
2665
1433
2190
189
2755
2037
906
2049
198
2076
113
2357
1117
324
2302
1856
1526
2029
279
478
417
2843
2422
733
2899
553
2325
1547
0
1403
2836
831
1663
850
1197
1555
1873
2656
2378
205
2383
2150
2159
2700
2210
652
592
834
2690
2851
718
2415
928
947
622
2146
523
2409
104
1072
464
319
2256
396
380
864
1505
1231
1731
677
427
1527
1973
2449
2645
2041
1101
2859
2292
1178
2738
2856
1562
443
1164
1003
202
2060
1635
2922
908
398
493
1461
49
1678
446
1534
1038
650
577
830
1951
2318
1323
2066
2208
208
87
390
2502
1427
1662
1374
2144
2348
1162
2649
1768
2182
1783
2430
1325
146
1383
2478
1904
245
1434
630
197
1800
982
2654
26
2618
2308
2465
67
2133
366
269
452
2319
2747
695
42
1831
2416
1170
1127
2178
1465
2714
2906
458
1200
1508
2259
2832
692
3
1586
2469
1684
1447
2732
1937
1166
466
726
1920
1329
261
2020
2063
835
953
745
1466
1104
518
262
1536
1544
943
788
2079
618
778
852
1597
1315
1538
2175
2124
1514
2727
1782
2163
2420
2077
2286
1293
2260
2701
839
1190
1922
1701
838
844
1047
2127
2248
1409
225
1156
1289
1931
1763
1432
2893
886
2247
406
1944
235
2798
967
2806
878
2703
508
849
509
1906
1229
100
494
1821
112
1545
2853
28
1667
2120
2519
1408
346
1695
2549
1412
454
1548
370
642
1889
2024
789
1347
2401
756
1644
1552
2552
1046
2388
4
86
2781
1484
2782
338
2040
2341
2666
991
270
2359
810
2537
683
691
2108
2080
2496
2560
1275
1232
1696
1446
858
209
500
919
1779
448
575
1655
2267
1333
2324
693
1048
905
1757
2588
2934
1754
2797
1941
1260
2601
2480
2576
916
768
1086
795
558
1296
658
1168
310
1111
2750
459
1504
450
1007
1029
388
1734
758
1032
2880
238
115
342
1819
2109
1568
2036
574
2147
2312
1429
1946
1183
339
165
1988
1596
2528
2195
2572
161
1196
1158
2354
1036
467
2879
1463
2050
2578
1825
2822
1201
1713
635
2561
2305
2935
2221
1622
754
2939
1387
1337
1
1584
1141
2575
2763
1871
1386
1834
2295
1651
2667
637
510
1363
934
1122
1673
1525
101
1041
2535
156
2517
933
1822
1972
1184
1087
538
1984
1507
1664
1766
1343
1355
2824
2602
52
2551
1546
1301
1750
1567
2792
173
885
1638
668
2888
1255
1290
779
2743
1094
2705
2539
2742
1455
2340
1216
2770
1916
1021
1612
2043
55
1954
1747
645
1076
2232
1679
759
2932
481
744
2365
1602
875
436
2419
80
1312
730
1773
1252
1278
1161
1438
956
2606
823
1002
1237
2842
970
2748
1742
2533
381
2440
2173
606
1840
1350
340
2328
2274
617
1529
1739
2432
2599
2686
252
884
2002
2874
2596
1535
424
1781
2729
870
664
497
1718
680
705
817
1037
842
1068
2784
247
96
2523
1279
703
1448
564
2201
413
2316
369
2104
2547
1557
1005
2775
2483
955
876
1416
1142
1230
1175
611
1215
349
1398
139
2364
1524
2805
14
303
1149
1283
1211
248
2628
936
1649
2434
1587
2095
2768
2254
107
978
221
2370
926
1153
2555
2231
1152
1071
2152
2653
2462
2685
1913
2779
362
2282
1054
2722
418
2203
957
117
2240
969
2242
1336
902
1634
347
1992
1276
1049
1851
963
1380
1342
2139
2143
7
2151
2884
2672
1140
1472
1245
1492
2740
2194
2106
174
985
2067
1828
1590
1933
2895
2306
702
807
2177
2662
2541
1372
27
2211
229
118
1368
147
2563
1109
2807
210
1366
738
521
401
2059
2112
92
1439
2122
2293
1063
554
1829
2074
43
1157
1764
2202
543
233
1698
629
2772
2694
1282
2687
2216
479
2512
1295
179
1542
2206
2407
281
1326
1180
2249
2075
2145
320
1585
903
1774
256
1059
2844
2412
1277
1361

