1 1
2 0
3 1
4 0
5 1
6 1
7 1
8 0
9 0
10 1
11 1
12 0
13 0
14 0
15 1
16 1
17 0
18 1
19 1
20 0
21 0
22 1
23 1
24 1
25 0
26 0
27 1
28 1
29 1
30 1
31 1
32 1
33 0
34 0
35 0
36 0
37 0
38 0
39 1
40 0
41 1
42 0
43 1
44 1
45 0
46 0
47 1
48 1
49 1
50 0
51 0
52 0
53 0
54 1
55 1
56 0
57 1
58 0
59 1
60 0
61 1
62 0
63 0
64 1
65 1
66 1
67 1
68 0
69 0
70 0
71 0
72 1
73 0
74 0
75 1
76 1
77 0
78 1
79 1
80 1
81 0
82 1
83 1
84 0
85 1
86 0
87 0
88 0
89 0
90 0
91 1
92 1
93 1
94 0
95 1
96 0
97 1
98 0
99 1
100 0
101 1
102 0
103 0
104 0
105 0
106 0
107 1
108 0
109 0
110 0
111 0
112 1
113 1
114 0
115 1
116 1
117 1
118 1
119 1
120 0
121 1
122 1
123 0
124 0
125 1
126 0
127 1
128 1
129 0
130 1
131 1
132 1
133 0
134 1
135 1
136 0
137 1
138 0
139 1
140 1
141 1
142 1
143 0
144 0
145 1
146 1
147 0
148 1
149 1
150 1
151 0
152 0
153 1
154 1
155 1
156 0
157 1
158 0
159 1
160 0
161 0
162 1
163 1
164 0
165 0
166 0
167 1
168 1
169 1
170 0
171 0
172 0
173 1
174 0
175 0
176 1
177 1
178 0
179 0
180 1
181 1
182 0
183 1
184 1
185 1
186 1
187 1
188 1
189 0
190 1
191 1
192 1
193 0
194 0
195 0
196 1
197 1
198 1
199 0
200 0
201 1
202 1
203 1
204 1
205 1
206 1
207 0
208 0
209 0
210 1
211 1
212 0
213 1
214 0
215 1
216 1
217 0
218 0
219 1
220 0
221 1
222 1
223 1
224 1
225 1
226 1
227 0
228 0
229 1
230 0
231 1
232 0
233 1
234 0
235 0
236 1
237 1
238 1
239 1
240 1
241 1
242 0
243 1
244 1
245 1
246 1
247 0
248 1
249 1
250 1
251 0
252 1
253 0
254 0
255 0
256 1
257 1
258 1
259 0
260 1
261 0
262 0
263 0
264 1
265 1
266 1
267 1
268 1
269 1
270 1
271 0
272 1
273 1
274 1
275 1
276 1
277 1
278 0
279 0
280 1
281 1
282 1
283 0
284 0
285 1
286 1
287 0
288 1
289 1
290 1
291 1
292 0
293 1
294 0
295 1
296 1
297 1
298 1
299 0
300 1
301 1
302 0
303 1
304 1
305 1
306 1
307 0
308 0
309 0
310 0
311 0
312 0
313 1
314 1
315 1
316 1
317 0
318 0
319 0
320 0
321 1
322 0
323 1
324 0
325 0
326 1
327 1
328 1
329 0
330 1
331 0
332 0
333 1
334 1
335 0
336 1
337 1
338 0
339 1
340 0
341 1
342 1
343 0
344 1
345 1
346 0
347 0
348 1
349 1
350 1
351 0
352 0
353 1
354 1
355 1
356 1
357 1
358 1
359 0
360 1
361 0
362 0
363 1
364 1
365 1
366 0
367 0
368 1
369 1
370 1
371 0
372 1
373 1
374 1
375 0
376 0
377 1
378 0
379 0
380 0
381 1
382 0
383 0
384 1
385 0
386 1
387 1
388 0
389 1
390 1
391 0
392 1
393 1
394 0
395 1
396 1
397 0
398 0
399 1
400 0
401 0
402 0
403 1
404 1
405 0
406 1
407 1
408 1
409 1
410 0
411 0
412 1
413 0
414 1
415 1
416 1
417 1
418 0
419 0
420 0
421 0
422 0
423 1
424 1
425 1
426 0
427 0
428 0
429 1
430 1
431 0
432 0
433 0
434 1
435 0
436 1
437 1
438 0
439 1
440 0
441 1
442 1
443 1
444 0
445 1
446 0
447 1
448 1
449 1
450 1
451 1
452 1
453 1
454 0
455 1
456 1
457 1
458 0
459 1
460 0
461 0
462 0
463 1
464 0
465 1
466 0
467 1
468 1
469 1
470 0
471 1
472 0
473 1
474 0
475 0
476 1
477 0
478 0
479 1
480 0
481 1
482 1
483 0
484 0
485 0
486 1
487 1
488 1
489 1
490 0
491 1
492 1
493 0
494 0
495 1
496 1
497 1
498 1
499 1
500 1
501 1
502 0
503 0
504 0
505 1
506 1
507 0
508 1
509 0
510 0
511 0
512 0
513 0
514 0
515 1
516 0
517 1
518 1
519 1
520 0
521 0
522 0
523 1
524 0
525 1
526 1
527 0
528 1
529 0
530 0
531 1
532 0
533 0
534 1
535 1
536 1
537 1
538 1
539 0
540 1
541 0
542 1
543 1
544 0
545 0
546 1
547 1
548 1
549 0
550 1
551 1
552 1
553 0
554 1
555 1
556 1
557 1
558 1
559 1
560 0
561 0
562 1
563 0
564 1
565 1
566 1
567 1
568 1
569 0
570 0
571 1
572 1
573 1
574 0
575 1
576 1
577 0
578 1
579 1
580 1
581 1
582 0
583 1
584 0
585 0
586 0
587 1
588 1
589 0
590 1
591 1
592 0
593 0
594 0
595 1
596 1
597 1
598 1
599 1
600 1
601 1
602 1
603 1
604 0
605 0
606 0
607 1
608 0
609 1
610 1
611 0
612 0
613 0
614 1
615 1
616 1
617 1
618 1
619 0
620 0
621 1
622 1
623 1
624 1
625 1
626 1
627 0
628 0
629 1
630 0
631 1
632 0
633 0
634 1
635 0
636 0
637 1
638 0
639 1
640 1
641 0
642 0
643 0
644 0
645 1
646 1
647 1
648 0
649 1
650 1
651 0
652 1
653 1
654 0
655 1
656 1
657 0
658 0
659 1
660 0
661 1
662 1
663 1
664 1
665 1
666 0
667 1
668 1
669 0
670 0
671 0
672 0
673 0
674 0
675 0
676 0
677 1
678 1
679 1
680 1
681 1
682 0
683 1
684 0
685 0
686 0
687 1
688 0
689 1
690 1
691 1
692 1
693 1
694 0
695 1
696 1
697 1
698 0
699 1
700 1
701 1
702 0
703 1
704 1
705 0
706 0
707 1
708 1
709 0
710 1
711 1
712 1
713 0
714 1
715 1
716 1
717 1
718 1
719 1
720 0
721 1
722 1
723 1
724 1
725 1
726 1
727 1
728 0
729 1
730 1
731 1
732 1
733 1
734 1
735 1
736 1
737 0
738 1
739 0
740 1
741 1
742 1
743 1
744 1
745 1
746 1
747 0
748 1
749 1
750 1
751 1
752 1
753 1
754 1
755 0
756 1
757 0
758 0
759 0
760 1
761 0
762 1
763 1
764 1
765 0
766 0
767 1
768 0
769 0
770 0
771 0
772 1
773 0
774 1
775 0
776 1
777 1
778 0
779 0
780 0
781 0
782 1
783 0
784 1
785 0
786 0
787 0
788 0
789 1
790 1
791 1
792 1
793 0
794 0
795 0
796 0
797 1
798 1
799 1
800 1
801 0
802 1
803 1
804 0
805 0
806 1
807 1
808 0
809 1
810 1
811 1
812 1
813 0
814 1
815 1
816 1
817 0
818 1
819 1
820 0
821 1
822 1
823 1
824 0
825 1
826 1
827 0
828 0
829 1
830 1
831 1
832 1
833 1
834 1
835 1
836 1
837 0
838 0
839 1
840 1
841 0
842 1
843 0
844 0
845 1
846 1
847 1
848 1
849 1
850 0
851 0
852 1
853 1
854 0
855 0
856 0
857 1
858 0
859 1
860 0
861 0
862 1
863 1
864 0
865 1
866 1
867 1
868 0
869 0
870 1
871 1
872 0
873 0
874 0
875 1
876 1
877 1
878 0
879 0
880 1
881 1
882 1
883 1
884 0
885 0
886 0
887 0
888 0
889 1
890 0
891 1
892 0
893 0
894 1
895 0
896 1
897 1
898 1
899 1
900 1
901 1
902 0
903 0
904 0
905 1
906 0
907 1
908 1
909 1
910 0
911 1
912 1
913 1
914 1
915 0
916 1
917 0
918 0
919 1
920 0
921 0
922 1
923 1
924 0
925 0
926 0
927 1
928 0
929 0
930 1
931 1
932 0
933 0
934 0
935 0
936 0
937 1
938 0
939 1
940 0
941 1
942 1
943 0
944 0
945 1
946 0
947 1
948 0
949 1
950 0
951 1
952 1
953 0
954 0
955 1
956 1
957 1
958 1
959 0
960 0
961 1
962 1
963 0
964 1
965 0
966 1
967 0
968 0
969 1
970 1
971 0
972 0
973 0
974 0
975 0
976 1
977 1
978 0
979 0
980 1
981 0
982 0
983 1
984 0
985 1
986 1
987 0
988 1
989 0
990 1
991 1
992 1
993 0
994 1
995 1
996 1
997 1
998 0
999 0
1000 0
1001 1
1002 0
1003 1
1004 1
1005 1
1006 0
1007 1
1008 1
1009 1
1010 1
1011 0
1012 1
1013 1
1014 0
1015 0
1016 1
1017 1
1018 0
1019 1
1020 1
1021 0
1022 0
1023 1
1024 1
1025 0
1026 0
1027 1
1028 0
1029 1
1030 0
1031 0
1032 1
1033 0
1034 0
1035 1
1036 1
1037 0
1038 1
1039 0
1040 1
1041 0
1042 1
1043 1
1044 1
1045 1
1046 1
1047 0
1048 1
1049 1
1050 1
1051 1
1052 0
1053 0
1054 0
1055 0
1056 0
1057 1
1058 0
1059 1
1060 0
1061 1
1062 0
1063 0
1064 0
1065 1
1066 1
1067 0
1068 0
1069 1
1070 1
1071 0
1072 1
1073 1
1074 0
1075 0
1076 1
1077 1
1078 1
1079 1
1080 0
1081 1
1082 1
1083 1
1084 1
1085 1
1086 1
1087 1
1088 1
1089 0
1090 1
1091 0
1092 1
1093 1
1094 1
1095 0
1096 1
1097 0
1098 1
1099 0
1100 1
1101 0
1102 1
1103 1
1104 1
1105 1
1106 1
1107 1
1108 1
1109 0
1110 1
1111 0
1112 1
1113 1
1114 1
1115 0
1116 1
1117 1
1118 1
1119 1
1120 1
1121 0
1122 1
1123 0
1124 1
1125 1
1126 1
1127 1
1128 1
1129 1
1130 1
1131 0
1132 1
1133 1
1134 1
1135 1
1136 1
1137 1
1138 1
1139 1
1140 1
1141 1
1142 0
1143 1
1144 0
1145 1
1146 0
1147 0
1148 0
1149 1
1150 0
1151 1
1152 0
1153 1
1154 0
1155 0
1156 0
1157 1
1158 1
1159 1
1160 1
1161 1
1162 0
1163 1
1164 1
1165 1
1166 1
1167 1
1168 1
1169 1
1170 1
1171 0
1172 1
1173 0
1174 1
1175 1
1176 0
1177 0
1178 0
1179 0
1180 1
1181 0
1182 1
1183 0
1184 0
1185 1
1186 1
1187 1
1188 1
1189 0
1190 1
1191 0
1192 0
1193 1
1194 1
1195 0
1196 1
1197 1
1198 0
1199 0
1200 0
1201 1
1202 1
1203 1
1204 1
1205 1
1206 0
1207 0
1208 0
1209 0
1210 0
1211 1
1212 1
1213 0
1214 1
1215 1
1216 1
1217 0
1218 0
1219 1
1220 0
1221 1
1222 1
1223 0
1224 0
1225 0
1226 0
1227 1
1228 1
1229 1
1230 0
1231 1
1232 0
1233 1
1234 0
1235 0
1236 1
1237 1
1238 1
1239 0
1240 0
1241 1
1242 1
1243 0
1244 0
1245 0
1246 0
1247 1
1248 0
1249 0
1250 0
1251 1
1252 0
1253 1
1254 0
1255 0
1256 0
1257 1
1258 0
1259 1
1260 0
1261 0
1262 0
1263 1
1264 0
1265 1
1266 1
1267 1
1268 1
1269 0
1270 0
1271 1
1272 1
1273 1
1274 1
1275 1
1276 1
1277 1
1278 1
1279 1
1280 1
1281 1
1282 1
1283 1
1284 0
1285 1
1286 1
1287 1
1288 0
1289 1
1290 0
1291 0
1292 1
1293 0
1294 1
1295 0
1296 0
1297 0
1298 1
1299 1
1300 0
1301 0
1302 0
1303 0
1304 1
1305 1
1306 0
1307 1
1308 1
1309 0
1310 0
1311 0
1312 0
1313 1
1314 0
1315 1
1316 1
1317 0
1318 0
1319 0
1320 0
1321 1
1322 0
1323 0
1324 0
1325 1
1326 1
1327 0
1328 0
1329 0
1330 1
1331 0
1332 1
1333 1
1334 1
1335 0
1336 0
1337 1
1338 0
1339 1
1340 1
1341 0
1342 1
1343 1
1344 1
1345 0
1346 1
1347 1
1348 0
1349 0
1350 0
1351 0
1352 1
1353 0
1354 0
1355 1
1356 1
1357 1
1358 1
1359 1
1360 1
1361 1
1362 1
1363 1
1364 1
1365 0
1366 0
1367 1
1368 1
1369 1
1370 1
1371 1
1372 1
1373 0
1374 0
1375 0
1376 1
1377 0
1378 0
1379 0
1380 0
1381 0
1382 1
1383 1
1384 0
1385 0
1386 1
1387 1
1388 0
1389 0
1390 1
1391 0
1392 0
1393 1
1394 1
1395 1
1396 1
1397 1
1398 1
1399 1
1400 1
1401 1
1402 0
1403 1
1404 0
1405 1
1406 1
1407 0
1408 0
1409 1
1410 0
1411 1
1412 1
1413 1
1414 1
1415 0
1416 1
1417 0
1418 1
1419 1
1420 1
1421 0
1422 1
1423 0
1424 1
1425 1
1426 1
1427 1
1428 1
1429 0
1430 0
1431 1
1432 1
1433 0
1434 1
1435 0
1436 1
1437 1
1438 1
1439 0
1440 1
1441 1
1442 0
1443 1
1444 1
1445 0
1446 1
1447 0
1448 0
1449 0
1450 1
1451 1
1452 0
1453 0
1454 0
1455 1
1456 1
1457 0
1458 1
1459 1
1460 0
1461 0
1462 0
1463 1
1464 0
1465 0
1466 1
1467 0
1468 1
1469 1
1470 1
1471 0
