1179
291
2418
723
1716
2595
2263
712
574
313
2852
1584
2358
2144
654
2761
2173
2462
2328
1784
1976
1205
1180
2087
1148
2115
877
937
1274
692
2266
2283
776
995
216
1394
215
1291
1776
2644
1187
702
1611
493
134
835
1330
2676
715
686
260
350
1325
1020
2332
1233
295
1564
1525
2271
2573
684
67
2233
1892
1800
2146
936
1359
423
590
211
448
2365
1457
1242
817
1341
2287
958
1833
1104
1534
524
1910
257
1736
2217
1850
1864
1389
1909
771
397
532
647
1306
1304
103
939
1421
2635
2355
787
913
2817
2429
2049
94
741
1277
2922
1822
480
1239
1417
2508
1130
1720
379
1856
2728
2885
264
2707
2398
85
1225
1849
1690
1760
1962
1484
1782
786
1798
1793
32
743
2103
2309
2154
1086
674
1806
2022
829
1472
2187
218
1138
2465
2004
209
2207
644
1757
2552
83
253
717
1358
2732
1297
1951
2317
2467
19
1219
1298
1959
2711
2601
2901
766
1055
876
1979
1507
2257
1560
2166
1268
1178
2253
1062
874
2569
798
199
2192
2641
981
2627
1238
2324
443
1284
2479
2323
1953
1183
328
2795
1671
1813
98
1019
466
614
1473
1422
229
2470
690
1906
1172
1882
1252
2826
1646
2226
2764
1031
1921
2094
189
170
1927
2751
1237
693
2373
1246
2442
1285
560
2225
602
433
784
2845
856
956
1241
2369
665
525
2851
2193
988
1634
1360
978
2143
292
1963
1408
1664
2337
1221
965
163
2841
2186
476
2445
2930
1036
1502
458
2812
1605
791
1810
401
1666
1566
1288
1811
2475
2214
1040
1889
197
2558
516
2603
2229
1854
2252
842
153
735
701
2521
2526
2908
2606
249
1505
2532
2352
2892
2450
1289
857
652
987
1971
1888
149
518
914
1533
685
1383
2195
1145
1282
2667
1741
1636
1527
2617
1111
1461
1998
1779
751
110
911
570
1033
1025
1967
2536
2538
1616
2347
1425
256
2840
968
1724
2244
75
356
2646
970
2116
617
2726
1353
1515
483
1758
2410
1932
2668
920
2211
629
2723
78
315
1919
1468
2204
2913
746
1563
1039
2717
400
1693
660
1708
883
1938
1791
1280
1003
552
1375
1877
122
2566
2163
1197
349
1656
1762
2067
2279
123
1752
2533
2709
417
2017
1725
2312
2416
1744
2254
1377
1393
2126
579
274
1376
332
2441
878
789
700
329
1259
1497
2796
1836
336
1303
1572
1942
1067
2435
2364
339
2774
213
301
1747
603
1002
1943
669
2489
675
271
2487
649
323
1946
2781
1689
601
1153
808
383
2553
2183
1704
2843
573
748
2529
118
2694
588
1974
2420
1076
1968
2861
1633
576
1966
852
2548
311
2002
1905
934
2181
1617
2203
2916
2894
1860
1886
1643
983
2866
41
2495
1230
2065
691
62
1929
2714
912
2436
2551
1156
630
1320
373
2658
733
824
1529
469
1511
512
1118
2038
1859
903
2291
1220
273
90
176
1597
1955
1844
471
2643
2397
1875
109
2083
2737
2855
2339
2272
1406
2783
2871
2042
1989
290
11
2216
1596
322
2059
2025
482
2499
226
2850
764
1487
1248
1299
1853
1092
2275
2509
1143
2524
255
91
2095
1555
277
1471
2314
2071
2387
2636
460
1176
2070
1403
1701
1753
730
1124
2189
951
1937
2415
795
2322
2119
2602
1589
2448
593
1824
636
680
427
1591
1769
317
582
2106
2080
2138
1523
2847
1229
486
607
1532
2236
661
1451
2844
545
1558
2747
302
1312
320
4
1858
1994
2185
1373
283
2177
2306
2012
1820
2870
1517
536
1627
1550
1023
1632
2513
2788
2295
762
1608
1756
388
1276
2074
589
608
2738
238
696
2542
1603
278
2384
1450
1819
2132
367
807
1440
2298
2431
1705
1876
276
184
2292
2740
424
2439
154
269
1501
1458
534
191
2109
2333
884
1147
1286
2281
2058
309
1890
1594
2597
627
825
1863
53
2609
1094
2863
1098
998
2535
0
2016
768
765
1193
1453
1029
2259
973
2638
1420
2770
846
1013
1027
359
706
2023
710
2050
2631
583
1477
180
114
2372
2809
1070
1046
2202
908
1235
864
2854
1267
1356
501
612
1260
2814
1022
2423
2574
490
1637
1503
207
376
1703
1372
192
2345
1071
638
1835
129
1965
2893
724
2813
651
2899
2168
847
2820
227
1386
23
2456
112
1586
1074
2798
2319
954
1698
80
223
921
1654
2594
1120
1936
1679
2825
1928
938
1993
575
1342
164
2560
2212
505
2544
1530
2912
1645
2754
1945
59
385
1539
481
1726
117
2572
1281
1008
208
2174
1828
893
394
2395
517
1956
1032
2019
711
265
953
270
1920
133
1103
1789
1435
491
1198
304
897
1255
1017
300
2129
235
853
8
310
989
739
2302
1097
2780
1057
1961
694
425
1279
1088
331
2919
146
2670
520
850
2033
2405
305
2331
599
2884
1275
230
2934
1661
2228
910
2829
20
2294
2077
37
1817
17
2421
2227
1825
1997
2862
887
2472
872
2000
862
2198
2562
718
1613
1531
2267
507
2090
499
666
225
2063
557
2935
1426
2647
2245
1579
61
1357
2457
1894
1059
187
2414
1610
2361
1115
495
500
622
948
1918
1087
2142
363
1060
2657
922
2525
2304
1253
1083
2858
1780
773
2308
1001
881
1738
447
2801
1093
2310
1935
2557
1206
297
1321
1879
1944
2660
2360
2878
2092
1419
609
802
1526
2691
2260
1186
833
1256
1691
2428
1682
628
2867
1807
2413
1639
1044
494
1486
1952
2459
2101
2268
1575
1431
2222
777
2274
82
142
1647
2505
1663
2043
2929
2162
1739
1676
1802
1443
29
844
1463
1740
1612
709
974
1551
341
2100
728
2618
1620
362
245
1211
1352
2540
1101
108
1188
1508
820
2190
535
95
2201
2122
1609
2060
1871
240
2072
1369
1078
990
2620
774
2763
2141
1795
1137
1459
919
2503
854
9
1512
2334
1368
1382
2454
2493
1521
147
977
1522
964
1024
1488
729
71
1249
1313
916
699
689
1262
1006
2305
2078
2872
1155
15
1119
2151
1855
2760
792
1218
779
972
1684
2757
405
1785
1319
1038
1721
1908
896
1464
2026
1492
286
1216
470
409
1413
210
58
2582
2356
1628
2700
1640
592
1694
2366
1595
1768
1624
2048
713
1851
2745
1481
673
527
656
2350
2626
1034
563
1948
794
2196
1200
2567
345
1763
1631
1775
2447
2517
821
1311
2224
1165
1479
145
152
2925
566
682
1901
529
1733
1379
1141
1154
2661
28
1887
2424
2743
194
1144
982
2797
2716
455
1907
740
2611
2134
993
1227
775
2278
2404
1553
2176
2379
1670
900
2832
827
307
2939
1476
366
867
1114
960
944
549
1520
2117
169
1349
2803
2088
2383
2815
2112
431
511
2839
2621
1897
51
2640
2303
121
2515
631
662
1182
2056
1371
2504
488
1538
1367
203
1699
1232
1728
2285
1672
2692
498
236
1792
279
906
1309
1746
1552
361
2789
1749
2821
438
1498
166
2629
2349
217
2329
395
1717
1489
232
1735
1516
1867
1680
1226
515
556
1390
1950
348
1123
2909
2419
2256
596
2389
2769
2380
2326
444
1329
327
1700
1380
822
1958
832
2437
688
472
2264
333
1445
1112
1750
1696
375
392
1429
886
1545
2920
358
250
378
330
50
1157
219
1544
626
326
1585
162
1626
1412
996
2032
1108
2108
1444
1129
2742
577
1947
2006
2665
2464
772
1528
115
352
731
2248
88
1578
2842
2856
2816
248
1783
2255
653
2910
2367
923
1042
2113
1519
1385
1010
442
1204
2432
1175
531
618
942
2354
2443
2550
1652
1978
2511
826
1091
635
797
646
2341
1732
2486
151
1794
1981
157
961
526
890
1571
895
1014
212
1107
1648
891
1048
1885
2110
1706
5
175
2082
2633
1125
1480
140
2158
624
413
793
2483
43
365
1592
337
1113
632
714
1411
2159
457
2047
640
855
2590
848
868
1896
2777
411
1215
870
994
1695
2104
2097
1681
1788
2791
2008
2512
158
2206
2914
2873
533
1960
1964
160
902
1869
2887
658
368
671
1351
2014
2607
1164
1772
1184
1318
1630
747
1568
679
441
547
542
107
402
1439
1117
2241
1448
1812
2351
1839
2311
1702
2576
435
1934
809
467
1236
1485
899
979
1324
410
234
2888
100
623
1621
2139
564
1868
2490
1455
2639
2425
1669
2834
416
1675
2161
2655
2242
1629
1245
156
752
2704
2239
2759
60
2750
1685
2637
1754
421
2662
2604
804
2237
672
1338
120
2869
2485
1805
1790
2749
725
1939
113
763
1396
2663
1161
2399
420
811
1283
1988
2215
1203
1898
1984
181
369
2927
450
1168
247
927
179
2881
306
1384
1570
2130
971
2280
2733
2865
2191
2592
1064
2654
1623
858
2585
1163
991
540
2148
2422
1767
351
2608
1224
2124
1271
1199
2900
1294
1430
1829
2860
1884
2362
1399
2559
2449
1606
440
2605
200
2849
99
659
2514
340
925
2491
2321
1452
719
620
676
1818
1004
155
125
2622
2444
2386
2653
2874
619
1350
1096
2786
1847
2822
2434
1957
2543
1066
2469
543
1718
506
1895
1105
594
2697
27
13
1347
56
2184
437
1873
1707
2318
1687
703
2293
1912
1465
393
2001
2688
2114
508
42
1167
2199
182
2165
45
468
2890
1727
2262
2440
1607
2523
7
2681
2693
2036
1037
600
2903
875
551
605
720
335
2300
1308
528
2230
1410
2702
2342
2357
2171
1012
1773
2210
841
1075
2724
370
880
1986
237
1051
44
2720
2767
1924
1328
324
1803
2336
2679
722
668
2522
167
241
905
2007
2020
131
1831
364
2938
967
2875
1582
266
859
997
22
750
838
2290
1441
1737
407
2672
950
1917
2205
1870
2703
955
1387
2571
1653
2625
1576
581
414
355
2917
137
201
1826
2250
1210
1077
2730
1202
2079
2392
2403
2877
2246
2040
2811
2035
966
985
788
2645
205
1208
759
561
2712
1469
254
1035
2773
132
633
2669
6
2044
1649
92
1270
2898
141
1173
1340
428
1053
2053
1131
828
1109
1980
1972
281
634
2057
262
1243
1542
2705
2330
2018
1866
1587
1213
2792
1317
422
2024
135
1326
1362
757
1135
2085
2936
1177
68
1604
562
2188
849
2484
1072
578
2062
1823
2325
707
889
758
1195
1567
523
2586
2461
2598
288
1837
2830
2316
2699
1540
496
1483
2906
259
2787
664
2054
2507
2793
2209
1209
2879
882
2476
174
1719
1774
806
183
2123
2911
1650
2011
492
1562
2084
2240
2111
244
2401
2500
2091
2931
767
1809
204
1665
1447
785
2891
2370
1110
818
195
2107
1899
429
318
347
2388
1374
2568
3
2359
756
2940
1058
1742
2755
475
1217
2498
904
2634
2021
1149
2140
2160
2127
382
2145
1883
2371
2895
2734
1916
150
1583
2614
812
2213
1541
2831
1084
214
143
796
1500
473
1902
2135
2477
246
308
1015
1442
463
479
2616
2928
377
1930
1493
406
69
2466
1922
888
2835
2452
2396
1080
1692
2591
21
1467
2880
130
127
863
1343
2178
289
1346
303
220
1723
1903
823
2055
1296
687
755
371
1880
2277
2041
1263
124
1658
2752
2076
537
645
2247
2762
1808
2577
2771
1660
2374
727
946
312
2010
2718
2715
2534
667
1581
454
2677
190
139
1970
571
2340
1191
2136
178
2642
2052
2785
2610
284
2376
464
1395
1150
144
2624
1056
1615
2818
2297
538
1577
419
1662
439
1973
2243
1900
1601
2346
1673
2926
736
2741
2671
1305
2368
1712
1781
74
1548
1223
799
1655
770
873
2923
2765
1840
57
2391
1549
2519
584
344
445
459
426
1363
2772
1933
252
2137
2382
2353
2710
509
128
2385
1619
790
1428
597
845
1106
2547
708
48
338
1438
268
1546
2546
2838
915
819
84
986
1000
783
2009
2197
2864
945
1201
1416
2030
1499
1307
917
1862
2804
898
1437
1766
102
79
957
1432
836
1335
177
2081
2918
2701
2695
2744
734
2630
1996
1667
35
399
655
104
2220
453
1339
814
1043
1574
2273
1561
1449
2497
1711
2632
1400
73
926
1731
96
1454
2149
1714
1804
2335
148
1625
621
119
1787
1295
1600
2556
1405
1136
1254
761
2029
1602
1293
2128
1231
2683
1011
2907
2905
2876
2169
2921
843
555
2
465
930
1331
2578
2648
2164
186
941
1834
2270
2344
2455
670
2363
136
2231
769
39
2288
243
2327
477
1415
541
1470
446
193
1688
172
2175
2623
2652
1722
749
2013
510
381
1524
2261
1122
1874
294
2539
865
239
30
1152
1300
604
2563
55
1504
2153
2412
569
2790
314
2034
642
918
47
384
2615
810
963
1404
2823
1657
1005
398
2390
101
1983
436
760
648
521
1332
2086
2537
2530
2685
2501
2027
116
2460
346
2554
1865
1642
2581
546
461
2120
1323
2099
1547
2659
1140
2150
591
975
2028
2746
2096
1392
2180
866
544
1081
1240
389
1914
2394
106
2307
742
2778
1842
539
390
2015
2121
1878
2915
1495
1843
298
1278
1370
2400
2269
2430
2587
1047
2375
894
1333
1743
282
1244
434
815
2249
1674
2689
1697
1095
2480
70
325
1272
1079
31
2904
81
2064
800
2453
1089
1212
275
1474
1063
1923
1214
530
1913
449
206
2156
705
2937
2674
63
947
1050
2516
202
984
380
2068
2494
721
487
587
1861
33
2932
2675
2098
1893
267
851
606
732
585
1475
567
2687
1100
2579
2768
2531
999
514
1991
813
2896
1535
2510
1273
1770
2276
2782
1397
1999
2924
1181
2221
2721
2690
1337
2684
2584
2105
641
595
1644
1336
553
2805
2722
2343
1345
2824
261
586
2458
485
892
1116
1995
2731
1315
2664
940
2528
1482
2157
1054
1977
840
2282
1759
935
1518
611
489
1269
343
1556
1462
2686
1264
1580
616
678
2808
2402
2649
2219
2478
907
2073
1786
2299
1838
1126
2167
2828
2729
263
1709
1127
1073
610
10
357
451
2837
1846
2125
2502
643
1830
1554
2678
49
228
2417
1082
36
165
105
1593
1536
2698
2800
1065
2570
959
242
1102
683
452
803
2426
976
1287
2223
613
1398
1026
2806
519
2588
1423
1771
2580
2005
46
1407
1207
2066
34
319
1638
663
2172
1677
502
26
391
1904
2518
1257
396
1466
12
2555
2492
1391
2612
780
901
929
2779
2409
185
1821
568
2727
2673
1427
980
1185
72
2527
1881
1314
2232
1730
353
2411
2377
2799
1228
2031
1814
2883
1418
16
1009
1765
2258
933
1745
1196
1729
781
871
2093
2666
1565
2713
2651
1265
54
1171
1478
478
2596
2433
2802
1891
2775
2155
2807
287
2003
2474
1985
2748
831
625
1322
1559
2719
1099
1816
2549
1940
38
484
1713
2408
1250
2819
1975
2284
76
1925
754
1622
816
86
2520
1659
2656
2619
2315
697
1801
1069
272
2289
296
1085
737
404
2589
522
1491
1506
861
316
2348
657
1142
168
2650
415
2496
1832
432
2407
753
2179
2833
1302
2296
2147
87
1381
138
801
2561
2541
2133
1365
2599
360
909
860
1159
924
334
251
2069
1761
952
1041
354
2320
1668
1748
1990
1258
1160
943
224
1734
2473
1132
321
1251
1361
2680
462
65
1618
2886
2481
1848
580
744
2089
2051
418
615
342
1569
1496
962
1090
1158
2736
1598
18
497
97
222
1513
2313
1841
2725
704
503
839
2575
111
931
1460
1433
2061
554
2593
932
2251
1133
221
637
1170
1456
2378
1799
2218
1045
1815
1915
2238
738
2208
834
716
93
2200
1134
1954
1049
1827
1169
558
173
2739
1683
745
2941
1514
1292
2381
2753
89
1030
159
1388
77
572
24
285
1366
2882
1590
2265
2794
2131
1266
565
403
258
1982
1751
837
280
2897
2482
2758
2427
2682
1588
2784
1537
2696
677
1061
1494
1678
2933
1557
2857
386
1949
231
456
126
171
1715
1194
2613
2182
1614
1052
2037
1852
1509
1931
198
2853
1651
1436
1364
1166
598
1021
1710
1234
2889
869
698
1941
2506
1911
412
1635
879
1926
992
1068
650
1222
188
1755
408
1151
1344
2446
293
1987
1128
2301
40
885
2735
1686
2194
1797
2393
2600
387
681
1992
14
1543
1121
1641
1139
513
2827
2708
949
1189
778
1414
1334
1434
374
52
2438
2766
1573
2564
639
2468
2045
1146
928
726
2628
2075
2118
1378
1446
1872
2406
1354
25
1764
1290
1402
2152
1857
1355
1327
504
2235
2846
830
2545
1301
1007
1778
1510
299
64
2039
1261
1174
2706
1028
372
474
2848
1424
559
1969
2859
2868
1401
2902
695
548
1016
1490
2338
1190
969
2286
2102
66
2810
550
161
233
2776
782
1796
805
1
2170
2756
430
2583
1018
1192
2463
2046
1162
2471
1845
2234
2565
196
1348
2451
2836
1316
1310
1409
1599
1777
2488
1247

