286
193
1880
2501
647
2128
1479
2790
2841
2394
2487
171
827
1561
1668
1538
583
1505
2417
119
290
477
2544
1623
638
2009
1495
34
2690
2834
2796
2712
695
2597
1206
495
2658
115
1569
2206
2840
687
1294
173
1229
606
1588
2939
1221
2048
446
35
2368
573
12
809
61
1324
2034
311
1585
1471
1037
2353
949
986
676
448
894
50
1737
2859
1301
1542
1299
1763
2738
1262
200
925
2880
1325
767
2614
1077
1546
131
2648
2894
988
2411
791
437
2808
1165
2030
1270
256
1341
2135
2855
179
1388
1744
893
2737
1397
2396
2636
1836
2434
2354
2300
601
2426
1236
2236
2392
506
2105
1159
819
1514
1606
1126
1125
1983
130
1950
2784
2262
2425
2798
890
2006
1195
2277
545
1531
29
1890
403
2442
1070
473
1932
262
1558
1864
1577
1466
2388
609
1855
1290
452
1536
1101
1109
784
2474
1666
17
1481
2839
1570
125
329
1266
2407
1897
2145
841
1352
740
2228
1657
529
2129
2189
2294
694
1293
302
1305
2194
2092
2845
284
2244
2119
49
508
956
2904
228
1743
502
1437
717
2747
851
2049
2565
1157
1653
772
654
1790
1746
369
2781
1787
2778
2036
622
1740
208
1080
1943
1198
1095
1346
2620
2595
309
2888
340
499
2183
1598
2631
2057
1596
2401
1
2211
1942
25
891
178
1780
576
968
2365
1320
1824
412
2150
878
222
2089
38
285
384
1675
713
1671
1069
1128
2665
1678
1392
1857
2485
358
2375
1960
1917
1371
242
360
2552
2862
1225
1927
2371
1625
2374
2221
1742
1841
2002
16
778
666
2605
1689
2120
2574
2416
2646
924
2370
1894
2331
2424
632
423
2680
2064
1559
1970
861
511
47
1378
42
2656
2543
401
1920
316
685
2736
2780
1281
1924
1363
2324
189
1539
1272
2652
2576
2653
1975
777
1612
2021
1474
2108
2229
2762
63
724
394
1366
2923
1611
796
2480
2214
904
1484
2854
1114
1238
2176
227
1591
2146
723
2202
2340
1747
2050
1710
294
2877
2526
426
2562
1259
836
1967
78
301
1042
87
1004
939
1862
721
743
1287
1472
490
2420
895
1748
1985
1085
24
1567
691
1310
2811
1613
875
1467
586
310
1793
2142
65
2630
2223
1517
2643
2367
608
966
2483
852
355
897
2203
2507
2580
871
715
596
535
1831
512
1526
1464
1549
2180
238
2806
2387
1980
1501
2327
2282
1424
2087
1162
319
2364
1988
2428
1235
1592
2376
1475
489
1892
2115
636
258
1267
531
1054
2445
2858
848
2005
1140
1411
1735
175
1628
824
1697
2909
2196
730
2234
2532
181
2624
2152
1088
157
213
1905
1175
1738
983
1939
2224
590
33
1215
1883
2512
1560
944
2047
2275
58
1046
409
443
45
881
2026
332
2491
1575
2308
57
1713
2309
2242
345
1679
2749
2038
1775
1673
2159
2162
746
976
2733
1812
427
2931
2735
195
1344
2756
1922
2241
2029
2530
1701
2153
99
2032
2628
2634
2083
1860
505
2928
1845
2505
1279
2031
2257
978
1068
607
347
2890
1358
2306
2132
2814
2675
2125
1814
1617
430
909
711
555
2484
1338
792
1383
1762
407
480
2280
2789
597
419
433
1652
1057
1362
1331
557
117
353
304
2683
1284
374
2920
1118
1097
736
1900
357
1859
1434
1245
1417
2348
1451
3
1023
2603
870
2510
1066
741
941
2382
320
1493
2625
2272
2179
2742
1401
300
1201
2533
593
2100
658
727
2549
497
2297
1622
2720
641
594
749
1802
2809
1151
1873
1457
134
521
397
2248
655
1580
2901
165
2933
1308
2699
2458
696
289
1648
116
2812
1684
1463
2754
1370
2418
2663
989
1213
2397
811
2165
612
840
41
883
1901
1139
1556
1767
2508
1359
1072
293
248
14
2199
96
1714
1127
2322
151
1178
1581
1316
1350
2509
962
911
1189
428
2287
2524
1065
2103
2649
2637
1313
938
2786
73
2330
747
1092
1789
515
2404
359
1117
10
1655
479
960
1052
185
674
1445
2384
2657
1211
1177
2906
18
1013
2881
1751
1806
167
2372
957
1430
2271
806
2186
720
2460
766
575
1349
2130
1525
2281
1910
516
2475
1246
155
732
2170
2537
2908
2916
1164
540
1643
1778
913
1854
211
2131
1660
76
2534
560
2846
1032
215
613
2707
2477
2059
2239
312
1564
1704
2402
1183
2264
1449
156
1954
64
2406
569
2409
2925
1709
2592
1908
1064
1544
1448
1989
2164
2721
1587
147
2270
84
2911
1949
356
2140
712
1608
1502
563
536
787
2163
9
558
1014
2563
255
478
525
2842
1847
2545
2561
485
2181
538
1672
81
1398
2288
821
291
953
624
591
2486
1231
474
742
2080
2303
2898
577
2882
276
1930
1686
2725
682
204
483
239
2681
1557
932
269
1809
1351
931
2891
2527
1615
884
1909
2608
902
2074
2896
2043
396
2541
370
2097
1261
321
670
835
1616
1016
1098
2929
196
898
729
805
386
1984
2379
645
2346
1843
2506
825
391
1552
372
1482
15
1703
1757
1929
1393
1828
1402
1476
1765
2864
2098
973
2613
857
2010
1268
2
1948
820
2258
2046
1450
1468
1248
1972
191
212
837
2076
751
405
1453
2102
1019
1500
2075
2623
982
2661
1163
139
1365
1343
2879
1200
646
2723
465
975
109
209
2377
164
218
2701
1356
1155
1594
2429
963
2321
2369
619
199
2033
550
980
331
1076
697
2557
1996
1708
808
1217
2902
2697
588
1291
2481
585
565
2575
2337
2914
1839
834
807
1132
744
1444
2830
237
1256
599
1296
1116
1364
456
2323
2001
1865
1665
1604
263
886
907
865
2316
1804
804
399
362
1543
1888
2801
2104
2582
2252
367
1998
1049
788
2651
2696
1026
1212
1497
2289
1961
553
1534
1870
2444
987
2825
2748
1204
2215
1586
1174
1058
246
2451
1955
247
1773
630
686
602
2581
1663
1962
2758
1348
2710
2204
2819
2889
53
795
1335
2518
603
2568
1288
174
2917
1418
1527
1491
26
1850
656
2319
2893
1122
858
2744
869
959
217
288
1431
2899
2887
2835
439
1520
146
132
1823
281
1530
2821
826
2363
2123
756
2237
2764
1944
1661
274
829
1753
2800
183
2639
1036
2168
297
1957
1758
1782
2848
1766
207
1135
2067
2892
1868
1726
1521
484
2296
317
1108
1584
783
2191
2133
2546
1573
714
1075
1027
2254
1852
2345
129
2655
1749
1946
1953
1951
2007
1755
1147
55
2919
1717
2767
1334
161
2593
2497
1601
1129
1278
526
28
1800
198
623
2638
1916
1745
2344
2799
2691
1413
556
2218
447
1302
463
471
2577
2096
882
513
856
2785
755
1209
2312
1971
142
2435
1595
1492
1025
2386
2230
2555
120
769
2667
249
552
334
481
1087
592
464
107
1239
757
2659
1541
1702
1339
984
339
629
184
1830
2455
376
216
2761
283
143
1633
2564
2166
2669
1112
2815
1899
830
6
102
2599
1243
344
219
234
2770
323
822
2137
336
1306
85
2612
1798
2488
1990
488
2101
1252
2476
2313
43
1664
2591
1636
2362
395
1987
252
765
940
2201
56
537
1458
1487
2619
168
1396
202
547
2807
991
1048
1706
587
929
128
1373
1799
2158
954
2065
2359
731
1298
668
615
546
1390
1329
2884
1874
1936
1083
2670
1931
922
2676
2079
853
2677
2453
2250
566
1876
1772
665
1073
2878
1028
493
1303
1219
1829
1022
2694
373
1605
1367
2706
2381
1230
1381
1053
1018
831
631
1739
1006
2019
254
472
1995
1918
62
2149
2017
579
1086
2107
2729
51
2692
1222
2393
1609
1315
2099
2730
2678
2040
653
637
2240
1035
1010
977
1265
1353
2907
1650
862
1427
1646
1759
937
1326
1168
873
1304
1029
1898
2868
1896
832
2217
1761
571
1452
1729
1875
214
390
2763
659
1250
2910
681
2472
1685
1568
1038
72
307
113
2469
2551
2468
2542
2122
170
1821
2091
663
657
2802
2498
845
154
533
1550
1728
1090
1494
233
2178
981
111
2352
2403
2588
2520
1275
2466
2584
551
760
817
847
794
855
1107
970
144
2585
494
2517
1455
1631
1519
945
572
559
761
1506
2256
1833
1994
1191
580
1682
951
1207
1477
1997
39
2305
2760
1488
1848
542
349
2200
2212
621
781
920
398
277
2028
905
313
2004
2293
2494
2768
1649
972
2567
1889
2084
1382
1176
2724
534
458
1110
1912
462
2078
2604
2095
846
2255
1791
2640
2366
914
420
2062
2439
1768
1470
2847
4
947
2935
1003
1410
2020
1276
2650
2827
2061
1993
1562
11
2454
562
2400
140
230
2548
135
850
2504
392
253
414
2174
1634
2461
1779
1406
1776
424
2718
431
1321
2054
2905
2295
1091
2860
1161
1982
866
928
1432
2856
2743
1801
1817
2284
2521
363
2090
2431
1624
2820
338
2755
37
617
2852
2245
2932
1220
1783
2279
1192
1033
2746
708
879
22
440
2617
2470
435
335
2626
382
517
2136
177
158
1255
1102
48
2571
2490
700
995
2915
1656
503
1730
843
936
2187
679
1886
187
1193
1020
2462
1781
2903
1144
2116
2315
138
295
2378
2121
1422
1465
667
1599
1355
690
444
567
2207
287
352
1158
2003
1510
1935
2335
1881
1099
812
500
2023
44
2430
268
504
1914
2823
1597
2703
1094
2171
1171
1251
1050
2433
965
1891
2538
1412
1771
823
2193
2766
688
2086
31
303
990
451
889
2664
1277
1237
1292
2704
1357
628
1734
2154
1173
1720
2436
2479
1731
2210
1999
1695
634
1408
1420
1456
1081
2556
662
776
803
408
354
2601
342
2824
244
2492
2141
1462
2399
449
190
1124
278
1968
1228
1188
75
2849
194
441
2728
759
2114
2267
1428
2818
298
2752
2682
364
1008
1907
380
2398
625
1405
2347
640
1342
1788
1002
750
2589
1007
1750
1146
570
2027
544
2698
2708
2185
375
1319
1375
1372
1001
798
1443
2169
192
496
260
2192
2117
2886
1627
1384
2516
943
83
1603
1423
2832
1051
1205
2633
153
1030
1863
1260
1963
2350
2660
1379
738
235
221
1670
2739
1167
2600
333
1309
1904
1589
1593
1218
197
162
2539
19
436
1170
2642
299
1134
141
341
768
754
2358
2077
2070
1991
416
1202
475
1629
2216
1563
326
1043
2334
1811
1725
522
1154
1832
1582
1551
1635
93
2274
330
1797
702
1774
2118
2427
874
2276
2160
2569
664
921
251
40
2689
361
1837
23
1214
1877
2188
1508
2822
2924
2143
1532
381
1522
1915
1441
2231
159
2772
1681
1733
707
1340
1185
2438
108
2869
402
2635
771
568
888
106
2688
1565
71
926
1825
2632
2000
1047
498
282
2843
2511
1060
706
2771
415
1815
2139
773
1885
918
1336
1138
97
2450
927
1314
1395
1741
1337
2875
482
91
105
1234
541
561
2314
2934
2804
1853
429
1386
2385
1913
1796
7
1947
1044
1286
2705
1933
1958
1956
101
1724
523
2715
1966
800
1566
722
1330
1620
460
1142
1059
1696
2052
2722
1435
818
1654
2085
1887
2110
476
1459
388
1540
2751
121
678
1578
1976
1387
1529
2182
385
2063
1711
1856
2336
892
2419
2813
77
1846
2227
1425
406
1835
2273
1614
1419
1232
737
2478
1115
459
220
2422
322
1572
1447
54
2249
2666
2111
1186
1104
651
2606
2351
1923
1965
1415
13
1769
2037
1903
206
1827
1795
2349
979
1079
2208
2437
2042
1822
1496
860
266
2184
1838
916
1332
877
1690
1844
838
644
2777
942
2109
985
2873
1460
912
532
1190
639
2535
2213
2921
2741
2672
1602
2897
2299
2301
136
863
377
387
868
967
2803
726
2269
1499
2082
1902
2674
1645
2072
455
122
270
1851
126
1322
2209
2333
1878
1385
66
1590
2930
1882
816
149
1884
789
1978
468
223
2885
205
2685
400
2941
1017
2500
2144
203
2531
1480
2586
2412
969
318
604
1969
2342
2456
2391
1089
1952
1513
2325
728
1504
2053
2578
1973
1197
1103
259
2380
867
2317
2389
574
5
1600
368
1683
2035
461
554
2265
100
2421
404
2765
2423
1034
2922
1637
1621
1327
2566
680
70
2871
1926
1906
701
734
1210
2298
1516
94
1404
160
692
790
1182
2482
660
880
810
166
2405
661
2493
163
1145
1071
2695
92
2286
1078
145
2572
1328
2831
2233
1669
306
1871
1676
1166
411
1000
1160
2459
2361
110
2936
2590
59
148
2594
2872
273
1945
186
1533
673
2668
2523
2553
1895
2024
2783
763
1469
2112
507
1084
758
2232
2292
1718
422
1253
2740
1311
589
2782
802
82
1925
1486
1937
782
1113
1607
1244
280
2554
1131
418
1810
95
693
1369
1111
684
1136
2014
2774
1361
2837
1699
2071
371
2797
434
549
2022
2684
992
243
770
20
2540
46
1700
250
1282
1638
1574
762
1297
1093
265
813
308
2447
2826
425
2463
2937
2611
2787
2155
2015
1736
627
2865
1061
1777
1040
1196
2773
351
600
1826
2529
683
923
2266
2093
2515
2913
2615
2836
2073
2745
2895
492
716
470
1498
2443
2874
2225
2788
946
2205
1792
245
2066
348
1840
2503
2794
2332
1247
1208
2867
2844
2311
275
779
2645
964
2579
1688
527
1074
2025
1716
1009
1693
1959
2235
1391
2044
906
650
1082
1770
257
8
910
2713
1389
127
2410
1571
649
2662
1979
2069
1610
1478
1360
1940
2039
1712
1813
413
261
2927
1203
1819
748
1641
2220
2550
1021
1257
2536
2673
917
510
1120
961
1055
948
2753
2448
2702
1524
296
2341
2654
828
1719
2011
2838
1323
1548
2285
786
1280
2513
240
1893
1722
2464
1507
1172
719
2161
933
616
2629
1307
1105
1345
1442
2686
469
1056
89
1537
1433
578
1121
1651
548
2602
1446
88
2779
704
2560
1861
1644
2596
584
903
2238
1523
2247
67
677
610
1258
124
137
780
859
69
2489
225
1512
2355
2792
994
2413
626
1473
1242
2177
735
2857
1785
1283
1403
752
999
152
2045
2465
648
2055
974
2068
509
267
201
1509
1869
2260
1062
1842
1639
1133
564
669
226
2644
671
1754
1216
2360
1866
2302
1300
2291
1723
98
1347
2041
2627
1974
224
952
2734
2519
581
1941
2126
1642
2609
2870
1143
1535
2268
182
327
2408
2671
2018
2147
1274
785
872
605
950
1041
1436
2495
2711
2246
1760
1012
2175
389
0
1786
839
1317
2793
2791
2328
2558
1692
2559
114
1583
2307
955
1705
1554
1658
2750
1632
1148
1241
1511
1180
1005
2700
229
379
1934
814
1547
1223
1515
518
2190
1181
2499
1938
1964
2016
60
709
1273
2496
1269
1820
1156
2395
2618
2088
1024
1429
292
1233
1254
1416
652
514
314
876
854
1872
1694
1715
1295
1130
2775
1764
849
1794
2853
172
775
2383
908
1271
2414
1992
2757
2926
2151
2732
2320
2471
2259
2940
2719
842
614
1698
1400
2622
1986
543
528
1106
1421
2172
2866
1045
2198
524
2851
180
710
1555
1249
1518
896
123
996
491
844
2356
2134
305
1096
2446
919
2522
2587
1640
1224
1152
2863
1618
2008
705
2263
1981
241
1137
1141
703
2829
2226
998
620
2449
1394
611
2457
1240
718
689
1368
272
2222
2138
1928
86
315
1921
2440
1199
1100
1150
2716
971
1374
2547
1483
74
618
2326
1503
264
466
2776
393
1849
2769
1858
2828
417
68
118
90
1490
935
232
210
598
2514
675
1264
2195
231
1187
1707
1227
279
2714
486
1721
725
1067
2709
2573
2197
176
1377
2805
739
1977
539
1454
2357
2467
2278
2106
2012
1063
2687
2148
453
366
1031
1119
27
438
633
958
915
1169
1674
454
2283
1867
346
764
793
1226
271
2817
2938
1285
2795
236
2329
774
993
1015
997
595
1149
1289
1376
1263
350
2243
52
1461
21
133
642
2113
1414
2731
2717
79
930
2918
2727
2173
864
1808
2861
799
2528
672
2850
1553
1911
1756
1677
1816
1184
2607
2693
2441
2616
1179
1691
325
2013
2621
2124
1380
2219
1489
1818
445
733
150
2081
1545
1407
2058
2525
1752
2679
753
1879
324
1579
383
2816
328
2641
934
887
797
2343
1153
2338
2310
2883
1409
2251
1630
169
2647
2127
1426
1399
378
1485
635
1626
815
901
1318
2726
1919
80
2156
104
1667
2598
1439
2759
643
365
112
2060
2583
2373
32
1011
1039
1662
2051
337
1732
1727
2157
487
530
343
421
2570
410
2056
1619
1680
2876
899
188
450
432
2452
30
698
501
1576
2900
2304
2810
900
457
1123
2912
1784
2432
1194
1834
1647
2290
2473
2318
2390
2502
833
2610
2253
1528
1807
103
442
1312
1438
2094
520
2261
36
1354
801
2415
2833
582
1687
699
1440
1659
467
1333
885
519
2167
2339
1803
1805
745

