1961
965
1522
2720
2374
680
1026
2876
487
314
2029
103
2325
769
21
374
1534
62
1036
525
1455
950
1344
2461
126
2320
765
2065
1772
901
64
842
156
822
1593
777
2808
2927
2112
694
367
1872
2824
2403
1801
2882
351
2215
2395
456
2544
2337
500
1915
1475
2248
82
1824
2659
1828
1535
784
1947
2870
2729
1167
2372
2423
1623
2749
2132
2632
883
18
2379
1568
2941
168
2901
913
1137
400
1358
1069
244
2815
1465
132
659
1512
460
775
1659
2382
2281
1538
2590
209
2491
773
1891
1586
2099
1301
1975
1804
54
1664
998
2362
835
2406
1901
1378
2152
2885
2886
2483
1517
408
590
1654
1619
454
194
920
827
1782
2412
1839
1630
1319
1443
895
1591
1983
990
1138
1298
166
2394
1330
918
171
1451
189
449
2798
1427
1909
2046
570
1304
1202
1531
2334
2732
1908
2723
1374
2890
2342
2093
1478
1024
1605
2209
2475
2909
522
2186
106
1256
2282
398
1783
2561
826
1441
191
678
381
422
1306
2801
2906
681
963
2936
16
1842
1739
811
366
2502
135
1096
1425
688
504
1887
2187
942
215
2277
1185
2803
1778
1788
464
1062
269
2303
1436
2222
2053
897
2154
677
976
431
1760
2759
2092
876
740
1017
926
2620
1802
962
1305
1110
1084
1073
1844
57
450
88
2531
978
514
2848
2341
144
1526
859
1613
536
1042
944
1310
726
458
848
673
643
2101
1040
2305
2547
1881
28
1140
1747
2254
17
315
2270
1183
1771
1957
699
288
1366
1383
2290
2336
30
1387
2496
1951
1079
2199
353
1272
2195
1025
1244
2192
2345
424
2418
248
1892
261
2229
577
2682
371
1922
2853
2052
2311
98
257
925
2867
79
1321
2263
2369
2066
1697
1177
646
1959
1108
1083
1853
2273
1155
1007
2238
2675
1158
2884
1733
2296
2312
1476
1527
2302
387
61
555
645
415
1136
1668
1902
2623
2518
2817
2110
1106
2299
670
1226
1146
1888
633
492
2477
1643
74
1875
2221
1565
2381
339
2118
710
2156
1114
2447
2402
2194
578
1589
1459
1931
1595
2511
906
2733
2269
856
2284
630
603
1210
313
1448
2191
1780
143
972
2826
1446
2024
121
2791
1406
1233
2577
793
1694
1838
2388
1430
40
2672
2474
1047
843
1107
90
2367
1764
193
2376
2550
1610
325
2153
1408
719
660
988
706
2039
960
2685
2217
2164
1707
937
1181
1464
2043
1964
1389
2082
52
349
2937
1750
2902
1393
1936
1280
2762
2069
463
787
1599
1376
2329
1786
2629
491
631
1282
1429
1729
2498
753
1173
263
1524
975
2654
2769
2408
356
1806
2087
2767
869
429
909
1121
2220
1239
1919
1205
692
2005
115
587
1162
436
2425
728
2821
833
1973
1677
598
1411
1384
2455
2508
2339
802
414
1871
814
1454
2428
29
1552
2309
85
2473
1974
1127
1649
654
1809
1863
2504
2301
2920
2090
1789
72
1933
1852
799
2555
1458
567
338
92
1744
267
1796
1480
493
1094
1582
2413
1449
794
188
2162
2855
2343
2744
1555
2506
984
1328
1397
363
2255
854
2436
1072
2802
200
2793
1945
1988
1790
153
2638
2516
2193
2571
2505
1606
1928
1667
1547
1095
105
1350
2917
612
33
390
438
2661
961
1019
2856
1238
2488
2699
2541
20
1671
1924
1483
1594
2596
162
1637
2260
1766
2051
1043
178
892
2350
1401
953
1897
2182
326
828
2930
2022
2348
484
2686
2073
2586
2787
1232
1487
2740
1883
1542
1805
2371
1402
59
1833
2426
1825
1719
2125
902
173
258
2770
1543
39
426
2274
410
1784
1101
1818
2129
129
1693
1035
768
388
2077
2181
1569
1626
2765
2168
2319
1412
158
1718
1187
507
526
19
2713
1628
1150
1075
2514
2261
2515
1776
97
619
107
1596
733
806
1248
297
2664
2721
789
2517
75
2489
2772
2696
928
1590
510
617
1432
2569
656
628
1493
1748
2752
2025
2864
2235
41
602
120
91
2227
361
2741
473
301
527
1326
2432
2485
1775
1222
23
930
2532
1097
2728
964
482
1604
1161
785
1421
401
2044
2647
1573
2548
837
1548
468
1521
1651
2847
867
2894
1709
1333
1814
686
2766
1032
2116
1756
2773
1617
708
611
104
557
1537
360
554
136
2745
1822
2143
2478
629
1503
1829
2050
1442
695
982
213
2747
2860
1546
899
2272
2625
2862
295
782
2357
812
1615
1662
945
2904
1052
1206
2096
727
2415
580
851
849
2276
1268
1033
807
1018
2595
543
1134
1635
2552
2452
1424
1939
27
1690
2108
399
180
412
2445
241
829
1696
2079
1896
958
131
1616
553
1676
1071
957
741
1004
1665
83
870
1530
1409
2558
1081
624
2915
2813
2580
1647
1413
1057
364
327
1435
1000
1481
1682
2001
816
1246
2780
512
2444
278
2440
1224
174
1611
2494
1240
923
1520
1002
1584
1016
1129
1360
448
1638
2903
1864
177
2289
841
2579
2726
1666
1877
255
863
346
99
2788
1171
1553
772
1857
635
2208
1685
2239
1260
2431
1938
2364
63
1981
2539
110
821
2424
1826
917
176
1253
2211
495
2054
2706
2205
1388
1193
1382
316
582
1550
539
936
2790
1194
1153
1799
922
1139
796
253
1518
2170
2091
1986
229
874
987
1993
68
697
1631
1049
480
2939
211
880
2746
69
1608
1592
1041
1580
2190
763
1581
1930
1120
172
597
872
528
138
2204
2252
1963
1342
335
2513
2138
1849
2701
1343
1920
336
2528
1763
836
2026
1279
1655
119
572
73
407
2300
2453
140
2869
2814
419
167
531
1868
198
566
551
1770
1419
2292
1484
2122
1862
979
948
1215
44
839
2928
1966
355
37
1456
34
243
750
1379
385
488
2397
1346
2131
2567
1906
1403
2020
1991
1600
227
2421
139
124
1109
2135
729
2676
2598
1048
644
1063
2889
2430
2479
486
576
148
1498
2356
2212
815
2068
87
1373
1657
1015
1874
1903
1681
394
1597
1878
669
1927
2028
540
2708
1753
114
2058
2202
2923
2898
2256
1516
95
2797
2832
2841
2843
1860
559
1994
770
1506
995
2725
2716
747
2871
2576
2734
2159
1810
226
2410
65
133
271
2231
738
2695
1970
2133
2823
2264
474
1416
22
383
2636
2806
1884
1990
1496
2456
2900
1722
515
761
13
2520
639
2151
632
1528
1237
2693
1532
1251
672
289
1962
2608
1147
1174
478
2776
786
251
2210
1940
2218
2278
2896
413
2150
2213
279
2487
2536
1793
889
823
648
1549
981
877
1791
2163
396
2655
1039
908
2612
2495
1332
452
2179
1913
268
2562
586
1926
2643
1262
1461
977
42
1214
2434
2834
1916
2014
230
608
1706
1450
2318
2573
1571
2715
2794
2435
980
2908
569
2355
591
2198
1564
2400
2387
2714
744
451
1420
411
2859
2259
1701
932
887
1620
343
568
2831
2670
264
328
1292
282
2792
2857
1188
254
1554
722
1283
1394
2804
653
2616
1439
2279
924
1087
1186
224
2800
2658
35
210
2736
1948
1558
2391
1091
1398
2609
2061
1669
1505
1767
2641
1345
2250
1274
2922
2267
214
2610
2007
2081
1131
379
2533
2634
2781
700
640
2037
184
2760
927
2694
974
358
634
875
94
2883
2854
1557
1972
1462
2490
2002
2878
1151
1848
2018
1245
1217
1746
2656
1869
1648
2030
636
392
1235
2370
2583
1686
615
2799
520
2000
1921
898
707
2931
50
2446
1361
689
767
2683
1653
2873
165
2827
2615
1854
2712
2233
2176
2467
668
650
911
830
1380
245
1157
1154
2297
954
626
2236
352
1231
1574
70
865
2094
1996
1705
1103
1622
2738
1117
1730
1399
1511
552
2503
1873
966
1614
477
1639
2107
1879
2545
202
286
1634
84
779
402
1629
260
252
846
137
1914
476
709
2602
878
949
1820
1672
595
852
2880
1099
2226
2178
302
1170
1469
993
2564
2509
2083
1969
1992
2934
1335
1717
2469
56
2439
1470
1678
1119
2705
53
831
2038
2594
1769
888
817
2549
1485
1277
479
1544
735
1457
2385
1066
813
1525
1985
377
1407
698
605
1353
2875
321
2346
1044
1074
1567
2540
2115
1141
2530
2124
562
170
2011
2582
2933
1243
614
2407
1269
2599
43
2737
432
903
185
25
2304
1322
599
1113
220
108
2228
1381
265
1250
1716
461
1514
537
2386
393
2785
584
2921
1800
2324
375
67
2845
523
256
127
625
1670
2543
2442
1777
952
2525
1808
1943
2148
117
2835
2358
517
499
1102
583
2140
154
778
2411
931
2214
675
2049
2471
350
1331
373
2160
1556
2606
2338
2588
1935
459
1144
1749
545
1855
152
2344
1536
276
1835
1684
1692
1998
1391
1054
223
2234
1116
14
32
2779
2644
1440
291
2677
1700
2568
516
242
2060
1209
1479
1349
845
651
1819
684
754
764
1679
1034
58
2484
2295
423
766
1132
762
2929
1023
705
2429
1898
217
884
847
1886
1759
703
882
2907
1858
1519
489
342
2585
2121
228
36
2938
2465
1695
2086
1053
2653
416
130
277
613
2597
204
2056
192
287
1385
1954
2470
1372
238
1022
2012
1946
1723
1288
1899
2062
2443
1724
2033
406
1779
868
2731
853
2349
666
159
1510
2611
2916
421
1115
183
1359
535
77
921
1982
2668
155
985
2523
2275
1027
2690
1229
1563
1708
2756
147
1880
2322
2347
2501
606
1523
2146
1112
1830
466
2326
331
1046
1133
1836
2727
691
453
1934
128
2702
1688
2019
736
649
467
1337
1742
441
2925
752
864
2080
820
2510
2071
317
2481
2441
234
732
2126
1355
2313
2719
1123
739
284
2262
518
969
2113
1787
116
2560
2899
2243
1143
1234
2877
1845
443
2783
788
1223
881
386
232
2624
2646
1762
2691
1850
862
2628
2486
2286
1867
951
2283
207
721
1675
1618
444
1418
2626
1661
125
1774
1199
2316
1230
943
1624
905
544
296
161
101
1377
1918
134
45
941
2417
442
1122
2157
494
938
1313
2829
1192
798
2105
2172
428
1583
1351
549
652
1247
1312
866
2405
1576
992
2184
2819
790
2201
2392
2593
1609
1492
1710
2127
1118
1984
1191
800
809
1340
1529
2865
2257
1811
505
2158
1702
804
1309
187
1220
2067
760
2130
1241
519
169
776
1339
2047
2268
1149
345
679
693
1894
2246
685
11
10
2314
1060
235
1428
1293
151
2553
498
717
781
2100
2861
320
2454
940
206
1164
2031
2666
1327
986
989
1612
1098
2327
893
2380
2189
123
1463
2507
1284
1148
2911
2789
1952
2768
2818
197
748
2667
1541
2451
1859
1646
306
2084
1265
2438
774
160
1501
1861
280
825
2064
1434
581
1944
2409
2893
1111
1627
2652
2219
249
2554
1410
2460
2538
391
682
2771
1289
2103
720
834
2244
600
1354
1482
2592
2147
1711
2587
701
1743
1257
561
2935
319
1497
163
573
469
1472
1751
462
1579
2493
212
1727
2846
332
102
2796
2687
2529
2589
1160
1652
2891
509
575
1029
1452
2291
369
2621
1999
455
637
731
303
618
472
991
157
100
1086
1447
2868
2688
2200
1178
2366
2240
420
485
970
2497
2450
1325
1910
51
199
755
1656
1876
445
749
1242
2895
592
2145
341
2102
1195
1781
939
2360
1278
2422
2648
96
1551
855
2600
2840
2665
2912
588
2458
730
266
12
2427
1941
1976
955
2645
564
2175
146
967
1125
1489
1950
1882
465
1900
2828
1302
716
2630
1058
973
1315
2353
2851
2294
1570
1956
533
2637
323
2139
2437
915
1737
2633
250
2144
1726
1270
1752
571
1509
113
471
2692
240
2013
1559
1841
1712
2839
49
2689
1889
2575
2
318
2119
711
2566
2476
370
563
2748
1426
1299
803
2075
2375
1303
2354
1362
503
2572
225
384
745
1625
76
1273
2137
607
548
186
2838
55
1533
1911
208
1213
483
1077
1030
4
2076
1577
1264
1003
714
1467
118
311
1507
2651
2850
511
112
285
2352
1949
871
1572
1297
1979
642
2207
601
542
1885
2203
481
757
1124
2462
2293
746
1494
1203
1135
1204
417
756
2377
1266
2888
2241
1347
2016
1812
1989
1405
2786
1837
724
1971
1318
661
404
795
1012
1660
792
2673
1633
832
2136
1236
2389
1105
2524
2128
2015
1827
1471
190
1287
378
2492
1216
237
690
1055
1466
1259
2617
2021
1320
2926
1201
968
389
1699
1218
1189
1009
1219
1197
2185
2924
2230
2333
891
2619
2578
1473
2280
912
2009
1294
609
195
2114
2188
2522
150
2698
2027
47
216
683
2735
2232
1090
647
2542
2717
89
2404
1128
475
1870
771
2433
1768
1356
2574
2526
2197
2123
934
1958
2482
239
1847
1334
718
818
1176
687
1856
1937
2684
2468
2032
1130
2106
149
1754
1316
1221
2704
2323
623
1045
2822
299
1369
1263
2858
1038
2040
1444
2167
1008
759
1423
1474
1365
71
430
1152
1050
2565
2361
1020
1929
2161
2253
751
293
1225
2149
2614
2384
1145
2416
1291
2739
1227
2109
1059
1338
2761
2306
2918
2104
7
1065
1807
2177
1978
2662
1126
1076
1082
1561
840
1785
2310
1942
2393
2872
627
1995
658
2034
664
896
382
196
1276
1142
2763
999
2521
2398
935
1415
1184
2618
2627
2251
2601
292
1500
1562
2527
1965
521
1575
2913
304
890
946
2258
1295
290
1714
2887
1515
2775
2534
259
2247
2663
2396
496
440
971
2041
1713
1341
1198
1816
1371
558
2225
593
2809
262
1323
1732
2317
312
111
1252
1765
2059
2008
1703
1037
203
616
801
1100
2754
307
1180
2742
2285
1673
1001
530
1488
1508
221
620
2774
604
2499
1641
2764
2674
2004
1566
2833
446
1967
2830
641
2750
2681
2237
497
457
1182
933
916
275
2777
1731
919
470
1308
1208
175
1720
1680
330
141
26
405
2373
780
1761
93
1163
2811
2401
2807
2603
2910
1486
1051
1578
1172
959
947
1794
2879
904
2288
1422
655
2466
1738
1417
1607
283
2072
2074
435
2795
857
2141
1636
2088
824
2328
1495
2778
2480
622
1395
2078
1165
1689
501
2557
2897
1917
1228
2881
508
1267
1085
2743
2852
2216
1642
2707
1540
2519
565
2657
2117
1064
2070
1261
1601
2607
2171
1904
2287
2570
1560
24
368
380
2849
1089
996
1490
2120
513
2711
2003
2196
2697
838
246
409
914
1803
233
956
2669
532
2449
2035
1196
109
1602
231
1336
819
1286
1640
1513
2546
546
734
2245
2753
850
2242
910
885
270
1348
1499
758
663
31
2378
1955
397
2330
309
1093
66
983
1
365
2023
1156
1502
2321
657
2089
907
1773
2703
1997
2755
534
702
2914
783
2169
2679
179
5
2639
1061
662
1329
1798
1368
142
2605
1190
2048
2045
1813
2757
2464
1621
2165
340
490
2844
2863
1704
15
808
1736
1968
712
2365
2642
2710
1691
589
281
2613
994
1011
48
2678
1797
1014
2559
1980
1400
2724
2095
743
2271
2820
2722
2111
1846
2390
2368
742
403
1404
1832
810
737
322
1175
550
1307
2308
1031
713
1364
1021
997
1314
797
667
1275
1755
236
2556
2825
395
1271
2649
574
2315
547
1390
1211
2700
1598
1249
1080
2671
1352
2363
2006
1698
86
2448
1005
2581
427
247
2472
1588
145
1179
1757
2640
1977
1386
1644
1477
1068
1758
2631
354
715
621
2463
305
2512
2180
2782
2718
2810
2335
1745
324
2940
2805
1468
1311
2134
529
434
2351
1817
2584
2057
502
1960
1815
333
2063
80
1725
2173
1285
805
1300
1010
1905
665
1070
2650
886
181
1370
376
585
1795
1437
2097
1006
844
1317
1834
894
1674
1987
1587
1792
1212
1290
560
2155
1258
447
2142
2866
524
696
1728
2784
1056
2660
38
538
1831
1166
2535
671
1912
1851
0
1953
2265
2604
1254
1735
8
2919
1645
1324
1433
1650
9
1932
359
1893
1092
1821
1431
1734
1367
1865
219
1375
2730
1255
2500
1013
347
372
1843
2183
2635
1740
60
1168
2223
122
2419
2098
1504
2166
2905
2459
2837
1603
1392
2085
725
723
556
164
1396
2892
860
2042
2331
1357
2266
1296
610
1663
222
791
218
1721
2874
3
1895
2414
1823
2224
2680
1078
2842
2174
1438
81
2399
2551
201
344
2332
362
1866
1687
594
674
704
2932
1585
579
2307
1658
676
2591
2622
2420
1445
46
1460
310
334
1632
437
1923
2206
433
308
879
2359
2537
1104
2249
1741
1925
1088
858
272
1907
294
638
2816
506
1840
541
596
2010
205
2017
2457
1169
1414
2709
1028
1067
1207
2812
2751
78
1683
274
1200
273
1491
1281
2298
873
337
348
1363
861
418
1545
2836
300
1539
439
329
2383
6
2563
182
2055
1890
929
2758
298
2036
425
1715
2340
357
1453
900
1159

