1 0
2 1
3 0
4 1
5 0
6 1
7 1
8 1
9 0
10 1
11 1
12 1
13 1
14 1
15 1
16 1
17 1
18 0
19 0
20 1
21 1
22 1
23 1
24 0
25 0
26 1
27 0
28 0
29 0
30 0
31 0
32 0
33 1
34 0
35 0
36 0
37 0
38 1
39 0
40 0
41 1
42 0
43 1
44 1
45 0
46 1
47 0
48 1
49 0
50 0
51 1
52 1
53 1
54 0
55 1
56 1
57 1
58 1
59 1
60 0
61 1
62 0
63 1
64 1
65 1
66 1
67 1
68 0
69 0
70 0
71 1
72 0
73 0
74 0
75 1
76 0
77 1
78 0
79 1
80 0
81 0
82 0
83 1
84 0
85 0
86 0
87 0
88 1
89 0
90 1
91 1
92 0
93 0
94 1
95 1
96 0
97 1
98 1
99 1
100 0
101 0
102 0
103 1
104 0
105 0
106 0
107 1
108 1
109 0
110 0
111 1
112 0
113 0
114 0
115 0
116 1
117 0
118 1
119 0
120 1
121 1
122 1
123 0
124 0
125 1
126 0
127 1
128 0
129 1
130 0
131 0
132 0
133 1
134 1
135 0
136 1
137 0
138 1
139 1
140 0
141 0
142 1
143 1
144 0
145 1
146 0
147 0
148 1
149 1
150 0
151 1
152 0
153 0
154 1
155 0
156 1
157 1
158 1
159 1
160 1
161 0
162 0
163 0
164 0
165 1
166 1
167 0
168 1
169 1
170 0
171 1
172 1
173 1
174 1
175 1
176 0
177 1
178 1
179 1
180 1
181 1
182 0
183 1
184 0
185 1
186 1
187 0
188 1
189 1
190 1
191 0
192 0
193 0
194 1
195 1
196 0
197 1
198 1
199 1
200 1
201 1
202 1
203 0
204 0
205 0
206 0
207 0
208 0
209 0
210 0
211 1
212 0
213 1
214 1
215 0
216 0
217 0
218 0
219 0
220 0
221 0
222 1
223 0
224 0
225 1
226 0
227 0
228 0
229 1
230 0
231 1
232 0
233 1
234 0
235 1
236 0
237 0
238 0
239 0
240 0
241 0
242 1
243 0
244 1
245 0
246 0
247 0
248 0
249 0
250 1
251 0
252 1
253 1
254 1
255 1
256 1
257 0
258 0
259 1
260 1
261 1
262 0
263 0
264 1
265 0
266 0
267 0
268 0
269 1
270 1
271 0
272 0
273 1
274 0
275 1
276 1
277 1
278 1
279 0
280 0
281 1
282 0
283 0
284 0
285 1
286 0
287 0
288 1
289 0
290 1
291 0
292 0
293 1
294 0
295 1
296 0
297 0
298 1
299 1
300 0
301 0
302 1
303 1
304 1
305 0
306 1
307 0
308 1
309 0
310 0
311 1
312 1
313 1
314 0
315 1
316 1
317 0
318 0
319 0
320 0
321 1
322 1
323 1
324 1
325 0
326 0
327 0
328 1
329 1
330 1
331 0
332 1
333 0
334 0
335 0
336 1
337 1
338 0
339 1
340 1
341 1
342 1
343 1
344 0
345 1
346 0
347 0
348 0
349 1
350 1
351 0
352 0
353 0
354 0
355 0
356 1
357 0
358 0
359 0
360 1
361 0
362 1
363 0
364 1
365 1
366 1
367 1
368 0
369 1
370 0
371 1
372 0
373 0
374 1
375 1
376 1
377 1
378 1
379 1
380 1
381 1
382 0
383 1
384 1
385 1
386 1
387 0
388 1
389 1
390 1
391 1
392 1
393 0
394 0
395 1
396 1
397 1
398 1
399 0
400 0
401 0
402 0
403 0
404 0
405 1
406 0
407 1
408 0
409 1
410 1
411 1
412 1
413 1
414 0
415 0
416 0
417 0
418 1
419 0
420 1
421 1
422 0
423 1
424 1
425 0
426 0
427 0
428 0
429 0
430 0
431 1
432 1
433 1
434 0
435 1
436 1
437 0
438 0
439 0
440 1
441 1
442 1
443 1
444 0
445 1
446 0
447 0
448 0
449 1
450 0
451 0
452 0
453 0
454 0
455 1
456 0
457 1
458 0
459 1
460 0
461 0
462 1
463 1
464 1
465 1
466 1
467 0
468 1
469 0
470 1
471 1
472 1
473 1
474 0
475 1
476 0
477 1
478 1
479 1
480 0
481 0
482 1
483 1
484 1
485 0
486 0
487 1
488 0
489 0
490 1
491 1
492 1
493 1
494 0
495 0
496 0
497 1
498 0
499 0
500 1
501 0
502 0
503 0
504 0
505 0
506 0
507 1
508 1
509 0
510 0
511 0
512 0
513 1
514 0
515 0
516 1
517 0
518 0
519 0
520 0
521 1
522 0
523 1
524 1
525 1
526 1
527 0
528 0
529 0
530 0
531 0
532 1
533 1
534 1
535 1
536 1
537 0
538 1
539 0
540 1
541 1
542 0
543 0
544 0
545 0
546 1
547 1
548 1
549 1
550 0
551 0
552 1
553 1
554 1
555 0
556 0
557 0
558 1
559 1
560 1
561 1
562 1
563 0
564 0
565 1
566 1
567 0
568 0
569 0
570 1
571 1
572 0
573 0
574 1
575 1
576 1
577 1
578 0
579 0
580 1
581 0
582 0
583 1
584 1
585 0
586 0
587 1
588 1
589 1
590 0
591 0
592 0
593 0
594 0
595 0
596 0
597 0
598 1
599 1
600 1
601 0
602 1
603 0
604 1
605 0
606 0
607 0
608 0
609 1
610 1
611 1
612 1
613 0
614 1
615 0
616 0
617 1
618 0
619 1
620 1
621 1
622 0
623 0
624 0
625 0
626 1
627 1
628 0
629 1
630 0
631 0
632 0
633 0
634 1
635 1
636 0
637 0
638 0
639 1
640 1
641 1
642 0
643 0
644 0
645 0
646 0
647 0
648 0
649 1
650 0
651 0
652 1
653 0
654 0
655 0
656 1
657 1
658 0
659 1
660 0
661 0
662 0
663 1
664 1
665 1
666 0
667 1
668 0
669 1
670 0
671 1
672 1
673 1
674 1
675 1
676 1
677 1
678 1
679 0
680 1
681 1
682 0
683 1
684 1
685 0
686 0
687 0
688 1
689 0
690 1
691 0
692 0
693 1
694 0
695 1
696 0
697 1
698 1
699 1
700 1
701 0
702 1
703 0
704 1
705 1
706 0
707 1
708 1
709 1
710 0
711 1
712 0
713 1
714 0
715 1
716 1
717 0
718 1
719 1
720 1
721 1
722 1
723 1
724 0
725 0
726 0
727 0
728 1
729 0
730 1
731 1
732 0
733 1
734 1
735 1
736 0
737 0
738 0
739 0
740 1
741 0
742 1
743 1
744 1
745 0
746 0
747 1
748 1
749 1
750 1
751 0
752 1
753 0
754 1
755 1
756 0
757 1
758 1
759 1
760 0
761 1
762 1
763 1
764 0
765 0
766 1
767 0
768 0
769 1
770 1
771 0
772 0
773 1
774 0
775 1
776 0
777 0
778 1
779 0
780 1
781 1
782 1
783 1
784 1
785 1
786 0
787 1
788 1
789 1
790 1
791 1
792 1
793 0
794 1
795 0
796 0
797 0
798 0
799 1
800 1
801 0
802 1
803 0
804 0
805 0
806 1
807 0
808 1
809 0
810 0
811 1
812 1
813 0
814 0
815 1
816 0
817 1
818 0
819 0
820 1
821 1
822 0
823 0
824 0
825 0
826 0
827 1
828 0
829 1
830 0
831 1
832 0
833 0
834 1
835 1
836 0
837 1
838 1
839 1
840 0
841 1
842 0
843 0
844 0
845 0
846 0
847 1
848 1
849 0
850 0
851 1
852 0
853 0
854 1
855 1
856 0
857 1
858 1
859 1
860 1
861 1
862 0
863 1
864 1
865 0
866 0
867 0
868 1
869 1
870 1
871 1
872 0
873 1
874 1
875 0
876 0
877 0
878 1
879 1
880 1
881 1
882 0
883 1
884 1
885 0
886 0
887 0
888 0
889 0
890 0
891 1
892 1
893 1
894 1
895 1
896 1
897 0
898 0
899 1
900 1
901 1
902 1
903 0
904 0
905 0
906 0
907 0
908 0
909 1
910 0
911 1
912 0
913 0
914 1
915 0
916 1
917 0
918 1
919 0
920 0
921 0
922 1
923 1
924 1
925 0
926 1
927 1
928 1
929 0
930 1
931 1
932 0
933 1
934 0
935 0
936 0
937 1
938 1
939 1
940 0
941 0
942 1
943 0
944 1
945 0
946 0
947 0
948 0
949 0
950 1
951 0
952 0
953 0
954 1
955 1
956 1
957 0
958 1
959 1
960 1
961 0
962 0
963 0
964 0
965 1
966 1
967 0
968 0
969 1
970 1
971 0
972 1
973 1
974 1
975 1
976 0
977 1
978 1
979 1
980 0
981 1
982 0
983 0
984 0
985 1
986 0
987 1
988 1
989 0
990 0
991 0
992 0
993 0
994 1
995 1
996 1
997 0
998 0
999 0
1000 0
1001 0
1002 1
1003 1
1004 0
1005 0
1006 1
1007 1
1008 0
1009 1
1010 0
1011 1
1012 0
1013 0
1014 1
1015 0
1016 1
1017 0
1018 1
1019 0
1020 1
1021 0
1022 0
1023 1
1024 1
1025 0
1026 1
1027 0
1028 0
1029 1
1030 0
1031 0
1032 1
1033 0
1034 0
1035 1
1036 0
1037 0
1038 1
1039 0
1040 0
1041 1
1042 0
1043 0
1044 0
1045 1
1046 0
1047 0
1048 0
1049 0
1050 0
1051 1
1052 0
1053 1
1054 0
1055 0
1056 1
1057 1
1058 0
1059 0
1060 1
1061 0
1062 0
1063 0
1064 0
1065 0
1066 1
1067 0
1068 1
1069 1
1070 0
1071 0
1072 1
1073 1
1074 0
1075 1
1076 0
1077 1
1078 1
1079 1
1080 0
1081 1
1082 0
1083 0
1084 0
1085 1
1086 1
1087 0
1088 1
1089 0
1090 1
1091 0
1092 0
1093 1
1094 0
1095 1
1096 1
1097 1
1098 1
1099 1
1100 1
1101 1
1102 1
1103 0
1104 1
1105 1
1106 0
1107 0
1108 0
1109 0
1110 1
1111 0
1112 0
1113 1
1114 1
1115 0
1116 1
1117 1
1118 1
1119 1
1120 1
1121 1
1122 0
1123 1
1124 0
1125 1
1126 1
1127 1
1128 0
1129 1
1130 1
1131 0
1132 0
1133 0
1134 1
1135 0
1136 0
1137 0
1138 0
1139 1
1140 0
1141 0
1142 1
1143 1
1144 0
1145 1
1146 1
1147 1
1148 0
1149 1
1150 1
1151 0
1152 1
1153 1
1154 1
1155 0
1156 1
1157 0
1158 0
1159 0
1160 1
1161 0
1162 1
1163 1
1164 1
1165 0
1166 0
1167 1
1168 0
1169 1
1170 0
1171 1
1172 1
1173 1
1174 0
1175 0
1176 1
1177 1
1178 0
1179 0
1180 0
1181 1
1182 1
1183 0
1184 1
1185 0
1186 0
1187 0
1188 1
1189 0
1190 0
1191 1
1192 1
1193 1
1194 1
1195 0
1196 1
1197 0
1198 0
1199 0
1200 1
1201 0
1202 1
1203 1
1204 1
1205 1
1206 1
1207 0
1208 1
1209 1
1210 1
1211 1
1212 1
1213 1
1214 0
1215 1
1216 0
1217 1
1218 0
1219 1
1220 0
1221 0
1222 1
1223 0
1224 1
1225 0
1226 0
1227 1
1228 1
1229 0
1230 1
1231 0
1232 1
1233 1
1234 0
1235 1
1236 0
1237 1
1238 1
1239 1
1240 0
1241 0
1242 1
1243 0
1244 0
1245 0
1246 0
1247 1
1248 0
1249 0
1250 0
1251 0
1252 1
1253 1
1254 0
1255 1
1256 1
1257 1
1258 0
1259 0
1260 1
1261 0
1262 1
1263 1
1264 1
1265 1
1266 1
1267 1
1268 1
1269 1
1270 1
1271 1
1272 0
1273 1
1274 0
1275 1
1276 1
1277 0
1278 1
1279 0
1280 0
1281 0
1282 1
1283 1
1284 0
1285 1
1286 1
1287 0
1288 1
1289 1
1290 1
1291 0
1292 1
1293 1
1294 1
1295 1
1296 0
1297 1
1298 0
1299 0
1300 1
1301 1
1302 1
1303 1
1304 1
1305 1
1306 1
1307 1
1308 1
1309 1
1310 1
1311 1
1312 0
1313 1
1314 1
1315 1
1316 1
1317 1
1318 0
1319 1
1320 0
1321 0
1322 0
1323 0
1324 0
1325 1
1326 1
1327 1
1328 0
1329 1
1330 1
1331 1
1332 1
1333 0
1334 0
1335 0
1336 0
1337 1
1338 0
1339 0
1340 0
1341 1
1342 1
1343 0
1344 1
1345 0
1346 0
1347 1
1348 0
1349 1
1350 0
1351 1
1352 0
1353 0
1354 0
1355 1
1356 1
1357 1
1358 0
1359 0
1360 0
1361 0
1362 0
1363 1
1364 1
1365 0
1366 1
1367 0
1368 0
1369 0
1370 1
1371 0
1372 1
1373 0
1374 0
1375 0
1376 0
1377 1
1378 1
1379 1
1380 1
1381 1
1382 0
1383 1
1384 0
1385 1
1386 1
1387 1
1388 0
1389 0
1390 0
1391 0
1392 0
1393 0
1394 0
1395 1
1396 1
1397 0
1398 1
1399 1
1400 1
1401 1
1402 1
1403 1
1404 0
1405 0
1406 0
1407 0
1408 0
1409 1
1410 0
1411 1
1412 1
1413 1
1414 0
1415 1
1416 0
1417 1
1418 0
1419 1
1420 1
1421 1
1422 0
1423 0
1424 0
1425 0
1426 0
1427 1
1428 1
1429 0
1430 1
1431 0
1432 0
1433 0
1434 0
1435 0
1436 1
1437 0
1438 1
1439 0
1440 1
1441 1
1442 1
1443 0
1444 1
1445 0
1446 0
1447 1
1448 1
1449 0
1450 0
1451 0
1452 0
1453 0
1454 0
1455 0
1456 0
1457 1
1458 0
1459 1
1460 0
1461 0
1462 1
1463 0
1464 0
1465 0
1466 1
1467 0
1468 0
1469 1
1470 0
1471 1
