1 1
2 1
3 1
4 0
5 0
6 0
7 0
8 1
9 1
10 0
11 1
12 0
13 1
14 1
15 1
16 1
17 0
18 1
19 0
20 1
21 1
22 0
23 1
24 1
25 1
26 1
27 0
28 1
29 1
30 0
31 0
32 0
33 0
34 0
35 1
36 0
37 1
38 0
39 1
40 0
41 1
42 0
43 0
44 0
45 0
46 0
47 0
48 0
49 1
50 1
51 0
52 0
53 1
54 1
55 1
56 0
57 0
58 0
59 0
60 0
61 1
62 1
63 0
64 0
65 1
66 0
67 0
68 1
69 1
70 1
71 1
72 0
73 1
74 0
75 0
76 1
77 0
78 1
79 1
80 0
81 0
82 0
83 0
84 0
85 0
86 1
87 0
88 0
89 0
90 1
91 0
92 1
93 1
94 1
95 0
96 0
97 0
98 0
99 1
100 0
101 0
102 1
103 0
104 0
105 0
106 0
107 1
108 0
109 1
110 1
111 1
112 1
113 0
114 1
115 1
116 1
117 0
118 0
119 1
120 1
121 1
122 0
123 0
124 1
125 0
126 1
127 0
128 1
129 0
130 0
131 0
132 0
133 0
134 1
135 0
136 0
137 1
138 1
139 0
140 0
141 0
142 1
143 0
144 1
145 0
146 1
147 1
148 0
149 1
150 0
151 0
152 1
153 1
154 0
155 0
156 0
157 1
158 0
159 0
160 0
161 1
162 0
163 0
164 1
165 0
166 0
167 0
168 0
169 0
170 1
171 1
172 0
173 0
174 1
175 0
176 1
177 1
178 1
179 0
180 0
181 1
182 0
183 0
184 0
185 0
186 0
187 1
188 1
189 0
190 0
191 1
192 1
193 1
194 0
195 0
196 1
197 1
198 1
199 0
200 0
201 1
202 0
203 1
204 0
205 1
206 1
207 1
208 1
209 1
210 1
211 0
212 1
213 0
214 1
215 1
216 1
217 1
218 0
219 1
220 0
221 0
222 0
223 1
224 1
225 1
226 0
227 1
228 1
229 1
230 1
231 1
232 1
233 0
234 0
235 0
236 0
237 1
238 0
239 1
240 0
241 1
242 0
243 0
244 1
245 0
246 0
247 0
248 0
249 0
250 0
251 0
252 1
253 1
254 0
255 1
256 1
257 0
258 1
259 0
260 0
261 1
262 0
263 1
264 0
265 0
266 1
267 1
268 1
269 0
270 0
271 0
272 0
273 0
274 0
275 1
276 1
277 0
278 0
279 1
280 0
281 1
282 1
283 1
284 1
285 0
286 1
287 1
288 1
289 1
290 0
291 1
292 1
293 0
294 0
295 1
296 0
297 1
298 0
299 1
300 0
301 0
302 0
303 0
304 1
305 1
306 1
307 1
308 0
309 1
310 1
311 0
312 0
313 0
314 1
315 0
316 0
317 0
318 1
319 1
320 1
321 1
322 1
323 0
324 0
325 1
326 0
327 0
328 1
329 0
330 1
331 0
332 1
333 0
334 0
335 0
336 1
337 0
338 0
339 1
340 0
341 1
342 1
343 1
344 1
345 0
346 1
347 1
348 0
349 1
350 1
351 0
352 0
353 0
354 1
355 1
356 1
357 0
358 0
359 0
360 0
361 0
362 0
363 1
364 0
365 1
366 0
367 1
368 0
369 0
370 0
371 1
372 1
373 1
374 0
375 1
376 1
377 0
378 0
379 0
380 0
381 1
382 0
383 1
384 0
385 0
386 0
387 1
388 1
389 1
390 1
391 1
392 0
393 0
394 0
395 1
396 1
397 0
398 1
399 1
400 0
401 0
402 0
403 1
404 0
405 1
406 0
407 0
408 0
409 0
410 0
411 0
412 1
413 0
414 1
415 1
416 0
417 1
418 1
419 1
420 0
421 1
422 1
423 0
424 1
425 0
426 1
427 0
428 1
429 1
430 0
431 1
432 1
433 0
434 0
435 0
436 1
437 0
438 0
439 0
440 1
441 0
442 0
443 1
444 0
445 0
446 0
447 0
448 0
449 0
450 1
451 0
452 1
453 1
454 1
455 0
456 0
457 0
458 1
459 1
460 0
461 0
462 0
463 0
464 1
465 1
466 0
467 0
468 1
469 1
470 0
471 0
472 0
473 1
474 0
475 1
476 1
477 0
478 1
479 0
480 1
481 1
482 0
483 1
484 0
485 1
486 0
487 1
488 1
489 1
490 1
491 0
492 1
493 0
494 1
495 0
496 0
497 1
498 0
499 1
500 0
501 0
502 0
503 1
504 0
505 1
506 1
507 0
508 1
509 1
510 0
511 0
512 1
513 1
514 0
515 0
516 0
517 0
518 1
519 1
520 1
521 1
522 0
523 1
524 1
525 1
526 1
527 1
528 0
529 1
530 1
531 1
532 0
533 1
534 1
535 1
536 0
537 1
538 1
539 0
540 0
541 0
542 1
543 1
544 0
545 0
546 1
547 0
548 1
549 1
550 1
551 1
552 1
553 0
554 1
555 0
556 0
557 1
558 1
559 1
560 1
561 1
562 1
563 1
564 0
565 0
566 1
567 0
568 1
569 0
570 1
571 0
572 1
573 1
574 1
575 1
576 0
577 0
578 1
579 1
580 0
581 0
582 0
583 1
584 0
585 1
586 1
587 0
588 1
589 0
590 0
591 0
592 1
593 0
594 1
595 1
596 1
597 0
598 1
599 0
600 0
601 1
602 0
603 0
604 0
605 0
606 0
607 0
608 0
609 0
610 0
611 1
612 1
613 0
614 1
615 0
616 0
617 1
618 1
619 1
620 1
621 0
622 1
623 1
624 1
625 1
626 1
627 0
628 1
629 1
630 0
631 1
632 0
633 0
634 0
635 0
636 1
637 0
638 1
639 0
640 1
641 0
642 0
643 0
644 0
645 1
646 1
647 0
648 1
649 0
650 1
651 0
652 0
653 1
654 0
655 1
656 1
657 0
658 0
659 0
660 1
661 0
662 1
663 0
664 0
665 1
666 1
667 0
668 0
669 0
670 1
671 1
672 1
673 0
674 0
675 1
676 0
677 0
678 0
679 1
680 1
681 1
682 0
683 0
684 0
685 0
686 1
687 1
688 0
689 0
690 1
691 0
692 0
693 0
694 1
695 1
696 1
697 0
698 0
699 1
700 0
701 0
702 1
703 0
704 0
705 1
706 1
707 0
708 0
709 1
710 0
711 0
712 1
713 0
714 0
715 1
716 1
717 0
718 1
719 1
720 1
721 0
722 1
723 0
724 0
725 1
726 1
727 1
728 1
729 1
730 0
731 1
732 0
733 1
734 1
735 1
736 1
737 1
738 0
739 0
740 0
741 0
742 0
743 1
744 0
745 1
746 0
747 0
748 1
749 0
750 0
751 0
752 1
753 0
754 1
755 0
756 1
757 0
758 0
759 1
760 0
761 1
762 1
763 0
764 0
765 1
766 0
767 1
768 1
769 1
770 0
771 1
772 0
773 1
774 0
775 0
776 1
777 0
778 1
779 1
780 1
781 1
782 1
783 0
784 0
785 1
786 1
787 1
788 0
789 1
790 1
791 0
792 1
793 0
794 1
795 1
796 1
797 0
798 0
799 0
800 0
801 1
802 0
803 1
804 1
805 0
806 0
807 1
808 1
809 0
810 0
811 0
812 0
813 1
814 1
815 0
816 1
817 0
818 0
819 0
820 1
821 1
822 0
823 0
824 1
825 1
826 0
827 0
828 0
829 1
830 0
831 1
832 0
833 0
834 1
835 1
836 0
837 1
838 0
839 1
840 1
841 0
842 1
843 0
844 0
845 1
846 1
847 1
848 1
849 0
850 0
851 0
852 0
853 0
854 0
855 1
856 1
857 0
858 1
859 0
860 1
861 1
862 1
863 0
864 1
865 1
866 1
867 1
868 0
869 0
870 0
871 1
872 1
873 1
874 0
875 1
876 0
877 0
878 1
879 1
880 0
881 0
882 1
883 0
884 0
885 1
886 1
887 0
888 0
889 0
890 0
891 1
892 0
893 1
894 1
895 1
896 1
897 1
898 0
899 1
900 1
901 0
902 1
903 1
904 0
905 0
906 0
907 1
908 1
909 0
910 1
911 1
912 0
913 1
914 1
915 1
916 1
917 1
918 0
919 1
920 1
921 1
922 0
923 0
924 0
925 1
926 0
927 1
928 1
929 0
930 1
931 0
932 1
933 0
934 1
935 1
936 1
937 1
938 0
939 1
940 0
941 0
942 0
943 1
944 0
945 0
946 0
947 1
948 1
949 1
950 1
951 0
952 1
953 0
954 1
955 1
956 0
957 0
958 1
959 0
960 1
961 1
962 1
963 0
964 1
965 0
966 1
967 0
968 0
969 1
970 0
971 1
972 1
973 0
974 0
975 1
976 1
977 1
978 0
979 1
980 0
981 1
982 0
983 1
984 0
985 0
986 1
987 0
988 0
989 1
990 0
991 0
992 0
993 0
994 1
995 1
996 1
997 1
998 0
999 0
1000 1
1001 0
1002 0
1003 1
1004 0
1005 1
1006 0
1007 1
1008 1
1009 0
1010 1
1011 1
1012 0
1013 0
1014 1
1015 1
1016 1
1017 0
1018 1
1019 0
1020 1
1021 1
1022 1
1023 1
1024 1
1025 0
1026 0
1027 1
1028 0
1029 0
1030 0
1031 0
1032 1
1033 1
1034 0
1035 0
1036 1
1037 1
1038 0
1039 0
1040 0
1041 1
1042 1
1043 0
1044 0
1045 0
1046 1
1047 0
1048 1
1049 1
1050 0
1051 0
1052 1
1053 1
1054 0
1055 0
1056 1
1057 1
1058 0
1059 0
1060 0
1061 1
1062 0
1063 0
1064 1
1065 0
1066 1
1067 0
1068 1
1069 0
1070 1
1071 1
1072 1
1073 0
1074 0
1075 0
1076 1
1077 1
1078 1
1079 1
1080 1
1081 1
1082 0
1083 1
1084 1
1085 0
1086 0
1087 0
1088 1
1089 0
1090 1
1091 1
1092 0
1093 1
1094 0
1095 0
1096 1
1097 0
1098 1
1099 0
1100 0
1101 0
1102 1
1103 0
1104 1
1105 1
1106 0
1107 1
1108 0
1109 0
1110 0
1111 0
1112 1
1113 0
1114 0
1115 1
1116 1
1117 0
1118 1
1119 1
1120 0
1121 0
1122 0
1123 1
1124 1
1125 0
1126 1
1127 1
1128 0
1129 0
1130 1
1131 1
1132 0
1133 1
1134 0
1135 1
1136 1
1137 0
1138 0
1139 1
1140 1
1141 0
1142 1
1143 0
1144 0
1145 1
1146 0
1147 0
1148 0
1149 1
1150 0
1151 0
1152 1
1153 0
1154 0
1155 1
1156 0
1157 0
1158 0
1159 0
1160 1
1161 0
1162 0
1163 1
1164 1
1165 1
1166 1
1167 0
1168 0
1169 0
1170 0
1171 1
1172 0
1173 1
1174 0
1175 1
1176 0
1177 1
1178 1
1179 1
1180 0
1181 0
1182 0
1183 0
1184 0
1185 1
1186 0
1187 1
1188 0
1189 0
1190 1
1191 1
1192 1
1193 0
1194 0
1195 0
1196 1
1197 0
1198 1
1199 0
1200 0
1201 0
1202 1
1203 1
1204 1
1205 0
1206 0
1207 1
1208 0
1209 0
1210 1
1211 0
1212 1
1213 1
1214 0
1215 1
1216 0
1217 1
1218 0
1219 0
1220 1
1221 1
1222 0
1223 0
1224 1
1225 1
1226 1
1227 0
1228 0
1229 1
1230 0
1231 1
1232 0
1233 0
1234 1
1235 0
1236 1
1237 1
1238 1
1239 1
1240 0
1241 1
1242 1
1243 1
1244 0
1245 1
1246 1
1247 1
1248 1
1249 1
1250 0
1251 1
1252 0
1253 1
1254 1
1255 1
1256 0
1257 0
1258 1
1259 0
1260 1
1261 0
1262 1
1263 0
1264 1
1265 0
1266 0
1267 1
1268 1
1269 1
1270 0
1271 1
1272 0
1273 0
1274 1
1275 0
1276 1
1277 1
1278 1
1279 1
1280 0
1281 1
1282 1
1283 0
1284 1
1285 0
1286 1
1287 1
1288 1
1289 1
1290 0
1291 0
1292 1
1293 0
1294 1
1295 1
1296 0
1297 0
1298 1
1299 1
1300 0
1301 1
1302 0
1303 1
1304 0
1305 0
1306 0
1307 0
1308 0
1309 1
1310 0
1311 1
1312 0
1313 0
1314 1
1315 0
1316 1
1317 0
1318 1
1319 1
1320 1
1321 0
1322 1
1323 0
1324 1
1325 1
1326 0
1327 1
1328 0
1329 0
1330 0
1331 1
1332 0
1333 0
1334 0
1335 0
1336 0
1337 0
1338 1
1339 0
1340 1
1341 1
1342 0
1343 0
1344 0
1345 1
1346 0
1347 1
1348 1
1349 1
1350 1
1351 0
1352 1
1353 1
1354 1
1355 1
1356 1
1357 1
1358 0
1359 1
1360 0
1361 1
1362 1
1363 0
1364 1
1365 1
1366 0
1367 0
1368 0
1369 1
1370 0
1371 1
1372 1
1373 1
1374 0
1375 1
1376 0
1377 1
1378 0
1379 1
1380 1
1381 0
1382 0
1383 1
1384 1
1385 1
1386 1
1387 1
1388 1
1389 1
1390 0
1391 1
1392 1
1393 0
1394 1
1395 0
1396 0
1397 1
1398 0
1399 0
1400 1
1401 0
1402 1
1403 0
1404 1
1405 0
1406 1
1407 1
1408 0
1409 0
1410 1
1411 1
1412 0
1413 1
1414 1
1415 1
1416 1
1417 0
1418 1
1419 0
1420 0
1421 0
1422 1
1423 0
1424 1
1425 0
1426 1
1427 0
1428 0
1429 1
1430 0
1431 1
1432 1
1433 1
1434 0
1435 1
1436 0
1437 1
1438 0
1439 1
1440 0
1441 1
1442 1
1443 0
1444 1
1445 0
1446 1
1447 1
1448 0
1449 0
1450 1
1451 0
1452 1
1453 0
1454 1
1455 1
1456 0
1457 0
1458 1
1459 0
1460 0
1461 1
1462 0
1463 0
1464 1
1465 1
1466 1
1467 1
1468 0
1469 0
1470 1
1471 1
