1763
1513
2444
1463
2425
223
381
2308
1488
348
2173
276
1211
2253
2073
1388
949
1434
639
54
1183
934
336
2181
2859
2158
2051
2375
2424
1544
244
1486
732
1659
2719
2184
977
562
2707
1997
323
1032
1069
2117
829
198
1914
2887
1558
2201
75
1223
1389
2509
2282
207
2250
905
2219
1268
2271
2267
570
1332
706
2014
203
2099
1550
2669
1771
1001
886
2833
1406
698
471
2215
2202
1931
1038
2446
912
210
2210
1864
1415
2063
402
1789
1419
1041
389
862
961
1975
884
1466
2044
2227
2059
1027
831
2291
736
344
1520
1583
2919
2725
1175
1345
1890
1511
1650
1751
2077
2583
108
1019
2606
2154
660
217
231
1498
693
2377
2072
2539
1770
534
758
1432
338
1536
861
2503
41
1458
161
750
211
259
398
2532
1795
69
1880
2821
1216
2770
1207
1382
1467
644
2918
2365
699
2338
1851
1705
2643
2791
1199
2080
2182
1584
301
1603
2592
1613
1154
1070
140
810
1572
1619
232
1401
1454
1101
553
1828
1614
1941
2616
2136
878
2731
1267
2548
492
1886
2746
1379
1322
446
1155
1968
2708
2193
2607
1243
1810
2188
877
2169
1912
1542
2268
508
1987
251
606
1029
158
627
994
1509
1879
1628
1115
1857
399
955
1598
558
576
2623
2258
2186
2584
669
2688
316
1971
410
469
2
1311
1028
2484
1551
2806
1000
2395
2735
182
2356
578
1089
985
673
258
2321
741
1254
1131
2071
590
2715
235
1441
2784
742
2295
1814
577
430
1559
1257
341
2296
2909
1039
1437
511
2016
486
1752
11
771
2704
2661
1162
300
2093
863
2551
756
1335
2225
2808
2564
930
2034
804
1630
2582
938
2162
2924
302
2110
530
1534
2700
2824
2153
122
1923
1980
2006
2367
2502
475
1255
841
1256
2911
586
1302
2433
1653
2015
843
2644
2863
2012
433
1298
918
322
514
2078
1179
2620
2355
284
2480
1562
2825
1320
2324
367
356
1280
2413
753
1266
561
584
32
461
2663
1838
969
2895
1655
2552
772
1626
1251
385
1363
14
2456
2841
2639
1275
86
333
1313
1574
1949
1163
2659
2542
1307
1120
2599
16
314
1205
817
589
614
2890
1247
2474
2470
2369
1082
680
632
1478
1114
1203
1315
2587
1629
2630
1908
205
2239
2537
548
1532
2241
538
2506
1735
2888
544
123
1927
1253
1892
1104
2477
1736
136
1485
74
479
1170
1043
1942
1724
2752
2750
801
964
906
1921
1123
2010
1011
2648
731
417
1996
564
343
2766
2903
1783
1237
1698
1836
2318
690
1010
1407
2091
1071
1394
204
1777
1231
292
374
2283
330
2908
1309
925
2851
921
1809
1860
1374
1514
2513
724
1442
2686
1403
2882
2389
527
1417
989
1085
93
2197
2067
141
1672
2803
859
2249
2553
1601
1552
901
786
1400
1287
780
581
1370
1222
400
1853
222
1226
1132
2835
1528
1396
2343
2857
1675
1677
638
1299
2198
986
85
2493
2734
2125
151
1994
805
1081
176
2631
2284
2042
169
838
2861
1482
710
1617
953
2305
2040
393
788
2862
2481
1863
2339
178
1435
1815
1065
1674
2799
1671
1911
1236
2801
1937
103
2615
1897
2128
2580
2820
1649
1176
43
2105
2846
1936
50
2121
2572
267
2595
66
1761
83
2325
68
2804
1805
858
1784
118
571
2420
1564
425
2163
2260
2754
1239
2429
2758
2525
2828
473
2244
678
737
157
1955
730
642
1159
1519
1105
654
2348
2449
1656
1730
2354
2728
2002
2559
2596
2404
2634
212
2156
62
1791
1731
1334
701
1086
2636
2676
2504
1399
415
369
1197
318
35
2160
1049
1944
1952
2771
2029
1358
2426
260
368
1907
505
1094
2781
2534
1433
2109
1135
432
1060
256
894
2327
1421
1579
1025
853
28
1092
1225
855
1242
597
2829
726
1355
358
626
2231
1196
1230
2764
1737
236
2902
1279
1479
551
1785
96
1555
1329
2061
957
2116
832
2818
186
1006
2793
1393
1249
871
1171
2685
811
1030
1046
2614
967
2232
1769
1274
1935
460
1999
2314
818
655
2098
2119
30
1846
2001
1153
334
349
1425
1985
1495
437
1823
485
1820
1012
351
2860
1362
1535
2710
2374
2094
2834
1663
1624
2755
2045
472
1353
1718
1351
1929
700
2845
612
403
2558
2853
60
1369
252
280
963
2912
1356
896
620
2203
120
2807
2297
2906
82
2907
1548
2749
1909
942
431
1341
2277
1793
2075
2717
1571
1925
2066
1620
294
784
549
177
215
2613
2790
1158
2414
2605
2937
332
2571
25
2524
2299
2528
1939
2939
2621
2204
175
733
2483
337
1531
939
1501
2236
1850
1962
2315
932
480
445
723
2068
27
1631
1646
124
1219
1553
2786
2146
1058
1261
2488
1098
2557
968
1303
90
636
2054
1686
791
155
494
2591
1644
524
1640
2031
183
2026
2713
2914
2130
2471
1965
1018
2100
387
1110
1867
2226
2209
173
100
1933
2858
2380
2028
652
1140
1594
1021
2670
2323
2530
509
1336
1898
1385
2626
1950
1161
2313
1691
2800
2032
1539
23
1545
1206
2563
1966
1118
2161
2628
1181
1339
199
1521
684
2138
827
464
865
418
2101
621
903
1866
2677
1124
836
2415
617
1125
1993
2364
696
1803
1910
2335
819
2687
2601
983
1412
1768
1765
357
1204
2432
2056
366
720
664
2838
1680
1547
2361
2342
42
2347
1699
2932
2269
2090
97
793
1150
777
2464
51
2120
1868
1337
1173
713
1015
1981
898
2397
1099
1704
2934
242
573
2561
2627
2317
728
2021
682
181
1368
1845
887
321
834
2466
1960
255
2148
104
1716
1050
1611
465
1436
1056
2440
283
648
1825
595
2510
2668
1566
1889
1963
354
1475
959
331
24
39
1902
2418
2243
491
2701
2877
1772
196
2767
468
1365
2373
1476
970
936
1670
392
1739
1265
1938
1126
812
1606
600
813
2135
1726
1873
646
2166
879
1003
202
2518
405
676
2581
1703
416
1449
1905
1113
1422
543
457
1605
1685
2312
2178
1775
2794
2319
1861
2611
765
1022
1128
1271
2535
1445
1164
1016
928
611
2113
2507
2177
483
616
924
2472
133
2473
2192
2729
572
2359
807
2610
2453
1875
802
2263
891
1149
759
2069
2294
845
2447
1318
36
649
848
958
2290
1829
661
2108
1586
2496
1160
1961
394
657
1702
740
2867
671
1573
1045
2106
1995
1612
1808
2145
2435
1668
2683
263
2304
71
2666
914
220
1595
974
933
1074
444
2633
2576
2730
94
653
193
2149
1331
2293
1452
796
1837
528
1314
2082
1444
2881
2046
718
704
2434
2684
1647
58
2053
504
109
1090
1453
320
1506
384
640
1563
2155
751
1824
2664
391
1057
145
1301
1371
496
2514
744
249
1264
2747
270
221
1508
521
2531
2788
497
2164
2185
1582
498
1291
147
2437
2387
1455
1590
353
1525
386
2872
1364
911
927
2875
2491
2448
2246
688
17
719
2545
1991
2392
1869
1007
2680
908
2033
1947
2346
1887
164
253
809
22
2018
1096
2848
2695
1637
1830
721
2832
2050
1024
2274
900
1621
2176
2511
57
2722
2925
119
857
2554
2085
876
2150
2175
987
44
2322
712
1632
2782
1517
125
1177
2579
2589
2208
180
2600
2900
1238
70
345
1710
2255
189
2423
2467
1847
2839
2205
2431
1483
999
1429
1277
2569
2302
1683
1136
2792
2212
1107
195
1300
470
2523
1766
1695
406
2910
537
739
2721
1245
1600
978
493
1405
1700
1687
2785
998
1321
2751
966
2847
126
1227
2416
2597
929
1570
2660
2189
583
372
383
1807
1360
1821
2065
257
1193
647
2874
227
2778
1228
580
1541
1180
687
1499
2405
745
582
2681
2419
503
956
6
2809
185
2927
1957
1688
342
711
18
2547
776
1839
2349
2316
184
683
2475
1224
1746
250
2406
1489
851
1138
1560
2718
2401
622
2257
1743
1654
2588
1344
1480
628
1340
592
107
2555
2866
1792
2913
2038
2111
2382
1840
2898
1338
519
130
2590
2629
234
763
1357
1779
1964
2095
792
1651
814
2780
2478
790
144
1262
1722
743
1790
1473
1306
2427
1464
535
2450
1750
230
2104
325
2738
482
1127
2351
350
2682
846
373
1802
1391
1742
783
962
1083
1312
1976
1026
2894
1144
2765
1591
2436
1904
1983
2328
837
1516
1327
1565
984
2618
1062
650
2575
542
2127
2285
960
1596
150
143
1748
2789
539
2499
522
2096
2594
131
1585
500
1494
860
238
1858
1272
856
512
388
787
2802
2743
2081
1055
2303
2115
112
2885
593
1678
872
946
2329
2037
2519
1350
1932
1172
172
993
727
2901
1862
380
1919
674
1951
88
2190
633
2272
1733
20
820
1174
1187
478
2723
1969
162
890
588
2926
2622
2273
767
65
501
1428
2137
2737
842
2810
1811
2852
2234
2720
531
2879
346
1304
48
102
2650
854
1166
2892
1662
806
1721
2352
899
1052
1468
1286
2705
1017
2003
116
2871
2625
2362
2334
2399
766
2048
2536
2692
599
308
1796
166
1714
1192
95
1741
2779
426
452
1134
2332
359
943
1156
598
2699
1780
404
1645
1075
1580
1408
2776
972
2402
2107
2929
2544
1474
2214
2281
749
1928
2651
2139
2476
760
2211
761
2649
2043
1252
142
2350
1696
2118
567
2562
789
1822
2941
996
800
803
2216
931
1843
1681
312
2905
1719
1184
679
440
264
2813
1884
2097
2585
98
2393
1806
2396
477
240
697
2129
1292
1416
610
1263
1893
641
375
2549
769
241
2736
1308
2486
1940
2083
830
2179
1361
2679
624
2843
1856
1943
12
1461
976
2840
545
1774
38
2494
1352
1876
1377
615
2196
1380
518
1402
1956
1634
395
1757
206
2023
1537
897
2245
2653
2445
1376
554
2556
2641
2013
997
2379
2899
2501
1745
1325
216
2242
2019
1512
315
2787
154
2126
2823
487
281
1642
1373
662
77
990
4
1711
2218
1151
1209
695
1091
1832
2757
213
2485
2235
774
1088
552
365
2333
1819
2229
1500
309
1258
1051
708
462
1920
1260
2390
540
815
1439
1835
852
1059
541
1296
10
2508
1692
352
339
438
947
15
2522
1826
1556
2873
101
1682
2055
1190
269
2479
823
59
2384
2617
2870
1754
2916
1800
2724
2817
892
390
1366
2265
335
2439
148
467
1109
2008
1129
428
1413
448
303
574
2233
324
2371
1812
1569
1418
1844
666
569
2469
883
2703
779
2252
2500
1561
2933
585
547
1106
1958
1137
1954
2300
2385
1627
2529
2930
2022
893
1970
246
2492
2515
935
1145
1854
1749
1643
1141
412
1354
1404
2487
889
450
2337
2671
1623
2165
1773
2030
1167
495
2441
516
2238
1833
2655
278
1420
881
2883
1903
209
424
922
2691
2740
799
128
73
1288
603
239
2122
474
228
1507
1195
26
2462
45
659
163
2140
2391
63
689
1067
637
2459
630
1727
2805
2868
1054
2657
868
1484
2311
1948
1689
1248
2142
378
1281
272
867
2811
1276
532
2460
2276
78
1895
550
2769
2619
1319
1728
1872
1047
738
219
1229
2174
1708
1618
247
1666
2368
629
1877
849
667
2206
52
2381
613
1328
360
1456
190
2632
1546
427
2195
1372
422
2131
2498
2207
1447
2709
923
980
691
110
1469
2228
1930
1635
106
293
686
286
2775
2275
2428
1657
188
289
864
2920
1533
1002
973
1490
2812
902
1497
1859
2693
1817
1005
995
2039
1386
306
1505
1979
2586
201
2457
1661
2603
1333
991
2761
127
2388
1063
952
910
555
575
1760
2816
870
1064
2403
138
1694
619
1885
2442
2830
2798
517
1973
317
197
208
1142
816
1967
1431
2635
502
2608
2259
1241
2602
2398
755
705
2240
885
1554
2076
408
1289
2183
1450
1121
954
134
153
1324
1607
2739
2307
2716
137
1669
563
1471
2064
2850
798
1269
1409
1189
2452
764
2213
2223
1477
1842
1599
1213
2143
2489
1522
1679
307
882
2344
1031
80
1713
2463
635
2675
1397
2712
455
850
1201
248
226
2124
282
1168
1398
1581
2940
707
2822
326
1076
2264
2133
310
2797
2527
2421
2357
1077
1457
1723
618
2505
2893
233
915
1440
1285
132
1502
1841
2864
1097
1527
99
533
2011
2665
2741
2132
2520
2170
2612
904
1899
560
2521
1427
1526
971
1709
797
275
1673
274
2455
2759
2526
1529
1510
1540
1152
1676
1664
2411
2645
2383
1122
1348
1234
874
2458
2935
992
2167
941
1112
709
1515
5
362
1917
1729
411
149
121
557
880
476
165
1384
2306
1738
1295
1744
1767
1102
2180
2147
1095
1549
1259
37
2123
945
2568
2565
568
2674
668
1990
507
2658
523
1900
847
1194
1633
1901
2637
443
489
2199
1755
1848
1934
795
1220
237
1185
2330
419
1438
1578
2773
458
2152
2783
2298
1913
1270
1543
265
429
1946
608
2733
604
1992
2577
229
2647
423
152
2256
466
1982
1
1896
9
1443
835
565
376
2827
1395
311
1797
397
875
1557
2826
1381
2454
2690
2646
1986
49
1764
2000
1034
559
1481
2168
2921
1446
566
1294
1577
1284
1567
1972
808
951
2102
2279
1636
917
1804
295
1186
651
2694
2678
1470
1359
46
828
2394
2727
1622
1462
1411
1813
2876
2224
1072
1293
271
2089
1978
2896
174
825
159
407
1523
2172
53
715
782
2027
2931
950
1782
821
2543
609
702
1959
1214
2301
484
2795
1878
288
525
2345
364
1734
536
1053
291
2222
762
909
1004
556
1816
2247
623
1496
1423
2842
1235
47
434
1191
2036
2041
1491
67
8
869
2849
2570
1346
1297
2768
2336
456
2742
1684
546
2814
2220
670
826
643
1827
1305
396
2025
2417
1974
591
1146
2358
2047
79
1690
7
1147
2772
2928
1157
1093
1009
1283
2049
785
2320
319
1715
2836
2309
1215
463
81
1178
2697
2057
677
2880
1883
2289
268
1244
2092
2512
200
89
725
2060
587
1100
2004
2221
1587
1801
2904
84
243
1725
1426
224
982
663
2897
2844
1375
1604
1641
768
794
2573
1758
214
379
2114
2884
304
117
1414
1048
2087
2430
866
833
729
1232
2287
2035
2762
499
2372
2574
179
1781
2007
1625
2878
191
56
61
245
940
2696
328
2409
1906
1133
262
965
414
1787
1648
1732
601
1504
29
2578
1538
840
675
1080
1888
1130
2468
752
1087
1066
634
2144
1282
735
645
1387
218
2280
459
2438
926
2774
2497
913
1834
490
2408
1040
1717
285
1472
1465
2141
1459
734
844
510
290
420
2490
1165
2763
1383
439
170
748
1218
2560
2251
1392
781
92
1073
451
40
87
1697
2889
513
2020
2062
2689
1530
1367
115
2079
1667
1250
2200
1953
1460
1693
526
2652
506
2604
2495
920
2638
579
1033
1119
1776
1148
2194
2869
770
266
2407
1103
2360
2237
975
2378
279
1518
192
299
413
1924
55
1044
665
287
2292
1212
907
746
2103
1448
529
2517
1706
160
888
2266
1221
2159
2254
1575
13
981
298
2070
2667
2074
1610
327
1233
1430
2732
370
355
254
1169
453
1615
2744
1712
114
694
2058
168
1788
1316
1831
2461
1616
1014
2854
1597
2187
594
409
2642
2891
2278
1208
2598
187
714
1200
2546
277
111
1036
1068
631
1079
305
1786
1246
1492
2654
1660
2865
2760
2482
1493
625
2217
1349
2341
658
72
916
454
1794
1945
329
1665
2756
421
1818
1210
2753
979
129
2151
757
2624
1342
1524
171
313
1747
347
2286
873
2777
1753
2922
436
1870
2550
1588
2673
2566
156
2262
1602
605
1273
2533
1593
34
1182
2400
377
822
2726
297
33
2672
1916
717
3
2331
1347
602
31
2886
273
361
2288
2541
296
2819
1023
1188
1202
1639
1891
1881
2711
2248
2465
1139
76
1922
2702
1701
2230
2134
1882
2366
1998
2796
481
1589
2855
1487
21
824
2326
2748
722
2171
194
2412
1852
1740
1799
1762
447
1451
839
2567
2422
716
773
1977
1638
1378
1988
2609
2017
1037
1061
113
261
948
382
778
1592
1116
2270
596
2451
371
520
2443
1310
681
488
1084
1111
2410
747
1984
1576
1343
1759
139
2538
2831
1918
2936
944
2540
2938
1108
1013
703
167
19
435
1658
91
1652
2656
515
2386
2923
340
895
2640
607
2698
2815
1008
1424
1871
1410
1915
2837
1240
1290
1323
672
449
2915
1874
1720
775
1317
1865
1926
1042
64
1756
1117
2745
988
2191
1989
2009
2024
1326
1707
754
0
1798
1855
656
2917
2086
1503
692
442
1035
2363
2088
401
2662
1330
2340
441
937
1609
1217
2157
1198
1143
685
1568
105
146
2370
1390
1078
1894
2310
2714
2856
1778
2706
2593
919
2112
1278
2052
2261
2376
225
1608
2516
2005
363
2084
1849
2353
1020
135

