2936
1395
1009
2284
1419
2305
521
1477
120
1023
2147
1443
1537
679
1474
411
2475
2724
1536
2064
1708
2533
1392
1983
849
2155
1013
1516
427
1522
1553
424
917
2710
2503
1367
310
473
2799
2586
259
8
531
1619
1953
755
1787
663
2819
2541
2540
1215
1859
60
958
2208
1552
2717
1849
530
2173
2708
1721
2705
1067
1346
1684
2292
1207
889
2529
1663
393
2859
1593
1944
1687
149
1186
884
1393
300
246
1007
370
898
2166
1147
100
612
1993
1979
962
903
402
2822
191
1968
314
470
1782
1995
2871
1576
2930
1892
963
1941
986
442
1140
426
687
1159
2728
40
1796
1407
1136
2733
1932
686
2789
396
59
1259
2843
1150
929
2201
1996
2354
2603
2411
921
268
206
2671
2680
2238
2314
2754
547
1533
2621
2259
2223
1645
2884
2447
1509
128
626
72
2829
1963
1103
1110
1046
704
1578
2651
2096
326
2615
619
2069
1737
957
659
669
866
2607
529
1777
1101
418
1703
226
2298
1831
650
395
65
2544
165
1622
2834
1531
1928
122
1713
560
150
388
1381
2378
840
974
76
1950
2249
189
143
392
768
1278
2536
1893
2501
2939
584
294
1984
2874
2830
689
670
2909
318
1912
2546
1712
1157
2435
2548
2132
221
2625
2015
2368
1066
356
885
223
2231
1339
1328
774
969
2151
972
2464
1209
2025
2591
1418
552
62
102
503
1874
2851
1308
382
1303
1458
1867
2218
2486
2478
2168
2847
416
2214
1353
2445
862
2088
2512
2057
2228
184
1601
2016
2527
2433
1232
2398
1809
2636
1837
1362
695
308
830
367
2564
1478
1674
1460
2404
91
931
84
2387
976
1111
973
2613
2637
2385
2073
465
1138
386
1082
2561
409
1918
2861
2444
48
757
177
850
989
248
2873
883
2571
725
2418
839
1139
1541
835
1280
2509
706
1304
231
1383
1439
2382
1244
2896
2190
1594
207
124
2602
159
1670
637
2790
1786
2594
1521
1143
1402
114
111
2686
2742
536
2283
2765
855
1824
1603
394
967
1608
2914
347
1235
2240
200
952
20
2097
2277
2112
1857
2187
2932
1198
1816
2856
2416
281
643
2358
1904
45
275
2321
2658
2629
583
441
1599
2129
1115
1345
905
515
1618
904
309
1454
2322
2055
1021
828
1655
2488
759
1752
1037
1094
2136
187
434
748
2465
2234
780
2796
592
164
1573
2004
282
1127
2574
2192
1361
261
2677
178
1348
2494
1921
2665
376
2792
1700
738
2912
2351
2261
937
2941
2860
2370
383
2175
1738
2618
270
1261
1769
1792
783
1265
57
107
1847
2372
1206
1572
761
843
869
116
1299
1294
651
2455
425
229
2248
1763
1427
1052
2458
950
1698
2809
1310
594
1987
2359
1510
2092
1450
2734
2213
83
2850
118
1602
2743
915
1634
981
787
2775
2143
2659
2034
1302
2569
2668
674
1911
1359
680
401
2200
279
2554
2117
1236
1872
278
151
923
1429
1107
2828
993
1916
405
181
359
1453
2336
1205
205
1038
2585
532
1579
1426
1499
362
449
1606
1428
2732
215
1284
445
1373
11
1240
1074
675
2313
2493
99
2510
234
1070
1574
891
943
1368
2699
2141
2736
163
34
339
2334
644
5
437
1358
0
1243
2737
1732
1833
797
342
551
94
661
2845
775
1065
1177
1903
1145
1990
1644
559
1210
1185
324
639
2883
2806
1743
1363
955
2423
2442
2496
1779
1287
1917
186
1476
2222
2818
1682
753
2337
666
1855
369
744
2329
2770
998
1084
2920
390
1741
1014
1667
1327
2067
1952
730
865
667
2516
365
1435
2405
2456
2414
1375
1016
820
92
1179
546
2926
2740
1615
926
443
2908
1415
360
593
2371
597
222
806
1004
1099
2437
2780
1691
1421
1202
1989
2798
1617
1715
1041
1960
587
1252
1488
736
741
174
1314
2551
1547
1181
603
1270
557
397
2877
106
325
2331
698
2735
1251
2875
403
1338
161
975
2137
630
1436
824
2504
52
180
703
1844
10
2777
2007
959
1180
2289
2667
2102
1978
2412
1341
136
2552
770
271
2814
1852
690
244
2791
2172
147
1701
941
805
2530
1061
358
2940
2232
2518
2244
2864
171
2599
2472
2638
1842
2761
2347
175
73
1389
340
510
2103
44
2068
2661
579
1838
25
2862
2563
502
1642
414
1724
572
758
1360
875
2184
152
78
2933
2307
2139
1545
2128
908
1486
204
658
2931
1768
544
922
580
518
452
1350
1372
2489
1822
2924
837
2738
2036
578
2392
77
1250
46
724
2887
1788
816
2215
1639
235
313
1195
117
852
240
1517
2747
1199
2460
1876
1135
2626
1365
1729
2394
713
1520
1878
1745
1320
654
919
6
2041
2299
2339
1971
1352
499
16
2026
1676
2399
307
2264
1793
2549
129
727
251
2601
1441
925
1277
2673
139
2053
646
2508
2443
1854
1761
1662
170
2202
305
822
252
1301
1282
2146
2739
1485
1913
29
2323
406
1885
1386
784
2608
2562
1646
2505
1829
2923
1292
539
1998
1462
683
2696
2180
1706
1954
2279
1112
694
581
42
485
1129
2744
2134
1154
2678
1096
2802
2054
110
487
1164
2119
1049
1961
899
2194
760
2584
2837
987
2524
179
2386
51
1184
2513
1890
154
1449
1340
2452
541
22
1211
1586
1276
1636
1575
895
1613
712
1550
1973
2539
1264
1226
2895
2043
457
728
1468
1835
1322
2701
1532
272
1704
906
2094
337
2408
237
1289
1709
1858
2580
1447
225
892
1980
2267
467
299
2300
1616
1380
868
319
1028
2393
1580
1457
2118
459
330
291
2797
2099
2910
2375
1183
1760
902
2056
2144
2275
2209
2693
1355
2005
1733
2469
2090
1843
1627
2904
788
945
2816
2556
368
302
1748
2749
2894
121
653
1969
1538
2029
1256
1965
2224
2098
792
1740
49
249
389
782
645
1397
1856
1031
80
648
810
1122
1542
1228
1432
2239
2390
1370
1587
624
2788
374
590
2258
2310
504
1862
638
1605
1529
182
75
1128
1507
1056
562
1255
2499
2453
172
2355
954
2230
940
1141
571
2622
1473
1680
2935
983
802
1176
815
2463
1268
2459
1628
15
1208
475
613
2077
526
1445
1446
1825
1040
1747
842
1711
851
1540
2332
2579
183
1801
836
2560
2746
1491
1577
966
1296
2471
1043
2051
2899
2417
1534
115
384
652
1306
385
1808
1001
43
709
199
1746
615
1298
2698
550
2891
1955
2786
1986
247
2697
1044
1382
1554
132
2558
2070
888
2614
2082
1544
765
2495
605
93
1431
292
320
678
1442
2888
1756
1886
2095
429
1010
2484
769
819
1169
735
2685
949
847
2315
786
1123
469
1258
483
2157
514
203
1757
444
30
2675
545
1022
2515
2189
2425
317
293
1505
2550
702
599
2617
2869
1735
2722
2114
2795
1088
684
1305
2566
2674
1347
1313
1728
2006
1479
2401
994
1525
1247
2762
2679
2903
1846
1707
323
2303
2774
306
733
380
2353
35
285
2204
1975
699
1108
242
1020
2297
2898
1396
1922
1899
762
131
1019
772
2928
1109
601
2450
351
2773
2343
2611
763
2916
1924
719
1387
1919
2815
277
1750
352
1490
1063
245
1248
1731
1083
2253
1781
494
935
1883
176
2325
198
2024
632
2597
2366
1371
2690
953
2623
2156
1048
1092
2170
2559
2257
880
622
2616
2808
17
1440
1994
2784
1939
1438
2373
1413
2123
1405
696
1073
2462
1863
1175
2002
901
660
327
2707
355
509
2652
2506
1802
211
827
1806
2715
142
2624
1832
543
1221
1815
2001
1790
2534
2227
995
2131
1624
354
628
2285
265
1030
1559
79
2721
2046
2927
1403
2490
2028
1275
1417
790
2537
1949
844
250
2198
2757
2646
1589
2376
160
1220
771
1546
2778
1888
500
39
618
2181
956
2293
2520
1379
2278
1062
817
1422
1820
2519
1012
2628
69
1263
2357
1610
2109
2280
874
2657
133
2145
1146
2380
1130
1448
2897
398
303
2318
2812
1033
795
2474
1681
1548
2030
2482
964
2598
1962
1008
2553
1611
381
328
1643
1404
2535
911
312
104
168
1661
2620
155
2759
1504
412
1600
1281
1160
2477
196
1659
1795
21
1114
1283
2009
1410
1481
2288
1557
2326
1057
1992
1242
2470
751
726
2656
1060
960
2010
2193
1290
2154
2017
2216
1723
2750
1053
1889
877
2760
1567
2893
1717
2547
996
1891
1881
1981
2120
2188
625
1683
436
1119
68
886
2348
1149
697
600
1451
2432
2610
400
813
610
2246
1693
2709
331
1884
561
2071
1482
1641
2185
1570
336
556
677
743
635
126
2110
2211
1656
1716
1465
286
2542
1461
1411
1262
789
1765
2262
1938
2468
1100
685
2138
2270
1563
1456
2576
2700
693
2526
2317
2301
173
947
1297
1783
990
1929
1072
67
538
2328
586
1770
490
2821
2752
1326
968
2111
7
2022
2210
2769
853
1976
66
1357
1319
2260
1480
212
1170
1116
540
1668
2236
262
1300
2726
1376
157
566
2065
1349
2345
1957
2266
1840
1677
2479
2233
1391
2101
1585
1274
2906
2274
1026
1311
1161
2148
241
2831
2691
920
2367
1005
2342
1590
715
2858
1495
2605
1076
2309
1906
2179
1982
2076
2719
230
1823
829
486
1231
1898
1080
1042
2663
1241
2058
273
1325
814
1897
1727
1657
2335
2434
1496
2352
2886
24
1075
739
47
1126
2158
2287
873
2934
2901
2619
2794
1902
1182
2072
2176
89
2033
2801
258
1896
1253
214
108
64
2377
334
655
253
1354
185
435
364
2388
649
1172
468
2783
2013
1105
1113
2149
778
341
2937
930
2178
951
749
857
1772
1091
1388
2840
841
1089
522
134
1753
1267
1940
1309
2075
1029
2545
2764
166
2825
1257
928
878
478
2282
1947
834
2498
1692
2704
1834
1444
533
1271
1805
2430
1374
2642
608
2428
1433
1695
1227
2800
2880
2841
1511
1222
764
1489
812
2104
236
2473
1171
933
260
838
746
433
1581
464
2
2241
723
1090
332
1730
86
428
454
1623
97
2919
2855
570
2338
2205
2429
523
1174
255
1055
2713
1726
1997
707
1807
1293
527
691
2745
2507
1686
2921
1272
1483
2003
1697
96
1870
2466
1744
793
1059
2271
14
2164
2197
2272
417
573
1286
1098
656
598
329
217
1329
348
1024
1475
2290
2688
1344
664
1137
295
1758
2485
1
1688
2650
1452
1880
1011
1671
2718
1821
1813
2333
227
609
944
1003
415
2577
2295
1871
1794
28
1106
809
970
2865
2133
37
907
1972
2256
794
1412
2012
192
1191
2890
848
1266
1564
2195
567
2316
2692
731
2525
1036
202
845
447
872
918
27
2242
595
41
194
1718
942
2220
617
1318
576
479
446
153
2125
2706
228
1071
269
1279
720
742
2319
1200
1254
304
602
420
497
740
290
2627
2578
2381
1526
2389
754
2867
1530
1492
1027
1002
74
264
1224
1230
1188
1861
982
517
565
451
2327
1409
2140
2523
2480
1894
1910
737
2565
363
2587
1604
2720
2341
1999
2362
2252
2500
2491
2196
2014
2212
1650
1907
2925
1034
2085
2714
1472
2206
9
752
2810
1845
1865
716
1430
1653
2836
1818
2021
1192
288
1583
1434
1945
1238
524
2852
914
1539
1291
1334
2330
2273
2807
2093
2813
1930
2870
1621
2575
971
103
1931
1751
2781
513
2653
2911
3
2889
2766
58
1156
1399
23
1739
2038
2150
495
2091
1925
1675
2922
2793
1464
2824
2084
1330
2395
2400
2402
1799
867
2595
1549
19
657
535
1694
988
254
1612
1166
542
2511
767
1803
2426
1223
1097
1487
1964
589
1102
1933
2032
876
1351
1406
1193
26
1905
861
144
897
1203
641
1168
1571
70
992
1217
2568
1017
2756
50
1665
1658
717
2703
316
2682
54
1234
2876
2751
2528
2255
298
2630
266
315
732
1343
2567
1759
1943
2159
1120
243
1914
357
2424
800
1502
481
2492
2672
1887
1121
1851
1165
1869
1237
1514
932
1714
2269
1068
193
419
63
939
2268
2863
2606
776
2882
32
1614
668
1625
2243
1875
257
2106
1366
779
1592
2363
453
287
1148
2019
466
450
462
335
1032
1719
145
146
2062
387
1841
1239
1142
750
1213
346
1767
488
375
1927
936
2900
1771
2441
2142
2634
1826
2050
1333
169
2000
2776
2045
1459
1778
1273
1398
2712
2669
2364
463
2929
910
2555
1696
832
2517
1649
718
201
1131
2590
1568
297
1830
708
2727
1774
1384
676
1018
1245
2413
2035
2589
766
711
1754
2853
1936
2917
2640
496
2711
1609
2350
1173
2276
138
2177
1785
1569
2918
1385
2225
2655
2683
1839
799
882
1710
167
2124
2461
525
2467
2666
791
801
492
2226
2291
985
2346
554
460
1153
1493
1942
1651
2312
2126
480
2612
213
2152
2838
978
2502
2532
1720
1390
2039
101
311
55
2384
1039
2320
1155
127
2522
353
2217
2060
410
432
2839
404
1565
2191
477
2115
1956
1629
1500
519
2755
2286
456
61
1584
1095
1216
745
2521
1850
1194
604
893
505
1836
1324
2407
2089
979
2344
846
549
2938
2664
408
2397
2633
1047
2753
2365
2872
1951
2782
2592
1543
2572
2779
1560
1423
1804
803
2647
2907
1178
455
2169
705
95
2730
2162
53
2087
349
2811
916
233
2040
1848
512
1637
18
1050
1069
558
508
863
2449
296
582
1498
1093
2879
1064
577
135
2543
1977
2235
218
82
1725
2083
1378
109
1923
2689
2199
729
1455
1519
130
2531
984
2662
1125
870
756
2047
909
860
927
1595
2391
807
1189
2130
1401
2356
2849
2052
284
2763
2265
961
1369
2421
854
2439
2905
1497
1915
2296
1819
13
2670
1652
2027
238
507
2250
887
1196
811
2438
2581
2854
2086
2832
671
1946
2805
423
474
1798
553
2080
1974
1466
2419
2061
1866
119
2020
1535
321
36
722
2582
665
2360
1416
585
1598
1551
1420
864
808
1400
623
2431
2497
1811
798
1784
682
1197
1640
2122
1895
1597
2042
781
796
1638
1151
1512
1797
938
38
1776
1317
2660
1469
672
224
476
2105
2644
1201
1647
1877
1673
2237
2203
1948
1690
267
2165
1225
2481
1463
2725
1810
484
1689
1660
2868
977
276
1967
2487
1077
818
1669
2011
2583
2108
493
1524
1425
2787
12
1335
1596
785
1214
2820
1626
631
924
2066
1958
2848
2219
1515
2741
1229
407
438
2031
673
263
1654
511
333
1679
2684
1528
2573
642
2079
472
2182
2514
491
2451
2803
991
2163
1288
1705
1766
2844
1988
343
681
421
2731
520
1260
2694
2361
1800
692
2702
2645
2695
2902
141
1817
1827
894
489
2044
2100
216
1045
890
1163
2324
112
301
2349
2383
701
2476
2643
640
821
156
2161
2885
71
1051
826
1158
1734
980
439
2716
1970
856
338
2427
1408
2247
209
105
568
1356
1966
2174
2915
289
1591
2826
2008
1117
4
1632
564
1791
1134
2866
33
431
371
2609
2369
2639
574
1219
1959
1377
1562
1321
825
430
1873
2306
366
896
2340
1620
620
1058
2037
1755
81
569
721
2842
208
2153
148
999
1582
87
636
614
2681
1471
2023
1437
2635
322
1991
2604
1508
1868
2457
616
1470
1736
1555
1566
1078
2229
1081
440
1162
2593
871
1588
88
506
140
219
373
1523
1631
350
2913
1000
2767
195
188
1025
1336
1908
1118
629
113
2410
378
2396
662
934
688
1648
2538
2827
1901
283
31
1985
1864
1920
1484
391
997
1900
1879
2835
377
190
2294
1187
1249
2440
1307
1666
548
1773
2113
2374
197
1212
2379
2596
1035
2833
2221
1909
232
881
1607
1086
2107
634
2436
2059
2409
1190
2772
2308
1331
2254
344
372
528
747
647
1424
2048
2785
239
1085
948
563
2817
137
1246
1860
2186
2881
1104
482
607
2251
1685
2160
2748
879
1702
2687
1079
2768
422
158
2078
913
125
379
2245
256
1633
458
1054
621
912
2641
2049
1414
280
498
1527
2892
591
2557
1006
2446
2135
1285
1699
833
1295
2263
2171
900
1364
2448
461
1132
1323
1672
2081
700
2483
777
1337
1124
1144
1233
413
1152
2846
2304
1503
2403
831
1935
1749
714
2207
2121
1722
90
2600
2823
274
1764
804
2648
85
2281
2631
2063
1204
627
1312
1506
345
471
2420
1501
555
859
965
1635
2632
1467
823
1780
1853
734
1556
1561
1882
2018
2654
123
611
1775
56
2729
1133
1218
1269
1828
1926
1630
1087
1762
1015
2676
2167
2116
361
2074
1558
2311
1513
162
537
946
2183
2804
2649
596
220
1315
1742
2415
2454
2758
2857
858
1332
1812
1937
606
210
534
1342
2422
1934
2723
1814
448
2406
1664
575
516
588
2302
1316
2127
2771
1167
1394
1678
2570
710
633
501
2588
98
1789
1494
2878
1518
399
773

