1 1
2 0
3 1
4 0
5 1
6 1
7 0
8 0
9 1
10 1
11 0
12 1
13 1
14 0
15 1
16 1
17 0
18 0
19 1
20 1
21 0
22 0
23 0
24 0
25 0
26 1
27 0
28 0
29 1
30 0
31 1
32 1
33 1
34 0
35 1
36 1
37 0
38 1
39 0
40 0
41 0
42 0
43 0
44 1
45 1
46 1
47 0
48 1
49 1
50 0
51 1
52 1
53 0
54 1
55 1
56 0
57 1
58 0
59 1
60 1
61 0
62 0
63 0
64 0
65 1
66 0
67 0
68 1
69 0
70 0
71 1
72 0
73 0
74 0
75 1
76 0
77 0
78 1
79 1
80 1
81 0
82 0
83 0
84 1
85 1
86 0
87 0
88 0
89 0
90 0
91 0
92 0
93 0
94 1
95 0
96 1
97 0
98 1
99 0
100 1
101 1
102 0
103 1
104 1
105 1
106 0
107 0
108 0
109 0
110 0
111 0
112 0
113 1
114 0
115 0
116 0
117 1
118 1
119 1
120 1
121 0
122 0
123 0
124 0
125 0
126 1
127 0
128 0
129 0
130 0
131 0
132 1
133 1
134 0
135 1
136 0
137 1
138 0
139 1
140 1
141 1
142 0
143 0
144 1
145 0
146 0
147 0
148 1
149 0
150 1
151 1
152 1
153 0
154 0
155 1
156 1
157 1
158 1
159 0
160 1
161 1
162 0
163 0
164 1
165 1
166 1
167 1
168 1
169 0
170 1
171 0
172 0
173 1
174 0
175 1
176 0
177 0
178 0
179 1
180 0
181 0
182 1
183 1
184 0
185 0
186 0
187 0
188 1
189 0
190 0
191 0
192 1
193 1
194 0
195 1
196 1
197 0
198 1
199 0
200 0
201 0
202 0
203 1
204 1
205 0
206 0
207 0
208 1
209 1
210 1
211 0
212 0
213 0
214 0
215 1
216 0
217 1
218 1
219 0
220 0
221 0
222 1
223 0
224 0
225 0
226 1
227 1
228 0
229 0
230 0
231 1
232 0
233 1
234 0
235 1
236 0
237 0
238 1
239 0
240 0
241 1
242 0
243 1
244 1
245 1
246 0
247 1
248 0
249 0
250 0
251 0
252 1
253 0
254 1
255 1
256 0
257 0
258 1
259 1
260 0
261 0
262 1
263 1
264 0
265 0
266 0
267 0
268 1
269 0
270 1
271 1
272 0
273 0
274 0
275 0
276 1
277 0
278 0
279 0
280 1
281 0
282 0
283 0
284 1
285 0
286 1
287 1
288 0
289 0
290 1
291 0
292 0
293 1
294 0
295 0
296 1
297 0
298 1
299 0
300 1
301 1
302 1
303 0
304 0
305 0
306 1
307 0
308 0
309 1
310 1
311 1
312 1
313 1
314 0
315 0
316 0
317 0
318 0
319 1
320 1
321 0
322 0
323 0
324 1
325 1
326 0
327 0
328 1
329 1
330 0
331 0
332 0
333 1
334 1
335 1
336 0
337 1
338 0
339 0
340 1
341 0
342 0
343 0
344 0
345 0
346 0
347 0
348 0
349 1
350 0
351 1
352 0
353 1
354 1
355 0
356 0
357 0
358 1
359 0
360 0
361 0
362 1
363 0
364 1
365 0
366 1
367 0
368 1
369 1
370 1
371 0
372 1
373 1
374 0
375 1
376 0
377 0
378 0
379 1
380 0
381 1
382 0
383 1
384 0
385 0
386 0
387 1
388 1
389 0
390 0
391 0
392 0
393 0
394 0
395 0
396 0
397 0
398 1
399 0
400 0
401 1
402 1
403 0
404 0
405 0
406 0
407 0
408 1
409 0
410 0
411 0
412 1
413 0
414 1
415 0
416 1
417 0
418 1
419 0
420 0
421 1
422 1
423 1
424 0
425 0
426 0
427 1
428 0
429 1
430 0
431 0
432 0
433 0
434 0
435 0
436 0
437 0
438 0
439 1
440 0
441 1
442 0
443 0
444 0
445 1
446 1
447 0
448 0
449 0
450 1
451 1
452 0
453 1
454 0
455 0
456 1
457 0
458 0
459 0
460 1
461 1
462 1
463 0
464 0
465 1
466 0
467 1
468 0
469 1
470 1
471 0
472 0
473 0
474 0
475 0
476 1
477 1
478 0
479 0
480 1
481 0
482 1
483 1
484 0
485 0
486 1
487 0
488 0
489 0
490 1
491 0
492 1
493 0
494 0
495 1
496 1
497 0
498 0
499 0
500 1
501 0
502 0
503 0
504 1
505 0
506 0
507 0
508 1
509 0
510 0
511 0
512 0
513 1
514 0
515 0
516 0
517 1
518 0
519 0
520 0
521 1
522 0
523 0
524 1
525 0
526 1
527 0
528 1
529 0
530 0
531 1
532 0
533 1
534 1
535 0
536 1
537 0
538 0
539 1
540 0
541 0
542 0
543 1
544 0
545 0
546 0
547 0
548 0
549 0
550 1
551 0
552 1
553 0
554 0
555 1
556 0
557 0
558 0
559 0
560 0
561 0
562 0
563 0
564 1
565 1
566 1
567 0
568 0
569 0
570 1
571 0
572 0
573 0
574 1
575 1
576 1
577 0
578 0
579 1
580 0
581 0
582 0
583 0
584 1
585 0
586 1
587 0
588 0
589 0
590 1
591 0
592 1
593 0
594 1
595 0
596 0
597 1
598 0
599 1
600 0
601 0
602 1
603 1
604 0
605 0
606 0
607 1
608 0
609 0
610 0
611 0
612 0
613 1
614 0
615 0
616 0
617 0
618 0
619 0
620 1
621 0
622 1
623 1
624 0
625 0
626 0
627 1
628 1
629 0
630 1
631 1
632 0
633 0
634 0
635 0
636 1
637 0
638 0
639 0
640 0
641 0
642 1
643 0
644 0
645 0
646 0
647 1
648 0
649 0
650 0
651 0
652 0
653 1
654 0
655 1
656 1
657 0
658 1
659 0
660 1
661 0
662 1
663 0
664 0
665 1
666 0
667 1
668 0
669 0
670 0
671 0
672 0
673 0
674 1
675 0
676 1
677 0
678 1
679 0
680 0
681 0
682 0
683 1
684 1
685 0
686 0
687 0
688 0
689 0
690 1
691 0
692 0
693 0
694 1
695 0
696 0
697 0
698 1
699 1
700 0
701 0
702 0
703 0
704 1
705 0
706 1
707 1
708 0
709 0
710 1
711 1
712 0
713 1
714 0
715 0
716 1
717 0
718 0
719 0
720 0
721 0
722 1
723 0
724 0
725 0
726 0
727 1
728 0
729 0
730 0
731 0
732 0
733 1
734 0
735 1
736 0
737 0
738 1
739 0
740 0
741 0
742 0
743 1
744 1
745 0
746 0
747 0
748 0
749 0
750 0
751 0
752 0
753 1
754 0
755 0
756 1
757 0
758 0
759 0
760 0
761 0
762 1
763 1
764 0
765 1
766 1
767 0
768 0
769 0
770 1
771 0
772 0
773 1
774 1
775 0
776 1
777 1
778 0
779 1
780 0
781 0
782 0
783 1
784 0
785 0
786 1
787 0
788 0
789 0
790 0
791 0
792 0
793 1
794 0
795 0
796 0
797 1
798 1
799 1
800 0
801 1
802 1
803 0
804 1
805 1
806 1
807 0
808 0
809 0
810 0
811 1
812 0
813 0
814 0
815 1
816 1
817 1
818 1
819 0
820 0
821 0
822 0
823 0
824 1
825 0
826 0
827 0
828 0
829 0
830 1
831 0
832 0
833 0
834 0
835 0
836 1
837 1
838 0
839 0
840 0
841 0
842 1
843 1
844 1
845 1
846 1
847 1
848 1
849 0
850 1
851 1
852 1
853 0
854 0
855 1
856 0
857 1
858 1
859 0
860 0
861 0
862 0
863 0
864 0
865 0
866 0
867 1
868 0
869 0
870 1
871 0
872 0
873 0
874 0
875 1
876 0
877 1
878 0
879 0
880 1
881 1
882 1
883 1
884 1
885 1
886 1
887 1
888 1
889 0
890 1
891 0
892 1
893 0
894 1
895 0
896 1
897 0
898 1
899 1
900 0
901 1
902 1
903 0
904 0
905 0
906 1
907 1
908 1
909 1
910 0
911 0
912 1
913 0
914 1
915 1
916 0
917 1
918 1
919 0
920 1
921 0
922 1
923 1
924 1
925 0
926 0
927 0
928 1
929 1
930 0
931 0
932 0
933 0
934 0
935 1
936 0
937 0
938 0
939 1
940 0
941 1
942 1
943 1
944 1
945 1
946 0
947 0
948 1
949 1
950 0
951 1
952 1
953 0
954 1
955 0
956 1
957 1
958 1
959 0
960 0
961 1
962 1
963 1
964 0
965 0
966 1
967 1
968 1
969 1
970 0
971 0
972 1
973 1
974 0
975 1
976 0
977 0
978 1
979 1
980 1
981 0
982 0
983 0
984 1
985 1
986 1
987 0
988 0
989 0
990 0
991 0
992 0
993 1
994 1
995 0
996 1
997 0
998 0
999 1
1000 1
1001 0
1002 0
1003 0
1004 0
1005 1
1006 1
1007 0
1008 1
1009 0
1010 0
1011 0
1012 0
1013 1
1014 0
1015 0
1016 1
1017 1
1018 0
1019 1
1020 0
1021 0
1022 1
1023 1
1024 1
1025 0
1026 0
1027 1
1028 1
1029 1
1030 0
1031 0
1032 0
1033 0
1034 0
1035 0
1036 0
1037 1
1038 0
1039 0
1040 0
1041 0
1042 1
1043 0
1044 0
1045 0
1046 0
1047 0
1048 0
1049 1
1050 1
1051 0
1052 1
1053 0
1054 0
1055 0
1056 0
1057 1
1058 0
1059 1
1060 0
1061 0
1062 0
1063 0
1064 0
1065 1
1066 0
1067 0
1068 1
1069 1
1070 0
1071 0
1072 0
1073 0
1074 0
1075 0
1076 0
1077 0
1078 0
1079 0
1080 1
1081 0
1082 1
1083 0
1084 1
1085 1
1086 1
1087 1
1088 1
1089 0
1090 0
1091 0
1092 0
1093 1
1094 1
1095 1
1096 1
1097 0
1098 0
1099 0
1100 0
1101 1
1102 1
1103 0
1104 0
1105 0
1106 1
1107 1
1108 1
1109 1
1110 1
1111 1
1112 1
1113 1
1114 0
1115 0
1116 1
1117 0
1118 1
1119 1
1120 1
1121 0
1122 0
1123 0
1124 1
1125 0
1126 1
1127 1
1128 0
1129 1
1130 1
1131 1
1132 0
1133 1
1134 1
1135 0
1136 0
1137 1
1138 0
1139 0
1140 0
1141 1
1142 1
1143 0
1144 1
1145 0
1146 1
1147 0
1148 0
1149 0
1150 0
1151 1
1152 0
1153 0
1154 0
1155 0
1156 0
1157 0
1158 0
1159 1
1160 0
1161 1
1162 1
1163 0
1164 1
1165 0
1166 1
1167 1
1168 0
1169 1
1170 0
1171 0
1172 0
1173 1
1174 0
1175 0
1176 0
1177 0
1178 0
1179 0
1180 0
1181 0
1182 0
1183 1
1184 0
1185 0
1186 1
1187 0
1188 0
1189 0
1190 0
1191 1
1192 0
1193 1
1194 1
1195 0
1196 0
1197 1
1198 0
1199 1
1200 0
1201 0
1202 1
1203 0
1204 0
1205 1
1206 0
1207 0
1208 1
1209 0
1210 0
1211 0
1212 0
1213 0
1214 1
1215 0
1216 0
1217 0
1218 0
1219 1
1220 0
1221 0
1222 0
1223 0
1224 0
1225 1
1226 1
1227 0
1228 1
1229 1
1230 0
1231 0
1232 0
1233 1
1234 1
1235 0
1236 0
1237 0
1238 0
1239 0
1240 1
1241 0
1242 0
1243 0
1244 0
1245 0
1246 0
1247 0
1248 1
1249 1
1250 0
1251 0
1252 1
1253 1
1254 0
1255 1
1256 0
1257 0
1258 1
1259 0
1260 1
1261 1
1262 1
1263 0
1264 0
1265 1
1266 1
1267 0
1268 0
1269 0
1270 0
1271 0
1272 1
1273 0
1274 0
1275 1
1276 0
1277 0
1278 1
1279 0
1280 1
1281 0
1282 1
1283 1
1284 1
1285 1
1286 0
1287 1
1288 0
1289 1
1290 1
1291 1
1292 0
1293 0
1294 0
1295 1
1296 0
1297 1
1298 0
1299 1
1300 0
1301 0
1302 0
1303 0
1304 1
1305 0
1306 0
1307 1
1308 1
1309 0
1310 0
1311 0
1312 0
1313 1
1314 0
1315 1
1316 1
1317 0
1318 1
1319 1
1320 0
1321 0
1322 0
1323 0
1324 0
1325 1
1326 0
1327 0
1328 1
1329 0
1330 0
1331 1
1332 1
1333 0
1334 0
1335 1
1336 0
1337 1
1338 1
1339 1
1340 1
1341 0
1342 0
1343 0
1344 0
1345 1
1346 0
1347 0
1348 0
1349 0
1350 0
1351 0
1352 1
1353 0
1354 0
1355 0
1356 0
1357 1
1358 1
1359 0
1360 0
1361 0
1362 0
1363 0
1364 1
1365 1
1366 0
1367 0
1368 0
1369 0
1370 0
1371 1
1372 0
1373 1
1374 0
1375 0
1376 0
1377 1
1378 1
1379 0
1380 1
1381 0
1382 1
1383 1
1384 0
1385 1
1386 0
1387 0
1388 1
1389 0
1390 0
1391 0
1392 1
1393 0
1394 1
1395 0
1396 0
1397 0
1398 1
1399 1
1400 0
1401 1
1402 1
1403 0
1404 1
1405 1
1406 1
1407 1
1408 0
1409 1
1410 1
1411 1
1412 1
1413 1
1414 1
1415 1
1416 0
1417 1
1418 0
1419 0
1420 1
1421 1
1422 0
1423 1
1424 1
1425 0
1426 1
1427 1
1428 1
1429 0
1430 0
1431 0
1432 1
1433 1
1434 0
1435 0
1436 0
1437 1
1438 0
1439 0
1440 1
1441 1
1442 0
1443 0
1444 0
1445 1
1446 1
1447 1
1448 0
1449 0
1450 0
1451 1
1452 0
1453 1
1454 0
1455 0
1456 1
1457 0
1458 0
1459 0
1460 1
1461 0
1462 1
1463 0
1464 1
1465 0
1466 1
1467 1
1468 0
1469 0
1470 0
1471 1
