953
1943
1119
319
2829
1318
2219
1822
1599
2922
1935
2483
281
942
445
1060
2605
2004
2344
49
2450
1298
1536
1933
290
2071
43
1286
1927
230
1226
1191
743
1597
562
2182
2034
65
251
2294
707
2570
1877
1154
2566
2698
324
1828
703
1406
1322
2190
2462
879
130
2916
1668
909
2694
1583
312
596
1416
1329
421
995
693
2290
2425
2298
2436
725
617
657
850
709
2646
479
2279
1243
375
2446
160
2717
2388
199
2669
2917
900
1302
2770
2671
1609
2118
331
2409
2006
817
2432
1292
1669
1242
2918
854
1642
1697
793
2377
1664
2831
134
983
737
534
1445
2212
985
2470
1436
39
2049
209
2541
326
1865
2395
2631
1059
738
2900
668
211
2747
1418
1995
1617
2709
1441
1484
1071
1168
828
1366
401
947
1785
2410
2059
1792
164
2777
1688
167
1545
2009
2129
1916
1725
998
1782
447
2048
1050
894
1989
1836
2704
1068
1008
2094
1073
899
254
936
1012
627
949
588
2929
633
1403
143
2640
101
1826
2552
2248
395
1133
1246
2357
2210
1640
426
11
1166
260
1768
32
1167
315
1151
805
46
1474
1904
318
2371
1113
2904
1660
442
2763
1030
712
2705
1555
833
2332
2402
83
1930
1326
220
1393
413
1164
1692
726
1690
2889
1860
1237
1165
2736
1970
1493
310
2068
1104
526
648
89
611
1819
2589
1093
2255
523
241
980
1905
1951
2610
2448
840
53
587
1777
2356
1513
1214
2105
2088
2653
480
1983
2902
2408
1330
536
2877
2230
2788
2495
2919
2769
556
858
144
994
1038
1844
1311
23
2746
514
2237
1741
1425
2733
647
2156
1301
2164
1264
2504
2591
2057
1378
1146
883
1734
1920
1798
1833
54
580
940
2615
1494
820
115
1380
2748
2427
1703
1801
2767
1886
1210
2839
1475
91
663
2271
1832
799
2700
876
835
467
1097
44
376
2245
934
784
945
2092
1087
2635
1689
2537
1463
1544
1693
695
1219
1207
1897
1711
1268
338
862
2220
1335
64
2374
356
1846
2732
2274
2761
2805
2851
2322
1800
1739
973
141
2323
364
579
474
1984
1454
2474
225
559
360
837
752
187
282
79
630
552
2117
643
2364
2507
2525
2045
2560
1153
2773
1327
496
435
2885
252
1919
2233
1281
449
1442
1202
671
2379
741
2136
2330
2932
240
313
1656
439
2860
2616
457
1415
1853
1080
2741
2905
2261
2161
1107
1746
84
80
1722
2437
191
1462
1110
122
1772
1042
86
2664
2795
1931
2505
2069
2461
1580
541
2520
2015
705
2680
754
923
1670
1448
267
1974
1880
5
412
263
2533
1369
265
1567
2089
773
1917
2086
2152
1203
860
2074
2145
2080
1602
1118
2095
2799
2126
1816
1063
1402
870
2464
2778
2400
306
2571
1196
2072
1211
2523
545
2637
106
2158
472
1350
797
2103
1834
2348
700
2218
844
1999
1598
288
1304
958
967
1524
760
1278
1422
2305
1758
1223
1062
1138
295
1212
2766
98
1827
1395
2295
504
2185
63
1673
621
1611
990
1198
2168
2146
604
751
1671
1957
2106
1103
2196
1996
202
2258
680
1303
2757
1736
368
1534
2886
2104
2099
686
2234
2291
309
969
1383
2578
2311
2381
1546
688
992
1971
2382
1631
2695
285
2547
2478
2838
792
415
2726
747
1956
674
981
1829
0
162
1486
1644
1296
1388
2108
2906
1903
2506
2391
1492
1576
1387
1612
1831
1174
1289
378
2869
1786
55
215
2801
454
867
1585
1681
408
1386
2162
1232
2775
1034
2624
1743
2933
1375
2064
1489
763
459
1533
2143
1976
2652
1539
1821
2171
769
1177
2811
2828
471
2845
355
1586
1137
924
829
525
2674
1011
2925
649
1990
1881
2227
1092
2840
2221
2078
31
1032
2711
2393
1192
1293
1175
1937
2771
2343
1922
497
739
1225
1135
2430
2844
2199
1152
1013
392
1717
1265
2123
422
2112
2176
1345
1907
2413
2198
1106
24
971
2441
750
2575
2131
2368
698
887
2276
1790
547
2341
1980
255
2648
1946
975
2785
67
2370
77
2556
2053
137
103
544
1193
127
771
1149
532
1074
2850
2081
1900
2135
1876
836
203
1587
1409
2239
2151
1506
1662
1317
2336
1370
1199
61
253
2228
1405
968
652
1808
58
1532
1124
2543
1906
1889
1760
384
2565
1551
1592
2841
1728
1525
683
2755
1918
2843
1778
1100
507
2649
174
2457
1031
1985
387
2406
2555
986
1340
811
1694
1464
1726
542
431
227
777
2447
2592
2424
198
2277
35
16
770
2345
2016
978
2823
2634
1197
425
261
1101
730
1397
2289
477
755
753
613
872
824
2551
419
1444
2187
2557
1522
204
2209
696
733
1362
821
373
381
62
678
264
1779
1180
1751
2772
2568
1570
1862
1855
1269
2205
577
2207
2693
1940
1966
1181
1085
278
1879
2673
2724
1280
2259
2727
2097
1300
1472
2318
1332
609
444
1382
2584
1658
2657
646
970
417
863
1234
597
795
553
1744
1573
195
2455
2707
2871
2429
1504
2426
2018
1737
2683
1627
989
246
1630
2760
2895
2030
2930
944
895
2833
1229
2412
855
2460
102
1541
549
2340
727
2195
341
506
865
1516
41
2327
1344
2434
272
26
809
481
1591
2263
2022
2266
1254
296
1426
205
2005
273
2812
2884
2111
2346
728
1762
1064
1710
1182
1803
1391
2758
2401
9
1108
1145
1004
2225
81
2232
2334
1439
1076
2293
2561
72
1310
988
1823
105
1560
226
343
1934
1870
1020
1056
1759
268
2010
1066
2731
1788
539
614
1563
1187
353
1029
1813
74
812
1349
2580
2759
673
2935
1255
615
484
274
1376
1420
429
1419
1582
1090
573
2936
2350
2282
440
2586
145
1381
1173
1982
1774
30
1882
1240
1408
722
1084
873
92
954
941
1195
1909
982
238
1248
2879
1661
1035
877
1088
926
432
1749
2780
789
1315
2366
40
2679
1654
1892
1954
1348
582
112
2784
576
1633
2834
1161
2398
1213
276
775
441
881
1729
2096
984
964
2082
1500
987
2576
286
1125
723
1429
1838
516
2740
1872
1569
2132
1010
1794
2587
1589
363
558
962
955
758
891
48
861
694
2038
2134
1208
2791
2753
2835
729
2539
925
583
2853
2175
938
697
334
2738
136
2590
2085
1921
2137
231
1553
2642
2645
538
114
1231
2378
219
651
340
1400
2472
903
1910
371
565
242
2522
2139
1684
2630
1721
1793
1356
810
1122
2627
348
1299
1945
1953
1184
1479
2602
214
659
2262
629
2625
245
1183
1473
1005
446
2299
859
572
2159
1891
1705
389
548
1594
1359
2011
550
128
367
2494
2479
1185
228
1898
882
2025
2296
822
781
473
2708
1018
1653
917
1871
407
121
1131
2497
1075
2859
152
1874
2021
487
2208
2815
257
679
2325
2313
399
1675
149
1677
1840
1817
1702
874
2002
2251
362
808
2607
236
2091
1435
1179
2715
2939
1835
409
513
1666
2224
2421
2924
275
2286
1045
2475
2650
2702
2629
1221
677
1964
868
1227
2250
1723
636
2661
335
1742
2660
1099
704
622
344
512
1650
1595
1850
2830
1912
600
1639
2612
2572
1186
304
2600
1987
658
2240
2858
2125
2678
169
2824
537
2887
1053
827
716
1765
2107
2321
2896
2487
403
594
1972
1529
915
2307
1596
10
660
578
221
814
1977
2033
129
1893
1307
2516
75
247
2469
1949
1896
2308
1507
1461
1361
2737
2675
47
1942
890
2868
1373
2666
2206
1261
916
1878
1503
1468
1773
1991
1973
2517
856
1561
684
2083
623
608
1353
1680
1842
593
36
1780
1514
2189
1433
1169
1911
1994
2632
465
270
2762
2020
2864
157
2718
1663
2028
1657
483
2229
2934
2376
2779
4
2338
213
1884
682
2734
2743
1495
1111
59
327
898
66
1841
1216
1552
317
2100
1795
1170
139
1067
2825
871
2563
1530
1732
764
2463
2384
2764
57
176
996
2435
2235
1649
349
1284
635
1699
2372
1236
749
478
2026
2742
1270
2098
1081
1423
1025
194
1849
2017
332
2750
1859
1082
1272
2754
1837
2431
1651
351
2686
1065
2655
1305
1094
1968
119
1319
2509
2257
2324
1228
518
2301
2128
464
1714
826
1022
790
1848
2355
535
2875
2267
379
2489
2148
1291
2526
2796
1858
1531
2396
302
776
772
2411
2816
2903
18
1385
896
418
1126
794
710
2872
450
2713
1399
2127
1450
1727
1271
2800
390
2067
2403
2287
434
352
1901
2861
1112
2596
1614
1579
269
248
1857
271
2144
667
1238
685
293
1371
60
1143
1006
1679
1738
2335
1241
2040
1098
1041
2921
1072
585
2558
2404
1625
853
1294
1258
22
1928
2399
1314
1331
1390
1427
831
469
163
2422
675
2639
2926
574
1624
1637
2387
2647
2510
592
2000
1178
1150
2465
1324
543
1718
746
670
1812
321
463
650
2735
2204
2119
2423
489
170
2817
1290
2913
1313
708
180
303
2899
1926
2466
2593
2490
1948
468
1520
1647
2244
249
2745
266
117
624
2122
2730
846
1487
1334
1923
38
1638
669
2203
2498
1538
2178
436
2579
2222
1155
929
1510
2480
329
316
1509
2611
1323
259
183
1652
56
1412
798
233
330
2265
841
1457
1517
388
2252
2608
1698
19
2316
1955
1519
207
2058
186
1745
1914
2351
1708
1308
244
361
864
2309
1222
423
2529
1249
156
2928
1438
2155
2820
1341
2594
1139
208
131
1511
800
1543
1986
1115
1603
2247
71
1266
1396
1564
404
2031
126
396
1767
1465
1257
607
1070
210
2786
1039
618
928
2865
521
414
2269
1575
2141
767
517
416
1521
886
761
1944
1606
2856
847
1645
2238
1678
2744
405
402
1044
631
365
1401
1320
637
533
406
1295
2794
589
2716
1818
787
2065
1384
1571
2037
1512
2197
1407
2940
503
1142
443
1502
2643
1615
656
1260
1676
2194
184
218
280
171
2300
2453
2215
2622
1967
653
1719
2876
1316
1171
1247
1648
1707
610
256
2797
1628
499
2706
2329
933
849
385
1091
179
1028
1105
1453
2317
779
1740
158
382
305
1861
718
626
15
1437
2130
1127
6
957
492
2722
1810
2001
888
2803
1566
300
1410
2458
1114
150
1769
366
1117
977
1784
2066
486
632
320
1046
1851
774
1342
2577
108
2440
1925
2333
1480
540
166
25
181
154
2701
1476
1282
2530
1477
138
2854
1047
301
2183
560
555
289
223
456
168
1200
1672
960
2184
1389
1456
1275
1483
1655
1206
1868
907
1643
161
2173
2113
17
1623
2326
485
1626
757
1499
1116
342
1497
1867
1988
1404
642
1190
1485
2569
2500
232
1646
2901
2039
1962
113
806
2923
398
1136
147
311
2937
2623
857
2349
2511
2359
494
1659
111
2617
1352
2110
2806
2514
93
687
2283
838
2380
2362
2893
1365
2687
1618
501
1787
2719
2848
1735
893
132
2342
120
2665
2124
2697
884
2723
2597
2116
1148
359
386
336
1424
1863
2663
193
2454
602
2138
1843
2035
258
1
498
2897
2662
159
1979
1947
1616
575
598
2029
691
1120
732
358
561
815
2807
2070
530
1629
2087
1938
2303
1017
292
1682
2677
1820
502
491
1245
2535
1263
1641
1455
2776
2782
2499
21
1121
262
961
1572
1621
2314
509
2471
2846
742
1869
2062
2609
1515
2863
664
1622
2012
2056
505
2920
475
1358
1715
2383
756
1351
2044
1355
2626
1057
299
323
2358
1523
554
347
116
2508
1337
1077
2278
735
780
2562
1771
612
2442
2246
1558
1797
2428
1887
1089
466
1377
383
452
1755
394
1696
2188
1713
927
1430
1432
2468
2304
118
1140
2873
1471
2908
791
142
1452
601
461
1466
42
1363
2373
2818
783
2101
1712
625
1460
734
2027
1001
1577
1716
655
2688
96
672
1674
2804
778
1019
2725
1730
1866
104
519
2656
2720
1975
1619
1204
1023
2023
2201
1338
45
2598
782
2041
1288
2595
2003
1392
2583
212
963
428
2484
2481
1501
374
1130
2337
603
2047
1147
1095
640
2420
339
2443
243
644
2874
1796
1815
510
1574
1691
27
1549
2485
2433
2670
314
2638
2781
140
1297
350
2668
1058
813
2938
2855
1343
801
2133
2288
1267
2681
177
1360
1895
768
2659
807
2476
345
1709
511
939
529
1936
1026
1731
930
1950
1488
2328
1700
2019
1036
2774
1259
1634
2142
2532
1753
2120
424
2154
1274
1132
1379
706
298
2170
2320
591
133
1997
2488
357
1163
2202
1608
1109
699
843
1451
1421
1548
2620
2692
1620
830
875
2613
2331
2703
1854
2268
1069
913
1239
2832
2721
2651
1781
2482
1312
720
197
284
1446
2007
2063
192
2729
1158
2394
222
666
2837
2912
337
744
2036
1894
2909
2077
2153
420
2493
1217
224
965
1123
97
1394
605
201
765
1804
1336
500
731
1720
616
2676
2360
2821
972
692
2696
50
584
346
1613
1733
2272
2438
1189
2691
701
410
155
1527
1467
1079
2604
400
2165
2405
2157
1590
2714
880
2827
2789
2621
2375
1752
2253
2407
1686
931
1600
2243
1724
1791
943
2888
1961
287
1885
20
2603
1757
2177
551
1557
2549
1747
2813
2090
1929
1347
1251
2254
2452
12
2486
1368
1309
1321
2641
715
2699
2890
2546
7
1176
1328
713
581
1852
2285
885
1958
451
2550
2216
2910
2093
1482
1188
897
1528
2540
2927
175
1568
2492
2814
676
515
1776
717
2172
1014
2365
1374
73
2214
2503
557
1414
1470
1159
1890
1007
1244
662
1802
391
2883
2712
966
1766
2456
1604
976
566
235
1632
2169
1027
488
2633
1478
1354
1016
1952
1250
639
2444
2191
2419
294
2582
628
1814
946
2302
569
606
1969
948
2217
3
599
2150
546
2273
1992
1287
922
2793
634
2768
2054
476
1040
2213
1763
369
2836
1496
1508
1000
2223
802
2524
1993
2166
1209
1009
2496
2363
2292
217
2264
1750
173
1578
1799
914
1978
2354
2783
1021
1584
2606
107
1932
291
2882
206
796
1015
68
1498
178
1086
816
333
1939
866
661
2211
869
1194
1761
2599
2752
1037
1748
2061
1701
1783
759
2102
910
2390
2417
2241
237
2367
721
2477
832
2389
2891
1610
2193
2310
2226
2809
2297
1233
1547
1443
190
2449
2894
8
2501
2353
2397
2385
1535
1490
918
2554
2585
2160
2231
619
571
2581
2534
2527
380
1218
952
1459
182
234
2798
2636
95
196
1449
2628
524
2684
2822
2672
2862
1129
1667
229
1458
2892
2275
2451
1588
99
2931
2881
460
1554
766
2512
1253
1061
2418
901
1635
2502
2866
508
2536
1339
906
2491
823
2518
641
1941
1469
719
2842
1048
1102
595
1144
2270
490
14
1428
892
724
1372
283
2147
1704
2749
2181
438
2369
1607
1542
1285
2167
979
2521
2756
1981
1333
2236
1809
997
277
2079
878
78
1825
2347
2880
740
2392
2567
748
1601
690
2179
788
153
2654
2312
834
1845
2024
889
1235
135
2439
1440
2739
453
33
1806
1054
325
1830
665
1559
1156
1434
1417
1537
2682
1172
1915
711
950
216
1811
2073
2528
1325
1873
411
1096
993
397
433
2415
1201
2473
681
2315
2076
1636
921
2084
2459
1262
1367
2445
1924
2414
527
2163
2870
1055
2819
2538
2915
848
1518
567
1134
2690
1847
2792
736
100
124
2114
308
654
462
1273
531
70
2601
87
920
377
1665
1550
2751
2352
804
2689
2790
905
2914
1256
803
2878
1965
2573
1141
1839
2319
2055
785
2060
2826
2898
528
1283
852
645
1756
2857
1754
13
493
937
956
2564
2115
1160
2802
1002
1888
1128
1003
1706
2513
2787
1789
2361
110
2808
1505
1807
2810
2386
437
482
1605
2140
2559
51
2174
564
1357
1959
999
2548
2042
586
1413
563
185
911
1775
1581
2014
1364
1411
904
1764
322
1998
1215
1224
568
2249
85
2710
2553
125
819
2046
902
2911
455
2545
842
2180
458
1024
2339
165
522
1083
2765
1913
470
28
2052
2618
88
1157
2941
2075
1875
1883
2588
1908
2280
1279
1556
908
2008
1685
1963
2515
702
2043
1481
689
189
1033
354
620
1346
786
851
1902
393
2013
279
1051
1526
1683
2281
1431
2619
2050
818
2149
1447
2256
37
2544
2542
2121
919
2867
951
2847
2614
1049
1052
2849
2284
1687
94
2658
34
845
1540
1770
2574
1220
2728
2907
1899
714
200
935
188
1252
328
250
372
1593
2200
495
2467
2685
1276
2109
1856
151
1162
76
839
2242
638
1277
2306
825
1398
1824
1205
2186
2192
239
370
427
1695
172
52
82
148
29
974
2416
1043
991
1491
2644
307
762
448
590
1565
2032
1805
430
2852
123
959
2
2260
1078
932
2531
745
912
1230
520
109
69
90
1562
2051
1306
297
1960
2519
2667
146
570
1864

