2580
443
1671
2334
773
1763
2307
1773
1466
882
297
2766
445
288
889
2803
1841
911
153
1496
1115
1931
2517
850
427
2601
1823
1171
2540
442
1304
1253
641
2459
1036
1674
265
1172
2063
121
852
1173
2005
795
1156
249
904
256
2552
14
2202
910
1597
2316
1855
1347
2208
2177
411
2519
768
7
2220
276
1803
565
438
2585
1485
2463
1607
1881
1848
1298
2438
2449
2556
947
2551
1965
2902
2814
2588
475
1819
962
1608
2548
1816
628
1868
855
1277
1784
1989
2474
2794
267
2617
2371
146
1838
2605
45
473
306
2843
2571
2209
630
1078
1425
93
1068
2002
2870
1452
2432
1182
2477
2591
552
2299
2300
1893
2127
509
74
1407
1427
1712
2606
2690
2603
163
278
1706
2750
1434
1153
2217
1817
202
1672
1440
328
1985
2939
130
221
563
1499
2520
2095
1918
1589
506
2787
775
145
2534
2398
2826
1581
909
2486
928
2916
270
2240
1314
948
415
203
660
1536
2784
1987
791
2435
1345
842
380
1827
2935
2818
17
1874
2883
2305
1782
65
2292
245
564
1741
870
2582
1533
2509
2333
2113
847
2284
29
1781
254
1681
2110
2009
498
682
1977
540
2721
2462
2047
1995
2920
646
778
2911
182
291
1484
633
1004
756
1117
1584
2146
2781
2874
2889
1363
2141
1475
1256
2633
2149
2379
2084
1814
2152
2810
2647
2527
568
826
1227
1236
1966
1213
2560
1241
1393
2745
2401
1226
862
1046
921
2363
1876
1061
447
2024
2457
2140
1776
102
2862
2166
1358
1111
963
1595
792
2136
2389
1195
938
1073
2385
2181
1465
2317
341
1334
579
1235
2330
2273
917
1104
1651
2455
1290
966
720
149
385
1460
2087
547
890
617
585
1810
166
1020
261
310
2198
1238
1553
417
2823
2145
1695
285
683
1624
1034
381
2656
808
1261
812
1973
503
470
354
1324
1120
590
2101
2565
2855
2492
1488
2062
334
300
383
1394
2936
1509
2666
179
504
2940
2335
378
304
767
103
1433
50
2628
2135
1037
454
1824
2928
82
1760
2158
1638
2820
396
1264
2
1901
975
1811
841
2393
2094
1635
1482
400
2205
1771
1047
1998
2871
2253
1090
1045
2670
2201
1351
2572
946
725
1049
1828
653
2757
2400
657
98
1024
1206
735
2068
1764
1030
413
46
1043
2924
1612
666
1591
357
2938
379
2421
2171
1560
2722
2134
848
1212
1248
2662
2037
508
713
2676
648
913
883
2016
2929
1525
1088
1751
818
1343
757
2052
2472
603
2380
2702
159
1131
112
1181
2495
335
1871
388
2813
1564
867
2397
87
1205
849
2672
2236
2586
1052
1109
338
10
905
292
2290
173
1040
346
817
1720
106
2461
980
829
560
94
2392
170
1204
1555
2893
2900
1489
2345
1410
1880
997
2038
2154
699
2197
1397
89
1110
941
286
1443
539
2515
2276
2233
1835
1567
2564
279
513
116
2415
2391
2567
561
2797
2227
262
969
113
1703
2434
2041
876
2264
1687
2730
2693
187
298
1413
1011
455
178
864
1193
505
1219
2160
1865
2365
2291
1821
569
1856
655
1512
1650
978
1386
2102
1900
1330
2303
2382
1647
1568
1908
161
471
1994
2324
1329
374
373
84
1600
1096
33
2799
2320
732
2881
2283
685
1177
1513
580
1634
2366
998
2260
881
1774
2281
2739
2782
2600
2318
900
678
624
183
432
2001
222
138
449
327
2480
1143
316
1952
1872
2120
499
2185
1749
21
325
1123
1993
981
1857
2775
916
1323
1727
299
2310
364
1406
1276
1355
1414
739
1240
2716
2346
2249
1430
1065
787
1955
1247
2489
104
1467
416
2122
1353
2720
2479
2575
1262
1543
741
426
1492
248
1676
2620
2841
2403
672
2613
687
2811
1053
456
809
151
2816
2906
819
627
126
1498
212
367
536
1869
1151
2051
105
1077
1360
1023
2118
2458
1822
2126
2608
70
866
1693
1392
2758
1239
2057
2542
1291
1853
1936
1438
769
2468
2390
724
1549
750
2692
706
1224
1331
1542
1462
2203
626
1336
180
1573
2007
717
238
1954
309
272
225
1632
1561
944
175
2760
2331
790
2139
1613
1399
2029
1059
2828
2406
158
614
2878
652
414
895
2274
1505
2789
1714
2147
2193
1294
1602
2528
384
1283
922
2257
1683
1062
802
2678
772
1303
2630
553
558
1504
1354
1637
1161
2788
67
2090
2834
1883
57
1517
2711
1531
623
1506
689
1230
2769
2015
2252
2442
748
2151
2538
1798
2510
729
2077
2244
1894
1696
1812
370
647
1116
92
2161
2653
1391
1523
1405
472
659
1670
2607
66
2238
1265
1594
1320
227
1221
2293
1039
711
526
2032
1097
1435
439
2370
2885
1530
591
1340
2854
1667
1470
228
1657
164
694
2207
1903
914
1183
1732
1953
35
390
2416
979
2748
2682
2246
658
2599
85
482
19
480
2830
1233
629
1968
2685
2045
1515
407
2615
2306
1526
2504
1535
1910
2545
1887
1611
1491
2172
777
1446
1472
1603
2471
722
22
290
137
1539
2763
727
737
2817
967
1270
1217
1066
78
2204
701
1832
1237
542
902
2756
1234
2199
1021
2315
2288
1864
2804
1890
110
1725
118
1772
1946
43
2304
1947
2610
2791
1013
1082
2103
1596
1795
524
878
244
2014
2846
1717
2058
1971
1134
1620
1888
1454
2505
2436
2106
2407
1609
987
1275
1813
854
932
41
280
2831
453
2822
2200
2563
273
2108
2408
583
2195
2842
1188
1566
1707
1686
1808
2680
1739
484
897
1935
401
199
1179
2034
496
1064
2272
49
2733
39
1170
1086
501
2496
1463
160
192
2072
2175
1896
128
520
2376
606
2235
955
2088
419
2388
2153
2251
2170
2475
2099
2121
193
2753
1055
389
908
24
60
2531
2587
132
27
743
1576
2225
1075
1826
1326
2639
2356
1854
32
2541
843
1079
2232
2652
1207
2056
240
2138
101
1710
1384
2100
1368
798
2402
1588
464
1574
1669
1662
1790
2785
2164
188
1348
2777
698
2612
2619
1963
2078
523
236
961
1983
96
1017
1616
2411
1806
2194
522
2226
1658
500
1390
1272
2178
2030
2518
2729
2386
1480
726
1442
275
1770
394
2327
2913
1944
79
599
2919
2689
185
1950
2448
2829
1367
556
352
1128
1648
1271
1563
1286
2410
214
1891
1715
622
1554
1385
3
621
832
594
1317
2342
2071
973
1996
1904
281
1984
4
2772
891
1198
1747
362
931
490
776
487
80
2512
6
1802
1820
2081
1577
440
1544
424
1858
2636
2174
833
840
2847
551
598
2364
1419
143
2228
2329
1700
1428
851
835
830
2677
1155
2049
2429
1866
988
1362
2211
554
1152
958
1754
2578
52
1766
1807
2507
2687
2059
1332
584
2644
1243
1185
1136
1582
1843
2921
2616
2699
2706
76
174
1744
2332
12
2537
1978
2162
1988
1200
708
1511
950
1970
1852
37
716
1228
2075
936
935
2673
806
147
2506
2864
2632
2872
190
1986
115
2650
2089
2640
2050
1677
2800
700
2532
26
595
124
368
774
369
181
571
2908
1280
1076
1197
1601
656
2021
1377
697
2490
2031
953
2221
858
684
2691
376
1469
2645
23
2851
1938
1357
2809
2494
1186
2827
142
269
1395
330
0
1125
1098
2717
2224
2663
2808
2381
1839
2550
615
2783
2837
2218
1982
433
1337
765
1920
9
1321
1610
1010
1214
2328
2602
2621
1400
1388
2627
1231
2473
422
2413
1507
1372
677
1797
1487
555
2863
639
2414
771
402
985
1269
2018
929
1094
865
319
1548
661
1196
230
1379
1815
2731
1758
131
2259
2513
1631
1418
2425
2157
1794
1056
2268
2481
353
707
2378
2027
976
1934
1949
2562
1878
2487
2309
77
1550
1162
837
1338
313
510
2798
2751
2805
1730
2188
2464
1044
827
1922
1154
2815
2701
1831
1800
2914
134
1704
912
1229
2373
1423
650
2323
1565
2377
1879
2308
1598
1991
1867
801
1093
332
2010
2341
1735
1087
83
397
815
954
2023
521
2262
1375
789
977
2269
2901
1381
307
2091
2895
283
1313
1708
2017
2350
2681
1779
311
71
2395
492
764
959
1376
1169
2853
2694
1089
1327
2712
1636
42
2651
971
1722
838
1755
2011
810
2119
2298
289
257
2313
1927
2776
1144
2359
1493
582
2450
423
635
2125
2237
1389
107
1288
348
1924
783
1895
156
393
117
1325
1833
2470
1005
1278
1587
135
1133
1268
2568
528
2536
2241
721
2561
1767
171
1721
2910
1684
95
1420
186
1906
1168
1622
1359
994
1398
2112
2930
2649
530
1042
481
2581
2525
2825
733
797
1757
2860
2096
874
1618
1960
1352
589
139
1540
1252
356
1862
2631
2749
2909
805
1299
100
2361
1147
811
607
1316
1645
2668
702
408
1370
2189
1840
322
2903
1761
1654
892
1943
845
531
2795
62
2344
924
2148
2256
567
2734
1630
1159
258
680
1656
1099
696
546
154
1369
2418
1494
927
1426
1149
1070
1285
326
2453
2738
2349
1529
2285
2497
1022
2073
692
2452
1411
2206
785
2735
2230
1768
1528
2824
2338
1685
119
2595
1818
2367
1929
1621
2254
1287
437
2343
1711
2183
120
820
543
2214
608
2660
1014
497
597
2667
957
1223
235
1071
474
2896
794
1383
1926
2239
51
2755
2173
534
2659
488
2116
25
2405
915
1105
2428
1859
2143
1142
1884
2665
2082
1478
859
2604
1660
1961
675
1135
573
761
1606
2092
1930
1189
2123
2441
251
970
1164
2311
218
907
770
1579
1642
995
1312
1174
2767
231
2483
1885
2626
1572
382
295
1541
1157
2083
2336
2129
1921
937
1006
2764
2765
2467
1027
896
686
418
2867
2384
705
1698
1060
2124
1702
1799
1731
951
242
1789
2868
877
2114
644
44
1787
391
1199
1415
1846
804
1225
250
2348
494
333
2686
533
1029
1933
469
2169
1412
2832
1788
1639
2688
198
1964
2553
723
349
350
949
695
216
1769
452
2875
1344
2646
2593
562
2394
430
1422
2904
2869
863
1476
1220
1341
2132
377
1748
2296
2629
1583
1266
2374
1302
2354
1623
1453
2104
2231
549
2933
2355
1244
1911
444
2856
1026
1907
1300
643
1175
2778
1508
1000
2069
72
1502
550
1665
1490
2279
2076
1780
1882
2040
2144
821
1556
209
2890
2858
2404
268
983
1141
1461
2549
2465
2454
2322
136
742
229
375
459
303
2898
461
671
816
2167
2793
2302
2941
1951
1501
2128
2070
999
13
1218
688
457
1733
1692
1456
1124
2747
1069
1545
786
210
1849
2723
246
759
1457
277
399
984
899
2888
466
234
1999
2163
141
86
477
1041
495
2258
1604
2698
323
2927
1279
581
1682
2715
1335
1201
2362
1163
1333
1644
2423
974
2529
2700
2006
2098
491
1292
1450
1752
2754
592
476
2790
69
1242
746
2086
1445
40
1140
996
664
1002
392
952
1339
123
691
2737
2004
1575
2191
2314
586
1870
1297
1719
1605
2133
637
1356
934
2043
1615
2085
403
2897
2708
1836
1520
2597
1479
2131
2137
2451
525
478
2433
1374
425
241
731
1745
165
2618
1765
1617
1713
1318
1928
2321
2301
56
355
486
2840
2278
925
1483
1444
807
1387
1942
1146
834
1103
1626
1668
2761
2186
2053
255
1679
1861
844
1187
619
601
2065
1176
2111
2372
294
1690
1678
860
224
1897
2179
532
2669
2614
451
2242
54
2719
1350
176
1342
479
2728
1640
2180
114
972
483
2727
1051
1194
674
734
317
264
1905
1054
2150
167
631
719
856
1150
2543
1417
2917
2456
1306
2774
1282
766
2182
893
1705
1091
1633
2915
1437
2066
2569
1102
2807
1847
2287
1249
541
901
247
803
1127
537
155
2270
926
2833
1844
405
2547
2431
1439
1459
665
2109
1742
1080
2312
1599
232
1119
993
2222
529
2368
2726
2635
593
1403
613
48
2176
1471
1126
2508
982
2704
1216
1718
1521
1916
1402
538
545
1791
557
604
1809
2190
363
111
435
2577
296
1063
2684
2352
2725
1661
2641
813
429
1845
1328
920
458
1940
989
2852
2295
2557
133
1975
2326
329
634
518
940
220
2558
869
2460
1756
428
2836
825
1112
2664
799
577
625
2675
366
1191
1941
2589
968
2884
2865
2802
744
205
2215
1724
738
2000
1980
223
2493
1510
1148
1366
2516
2771
287
1628
1033
2882
2003
1114
1408
1762
1486
965
2806
61
2375
879
184
752
1232
2931
751
1974
1923
420
1976
365
2046
1371
2891
1886
1547
1913
1734
515
857
1451
463
2080
2248
588
144
2768
2216
1629
1680
1945
516
2926
2156
1138
2478
233
715
662
1016
215
609
342
68
2035
507
1962
448
2013
2026
1585
2584
1203
372
2835
903
2876
16
1
2422
5
616
1899
1593
1538
1646
823
347
943
2634
1441
412
2444
611
2484
693
2880
1551
274
793
1190
1101
2503
1015
566
1035
2574
213
351
38
1028
714
570
1860
468
1842
800
152
2592
1666
1829
2212
2399
195
314
489
1959
467
2427
122
404
2637
930
2280
284
312
956
1641
828
645
2105
1211
1792
2746
784
2648
1627
1305
1653
1902
1948
2812
360
148
2426
2130
358
73
81
1260
575
1081
361
1267
1825
1058
1421
1429
1209
409
2539
1915
2396
47
960
2358
2275
1307
1785
2061
781
271
2012
2289
747
1917
2544
1892
1697
2752
1257
642
2282
339
2839
2695
1663
755
2409
15
712
740
2526
2022
2499
1481
991
2707
1095
75
2115
939
2654
894
2439
125
1972
1436
1569
109
1254
872
669
226
2576
2074
2554
2042
535
2801
99
462
1455
331
2886
1664
30
2625
2107
1121
2286
2064
1322
301
2187
703
2705
324
1736
1468
2740
302
2054
2848
1245
1691
1449
2219
406
465
1659
1072
1655
853
2420
1805
2485
2892
1709
2850
197
875
446
2325
1750
796
1085
2932
1990
1875
649
386
1850
576
1031
1716
2759
1746
1557
1382
2796
1830
31
1643
758
194
204
2905
1083
1308
1380
873
395
822
1801
1113
2168
2923
434
2623
1202
1025
736
728
718
2213
836
217
1018
1301
64
548
1592
871
1447
2925
1373
600
1981
2469
1158
1132
1319
2743
2159
1255
1477
2446
679
1590
1909
2709
1404
1284
2624
2857
1559
2918
2710
1552
2779
1518
2679
1956
2044
196
667
1558
923
1165
11
681
1007
1250
1652
1178
1003
1281
1937
1019
88
1578
1753
2861
651
1012
2351
1396
1992
1001
1129
964
2786
2437
2360
760
1130
1361
1919
58
28
2498
2184
318
1431
177
1293
321
1251
512
2657
2387
1614
2609
162
343
1532
2718
336
918
2714
1775
2294
1160
1184
200
431
1057
1527
2476
676
1378
2523
34
780
762
888
1365
2196
1689
1969
157
2559
2643
1310
18
602
945
1562
663
1786
2039
2894
2546
485
1401
596
1192
1122
1474
1038
2261
2263
2419
243
1619
2192
2732
340
2412
618
2067
172
55
320
2742
2417
1979
1743
1364
59
169
460
1925
2514
2266
1409
2500
1783
1139
337
2340
2845
2445
441
201
986
1464
344
1740
2243
2250
237
2583
2671
2093
782
2821
1546
885
2097
1315
1503
1694
1050
1580
1289
763
2155
668
1537
933
587
1834
654
2223
2210
1258
2703
1699
2117
1309
1458
704
1180
572
1877
2762
129
1106
308
2440
252
640
2596
1074
1067
2934
1210
887
1100
1296
1009
2570
1048
1524
2353
239
1215
450
53
208
1137
2524
519
387
690
1759
2522
1570
919
1008
1108
2590
436
1889
8
992
2566
1778
2819
2899
2255
1873
2229
2055
2638
2736
1145
636
754
559
1424
2424
410
1914
90
2598
1932
2530
2573
211
2447
2859
846
2482
670
1912
2265
2674
2245
305
2319
1246
293
1032
2770
2696
2247
2297
2383
502
1688
527
1432
1495
2658
1958
2142
673
2866
2838
191
2491
2661
1222
886
2877
2511
97
2443
168
578
753
1522
359
880
2713
150
207
1118
990
1346
1737
2369
1777
2430
345
779
398
1728
1898
2844
1804
315
2579
1729
574
710
2339
63
140
1166
788
1851
2521
1259
259
898
1473
2873
1084
1516
2773
544
1726
2849
1863
1295
868
2622
2922
2594
1625
2025
861
1957
1208
612
2048
1349
1738
2535
511
2501
824
2741
638
2642
1796
2165
219
814
421
2008
1967
2488
1939
2780
605
942
1416
2907
2357
2744
1273
189
2033
884
1500
2019
2887
1519
2267
1586
517
1837
1107
1263
260
2879
2792
493
2697
1571
36
1448
253
2337
263
632
1701
1675
2937
2079
620
206
20
730
1649
2271
2912
610
266
2028
1514
2724
749
2234
1311
2020
709
745
839
2277
2502
2347
2555
91
1497
2611
1274
1793
1534
2655
127
1167
2533
1723
2060
514
108
1673
831
1997
2036
282
2466
1092
906
2683
371

