814
475
1928
292
66
2928
792
284
1921
143
2826
1739
158
329
353
2430
380
1205
271
735
1239
1194
592
1465
2592
477
2910
312
2298
1691
2200
1510
2365
1864
2076
1800
2590
241
984
810
747
2045
2584
550
1734
2607
2357
1051
1354
1660
2897
320
2849
445
438
1973
2784
2785
84
741
1358
412
1711
1599
1581
706
936
35
1847
1876
218
559
2186
361
848
2320
770
1794
1904
594
1280
1974
2118
11
26
1833
2830
337
1967
719
2843
1251
786
45
729
1113
2696
203
1936
695
924
907
2360
2353
1648
1147
2568
1035
2376
2739
996
2217
1222
1696
2533
1955
37
1829
1694
2078
678
212
245
2610
1107
1937
1381
259
6
2388
1219
71
2093
2268
1046
910
373
2635
2524
1545
224
1811
478
2631
2232
154
343
2889
1850
2754
573
2287
30
922
2561
1745
1724
906
2359
1010
804
1614
521
2730
2463
665
2029
2846
978
1998
2107
2468
297
1540
772
1553
1167
1468
1596
2007
46
313
1908
184
2392
896
2520
1339
2432
856
2091
2280
505
1408
1285
2579
1713
88
1597
1764
2347
919
852
2171
2237
474
1746
1838
76
2811
1757
348
1163
2097
1637
2832
1912
982
417
2082
1074
10
1932
1480
1810
2235
1726
2230
2380
2036
2555
1300
1659
1471
2581
264
448
773
1968
1388
2868
392
2281
572
567
453
1401
1174
2242
2243
2435
2137
86
1374
2769
1313
654
687
2504
749
605
1270
1245
1985
2636
2647
299
1484
1627
2464
2382
2196
2518
1143
2776
591
2938
2111
2937
1879
163
63
124
272
1338
2521
2701
2779
489
266
1252
2210
1463
1831
1888
2475
2746
2761
2483
2256
2043
2469
2685
2634
1504
2438
286
254
1451
2450
959
750
1760
34
1127
2244
795
1680
1790
2452
2836
386
460
2692
527
1698
761
2572
2617
2816
2913
281
1191
1185
1329
189
1153
2611
162
362
577
632
2106
109
647
471
520
28
270
627
356
1454
2326
981
2744
901
2903
1610
840
2548
1754
2328
1776
538
2228
752
51
2004
2556
1490
2000
1394
410
1780
1901
1321
1360
1108
2622
601
834
499
2182
1736
106
2919
233
1875
518
2220
2334
2712
1529
206
653
895
466
1375
2794
2885
2781
97
1333
2662
1001
1141
818
685
593
1352
303
2651
1519
1012
2057
1527
2169
1793
234
349
586
1155
75
1435
2756
1619
205
1169
2570
2851
1199
2453
1214
318
383
90
476
1865
1054
599
689
2875
1899
1175
2532
862
2645
321
1615
2188
2775
1903
1699
1503
1744
2152
19
1844
2653
817
867
875
912
1925
1522
2065
826
454
813
1457
2308
2423
2915
2491
1385
2343
1551
146
469
2732
215
525
1165
1980
2044
999
876
797
364
2810
1705
1922
2914
913
1237
1869
1078
1561
2088
2390
1915
232
1885
2829
1633
2766
23
2410
149
2908
661
1666
1972
141
757
2760
1168
1121
2457
1965
2825
1673
1635
578
2215
1264
2749
7
2234
1419
1297
105
1104
563
2664
1827
969
2544
2449
2858
2258
1862
871
2884
1467
416
2391
1487
1893
463
2522
1881
2492
1832
1643
1586
1372
65
1501
1356
2033
686
2158
2808
468
1428
2187
1620
724
144
1587
2415
2233
2061
2260
1837
662
432
229
1291
2871
1018
221
2689
1202
1539
1841
1871
2120
2620
2445
2155
2531
1913
1626
794
2684
1544
1945
2214
1741
2315
2643
1654
1852
805
634
859
1452
1774
1638
288
2153
2306
1289
585
2632
1550
458
2068
622
557
1982
2763
219
217
187
2613
655
870
322
177
116
915
1880
575
1983
2840
833
1572
2772
1767
2316
645
2569
704
1177
2932
2146
2752
513
2327
346
135
455
2428
1439
1737
1993
119
1292
734
439
2114
2646
2798
561
2037
166
485
2175
1914
472
276
703
762
2161
160
1093
1499
597
2083
1244
2493
1033
2039
64
756
2204
1119
1977
846
2481
2856
1299
2229
2878
2123
1828
1179
1516
1902
508
2700
1056
2209
2813
2661
1081
1500
1957
2075
1190
2451
77
459
1924
1395
546
2060
778
1715
2099
560
1521
674
258
1481
2156
1281
2163
1910
2864
2407
751
2313
1506
2546
1240
1478
2038
920
1006
341
2727
249
2869
664
2420
2792
2702
1073
39
1995
2017
733
394
1421
330
2542
2400
1946
1950
1184
2594
1443
690
621
663
2728
370
334
2444
1459
1653
237
2916
2401
1276
2939
953
1407
579
2131
1639
1142
1042
2514
1992
2072
842
909
1453
1577
1461
1960
576
479
2179
278
262
153
2717
1919
930
698
2791
2197
1369
2803
1976
1593
411
2750
1359
55
799
2494
2905
1947
1062
25
98
413
600
2335
2041
607
760
2275
167
2870
1498
1031
676
2687
709
1389
426
2652
847
2777
2014
2059
1235
126
1952
2198
54
178
102
2081
2650
2485
33
2626
1749
1129
67
1218
886
2467
2073
861
1918
716
408
2447
1971
596
2927
961
1027
80
1860
694
2173
1318
819
1651
885
1437
2679
2426
2706
2025
1063
2663
47
2021
1964
2860
323
244
1298
1320
1777
1729
2765
422
481
1582
2368
1949
1621
1657
1861
2854
535
2194
1839
2054
1830
2135
2789
612
2080
2185
1624
279
2566
180
2530
1824
111
2418
864
831
2850
1424
2157
1120
2591
2011
1999
787
1846
2817
2470
975
1380
2686
952
1069
357
1411
2362
941
305
1232
1975
2147
2505
626
2446
495
113
2711
939
2100
2005
2839
1109
1630
21
2219
2758
1491
2471
2743
1978
8
1723
2385
2859
1296
2150
2507
1618
2069
2751
1725
456
1802
791
100
1128
2336
1367
677
779
1775
2370
92
1282
1602
1304
2297
2373
1223
1403
1071
1462
667
672
2379
2502
2608
2678
2273
966
2659
74
602
1730
1016
483
511
2226
132
1511
1268
1554
414
2508
2736
1692
1315
165
490
2553
375
2291
1432
213
927
498
1719
2263
1034
1755
736
1564
2303
1990
515
2707
2195
1547
230
753
2369
1123
2486
285
1378
388
1149
2363
1768
702
1530
252
27
1310
1759
2716
1433
1959
2404
825
1661
201
2724
1322
2838
2130
824
763
93
2094
379
1693
1400
1743
1836
2090
2341
1489
1531
263
571
1100
1148
1183
1870
2768
946
2549
2867
2285
526
509
1258
2112
2638
2174
1994
1636
406
89
273
2614
2062
722
444
311
2140
2299
2888
997
363
2574
2814
781
777
1687
2599
169
404
377
1853
108
170
533
1716
32
1060
152
1247
236
1702
2148
1277
782
2496
310
1257
22
555
967
159
1803
145
157
2740
2815
2227
2929
283
138
537
2704
1263
198
1670
701
2580
1215
1455
1906
2637
1043
2159
2387
1151
855
1927
1676
1466
2879
2310
1815
1866
1735
1047
197
1563
0
2340
493
640
225
2143
1410
344
1126
2674
2267
1230
1488
776
877
2710
332
1703
274
2571
68
492
172
409
1679
732
2399
2715
739
1477
2853
1101
2265
1845
2731
2269
1788
2317
1430
1613
1458
874
465
2142
2117
2325
916
423
1135
2257
809
1573
1370
897
1229
2596
811
858
613
17
2053
82
1067
2509
2757
1098
1064
183
2427
14
1371
2759
517
2009
2872
1196
630
710
973
542
150
1900
530
623
280
140
358
2184
1347
2640
2276
2906
1798
405
94
87
2074
2176
2565
1722
580
1317
115
1600
673
821
2898
1609
1236
1092
2342
510
2629
583
2419
983
1340
1623
2644
1376
1341
545
1188
2703
991
2259
1266
688
1528
1301
1115
1007
2801
1160
1079
2902
2479
2324
1756
1474
1820
2116
1417
531
793
1050
1306
2742
436
62
2559
31
624
693
1278
1583
1740
2058
737
1822
2723
2095
1469
2904
948
639
556
1087
480
2356
2422
188
2489
2835
1059
2802
940
1198
2454
957
1684
504
1814
1652
2015
1250
2066
315
1727
2935
1390
2495
298
1874
2396
728
2887
2654
1786
684
1028
1525
932
2567
161
1003
838
2618
1077
1206
1009
1821
214
2562
764
446
60
2222
2799
1362
1228
2883
2459
974
2294
1312
2395
903
1037
1396
1357
977
1682
657
2477
360
994
451
598
2249
381
2361
2805
1212
1083
635
2655
2026
171
425
248
1456
2828
759
209
61
2824
2079
1216
2149
1383
1095
2500
2282
295
588
1040
1224
173
2683
267
2121
1197
125
18
771
1590
1427
507
2660
1931
1570
808
798
529
512
2358
1265
1116
2630
892
1797
528
2619
1260
1070
1326
130
1823
1262
1857
1096
2656
1233
1989
1592
1323
182
1279
2344
467
486
887
1494
1464
2796
1574
216
340
890
2329
851
682
1526
656
1701
2922
415
2008
328
1145
1172
934
1209
15
494
2931
2034
2665
717
928
204
369
50
41
574
1139
615
666
2224
2595
1674
2031
2676
1305
1708
1796
1384
731
1330
637
335
1482
151
2874
326
868
845
1677
2333
1631
829
2893
2115
440
1765
1560
1808
715
638
136
611
1364
1157
1302
1345
536
1954
608
1243
2797
2394
1917
1598
543
2151
442
1220
707
2480
660
1391
548
1647
2863
2900
2721
944
2262
2541
190
2247
420
925
484
1368
1226
2239
251
1379
2183
1988
1645
1892
2513
36
73
4
2170
107
2719
1849
308
2050
1193
956
255
2745
1192
1769
1608
1542
2648
705
2762
2202
1386
1733
1886
2807
1249
945
2844
2604
1156
1920
2321
2886
2141
261
79
696
395
2133
628
1748
1014
806
2484
2425
1024
1672
2253
193
2421
1242
1013
1227
2129
2429
1217
832
1616
1444
1086
2737
1355
2408
1517
2688
1413
683
287
354
1843
1496
893
246
2576
301
942
979
20
1628
2575
2413
2515
2720
1159
239
1425
1603
820
1997
2354
2666
963
2616
2433
24
2901
1057
1858
1986
2519
2211
1373
265
1732
1930
2497
2821
2383
2122
1956
2248
2882
450
1068
641
1363
1019
812
1855
309
2166
419
943
2940
1290
581
1575
1324
1524
926
56
744
1200
2558
1543
700
1246
2461
1447
1335
1791
1644
1479
755
2818
1402
1607
1640
1882
1269
342
1897
42
1789
823
1187
2047
2698
307
643
2600
2639
2694
2350
2101
496
2633
2669
2510
253
889
2266
2827
2314
2473
2378
1124
389
391
1256
914
1415
1508
1483
2466
2443
1331
398
2132
1595
1294
2713
1075
2448
2213
2250
2189
2071
2128
2603
2598
2212
954
2178
210
487
2292
2020
222
1316
857
1412
1158
1509
849
636
1887
1970
1991
2301
407
1005
1675
992
2375
1778
2125
1434
1625
891
403
2389
1038
888
1053
2895
2323
2412
692
2820
1397
275
2063
1911
2366
2735
1210
2812
2557
843
1650
1558
2831
2271
282
2109
2087
1549
1826
2748
12
372
2319
815
569
2909
351
551
2006
2771
2436
2181
2042
1377
304
1695
2092
788
1231
670
1349
931
2482
2819
1055
2246
2167
570
1761
2804
1090
2917
541
633
1809
2348
155
768
2866
1689
2113
2770
2891
378
2103
951
2547
506
2699
1520
1898
1712
2261
2681
2823
2465
1044
1089
767
1916
78
1589
658
1655
802
2930
2
1166
2231
2877
2609
1085
2535
2307
2102
1961
2529
865
1942
1896
470
1728
986
2941
894
243
911
937
1576
1416
2311
564
134
2245
148
1201
121
220
1562
1939
2671
156
1131
990
523
904
2774
619
988
1926
1895
1787
1445
139
1004
1546
2923
1683
1011
1117
2030
2680
1958
1102
355
1254
306
131
2441
1295
338
738
2160
2022
179
1030
1288
1473
828
539
2528
2790
2337
1981
2221
2543
2487
1342
2439
1008
1211
2104
552
748
2918
2304
960
659
457
500
1045
1122
540
43
652
2127
57
1671
240
1470
2203
1449
1234
908
1346
1685
2086
2272
120
714
291
1392
1867
2540
1493
2601
1221
2593
385
44
1612
1559
462
2536
2293
1907
2371
1534
2346
195
1762
1039
1303
1578
987
2677
1515
1909
437
807
2474
289
2162
1834
421
562
668
836
1275
2349
1642
2027
2498
1132
2352
2406
1026
1436
1806
2755
1409
754
1253
2501
482
2331
995
1953
103
1161
2252
1208
85
1225
785
774
1662
1274
2085
595
2192
1140
1334
2279
396
1084
2154
1319
2414
1111
2431
231
3
2284
242
800
2734
2920
1710
1605
1851
174
2255
359
1029
1475
1182
1144
1951
917
2586
1634
1422
2386
430
2010
1878
1772
680
775
1753
2139
327
2865
2554
2782
2411
1890
2672
110
202
985
2926
718
1170
1632
2912
708
1668
1771
366
972
1707
790
2403
2793
2552
923
675
2330
691
1048
2933
2024
2628
1813
1606
449
1773
1658
2172
185
1203
2405
1940
2709
2372
1207
1752
898
2526
127
365
2377
2726
324
2318
2714
2845
841
2110
2309
2705
1099
949
671
2288
1025
603
935
681
424
2040
427
1460
2264
2550
524
1283
164
853
2191
1486
1414
2890
2283
1387
2583
2753
1382
181
2733
2364
1566
211
1353
247
402
400
796
780
516
2708
1344
1987
1785
554
1094
2056
2649
69
101
226
631
1076
2424
2795
1584
1697
2164
711
1690
114
2393
223
1328
1738
1868
1082
2773
1023
649
1842
2899
196
1825
2517
2402
740
2096
2193
743
2462
971
1747
1681
872
2001
2322
614
2894
1766
257
2416
1555
104
1750
1189
1164
1552
1859
850
393
2525
1532
260
2585
2207
566
921
2578
83
1649
2455
99
2077
1049
1366
2208
1497
863
2861
837
1804
522
2670
1929
314
1495
589
902
1538
2381
2545
1195
1150
40
2764
2564
933
1032
2747
1492
418
616
769
2254
1133
2002
1779
1962
2783
2673
758
2837
1720
2729
2338
2046
70
1537
547
590
2084
319
2880
1015
401
277
1286
2003
1343
727
726
1784
1565
980
501
2907
1799
2177
1617
1134
1327
629
2274
2218
91
582
962
644
1611
2855
1485
293
549
2780
2800
2270
1097
428
1507
1502
1
497
2718
1923
544
9
2534
200
938
250
1125
2925
1795
1180
2627
1110
1591
1393
860
2892
1311
374
918
2016
568
1154
2934
620
2741
2472
1856
429
1058
1176
1601
2539
1801
2896
2277
609
1889
2064
347
725
387
1398
2019
1091
1022
1665
2437
648
1136
958
2052
352
1114
1103
1442
2206
1336
2512
1835
2201
746
1178
1020
192
1152
1325
1700
2503
1664
1569
2738
1429
532
2018
993
491
1514
950
350
2506
929
133
723
1284
646
1162
122
827
2374
1816
1505
2682
2023
2286
1678
2138
2641
1891
1996
1984
1259
1792
712
228
2223
38
816
584
2786
1307
1271
2305
1763
1248
2560
835
376
1934
617
117
2936
2615
866
1440
29
766
1594
789
1351
1171
384
839
2657
1721
1966
1072
965
1314
461
1884
2862
1536
2788
2675
1533
2105
447
519
2499
1873
294
2606
1571
1365
1065
604
625
2778
2067
618
1758
1348
1204
1061
964
2848
1267
1943
431
2625
1000
1337
2725
2857
1770
1568
2460
730
1840
433
5
1805
2442
900
1512
48
2621
2409
227
651
1399
854
1420
1118
2289
238
2833
587
2667
95
186
2145
2312
2691
1686
883
316
1138
565
1783
1706
333
2822
1667
2458
336
300
765
1717
2216
1781
2332
2434
2199
2339
803
452
2623
175
2722
1622
1557
2834
128
1933
1002
2852
1332
1731
2089
367
382
443
290
745
2012
553
1106
1066
2295
2124
53
1709
1241
2478
503
1588
1041
2582
1669
1088
2577
1361
1450
199
2537
713
1472
2809
1604
2881
112
371
1173
1969
2841
2911
899
1273
52
2624
947
2921
1548
1293
1446
129
1782
81
2511
2180
873
822
96
1646
801
2516
2367
881
207
1418
59
1535
142
473
1894
2126
514
2605
2351
1181
2302
679
2013
331
208
1718
1272
1585
2028
2165
697
884
2695
869
16
1513
968
2693
2049
2051
534
1080
2697
1944
2032
2456
2563
989
1935
2767
2144
339
2168
642
1704
325
1476
2278
2241
2588
13
610
194
699
1641
2476
1423
1308
2642
1863
1404
2238
669
2440
2924
397
2055
2355
1688
720
1817
1036
256
1556
1052
368
1309
976
742
1807
1877
1854
1979
2035
1883
2587
784
1742
1523
2873
1213
1287
2236
1580
1431
269
2134
1567
1405
2205
2296
955
606
1130
345
1406
2612
2602
1541
434
1186
2527
1819
2300
2225
2070
1518
783
464
1941
1350
1112
1848
399
1938
2398
2551
302
2119
1255
123
1629
502
296
1905
147
879
2345
1021
268
317
2589
137
2668
2397
2806
905
1656
1137
882
721
1448
435
650
970
2787
1017
2098
1812
168
2538
1751
998
1238
2490
72
1146
441
2384
1963
558
235
2488
2417
2876
1714
2251
49
191
1441
58
830
1818
878
390
2658
1105
2573
1948
1426
2690
488
2240
2136
844
1579
1438
176
1663
2290
1261
2523
2597
2847
2108
1872
2842
880
2190
118
2048

