2204
1991
2165
430
1444
2791
880
2910
345
744
1387
1437
2031
1119
2467
1890
1401
2871
710
1439
136
186
1185
403
1979
2323
876
736
2879
1924
899
1538
1678
2815
2769
1344
2554
857
2876
1906
1788
875
1165
217
340
1932
2633
1218
2493
188
1331
59
1486
2383
388
2560
236
2822
2421
2619
1455
2226
2884
2017
2028
580
1833
1581
1663
2568
1087
2794
2229
2642
958
2532
2444
1946
2159
2461
713
1692
1882
2070
2496
1280
590
2824
2053
2811
2541
1870
1623
1315
2213
255
427
631
769
2536
2045
467
1307
2528
73
246
2802
1836
723
1091
678
2157
1771
1780
1003
97
1065
286
1838
879
284
745
2550
976
972
2926
2387
1415
156
2306
362
2800
885
1285
2677
942
1299
120
779
398
1071
1735
367
654
426
1579
623
1757
2537
2931
366
327
2239
2875
1353
2682
2862
1564
1656
1364
155
2441
2313
2795
1563
1458
1558
1927
1669
2233
1756
150
2312
2211
2662
667
387
492
419
2921
48
2156
2432
148
1832
2194
903
105
2203
2558
1729
1763
2407
1640
2573
1956
884
2214
1324
1513
1163
1300
1356
185
2426
2366
13
2630
2349
819
2285
250
1974
2760
261
2934
1655
1424
2184
771
1712
1025
2694
2280
1303
2427
2438
2906
859
2757
926
603
1765
1442
2743
2609
294
554
1292
513
2361
418
852
666
3
12
1737
2190
375
2551
1349
2660
567
1320
2857
748
2146
555
1088
1201
315
2739
1453
1866
62
955
1388
2807
2574
2044
890
644
2780
1855
425
2681
566
1612
1743
793
1570
2059
1576
2842
717
2448
1857
1842
1361
1326
1404
2932
826
2284
116
1562
2243
1722
2111
41
2086
1783
1943
53
374
2688
2101
308
2462
2449
833
1839
1186
2768
929
2314
1791
2207
1643
1817
1055
1628
2929
1721
1749
1687
2721
86
658
1207
2265
1177
2745
1862
1552
414
1652
2782
2183
1130
634
1227
1578
409
349
1672
2251
633
1781
249
881
443
198
2753
49
2596
226
130
1892
1879
832
1720
850
2912
1223
2584
2504
2635
799
2391
1284
1595
1102
152
1736
1818
2457
25
2691
665
2002
320
2901
461
1083
205
1905
20
1386
158
2608
1731
531
1766
2527
607
594
1875
2328
937
2474
2933
2099
2581
2055
28
2654
2684
1726
992
214
2488
998
888
33
1097
1648
1608
2384
742
507
1567
1762
1971
2459
462
153
2235
2026
2178
2394
2622
1498
191
2113
2500
1520
1810
1006
1702
2523
660
2332
200
2904
2335
510
2627
65
1383
1264
370
1395
2016
2833
2935
2350
2734
79
2153
2223
1797
2502
209
954
400
2853
2923
1577
1064
902
724
1582
242
17
1988
2418
1934
1295
882
1533
1305
265
758
1945
1440
1948
1843
2331
1683
2249
2629
1350
2606
484
2396
407
725
1217
302
18
1272
22
2325
2636
2118
109
1604
2212
2692
1255
701
2591
1668
2687
1257
2890
1014
2150
611
1432
1717
1040
2050
551
1500
1459
991
364
2246
2477
1861
624
2422
1068
401
485
1229
1328
450
1554
493
2219
269
2275
542
616
1379
2247
1617
586
840
2590
2300
140
572
67
1931
1365
764
1456
877
1194
332
2455
2083
2516
1820
1823
92
2107
892
2357
2908
1522
1835
299
238
562
1450
1894
1571
2542
1618
948
2593
24
1109
2413
1253
391
526
847
1639
1940
722
2362
2250
1642
328
1406
1420
2365
545
1122
2647
592
2856
1529
1132
1043
2025
1398
2272
843
573
1646
558
2601
849
2292
1715
2569
1688
2388
2592
2182
670
548
818
274
808
2530
368
2531
1664
68
1955
2839
2914
1476
1645
2022
339
938
2030
2576
2071
1707
1912
719
231
1066
2380
1095
500
677
262
563
1198
2147
1308
964
593
2814
1877
2916
1480
2507
2144
2428
2132
1792
737
243
961
2290
2742
2723
146
950
521
2356
956
39
577
1081
1105
689
1986
1357
780
1654
2330
2836
1942
2376
1039
1634
522
834
2855
1822
1317
1497
588
1677
78
133
2404
2805
936
1667
2829
2037
2903
29
2077
2185
2503
2460
494
1504
2040
2254
307
657
2270
117
373
1106
720
1819
511
19
1077
2729
336
605
798
1951
431
1711
1740
2398
1200
1560
322
2557
1950
547
480
708
1572
1528
2142
822
5
179
2744
2482
1422
811
2838
2598
2151
2849
1359
110
853
2840
878
930
1903
1243
2582
2139
1069
347
2075
709
2120
728
1706
1853
457
163
2887
1362
733
415
1907
1435
1928
2253
2917
2870
93
564
1981
2242
2076
2750
245
436
2796
599
356
1213
422
1748
999
2827
2604
683
2135
2653
408
2613
2765
143
1638
161
2406
2866
2820
312
1145
82
2010
2525
270
615
671
471
112
464
990
1809
639
277
1521
2715
2685
248
291
1954
1023
2027
2240
1168
2353
2079
1778
251
475
1011
2746
252
968
1211
703
519
1970
642
2208
506
978
2379
273
180
107
2011
1026
46
189
2652
1816
2
56
37
2465
2351
395
1248
1169
2837
102
2029
40
650
1921
741
1622
2063
2597
2303
1649
765
2821
786
1651
1152
466
1518
2793
2586
618
1758
2013
2049
2429
2261
71
1157
2000
2540
380
1632
1588
47
1153
2816
568
1935
151
2295
2337
1078
913
1410
1660
342
1063
268
2023
135
1131
1318
1481
1919
655
1541
2456
389
1302
925
690
1215
1603
193
2468
1526
1535
1179
1592
1944
2138
1963
2343
1298
2658
2605
1899
1573
2299
2583
1922
1117
749
2920
809
602
1556
2377
1053
2818
1741
560
520
2382
2730
2762
1828
1028
2244
382
2415
1909
159
111
385
2778
76
1994
1637
1534
2506
1288
1225
2484
2042
1876
202
1510
1446
2052
1296
124
1869
2813
2561
2784
2452
283
2616
2091
1710
2892
1779
2051
2689
2858
827
2334
1681
2812
2105
1086
404
1914
1830
865
235
2513
103
1483
1094
2018
276
1274
1926
1644
1297
740
1021
1214
2340
2711
381
1694
585
957
2297
2278
1714
2012
2941
321
1847
145
1058
2257
1327
1196
2666
891
2678
2304
183
454
1611
1665
2512
2434
225
463
1430
1036
326
704
730
1134
2679
2060
2909
540
2264
2289
127
609
2169
2756
1351
2375
919
72
144
1784
354
2835
1613
317
2268
2216
383
1104
959
2148
1418
10
2577
177
122
996
2587
1531
2039
1858
727
227
2035
1074
528
2885
1542
2442
487
987
2716
1172
997
2402
2712
1793
2538
582
1549
2041
512
2245
2005
1973
1281
2034
1019
579
442
1184
544
2125
2519
2559
2173
1419
1330
203
751
223
1341
743
1671
216
149
2655
1977
842
2200
1333
2772
69
738
2167
1182
674
2643
2905
1436
2831
830
499
44
1407
688
1580
1256
597
1895
2895
194
848
1917
1337
2638
2206
478
787
746
2252
2600
1859
2302
2725
2893
1703
486
125
31
2316
1596
1787
435
2936
2087
1964
1484
692
1282
350
1471
620
1376
516
2566
1319
1995
390
1009
51
2389
775
533
2315
1405
423
1267
1799
901
2430
626
595
1569
1751
2894
1666
851
1889
2458
2215
837
1060
1370
1916
469
2919
705
2522
2143
1620
2621
1801
1727
168
1199
2615
1443
2657
1166
1061
966
1630
2491
1180
2617
2355
2062
2764
525
1621
392
829
2137
774
2722
515
1123
2880
369
1586
646
1012
2409
974
2222
128
2152
142
2288
101
785
1183
2248
2680
2401
1335
77
2726
970
2466
2841
2703
608
2231
2924
1045
2395
1158
2511
1155
1400
2093
1075
906
2416
1975
831
2064
1874
2319
604
1911
1918
1615
314
2453
676
2436
535
1696
569
87
839
1523
1438
300
502
2324
1716
529
2308
2109
612
2341
2238
1148
452
2767
2224
753
2781
2277
2863
473
1399
1850
455
253
139
2776
1220
2499
2403
2345
1246
1657
1047
2210
2171
2114
2057
922
80
812
887
773
2623
912
182
1197
1262
2110
1747
1033
1321
218
761
1852
1524
927
622
2202
552
311
870
453
2175
965
413
2763
1941
2683
2227
672
1980
1093
2054
1693
553
1804
2117
2122
2373
897
2033
2174
2259
755
1960
784
1601
1626
1245
1764
154
935
1228
1761
184
1901
2205
365
2740
472
2580
2470
2848
1067
1343
2318
2008
348
2161
1474
1173
166
2555
2096
1754
2133
1161
2713
304
2928
802
680
224
2273
424
2886
1701
754
303
147
2733
1880
527
2850
2747
2675
386
344
2115
971
410
756
2378
698
732
1052
1627
821
760
994
1174
2864
1233
2830
1745
1339
794
1878
64
2806
2846
653
2624
1329
1674
2588
1463
1309
2014
1080
1313
2714
1188
1827
313
2918
1772
873
2620
113
518
2874
1477
1412
1311
675
1891
845
84
2868
2797
1752
619
1695
99
2602
289
731
106
1591
355
600
2163
1849
1540
1310
2266
2939
973
490
900
1465
1129
2081
2469
1831
1770
1961
907
565
941
883
1734
637
1385
441
90
361
1503
2322
2669
108
501
2844
589
1785
2485
2517
451
221
2423
2671
481
1332
1306
1007
861
1205
1219
2495
1633
862
2003
305
2869
2408
1140
197
1967
384
2708
2360
1990
2405
402
1546
2473
2358
795
222
1202
583
1947
1813
1512
2547
2291
1635
947
1301
2508
2632
1750
488
1647
1170
2364
1368
825
814
712
1744
1203
1929
679
2218
2911
1018
1057
576
213
2673
766
874
123
2727
2915
498
1472
1952
1900
2572
691
2710
1718
1015
1746
647
2645
1614
1191
1114
538
916
2414
439
171
207
219
2610
2154
1244
2549
1807
2570
1888
908
2370
2783
1511
378
2639
2097
952
2792
1800
2176
2321
815
2719
351
280
491
505
2381
1224
1989
960
1774
220
914
1089
1769
66
11
1508
729
918
2534
1323
330
1247
1893
828
1054
2128
2339
2492
2294
233
1141
434
1821
1277
337
1022
1682
1475
2390
1915
2085
1867
2664
2834
598
1221
920
844
2494
2446
1259
1796
1035
807
1494
1499
1863
1539
2634
2276
324
45
1728
372
806
1135
30
1082
181
444
1423
1427
606
2900
2472
2696
1886
470
1547
2127
2015
924
638
134
34
1837
803
2709
1290
2112
1409
726
1597
2098
2749
2260
176
271
2817
2899
2338
2543
1686
1115
2544
1062
2333
797
2069
2180
2706
2481
1279
266
2877
52
358
782
1417
790
823
2564
2891
36
1575
2236
945
160
1236
1156
396
596
943
1258
2672
854
2359
2640
1293
2036
651
700
856
1685
1042
2385
1002
534
1416
1631
1381
1369
2160
1959
2930
1144
138
229
836
721
0
911
1690
860
9
2228
846
648
241
2024
2809
2567
1116
557
2084
1992
1413
1096
2119
570
1451
1676
417
285
1673
164
1346
393
2061
2386
2102
1159
962
1239
2648
2372
2881
96
789
169
898
988
1034
2186
230
1454
1808
1851
1325
121
2631
1394
1231
2293
1103
2790
614
1462
2320
323
1551
2556
2575
1479
376
1076
663
174
1265
2342
2046
1739
1162
1336
1038
1020
264
83
2628
1421
2371
1844
767
2106
211
1269
8
1374
2179
889
2168
1489
2108
2913
2440
1391
1742
1230
1969
282
2363
1845
1490
1698
1930
2518
2445
2348
979
1487
1662
2043
2701
287
2478
1431
923
2258
2695
1363
1154
921
1408
581
1449
2476
1881
1561
1733
1051
556
363
2656
2607
2191
1625
2439
432
2897
1147
1113
43
1806
2410
2766
1585
2845
2170
867
165
2346
1390
1340
1139
1466
2585
2310
2475
509
2166
2201
872
1566
1553
131
394
1433
1206
2489
886
2255
1473
763
1515
928
1840
796
696
1316
1271
734
1993
578
1953
2546
1517
2464
448
1826
2732
318
817
523
1509
1559
2754
2927
1464
2847
2282
630
574
1389
1216
1624
1110
1425
1600
909
2659
687
1048
2667
977
1790
215
1226
681
747
2759
157
2785
1759
2779
1193
995
438
1898
2828
1314
2787
661
1209
1013
1587
2907
2164
2520
204
1519
1204
2786
2067
1545
2283
1252
4
2698
1
1000
275
1092
2066
2579
1468
1380
1532
190
2612
162
1291
406
2553
1848
503
459
1999
2771
1723
1658
2773
94
70
2392
1133
2177
1070
2758
2752
420
980
2925
2074
2347
2501
1803
951
2089
2761
1865
759
2162
2882
932
16
2007
1348
810
2116
1072
537
1044
412
2121
1396
2565
1250
297
2327
1834
212
2311
2369
2823
695
715
2618
820
2145
1266
915
2419
1263
175
2521
2545
1896
2080
561
35
1704
2735
2483
1143
910
917
1789
1150
483
468
2651
2878
2141
2374
1525
1846
669
1084
2195
421
2843
1938
343
1933
1273
2603
1805
1904
858
504
2234
673
437
1024
2437
132
2078
57
1073
2058
2188
649
1354
2798
1178
1860
2594
2529
841
1689
1342
2082
26
1913
1885
2539
2065
905
2676
1402
1235
1366
2724
1996
904
1544
783
1502
1167
100
2693
2225
1776
939
1448
104
986
1146
2123
2748
550
81
838
2940
1949
497
359
2368
1358
1939
288
196
167
2209
2269
1050
137
587
1242
482
2865
662
2006
195
1304
1428
1460
440
1378
74
85
1112
628
1384
1599
1275
714
2937
1118
2090
1607
2738
1568
983
524
2400
319
2697
1584
1488
1251
1738
1982
397
1972
6
757
2707
2424
1775
792
298
416
310
1753
228
2129
1240
2262
2094
762
1469
591
1557
2717
2336
1136
1059
541
232
1261
2281
933
2611
1976
2479
2451
445
1700
2417
1841
871
1237
2718
981
1397
693
863
788
1962
975
1352
27
2181
2220
517
295
1491
1312
1527
54
2552
610
1768
192
1825
1079
173
536
1713
178
187
1414
1485
1447
1856
1031
868
496
1187
2789
1594
855
1360
546
1372
716
2397
446
1208
2562
2256
42
1098
1128
1286
75
1815
2095
1983
1872
1371
63
254
2412
2072
1506
2187
1210
14
1589
290
1732
1636
1811
1864
2859
2898
1470
2443
1125
750
801
1127
2454
2490
1795
1138
931
2425
1641
1536
341
2578
1283
2938
1760
2068
2136
735
2420
38
2535
1606
686
1111
1496
2777
1873
2509
2411
1176
944
777
2199
371
1724
2287
2670
1377
201
2298
346
256
1958
2595
1151
2589
2088
1222
1659
1189
1345
2861
1493
379
2463
2637
309
940
1602
1482
1798
2092
2755
635
895
1126
1583
170
2435
2774
684
1289
2872
2661
2104
1294
1653
2431
1824
718
1937
1008
331
685
1920
2731
640
1037
126
2668
1452
206
1812
2505
1680
2646
629
2737
2832
2690
1925
449
636
58
2803
272
824
2217
1985
456
1238
627
2047
1730
32
2004
2751
2073
953
1593
1375
50
352
641
1260
1029
98
1871
2221
946
2674
1492
2352
816
1661
1997
2329
559
2736
2851
2480
1338
1108
989
1234
514
234
702
2626
2447
1017
447
1814
1507
2131
1085
1212
2888
61
1802
258
625
621
1984
1382
1027
1004
2571
2305
2192
2902
2158
259
292
360
835
129
706
1099
617
2393
2705
428
2650
2896
301
2263
1278
334
479
2038
1270
2663
1457
1684
2196
477
2032
1998
405
306
866
632
800
1574
2279
2433
934
55
1968
2307
776
1232
1755
353
2486
2267
338
1854
652
2702
539
2130
963
1516
429
1923
1495
1403
1616
2533
1149
2852
2487
893
1392
2100
2548
805
1276
119
2867
2889
2193
2326
2788
1966
984
1957
967
335
2367
985
1124
239
1605
1767
1708
1322
949
1699
1543
7
2271
2354
281
869
1609
2001
357
2883
115
1367
1121
247
325
2860
778
460
2873
1910
399
571
711
1160
89
257
1030
770
1334
2644
1016
993
1190
2704
465
1287
1537
2197
2826
613
244
1786
508
1032
668
210
2804
1987
172
95
1598
2296
1679
664
2189
2649
2020
643
1393
1629
584
1965
458
2625
2301
2140
1090
2056
2728
2770
1120
2399
23
1590
91
707
88
1195
894
1709
260
208
316
543
1868
1829
1782
1171
1908
1610
697
2230
279
2009
699
1548
333
1902
1697
1175
530
2808
1773
2274
1725
2048
2450
2614
1619
1355
2172
1411
1429
2134
2241
237
2720
601
768
694
433
1056
2825
549
1936
2126
1691
1555
2514
21
1100
2819
2198
2665
2526
2599
1441
969
1650
2498
864
2124
896
2524
1254
240
1550
495
2854
1005
1670
1347
682
1049
2344
489
2309
1719
474
1137
1046
1883
2641
2497
2700
377
982
1461
1434
1001
2021
2775
1467
329
1249
781
2286
1884
2922
1705
15
1041
1181
1010
1373
659
296
2799
791
2699
1887
532
1794
1897
1514
2237
575
278
199
656
1978
1107
118
2810
772
1164
141
2471
1505
804
1445
739
476
1426
1241
1675
2232
411
2510
813
60
2801
1101
2103
1478
645
1142
2019
267
1501
2563
2155
2149
1777
1268
293
2741
1565
263
114
2515
1192
2686
752
2317
1530

