1 1
2 0
3 1
4 0
5 0
6 1
7 0
8 1
9 1
10 0
11 1
12 1
13 0
14 0
15 0
16 0
17 1
18 1
19 0
20 0
21 1
22 1
23 0
24 1
25 0
26 0
27 1
28 1
29 1
30 1
31 0
32 1
33 1
34 1
35 0
36 1
37 1
38 1
39 0
40 0
41 1
42 1
43 0
44 1
45 1
46 1
47 1
48 1
49 1
50 1
51 1
52 1
53 1
54 1
55 1
56 0
57 0
58 0
59 1
60 0
61 0
62 1
63 1
64 0
65 0
66 0
67 0
68 1
69 0
70 0
71 0
72 0
73 1
74 0
75 0
76 1
77 1
78 0
79 0
80 0
81 0
82 1
83 0
84 0
85 0
86 1
87 1
88 0
89 0
90 1
91 1
92 0
93 1
94 1
95 1
96 1
97 1
98 1
99 0
100 0
101 1
102 1
103 1
104 1
105 0
106 1
107 0
108 0
109 0
110 0
111 1
112 0
113 0
114 0
115 0
116 1
117 0
118 0
119 0
120 1
121 0
122 0
123 0
124 1
125 0
126 1
127 1
128 0
129 1
130 1
131 1
132 1
133 0
134 0
135 0
136 1
137 1
138 0
139 0
140 0
141 0
142 1
143 1
144 0
145 1
146 0
147 0
148 0
149 0
150 0
151 0
152 0
153 0
154 1
155 0
156 1
157 1
158 1
159 1
160 0
161 1
162 0
163 1
164 1
165 1
166 1
167 1
168 1
169 0
170 1
171 0
172 0
173 1
174 1
175 1
176 0
177 1
178 0
179 1
180 1
181 0
182 1
183 1
184 0
185 0
186 0
187 0
188 1
189 0
190 0
191 0
192 0
193 1
194 0
195 1
196 0
197 1
198 1
199 0
200 0
201 0
202 0
203 1
204 0
205 1
206 0
207 1
208 0
209 1
210 0
211 0
212 0
213 0
214 0
215 0
216 0
217 0
218 0
219 0
220 1
221 1
222 1
223 1
224 1
225 0
226 0
227 0
228 0
229 1
230 1
231 0
232 0
233 0
234 0
235 1
236 1
237 1
238 1
239 0
240 0
241 1
242 1
243 1
244 0
245 0
246 0
247 1
248 0
249 0
250 0
251 0
252 1
253 0
254 0
255 0
256 1
257 1
258 0
259 0
260 1
261 1
262 0
263 1
264 0
265 1
266 1
267 1
268 0
269 0
270 0
271 1
272 1
273 0
274 0
275 1
276 0
277 0
278 0
279 1
280 0
281 0
282 0
283 1
284 0
285 0
286 0
287 1
288 1
289 0
290 1
291 1
292 1
293 0
294 0
295 1
296 0
297 0
298 0
299 1
300 1
301 1
302 0
303 0
304 0
305 0
306 0
307 1
308 1
309 1
310 1
311 1
312 1
313 0
314 1
315 0
316 0
317 0
318 1
319 0
320 1
321 0
322 1
323 0
324 1
325 1
326 0
327 1
328 1
329 0
330 0
331 0
332 0
333 1
334 0
335 1
336 0
337 1
338 1
339 1
340 0
341 0
342 0
343 1
344 1
345 1
346 1
347 1
348 0
349 1
350 1
351 0
352 1
353 1
354 0
355 0
356 1
357 1
358 0
359 1
360 0
361 0
362 0
363 0
364 1
365 1
366 0
367 1
368 0
369 1
370 0
371 1
372 0
373 0
374 1
375 1
376 0
377 1
378 1
379 0
380 0
381 0
382 0
383 1
384 1
385 1
386 0
387 0
388 0
389 1
390 0
391 1
392 1
393 1
394 0
395 0
396 0
397 1
398 1
399 1
400 1
401 0
402 1
403 0
404 1
405 1
406 0
407 1
408 0
409 0
410 1
411 0
412 0
413 0
414 1
415 0
416 1
417 1
418 0
419 0
420 1
421 0
422 1
423 1
424 1
425 1
426 1
427 1
428 0
429 1
430 1
431 0
432 1
433 1
434 1
435 1
436 0
437 0
438 1
439 1
440 0
441 1
442 1
443 1
444 0
445 1
446 1
447 1
448 1
449 0
450 1
451 0
452 0
453 0
454 0
455 1
456 0
457 0
458 1
459 1
460 0
461 0
462 0
463 1
464 1
465 0
466 0
467 1
468 1
469 1
470 1
471 1
472 0
473 0
474 0
475 0
476 1
477 1
478 1
479 0
480 0
481 0
482 1
483 0
484 1
485 0
486 0
487 1
488 1
489 0
490 0
491 1
492 1
493 0
494 1
495 0
496 1
497 0
498 0
499 0
500 0
501 1
502 1
503 1
504 1
505 0
506 0
507 0
508 0
509 1
510 0
511 0
512 1
513 0
514 1
515 1
516 0
517 0
518 1
519 1
520 0
521 1
522 0
523 0
524 0
525 1
526 1
527 0
528 1
529 0
530 0
531 0
532 1
533 0
534 0
535 0
536 0
537 0
538 0
539 0
540 0
541 1
542 1
543 1
544 0
545 0
546 1
547 1
548 1
