1189
1905
2062
2576
1944
779
1701
2460
1709
2844
516
51
2189
441
799
2142
99
529
1731
2272
2689
1590
1639
1879
1700
958
109
2068
1684
2203
738
2736
1691
2740
2646
1214
988
2593
1538
1616
588
852
253
2222
211
940
1376
1470
2620
2117
1466
402
681
1367
2463
209
45
2648
2419
162
955
2498
2454
858
1980
270
164
803
2474
1038
1728
2714
836
414
2526
1587
1950
2320
2578
2453
2914
733
2322
1055
26
1177
1673
777
2752
2925
898
1207
680
1704
1575
216
2479
1107
509
1648
2324
2755
591
901
713
1008
372
627
1181
1907
885
1411
911
377
2659
1226
587
491
1872
2614
153
1272
1548
2209
367
1593
2415
514
1363
254
193
2880
2786
167
1959
1327
602
2811
2263
1114
474
2392
1432
793
152
769
448
207
191
1942
877
2426
631
558
2342
844
972
411
2717
563
2085
2182
2104
76
1568
1054
314
1902
1581
1467
1487
1244
1062
1780
2159
1464
1958
85
780
2130
2762
2266
2234
1152
656
1178
644
2724
2490
1670
116
1344
1422
2567
2178
131
1627
2626
1554
664
179
620
521
1607
592
2478
1539
914
333
954
2238
2566
1694
968
690
731
2296
2730
2168
2442
2538
192
2400
1394
1335
1930
2019
1945
1390
1030
1681
1202
683
827
28
2487
2654
1729
1414
1385
1692
1258
2616
283
2210
1974
541
176
452
1188
1233
50
2145
324
2571
2303
1393
2507
2136
2360
1057
2491
2192
154
1711
151
843
2158
1903
2760
1209
2492
2907
1917
132
2432
636
605
2162
269
848
571
36
2197
2705
186
39
2288
82
1661
369
1689
456
2797
217
2769
226
545
1203
300
538
566
479
1015
2679
1612
2144
1380
1381
1081
2512
767
9
2853
2564
1236
2413
1187
746
2628
1174
1630
1191
1530
743
2723
1134
839
2330
1676
2784
2728
1257
659
1954
1150
213
5
2707
1153
1071
2660
2287
1328
1562
2306
1197
2715
2236
2552
1598
1346
1778
1435
1105
758
2372
2941
2861
1987
2756
1426
2172
1732
1699
960
1143
1462
391
2744
2757
1671
2694
1786
2781
1633
2472
126
401
614
899
670
291
2012
87
1211
1345
1485
2891
985
2722
2680
1809
1043
857
2021
701
971
1093
1928
397
1708
2745
1005
2672
1110
2155
1118
2846
1512
1990
1730
861
66
492
1922
1235
689
1264
2636
2641
623
674
2747
890
1789
2765
550
905
2228
259
37
298
188
78
2649
1600
1221
1450
2506
423
1242
1636
1343
1186
2494
1026
203
1170
1324
1230
392
2080
1738
1571
2366
1370
2292
818
1059
68
2547
339
1557
245
1437
2093
1508
879
2729
251
58
1184
1935
2899
2316
1309
97
336
1444
2350
483
2867
2025
2497
1213
342
2881
1595
1997
815
1795
1289
29
1751
1913
2785
1323
657
1724
2348
1013
357
2549
1753
390
939
1637
189
709
113
1870
2916
282
350
1802
52
347
2642
1651
1472
2343
244
2610
2600
2918
2161
2606
124
2643
2092
918
1282
1167
1831
1613
1000
1144
982
1097
976
169
2031
2592
232
2591
1683
470
1817
1443
1918
608
1409
2057
252
2594
1925
2602
2607
2078
120
393
2505
486
1260
2582
2338
2911
2006
410
2790
2461
2727
261
1146
160
2897
2356
2613
1892
2190
2129
1459
1735
1
2170
1570
2565
2084
2096
2766
123
1758
2212
2865
2597
2673
547
2823
455
2185
2003
2394
973
2468
2698
2575
219
1387
812
1824
229
436
966
2743
1476
1325
79
2139
115
1427
842
1523
1449
2483
2184
111
2030
2471
2251
2634
2502
2583
906
2629
2086
1610
98
817
1797
2651
1734
2186
1766
1171
2553
309
776
1483
1348
1859
1326
1994
2792
1193
2258
1551
1182
648
1247
1115
1563
2940
992
900
554
130
765
1584
1969
1418
2181
2621
1311
204
1957
692
2252
1555
2464
358
240
710
969
984
1471
1832
2573
1765
2726
1520
1621
772
2346
1296
2101
2704
1490
1342
949
2676
2850
1876
1919
1615
975
1268
2262
379
2177
2414
451
1073
1762
1141
1763
1696
288
576
528
1480
2763
272
133
2070
830
655
720
2371
168
2176
2175
2931
1237
920
2709
1537
227
2107
1091
312
1140
165
2776
2713
1618
945
2831
1297
518
2449
1965
819
2878
2018
927
1536
2106
2770
536
237
92
231
1626
1039
2882
1940
2134
2783
106
775
307
2884
313
473
137
874
93
2670
2224
1963
1754
1956
1947
2097
2128
2544
2290
1398
2580
180
1644
1790
619
1352
2638
495
2447
166
2282
2280
505
2214
560
1034
575
2542
2720
1045
2887
328
202
2362
388
537
17
734
1620
243
980
1871
2
2207
47
1856
1953
1423
643
2484
425
308
1358
1126
1018
127
662
1697
1050
1246
150
2924
1445
1305
2647
280
578
1441
768
2920
340
517
1288
535
2427
1529
2312
2892
1507
2684
384
10
1569
2013
2682
2840
1941
7
1129
895
2782
983
89
546
1890
1208
604
1880
295
2349
1362
1465
712
331
2521
725
2799
2217
2815
503
2157
1916
2386
671
795
1084
1549
1687
785
1283
43
1695
1899
1266
1715
1638
374
2469
1364
1518
675
1794
2333
1628
880
907
1060
2388
1576
1998
1262
1014
2929
375
2664
2059
867
326
2906
1713
96
2668
1201
1036
999
778
2475
807
2822
2596
1080
501
2938
2418
611
1792
1319
1239
1705
2034
1606
1672
531
108
173
1252
330
242
311
1160
104
258
2814
937
1461
2382
1733
177
0
1006
1481
1635
2531
2661
1001
2285
556
256
1053
1822
1924
821
2678
1164
2424
41
868
1127
2869
2926
235
2640
1428
1037
2004
238
24
1838
2385
684
593
55
2163
609
1647
2837
2206
2826
2201
2395
2588
2630
236
2754
832
460
1868
730
1884
1477
2009
2275
1937
360
921
267
145
859
993
1497
1837
345
2864
472
904
1717
590
1101
916
1123
612
2893
1664
508
1125
2611
801
851
147
59
2113
2196
2221
882
1849
2271
2522
1099
1767
1665
2834
27
2550
496
532
870
285
661
2147
1524
2586
94
2601
255
1486
1002
142
157
2587
2577
2299
860
735
2152
2696
525
435
755
1760
2094
445
565
1934
1543
1668
67
754
1513
2073
2489
322
1785
1845
2347
1192
802
1320
1332
1960
1219
1501
31
1514
2133
1196
1402
2308
727
1596
264
2599
1241
2807
2733
2202
2056
603
1147
1852
998
703
2806
2448
523
2930
2543
1961
2557
695
34
1996
13
1212
1495
950
1981
199
1231
1131
2658
2847
2112
338
2083
2123
933
2354
1035
484
1019
161
513
2334
2165
2828
276
707
622
2423
813
366
2417
2119
1056
2809
2140
1384
2220
2435
1770
570
2554
2017
1116
1356
2023
1939
148
909
722
2042
2340
667
2824
2135
1096
747
1991
2510
2208
2277
421
2787
2232
1646
1800
633
1803
2071
1793
1588
1429
1382
2218
1772
774
1723
2367
500
284
159
2458
1149
957
2604
223
2412
2005
1804
2731
1602
1310
1074
1420
197
381
577
2253
2269
1399
2608
1455
615
2227
359
2562
1979
526
16
454
110
2866
981
2314
924
2151
1836
353
292
719
1468
325
959
1978
1478
2114
2529
1561
239
2481
74
1254
913
1623
2718
2563
524
1860
781
804
687
488
218
2595
2115
1784
2278
412
2364
2855
941
2105
2054
1552
2700
1915
2832
1823
613
533
2503
2928
1526
1479
789
2862
2671
2612
771
1532
1881
334
1906
246
2653
2345
1278
2817
1756
2452
2875
751
2540
1863
2858
268
1314
1106
1798
658
2737
1368
1251
676
2307
286
864
413
504
2205
2090
2072
2397
233
862
20
2871
2014
2619
1583
1525
1265
1851
1887
708
234
572
1658
1009
1926
1985
1898
1285
1952
2254
1353
2581
2318
2390
1410
2500
2695
2049
2241
1682
343
2188
2143
1003
1642
706
915
1051
1546
693
1811
2422
1791
855
1649
2067
934
1011
1315
1864
2710
1200
1995
1354
2459
539
141
1361
752
25
1439
2375
42
1688
351
1012
653
965
2519
422
21
2517
634
2245
2910
2281
961
2851
406
1989
2164
875
1397
2874
1383
2379
1190
221
2284
1433
462
465
404
1586
2124
2719
432
1294
2260
2810
1474
2082
371
2103
1659
71
2268
2198
2428
1273
912
2319
1703
2283
618
2037
2921
2358
1322
489
439
1416
2793
1168
1210
652
1022
1706
1159
887
2605
863
2383
2437
1120
399
761
2408
320
792
555
2011
2169
512
1768
759
2110
2053
2644
672
290
1454
908
2247
990
2066
1360
679
740
2335
1842
2361
2297
2219
54
583
2374
190
892
2665
2261
1821
1652
2912
352
61
461
2436
1499
1624
1475
1725
2738
385
117
1982
2485
808
811
1698
368
745
1151
2721
2187
1456
2901
519
2909
2513
2535
2585
2816
75
2767
2060
2863
419
263
1261
170
2295
294
647
2539
1592
1033
2936
1117
1388
1988
1685
1720
1029
2532
530
1983
2632
2750
2398
2876
2774
2171
567
2692
549
825
1163
1292
2089
682
2126
2482
317
1921
2200
2603
2590
1303
1238
601
846
1834
1079
497
380
1975
2074
2473
889
2410
88
349
1757
1329
365
1528
1943
1068
1089
2803
977
2759
1875
86
2246
437
2927
1747
1020
1816
457
2856
736
2016
2250
929
1347
2270
2291
796
1819
2656
424
2310
1286
2511
1631
782
1788
2835
2293
669
1206
1769
182
18
2301
2773
1515
534
418
2841
335
694
2045
1740
2378
2868
1021
2712
1017
1710
458
2520
2373
2830
2827
2298
2555
2662
1869
2457
668
1585
856
845
95
766
1874
2804
574
1369
2753
468
1806
1764
2327
1589
3
1121
1250
798
638
1331
2199
1306
2589
304
2819
1169
386
1737
337
2396
2570
2075
2791
2548
1023
2020
507
2131
2561
1065
1746
1270
581
2889
2211
543
2063
2326
2273
568
1130
2363
2166
2622
2528
289
2509
1829
1234
2523
2180
2444
2772
1172
1400
2434
873
2024
1198
485
1970
1136
2108
38
1889
1148
702
2087
143
2777
1936
2425
6
310
2259
172
2430
559
1951
220
1077
2890
2534
1085
2216
2368
1438
1374
561
2908
2476
2173
1255
1812
2843
1301
2223
2560
1910
995
1640
2440
1179
2748
185
426
212
315
1284
1848
1977
1726
40
318
2623
714
1112
2376
1457
641
1808
2401
2380
809
2895
1048
2403
1183
790
850
1336
2240
878
691
1095
1488
1028
1897
2109
2525
2518
287
1102
1891
2276
635
2286
1162
1882
453
2337
1911
2768
2231
1165
1277
1337
711
2559
1946
2039
963
341
1632
138
2515
2852
2691
1850
2391
2690
158
2229
136
2870
987
1820
2438
726
1047
986
2032
2631
820
2300
2370
2739
348
1660
1867
948
297
1779
1108
1066
2877
1279
2496
884
962
81
1862
1611
194
805
1846
1448
2226
114
2294
663
637
1434
835
705
2420
624
1122
467
463
1092
1511
2099
80
764
405
14
383
266
854
265
2758
214
869
893
2027
2407
1392
1634
2022
2615
1968
1415
139
1675
2579
597
48
953
2079
303
1718
1215
70
1686
1566
1967
1142
823
1776
1865
273
1759
1883
1714
33
1473
224
928
382
599
2125
11
2857
2146
1377
2879
2574
2495
1256
979
1176
2514
2896
1425
1904
1304
319
1229
926
1111
228
744
1334
2267
1504
1109
469
673
1774
90
1046
616
2477
1614
1908
1574
387
582
2309
1321
247
1431
640
398
107
477
2191
2845
932
1128
1340
991
1249
876
1992
2808
1531
1893
2035
2256
639
1166
2818
520
1912
2801
2038
2873
2242
2040
1463
2860
2939
475
2239
129
1098
1894
1666
760
2204
2077
837
1243
685
1655
2898
2429
544
1133
1103
222
2098
2387
2825
482
553
362
788
378
296
1663
748
1861
1064
1519
564
2872
1138
2706
1407
487
1545
279
1372
2100
163
816
184
841
951
935
2609
249
1984
2530
1355
1591
1492
1722
1312
1966
2000
1458
2688
1976
64
1275
2674
1157
1505
1509
1493
2351
1986
1516
1909
923
2329
1877
2701
2504
2456
1622
1395
2406
1287
1833
433
417
1796
306
1744
2652
1787
1643
299
2111
853
1693
1204
2935
49
1004
1973
156
1227
2148
56
1517
442
2230
2556
1667
956
2697
1451
277
2904
396
1083
922
2359
2829
800
1010
2617
1218
967
346
522
1843
1307
2796
2344
1139
2741
459
2854
1094
1641
783
866
1044
1156
1719
2838
2545
1782
2404
2405
621
23
354
938
1248
1533
902
430
2393
2820
610
2905
1185
2091
1854
2812
1885
1124
688
323
996
1999
1401
1503
1534
1727
429
1290
1771
427
2138
2699
2315
100
438
171
1544
1690
2044
1338
1225
2409
944
2669
1135
2702
1558
1281
2339
1027
2536
321
2686
356
1656
373
2800
757
2888
1494
2802
63
2764
2061
428
2667
1886
1452
770
2779
1076
1271
2355
262
121
2328
2932
2264
2265
2243
2357
883
1527
1302
1496
1677
2118
420
1855
1669
250
1223
1088
1739
1895
355
1896
206
2154
1603
2677
650
1680
1446
2917
208
1847
480
53
1058
2052
1866
2708
2055
1920
316
1818
2798
1521
1224
2501
271
443
361
881
1350
833
2524
749
1430
105
1556
1742
2516
2069
478
2685
1547
569
2778
724
2681
1927
557
1298
1276
2625
1929
1373
2761
2687
2047
370
1025
607
476
278
415
1042
2551
344
464
2321
2433
57
60
1900
1835
1031
1460
119
942
1702
2120
1604
1752
15
1090
144
506
810
201
2637
1564
1540
2633
2399
91
1173
947
2331
2465
2572
431
964
1405
2167
62
198
2225
2657
2237
2693
1049
1357
409
1506
732
1070
2771
2050
1964
2183
1617
134
542
2650
1155
1625
1293
1195
1580
2903
407
1371
1308
824
2213
293
2848
2624
2311
1313
400
642
625
363
2732
797
723
2635
989
128
376
1775
498
1032
1542
1391
2462
1559
2046
1024
1773
175
1594
2029
1654
1971
1194
2488
2900
2304
1267
654
2065
1535
2431
403
1830
2499
1577
2527
2886
329
721
1582
930
1914
481
952
2369
32
584
1113
2742
897
2102
1069
753
2235
630
865
2365
1082
1839
1421
2470
2160
101
44
849
970
600
1007
4
1436
1805
1550
2156
1799
1888
305
585
2336
1645
2289
2541
2141
2255
1075
327
2568
1104
1041
594
1341
1161
645
1379
2913
2051
1781
1137
1923
2132
450
1629
686
122
840
2377
440
737
2248
2833
1878
499
548
1609
2558
773
787
248
2193
872
1339
786
1653
332
579
696
2064
2795
1858
729
1158
395
2150
2325
2095
408
2036
1199
2443
2466
1601
1175
2048
1067
1502
1403
2455
917
925
1299
660
2627
826
1567
2076
195
77
84
1749
1750
1180
871
1217
1228
302
2058
2010
1087
1662
1316
155
2122
1560
1807
1857
2842
1841
617
140
2195
2666
205
2421
2716
1674
589
2584
704
1489
791
2546
2849
2734
2081
806
1086
1826
510
1424
1541
1553
257
728
1993
1840
1844
540
515
1755
1072
2149
260
30
1972
2332
103
1389
275
1417
2116
1300
1232
1572
1442
1578
1783
1707
241
1608
2121
1263
2041
446
149
1245
829
2839
1359
910
1573
2007
2352
894
997
2450
2902
394
2508
2749
2215
697
2821
739
2735
1222
718
716
19
274
632
1119
1712
1259
596
1815
72
762
1741
2467
2353
2836
1154
1938
2008
2323
586
2244
181
1814
763
978
943
22
12
1491
1522
1948
494
2174
35
1295
1317
628
750
2486
2663
919
2026
2533
847
2033
2233
1100
994
1469
677
1063
1280
2885
946
1933
595
2445
2451
2883
822
2441
1396
1318
1565
1500
2813
1269
2028
1440
1579
2279
1419
2725
493
896
2001
699
1678
1813
2194
8
814
1498
1404
1253
2153
562
2493
2249
83
444
1853
2598
742
187
1330
2439
1365
2537
210
1406
2894
2805
629
580
2389
666
2751
1761
1240
1597
389
1745
1216
69
1145
230
1777
1482
1349
1386
1510
552
2922
2088
831
2675
2381
1827
2341
1825
2645
125
1052
891
2746
2313
665
1599
2384
1931
73
834
1901
1375
1205
2933
551
626
225
888
490
1873
1351
2137
698
1657
715
1078
183
2703
102
502
1040
281
1962
1378
1679
1412
1721
2711
2402
2683
364
1949
1650
2257
434
2794
784
196
717
573
2569
1413
646
2923
1828
1132
2937
2179
527
2919
65
606
700
118
649
2639
449
2305
828
1220
1736
1605
2127
178
903
1333
2446
2274
1743
1801
135
886
46
215
598
2788
741
2480
1453
2655
1619
838
1484
1716
794
1274
1366
1932
931
756
678
1016
2411
2775
471
200
466
1291
651
974
1955
511
2915
2934
1061
447
1408
1748
2302
301
2317
146
2618
2015
2002
2859
112
1810
2416
174
2789
1447
2780
2043
936
416

