1 1
2 1
3 0
4 1
5 1
6 1
7 1
8 1
9 1
10 0
11 1
12 0
13 0
14 1
15 0
16 1
17 0
18 0
19 0
20 0
21 0
22 1
23 1
24 1
25 1
26 1
27 0
28 0
29 1
30 0
31 1
32 0
33 1
34 0
35 0
36 1
37 0
38 1
39 0
40 0
41 0
42 1
43 0
44 1
45 0
46 1
47 1
48 0
49 1
50 1
51 1
52 0
53 0
54 1
55 1
56 0
57 1
58 1
59 1
60 0
61 0
62 1
63 1
64 0
65 0
66 0
67 0
68 1
69 1
70 1
71 1
72 0
73 1
74 0
75 0
76 1
77 0
78 0
79 1
80 1
81 0
82 1
83 1
84 1
85 1
86 0
87 1
88 0
89 1
90 0
91 0
92 1
93 0
94 0
95 1
96 0
97 0
98 1
99 0
100 0
101 1
102 0
103 0
104 1
105 1
106 0
107 1
108 1
109 0
110 1
111 0
112 0
113 1
114 0
115 0
116 1
117 0
118 0
119 0
120 0
121 1
122 0
123 0
124 0
125 0
126 0
127 1
128 0
129 0
130 0
131 1
132 0
133 0
134 0
135 0
136 1
137 0
138 0
139 0
140 0
141 1
142 0
143 0
144 1
145 1
146 0
147 1
148 0
149 0
150 1
151 1
152 0
153 1
154 1
155 1
156 0
157 0
158 1
159 1
160 1
161 0
162 0
163 0
164 0
165 1
166 0
167 1
168 1
169 1
170 1
171 0
172 1
173 0
174 0
175 0
176 0
177 1
178 1
179 0
180 1
181 1
182 0
183 0
184 1
185 1
186 0
187 0
188 1
189 1
190 1
191 1
192 0
193 0
194 1
195 1
196 0
197 0
198 0
199 1
200 0
201 1
202 0
203 1
204 0
205 1
206 0
207 1
208 1
209 0
210 0
211 1
212 1
213 0
214 1
215 1
216 0
217 0
218 1
219 1
220 0
221 0
222 1
223 1
224 1
225 0
226 1
227 1
228 0
229 1
230 1
231 0
232 0
233 0
234 1
235 0
236 0
237 1
238 1
239 0
240 0
241 1
242 1
243 0
244 1
245 1
246 0
247 1
248 0
249 0
250 1
251 0
252 1
253 1
254 1
255 0
256 0
257 0
258 0
259 0
260 1
261 1
262 0
263 0
264 0
265 1
266 0
267 0
268 0
269 0
270 1
271 0
272 0
273 1
274 1
275 1
276 1
277 1
278 1
279 1
280 1
281 0
282 1
283 0
284 0
285 1
286 1
287 1
288 0
289 0
290 0
291 1
292 0
293 1
294 1
295 1
296 1
297 1
298 1
299 0
300 0
301 0
302 1
303 0
304 1
305 0
306 0
307 1
308 0
309 1
310 1
311 0
312 0
313 1
314 1
315 0
316 0
317 0
318 0
319 1
320 0
321 1
322 1
323 1
324 0
325 0
326 0
327 1
328 0
329 0
330 0
331 1
332 1
333 1
334 0
335 1
336 0
337 1
338 1
339 0
340 1
341 0
342 0
343 0
344 1
345 0
346 1
347 0
348 0
349 0
350 1
351 0
352 0
353 0
354 1
355 0
356 1
357 0
358 1
359 0
360 1
361 1
362 1
363 1
364 1
365 1
366 1
367 1
368 0
369 1
370 0
371 0
372 0
373 0
374 0
375 1
376 1
377 0
378 0
379 0
380 1
381 0
382 0
383 1
384 0
385 1
386 0
387 0
388 0
389 1
390 0
391 0
392 1
393 1
394 0
395 0
396 1
397 1
398 0
399 1
400 0
401 1
402 1
403 1
404 1
405 1
406 1
407 0
408 0
409 1
410 1
411 1
412 1
413 0
414 0
415 1
416 0
417 1
418 1
419 0
420 1
421 0
422 1
423 1
424 1
425 0
426 1
427 1
428 0
429 1
430 1
431 1
432 0
433 1
434 0
435 0
436 1
437 1
438 0
439 0
440 1
441 0
442 0
443 0
444 0
445 1
446 1
447 1
448 0
449 1
450 0
451 1
452 0
453 0
454 0
455 0
456 0
457 1
458 0
459 1
460 0
461 1
462 0
463 0
464 0
465 0
466 1
467 0
468 1
469 1
470 1
471 0
472 1
473 0
474 0
475 0
476 0
477 1
478 0
479 0
480 0
481 1
482 0
483 0
484 1
485 1
486 0
487 0
488 1
489 0
490 0
491 0
492 1
493 0
494 1
495 0
496 0
497 1
498 0
499 0
500 0
501 0
502 0
503 0
504 1
505 0
506 1
507 0
508 1
509 1
510 0
511 1
512 1
513 1
514 1
515 0
516 1
517 0
518 1
519 0
520 0
521 1
522 1
523 1
524 1
525 0
526 0
527 0
528 1
529 1
530 0
531 1
532 0
533 0
534 1
535 1
536 1
537 1
538 0
539 0
540 1
541 1
542 1
543 0
544 0
545 0
546 1
547 0
548 0
549 1
550 1
551 1
552 0
553 0
554 1
555 0
556 1
557 0
558 1
559 1
560 1
561 0
562 0
563 1
564 0
565 1
566 0
567 0
568 0
569 1
570 0
571 0
572 0
573 1
574 0
575 0
576 0
577 0
578 1
579 1
580 1
581 0
582 1
583 0
584 1
585 0
586 0
587 0
588 1
589 1
590 1
591 0
592 1
593 1
594 1
595 0
596 0
597 1
598 1
599 0
600 1
601 1
602 1
603 0
604 0
605 0
606 1
607 1
608 0
609 0
610 0
611 0
612 1
613 0
614 0
615 0
616 0
617 0
618 0
619 1
620 0
621 1
622 1
623 1
624 1
625 0
626 0
627 1
628 0
629 1
630 1
631 1
632 0
633 0
634 0
635 0
636 0
637 1
638 1
639 1
640 1
641 0
642 1
643 1
644 0
645 0
646 0
647 0
648 0
649 1
650 1
651 0
652 0
653 0
654 1
655 1
656 1
657 0
658 0
659 1
660 1
661 1
662 1
663 0
664 0
665 0
666 1
667 0
668 1
669 1
670 1
671 0
672 0
673 0
674 0
675 0
676 0
677 1
678 1
679 1
680 0
681 0
682 1
683 1
684 1
685 0
686 0
687 1
688 1
689 1
690 0
691 0
692 0
693 1
694 1
695 1
696 1
697 1
698 0
699 0
700 0
701 1
702 1
703 1
704 1
705 1
706 0
707 0
708 1
709 1
710 1
711 1
712 1
713 0
714 0
715 1
716 0
717 0
718 1
719 1
720 0
721 0
722 1
723 0
724 0
725 0
726 1
727 1
728 0
729 1
730 1
731 0
732 0
733 1
734 1
735 1
736 1
737 1
738 0
739 0
740 1
741 1
742 1
743 0
744 0
745 1
746 0
747 0
748 0
749 0
750 1
751 1
752 0
753 0
754 0
755 1
756 0
757 1
758 1
759 1
760 0
761 1
762 0
763 1
764 0
765 0
766 1
767 0
768 0
769 1
770 0
771 0
772 0
773 0
774 0
775 0
776 1
777 1
778 1
779 1
780 0
781 1
782 1
783 0
784 0
785 0
786 0
787 0
788 0
789 0
790 1
791 0
792 0
793 1
794 1
795 1
796 1
797 0
798 1
799 1
800 0
801 0
802 0
803 1
804 1
805 0
806 0
807 0
808 1
809 0
810 0
811 0
812 1
813 1
814 1
815 1
816 0
817 1
818 0
819 1
820 0
821 0
822 0
823 1
824 1
825 1
826 0
827 0
828 1
829 0
830 0
831 1
832 0
833 0
834 0
835 0
836 0
837 1
838 1
839 1
840 1
841 1
842 1
843 1
844 1
845 0
846 0
847 0
848 0
849 0
850 1
851 0
852 0
853 0
854 1
855 0
856 1
857 0
858 0
859 1
860 1
861 0
862 0
863 0
864 0
865 1
866 0
867 1
868 1
869 1
870 1
871 0
872 0
873 0
874 1
875 1
876 0
877 1
878 1
879 1
880 0
881 1
882 1
883 1
884 1
885 1
886 1
887 0
888 1
889 0
890 0
891 0
892 1
893 1
894 0
895 1
896 0
897 1
898 0
899 0
900 1
901 0
902 1
903 1
904 1
905 1
906 1
907 1
908 1
909 0
910 1
911 1
912 1
913 1
914 0
915 1
916 1
917 1
918 0
919 0
920 1
921 1
922 1
923 1
924 1
925 0
926 0
927 1
928 0
929 1
930 1
931 1
932 1
933 0
934 0
935 0
936 1
937 1
938 0
939 1
940 0
941 1
942 1
943 1
944 0
945 1
946 0
947 0
948 0
949 0
950 0
951 0
952 1
953 0
954 1
955 1
956 1
957 1
958 1
959 1
960 1
961 1
962 1
963 0
964 0
965 0
966 1
967 1
968 0
969 1
970 1
971 0
972 1
973 1
974 1
975 1
976 1
977 1
978 0
979 0
980 0
981 1
982 0
983 1
984 1
985 1
986 0
987 1
988 1
989 0
990 1
991 1
992 1
993 1
994 0
995 1
996 0
997 0
998 1
999 0
1000 1
1001 1
1002 1
1003 0
1004 0
1005 1
1006 1
1007 1
1008 1
1009 0
1010 0
1011 1
1012 0
1013 0
1014 0
1015 0
1016 1
1017 0
1018 1
1019 1
1020 0
1021 1
1022 1
1023 0
1024 0
1025 1
1026 0
1027 0
1028 0
1029 1
1030 1
1031 0
1032 1
1033 0
1034 1
1035 1
1036 0
1037 0
1038 0
1039 0
1040 1
1041 1
1042 0
1043 0
1044 0
1045 0
1046 1
1047 1
1048 0
1049 1
1050 1
1051 0
1052 0
1053 1
1054 0
1055 1
1056 0
1057 1
1058 0
1059 0
1060 1
1061 0
1062 0
1063 0
1064 0
1065 1
1066 0
1067 0
1068 1
1069 1
1070 0
1071 0
1072 1
1073 0
1074 0
1075 0
1076 1
1077 0
1078 0
1079 1
1080 0
1081 0
1082 1
1083 0
1084 0
1085 0
1086 1
1087 1
1088 1
1089 0
1090 0
1091 0
1092 1
1093 0
1094 1
1095 0
1096 1
1097 1
1098 1
1099 1
1100 0
1101 1
1102 1
1103 1
1104 1
1105 0
1106 1
1107 0
1108 0
1109 0
1110 0
1111 0
1112 1
1113 0
1114 1
1115 1
1116 0
1117 1
1118 0
1119 0
1120 0
1121 0
1122 1
1123 0
1124 1
1125 1
1126 0
1127 0
1128 0
1129 0
1130 0
1131 1
1132 0
1133 1
1134 0
1135 1
1136 1
1137 0
1138 1
1139 1
1140 1
1141 0
1142 1
1143 0
1144 0
1145 0
1146 0
1147 1
1148 0
1149 0
1150 0
1151 1
1152 1
1153 0
1154 0
1155 0
1156 0
1157 1
1158 1
1159 0
1160 1
1161 1
1162 1
1163 1
1164 0
1165 1
1166 0
1167 1
1168 0
1169 1
1170 0
1171 1
1172 1
1173 1
1174 1
1175 1
1176 0
1177 0
1178 0
1179 1
1180 0
1181 0
1182 1
1183 1
1184 1
1185 0
1186 0
1187 0
1188 1
1189 0
1190 0
1191 0
1192 1
1193 0
1194 0
1195 1
1196 1
1197 1
1198 0
1199 1
1200 1
1201 1
1202 0
1203 0
1204 1
1205 0
1206 1
1207 0
1208 0
1209 1
1210 0
1211 1
1212 1
1213 1
1214 1
1215 1
1216 0
1217 0
1218 0
1219 0
1220 0
1221 1
1222 0
1223 1
1224 1
1225 1
1226 0
1227 1
1228 0
1229 0
1230 0
1231 0
1232 1
1233 0
1234 1
1235 1
1236 0
1237 1
1238 0
1239 0
1240 1
1241 0
1242 0
1243 0
1244 1
1245 0
1246 1
1247 1
1248 1
1249 0
1250 0
1251 1
1252 1
1253 0
1254 0
1255 0
1256 1
1257 1
1258 1
1259 0
1260 0
1261 1
1262 0
1263 1
1264 0
1265 0
1266 0
1267 1
1268 0
1269 1
1270 1
1271 0
1272 1
1273 0
1274 1
1275 0
1276 1
1277 1
1278 1
1279 1
1280 0
1281 1
1282 1
1283 1
1284 0
1285 0
1286 0
1287 1
1288 0
1289 0
1290 1
1291 1
1292 1
1293 1
1294 0
1295 0
1296 0
1297 0
1298 1
1299 0
1300 1
1301 0
1302 1
1303 1
1304 1
1305 0
1306 0
1307 0
1308 0
1309 0
1310 1
1311 0
1312 0
1313 1
1314 0
1315 0
1316 0
1317 0
1318 1
1319 0
1320 0
1321 0
1322 1
1323 1
1324 0
1325 1
1326 0
1327 1
1328 1
1329 1
1330 0
1331 1
1332 1
1333 1
1334 0
1335 0
1336 1
1337 1
1338 0
1339 1
1340 0
1341 1
1342 0
1343 1
1344 1
1345 0
1346 0
1347 0
1348 0
1349 0
1350 1
1351 0
1352 0
1353 1
1354 1
1355 0
1356 0
1357 1
1358 1
1359 0
1360 1
1361 0
1362 0
1363 1
1364 0
1365 0
1366 1
1367 1
1368 0
1369 0
1370 0
1371 0
1372 1
1373 1
1374 0
1375 1
1376 0
1377 0
1378 0
1379 0
1380 0
1381 0
1382 0
1383 0
1384 0
1385 0
1386 0
1387 0
1388 0
1389 0
1390 0
1391 0
1392 1
1393 0
1394 0
1395 1
1396 0
1397 1
1398 1
1399 0
1400 0
1401 1
1402 0
1403 1
1404 0
1405 1
1406 0
1407 1
1408 1
1409 1
1410 0
1411 0
1412 1
1413 0
1414 0
1415 1
1416 0
1417 0
1418 0
1419 1
1420 1
1421 0
1422 1
1423 1
1424 0
1425 1
1426 1
1427 1
1428 1
1429 0
1430 1
1431 0
1432 0
1433 1
1434 0
1435 1
1436 1
1437 1
1438 1
1439 0
1440 1
1441 0
1442 1
1443 0
1444 0
1445 0
1446 0
1447 0
1448 1
1449 0
1450 0
1451 1
1452 1
1453 0
1454 0
1455 0
1456 0
1457 1
1458 0
1459 0
1460 0
1461 0
1462 0
1463 1
1464 1
1465 0
1466 1
1467 0
1468 1
1469 0
1470 1
1471 0
