900
1549
307
1485
2115
2357
246
1498
1662
2021
408
1267
2565
25
2676
1116
1072
1663
1410
549
2207
1197
2567
2660
1331
977
1928
1752
1289
1599
665
463
1123
388
1955
1365
1360
1141
2868
1041
299
1424
2394
1427
2174
2407
1090
2169
964
1246
895
881
629
1120
1721
542
1858
2560
999
2656
987
1981
1438
1894
1695
2877
73
2324
2201
1857
1201
446
162
502
1054
439
648
195
171
563
1158
487
1775
200
199
2346
575
2197
156
2184
2740
1422
1634
2008
1237
1185
2360
320
2361
1535
2142
1202
1725
1434
2355
2583
1902
234
2317
1004
2872
2905
1478
2669
1765
1516
2172
2624
1504
2538
165
1548
405
2359
2170
287
2212
2397
1235
861
395
640
939
2795
1240
700
2797
1913
1569
2874
1838
2767
2439
2086
2608
460
2635
1200
951
1088
50
465
908
938
1070
866
1682
639
411
2486
1252
855
457
521
1650
507
1734
52
517
1706
1020
1178
2870
1618
1953
2283
499
1467
1375
2695
2842
1223
2399
2632
1511
475
226
1544
1344
2738
2502
1651
495
1247
691
2020
2829
1941
1676
1265
883
2161
471
1763
1932
1103
2487
2208
1996
2771
2060
1648
285
2077
1929
1709
2465
2687
2059
708
1870
1568
2728
1905
483
469
75
643
899
590
2561
837
585
1350
990
2525
1970
2655
1852
2517
2477
2708
1349
349
178
2382
393
2121
13
321
2553
1111
2404
2658
2244
893
798
2692
1148
1854
805
2891
2175
1807
1724
2166
607
410
2841
1455
680
2256
927
41
430
1047
2326
19
2831
2290
2252
1502
1400
71
1992
512
2788
515
2025
2082
1139
1917
279
1445
244
117
1524
1327
1701
1520
677
1895
1064
1127
1040
1257
2064
514
682
248
2219
1006
946
2901
237
1761
1099
2592
1007
1948
2453
1346
2526
332
1229
1056
1435
1785
611
2822
1443
1546
1939
1303
425
625
984
1998
2858
921
715
1031
10
932
2780
860
757
547
2202
2183
1152
149
2234
1318
1575
574
604
2088
2435
2150
2523
617
72
1363
231
1927
1369
2003
820
924
920
233
2784
2380
1677
2820
488
2818
1755
12
213
885
2055
2225
766
1839
1499
620
2801
1747
2319
2580
2796
713
1153
1214
744
1766
2827
186
2067
2377
2369
569
212
1501
26
813
267
2335
1610
2221
2241
527
598
2451
1008
221
2040
2643
1641
486
2146
272
1140
375
2047
1743
426
2506
2272
1944
1539
158
1170
451
2839
2598
776
675
765
2002
2562
1790
313
596
1392
481
1920
2318
1978
1603
2555
485
2463
2327
2434
1960
196
2293
2539
2061
2900
1282
175
2450
384
169
2894
1756
1889
265
2350
698
797
1767
1703
1770
1722
1583
1940
2700
2187
2835
1796
1301
1726
1483
756
1225
2768
2178
1453
1985
1826
1019
1334
2379
1190
2564
1034
2042
1720
1550
1906
1974
1376
676
1406
1558
634
443
1290
1758
421
1947
2263
174
2068
710
2680
2123
1278
396
2271
2678
1649
721
204
1496
550
725
962
428
360
1475
333
1708
1591
683
669
1228
1446
2420
2698
1151
627
2194
1339
1587
108
2108
362
49
76
2457
1564
1206
2799
2213
1175
2139
28
1993
1945
2763
1449
2735
803
916
981
2022
2902
1174
875
1314
99
519
1147
1914
1304
1106
2856
376
2066
369
789
2605
1719
2720
2391
1688
571
1868
2748
1772
2501
361
1412
1621
1407
1869
135
1005
2124
588
2092
305
1155
245
2777
767
937
926
1744
1990
1112
2113
510
121
123
2145
373
2031
1194
1345
2188
97
1566
1607
2914
2004
289
201
39
1500
1831
743
66
1479
1451
2156
136
1795
1208
2106
104
2016
810
2910
2133
2168
2714
791
1751
86
1861
597
2018
827
965
2401
943
269
1830
1585
1666
922
2586
2058
2325
1244
2387
2348
51
2640
1181
251
2663
2400
1182
1995
2005
653
1717
445
23
2257
1437
1043
2037
154
738
740
1188
1571
324
644
2109
155
1757
2587
2079
2259
1714
2414
1991
1038
840
2859
2613
2013
380
751
2301
919
1263
1342
2371
2393
1272
308
1921
1216
2813
2703
859
432
641
134
2452
304
817
1143
636
2548
236
1149
600
902
1806
991
2864
1888
1095
2845
878
506
671
1867
1805
2709
275
2046
2792
1313
556
81
1760
903
824
2143
2243
1994
1027
714
2817
1452
301
347
1844
2095
82
491
479
1898
2581
1075
1348
2493
2117
2374
1733
573
2198
1466
958
1817
5
2211
2303
2417
2686
747
1896
1062
1003
1646
2376
2895
2339
1528
211
163
838
601
293
1973
2265
1390
161
113
1780
264
910
543
1789
2913
1211
129
1192
105
2810
2534
1912
848
462
1209
2441
302
2665
1984
2601
871
271
1923
20
1872
2509
2611
1217
1864
95
436
661
337
1776
2552
1024
2343
2392
2415
1711
168
1700
1387
650
255
2306
1077
684
1266
55
942
1856
2419
2137
318
2712
2653
109
227
147
705
2667
809
112
1821
1450
978
1052
723
2409
2916
1951
2426
826
633
1737
582
730
1837
925
1154
1009
1255
40
2529
1215
29
1679
646
1900
2430
419
1971
2821
2919
699
532
2637
2481
2413
2507
1320
2610
30
2568
2239
2353
2885
329
841
735
1522
806
2036
1873
2155
592
2540
470
771
1828
336
1296
1640
655
1481
2157
2345
667
553
1745
554
1001
995
118
159
1381
1396
412
377
1521
2718
1718
898
1538
971
2366
1916
2294
322
1935
972
736
2819
7
719
1742
2626
1576
528
110
2584
413
2684
2248
2351
1768
773
1512
2557
1362
1389
1458
1967
2815
952
508
1674
1488
372
863
2269
1612
975
1489
2519
2654
1897
119
2619
1093
2648
2192
392
2354
825
2730
1462
914
2277
783
2164
822
1395
1315
2297
1893
64
1094
2571
1883
2515
170
2322
1184
788
1705
461
609
1809
963
2934
2030
357
1911
2685
1492
2814
1025
16
1616
474
1783
2118
1191
2645
970
800
541
1778
352
2602
1561
2671
2719
1949
398
940
2694
2787
390
1636
2104
2808
1661
2251
2572
1234
2455
1268
2204
612
2659
1164
1589
1299
2537
60
1300
2646
68
1769
4
2904
1595
1848
2545
1862
1364
2304
1617
1578
645
53
2912
794
2449
243
1117
2504
198
2860
179
559
484
438
2423
2939
2160
2332
2834
1565
2090
242
2574
1547
830
1464
1540
278
2518
2615
2464
2616
2570
2102
2497
2629
1536
593
1393
1021
606
2722
786
206
1759
274
1358
1432
2034
536
89
1415
850
1885
2000
799
1619
901
2494
2532
378
843
748
2865
1366
1643
2807
2333
2794
894
1374
1786
364
348
1245
1815
828
297
2032
2536
370
851
24
346
2883
2203
697
2215
2575
1456
1551
2760
688
1639
967
1087
1972
2705
1959
142
1232
1338
1059
657
1600
1887
2492
845
2321
865
2309
1373
2775
202
1660
1179
140
770
1115
2483
2558
2668
67
775
2473
2736
1285
610
2138
2196
1658
935
505
1822
1527
2535
630
545
1439
1368
262
1138
2045
1063
2424
1107
852
1622
689
1505
273
1813
955
2906
1016
2715
2181
402
2158
1218
2926
2186
522
1824
1050
2779
2370
1954
2445
1308
1060
2674
1871
1653
464
534
1172
1798
1386
1402
853
1644
2881
2884
1241
992
1159
1797
2373
2395
1689
295
1091
2754
503
1497
2358
2270
1307
2078
2479
2456
1398
561
1288
1557
912
2936
94
90
2440
777
424
2035
2362
1919
947
228
877
1965
2209
2312
790
1081
1098
2331
208
173
2850
1110
489
733
763
1704
69
1484
701
2782
1319
1652
59
2024
856
1236
1716
2043
774
2933
48
2015
1189
880
157
1611
1431
2556
692
2288
203
2446
1723
342
584
764
1132
2279
1901
631
1330
1343
8
501
1792
266
591
1930
14
562
1440
456
579
717
2436
2165
1802
2577
2089
2017
2804
2679
2652
1220
2402
2403
2432
2478
2855
407
127
742
220
2190
1892
2636
2408
1843
359
2347
1212
2673
2879
1126
1987
2803
884
2759
2594
2342
1875
1317
1968
2049
892
106
2026
779
750
1297
1203
182
626
759
2367
2412
758
2650
2761
300
2932
702
2840
2368
1570
2019
1727
2849
905
718
1378
2467
2774
2866
356
429
1493
241
874
1226
2238
1915
615
2247
2915
2220
628
1572
218
1333
2554
1248
2612
240
2
821
1582
2291
2044
282
312
1173
2599
1162
1739
2875
780
406
2908
1074
166
1030
749
1507
58
2593
2356
137
2237
2569
1165
2606
2381
1042
2223
1979
752
316
2743
2811
21
1028
829
1371
1167
1668
1741
2131
2930
931
417
1014
2216
2126
1287
1623
2338
1517
2882
2469
1922
290
568
804
224
2508
2027
1397
2254
1977
2681
1866
1101
602
1332
854
2014
2890
1735
2832
1748
1773
141
707
1936
525
656
1613
2152
1066
2482
92
1819
2750
950
595
468
1222
2704
815
214
1405
2266
1260
1421
1969
887
535
197
795
649
1457
1470
1628
1083
1133
61
2752
2286
160
2076
1029
2793
1804
2533
1328
2193
2273
897
2739
1793
1814
1730
1672
125
1736
2731
1447
330
1904
1684
190
253
1480
1833
1490
993
2522
2199
2716
2888
1925
621
115
288
1444
2871
2869
2053
2657
2513
1597
2899
2476
2893
1526
726
2041
2622
1221
918
1562
2315
1441
2264
2228
1980
122
1574
1177
1305
1302
2485
857
2112
672
873
2898
531
2702
1409
1367
2396
2711
847
2791
2688
960
1820
1254
872
1461
1702
1787
1018
745
2218
183
808
1629
2781
1219
473
2125
455
232
1952
1552
314
2134
1136
2242
1731
1693
890
63
310
1659
1712
365
2699
2039
363
796
181
1909
1118
2931
1508
2460
818
1670
2205
1011
1851
450
1468
2255
2280
286
1198
62
2907
614
956
2057
2250
1068
1294
1176
2069
844
2245
1494
2638
1403
1513
1249
1788
2918
2299
1347
1243
2099
2275
238
1556
497
2189
2390
2056
1114
2812
2876
126
1615
1943
2514
2305
2566
929
2177
2928
2096
651
2093
189
350
959
2559
1740
2941
496
1292
1581
283
2697
1357
100
755
2246
1533
2940
222
1280
340
586
2830
1474
205
2462
2896
2924
904
1675
2744
79
618
2167
2295
57
1647
2484
2444
934
325
933
1645
6
1076
923
2073
1631
280
546
153
2329
2542
2298
1681
1195
1509
2585
580
355
328
1620
210
423
323
1037
2372
2083
2505
2386
98
1306
928
2617
1754
537
2388
54
867
367
1084
1336
1273
1352
276
1323
864
539
1608
2836
2630
1146
2649
2591
812
2651
2732
1080
1281
2136
1842
167
277
2147
1903
2745
1614
2706
2862
1131
2578
459
753
2210
2664
1425
477
1379
2878
2101
2330
1430
294
2074
2475
678
1601
31
143
2438
1811
17
2012
2141
2843
374
2222
2496
1442
2621
177
2756
768
500
2789
686
385
296
391
291
578
1128
548
544
1635
509
2729
1274
150
1910
2690
480
2623
2173
185
2491
1655
146
1046
915
1058
1738
467
2148
961
523
1238
114
191
1860
1096
88
2472
2278
1261
1015
1983
85
2783
635
1665
56
2846
2873
2094
1577
353
1321
1592
2823
704
311
2742
2480
1853
1340
2701
1801
870
2224
309
2495
2153
2122
466
1624
1160
239
2071
2682
2162
338
979
2753
2214
2769
102
2195
422
1545
1113
1391
1962
433
1530
673
1448
2733
1186
1975
862
1686
1699
148
2447
876
2389
1262
2461
1890
513
2920
2232
1931
2185
784
2180
2363
2672
2524
996
888
1039
2595
624
1204
2625
666
685
1554
1908
551
2023
130
1692
2547
727
219
2620
2749
230
194
2691
2448
2925
1459
608
664
1774
494
306
292
420
2897
1918
1834
988
1678
2851
1049
1156
986
2065
1250
1312
2614
187
2713
2746
605
2236
560
2132
2029
1129
2544
249
1061
2140
2576
997
2227
973
2107
520
1691
570
1353
1264
389
670
1829
1810
2054
1881
1746
1454
2352
982
2120
966
849
948
2231
2527
2806
1506
1322
564
2503
107
1685
184
594
366
2500
1341
1537
2528
261
1010
1886
1032
33
1329
913
2410
2723
2639
533
2510
2909
1316
945
1664
842
1224
868
1355
32
1590
1874
896
1259
2751
694
1800
1696
1942
2253
891
1463
2550
2596
358
1657
2340
326
0
2285
2511
38
2762
2710
1698
567
1956
1728
994
268
781
1847
2826
917
1673
1414
2378
690
453
2398
2603
2785
659
2857
2825
1654
2011
1472
2085
1404
2466
2641
42
452
1436
1401
557
1104
1933
1271
1950
1135
383
2741
985
1596
394
1283
1473
720
1567
2260
2050
2116
1122
1124
2284
819
831
2267
1560
954
2091
2765
256
2385
1145
65
2666
2443
2103
437
2693
2119
2618
911
647
1841
2149
172
2579
1865
379
658
1694
637
882
2600
1105
732
478
2863
217
1989
2675
1477
1045
814
2217
1022
1284
2274
1637
807
2421
1531
1602
2470
1687
2805
2072
1433
1907
1697
319
1926
2314
2541
2001
576
2010
225
93
1840
695
739
2604
1764
652
2844
2929
444
1354
741
2328
1812
1134
2757
1169
434
1057
782
787
1579
1269
442
2080
2063
1586
816
974
2516
2062
746
335
1799
632
2892
674
1166
1420
1882
1715
1555
976
2097
823
2770
2696
235
2070
989
1762
983
2240
1187
2802
87
1606
111
769
2135
2235
716
2098
164
1227
371
734
2308
387
622
2689
414
2468
263
345
1108
2159
1258
511
1419
1097
103
209
2341
416
2229
1012
2349
2179
1593
1514
1051
207
1
2375
1286
1934
565
2670
1310
2707
44
2512
1251
2778
2154
1503
1086
572
801
1924
2151
2647
2530
2800
1519
260
2727
980
538
1515
722
43
229
1836
83
1625
2336
1017
1231
317
431
101
1089
2833
2310
941
2590
2437
2300
1144
1230
303
2837
1669
1002
599
2853
2747
1683
1827
180
663
2114
2755
2364
1013
1803
1069
152
687
1326
1523
1078
441
1891
2627
1351
331
2163
957
2661
889
1487
2087
2320
2520
772
3
1171
679
2344
2634
403
737
2038
2489
1958
1426
1680
2828
46
2458
35
1309
577
223
2289
1413
2721
1878
1855
1168
2028
1690
1035
566
603
1119
1279
1638
327
1495
681
116
1534
2631
284
139
1183
1863
386
2766
1598
1163
1749
1633
696
2105
472
1092
662
2262
188
2854
415
778
258
1073
1460
1732
252
2454
2886
969
2861
96
558
2111
2633
1311
1559
84
1563
1469
802
1256
216
2717
1486
1823
1361
400
1207
2498
124
930
2383
449
397
2307
2549
339
2589
1000
354
401
1293
215
1997
2406
1667
2642
2726
1337
1291
341
2773
2084
498
2416
1630
1385
1626
2261
447
552
1383
1270
192
2607
1850
1779
2292
2921
836
131
2938
482
2776
2644
490
1277
589
1213
270
2100
2365
540
2887
1055
1553
1832
298
1794
1584
524
2927
1845
120
555
1750
9
2384
454
1707
2725
1849
1580
1380
2427
2313
879
2428
1988
793
2847
638
315
2521
1053
728
1382
504
1964
1298
448
2937
1879
587
2889
760
2848
712
1102
1130
731
257
1242
2880
1359
1966
1835
2226
1609
623
493
1388
133
1180
706
2233
1253
703
526
36
2471
254
1816
1233
77
2563
1196
529
1713
724
754
343
381
2007
1418
616
762
2425
1033
1543
2052
2048
1753
37
968
1423
1465
2551
613
1085
2758
1335
1671
1199
1982
1044
1710
2411
792
70
518
27
2258
435
78
80
1161
2296
2809
176
1627
2824
1023
1791
2734
2081
2662
2798
2488
811
1605
2474
1532
2276
1961
1642
351
2287
1324
2337
2724
619
45
785
1150
2588
1205
1825
1372
1417
1594
583
492
1771
1781
1818
2935
2033
151
2334
1491
1411
1428
145
281
1377
1957
2923
458
953
2546
1525
2323
668
2852
132
1125
530
2206
1729
906
846
2677
693
2431
1067
761
1276
2171
138
709
1999
2790
409
1026
1100
2422
47
1356
2200
1986
1518
2191
2281
1082
11
1542
2737
2130
2110
2009
2867
832
1529
2459
418
2531
259
1142
2683
2911
128
869
858
2230
193
833
1541
642
1846
1784
1109
944
1938
1946
1121
2499
427
74
1399
581
18
2127
1157
2268
1808
2282
1295
1416
2764
1859
998
2609
334
1071
2917
250
1065
1573
936
2051
2182
91
660
2302
1193
476
1370
1884
382
144
711
1510
729
1777
1899
1588
909
1876
2816
1963
1275
1476
2418
1937
2075
399
2311
2597
440
2249
1394
2922
344
2144
2128
2490
22
1429
1239
34
886
2429
2405
2442
516
1210
1482
2006
1408
1137
368
247
1976
1471
1079
2433
1877
1325
1656
949
2129
834
2582
2772
654
2838
2316
907
1880
404
2543
2786
1782
1604
1632
839
1048
835
1036
2573
1384
2628
15
2903
2176

