1 1
2 0
3 0
4 1
5 0
6 1
7 1
8 1
9 0
10 1
11 0
12 0
13 1
14 0
15 0
16 1
17 1
18 0
19 0
20 1
21 0
22 1
23 0
24 1
25 1
26 1
27 0
28 1
29 0
30 1
31 1
32 0
33 1
34 0
35 0
36 0
37 0
38 0
39 1
40 0
41 0
42 1
43 0
44 1
45 0
46 1
47 0
48 1
49 0
50 1
51 1
52 1
53 1
54 1
55 0
56 0
57 0
58 0
59 1
60 1
61 1
62 1
63 0
64 1
65 0
66 0
67 0
68 0
69 1
70 0
71 0
72 0
73 1
74 0
75 1
76 1
77 1
78 0
79 0
80 1
81 0
82 0
83 0
84 0
85 1
86 0
87 0
88 1
89 0
90 1
91 0
92 0
93 0
94 0
95 0
96 1
97 0
98 1
99 0
100 1
101 1
102 1
103 0
104 0
105 1
106 0
107 0
108 0
109 1
110 0
111 0
112 1
113 1
114 0
115 0
116 1
117 0
118 1
119 1
120 1
121 1
122 0
123 1
124 1
125 1
126 0
127 0
128 0
129 0
130 0
131 0
132 1
133 1
134 0
135 1
136 1
137 1
138 0
139 0
140 1
141 0
142 1
143 1
144 1
145 1
146 1
147 1
148 1
149 0
150 0
151 1
152 0
153 0
154 1
155 0
156 0
157 1
158 1
159 0
160 1
161 1
162 0
163 1
164 1
165 1
166 0
167 0
168 1
169 1
170 1
171 1
172 0
173 1
174 0
175 0
176 0
177 0
178 1
179 0
180 1
181 1
182 0
183 0
184 1
185 0
186 0
187 0
188 1
189 1
190 1
191 1
192 0
193 0
194 1
195 1
196 0
197 0
198 0
199 0
200 1
201 0
202 1
203 0
204 0
205 0
206 1
207 1
208 0
209 1
210 1
211 1
212 0
213 0
214 1
215 0
216 0
217 1
218 0
219 1
220 1
221 0
222 0
223 1
224 0
225 1
226 0
227 1
228 0
229 1
230 0
231 0
232 1
233 0
234 0
235 0
236 1
237 0
238 1
239 1
240 1
241 1
242 1
243 1
244 0
245 0
246 1
247 0
248 1
249 0
250 1
251 0
252 0
253 1
254 0
255 1
256 0
257 1
258 0
259 0
260 0
261 1
262 0
263 1
264 0
265 0
266 1
267 0
268 1
269 1
270 1
271 0
272 0
273 1
274 0
275 1
276 0
277 0
278 1
279 1
280 0
281 1
282 0
283 1
284 1
285 0
286 0
287 1
288 0
289 0
290 1
291 0
292 0
293 1
294 1
295 1
296 1
297 1
298 0
299 0
300 1
301 0
302 0
303 0
304 1
305 1
306 0
307 1
308 1
309 0
310 0
311 1
312 0
313 1
314 1
315 0
316 1
317 1
318 0
319 1
320 0
321 1
322 0
323 1
324 1
325 0
326 0
327 0
328 0
329 0
330 1
331 1
332 0
333 0
334 1
335 1
336 1
337 1
338 0
339 0
340 1
341 1
342 1
343 1
344 0
345 0
346 0
347 1
348 0
349 1
350 1
351 1
352 1
353 1
354 0
355 1
356 0
357 0
358 1
359 1
360 0
361 1
362 1
363 1
364 1
365 1
366 0
367 1
368 1
369 1
370 0
371 0
372 0
373 1
374 0
375 0
376 1
377 0
378 0
379 1
380 0
381 0
382 0
383 0
384 1
385 1
386 0
387 1
388 0
389 1
390 1
391 1
392 1
393 0
394 1
395 1
396 0
397 0
398 1
399 0
400 0
401 0
402 0
403 0
404 0
405 0
406 1
407 0
408 0
409 0
410 1
411 0
412 0
413 0
414 1
415 0
416 1
417 1
418 1
419 1
420 0
421 0
422 0
423 1
424 1
425 0
426 0
427 0
428 1
429 0
430 1
431 1
432 1
433 1
434 1
435 1
436 0
437 1
438 1
439 1
440 0
441 1
442 1
443 0
444 0
445 0
446 0
447 0
448 0
449 1
450 0
451 0
452 0
453 1
454 1
455 1
456 1
457 0
458 1
459 1
460 0
461 1
462 0
463 0
464 0
465 1
466 0
467 1
468 0
469 1
470 1
471 0
472 0
473 0
474 1
475 1
476 1
477 0
478 1
479 1
480 0
481 0
482 1
483 1
484 1
485 0
486 1
487 1
488 0
489 1
490 1
491 0
492 1
493 0
494 0
495 0
496 0
497 1
498 1
499 1
500 1
501 1
502 1
503 0
504 1
505 0
506 1
507 0
508 1
509 0
510 0
511 0
512 0
513 0
514 0
515 1
516 0
517 1
518 0
519 1
520 1
521 1
522 1
523 1
524 0
525 0
526 1
527 1
528 0
529 0
530 1
531 0
532 0
533 1
534 0
535 0
536 1
537 0
538 0
539 0
540 1
541 1
542 1
543 1
544 1
545 1
546 0
547 0
548 0
549 1
550 0
551 1
552 1
553 0
554 1
555 0
556 1
557 0
558 1
559 0
560 0
561 1
562 1
563 0
564 0
565 0
566 1
567 0
568 1
569 0
570 0
571 0
572 0
573 0
574 0
575 1
576 1
577 1
578 0
579 0
580 0
581 0
582 1
583 1
584 0
585 1
586 0
587 0
588 0
589 0
590 1
591 0
592 0
593 0
594 0
595 0
596 1
597 0
598 0
599 0
600 0
601 1
602 0
603 0
604 1
605 0
606 1
607 0
608 0
609 1
610 0
611 1
612 1
613 0
614 1
615 0
616 0
617 1
618 1
619 1
620 1
621 0
622 1
623 1
624 0
625 0
626 1
627 0
628 0
629 1
630 0
631 1
632 0
633 0
634 1
635 0
636 0
637 0
638 1
639 0
640 1
641 1
642 0
643 0
644 0
645 1
646 0
647 0
648 1
649 1
650 0
651 0
652 0
653 1
654 0
655 0
656 0
657 0
658 1
659 0
660 0
661 0
662 0
663 1
664 0
665 0
666 0
667 1
668 1
669 1
670 0
671 0
672 0
673 0
674 1
675 1
676 1
677 1
678 0
679 0
680 1
681 1
682 0
683 1
684 0
685 0
686 1
687 0
688 0
689 1
690 1
691 0
692 1
693 1
694 1
695 1
696 1
697 0
698 0
699 0
700 1
701 0
702 1
703 0
704 0
705 0
706 1
707 0
708 1
709 1
710 0
711 0
712 0
713 1
714 1
715 0
716 1
717 1
718 0
719 1
720 1
721 1
722 0
723 0
724 1
725 0
726 1
727 0
728 1
729 1
730 0
731 0
732 0
733 1
734 1
735 1
736 1
737 0
738 1
739 0
740 1
741 0
742 0
743 0
744 0
745 1
746 1
747 1
748 1
749 0
750 0
751 0
752 0
753 0
754 0
755 1
756 0
757 0
758 1
759 0
760 1
761 1
762 0
763 0
764 0
765 1
766 1
767 1
768 1
769 1
770 0
771 0
772 1
773 0
774 1
775 0
776 0
777 0
778 1
779 0
780 1
781 0
782 1
783 1
784 0
785 1
786 1
787 0
788 0
789 0
790 1
791 0
792 1
793 1
794 1
795 0
796 1
797 0
798 1
799 1
800 1
801 1
802 0
803 1
804 1
805 1
806 1
807 1
808 0
809 1
810 0
811 1
812 0
813 0
814 1
815 1
816 0
817 0
818 1
819 1
820 1
821 0
822 0
823 1
824 1
825 0
826 0
827 0
828 1
829 1
830 0
831 1
832 0
833 1
834 1
835 1
836 1
837 0
838 0
839 0
840 1
841 1
842 0
843 1
844 0
845 1
846 0
847 0
848 1
849 1
850 0
851 0
852 1
853 0
854 0
855 0
856 0
857 1
858 1
859 1
860 1
861 0
862 1
863 0
864 0
865 0
866 0
867 1
868 0
869 1
870 1
871 0
872 0
873 0
874 0
875 1
876 1
877 0
878 0
879 0
880 1
881 1
882 0
883 0
884 0
885 0
886 1
887 0
888 1
889 0
890 1
891 1
892 0
893 1
894 1
895 1
896 1
897 0
898 1
899 1
900 0
901 0
902 0
903 0
904 1
905 0
906 0
907 1
908 1
909 1
910 0
911 1
912 0
913 0
914 0
915 0
916 1
917 0
918 1
919 0
920 1
921 1
922 0
923 1
924 1
925 0
926 0
927 0
928 0
929 0
930 0
931 0
932 1
933 1
934 1
935 0
936 1
937 0
938 1
939 1
940 0
941 1
942 1
943 0
944 0
945 0
946 0
947 0
948 0
949 0
950 0
951 1
952 0
953 1
954 1
955 1
956 0
957 1
958 0
959 1
960 1
961 1
962 0
963 1
964 0
965 0
966 0
967 1
968 1
969 1
970 1
971 1
972 0
973 1
974 1
975 1
976 0
977 0
978 1
979 1
980 0
981 1
982 0
983 1
984 1
985 1
986 0
987 0
988 1
989 1
990 0
991 0
992 1
993 1
994 0
995 1
996 0
997 1
998 0
999 1
1000 0
1001 0
1002 0
1003 0
1004 0
1005 1
1006 0
1007 0
1008 1
1009 1
1010 1
1011 1
1012 1
1013 1
1014 1
1015 0
1016 1
1017 0
1018 0
1019 1
1020 0
1021 0
1022 0
1023 1
1024 0
1025 1
1026 1
1027 1
1028 1
1029 1
1030 0
1031 1
1032 0
1033 0
1034 0
1035 1
1036 0
1037 1
1038 0
1039 0
1040 0
1041 1
1042 0
1043 0
1044 1
1045 0
1046 1
1047 0
1048 0
1049 1
1050 1
1051 1
1052 0
1053 1
1054 1
1055 0
1056 1
1057 1
1058 1
1059 1
1060 1
1061 1
1062 1
1063 0
1064 0
1065 0
1066 0
1067 1
1068 1
1069 0
1070 1
1071 0
1072 1
1073 1
1074 0
1075 0
1076 1
1077 1
1078 0
1079 1
1080 1
1081 0
1082 1
1083 1
1084 1
1085 0
1086 0
1087 0
1088 0
1089 1
1090 0
1091 0
1092 1
1093 0
1094 0
1095 0
1096 0
1097 0
1098 1
1099 0
1100 1
1101 1
1102 1
1103 1
1104 0
1105 1
1106 0
1107 0
1108 0
1109 0
1110 0
1111 1
1112 1
1113 0
1114 0
1115 0
1116 1
1117 0
1118 1
1119 1
1120 1
1121 1
1122 1
1123 1
1124 1
1125 1
1126 1
1127 0
1128 1
1129 1
1130 1
1131 1
1132 1
1133 1
1134 1
1135 0
1136 1
1137 1
1138 1
1139 1
1140 0
1141 0
1142 1
1143 1
1144 1
1145 0
1146 0
1147 1
1148 1
1149 0
1150 0
1151 1
1152 1
1153 1
1154 1
1155 0
1156 0
1157 0
1158 1
1159 1
1160 0
1161 0
1162 1
1163 1
1164 1
1165 0
1166 1
1167 0
1168 1
1169 0
1170 0
1171 0
1172 0
1173 1
1174 0
1175 1
1176 0
1177 1
1178 1
1179 0
1180 0
1181 1
1182 1
1183 0
1184 1
1185 1
1186 0
1187 1
1188 0
1189 1
1190 1
1191 0
1192 0
1193 0
1194 0
1195 0
1196 0
1197 1
1198 0
1199 0
1200 0
1201 0
1202 0
1203 1
1204 1
1205 0
1206 0
1207 0
1208 1
1209 1
1210 0
1211 1
1212 0
1213 0
1214 1
1215 1
1216 0
1217 1
1218 1
1219 0
1220 1
1221 1
1222 1
1223 1
1224 1
1225 0
1226 0
1227 1
1228 1
1229 0
1230 1
1231 1
1232 1
1233 1
1234 0
1235 1
1236 1
1237 1
1238 0
1239 1
1240 1
1241 1
1242 1
1243 0
1244 1
1245 1
1246 1
1247 1
1248 0
1249 1
1250 0
1251 1
1252 0
1253 0
1254 0
1255 1
1256 1
1257 0
1258 0
1259 0
1260 1
1261 1
1262 1
1263 0
1264 1
1265 1
1266 0
1267 1
1268 0
1269 0
1270 0
1271 1
1272 1
1273 1
1274 0
1275 1
1276 1
1277 0
1278 1
1279 1
1280 1
1281 1
1282 0
1283 0
1284 1
1285 0
1286 0
1287 0
1288 1
1289 1
1290 0
1291 1
1292 1
1293 1
1294 1
1295 1
1296 0
1297 0
1298 1
1299 0
1300 0
1301 1
1302 1
1303 1
1304 1
1305 1
1306 0
1307 1
1308 0
1309 1
1310 0
1311 1
1312 1
1313 1
1314 1
1315 0
1316 0
1317 1
1318 0
1319 0
1320 1
1321 1
1322 0
1323 1
1324 1
1325 1
1326 1
1327 1
1328 1
1329 1
1330 1
1331 1
1332 0
1333 0
1334 0
1335 0
1336 1
1337 0
1338 1
1339 1
1340 1
1341 1
1342 0
1343 1
1344 1
1345 0
1346 1
1347 1
1348 1
1349 0
1350 0
1351 1
1352 0
1353 1
1354 0
1355 1
1356 0
1357 0
1358 0
1359 1
1360 1
1361 0
1362 0
1363 1
1364 0
1365 1
1366 1
1367 0
1368 0
1369 0
1370 1
1371 0
1372 0
1373 1
1374 0
1375 0
1376 1
1377 1
1378 0
1379 0
1380 0
1381 0
1382 1
1383 0
1384 1
1385 0
1386 1
1387 1
1388 0
1389 1
1390 1
1391 1
1392 0
1393 0
1394 1
1395 1
1396 1
1397 0
1398 1
1399 1
1400 1
1401 1
1402 1
1403 0
1404 0
1405 0
1406 1
1407 0
1408 0
1409 1
1410 1
1411 1
1412 0
1413 1
1414 0
1415 1
1416 0
1417 0
1418 1
1419 0
1420 1
1421 0
1422 0
1423 0
1424 0
1425 0
1426 1
1427 1
1428 1
1429 0
1430 1
1431 0
1432 1
1433 0
1434 1
1435 1
1436 1
1437 0
1438 0
1439 1
1440 0
1441 1
1442 0
1443 1
1444 1
1445 0
1446 0
1447 1
1448 1
1449 0
1450 1
1451 0
1452 0
1453 1
1454 0
1455 1
1456 0
1457 0
1458 1
1459 1
1460 1
1461 1
1462 1
1463 0
1464 0
1465 0
1466 1
1467 0
1468 0
1469 1
1470 0
1471 0
