1 1
2 1
3 1
4 0
5 0
6 0
7 1
8 1
9 1
10 0
11 0
12 0
13 0
14 1
15 0
16 0
17 1
18 1
19 0
20 0
21 0
22 0
23 1
24 1
25 0
26 1
27 0
28 0
29 0
30 1
31 0
32 0
33 1
34 1
35 0
36 1
37 1
38 1
39 0
40 1
41 0
42 0
43 1
44 0
45 1
46 1
47 0
48 1
49 1
50 0
51 1
52 1
53 1
54 1
55 0
56 1
57 1
58 1
59 1
60 1
61 1
62 1
63 0
64 1
65 0
66 1
67 0
68 1
69 1
70 1
71 1
72 1
73 0
74 1
75 1
76 1
77 1
78 1
79 1
80 1
81 1
82 1
83 0
84 0
85 0
86 1
87 0
88 1
89 1
90 0
91 0
92 0
93 1
94 0
95 0
96 0
97 0
98 1
99 1
100 1
101 1
102 0
103 1
104 1
105 1
106 0
107 1
108 1
109 0
110 1
111 1
112 1
113 1
114 1
115 1
116 1
117 0
118 0
119 0
120 1
121 1
122 0
123 0
124 1
125 1
126 0
127 1
128 0
129 1
130 0
131 1
132 0
133 0
134 0
135 0
136 1
137 1
138 0
139 1
140 1
141 0
142 0
143 0
144 0
145 0
146 1
147 1
148 1
149 0
150 0
151 0
152 0
153 0
154 0
155 0
156 1
157 1
158 0
159 0
160 1
161 1
162 1
163 1
164 0
165 0
166 1
167 1
168 1
169 1
170 1
171 1
172 0
173 0
174 0
175 1
176 1
177 0
178 0
179 0
180 1
181 0
182 0
183 1
184 0
185 1
186 1
187 0
188 0
189 0
190 1
191 1
192 1
193 0
194 0
195 1
196 0
197 0
198 0
199 0
200 0
201 1
202 1
203 1
204 0
205 0
206 0
207 0
208 0
209 0
210 0
211 1
212 1
213 1
214 0
215 0
216 0
217 0
218 0
219 1
220 0
221 0
222 0
223 1
224 1
225 1
226 1
227 0
228 0
229 0
230 0
231 0
232 1
233 1
234 0
235 0
236 0
237 1
238 1
239 0
240 1
241 1
242 1
243 1
244 0
245 1
246 0
247 1
248 1
249 0
250 0
251 0
252 0
253 0
254 1
255 1
256 0
257 1
258 0
259 0
260 0
261 0
262 1
263 1
264 1
265 0
266 1
267 0
268 1
269 1
270 0
271 1
272 1
273 1
274 1
275 0
276 1
277 1
278 0
279 1
280 1
281 0
282 1
283 0
284 1
285 1
286 0
287 1
288 1
289 1
290 0
291 0
292 1
293 1
294 1
295 0
296 0
297 1
298 1
299 0
300 0
301 1
302 1
303 1
304 0
305 1
306 0
307 0
308 1
309 0
310 0
311 0
312 1
313 0
314 0
315 1
316 0
317 1
318 1
319 0
320 1
321 1
322 0
323 1
324 1
325 1
326 1
327 1
328 0
329 1
330 1
331 1
332 0
333 1
334 0
335 1
336 1
337 1
338 0
339 0
340 0
341 0
342 0
343 1
344 0
345 1
346 1
347 1
348 1
349 0
350 0
351 0
352 1
353 1
354 0
355 1
356 1
357 1
358 1
359 1
360 0
361 1
362 1
363 0
364 0
365 0
366 1
367 1
368 1
369 0
370 1
371 0
372 1
373 1
374 0
375 0
376 1
377 1
378 0
379 1
380 1
381 1
382 1
383 1
384 0
385 0
386 1
387 0
388 1
389 1
390 1
391 1
392 1
393 1
394 1
395 1
396 1
397 0
398 1
399 1
400 1
401 1
402 0
403 1
404 1
405 1
406 1
407 1
408 0
409 0
410 0
411 0
412 0
413 0
414 0
415 1
416 0
417 1
418 1
419 1
420 1
421 1
422 1
423 1
424 0
425 0
426 1
427 1
428 1
429 1
430 1
431 0
432 1
433 0
434 0
435 0
436 1
437 0
438 0
439 1
440 1
441 1
442 1
443 1
444 0
445 1
446 0
447 1
448 1
449 1
450 0
451 1
452 1
453 1
454 1
455 1
456 0
457 1
458 1
459 1
460 0
461 0
462 1
463 0
464 1
465 0
466 1
467 0
468 0
469 0
470 1
471 1
472 1
473 1
474 0
475 1
476 1
477 0
478 0
479 0
480 0
481 0
482 0
483 0
484 1
485 1
486 1
487 1
488 1
489 1
490 0
491 0
492 0
493 1
494 1
495 1
496 1
497 1
498 0
499 1
500 1
501 1
502 1
503 0
504 0
505 0
506 1
507 1
508 1
509 1
510 1
511 0
512 0
513 0
514 0
515 1
516 1
517 1
518 1
519 0
520 1
521 1
522 1
523 1
524 1
525 0
526 1
527 1
528 1
529 0
530 1
531 0
532 1
533 1
534 1
535 1
536 1
537 1
538 1
539 0
540 1
541 0
542 0
543 1
544 0
545 1
546 0
547 1
548 1
549 0
550 0
551 0
552 0
553 0
554 0
555 1
556 1
557 1
558 0
559 1
560 1
561 1
562 1
563 1
564 0
565 0
566 1
567 1
568 1
569 1
570 0
571 1
572 0
573 1
574 0
575 1
576 1
577 0
578 1
579 1
580 0
581 0
582 1
583 1
584 1
585 1
586 0
587 0
588 1
589 0
590 1
591 0
592 0
593 1
594 1
595 1
596 0
597 0
598 1
599 1
600 0
601 1
602 1
603 1
604 1
605 0
606 1
607 1
608 0
609 1
610 1
611 0
612 0
613 1
614 1
615 1
616 0
617 0
618 0
619 1
620 0
621 0
622 1
623 1
624 1
625 0
626 1
627 1
628 1
629 1
630 0
631 1
632 0
633 0
634 1
635 1
636 1
637 0
638 0
639 0
640 1
641 1
642 0
643 1
644 0
645 1
646 0
647 0
648 1
649 1
650 1
651 0
652 0
653 0
654 1
655 1
656 1
657 1
658 0
659 0
660 0
661 0
662 1
663 1
664 1
665 0
666 0
667 1
668 0
669 0
670 1
671 1
672 1
673 1
674 1
675 1
676 0
677 0
678 1
679 1
680 1
681 1
682 1
683 0
684 1
685 1
686 1
687 1
688 1
689 0
690 1
691 0
692 1
693 1
694 1
695 1
696 1
697 1
698 1
699 1
700 1
701 1
702 1
703 1
704 0
705 1
706 0
707 1
708 1
709 1
710 1
711 1
712 1
713 1
714 1
715 1
716 1
717 0
718 0
719 0
720 0
721 1
722 1
723 1
724 0
725 1
726 0
727 0
728 1
729 0
730 1
731 0
732 1
733 1
734 0
735 0
736 0
737 0
738 1
739 1
740 1
741 1
742 1
743 1
744 0
745 1
746 1
747 1
748 0
749 1
750 1
751 1
752 1
753 0
754 1
755 1
756 1
757 1
758 1
759 1
760 0
761 1
762 1
763 0
764 0
765 0
766 0
767 0
768 1
769 0
770 0
771 1
772 1
773 0
774 1
775 0
776 0
777 1
778 1
779 1
780 1
781 0
782 0
783 0
784 0
785 1
786 1
787 0
788 0
789 1
790 0
791 1
792 0
793 0
794 0
795 1
796 0
797 1
798 1
799 1
800 1
801 0
802 1
803 1
804 1
805 1
806 1
807 0
808 0
809 1
810 0
811 1
812 0
813 1
814 0
815 1
816 0
817 1
818 0
819 0
820 1
821 1
822 0
823 1
824 1
825 0
826 0
827 1
828 0
829 1
830 0
831 1
832 0
833 1
834 0
835 1
836 1
837 0
838 1
839 1
840 1
841 0
842 0
843 1
844 0
845 1
846 1
847 0
848 0
849 0
850 0
851 0
852 1
853 0
854 0
855 1
856 0
857 0
858 0
859 0
860 1
861 1
862 1
863 0
864 1
865 0
866 1
867 0
868 0
869 1
870 0
871 1
872 1
873 1
874 0
875 0
876 1
877 1
878 1
879 1
880 1
881 1
882 0
883 1
884 0
885 1
886 0
887 0
888 1
889 1
890 1
891 0
892 0
893 1
894 0
895 0
896 1
897 1
898 0
899 0
900 1
901 0
902 0
903 1
904 1
905 0
906 0
907 0
908 0
909 0
910 1
911 1
912 1
913 1
914 0
915 1
916 1
917 0
918 1
919 1
920 1
921 0
922 0
923 0
924 1
925 0
926 1
927 1
928 1
929 1
930 1
931 0
932 1
933 1
934 1
935 0
936 1
937 0
938 1
939 1
940 0
941 1
942 1
943 1
944 0
945 0
946 1
947 1
948 0
949 1
950 1
951 0
952 0
953 1
954 0
955 0
956 0
957 0
958 1
959 1
960 1
961 0
962 0
963 0
964 1
965 0
966 1
967 0
968 0
969 0
970 1
971 1
972 1
973 1
974 0
975 0
976 0
977 0
978 0
979 1
980 0
981 1
982 1
983 0
984 0
985 1
986 1
987 1
988 0
989 0
990 1
991 0
992 1
993 1
994 1
995 1
996 1
997 1
998 1
999 0
1000 1
1001 0
1002 0
1003 1
1004 0
1005 1
1006 1
1007 1
1008 1
1009 1
1010 1
1011 1
1012 0
1013 0
1014 0
1015 1
1016 1
1017 0
1018 0
1019 0
1020 0
1021 1
1022 1
1023 1
1024 0
1025 0
1026 1
1027 0
1028 1
1029 0
1030 0
1031 1
1032 0
1033 1
1034 0
1035 0
1036 1
1037 0
1038 1
1039 0
1040 0
1041 0
1042 1
1043 1
1044 1
1045 1
1046 1
1047 1
1048 1
1049 0
1050 0
1051 0
1052 0
1053 0
1054 0
1055 1
1056 1
1057 1
1058 0
1059 0
1060 0
1061 0
1062 0
1063 1
1064 1
1065 0
1066 0
1067 1
1068 0
1069 0
1070 0
1071 1
1072 1
1073 1
1074 1
1075 0
1076 0
1077 1
1078 0
1079 0
1080 1
1081 0
1082 1
1083 0
1084 0
1085 1
1086 1
1087 0
1088 1
1089 1
1090 0
1091 0
1092 1
1093 1
1094 1
1095 0
1096 0
1097 0
1098 0
1099 0
1100 0
1101 0
1102 1
1103 1
1104 1
1105 1
1106 0
1107 0
1108 1
1109 0
1110 1
1111 1
1112 0
1113 0
1114 1
1115 1
1116 0
1117 0
1118 0
1119 0
1120 1
1121 1
1122 1
1123 1
1124 0
1125 1
1126 0
1127 0
1128 0
1129 0
1130 0
1131 1
1132 1
1133 0
1134 0
1135 0
1136 1
1137 0
1138 0
1139 1
1140 1
1141 1
1142 0
1143 0
1144 0
1145 0
1146 1
1147 1
1148 0
1149 1
1150 0
1151 0
1152 0
1153 1
1154 1
1155 0
1156 0
1157 0
1158 0
1159 1
1160 0
1161 0
1162 1
1163 0
1164 1
1165 1
1166 0
1167 0
1168 1
1169 0
1170 0
1171 0
1172 0
1173 1
1174 0
1175 0
1176 0
1177 1
1178 0
1179 1
1180 0
1181 0
1182 0
1183 1
1184 1
1185 1
1186 0
1187 0
1188 1
1189 1
1190 0
1191 1
1192 0
1193 0
1194 1
1195 0
1196 0
1197 0
1198 1
1199 1
1200 1
1201 0
1202 1
1203 0
1204 1
1205 1
1206 0
1207 0
1208 1
1209 1
1210 1
1211 1
1212 0
1213 1
1214 0
1215 1
1216 1
1217 0
1218 1
1219 1
1220 1
1221 0
1222 0
1223 0
1224 1
1225 0
1226 0
1227 0
1228 0
1229 0
1230 0
1231 0
1232 1
1233 1
1234 0
1235 0
1236 0
1237 0
1238 1
1239 0
1240 0
1241 1
1242 1
1243 0
1244 1
1245 0
1246 0
1247 1
1248 1
1249 1
1250 1
1251 1
1252 0
1253 0
1254 1
1255 1
1256 0
1257 1
1258 0
1259 1
1260 1
1261 0
1262 1
1263 1
1264 0
1265 1
1266 1
1267 1
1268 1
1269 1
1270 1
1271 0
1272 1
1273 0
1274 1
1275 1
1276 1
1277 0
1278 0
1279 1
1280 1
1281 1
1282 1
1283 1
1284 1
1285 0
1286 1
1287 1
1288 1
1289 1
1290 0
1291 1
1292 0
1293 1
1294 1
1295 1
1296 1
1297 1
1298 1
1299 1
1300 0
1301 1
1302 1
1303 0
1304 1
1305 0
1306 1
1307 0
1308 1
1309 0
1310 0
1311 0
1312 1
1313 1
1314 0
1315 1
1316 0
1317 0
1318 1
1319 0
1320 1
1321 0
1322 1
1323 1
1324 0
1325 1
1326 1
1327 1
1328 1
1329 1
1330 1
1331 1
1332 1
1333 1
1334 1
1335 1
1336 0
1337 1
1338 0
1339 1
1340 1
1341 1
1342 1
1343 1
1344 1
1345 0
1346 1
1347 0
1348 1
1349 0
1350 1
1351 1
1352 1
1353 0
1354 1
1355 0
1356 1
1357 1
1358 1
1359 1
1360 0
1361 1
1362 1
1363 1
1364 0
1365 1
1366 1
1367 0
1368 0
1369 1
1370 1
1371 1
1372 0
1373 1
1374 0
1375 1
1376 0
1377 0
1378 0
1379 0
1380 0
1381 1
1382 1
1383 0
1384 1
1385 1
1386 0
1387 1
1388 1
1389 1
1390 0
1391 1
1392 0
1393 0
1394 0
1395 1
1396 1
1397 0
1398 0
1399 1
1400 0
1401 0
1402 0
1403 0
1404 0
1405 0
1406 1
1407 0
1408 1
1409 1
1410 1
1411 1
1412 0
1413 1
1414 1
1415 1
1416 1
1417 0
1418 0
1419 1
1420 1
1421 0
1422 0
1423 0
1424 1
1425 1
1426 1
1427 1
1428 0
1429 0
1430 0
1431 0
1432 0
1433 1
1434 0
1435 1
1436 0
1437 1
1438 0
1439 1
1440 1
1441 1
1442 0
1443 0
1444 0
1445 1
1446 1
1447 1
1448 1
1449 0
1450 0
1451 0
1452 0
1453 0
1454 0
1455 0
1456 0
1457 0
1458 0
1459 0
1460 1
1461 1
1462 0
1463 1
1464 1
1465 0
1466 0
1467 0
1468 1
1469 0
1470 0
1471 0
