1 1
2 0
3 0
4 1
5 1
6 1
7 0
8 0
9 0
10 1
11 1
12 0
13 1
14 0
15 0
16 0
17 1
18 1
19 1
20 0
21 0
22 0
23 1
24 1
25 1
26 0
27 0
28 0
29 1
30 0
31 0
32 0
33 0
34 0
35 0
36 0
37 0
38 1
39 0
40 1
41 1
42 1
43 1
44 1
45 0
46 1
47 0
48 0
49 1
50 0
51 1
52 1
53 1
54 1
55 1
56 1
57 1
58 0
59 1
60 1
61 0
62 1
63 1
64 1
65 0
66 1
67 1
68 1
69 1
70 1
71 1
72 0
73 1
74 0
75 1
76 1
77 1
78 1
79 0
80 0
81 0
82 0
83 1
84 1
85 1
86 1
87 1
88 1
89 0
90 0
91 1
92 0
93 1
94 1
95 1
96 1
97 1
98 1
99 1
100 1
101 0
102 1
103 0
104 0
105 0
106 1
107 0
108 1
109 1
110 0
111 0
112 1
113 0
114 0
115 0
116 1
117 1
118 1
119 1
120 0
121 0
122 0
123 1
124 1
125 1
126 1
127 1
128 0
129 0
130 0
131 0
132 1
133 0
134 0
135 1
136 1
137 0
138 0
139 0
140 1
141 0
142 1
143 1
144 1
145 1
146 1
147 1
148 1
149 1
150 1
151 1
152 1
153 1
154 0
155 1
156 0
157 1
158 1
159 1
160 1
161 0
162 1
163 1
164 1
165 0
166 1
167 1
168 1
169 0
170 1
171 1
172 1
173 0
174 1
175 1
176 0
177 0
178 1
179 1
180 1
181 1
182 1
183 1
184 0
185 1
186 1
187 0
188 1
189 0
190 0
191 0
192 0
193 1
194 1
195 0
196 1
197 1
198 1
199 1
200 0
201 0
202 1
203 1
204 1
205 1
206 1
207 1
208 0
209 0
210 0
211 0
212 0
213 0
214 0
215 0
216 1
217 0
218 0
219 1
220 0
221 1
222 0
223 1
224 0
225 1
226 1
227 1
228 0
229 1
230 0
231 1
232 1
233 1
234 1
235 0
236 0
237 0
238 0
239 0
240 0
241 0
242 0
243 1
244 0
245 1
246 1
247 0
248 0
249 1
250 0
251 0
252 1
253 1
254 0
255 1
256 1
257 0
258 1
259 1
260 1
261 0
262 0
263 1
264 1
265 1
266 0
267 1
268 1
269 0
270 0
271 1
272 0
273 0
274 0
275 1
276 1
277 0
278 0
279 1
280 1
281 0
282 0
283 0
284 0
285 0
286 0
287 0
288 1
289 1
290 0
291 0
292 0
293 1
294 1
295 1
296 0
297 1
298 1
299 1
300 1
301 1
302 1
303 1
304 0
305 1
306 1
307 1
308 0
309 0
310 1
311 0
312 1
313 0
314 1
315 1
316 1
317 0
318 0
319 1
320 1
321 0
322 1
323 1
324 0
325 1
326 0
327 0
328 1
329 0
330 1
331 1
332 1
333 1
334 0
335 1
336 1
337 1
338 0
339 0
340 1
341 0
342 0
343 1
344 1
345 1
346 1
347 1
348 0
349 0
350 1
351 0
352 0
353 1
354 1
355 0
356 1
357 1
358 0
359 1
360 0
361 1
362 0
363 1
364 1
365 1
366 1
367 0
368 0
369 0
370 0
371 0
372 0
373 1
374 0
375 1
376 0
377 1
378 1
379 0
380 0
381 0
382 1
383 1
384 0
385 0
386 0
387 0
388 1
389 1
390 1
391 0
392 1
393 0
394 1
395 1
396 1
397 1
398 0
399 1
400 0
401 0
402 0
403 1
404 0
405 0
406 1
407 1
408 0
409 1
410 1
411 1
412 0
413 0
414 0
415 0
416 0
417 1
418 1
419 1
420 1
421 1
422 1
423 1
424 1
425 0
426 0
427 0
428 0
429 0
430 0
431 0
432 0
433 0
434 1
435 0
436 0
437 1
438 0
439 0
440 0
441 1
442 1
443 1
444 0
445 0
446 1
447 0
448 0
449 0
450 0
451 0
452 1
453 0
454 1
455 0
456 0
457 1
458 0
459 1
460 1
461 1
462 1
463 1
464 1
465 0
466 0
467 1
468 0
469 1
470 1
471 1
472 0
473 1
474 1
475 0
476 0
477 0
478 0
479 0
480 1
481 1
482 0
483 1
484 1
485 0
486 1
487 0
488 1
489 0
490 1
491 0
492 0
493 1
494 0
495 1
496 0
497 0
498 1
499 1
500 1
501 0
502 1
503 1
504 1
505 0
506 1
507 1
508 1
509 1
510 0
511 0
512 0
513 1
514 0
515 1
516 1
517 0
518 1
519 1
520 0
521 0
522 0
523 0
524 1
525 0
526 0
527 0
528 1
529 1
530 1
531 0
532 1
533 0
534 1
535 1
536 1
537 0
538 0
539 1
540 0
541 1
542 1
543 1
544 1
545 1
546 1
547 1
548 0
549 1
550 0
551 0
552 1
553 0
554 0
555 0
556 0
557 1
558 1
559 0
560 1
561 0
562 1
563 1
564 1
565 1
566 1
567 1
568 0
569 0
570 0
571 1
572 1
573 0
574 1
575 1
576 1
577 0
578 1
579 0
580 0
581 1
582 1
583 1
584 1
585 1
586 1
587 1
588 0
589 0
590 1
591 0
592 0
593 1
594 1
595 1
596 1
597 0
598 1
599 0
600 0
601 0
602 0
603 1
604 1
605 0
606 0
607 0
608 1
609 0
610 1
611 0
612 0
613 0
614 1
615 0
616 0
617 1
618 0
619 1
620 0
621 1
622 0
623 1
624 1
625 1
626 1
627 1
628 1
629 1
630 1
631 0
632 1
633 0
634 0
635 1
636 1
637 1
638 1
639 0
640 0
641 1
642 1
643 1
644 0
645 0
646 1
647 1
648 1
649 1
650 0
651 1
652 0
653 1
654 1
655 1
656 0
657 0
658 0
659 1
660 0
661 0
662 1
663 1
664 1
665 0
666 0
667 1
668 0
669 0
670 0
671 0
672 0
673 1
674 0
675 1
676 0
677 1
678 1
679 1
680 0
681 1
682 1
683 0
684 0
685 1
686 1
687 0
688 1
689 1
690 1
691 0
692 1
693 1
694 1
695 0
696 0
697 1
698 0
699 1
700 1
701 1
702 0
703 1
704 0
705 1
706 0
707 0
708 1
709 0
710 1
711 0
712 0
713 0
714 0
715 1
716 0
717 1
718 0
719 0
720 1
721 0
722 0
723 1
724 0
725 1
726 1
727 1
728 1
729 0
730 1
731 1
732 0
733 0
734 1
735 0
736 0
737 0
738 1
739 1
740 0
741 0
742 1
743 0
744 0
745 0
746 0
747 1
748 1
749 0
750 1
751 0
752 0
753 0
754 0
755 0
756 1
757 0
758 1
759 0
760 1
761 1
762 1
763 0
764 1
765 0
766 0
767 1
768 1
769 1
770 1
771 1
772 1
773 1
774 0
775 0
776 0
777 0
778 0
779 0
780 0
781 1
782 0
783 1
784 1
785 0
786 0
787 1
788 1
789 0
790 0
791 0
792 1
793 0
794 0
795 0
796 0
797 0
798 1
799 1
800 1
801 1
802 0
803 0
804 0
805 0
806 0
807 0
808 0
809 0
810 0
811 1
812 1
813 0
814 0
815 1
816 1
817 1
818 1
819 1
820 1
821 1
822 0
823 1
824 0
825 0
826 0
827 0
828 0
829 0
830 0
831 1
832 0
833 1
834 1
835 1
836 1
837 1
838 0
839 1
840 1
841 0
842 0
843 0
844 1
845 1
846 1
847 1
848 1
849 1
850 0
851 0
852 1
853 0
854 0
855 0
856 1
857 1
858 0
859 1
860 1
861 0
862 0
863 1
864 1
865 1
866 0
867 1
868 1
869 1
870 1
871 0
872 1
873 0
874 0
875 0
876 1
877 1
878 1
879 1
880 0
881 0
882 1
883 1
884 0
885 1
886 0
887 1
888 1
889 1
890 1
891 0
892 0
893 0
894 0
