1740
359
2401
1769
1721
2381
1311
1767
1918
320
2683
1501
1925
53
514
1998
2432
565
2184
1112
2405
1317
1817
413
1930
1459
463
487
571
1264
993
332
35
81
2547
55
794
2237
832
395
2328
1495
2108
1858
1365
576
23
2712
656
1684
887
1379
2189
64
1239
525
2662
264
1171
1620
2290
452
140
176
1148
1384
2442
2166
1968
288
616
1826
2140
308
1502
1351
2131
2920
2559
1727
795
956
1372
453
90
1498
572
1466
2467
2523
537
65
2574
1909
938
563
848
2799
1338
2136
672
765
1212
2322
1269
2748
2377
409
1676
381
2516
1592
132
1660
2448
891
1358
652
1174
2003
1680
2633
2019
1292
1042
1419
258
179
276
582
2629
600
263
2617
326
709
254
1855
947
1422
1047
1823
705
777
1398
464
1550
1370
1619
2936
1722
1048
2813
2836
1852
1026
881
256
1392
2323
860
1491
1151
1430
2737
560
209
1450
597
2318
2581
2782
174
2296
1458
205
644
1189
2454
934
1947
1593
210
2393
1287
2161
1463
2228
2132
129
558
1320
2215
1035
194
2844
1609
146
1341
1297
872
2410
800
791
535
1870
266
2820
2607
1754
1330
366
217
1133
1874
804
1920
2455
2392
2099
632
2416
2282
1528
2281
2446
834
305
542
1487
1173
845
2789
313
2110
2360
2744
1494
612
1784
2273
88
2814
1206
2514
508
303
2741
2809
166
2670
1245
2481
2684
599
2583
866
478
1997
399
2343
1248
2609
2731
817
919
2332
707
1839
238
985
248
283
93
914
580
2193
105
2335
349
1235
573
2502
653
1548
317
2638
1211
26
1973
2536
1662
2129
2341
552
1420
397
1700
1612
2937
2204
1165
391
2358
1802
2093
164
1912
143
896
1451
1555
1326
118
1163
877
1991
398
435
2199
267
382
1557
134
826
992
2431
1792
2531
1540
858
2210
1007
2808
583
1524
2314
1193
304
1497
1559
2082
937
838
150
2321
1554
1291
952
2564
1261
2008
2214
789
247
2340
403
1564
692
37
2084
1906
967
2747
1216
886
2928
2680
1500
147
52
490
568
1259
2121
2930
754
1352
1971
1907
1448
2056
2724
1294
1312
218
2905
489
531
311
2856
786
1568
1041
2625
2603
128
1257
1359
840
1301
2897
613
1473
1101
2303
62
2806
1934
6
1421
1438
1469
287
155
1386
1799
1949
2665
1103
1707
1586
67
1599
2186
1946
830
1575
588
2190
2411
206
1509
0
1129
2255
441
1958
1685
2780
202
1397
821
2330
1762
182
1785
368
183
394
120
1170
2506
1327
2904
1837
2466
846
1761
1647
1885
152
798
352
2891
2654
82
383
1114
340
224
2745
965
141
1711
1984
1032
2757
562
160
1127
1088
2357
1105
181
812
1704
2344
455
1110
1263
1979
747
2508
1629
39
58
2120
2020
2319
2804
109
1426
500
1238
1277
595
428
426
2892
2596
968
1350
114
2677
2887
548
225
2205
564
2659
261
1808
488
297
1102
274
541
1057
459
1034
1131
2382
2652
776
425
2117
2786
2175
1825
1058
2589
1843
1019
2811
1806
2880
773
2336
418
2421
996
1225
1821
1666
188
2776
2235
2795
1033
1770
1367
1220
638
1878
203
2249
1924
4
1977
1835
1178
658
2142
1470
868
2135
1584
36
424
2309
2579
2767
213
2908
1873
2216
1630
1044
1822
1633
454
2848
269
1066
371
2817
990
674
1990
1013
1224
2931
2098
2661
1621
1162
1819
223
873
2141
1006
951
1994
1838
1023
1536
2326
1587
2556
212
752
2572
1775
479
1741
339
1562
1517
1595
2496
1012
2935
1337
94
2719
1256
2510
2595
1582
2300
1672
1378
2672
635
1566
1342
2853
66
1616
998
78
1408
955
468
190
104
861
2521
284
862
2934
1442
2847
1052
2798
2793
2165
2315
221
1617
2471
2354
2272
2613
314
2915
204
1693
2279
603
710
344
2251
1688
591
2938
2838
589
2052
1481
925
2746
2016
1552
2065
2413
373
972
2627
2434
363
1137
2130
2308
1539
60
802
1443
1687
650
2700
175
931
2415
2698
412
1576
2162
1656
107
84
1159
1869
988
415
2103
475
2815
820
231
2688
2689
2246
2104
2094
906
1313
615
2036
319
1928
1324
689
1669
667
2498
684
708
1556
499
2889
153
1362
661
2095
2196
943
259
1569
2085
1177
2002
1853
421
1728
1479
2408
2230
687
2254
309
1910
2792
2404
874
432
2631
2919
1535
1525
2000
2800
2854
2918
2871
201
126
1937
1777
410
2606
32
2409
2707
2766
2777
1512
2352
408
2269
1117
2929
1732
1532
2
1815
2621
2692
2769
1716
1209
2423
738
2346
728
1247
2490
522
1053
1474
1579
2487
2145
2333
1573
2291
2427
226
1489
2080
361
2037
2188
1805
1060
2608
512
168
2721
761
300
1834
189
1423
472
2368
2660
1503
2571
2826
905
476
1093
2399
806
1017
370
497
1902
2578
1104
278
367
232
2325
1061
2922
1788
2456
2870
2329
1087
27
836
1325
1227
180
2807
1952
1765
281
1167
390
2429
2464
1746
1139
1970
48
2338
2201
2063
1719
1653
1567
2402
2493
521
1431
903
917
628
685
2580
970
1493
291
1745
2522
467
954
1763
2770
536
2615
2768
2350
1638
1750
1400
1141
2119
178
1149
2636
944
384
2526
627
214
527
1742
1204
2047
2479
1780
669
2923
2544
1657
385
885
1373
331
2600
895
312
2385
1456
1319
277
827
1488
577
2797
986
3
1316
2342
663
100
2200
1244
350
659
1100
1691
2089
942
1898
822
646
501
2632
1965
2570
144
1625
607
1375
1545
496
2198
469
407
1583
138
2901
994
2256
1037
2217
1464
922
733
2504
2727
940
1417
2505
2773
1757
2218
135
1983
158
1514
1356
1219
1085
1222
995
1913
1996
1561
2527
310
1686
42
1071
2009
647
2018
101
2697
2742
1022
654
2100
1772
1516
1975
375
1388
504
199
1622
723
353
2765
154
1703
1789
1439
2755
2475
2587
1508
1169
1659
894
1280
792
693
16
1414
2783
2387
2091
2519
286
1729
98
2191
2349
2180
1307
2876
1921
771
979
1200
460
1290
431
1911
517
2058
2716
2134
2011
2829
502
356
897
2501
2422
171
1529
977
1092
2507
991
1106
1080
878
1485
2031
1782
480
1871
691
1596
923
1972
2081
372
47
1926
2694
2419
133
518
1967
1642
2040
1142
341
448
2259
1154
2276
2133
2194
1467
1237
575
1099
296
1546
354
1176
1882
159
1667
2316
785
433
2126
1523
1847
2726
1781
2647
2158
1812
1268
520
1228
807
253
2118
95
2157
1416
2026
242
503
1507
1036
1618
2226
814
2729
916
1381
2167
1152
1265
1681
953
1577
1077
2685
1432
1230
40
1369
2469
546
2206
657
869
1241
2643
762
1591
729
680
2107
1202
2860
322
2369
1411
2715
1252
1966
1005
2348
1433
1541
815
1496
2248
649
1233
2852
2257
219
2831
477
2015
75
2900
1062
2374
1605
1671
801
414
772
1939
867
484
28
2841
1444
2500
2561
933
1832
2495
1752
1038
1040
870
1387
2250
2846
2197
2736
1345
2909
2927
1549
2551
2024
1353
1
1931
336
2221
2739
2678
2750
1935
2476
1888
2414
505
1346
335
1519
1374
1030
921
1393
2899
1303
1333
1055
930
890
338
2307
1956
1015
1710
1696
1483
876
2045
1098
2642
939
2843
2535
2656
1242
2305
21
2840
1652
2004
1679
1901
1571
145
889
137
2232
1698
2592
20
640
2239
602
1255
2503
1380
2071
671
1192
605
592
494
235
2077
714
1382
485
976
2213
46
720
1999
2453
2867
2182
839
2391
2673
2738
2828
1328
2676
966
1758
2034
1339
106
2696
271
1796
701
1361
2324
526
112
2146
437
1437
307
1084
1434
513
1118
824
1462
711
110
2068
1318
2150
1310
2060
18
177
1465
229
193
1304
2472
192
554
2566
2634
85
30
913
1542
2497
768
273
1506
893
2637
948
841
1803
1147
2017
2400
524
2433
2679
1068
2586
601
2169
1747
2542
1121
2055
1702
196
888
2144
740
2488
1537
2284
1748
816
622
1298
1831
1250
1457
76
1663
1243
2378
2049
2912
2039
1836
1360
2027
2380
2732
2451
1056
696
2851
1600
2438
1210
2148
676
1111
1221
2784
9
727
1689
1886
2069
2940
749
345
511
1851
2046
1064
458
2842
2639
1986
2183
1158
1079
1251
2865
920
2611
2859
49
2334
1207
725
1260
1276
124
1674
285
2781
498
2430
2555
1938
1181
805
664
899
928
111
1585
1454
1690
751
2882
2241
2868
2591
1658
70
2567
1331
2264
1581
220
1646
1723
2884
2668
2540
89
2734
1948
2758
989
510
162
1857
1455
1649
1471
2515
348
2682
2569
161
2067
2420
1218
427
2764
2863
2669
1108
117
2238
679
1401
167
543
1643
2906
850
2557
911
2628
2819
2001
2041
1923
875
1665
2147
670
1841
50
2886
737
2754
2690
823
1109
1126
969
2418
1992
2663
2933
280
2274
1929
854
1449
984
451
1160
2753
781
1597
1862
1608
2452
1709
1606
1480
2651
1640
1113
809
936
1266
228
156
1407
736
290
2366
980
1654
1143
1565
788
2236
1865
2525
2681
74
2266
2064
1188
2925
1128
1270
999
1955
1783
837
492
1191
879
1452
981
2212
540
2593
2286
748
2675
1634
420
1412
1409
949
2083
2170
2389
1737
2347
1993
1731
2450
270
2125
2224
1751
1122
2088
2173
1623
1296
1377
1213
79
1428
2447
1927
770
24
169
555
1974
2312
436
2821
298
2449
1435
2079
1166
1232
2837
2372
2179
1868
1987
929
2244
1072
2271
1897
1190
1694
681
964
694
1069
333
849
975
2474
2850
1864
2187
1253
1894
2902
1000
1705
2367
377
818
103
2622
1718
1695
1936
1957
1570
1905
767
1828
1394
987
386
2489
404
945
1917
2425
1786
2054
59
1021
2102
2406
116
1425
1861
2711
1125
579
99
1246
1650
2285
553
1274
1842
2220
1424
2686
1510
515
2666
533
2209
282
604
1284
1611
618
2858
892
115
1639
2691
1063
1736
662
1574
2153
1683
735
1880
1530
2261
92
2834
631
240
1134
2113
1120
1753
2245
1391
1725
439
2761
742
2512
813
2861
2699
77
2202
329
2537
10
121
1445
2109
2835
2331
2278
295
538
831
1357
245
2869
393
2294
357
2061
1440
1637
265
507
1976
643
142
532
1273
1436
578
2478
316
1073
610
1144
2233
2749
1961
1195
2426
779
1522
2833
2320
1941
1302
2796
1461
1070
2005
2379
2185
2548
766
2914
2704
556
378
1321
882
625
328
462
2513
2616
1954
1234
257
2812
2762
2243
315
2618
803
1150
1797
374
165
790
1240
1692
446
2155
1472
1900
634
2624
157
1395
1884
1340
1226
301
417
756
2435
1083
1712
1715
1904
2265
2771
1486
926
2176
243
2645
191
2461
550
1801
1045
2701
2302
1820
195
847
1025
355
1892
2743
2552
324
2242
102
2152
1300
2896
136
2223
594
2482
1004
2492
56
559
1872
1527
2156
2032
2541
686
1229
2695
935
983
528
275
2397
2263
1368
2649
918
1896
586
1749
703
2518
2605
2907
1875
351
774
1521
688
973
2203
2048
758
648
123
864
630
1161
907
1922
2913
1132
302
7
1776
1404
704
2465
561
2371
695
148
665
2149
1848
2941
2577
1648
797
2687
593
306
2827
1145
215
1050
717
757
2664
139
119
697
1814
151
2260
2311
637
1107
2730
673
14
41
1807
1610
825
2752
2667
2208
900
2062
22
1969
251
1601
380
2240
1563
1427
434
551
444
608
2288
1603
364
481
978
2722
764
241
2655
2563
2275
1490
946
2760
2443
2097
2895
855
2177
2562
1730
2437
1217
1511
323
1743
1002
346
2862
715
545
2703
1668
1594
909
1793
1059
2926
2459
2403
2310
318
11
2317
1254
2477
1813
1860
763
567
2549
2043
2794
623
2893
2717
2211
584
83
1766
2053
760
1578
2457
1978
2494
2057
483
362
1011
523
91
430
1890
222
950
1415
236
2289
2588
2598
645
2171
486
2440
2646
1791
666
292
1223
360
1413
1598
1010
2620
2424
2890
2460
1182
828
1349
493
1840
2066
1964
1039
1733
2641
819
1771
97
941
1075
2480
1631
1199
1275
2735
734
1505
272
506
405
2483
2138
2718
1995
2092
1172
2313
1963
1916
1635
262
1094
2231
698
1850
1951
884
2693
1249
1322
2499
2394
429
982
2594
793
2921
718
1323
1418
639
71
1299
961
2550
2444
170
268
1334
1589
1314
2361
2070
1295
743
1774
1881
2075
1453
683
2756
1429
2855
44
2035
2042
2327
2810
2533
2280
1164
465
1615
233
574
34
2560
1119
2030
1940
45
1390
1001
1198
587
1981
787
388
1985
2301
833
539
2511
495
249
1403
379
730
566
1699
1482
744
883
1091
726
2072
2363
1383
2565
294
557
2626
974
1031
401
2373
208
782
902
1624
1447
1140
1795
43
2529
2293
2879
927
1308
2365
1849
1115
2470
1197
2630
440
2590
1915
2916
2539
2640
8
1156
585
1155
1441
2650
1396
2252
2713
2939
971
482
438
741
2873
1018
2396
1347
122
1194
2635
2160
2733
330
719
1632
2872
1644
1708
871
12
376
2287
1282
2517
1293
1551
2059
2021
660
614
2227
2458
1185
2881
255
1547
2705
1399
2644
581
516
1816
1405
1024
713
2832
1179
1046
80
1895
2154
1410
1673
1123
1020
1086
1533
38
198
2029
829
2033
1538
2610
1208
1095
347
2090
1499
299
1794
2436
519
1670
2674
722
2710
2816
2582
1844
2818
1811
1279
2787
1950
1980
1124
2845
1389
856
2619
753
1329
808
216
852
784
321
1558
2822
1186
1515
780
230
530
1153
29
96
2012
2708
1863
2463
509
1824
1778
2386
1944
2364
2653
2258
865
19
1082
626
1187
244
474
1281
2164
651
186
1856
620
2050
1504
2096
5
2883
108
17
473
633
1933
2740
799
2116
2702
957
606
200
411
365
1518
1717
668
2283
1344
590
2168
1664
325
2775
2007
851
2759
422
1116
1406
327
207
1014
1074
724
2023
2051
534
2298
932
2295
2395
1402
1846
2398
260
396
2486
442
2924
2714
1959
1146
1484
2857
1065
629
1891
2022
457
1089
2195
1366
2407
2573
358
1854
2602
1724
449
237
1236
2898
1051
2546
369
569
1231
1081
2885
529
1626
2025
1289
2178
2877
2086
1636
2597
1798
1580
2671
2044
1945
211
2725
1214
1903
2534
1714
2412
2878
678
2785
1829
1877
2720
334
1989
1613
1309
2530
1468
2105
1627
1661
1138
1876
1859
1590
187
2127
2657
423
844
1492
1258
1513
185
2910
2262
1744
544
842
2520
912
125
2390
2445
2543
2473
924
1078
1701
901
2297
617
2528
1833
1768
392
1810
1343
2292
1215
2115
86
962
2112
1385
2073
2875
2824
655
641
2658
2790
197
127
491
2229
387
1720
227
2101
1879
739
1096
598
1476
131
1697
1764
1756
234
796
1267
343
1760
33
2554
1982
619
570
2612
2299
73
2139
1779
960
1175
2751
898
461
1735
2823
2584
1755
173
2383
2553
1830
859
1027
289
2709
1553
2159
2417
2558
1446
1364
1713
406
2074
706
2076
1157
1029
1305
87
69
2849
2524
750
2763
1283
402
1271
447
1376
2306
342
1726
2439
2351
1475
1262
1278
1953
2247
2791
2441
1543
1477
450
1942
2123
1607
677
1288
2728
853
72
250
682
624
2384
690
2359
1682
2779
2124
416
778
2585
2917
1315
1827
2128
2174
1628
2888
904
1286
400
549
959
2604
2362
1889
700
1168
1526
1759
1180
2106
2010
1800
2111
2038
2370
2172
1009
2485
1054
2222
2774
2614
1335
1355
1919
456
2706
2772
2006
1914
1076
1531
1893
246
857
716
2355
2014
699
2623
1332
863
31
1560
1460
163
746
389
2304
2376
2375
1677
1135
2356
596
2428
963
2894
1544
1818
547
732
1354
2532
835
15
54
2778
1883
1008
57
2219
2932
1908
1196
419
1678
811
1675
721
2874
2337
1184
113
769
68
2277
1738
810
2353
2267
2801
1203
958
675
1016
2723
1787
642
471
2484
1845
880
609
1028
2648
1866
1790
443
1739
279
2163
2825
61
2545
2151
1043
149
470
611
63
1899
1201
1588
1655
2866
252
466
1887
1067
1049
1614
775
51
2599
1520
1272
1734
2864
2028
1773
2788
997
2268
1097
910
731
908
13
2830
2462
1003
2339
2576
636
2911
783
1962
1534
2388
1604
184
2122
2225
239
1943
293
2114
702
2803
1809
1641
2345
445
337
1306
172
843
621
2601
1130
1867
2181
2575
1651
2013
1336
1602
2207
1960
1348
745
2839
2802
2270
1371
2143
1478
1706
2253
2468
755
2903
1136
2509
1572
2805
2234
915
1363
25
1090
2087
130
1988
2538
712
1645
2491
1804
1932
1183
2192
2137
2078
759
1205
2568
1285

