1 0
2 1
3 0
4 0
5 0
6 1
7 0
8 0
9 0
10 0
11 1
12 1
13 1
14 1
15 1
16 1
17 0
18 1
19 0
20 1
21 0
22 0
23 1
24 0
25 0
26 0
27 1
28 0
29 0
30 1
31 0
32 1
33 1
34 1
35 1
36 1
37 0
38 1
39 0
40 0
41 1
42 0
43 1
44 1
45 0
46 0
47 0
48 1
49 1
50 0
51 1
52 0
53 0
54 0
55 0
56 1
57 0
58 0
59 1
60 1
61 0
62 0
63 0
64 0
65 1
66 0
67 0
68 0
69 0
70 1
71 1
72 0
73 1
74 1
75 1
76 0
77 1
78 1
79 1
80 1
81 0
82 0
83 1
84 1
85 1
86 1
87 1
88 1
89 0
90 0
91 1
92 0
93 1
94 1
95 1
96 1
97 1
98 0
99 1
100 0
101 0
102 1
103 1
104 1
105 1
106 0
107 1
108 1
109 0
110 0
111 1
112 1
113 0
114 0
115 1
116 0
117 1
118 0
119 0
120 1
121 1
122 0
123 1
124 0
125 0
126 1
127 1
128 0
129 1
130 1
131 1
132 0
133 0
134 1
135 0
136 1
137 1
138 1
139 0
140 1
141 0
142 0
143 1
144 1
145 1
146 1
147 1
148 1
149 0
150 1
151 1
152 1
153 1
154 0
155 0
156 0
157 1
158 0
159 0
160 1
161 0
162 1
163 0
164 1
165 1
166 1
167 1
168 0
169 1
170 1
171 0
172 1
173 0
174 0
175 1
176 1
177 0
178 0
179 0
180 0
181 1
182 1
183 1
184 0
185 0
186 1
187 1
188 1
189 1
190 1
191 0
192 0
193 0
194 1
195 1
196 1
197 0
198 0
199 0
200 0
201 1
202 1
203 0
204 1
205 1
206 0
207 0
208 0
209 1
210 1
211 0
212 1
213 1
214 1
215 1
216 0
217 0
218 1
219 1
220 0
221 0
222 1
223 1
224 0
225 1
226 0
227 1
228 1
229 0
230 1
231 1
232 0
233 1
234 1
235 1
236 0
237 0
238 1
239 1
240 1
241 0
242 1
243 0
244 1
245 0
246 1
247 1
248 1
249 1
250 1
251 1
252 0
253 0
254 1
255 0
256 0
257 1
258 1
259 1
260 1
261 0
262 0
263 0
264 1
265 0
266 1
267 0
268 1
269 0
270 0
271 0
272 1
273 0
274 1
275 0
276 0
277 1
278 0
279 0
280 1
281 0
282 1
283 0
284 1
285 0
286 0
287 0
288 1
289 1
290 0
291 1
292 0
293 0
294 0
295 1
296 0
297 1
298 1
299 1
300 0
301 1
302 0
303 1
304 1
305 1
306 0
307 1
308 1
309 1
310 0
311 1
312 1
313 0
314 1
315 0
316 1
317 0
318 0
319 0
320 1
321 0
322 1
323 1
324 1
325 0
326 0
327 0
328 0
329 0
330 0
331 0
332 1
333 1
334 0
335 1
336 0
337 0
338 0
339 1
340 1
341 1
342 1
343 1
344 1
345 0
346 0
347 0
348 0
349 1
350 1
351 1
352 1
353 1
354 1
355 0
356 1
357 1
358 0
359 0
360 0
361 0
362 1
363 1
364 1
365 0
366 0
367 1
368 1
369 1
370 1
371 0
372 0
373 1
374 0
375 0
376 0
377 1
378 1
379 0
380 0
381 0
382 1
383 1
384 0
385 1
386 0
387 1
388 0
389 1
390 1
391 1
392 1
393 1
394 1
395 1
396 1
397 0
398 0
399 1
400 0
401 1
402 0
403 0
404 0
405 0
406 1
407 0
408 0
409 1
410 1
411 1
412 0
413 0
414 0
415 0
416 0
417 0
418 1
419 0
420 0
421 1
422 0
423 0
424 1
425 1
426 0
427 0
428 0
429 0
430 1
431 1
432 1
433 1
434 0
435 1
436 0
437 0
438 1
439 1
440 1
441 0
442 0
443 0
444 0
445 0
446 0
447 0
448 1
449 1
450 1
451 1
452 1
453 1
454 0
455 0
456 1
457 0
458 1
459 0
460 1
461 0
462 1
463 1
464 1
465 0
466 1
467 0
468 1
469 1
470 0
471 0
472 0
473 1
474 1
475 0
476 1
477 1
478 0
479 1
480 1
481 0
482 0
483 1
484 1
485 0
486 1
487 0
488 0
489 1
490 0
491 1
492 0
493 1
494 1
495 0
496 0
497 0
498 0
499 1
500 0
501 1
502 0
503 1
504 0
505 1
506 1
507 0
508 1
509 1
510 1
511 1
512 1
513 0
514 0
515 1
516 1
517 0
518 0
519 1
520 0
521 0
522 1
523 0
524 0
525 1
526 1
527 0
528 0
529 0
530 1
531 0
532 1
533 0
534 1
535 0
536 0
537 0
538 1
539 0
540 1
541 0
542 0
543 0
544 0
545 0
546 0
547 0
548 1
549 1
550 0
551 0
552 1
553 1
554 0
555 0
556 0
557 1
558 1
559 1
560 1
561 0
562 1
563 0
564 0
565 0
566 1
567 1
568 1
569 1
570 0
571 1
572 0
573 0
574 1
575 0
576 1
577 1
578 1
579 1
580 0
581 1
582 0
583 0
584 0
585 1
586 1
587 1
588 0
589 0
590 1
591 1
592 1
593 0
594 1
595 0
596 0
597 0
598 0
599 0
600 1
601 1
602 0
603 1
604 0
605 1
606 1
607 1
608 0
609 1
610 0
611 1
612 1
613 1
614 0
615 0
616 1
617 1
618 1
619 0
620 1
621 1
622 0
623 1
624 0
625 0
626 1
627 0
628 1
629 0
630 0
631 1
632 1
633 0
634 1
635 0
636 0
637 0
638 1
639 0
640 1
641 1
642 1
643 0
644 0
645 1
646 0
647 0
648 0
649 0
650 0
651 1
652 0
653 1
654 0
655 0
656 0
657 0
658 1
659 1
660 0
661 0
662 0
663 0
664 0
665 1
666 1
667 1
668 0
669 1
670 1
671 1
672 0
673 0
674 1
675 0
676 0
677 1
678 1
679 0
680 0
681 1
682 1
683 1
684 1
685 1
686 1
687 1
688 0
689 1
690 0
691 0
692 1
693 0
694 1
695 1
696 1
697 1
698 1
699 1
700 1
701 0
702 0
703 0
704 1
705 1
706 0
707 0
708 0
709 0
710 1
711 0
712 0
713 1
714 0
715 1
716 0
717 1
718 1
719 1
720 0
721 1
722 0
723 1
724 1
725 0
726 1
727 0
728 1
729 0
730 0
731 1
732 1
733 1
734 0
735 1
736 0
737 0
738 0
739 0
740 1
741 1
742 1
743 0
744 1
745 0
746 1
747 1
748 1
749 1
750 0
751 1
752 0
753 0
754 0
755 0
756 1
757 0
758 1
759 0
760 0
761 1
762 0
763 1
764 0
765 1
766 1
767 1
768 0
769 1
770 1
771 0
772 1
773 1
774 0
775 1
776 0
777 0
778 0
779 1
780 0
781 0
782 0
783 0
784 0
785 0
786 1
787 1
788 1
789 1
790 0
791 0
792 0
793 0
794 1
795 1
796 0
797 0
798 1
799 0
800 0
801 1
802 1
803 0
804 0
805 1
806 0
807 1
808 0
809 1
810 0
811 1
812 1
813 0
814 1
815 1
816 0
817 0
818 1
819 0
820 1
821 0
822 0
823 1
824 1
825 0
826 0
827 1
828 0
829 1
830 0
831 0
832 1
833 1
834 1
835 1
836 0
837 0
838 0
839 1
840 1
841 0
842 1
843 0
844 1
845 1
846 1
847 1
848 0
849 0
850 0
851 0
852 0
853 1
854 1
855 0
856 0
857 0
858 1
859 0
860 1
861 1
862 0
863 0
864 0
865 0
866 0
867 0
868 1
869 1
870 1
871 1
872 0
873 1
874 1
875 0
876 0
877 0
878 1
879 1
880 0
881 0
882 0
883 0
884 1
885 1
886 1
887 1
888 1
889 0
890 0
891 1
892 0
893 0
894 1
895 1
896 0
897 0
898 1
899 1
900 0
901 0
902 0
903 1
904 0
905 0
906 0
907 1
908 0
909 1
910 1
911 0
912 1
913 0
914 0
915 0
916 1
917 1
918 0
919 0
920 0
921 0
922 1
923 0
924 1
925 0
926 1
927 0
928 1
929 0
930 1
931 0
932 1
933 0
934 0
935 1
936 0
937 0
938 0
939 0
940 1
941 1
942 1
943 1
944 0
945 1
946 1
947 0
948 0
949 1
950 1
951 1
952 0
953 1
954 1
955 1
956 0
957 0
958 1
959 1
960 1
961 0
962 1
963 0
964 0
965 0
966 1
967 1
968 1
969 0
970 0
971 1
972 0
973 1
974 1
975 1
976 0
977 0
978 1
979 1
980 1
981 1
982 0
983 1
984 0
985 0
986 0
987 0
988 0
989 1
990 1
991 1
992 0
993 1
994 1
995 1
996 1
997 1
998 1
999 1
1000 1
1001 1
1002 0
1003 0
1004 1
1005 0
1006 1
1007 1
1008 0
1009 0
1010 1
1011 1
1012 1
1013 1
1014 0
1015 1
1016 1
1017 0
1018 0
1019 1
1020 1
1021 0
1022 0
1023 1
1024 1
1025 1
1026 0
1027 0
1028 1
1029 0
1030 0
1031 1
1032 1
1033 1
1034 1
1035 1
1036 1
1037 0
1038 0
1039 1
1040 0
1041 1
1042 1
1043 1
1044 0
1045 0
1046 1
1047 0
1048 0
1049 1
1050 0
1051 0
1052 1
1053 0
1054 1
1055 0
1056 1
1057 1
1058 0
1059 0
1060 1
1061 0
1062 1
1063 1
1064 1
1065 1
1066 1
1067 0
1068 1
1069 0
1070 0
1071 1
1072 1
1073 1
1074 0
1075 0
1076 0
1077 1
1078 1
1079 0
1080 1
1081 1
1082 1
1083 1
1084 1
1085 1
1086 0
1087 0
1088 1
1089 0
1090 0
1091 0
1092 1
1093 1
1094 1
1095 0
1096 1
1097 0
1098 1
1099 0
1100 0
1101 1
1102 0
1103 1
1104 0
1105 0
1106 1
1107 0
1108 1
1109 1
1110 0
1111 1
1112 0
1113 1
1114 1
1115 0
1116 0
1117 0
1118 0
1119 1
1120 0
1121 0
1122 0
1123 1
1124 0
1125 1
1126 1
1127 0
1128 1
1129 1
1130 1
1131 0
1132 1
1133 1
1134 1
1135 1
1136 0
1137 1
1138 1
1139 0
1140 0
1141 1
1142 0
1143 1
1144 1
1145 0
1146 0
1147 1
1148 0
1149 0
1150 1
1151 0
1152 1
1153 0
1154 0
1155 0
1156 0
1157 1
1158 0
1159 1
1160 1
1161 0
1162 1
1163 0
1164 0
1165 0
1166 0
1167 0
1168 0
1169 1
1170 0
1171 0
1172 1
1173 0
1174 0
1175 0
1176 0
1177 1
1178 1
1179 1
1180 0
1181 0
1182 0
1183 0
1184 1
1185 1
1186 1
1187 1
1188 1
1189 1
1190 1
1191 1
1192 0
1193 0
1194 1
1195 1
1196 0
1197 1
1198 1
1199 1
1200 1
1201 1
1202 0
1203 1
1204 1
1205 1
1206 1
1207 0
1208 1
1209 1
1210 1
1211 0
1212 1
1213 0
1214 1
1215 0
1216 1
1217 0
1218 0
1219 1
1220 0
1221 1
1222 1
1223 0
1224 0
1225 0
1226 1
1227 1
1228 1
1229 0
1230 0
1231 1
1232 1
1233 1
1234 0
1235 1
1236 1
1237 1
1238 0
1239 0
1240 0
1241 1
1242 1
1243 1
1244 0
1245 0
1246 0
1247 1
1248 1
1249 1
1250 0
1251 1
1252 0
1253 1
1254 1
1255 0
1256 1
1257 1
1258 0
1259 1
1260 1
1261 1
1262 1
1263 1
1264 0
1265 1
1266 0
1267 0
1268 1
1269 1
1270 0
1271 1
1272 0
1273 1
1274 0
1275 1
1276 0
1277 0
1278 0
1279 0
1280 0
1281 1
1282 0
1283 1
1284 1
1285 1
1286 1
1287 0
1288 0
1289 0
1290 1
1291 1
1292 1
1293 0
1294 0
1295 0
1296 0
1297 0
1298 0
1299 0
1300 1
1301 1
1302 0
1303 0
1304 0
1305 1
1306 0
1307 0
1308 0
1309 1
1310 0
1311 0
1312 1
1313 1
1314 0
1315 1
1316 0
1317 1
1318 1
1319 0
1320 1
1321 1
1322 1
1323 1
1324 0
1325 1
1326 1
1327 1
1328 0
1329 0
1330 1
1331 0
1332 1
1333 1
1334 0
1335 1
1336 1
1337 0
1338 0
1339 0
1340 0
1341 0
1342 0
1343 0
1344 0
1345 1
1346 0
1347 0
1348 0
1349 1
1350 0
1351 1
1352 0
1353 0
1354 1
1355 0
1356 0
1357 0
1358 0
1359 1
1360 1
1361 1
1362 1
1363 0
1364 0
1365 0
1366 0
1367 1
1368 0
1369 0
1370 1
1371 1
1372 0
1373 0
1374 1
1375 0
1376 1
1377 1
1378 0
1379 1
1380 1
1381 0
1382 0
1383 0
1384 0
1385 1
1386 1
1387 1
1388 1
1389 0
1390 1
1391 1
1392 0
1393 1
1394 1
1395 0
1396 1
1397 0
1398 1
1399 1
1400 1
1401 0
1402 1
1403 0
1404 1
1405 1
1406 0
1407 0
1408 0
1409 0
1410 0
1411 0
1412 1
1413 1
1414 0
1415 0
1416 0
1417 0
1418 0
1419 0
1420 1
1421 1
1422 0
1423 0
1424 1
1425 1
1426 1
1427 0
1428 0
1429 0
1430 1
1431 0
1432 0
1433 0
1434 1
1435 0
1436 0
1437 1
1438 0
1439 0
1440 1
1441 0
1442 1
1443 1
1444 1
1445 0
1446 0
1447 1
1448 0
1449 0
1450 0
1451 0
1452 0
1453 0
1454 0
1455 0
1456 1
1457 1
1458 0
1459 1
1460 1
1461 0
1462 1
1463 0
1464 0
1465 1
1466 1
1467 0
1468 0
1469 1
1470 0
1471 0
