1491
1790
1076
1958
1067
972
2543
1585
371
1409
2829
1309
1328
1929
2053
287
785
2469
639
1015
2660
2406
412
2439
88
515
2190
498
1549
653
1422
1608
1846
1012
186
1417
597
19
280
1007
2476
159
2272
2668
529
2766
1919
381
2283
1104
745
2416
1305
2026
1879
2529
1595
2043
1046
1010
1357
398
2425
222
1746
685
1356
283
863
795
2159
2585
881
2364
2067
1882
2393
2666
1698
630
2322
2570
1495
304
1957
836
758
1
1937
2856
141
1901
1348
519
694
859
1486
2129
1959
2153
690
2513
1627
215
1934
285
1679
1190
1306
142
2402
2568
1019
1915
1099
163
1173
1952
2764
1718
2175
772
2840
1051
2673
822
2752
406
1267
883
2456
587
1569
1290
2238
2778
346
1405
656
1494
1373
1080
259
1310
2051
1693
2857
1464
135
798
272
2290
13
2684
2126
1349
1214
1027
890
1529
536
1135
91
584
638
812
2107
505
2719
1556
2606
2702
2724
563
1362
2616
2898
96
1355
2742
2085
1441
2671
1519
1460
2933
2423
2207
2495
2593
520
777
2266
2372
344
2347
2886
1452
2018
1446
1237
2534
429
2424
2847
1131
1208
368
116
56
759
2803
2033
2547
1264
2835
205
181
2179
729
2781
2722
106
1913
1813
6
105
2356
2345
2623
1561
882
1782
2811
2280
2138
2882
2753
395
934
2418
391
1374
2806
1861
1511
1394
286
1117
9
1506
952
1224
1789
2819
2644
1626
1059
1421
850
1425
2617
1956
963
750
1731
1402
2709
2788
1964
1761
23
292
947
1138
264
2332
527
1663
153
1972
192
2837
1559
613
2748
1898
526
2354
1403
2674
2928
2267
170
2154
2769
2677
319
369
1288
303
1293
266
1601
1154
640
1371
2760
1775
2380
2038
652
1873
1737
1955
1921
2474
1719
1218
1723
1031
2293
824
1605
7
2795
237
969
2689
1756
1677
1006
661
1469
372
2087
1590
2147
1297
2101
2664
2523
308
373
523
2203
862
109
260
2318
1575
1016
1089
2701
2412
2278
1649
1316
999
221
944
2655
421
1077
677
335
2665
617
784
376
2802
1375
2321
2727
1215
2667
1155
985
776
1572
2398
1696
2325
2127
2351
896
1618
2408
672
1599
2158
2446
2703
2771
191
2705
2838
1351
466
1169
1189
1990
2146
2346
1870
1048
1182
58
2377
2172
456
2247
2885
1082
1996
358
2827
95
2298
118
2417
834
2057
86
241
1332
1004
2160
1139
1199
734
2645
2654
2328
2562
1295
2625
2746
1327
390
2599
1503
55
1098
375
1413
1066
1344
1347
1165
2649
166
756
1866
1524
2010
1449
1799
423
1451
1587
1840
68
2492
1315
1188
131
808
1492
1539
1035
317
2307
2399
659
982
493
1339
2549
1088
1622
2924
2110
1073
1166
2166
1116
1607
177
762
1026
510
1993
2255
1119
2369
1949
667
2303
1387
2388
2825
1907
1212
1005
438
2263
363
1831
710
1982
2783
1320
550
893
2209
38
1786
2893
730
104
1568
2932
61
2048
2103
2343
25
2739
1241
121
1709
2796
2896
1185
2934
1308
655
2670
1483
2271
790
2880
2559
2563
2368
1075
161
1174
2514
1118
1399
243
2299
583
524
351
1772
384
560
2437
2284
867
2404
645
919
2470
1028
2313
2149
1156
2614
1086
1083
1352
1488
2300
870
333
871
2088
610
414
2862
1303
1121
1286
2658
838
581
367
1211
1920
2782
2695
1748
202
570
239
905
98
128
2224
2579
2152
2922
2334
2489
2532
741
2415
1930
1530
719
1484
2637
1682
1439
1579
888
842
1379
216
2411
74
2535
2042
2021
686
1872
1094
1598
2426
443
59
2241
2075
145
1886
853
1113
1111
150
1325
2242
2442
53
2901
894
607
1398
2189
198
225
2779
1302
1582
347
909
2681
2712
80
2433
1435
127
2591
486
2836
93
2099
1805
199
2505
2392
2732
735
1122
226
2801
2337
2435
92
2524
1096
895
455
2918
1365
1669
1652
2253
2731
1453
629
1312
2587
1809
2720
309
2478
1847
254
1002
64
606
2016
2349
740
2636
2798
2895
1917
2501
112
2525
180
1581
1736
2214
791
1951
2452
715
469
1630
453
1472
926
129
811
1860
2773
992
1645
385
1922
119
1129
1198
1727
1420
1903
311
1136
2287
2091
2236
2888
723
752
480
1424
846
1906
779
898
1023
1423
195
230
196
2832
2503
899
819
1043
2537
322
714
1058
2144
2223
1535
1896
754
2030
1527
108
2640
425
1232
1863
1770
1593
2100
968
844
1609
1060
1994
1137
1892
2032
538
996
2479
1395
2820
1256
1072
1040
1610
1759
2387
2573
1493
2567
889
1928
922
439
733
350
2757
2629
1945
2286
1037
1726
2302
1471
1877
2430
2603
434
2448
2080
1635
2824
848
2193
2041
1163
1499
683
1039
2405
592
886
582
2150
1238
748
948
2025
1544
495
2288
2358
565
1180
709
2521
2176
509
2461
1656
197
2145
1542
11
54
1695
1995
1634
616
2745
2594
488
2475
1589
1818
959
868
2019
2362
158
2628
1150
535
2860
1134
2541
2370
341
2871
1065
2125
810
695
2333
2371
1715
2808
1729
981
1227
499
2610
1881
295
1797
635
938
1314
2875
447
1843
489
1216
1105
1865
953
551
2140
2384
576
508
2220
2219
2800
2920
2093
2353
44
1252
2265
993
107
465
1487
1408
20
580
2311
1210
746
1525
2142
675
174
1676
84
365
1341
1298
2906
2134
101
726
172
931
2113
833
2930
2422
2078
117
2270
2006
257
2775
267
2810
2672
1201
454
2239
90
1543
2676
2728
1081
537
1265
2109
404
1266
2711
27
130
1969
821
1576
1000
1240
1140
1171
388
1584
1187
2314
1432
1196
2864
2143
782
2483
1407
2188
29
718
2296
160
2390
1644
2155
2274
2329
1222
539
238
789
428
171
1987
464
2915
1794
1300
957
1780
227
2804
2685
2797
876
2199
575
2560
2170
564
1778
774
901
611
2201
2833
2493
1442
12
2717
688
2004
417
2097
521
2275
83
1984
323
1800
1844
1436
1262
1916
1739
1827
1159
247
269
1978
1183
2090
753
839
1404
164
2306
998
2130
975
1282
517
30
1776
2772
830
2177
1784
1858
1953
1053
595
1128
1830
217
467
1406
2342
2065
2427
1018
70
419
2216
879
1963
1233
173
1466
2630
1335
1700
2490
1703
866
1814
2754
1178
1049
717
1533
1359
1674
1151
588
642
357
636
1567
441
232
1562
34
760
2917
840
1103
2116
155
727
557
2691
670
1126
814
1655
589
2161
255
1551
967
2264
1948
2582
1235
320
1370
910
950
2646
603
1197
324
1091
532
2516
530
1832
1560
337
545
618
206
2540
1271
2632
2572
1024
787
623
2914
1552
2519
2045
79
2070
2522
2133
1614
2036
76
864
1891
1631
1536
1692
2604
73
2794
89
644
2488
218
2834
651
36
1194
124
662
1918
1354
2682
877
1927
1954
1900
2340
829
2069
2098
1925
1063
2148
354
457
2269
632
511
664
2929
334
622
282
2167
21
566
1688
1662
2003
1563
512
2210
2544
679
1620
987
1710
2553
1225
1097
1361
1515
736
2174
516
17
349
277
1161
2626
949
265
123
2196
1594
994
2538
1504
314
778
1342
1681
1826
1935
1724
1999
1583
1153
1418
2436
413
1961
1124
2619
1263
1437
2074
2276
2652
1522
2367
1606
2756
1333
1546
2791
1170
2740
724
1792
562
492
1735
1629
2938
816
599
169
528
1936
140
1816
2297
1852
300
422
2233
2156
2319
281
1147
2600
179
1671
2659
72
312
2400
823
271
1311
2056
2339
136
554
1653
229
721
1220
678
1845
701
2583
646
1478
1732
2718
2743
313
2182
983
2926
1779
2094
751
2663
1213
1345
2066
1193
244
2916
1476
1801
2141
1146
1793
1806
273
1960
1547
2120
366
1509
2121
2633
1685
270
2487
2730
1624
633
518
2569
2499
601
2768
937
1411
231
2608
980
1160
1673
291
370
474
2941
1340
1708
207
1933
1393
154
1711
704
1643
2081
2925
2450
1369
1874
847
1301
979
703
1523
1255
1894
134
2250
891
928
2420
809
1381
2215
2396
2693
1823
1044
2002
1531
133
1127
483
1412
294
1883
2876
168
2601
1980
185
1468
261
1068
2044
725
1433
327
1274
188
2707
2341
485
1438
933
2012
1947
1944
763
1545
1973
219
204
51
2897
2186
1034
2765
2755
2683
2686
85
702
2237
1985
1646
401
1041
556
936
2273
2037
2861
2790
766
1202
1142
872
1334
731
1346
1427
2184
1261
1366
2692
932
2923
2597
1384
1541
1390
2620
113
2747
2902
2624
1011
712
2907
2385
1672
769
2714
1061
1450
897
1114
433
258
2584
997
977
1869
1485
2687
615
2455
184
815
2699
911
400
976
2428
144
2178
2409
190
63
1791
2844
2592
389
2913
1294
966
2872
2546
1623
1448
165
1014
1577
1983
183
224
1641
1965
757
1112
2852
416
1977
2574
1638
2443
1988
1204
1788
1184
2936
1410
1462
2552
974
986
1143
355
841
2195
442
2438
2119
654
680
628
2858
332
1221
2432
887
737
336
5
1181
2784
2809
2575
1706
448
1258
338
2104
851
2520
1596
2244
696
525
1514
380
2165
561
2092
491
2458
1817
1444
1747
1426
609
302
916
573
1498
8
137
2651
449
513
2578
497
2463
2049
781
2908
1762
1132
1992
1767
1239
379
2821
2653
2679
32
2222
278
1324
2517
2571
2391
605
1323
2071
2169
2528
1251
2386
2473
326
2047
2859
1911
2851
2761
321
1815
612
600
2734
2031
2261
1273
533
1619
1859
2382
775
120
187
288
1489
2059
377
1228
2822
2083
2741
2863
1749
2073
1457
2850
10
2815
1888
620
2105
1868
1330
2675
1773
2240
923
343
2001
290
200
2843
1191
299
387
1284
139
1760
1943
1744
22
1774
2060
1291
15
912
1508
1042
2776
2135
0
594
2877
1893
942
1678
2064
2262
549
1910
1475
4
716
2114
500
450
2887
2181
705
1186
1050
761
2123
2894
805
2586
2777
2281
1875
1243
2084
2841
1838
708
572
2449
1853
558
1728
1904
2515
1897
2491
884
1307
2561
1684
728
2530
693
1841
490
1246
1889
793
2139
2039
1250
2248
2680
869
46
711
2460
2866
2642
828
330
162
328
634
2163
1070
827
2609
1687
2486
943
2576
1597
405
614
325
1095
2507
930
284
2527
437
739
1550
2867
103
1200
1689
2122
408
951
1380
2805
765
1633
2723
1459
2360
1416
2899
203
2301
831
1812
1001
956
2588
1505
2221
2662
75
920
1501
432
671
1821
907
1275
478
1720
767
874
316
484
1071
436
1157
2320
1360
2017
567
1781
242
329
2212
1573
544
1946
2708
415
1480
1716
1616
383
1465
2812
2889
2611
2137
918
2831
2058
42
2168
2919
1396
1871
1008
2310
1168
2308
803
2401
2317
2890
1022
1133
2726
684
2230
2217
2589
463
2444
1090
658
1733
689
67
348
807
1512
2243
2046
2641
1810
857
1030
2842
45
1093
2631
591
2015
2394
2323
892
1162
1795
2095
2034
1391
2870
1175
1848
1659
1740
503
681
747
2294
2509
1864
698
843
2694
245
356
1588
1558
1753
458
2721
906
577
359
2900
2657
1120
1285
276
1108
352
250
1350
2613
1482
340
845
2431
1414
122
1069
1738
2013
2494
946
2715
2397
771
2502
430
804
2716
1722
1084
2912
345
2183
1997
362
1850
2713
2881
249
1206
880
813
578
2557
825
2733
878
1507
2698
2749
1580
2845
1296
1229
407
1382
1675
1665
764
2853
1742
742
50
1343
1602
1322
1926
917
960
1400
1697
1621
41
2556
940
2316
60
1516
1752
194
1763
2710
1164
451
2231
1932
903
2598
2131
1358
1479
2868
2807
1289
37
1100
2252
902
2112
2023
1467
1603
945
1962
973
2879
2759
1145
2365
81
604
514
1876
2621
1648
991
1639
2162
2548
102
3
796
1640
2035
1785
608
2459
1234
1942
637
462
788
1825
1337
1855
1658
305
1473
1445
2235
542
2770
585
1497
692
1125
586
1326
1376
1205
402
2737
1931
1192
2187
1667
446
1299
1600
2480
2785
2581
2451
2551
1566
31
2029
2464
2615
2
2348
1713
2020
546
440
396
2481
1981
2378
1803
1017
852
2531
593
647
482
418
2536
1851
2445
2185
1038
1625
399
970
49
2661
820
574
1829
18
2226
1149
1313
797
669
1765
78
1974
2232
2375
1808
2291
1101
1338
1540
1281
318
1278
921
364
1557
1087
2622
274
2511
1372
459
744
1502
2027
908
2211
2506
2607
964
475
2173
2792
915
147
1553
2497
473
1470
2883
2089
649
2309
2612
2128
547
2848
1548
1009
2627
1683
1714
374
2690
2344
1056
1538
33
682
2471
1419
1130
955
1047
1899
598
2008
531
26
1699
99
2814
2533
2826
1717
2292
1245
2526
1754
1704
2234
71
2565
2647
1353
424
1517
1758
1660
236
87
152
251
770
619
1725
817
1279
706
1636
2508
925
2554
2022
2504
1909
2132
496
342
1431
2413
2246
802
1702
2903
1912
2115
2786
2787
176
394
1811
1707
590
663
665
1397
2550
1828
1521
860
2558
2379
2111
431
1968
403
854
2251
2634
2763
2374
1013
1741
1385
1207
1057
1819
1836
2359
1481
1367
2441
82
1862
2395
1148
1612
2124
2040
2171
806
2305
631
1970
1074
1219
397
1940
2873
2462
2204
1771
2539
209
1941
2485
626
2257
2200
392
596
1109
2256
1223
1701
77
954
167
1020
114
2635
2910
1637
2014
1766
201
1950
52
234
2545
138
2937
2197
182
1377
1195
240
1033
256
800
2068
1534
149
1363
553
1319
2376
94
1474
856
2229
445
1036
1230
699
657
2389
2643
720
865
2751
666
1751
2289
989
1388
115
1664
2909
97
743
2072
2440
643
2688
2330
713
253
837
755
1822
57
1591
2884
2927
707
1651
62
2227
1971
143
223
504
2878
279
2577
1158
1064
1976
35
14
65
2518
2555
1500
1628
2228
1777
2678
1440
832
555
494
1571
2758
2818
246
1392
738
2285
1887
1054
1670
1463
1878
111
2849
1650
2079
2062
2218
2304
306
2192
2457
2136
125
2921
2669
961
1248
39
339
1647
1991
175
1668
927
2648
1513
1750
913
569
1721
2268
2312
1458
2000
2762
361
2744
1115
1998
818
1106
1107
1613
157
929
452
978
2007
2564
579
1152
1880
471
1574
2205
1055
100
2151
1798
2767
2361
1734
2213
855
1317
2750
1123
501
1769
826
1565
1986
331
2355
228
2324
1905
2650
2696
214
2208
293
1045
1490
1654
627
792
2245
625
995
2357
2082
2813
2259
1368
2157
2206
1642
2477
2817
1680
571
2500
2277
2009
1835
2905
156
1908
275
461
697
1292
1555
1615
673
1834
2366
1849
965
1389
353
252
2063
2874
47
410
1176
151
1336
2096
1578
2453
110
2466
2472
2602
1144
559
1884
2855
2656
939
1172
1730
1401
1820
148
189
885
2869
1304
1757
1914
1085
2590
1833
1329
1939
411
1586
2249
2117
1796
1021
941
69
1804
2725
126
2484
2028
1924
1079
2799
2410
210
1179
1768
2605
624
2846
2118
1364
1167
1694
386
1537
296
1443
540
1564
2828
1938
2704
2774
1686
1430
660
220
2454
1062
1867
502
444
2542
2352
799
543
2421
382
602
2939
2102
548
1617
1854
212
722
2697
301
962
2465
568
1277
2789
1032
1078
2327
794
1321
2618
1268
1764
1842
477
2373
1690
1526
2904
40
988
2055
211
1691
310
1244
2076
861
472
307
268
1611
1666
427
262
298
2164
2467
552
2700
1461
1712
1209
1979
426
1967
904
2086
233
208
1518
1705
1902
924
668
1496
641
2050
1052
1434
2510
132
1455
1528
476
248
1554
2839
1253
1923
2258
1029
2336
460
1837
2414
1885
522
648
1249
2077
691
1839
1783
146
2738
2512
2580
193
1429
1177
2447
2326
2315
2254
1787
768
2823
650
16
1989
2854
1570
749
1110
1236
360
470
28
1217
2331
2865
2496
2419
468
435
1661
2061
1532
2434
2383
801
378
1226
1510
971
1755
2429
1802
1102
43
914
1203
2706
1141
2054
875
849
1260
990
1520
958
66
479
2282
835
2830
534
1604
1272
1254
1632
1447
2024
1242
2279
481
2202
2639
2595
2260
1287
178
1269
1257
1378
2780
1259
2892
1247
1025
2108
2468
1807
2482
984
2403
420
213
773
2816
732
2407
1092
2931
700
2638
2191
2911
2052
676
2736
507
2940
1386
1745
1283
935
2350
1428
235
900
409
1890
1003
1477
873
2498
1657
2335
541
2338
1415
2198
2891
1231
1824
2011
2596
2935
487
1276
783
1857
2381
1743
1280
1331
1454
2180
506
2566
687
2363
2735
24
674
1966
1856
1895
858
1383
289
48
393
2295
621
780
786
2194
1270
2005
297
315
2106
2225
1592
263
1975
1318
2729
2793
1456

