1880
1442
855
1294
2522
1172
955
444
1070
2479
1146
2688
2826
2330
2581
2417
588
1652
687
582
2031
2369
1615
184
1026
302
351
2808
1200
2758
86
2394
212
1135
619
2865
1145
192
1395
2353
2591
379
525
1894
812
1985
2456
1458
2765
1433
989
544
1010
1185
458
237
2750
2421
1587
2611
556
857
1518
2077
2513
2538
1370
1025
1209
2539
424
783
437
2331
769
2841
1087
1220
2193
975
994
497
1313
1947
1810
2117
2727
448
2818
411
1579
2813
381
1951
517
2385
2130
1256
2257
1481
2131
144
524
833
552
961
2061
2315
50
1068
881
507
757
2732
75
774
2177
621
1372
2081
1333
2210
2498
1096
660
658
2893
514
2211
289
1326
1707
1765
2771
2730
56
1797
1051
2213
2547
297
1935
2781
2782
587
1118
1424
2112
316
923
1888
1406
2821
627
2676
1525
739
2100
2368
1546
2199
2786
1696
2301
1119
1181
2145
2503
1396
349
1918
1687
103
1763
637
1818
484
243
1991
1253
2799
2788
392
270
1418
1490
456
1815
2409
188
542
2146
1046
2733
2620
368
2752
1233
1785
479
2329
2649
495
623
1344
2632
1747
947
2566
2201
2933
1133
516
1400
1642
1762
472
2871
467
1214
1152
382
1533
2525
1962
1482
810
2086
149
639
1155
945
2938
2647
2065
1278
1653
2057
481
2110
1235
279
2230
1387
803
2469
870
986
1105
1064
865
40
707
2836
672
483
9
70
2689
2812
1812
2746
1848
0
2015
454
2090
1905
2313
1679
2013
765
1551
1252
1020
2485
2535
963
1308
159
1123
987
46
2242
1865
626
2000
109
1306
1964
1098
2234
2896
560
2445
1953
1261
398
2595
399
2233
361
1593
167
1415
1955
2534
430
612
727
1921
1371
180
1329
2629
462
1577
1990
859
1636
134
2875
1131
1936
331
226
1713
2863
2058
651
2122
2845
482
2848
246
1783
1110
1398
2472
2188
1431
216
1124
1967
946
1805
2393
1910
2819
1179
2747
155
140
768
652
1582
1915
157
1445
598
1872
1176
2824
2346
2853
1257
2711
2246
347
2250
697
611
2082
702
2322
2359
269
2292
1350
1799
2743
119
930
1390
958
2889
8
882
904
2652
1833
1511
380
2132
2011
1566
868
1592
2887
292
2644
2737
51
1937
2840
1867
1792
1648
1718
2008
334
2097
1473
194
15
332
2692
1712
2558
2345
1811
1904
1541
1960
35
1767
2232
1864
1035
1039
1167
313
886
2306
1517
2463
653
1435
749
317
2762
2283
953
2852
831
96
2779
1389
1267
2209
746
2222
2454
173
2860
912
847
447
1514
2291
290
2333
527
1861
1841
1800
773
822
1316
2091
304
487
2698
1310
2524
254
1890
341
885
2669
2290
354
1384
2455
1019
2684
2784
776
2200
1958
1363
966
1643
1624
2461
2075
258
1491
1717
143
2307
862
907
2124
2187
509
638
593
1940
2403
2884
2462
5
2627
1943
1661
328
417
1840
1069
2120
1211
1270
1887
1675
1835
2831
284
1201
185
1603
1849
2062
2089
884
1375
2114
654
2868
1851
2401
1197
1978
1705
276
871
2426
1535
1822
2221
266
401
1084
2088
37
445
513
2849
499
553
164
1901
613
1602
754
2362
1591
208
198
1730
1379
2654
1330
1127
358
2216
1378
1565
1972
2392
2395
2729
1186
1282
2664
2038
224
2673
1421
2477
2442
195
485
529
1487
1031
2458
817
1498
1913
1777
141
2783
71
221
1526
1626
2930
880
62
1852
2657
1870
2121
723
1104
263
2666
942
200
1583
1973
2202
915
1572
493
80
1694
1173
1365
1305
2380
2460
2753
2528
2693
206
2134
603
2529
124
100
2886
2179
940
2186
2139
1544
2616
61
2388
596
2492
2642
571
1750
2361
2739
1545
993
2723
1024
1948
914
1543
985
2051
600
2607
1420
625
2506
1920
1760
2512
2622
2225
465
281
561
2857
2164
2476
29
2661
2898
1347
874
1970
640
1411
1722
853
85
1515
2550
2572
2780
428
460
2802
1897
715
970
1562
779
2774
2637
2206
2555
896
832
1364
2256
759
733
2282
1794
647
2740
2358
325
2837
166
2411
1106
230
1982
496
2341
926
950
805
2276
778
1441
2447
1091
1507
2708
2520
104
1318
2079
1271
2158
488
1500
1348
2419
1928
808
1827
2710
1564
393
1139
2113
2441
590
819
2190
1475
1457
1231
2338
504
2185
1734
1804
2349
2500
477
285
864
1034
2006
436
1617
2702
2551
1505
207
576
356
731
2342
222
614
2766
2133
23
162
1829
972
1786
1745
1739
1992
1425
2596
2240
308
1847
944
2594
2350
1877
956
2941
1334
1808
2391
391
438
508
151
489
307
248
2048
1255
2497
53
174
419
1819
1754
1570
872
1113
321
2748
1366
800
459
2694
689
1914
1501
724
1857
968
2111
532
2428
2846
1324
181
2169
1492
2672
2444
546
2699
1620
2027
403
1208
1732
1744
1528
434
1646
1945
376
1426
1547
1000
887
471
628
2040
2532
34
1791
2467
744
1571
229
1923
699
1996
617
2602
701
2862
1831
775
1966
1164
1061
217
2348
1881
1975
565
1215
1094
147
2696
301
203
845
252
2383
2285
1820
974
1184
2205
190
858
2312
1600
2797
2045
1691
877
2294
2928
2870
2874
422
700
1301
7
348
1265
2041
66
2561
49
374
2640
2685
876
825
2738
2140
2351
2545
1381
2063
893
551
470
2554
116
921
738
933
406
2017
2288
457
772
676
2663
920
670
1789
643
2902
1761
2553
1044
1241
1170
2921
2032
2880
1710
983
1709
455
1716
1523
453
2834
2243
1609
1452
1287
2236
605
1262
952
1079
1405
2375
1934
320
1764
1222
123
259
2502
680
14
1321
1522
927
89
2582
2364
1554
26
1657
364
2541
2078
1419
806
785
1886
2084
234
2399
413
601
1177
1240
2029
1641
792
1196
333
2549
2530
2105
2542
1942
1759
2909
1388
2879
79
2334
2332
2796
2920
1774
692
2579
756
1
2615
67
2919
2024
2457
2827
2851
2505
1863
24
2939
12
2287
1537
2491
158
2916
2214
1221
2817
2861
2929
604
1353
1821
1463
1377
895
2321
2810
1443
1438
480
992
2603
2511
2544
2208
1581
1706
2269
1946
115
2575
2866
2913
2725
2416
1299
1693
1359
41
2176
1016
762
1983
505
2068
2474
1772
521
1845
1394
4
541
2367
1574
1575
172
1275
2043
2606
137
1876
1980
322
1775
409
131
2527
1195
1358
710
2253
2296
2424
306
225
1082
720
1922
925
1446
2761
1292
2298
2807
1688
1286
2489
1276
1665
2295
1311
1356
1873
1878
1988
1029
2264
1513
1644
1768
1043
2592
1987
1138
1834
691
2842
2072
429
1206
498
1793
1770
30
182
2028
755
189
1771
1432
2719
547
804
74
2203
1212
2756
310
1597
1140
2583
2798
1207
423
2586
2080
515
1826
1422
1527
2613
2590
686
2035
2626
2438
2056
1077
1191
1671
897
2858
1949
574
1269
220
2144
2537
982
2323
747
965
797
231
645
2071
636
2070
1895
2277
1342
1476
2420
204
2557
2160
1130
766
111
767
2092
2372
2396
2340
271
1336
2300
2548
2584
2244
1828
283
1165
1721
1168
595
2923
2484
567
2536
1601
602
2712
2742
6
2042
1874
2795
1479
1281
1997
1782
2587
1243
2317
1238
2434
708
1916
848
721
681
2926
917
122
1667
1837
1351
244
2464
420
1244
830
2776
1397
1004
630
820
1854
1006
2631
346
1085
1049
533
1637
2894
385
2682
365
1664
1607
606
976
2033
2355
1413
486
1062
1033
2600
1323
1909
909
566
1494
1614
1788
599
397
2406
1335
223
2374
1018
1650
1681
1063
2815
2095
2450
2404
2196
718
811
1450
1999
795
2675
2439
695
2650
818
1993
38
278
2376
1832
841
101
2589
1846
1468
339
2680
1339
2556
2754
33
1021
1385
1925
2659
1956
186
2918
2021
2275
1616
452
2106
979
973
1368
2069
902
1595
360
1436
575
826
2504
1726
888
2109
1911
2787
2847
1086
1480
562
1073
2034
1701
163
2565
1290
1941
2800
2238
323
1117
2314
1869
528
1154
275
1454
620
1434
88
2822
1807
938
1677
705
1114
1824
1662
995
2009
1239
1682
782
2643
2248
387
2599
1439
2859
1695
1882
649
2683
2728
1629
1188
2877
1510
597
55
1729
2207
1349
1989
807
286
753
1974
2142
1437
1779
2378
2770
1590
2601
2760
2085
1471
935
2423
1054
793
2126
1954
1976
734
1178
82
2915
2271
1678
2104
2905
669
2280
249
1448
1843
579
2546
1409
2239
2911
2828
1015
1449
616
1190
21
213
951
345
262
48
543
1226
823
1737
1496
400
1090
1162
554
682
183
2717
2515
608
1692
32
1926
962
814
280
1778
1237
2521
2778
996
2263
878
796
1628
555
125
474
84
737
1647
2389
2365
98
1417
1638
1032
47
2623
990
2925
1814
1668
227
948
2922
135
518
522
664
1633
2094
367
236
2198
2149
2667
1929
1584
446
209
2405
312
758
2226
228
2151
1210
1497
133
988
139
2562
2493
2715
161
1174
501
2854
138
1414
362
494
1023
1042
1622
854
1083
1332
957
176
824
2466
245
2653
631
1327
1331
1102
659
2195
1095
743
384
960
1634
698
1380
335
2552
2835
1908
303
2721
2936
1258
2604
1182
2801
2344
2039
442
1585
1781
19
1868
890
27
2700
1542
268
635
1755
2830
1801
1561
1998
2614
1483
780
1137
2514
2716
113
1284
1613
1656
2510
118
435
2324
910
1266
2903
685
1048
1081
526
2612
2316
78
661
977
899
1373
1219
2656
696
1045
2125
984
1598
1249
2470
99
2709
892
2429
1532
2651
693
502
2578
750
837
2371
2891
578
844
1959
1683
372
1320
2726
2299
117
1056
2533
377
94
1499
1159
1132
889
1889
2327
1879
1302
1504
2019
1382
120
2448
2192
2704
2163
742
293
2260
1430
719
2679
396
2904
1198
558
389
2414
572
867
1700
52
1107
1352
2412
2580
2325
2175
426
586
999
1300
2308
2237
726
850
2559
2347
265
1862
366
2655
770
2231
2648
2453
1404
2509
667
1092
1506
371
712
569
218
2335
1148
1907
906
842
506
2526
1472
2191
801
1289
2805
2354
2074
1129
150
1293
2881
2218
1742
107
1260
2049
1979
863
1392
573
1604
1453
1723
1268
491
2480
22
534
851
2516
964
1924
1160
536
2701
2769
2608
1429
170
2
646
112
1640
971
450
1309
1341
215
1502
1752
545
267
1115
1632
592
673
725
492
523
503
671
2197
1461
378
2390
431
2352
618
1427
54
240
2241
1447
2804
703
77
1009
336
771
2141
519
214
2274
2154
1560
309
2825
1066
2180
353
549
510
1153
2573
2165
861
1702
2265
2744
829
622
787
1896
607
2772
2571
1659
943
1109
2010
2408
2014
1142
898
2136
1451
2478
1484
2633
463
315
1007
1157
129
741
2777
1917
44
295
1223
704
473
577
1224
550
919
1589
296
1060
918
1362
2252
674
2030
711
1903
761
106
196
128
1884
1853
97
127
11
1784
171
1906
873
1733
568
1612
1961
794
342
1540
1428
3
879
1298
648
580
337
2897
2449
2227
2452
2488
451
2789
1141
1838
1795
305
2624
1180
2686
2183
1247
102
76
1485
2867
63
1971
256
2605
1158
2910
2671
764
2410
1549
1875
2755
1008
288
1466
2576
2267
36
1816
1885
1407
2543
2785
132
2718
981
1280
2363
2473
1559
1836
2326
1288
1649
1957
2519
967
2379
678
1403
2320
359
2482
175
728
177
2189
1204
2518
2628
2370
1038
1736
520
1355
1672
1883
1968
584
1619
2588
1776
2741
2377
1594
1315
1097
644
1383
2046
1550
903
1229
2856
2882
1187
2247
87
2407
2303
2814
932
2843
16
1272
2757
1203
468
2574
1621
2037
591
1635
2917
90
939
1058
476
1728
2560
253
688
2138
2108
1307
2087
905
2309
581
1136
760
469
388
1246
1798
1605
2387
2703
1217
1578
2610
2705
421
2459
264
1825
2339
1676
299
1753
852
1639
2050
1520
1037
2767
2012
160
706
1462
2418
199
1369
146
2067
1749
2775
1703
2343
1065
2007
748
2381
1743
2892
2143
2055
1346
1126
165
1440
105
2119
2278
2630
2137
2356
1325
1277
43
1963
730
1194
2899
1002
1283
2660
1459
1855
2360
1684
1338
1539
2713
2036
594
2496
68
187
327
1205
2305
557
1674
1080
1627
136
1076
1460
2487
2054
1553
629
1708
2220
1741
1555
2052
386
1860
404
1250
18
2096
1939
235
2443
1931
1078
931
1169
1715
788
2593
2791
2184
1530
1254
1536
1285
2016
1469
2523
363
1017
1625
1534
908
1610
390
2690
2435
675
2366
2261
1416
1040
1116
1088
466
13
559
2386
610
2677
2173
2270
1213
1464
2662
2621
2004
2259
490
425
2128
1725
2284
2734
126
1670
1660
2099
1556
1686
1101
2422
1930
849
1036
45
2773
1202
1296
2794
839
1663
1071
828
2792
2486
537
1171
2850
121
1151
2020
2901
1470
1295
478
1823
2373
2890
2883
1225
1027
2625
1984
373
179
383
530
2431
2337
2885
959
2517
900
1193
2598
2281
1738
1322
609
615
1698
657
1871
802
784
2025
326
1303
1012
2053
2619
2155
2076
2279
1552
2304
2499
1120
405
247
2706
1727
1567
350
1932
1236
1950
2844
2724
255
570
1386
2490
69
300
2044
1361
1756
2286
1891
2254
210
1183
2540
72
211
2937
563
1108
2430
191
1291
2471
1900
1134
233
2563
402
1569
901
168
92
729
827
1766
1367
1263
57
2003
924
656
432
1230
1477
684
2833
1100
2508
2289
2150
1724
789
1189
343
2759
816
1057
835
2940
2618
1933
410
2681
394
2768
714
500
1486
1467
2001
745
663
395
2161
1568
2066
2182
665
2687
1340
634
261
2864
2564
834
2806
583
2357
193
2328
2148
2446
978
1965
722
1150
2567
564
1769
95
1690
2634
1720
840
1317
205
412
2436
735
1121
2157
1013
2597
427
2720
2636
2934
843
632
108
1666
2002
936
277
2494
1599
1866
740
330
2433
821
1041
443
28
2820
1005
1711
1645
2194
2641
2665
538
83
2174
949
2215
1969
1022
1680
440
2219
93
875
42
2736
2924
433
786
2914
1714
357
156
1067
690
751
2310
535
352
1343
416
2127
1893
1003
2103
2101
2083
197
2495
1596
369
2093
2707
2425
1099
1892
2115
2816
1011
2167
1147
81
1669
2638
17
883
314
219
540
145
2400
1259
1977
439
916
1952
866
1757
894
1631
2262
1273
1758
355
2413
934
1059
2635
2668
2697
2749
1516
10
2293
2646
1803
1218
2645
2272
287
2297
1345
2235
2162
838
1360
1297
1156
655
2839
2171
1623
1216
911
2483
1981
2568
1089
1611
1478
1456
1509
1986
169
2678
2475
2617
291
2415
736
91
1842
2204
928
1524
2935
941
2531
1444
461
2873
415
2803
142
31
2745
2152
1028
2751
1144
1264
2869
980
641
716
1685
666
2382
1192
1488
1898
679
2251
1751
260
2398
1163
1122
250
1304
1374
2451
2098
239
1399
2876
1503
1519
2427
311
1393
1143
1576
2172
242
713
1014
2855
2059
2166
1531
2639
2268
1780
1919
2731
1817
1858
178
809
991
891
2181
464
60
1075
2658
152
2507
512
1719
2465
1474
913
2670
338
1704
340
798
232
969
1859
1512
2790
624
130
1809
856
1093
1927
2336
2255
1161
763
65
1938
2159
2811
1839
1538
2763
1748
73
2123
683
1337
238
1149
1376
64
114
1354
1548
1655
1410
20
1787
1232
201
1251
2397
1689
1166
1489
1128
319
58
2153
2570
2908
1072
2468
1806
1995
1175
2931
1314
2927
790
2577
1312
1558
2229
298
2888
272
511
1773
2026
2878
1055
1588
2228
2022
2319
799
1495
1199
1912
257
39
2793
732
1606
475
2318
1052
997
2005
2135
1401
1651
717
1580
1802
1465
1699
2900
1408
1850
1618
414
2440
1586
539
1790
2906
1103
1319
1573
2073
1902
1047
2432
662
2223
2178
2829
585
813
148
241
441
1001
2895
1944
2481
2266
449
2302
1731
781
2569
836
1245
937
1274
59
2714
1357
2156
1111
531
2023
1423
1899
1673
2722
273
2402
2245
2018
869
2212
791
318
153
633
2168
1844
922
2224
998
1608
1030
2273
709
202
2064
294
1563
2118
1125
2832
1328
694
1994
1242
668
1227
370
2912
2170
860
1521
1658
2585
642
2809
1248
282
2932
650
110
1740
2047
2872
1746
589
846
1856
408
1412
344
1053
329
2249
2060
2437
1112
2501
2147
929
2674
1391
154
1050
418
2691
2823
2907
815
1735
1697
2695
1654
251
1557
1074
1228
2116
548
1402
375
1493
1796
954
2311
2107
1279
2764
324
1630
1529
677
274
1234
1813
752
1455
2384
2838
777
2129
2102
407
2735
1508
25
1830
2258
2217
2609

