1 0
2 1
3 1
4 1
5 0
6 0
7 1
8 0
9 1
10 0
11 1
12 1
13 0
14 0
15 1
16 0
17 0
18 0
19 1
20 0
21 0
22 1
23 0
24 0
25 0
26 1
27 0
28 0
29 1
30 1
31 0
32 1
33 0
34 0
35 0
36 1
37 1
38 1
39 0
40 1
41 0
42 0
43 1
44 1
45 1
46 0
47 1
48 1
49 1
50 0
51 1
52 0
53 0
54 1
55 0
56 1
57 1
58 0
59 0
60 1
61 0
62 1
63 1
64 0
65 1
66 1
67 1
68 0
69 1
70 1
71 0
72 1
73 0
74 1
75 0
76 1
77 0
78 0
79 1
80 1
81 1
82 1
83 1
84 0
85 0
86 0
87 1
88 0
89 0
90 0
91 0
92 1
93 1
94 0
95 0
96 1
97 1
98 0
99 0
100 0
101 0
102 0
103 0
104 1
105 0
106 0
107 0
108 0
109 0
110 1
111 1
112 0
113 1
114 0
115 1
116 1
117 0
118 1
119 1
120 1
121 1
122 0
123 0
124 1
125 0
126 0
127 1
128 1
129 1
130 1
131 0
132 1
133 1
134 0
135 1
136 0
137 0
138 0
139 1
140 0
141 0
142 0
143 0
144 1
145 1
146 1
147 1
148 0
149 0
150 1
151 0
152 1
153 0
154 0
155 0
156 1
157 1
158 0
159 1
160 1
161 1
162 1
163 0
164 1
165 1
166 1
167 0
168 0
169 1
170 0
171 0
172 0
173 1
174 0
175 1
176 0
177 0
178 0
179 0
180 0
181 1
182 1
183 1
184 1
185 0
186 0
187 0
188 0
189 1
190 0
191 0
192 1
193 0
194 0
195 0
196 1
197 1
198 1
199 0
200 0
201 0
202 0
203 1
204 1
205 0
206 1
207 0
208 1
209 1
210 1
211 0
212 1
213 1
214 1
215 0
216 0
217 1
218 1
219 0
220 1
221 0
222 1
223 1
224 0
225 0
226 1
227 0
228 1
229 1
230 0
231 1
232 1
233 1
234 0
235 1
236 1
237 0
238 0
239 1
240 1
241 1
242 0
243 1
244 0
245 1
246 0
247 1
248 1
249 0
250 0
251 1
252 0
253 1
254 1
255 1
256 1
257 1
258 1
259 0
260 1
261 0
262 1
263 1
264 1
265 0
266 1
267 0
268 0
269 1
270 0
271 0
272 1
273 1
274 0
275 0
276 0
277 1
278 0
279 1
280 0
281 1
282 0
283 0
284 1
285 0
286 1
287 0
288 1
289 0
290 1
291 0
292 1
293 0
294 1
295 1
296 0
297 0
298 0
299 1
300 1
301 0
302 1
303 0
304 0
305 1
306 1
307 1
308 0
309 0
310 1
311 0
312 1
313 1
314 0
315 1
316 0
317 0
318 0
319 0
320 0
321 0
322 0
323 0
324 0
325 1
326 1
327 1
328 1
329 0
330 0
331 1
332 1
333 1
334 0
335 1
336 0
337 1
338 0
339 0
340 0
341 1
342 1
343 1
344 0
345 1
346 0
347 0
348 0
349 0
350 1
351 0
352 1
353 1
354 1
355 1
356 1
357 0
358 0
359 1
360 1
361 0
362 0
363 0
364 1
365 0
366 0
367 1
368 0
369 1
370 0
371 1
372 1
373 1
374 1
375 0
376 0
377 0
378 1
379 1
380 0
381 1
382 1
383 0
384 0
385 1
386 1
387 0
388 1
389 0
390 1
391 0
392 0
393 1
394 0
395 1
396 0
397 1
398 0
399 0
400 0
401 0
402 1
403 0
404 0
405 1
406 0
407 0
408 0
409 0
410 0
411 0
412 0
413 1
414 1
415 0
416 0
417 0
418 0
419 1
420 0
421 0
422 0
423 1
424 0
425 1
426 0
427 0
428 0
429 1
430 1
431 1
432 0
433 1
434 1
435 1
436 1
437 1
438 1
439 1
440 0
441 1
442 0
443 0
444 0
445 0
446 0
447 1
448 0
449 0
450 1
451 1
452 1
453 1
454 1
455 0
456 1
457 1
458 1
459 1
460 0
461 1
462 1
463 1
464 0
465 0
466 0
467 1
468 1
469 1
470 1
471 1
472 1
473 1
474 1
475 1
476 1
477 0
478 1
479 0
480 0
481 0
482 0
483 0
484 1
485 0
486 0
487 0
488 0
489 1
490 0
491 1
492 1
493 1
494 0
495 0
496 1
497 1
498 1
499 0
500 0
501 1
502 1
503 1
504 1
505 1
506 1
507 0
508 1
509 0
510 0
511 0
512 1
513 0
514 1
515 0
516 0
517 0
518 0
519 0
520 1
521 1
522 0
523 1
524 0
525 0
526 0
527 0
528 1
529 1
530 0
531 0
532 0
533 1
534 1
535 1
536 1
537 1
538 1
539 1
540 0
541 1
542 0
543 1
544 0
545 0
546 1
547 0
548 0
549 0
550 0
551 0
552 1
553 0
554 0
555 0
556 1
557 1
558 1
559 1
560 1
561 1
562 0
563 0
564 0
565 1
566 0
567 0
568 1
569 0
570 1
571 1
572 0
573 1
574 0
575 0
576 0
577 1
578 1
579 0
580 0
581 1
582 0
583 0
584 0
585 1
586 0
587 1
588 0
589 1
590 0
591 0
592 1
593 1
594 1
595 0
596 1
597 0
598 0
599 1
600 0
601 0
602 1
603 0
604 1
605 0
606 1
607 0
608 0
609 1
610 0
611 1
612 0
613 0
614 0
615 0
616 1
617 0
618 0
619 1
620 1
621 0
622 0
623 1
624 0
625 0
626 0
627 0
628 0
629 0
630 1
631 1
632 1
633 1
634 0
635 0
636 0
637 0
638 0
639 1
640 1
641 1
642 1
643 0
644 0
645 1
646 0
647 1
648 1
649 1
650 1
651 1
652 1
653 0
654 0
655 1
656 1
657 0
658 1
659 0
660 0
661 0
662 0
663 0
664 1
665 1
666 1
667 1
668 0
669 0
670 0
671 1
672 0
673 0
674 1
675 0
676 1
677 0
678 0
679 0
680 0
681 1
682 1
683 1
684 1
685 0
686 1
687 1
688 1
689 0
690 0
691 1
692 1
693 0
694 1
695 0
696 0
697 0
698 1
699 1
700 0
701 0
702 0
703 1
704 1
705 0
706 0
707 1
708 0
709 0
710 0
711 0
712 0
713 1
714 0
715 0
716 0
717 0
718 0
719 1
720 1
721 1
722 0
723 1
724 0
725 0
726 0
727 1
728 0
729 0
730 0
731 1
732 1
733 1
734 1
735 0
736 0
737 1
738 1
739 1
740 0
741 0
742 1
743 0
744 0
745 1
746 0
747 0
748 1
749 0
750 1
751 1
752 1
753 0
754 0
755 0
756 1
757 0
758 1
759 1
760 1
761 1
762 1
763 1
764 1
765 1
766 0
767 1
768 1
769 0
770 0
771 1
772 1
773 0
774 1
775 1
776 1
777 0
778 0
779 0
780 0
781 1
782 0
783 1
784 0
785 1
786 0
787 1
788 0
789 0
790 1
791 0
792 0
793 0
794 0
795 1
796 0
797 0
798 0
799 0
800 1
801 0
802 0
803 0
804 0
805 1
806 1
807 0
808 0
809 0
810 0
811 1
812 1
813 1
814 0
815 1
816 1
817 1
818 1
819 1
820 1
821 0
822 1
823 1
824 1
825 1
826 1
827 0
828 0
829 0
830 1
831 1
832 1
833 0
834 1
835 0
836 1
837 1
838 0
839 0
840 1
841 1
842 0
843 1
844 1
845 1
846 0
847 1
848 0
849 1
850 1
851 1
852 1
853 0
854 1
855 0
856 1
857 0
858 1
859 0
860 0
861 0
862 1
863 1
864 0
865 0
866 1
867 1
868 1
869 1
870 1
871 1
872 0
873 0
874 1
875 1
876 0
877 0
878 1
879 0
880 1
881 1
882 1
883 1
884 1
885 1
886 0
887 0
888 1
889 0
890 0
891 1
892 1
893 1
894 0
895 0
896 0
897 1
898 0
899 1
900 0
901 1
902 1
903 1
904 1
905 1
906 0
907 0
908 0
909 1
910 1
911 1
912 1
913 0
914 1
915 0
916 1
917 0
918 1
919 1
920 1
921 0
922 1
923 1
924 1
925 1
926 0
927 0
928 0
929 1
930 0
931 1
932 1
933 0
934 1
935 0
936 0
937 1
938 1
939 0
940 1
941 1
942 1
943 0
944 1
945 1
946 0
947 0
948 0
949 1
950 0
951 1
952 0
953 1
954 0
955 0
956 1
957 1
958 1
959 0
960 1
961 0
962 0
963 0
964 0
965 0
966 1
967 0
968 0
969 0
970 1
971 0
972 1
973 0
974 1
975 0
976 1
977 0
978 0
979 0
980 1
981 1
982 0
983 1
984 1
985 0
986 1
987 1
988 0
989 1
990 0
991 0
992 0
993 1
994 0
995 0
996 1
997 1
998 1
999 1
1000 0
1001 1
1002 0
1003 1
1004 0
1005 1
1006 1
1007 1
1008 1
1009 0
1010 1
1011 0
1012 1
1013 0
1014 0
1015 1
1016 1
1017 0
1018 1
1019 1
1020 0
1021 1
1022 0
1023 0
1024 0
1025 0
1026 1
1027 1
1028 0
1029 0
1030 0
1031 1
1032 1
1033 0
1034 0
1035 1
1036 1
1037 1
1038 1
1039 1
1040 0
1041 1
1042 1
1043 0
1044 0
1045 1
1046 1
1047 1
1048 1
1049 1
1050 1
1051 1
1052 0
1053 1
1054 1
1055 1
1056 0
1057 1
1058 1
1059 1
1060 0
1061 1
1062 0
1063 1
1064 0
1065 0
1066 1
1067 0
1068 1
1069 0
1070 1
1071 1
1072 0
1073 1
1074 0
1075 1
1076 0
1077 1
1078 1
1079 1
1080 0
1081 1
1082 1
1083 0
1084 1
1085 0
1086 0
1087 0
1088 1
1089 0
1090 0
1091 0
1092 1
1093 0
1094 1
1095 0
1096 0
1097 0
1098 1
1099 1
1100 1
1101 0
1102 1
1103 0
1104 1
1105 0
1106 1
1107 1
1108 0
1109 0
1110 1
1111 1
1112 0
1113 1
1114 0
1115 0
1116 1
1117 0
1118 0
1119 0
1120 1
1121 0
1122 0
1123 0
1124 0
1125 0
1126 0
1127 1
1128 0
1129 1
1130 1
1131 0
1132 0
1133 1
1134 0
1135 1
1136 1
1137 1
1138 0
1139 1
1140 1
1141 1
1142 0
1143 0
1144 0
1145 0
1146 0
1147 1
1148 0
1149 1
1150 0
1151 0
1152 1
1153 0
1154 0
1155 0
1156 0
1157 0
1158 1
1159 0
1160 0
1161 0
1162 0
1163 0
1164 0
1165 0
1166 0
1167 0
1168 0
1169 1
1170 1
1171 1
1172 0
1173 0
1174 0
1175 0
1176 0
1177 1
1178 1
1179 0
1180 1
1181 1
1182 1
1183 1
1184 0
1185 1
1186 1
1187 1
1188 0
1189 0
1190 1
1191 1
1192 1
1193 1
1194 1
1195 1
1196 0
1197 0
1198 0
1199 1
1200 0
1201 1
1202 0
1203 1
1204 1
1205 0
1206 0
1207 0
1208 1
1209 1
1210 1
1211 1
1212 0
1213 0
1214 0
1215 1
1216 1
1217 1
1218 1
1219 0
1220 1
1221 1
1222 1
1223 1
1224 1
1225 0
1226 0
1227 1
1228 0
1229 0
1230 1
1231 0
1232 0
1233 0
1234 0
1235 1
1236 0
1237 1
1238 1
1239 1
1240 1
1241 0
1242 1
1243 0
1244 1
1245 1
1246 0
1247 0
1248 1
1249 0
1250 1
1251 0
1252 1
1253 1
1254 0
1255 1
1256 1
1257 0
1258 1
1259 0
1260 0
1261 0
1262 1
1263 0
1264 0
1265 1
1266 1
1267 0
1268 1
1269 0
1270 0
1271 0
1272 0
1273 0
1274 0
1275 1
1276 1
1277 1
1278 1
1279 0
1280 1
1281 0
1282 0
1283 0
1284 0
1285 1
1286 0
1287 0
1288 1
1289 1
1290 0
1291 1
1292 0
1293 1
1294 1
1295 0
1296 0
1297 1
1298 1
1299 0
1300 1
1301 0
1302 1
1303 1
1304 0
1305 1
1306 0
1307 0
1308 1
1309 1
1310 1
1311 0
1312 0
1313 1
1314 1
1315 0
1316 1
1317 0
1318 1
1319 1
1320 1
1321 0
1322 0
1323 0
1324 1
1325 0
1326 1
1327 0
1328 0
1329 1
1330 0
1331 0
1332 0
1333 1
1334 0
1335 1
1336 0
1337 1
1338 1
1339 1
1340 1
1341 0
1342 1
1343 0
1344 0
1345 0
1346 1
1347 0
1348 1
1349 1
1350 1
1351 0
1352 0
1353 1
1354 1
1355 1
1356 1
1357 1
1358 0
1359 1
1360 1
1361 0
1362 0
1363 1
1364 0
1365 1
1366 0
1367 1
1368 1
1369 0
1370 0
1371 1
1372 0
1373 1
1374 0
1375 0
1376 0
1377 0
1378 1
1379 0
1380 0
1381 1
1382 1
1383 1
1384 0
1385 1
1386 1
1387 0
1388 0
1389 0
1390 0
1391 0
1392 0
1393 0
1394 1
1395 0
1396 0
1397 0
1398 0
1399 0
1400 0
1401 1
1402 1
1403 1
1404 0
1405 0
1406 1
1407 1
1408 0
1409 1
1410 0
1411 1
1412 0
1413 1
1414 0
1415 0
1416 1
1417 0
1418 1
1419 0
1420 1
1421 0
1422 1
1423 0
1424 1
1425 0
1426 1
1427 0
1428 0
1429 0
1430 0
1431 0
1432 0
1433 0
1434 1
1435 1
1436 0
1437 1
1438 1
1439 0
1440 0
1441 0
1442 0
1443 1
1444 1
1445 1
1446 0
1447 1
1448 1
1449 0
1450 1
1451 1
1452 0
1453 0
1454 1
1455 1
1456 1
1457 0
1458 1
1459 0
1460 0
1461 0
1462 0
1463 1
1464 1
1465 0
1466 0
1467 1
1468 1
1469 1
1470 1
1471 0
