1 1
2 0
3 0
4 0
5 0
6 1
7 0
8 1
9 0
10 1
11 1
12 0
13 0
14 1
15 0
16 1
17 1
18 0
19 0
20 1
21 0
22 1
23 1
24 1
25 1
26 1
27 0
28 1
29 1
30 0
31 1
32 1
33 1
34 0
35 1
36 1
37 0
38 0
39 0
40 0
41 1
42 1
43 0
44 0
45 1
46 1
47 1
48 0
49 0
50 0
51 0
52 1
53 0
54 1
55 1
56 0
57 1
58 1
59 0
60 1
61 1
62 1
63 0
64 0
65 0
66 1
67 1
68 0
69 1
70 1
71 1
72 0
73 0
74 1
75 0
76 1
77 0
78 0
79 0
80 1
81 0
82 1
83 0
84 0
85 0
86 1
87 0
88 0
89 0
90 1
91 1
92 0
93 0
94 0
95 1
96 0
97 0
98 1
99 0
100 0
101 1
102 1
103 0
104 0
105 1
106 1
107 1
108 0
109 0
110 1
111 0
112 0
113 0
114 1
115 0
116 0
117 0
118 1
119 0
120 0
121 1
122 0
123 0
124 1
125 0
126 0
127 1
128 1
129 0
130 0
131 0
132 0
133 1
134 1
135 0
136 0
137 1
138 0
139 1
140 0
141 0
142 0
143 0
144 0
145 1
146 0
147 1
148 1
149 1
150 0
151 1
152 0
153 1
154 0
155 0
156 1
157 1
158 0
159 1
160 0
161 0
162 1
163 0
164 0
165 1
166 1
167 0
168 0
169 0
170 1
171 1
172 0
173 1
174 0
175 0
176 1
177 1
178 0
179 0
180 0
181 0
182 1
183 0
184 0
185 1
186 1
187 1
188 0
189 0
190 1
191 0
192 0
193 0
194 1
195 0
196 0
197 1
198 0
199 0
200 1
201 0
202 0
203 0
204 0
205 1
206 0
207 0
208 0
209 0
210 0
211 0
212 0
213 0
214 1
215 1
216 0
217 1
218 0
219 0
220 0
221 1
222 1
223 0
224 1
225 1
226 0
227 0
228 0
229 1
230 1
231 0
232 0
233 1
234 1
235 0
236 1
237 0
238 1
239 0
240 1
241 1
242 0
243 1
244 1
245 0
246 0
247 1
248 0
249 1
250 1
251 0
252 0
253 1
254 0
255 0
256 1
257 0
258 0
259 0
260 1
261 0
262 1
263 0
264 1
265 0
266 0
267 0
268 0
269 0
270 0
271 1
272 0
273 0
274 0
275 0
276 0
277 0
278 0
279 0
280 0
281 1
282 1
283 0
284 1
285 1
286 0
287 0
288 0
289 1
290 0
291 0
292 0
293 0
294 1
295 0
296 1
297 1
298 0
299 1
300 0
301 1
302 0
303 0
304 1
305 1
306 0
307 0
308 1
309 0
310 1
311 0
312 0
313 0
314 1
315 0
316 1
317 1
318 0
319 0
320 0
321 1
322 1
323 0
324 1
325 1
326 0
327 1
328 1
329 1
330 0
331 0
332 1
333 0
334 0
335 0
336 0
337 1
338 1
339 0
340 1
341 1
342 1
343 0
344 1
345 1
346 1
347 0
348 0
349 0
350 0
351 0
352 1
353 0
354 1
355 0
356 1
357 1
358 0
359 0
360 1
361 1
362 1
363 1
364 1
365 0
366 0
367 0
368 1
369 0
370 1
371 0
372 1
373 1
374 0
375 0
376 1
377 0
378 0
379 1
380 1
381 1
382 1
383 1
384 1
385 1
386 1
387 0
388 1
389 1
390 0
391 0
392 1
393 0
394 0
395 1
396 1
397 0
398 1
399 1
400 1
401 0
402 0
403 1
404 0
405 1
406 1
407 1
408 0
409 1
410 1
411 0
412 1
413 1
414 0
415 1
416 0
417 0
418 1
419 0
420 0
421 0
422 1
423 1
424 0
425 1
426 0
427 0
428 0
429 1
430 0
431 1
432 1
433 1
434 0
435 0
436 1
437 0
438 0
439 1
440 0
441 1
442 1
443 1
444 1
445 1
446 0
447 0
448 0
449 0
450 0
451 1
452 0
453 0
454 0
455 1
456 0
457 0
458 1
459 0
460 1
461 0
462 1
463 1
464 1
465 1
466 0
467 1
468 0
469 0
470 0
471 1
472 0
473 0
474 1
475 0
476 0
477 1
478 0
479 0
480 1
481 0
482 1
483 1
484 0
485 0
486 1
487 0
488 0
489 1
490 0
491 0
492 0
493 0
494 1
495 0
496 1
497 0
498 1
499 1
500 0
501 1
502 1
503 0
504 1
505 1
506 0
507 0
508 1
509 0
510 1
511 0
512 0
513 0
514 0
515 1
516 0
517 1
518 1
519 1
520 0
521 0
522 1
523 0
524 1
525 1
526 1
527 0
528 1
529 0
530 0
531 0
532 0
533 1
534 1
535 0
536 0
537 1
538 0
539 1
540 0
541 0
542 0
543 1
544 1
545 1
546 0
547 0
548 1
549 1
550 0
551 0
552 1
553 0
554 0
555 1
556 0
557 0
558 0
559 1
560 0
561 0
562 1
563 0
564 1
565 0
566 0
567 0
568 0
569 1
570 1
571 0
572 0
573 0
574 1
575 0
576 0
577 1
578 1
579 0
580 0
581 0
582 0
583 1
584 1
585 1
586 1
587 1
588 0
589 1
590 1
591 0
592 0
593 1
594 1
595 0
596 0
597 1
598 0
599 0
600 0
601 1
602 0
603 1
604 0
605 0
606 1
607 0
608 0
609 1
610 0
611 0
612 1
613 0
614 0
615 0
616 1
617 0
618 1
619 0
620 0
621 0
622 1
623 0
624 1
625 0
626 1
627 1
628 1
629 0
630 1
631 1
632 0
633 1
634 0
635 0
636 0
637 1
638 0
639 1
640 0
641 1
642 0
643 1
644 0
645 1
646 0
647 1
648 1
649 0
650 0
651 1
652 0
653 0
654 1
655 0
656 0
657 0
658 1
659 1
660 0
661 0
662 1
663 1
664 0
665 0
666 1
667 0
668 0
669 1
670 0
671 0
672 1
673 0
674 0
675 1
676 0
677 1
678 0
679 0
680 0
681 1
682 0
683 0
684 1
685 1
686 1
687 1
688 1
689 0
690 1
691 0
692 0
693 0
694 1
695 0
696 1
697 0
698 1
699 0
700 0
701 1
702 0
703 0
704 1
705 0
706 0
707 1
708 0
709 1
710 0
711 0
712 1
713 0
714 1
715 0
716 0
717 0
718 1
719 0
720 0
721 0
722 1
723 1
724 1
725 0
726 1
727 1
728 0
729 0
730 1
731 1
732 1
733 1
734 1
735 0
736 0
737 0
738 0
739 1
740 0
741 1
742 0
743 0
744 1
745 1
746 0
747 0
748 1
749 0
750 0
751 0
752 1
753 0
754 1
755 0
756 1
757 0
758 0
759 0
760 1
761 0
762 0
763 1
764 0
765 1
766 0
767 0
768 0
769 0
770 1
771 1
772 0
773 1
774 0
775 1
776 0
777 1
778 1
779 0
780 1
781 0
782 0
783 0
784 1
785 0
786 0
787 1
788 0
789 1
790 0
791 0
792 0
793 0
794 0
795 0
796 0
797 1
798 0
799 1
800 0
801 0
802 1
803 0
804 1
805 0
806 0
807 1
808 0
809 1
810 0
811 1
812 0
813 1
814 0
815 1
816 0
817 0
818 0
819 0
820 1
821 0
822 1
823 1
824 1
825 0
826 0
827 1
828 0
829 1
830 0
831 1
832 0
833 1
834 0
835 1
836 0
837 1
838 1
839 1
840 0
841 0
842 1
843 0
844 1
845 0
846 0
847 0
848 1
849 1
850 1
851 1
852 1
853 0
854 0
855 1
856 0
857 0
858 0
859 1
860 0
861 0
862 0
863 1
864 0
865 0
866 0
867 1
868 0
869 0
870 0
871 1
872 1
873 1
874 1
875 0
876 1
877 1
878 0
879 1
880 0
881 0
882 1
883 0
884 0
885 1
886 0
887 1
888 0
889 0
890 0
891 0
892 0
893 1
894 1
895 0
896 1
897 1
898 0
899 1
900 0
901 0
902 0
903 1
904 1
905 0
906 0
907 0
908 1
909 0
910 0
911 0
912 1
913 1
914 0
915 0
916 0
917 1
918 0
919 0
920 0
921 1
922 0
923 0
924 1
925 0
926 1
927 0
928 0
929 1
930 0
931 0
932 1
933 0
934 0
935 1
936 0
937 0
938 0
939 0
940 1
941 0
942 1
943 0
944 0
945 1
946 0
947 1
948 0
949 1
950 0
951 1
952 0
953 0
954 0
955 0
956 1
957 1
958 0
959 0
960 1
961 1
962 1
963 0
964 1
965 0
966 0
967 1
968 0
969 0
970 0
971 0
972 1
973 1
974 1
975 0
976 1
977 0
978 1
979 0
980 0
981 1
982 1
983 0
984 1
985 0
986 1
987 0
988 0
989 1
990 1
991 1
992 1
993 0
994 0
995 1
996 1
997 0
998 0
999 0
1000 1
1001 1
1002 0
1003 1
1004 1
1005 0
1006 0
1007 0
1008 0
1009 0
1010 1
1011 1
1012 1
1013 0
1014 0
1015 1
1016 0
1017 1
1018 0
1019 0
1020 1
1021 0
1022 1
1023 0
1024 0
1025 1
1026 0
1027 1
1028 0
1029 0
1030 1
1031 0
1032 1
1033 0
1034 0
1035 0
1036 1
1037 1
1038 1
1039 0
1040 0
1041 1
1042 0
1043 0
1044 0
1045 1
1046 1
1047 0
1048 0
1049 1
1050 0
1051 1
1052 0
1053 0
1054 1
1055 0
1056 0
1057 1
1058 1
1059 0
1060 1
1061 1
1062 0
1063 1
1064 0
1065 1
1066 0
1067 0
1068 0
1069 0
1070 0
1071 0
1072 1
1073 0
1074 0
1075 1
1076 1
1077 0
1078 1
1079 1
1080 0
1081 1
1082 0
1083 0
1084 0
1085 1
1086 0
1087 1
1088 0
1089 0
1090 1
1091 0
1092 1
1093 0
1094 1
1095 0
1096 1
1097 0
1098 1
1099 1
1100 0
1101 0
1102 0
1103 0
1104 1
1105 1
1106 1
1107 1
1108 0
1109 0
1110 1
1111 0
1112 0
1113 0
1114 1
1115 0
1116 0
1117 1
1118 1
1119 1
1120 0
1121 0
1122 1
1123 0
1124 0
1125 0
1126 0
1127 0
1128 0
1129 0
1130 0
1131 0
1132 0
1133 0
1134 0
1135 0
1136 0
1137 1
1138 0
1139 0
1140 1
1141 0
1142 0
1143 0
1144 1
1145 0
1146 0
1147 0
1148 0
1149 0
1150 1
1151 0
1152 1
1153 0
1154 0
1155 1
1156 1
1157 0
1158 0
1159 1
1160 0
1161 1
1162 0
1163 0
1164 0
1165 0
1166 1
1167 0
1168 0
1169 0
1170 0
1171 0
1172 0
1173 0
1174 1
1175 1
1176 1
1177 0
1178 1
1179 0
1180 0
1181 1
1182 0
1183 0
1184 1
1185 1
1186 1
1187 1
1188 0
1189 0
1190 1
1191 0
1192 1
1193 0
1194 1
1195 0
1196 1
1197 0
1198 0
1199 0
1200 0
1201 1
1202 0
1203 1
1204 0
1205 1
1206 0
1207 1
1208 0
1209 0
1210 1
1211 1
1212 0
1213 0
1214 0
1215 1
1216 0
1217 0
1218 1
1219 1
1220 0
1221 1
1222 0
1223 1
1224 0
1225 1
1226 1
1227 0
1228 0
1229 1
1230 0
1231 0
1232 0
1233 0
1234 0
1235 1
1236 0
1237 1
1238 0
1239 0
1240 1
1241 0
1242 1
1243 0
1244 0
1245 1
1246 0
1247 0
1248 1
1249 0
1250 0
1251 0
1252 1
1253 0
1254 0
1255 1
1256 0
1257 1
1258 0
1259 0
1260 1
1261 0
1262 0
1263 1
1264 0
1265 0
1266 0
1267 1
1268 0
1269 0
1270 1
1271 1
1272 0
1273 1
1274 0
1275 1
1276 0
1277 1
1278 0
1279 0
1280 0
1281 0
1282 0
1283 1
1284 0
1285 1
1286 0
1287 1
1288 0
1289 0
1290 1
1291 0
1292 0
1293 0
1294 0
1295 1
1296 0
1297 0
1298 1
1299 0
1300 0
1301 1
1302 1
1303 1
1304 0
1305 1
1306 0
1307 0
1308 1
1309 1
1310 0
1311 1
1312 0
1313 0
1314 1
1315 0
1316 1
1317 1
1318 0
1319 1
1320 0
1321 0
1322 0
1323 0
1324 0
1325 0
1326 0
1327 1
1328 0
1329 1
1330 1
1331 1
1332 0
1333 0
1334 0
1335 1
1336 0
1337 0
1338 1
1339 0
1340 0
1341 1
1342 0
1343 1
1344 0
1345 1
1346 0
1347 0
1348 1
1349 1
1350 0
1351 0
1352 0
1353 0
1354 1
1355 0
1356 0
1357 1
1358 0
1359 1
1360 0
1361 1
1362 0
1363 0
1364 1
1365 0
1366 1
1367 0
1368 1
1369 0
1370 0
1371 1
1372 1
1373 1
1374 0
1375 0
1376 0
1377 1
1378 0
1379 0
1380 1
1381 0
1382 1
1383 0
1384 1
1385 0
1386 1
1387 0
1388 0
1389 1
1390 0
1391 1
1392 0
1393 1
1394 0
1395 1
1396 1
1397 0
1398 0
1399 1
1400 0
1401 0
1402 0
1403 1
1404 0
1405 0
1406 1
1407 0
1408 0
1409 0
1410 0
1411 1
1412 0
1413 1
1414 0
1415 0
1416 0
1417 1
1418 0
1419 1
1420 1
1421 0
1422 0
1423 1
1424 0
1425 0
1426 0
1427 0
1428 1
1429 0
1430 0
1431 1
1432 0
1433 1
1434 1
1435 1
1436 0
1437 1
1438 1
1439 1
1440 1
1441 0
1442 1
1443 1
1444 0
1445 1
1446 0
1447 0
1448 0
1449 1
1450 0
1451 1
1452 1
1453 1
1454 0
1455 1
1456 0
1457 1
1458 0
1459 0
1460 0
1461 1
1462 0
1463 1
1464 1
1465 0
1466 1
1467 0
1468 0
1469 1
1470 0
1471 0
