2248
1465
2027
902
1126
1541
637
802
187
957
2926
1566
209
124
2299
10
662
1910
1561
342
2068
2281
2872
1539
2414
2356
571
56
524
70
1332
1713
151
804
566
2158
1497
558
1920
380
465
2235
2599
1067
1835
527
2879
1980
1815
734
2172
1809
216
961
1500
2210
2388
2751
2864
2003
469
2325
2767
722
2484
1875
1540
2219
1272
2474
2338
2537
2509
110
1873
2558
1504
2615
742
616
2018
1421
329
1198
399
2199
1251
1615
79
1415
168
1650
1551
814
1755
39
305
344
1723
849
1022
2625
1452
2802
2118
1654
91
1264
1895
2769
1632
1422
1935
1168
1787
258
2542
52
576
1779
1874
2145
1827
1024
560
1023
2159
221
2882
1365
1227
2432
783
1885
1501
2747
2828
226
1317
2214
871
1982
1445
2795
1607
1210
132
797
1437
19
2416
2319
1996
1868
2116
574
473
455
1238
578
2042
2154
1924
635
1020
854
2538
2781
544
1349
1454
606
2892
300
2128
1891
980
931
2064
2090
148
1036
46
587
2533
316
205
1265
1955
926
2768
1442
974
994
1190
397
2008
1115
907
1816
14
1735
1556
2799
155
675
579
765
395
171
967
2514
835
2670
2832
2419
8
973
1458
2541
2044
857
604
1111
2397
2186
2739
384
2476
2498
1886
1271
2274
460
1724
1084
2081
759
2256
1369
2456
416
511
2175
1188
2034
2939
2348
2110
411
2633
255
2738
1436
1517
1851
962
1950
230
528
2748
1951
303
1855
2917
913
1811
1623
1080
2394
1960
1100
2901
2308
1928
357
2202
163
2177
2447
1438
2628
2306
2019
2428
1194
510
1795
365
2009
1538
1377
886
1400
2749
1679
25
1248
1670
1864
2191
301
6
1335
1967
2213
2251
713
1290
990
757
1712
598
660
2226
2111
1316
1699
2604
1987
1280
1189
1900
1669
1881
1796
1037
540
1593
597
2865
2770
2805
2898
372
2924
2307
792
2155
1013
2078
1069
2086
1534
1794
946
26
2168
2117
1409
2598
2179
1890
2825
2221
1412
2804
2569
1744
2032
898
1393
1199
536
1731
896
447
1788
2688
1299
1714
520
703
1360
1528
261
1216
1533
2893
638
1849
2772
2905
2583
2480
474
1043
396
2466
423
1286
1297
1129
2133
2036
502
2427
1829
1303
1619
2174
2761
834
1887
2022
2261
1985
218
143
2340
1167
710
2614
2361
772
942
972
690
2417
955
454
2720
2452
1302
1777
2387
2591
2395
2833
667
2007
1718
65
1807
36
2716
847
198
761
1456
805
737
2597
1604
341
2839
2842
936
921
618
2701
1536
2126
277
349
2744
376
134
1184
363
2228
927
1750
2001
2004
45
398
2232
58
107
2072
2829
211
1146
2919
1239
621
1474
494
1592
2754
593
1053
750
2285
691
1752
2699
1410
1425
1627
2160
624
852
1813
806
2360
2453
1586
32
865
1995
2722
2259
2472
1398
2253
2157
1183
404
938
903
1094
2440
1147
697
446
682
2835
1734
2559
949
2860
1048
2794
2217
1218
557
2543
2666
82
2450
393
1407
817
2717
1387
1867
1602
2398
2106
2336
813
1745
785
1439
2437
1
841
2777
1260
1374
37
2792
99
1196
2922
2726
386
1801
1342
248
358
1782
2512
35
2477
1897
133
1764
1093
1288
2734
2620
978
2846
2552
2317
2047
923
1662
1083
27
67
1792
2054
968
2359
272
415
74
1163
685
778
224
2332
545
1481
2349
1529
127
2489
1904
1774
1912
2695
156
1821
2479
0
1637
1613
2916
2241
1269
1588
431
2623
268
1573
1923
340
2499
2753
2557
1484
1709
2602
2238
1231
1608
2563
1044
1993
1746
1064
984
708
1526
2492
1285
2127
279
966
1998
509
370
796
1133
80
2297
1047
2652
2568
810
1215
1609
1769
643
745
767
1018
1159
1748
894
1911
718
2190
956
2024
2112
906
726
588
723
2163
1519
1328
49
240
1542
2682
1068
1071
2848
1307
103
2775
94
105
2640
2076
538
636
241
1503
2300
1671
2016
1858
1161
2925
85
505
1009
1771
87
2500
2061
2322
1338
331
1806
728
1968
1108
727
838
1839
1169
302
253
1988
1785
1081
2595
1055
2810
1509
1052
2382
1624
639
485
2857
236
1389
2267
1222
1209
2788
2807
1772
1173
2170
782
1301
1767
2600
2576
1002
2649
43
2519
1467
2435
2059
1076
2779
2366
2330
1016
848
1229
1134
2011
2789
2504
1197
2013
1983
537
1433
179
1294
1974
247
833
2710
1906
2098
983
2708
1021
2114
725
2220
2058
2205
270
2703
2040
356
152
71
1386
2641
620
2460
2257
623
561
2884
2165
2831
2891
116
142
2166
2493
1166
166
890
859
1379
1224
2729
1841
2837
2178
632
12
2347
1638
1544
89
2903
108
281
1032
1385
2074
202
4
1201
1720
1558
1082
2490
463
991
2877
1462
889
2162
2661
1314
2169
1618
630
2100
1392
1402
2475
2197
1012
1781
162
700
1063
2399
403
1870
325
1219
2611
1305
1281
1388
1090
1605
348
982
1017
763
2585
960
489
1156
1576
975
1417
622
377
359
394
1555
749
160
650
1358
1256
1491
1000
83
1327
1193
870
131
2156
1322
1371
1308
2273
388
2840
920
2752
1678
2526
2902
1513
941
459
428
1440
2073
2258
781
2941
2426
2712
383
1914
1564
1759
2255
1630
192
2507
634
1250
526
304
577
126
1505
2501
2760
600
985
2491
2727
1640
996
2234
1705
319
378
1773
2206
543
1747
1707
339
2796
800
1042
2327
137
2740
295
2136
1378
1791
2750
1124
1663
2910
20
1947
753
856
513
2051
2549
1471
1073
1672
147
1213
2714
1531
2292
2243
541
1085
1655
1057
929
1153
1568
2691
1649
2363
2097
119
259
2065
2270
190
1092
1606
225
1761
512
2579
2672
269
213
2468
1077
1936
1753
1633
836
1799
2686
2782
971
633
912
589
1888
884
2263
924
2918
514
2473
2236
935
1659
1783
2339
1145
1687
2657
1737
1514
1122
2303
1831
1830
1898
2311
2455
885
69
219
731
2510
1234
2264
851
1937
1127
2302
1665
654
948
1104
2132
245
426
969
2215
1315
2899
2732
2815
1457
2486
1217
2888
1493
1643
2204
681
1268
2372
159
2060
1853
318
887
483
486
1414
1549
516
115
1361
2467
1710
2481
1154
175
1431
184
879
2015
1736
940
40
665
445
798
1158
1726
2418
288
2684
2296
2759
2425
1203
788
2277
657
1702
2240
1175
1384
414
1428
2506
1681
2050
1152
1102
706
535
1733
755
440
2033
1416
758
2445
2195
2887
933
698
1560
2412
1515
1899
1644
250
139
90
1448
1230
1283
322
2286
1483
2345
62
862
420
1739
2567
2275
2610
687
173
1506
77
762
714
993
1176
1347
2675
2442
2642
809
2816
1612
1512
1320
899
1826
2023
1847
1244
1532
251
2120
2934
2087
1741
1243
497
709
2182
743
1058
712
1468
1958
2093
333
529
289
1435
1883
2457
880
2656
1482
1255
549
2836
13
149
120
1375
164
653
1682
914
2824
1585
2920
2252
2048
1123
2331
1366
2107
2696
2718
760
1200
1350
1628
438
296
2392
1397
334
678
1487
553
799
2609
2448
1401
2268
73
109
2894
1390
477
546
626
1963
562
1015
400
2095
1645
186
2123
2378
238
2572
1595
2244
2463
2520
930
607
215
751
1008
1945
2733
827
680
1582
437
2651
1495
347
1418
2575
228
1263
113
1856
2560
439
1805
286
1310
2367
1324
2725
1125
2671
1921
321
1004
1882
1973
2524
2390
195
1694
453
299
1689
2634
1459
2312
1825
602
60
1107
461
390
905
1007
92
2140
2612
1061
875
764
1006
1789
1266
2616
517
2482
2644
1118
1647
696
881
101
1790
2847
1657
1614
1901
337
1341
1991
2193
521
2853
656
369
2384
1800
652
2187
666
93
2655
2290
2646
1721
842
2827
1865
1345
1420
141
2497
1797
580
1510
2354
508
877
2094
1150
2212
829
2099
504
1419
2570
1423
2698
2647
382
744
901
1040
54
1035
256
861
664
1620
1340
1893
2637
2745
2026
1837
1496
24
111
1181
2295
1590
2173
346
1939
2393
78
2668
1130
693
858
559
1652
2028
958
610
2765
2485
2685
1756
1892
934
1691
2566
2380
1140
2530
674
1186
1236
2555
619
2371
1278
2404
1072
943
1997
2562
1262
2083
2578
1537
2185
701
2938
360
1527
2049
275
451
663
719
1116
1545
2030
1775
1429
2391
1258
2923
212
2066
1908
773
1631
2784
1860
2586
479
424
2785
2689
550
2337
320
1096
2813
1434
2787
254
2766
1463
1740
2115
2444
309
457
702
1182
1499
1596
429
2211
2301
1051
391
227
658
1477
293
812
1014
2101
1862
2930
568
1584
1232
1838
2389
15
2224
2798
2674
2413
2080
1097
2590
2282
1261
1919
1059
2565
1202
732
1636
1270
1567
790
2176
556
500
425
1135
401
2518
1319
2667
628
352
2803
1427
1148
353
669
2464
1205
407
167
1583
2439
2381
1572
2200
178
264
2470
1930
1259
822
1591
1180
1768
64
2021
1754
845
612
2627
2746
1553
2851
2868
263
2780
199
1406
2731
76
1728
1399
673
387
717
1956
233
676
1451
1543
2539
970
1352
916
1941
945
2561
1403
1786
2207
1344
1144
472
1704
2737
2914
1030
2834
2693
1716
748
1907
2088
1760
824
2225
1249
2069
2721
2402
1486
2791
2936
1978
1206
1880
1279
2904
584
2223
895
5
449
1062
988
1235
1692
876
1178
375
1312
496
2443
2564
2900
1220
2859
1045
1780
2697
2830
196
1337
2488
518
583
1480
756
1479
815
1577
2845
1065
466
1380
1762
1579
705
1095
1120
2138
1309
1187
310
1155
367
2357
1871
2811
417
2075
1804
1884
2046
1143
1845
2582
768
625
31
944
364
1460
1109
2605
492
2550
1207
38
214
308
1370
413
1922
922
976
1554
686
1751
2129
2937
2809
257
1363
1356
1450
499
752
1461
866
2660
1530
324
1872
2841
1298
1275
471
307
720
917
1395
1195
2041
1857
2929
18
1889
266
2079
2461
919
746
575
2654
2928
2124
98
484
1700
102
2771
2608
506
1049
1466
278
165
188
1113
3
2806
1079
361
2164
1902
820
2144
629
2711
1696
1932
1742
48
122
2648
1976
1903
2933
1925
170
1943
207
2441
252
572
1743
2503
84
2622
1970
784
2822
2454
336
1850
2208
816
1488
2343
2630
1257
716
1131
605
1492
704
2400
2249
860
677
2515
1284
641
1729
2540
1610
2353
2886
786
327
2635
2329
1617
1245
1992
582
555
1041
1469
2239
1034
2683
2113
552
2631
2513
482
2017
1228
2589
432
2408
2867
1088
488
2409
2876
104
853
644
997
863
2494
2043
204
2091
436
1869
1757
1684
495
374
1634
893
430
882
2638
63
1697
427
2713
825
1525
2764
2362
2284
692
1776
740
2436
1546
456
2522
2279
892
832
1103
379
292
937
1563
735
1160
738
2743
1758
846
242
843
29
2673
530
312
2534
1727
1646
1818
878
1574
1353
1339
1273
2849
1656
237
874
2573
1430
1784
1172
100
368
2705
891
1311
1966
2897
2758
487
1658
2350
2613
1139
2797
1598
596
733
1820
2405
2850
282
925
2702
2420
2045
1343
2321
2364
1708
1581
590
1444
1029
2728
217
1031
2333
1060
954
989
2896
1292
2678
1843
775
2915
1719
2889
2783
1241
33
640
350
402
2763
2039
539
689
2927
595
1105
2315
1117
2102
2146
1695
1765
1003
1490
2517
614
2873
1267
1770
2167
2593
174
1502
1626
2150
1464
2134
739
1274
2326
1033
567
900
1411
839
547
2305
443
2676
668
1142
1192
2318
1367
2687
627
1965
1629
1101
1296
2415
2528
1157
519
2665
317
406
837
1878
1494
2316
1842
1803
55
1253
2709
542
1179
66
2478
1099
1001
1521
1600
2062
1823
50
2344
2819
1962
11
2242
1601
2621
1208
2184
2516
1237
1114
2912
136
2511
2057
2527
1164
95
476
1478
1276
210
2508
2002
61
2843
1926
1548
96
1138
1426
2230
285
144
2189
2012
2581
201
1877
2487
2755
1686
1346
1701
2664
503
2084
22
2502
2715
2035
97
2875
2895
2196
2451
2880
338
1715
1703
1476
2201
2601
2375
1934
1639
412
294
145
2742
2203
169
2130
1348
2105
981
1446
2659
2870
2588
2293
2183
1404
2736
679
138
1211
1971
2171
193
1834
2911
2606
1355
2669
998
2866
1648
112
1170
655
2000
645
952
1666
1550
947
2038
1455
569
81
2262
2218
1896
995
826
2143
2423
2298
1635
1254
1039
1688
1616
1383
2529
2639
1149
1453
2607
239
1300
855
779
1132
1162
2089
950
1946
128
2085
2704
1086
409
1959
290
911
2556
1957
1817
2377
2935
72
2029
864
1520
808
1091
1247
2396
1599
44
1913
1824
1005
392
2233
157
2373
2271
2071
1323
2762
507
1357
2786
2801
631
2351
306
2677
2730
1074
23
51
1165
1621
2431
121
2544
2931
1730
2724
1364
565
351
979
651
1949
2940
888
2250
868
1711
2
1354
963
2852
1603
232
2706
659
2632
1054
276
1010
1814
1854
840
2773
154
525
1174
1693
183
2856
2125
1866
2433
736
2821
2551
2280
2617
441
88
2820
203
2580
1226
2135
2571
223
1863
1778
1717
741
1511
2471
1793
953
57
819
603
609
2723
1333
314
1171
1325
1326
1472
2626
1223
2082
1056
467
2020
649
480
464
2335
1252
1972
2906
707
1331
1580
408
1070
332
1291
493
2386
2247
2438
2800
1246
2010
1141
2410
986
2266
197
200
2694
869
1685
435
769
951
106
1214
421
1381
389
2147
311
501
450
1660
2434
1413
515
1698
1675
371
1594
1128
1625
1019
1927
434
2650
2198
287
2283
1212
2161
1979
1485
570
273
1589
2525
1240
231
872
42
2227
2181
2346
617
2658
2407
1975
313
2618
172
2422
462
2496
910
992
68
2194
2861
2778
2148
1424
2643
586
1848
932
1136
1027
1680
2546
1221
1330
831
1112
2276
2131
1523
243
1819
1984
1382
1642
959
823
2679
2430
1840
1151
2465
803
345
2229
2352
1191
1282
2932
648
2681
1667
220
2254
1578
1766
2216
1828
1808
16
2908
1879
594
2446
2368
176
478
2878
2269
323
1277
30
2505
1535
181
1674
928
2913
153
1225
850
1089
683
2077
1351
533
235
1334
2222
1948
1432
1986
1518
2469
672
2532
1938
271
1954
28
915
2619
2294
2149
1394
1653
1304
161
2245
615
2278
2424
721
2735
1989
2545
2246
844
1098
532
1376
2535
1722
1661
964
2462
1396
1362
470
125
2429
1833
433
2818
2776
1876
2756
2121
21
585
777
2324
2323
2122
86
442
1852
2320
1822
405
1242
1940
1408
2808
794
9
2421
554
1859
2536
1725
1905
1405
1028
795
1557
646
1441
2662
1075
2495
1846
2871
1026
909
2548
1571
2881
608
2592
1683
2374
2844
2139
1611
2584
2358
564
328
965
1749
249
140
7
2152
130
2014
2577
1664
1929
2909
2005
2265
2690
2055
458
1798
523
283
2370
1931
776
2855
265
158
873
2523
1999
1050
1676
2070
642
385
2288
1447
1969
611
2547
191
2907
1289
1622
534
355
811
362
1473
194
481
1329
189
1802
661
206
1287
2890
1443
1961
150
2459
2063
1810
234
1449
129
354
260
229
801
1313
185
780
1812
1087
1110
1894
883
2031
2188
918
343
1011
1177
2692
418
2449
2838
2401
2700
2707
490
977
1917
2056
2052
867
1673
366
2376
2385
2458
592
1185
1836
1507
2151
2141
939
448
2067
274
2554
715
2383
2663
2231
381
601
246
2369
1046
1977
2854
2342
2341
688
1651
2119
2596
1587
267
2209
548
2874
581
2310
1524
118
2719
1944
2741
1916
410
123
2863
694
1994
1953
1321
59
117
1981
684
1233
774
1489
1137
1844
2411
591
2092
724
2153
999
2260
2531
551
1942
2406
298
695
1706
452
2104
244
904
771
1522
2869
2272
315
2793
1391
1475
1952
1078
2653
1677
2587
335
818
1570
1119
291
2237
563
1293
1470
1668
830
2826
326
2812
284
2025
180
1559
1066
1025
1547
531
2521
1575
53
747
1861
791
2108
1373
1763
2790
1121
1738
2137
2309
2287
1372
2096
699
729
754
2355
670
2921
821
2574
1552
280
2109
1318
2624
2814
373
475
444
2365
1508
182
987
1368
671
2680
41
146
208
2037
2883
222
1909
2817
422
2192
897
793
2180
2858
2053
1597
1915
2304
297
419
1918
2289
2636
2483
2603
2774
47
1336
2885
75
17
2291
262
34
177
1569
770
2645
2006
1690
2553
766
1295
2757
1306
1498
807
2328
1516
789
498
1732
1562
491
1832
2103
2334
1964
2823
2142
1106
2629
2314
573
1359
2313
330
599
613
908
1565
711
1204
522
2403
647
114
1933
828
1038
1641
2862
787
730
2594
1990
135
2379
468

