2315
1167
2584
618
2057
2760
2551
1853
2486
397
1353
2251
787
1888
2011
1523
939
2373
574
255
2565
139
589
2864
49
75
2740
2403
921
982
1755
2244
1493
1108
2065
576
1960
1749
446
1726
880
951
2781
659
678
2502
2073
1701
1868
601
135
1495
1925
2756
2706
1190
2
2106
2150
2682
1806
2033
1505
1097
86
1516
1260
1148
144
648
1756
2014
1938
2749
137
866
721
2656
2097
48
1252
1314
1324
2433
1152
2913
2770
1315
270
2053
2206
1742
2852
2811
1517
2386
2110
244
1719
1321
650
2060
2104
1673
835
1707
2937
711
867
872
425
2197
1815
491
2161
2224
578
60
1281
2812
1739
2146
213
2487
1955
789
1709
1542
2126
61
2751
603
51
1695
1105
487
1457
906
677
2917
499
2815
2700
1026
1307
1669
1747
1959
2940
736
1145
626
2784
340
2462
409
1942
1180
697
577
2100
1359
529
1213
2674
352
398
1141
2681
2605
1690
2081
2392
811
1628
1986
2216
1065
724
2286
2614
300
606
2219
2207
2827
2498
2918
2854
2842
2363
1020
1578
2747
1317
1680
877
2591
552
1471
2768
395
624
1620
2233
327
1151
183
388
760
717
1210
745
1843
2628
2090
311
279
682
670
779
130
863
1422
674
402
305
509
794
298
1568
2427
36
686
1386
2573
2385
937
1851
2822
77
993
223
1192
2188
15
1396
2769
2527
876
191
1099
177
1616
566
1289
680
796
2142
400
2084
842
1084
390
369
612
2171
1234
2280
1842
828
2195
2509
2414
2884
1249
2091
705
1143
2305
2821
2357
1438
848
195
1865
1406
801
2805
931
640
2078
2550
2755
1263
162
651
821
2862
1104
2734
512
44
2107
2488
1434
2481
457
1305
570
166
742
1954
1383
1126
2467
2792
2492
2237
1132
1702
2596
1043
1402
908
1107
1679
850
1642
2254
831
1746
2529
1291
658
179
375
226
2301
2537
2720
229
2541
117
1029
2193
1271
2641
153
588
797
2321
1800
1239
2324
450
245
1157
775
1139
2272
819
1284
1224
1425
2174
2524
2634
192
2924
2343
2420
1794
1081
2287
2704
837
2858
2837
440
481
1560
2510
2029
1564
456
2151
1038
2000
264
2075
2547
2804
535
1551
1189
810
2367
2162
2432
1873
2143
1153
2482
1460
1918
2929
1508
1939
59
368
2887
2278
1553
699
769
152
617
1991
1063
698
2080
2259
2289
1445
604
1179
2826
1446
1956
1262
885
696
72
1762
944
1050
2295
1882
426
2808
2213
302
2490
2372
839
1057
1090
292
2030
1103
644
2570
2846
2802
1665
1346
852
1837
2788
147
1022
2390
122
706
2239
248
2337
726
1221
1961
1407
1740
2807
2334
128
1724
2370
1946
2115
642
372
980
652
2085
961
21
532
308
2534
412
2567
260
1862
2765
242
986
551
1037
527
735
1769
2586
1491
700
2460
314
1280
1901
853
427
2544
1530
2044
1685
1030
920
88
2831
2041
888
2743
856
1461
830
1237
174
2679
2739
1370
1848
861
2875
2242
1598
1069
1968
1971
1581
28
865
1723
330
2526
2664
559
725
1550
753
2712
2325
67
1088
1731
1429
990
802
770
1229
2275
148
419
114
471
2340
1230
847
2114
1810
1044
39
2253
119
2777
2571
2156
112
2665
1279
310
2016
1691
197
897
657
1839
851
1309
1569
1710
1923
715
276
386
531
995
967
1348
258
2001
518
2892
2592
1477
2258
341
353
1341
2525
141
1799
342
2175
1033
69
1186
1045
2323
2290
1060
207
2829
2088
2690
627
611
1525
294
1451
2588
109
1502
2598
91
2365
2270
2609
5
2786
1594
2773
1909
2322
2650
1122
1273
33
2279
1556
1039
2928
1811
2548
2895
32
669
2494
283
1629
1031
1886
2297
1247
2181
1671
1207
1219
329
1352
173
930
2841
2136
2689
1212
575
2660
1320
1844
2560
496
2354
2844
2381
1195
357
1917
2508
237
2112
158
1101
1599
2693
1015
701
2375
517
422
1248
2022
508
1703
1995
2636
2436
855
2810
504
791
1204
1852
205
1908
1276
668
1393
2545
2086
1086
2404
2463
927
526
1194
1667
1963
2196
2835
2227
1296
1147
2416
2790
1526
1621
2124
376
163
2616
2543
1100
2444
2046
805
935
1487
217
2879
2245
1034
1803
1306
2519
2931
1295
363
1751
2708
2910
108
0
2578
1780
654
2580
1058
580
13
2771
2861
2082
1486
1757
2738
587
143
326
592
40
2336
2218
826
917
2855
952
2066
525
591
2319
542
1251
1012
1854
410
209
351
2583
1534
1982
1833
453
2269
299
1658
1349
1169
235
2440
497
1211
2137
221
553
2849
1150
1524
1056
385
454
127
609
1704
2801
1627
1294
594
605
1475
2579
391
275
1018
2152
2874
928
2113
890
2395
1714
2328
2602
1633
328
2117
250
1158
2421
306
2157
1927
240
1254
1689
1448
597
97
202
1776
547
1876
455
79
814
1775
2190
168
2819
80
2935
2059
1134
2435
998
565
638
702
2472
1907
1529
1681
2010
1325
732
2105
2857
1468
42
1418
1825
1391
249
2399
251
2518
2561
2483
1093
1708
874
1102
2803
941
2782
1355
1548
2098
2675
1318
2139
1563
288
1603
2569
1758
2155
2533
538
1168
1076
236
55
2823
1672
52
1511
1003
959
555
2032
483
2847
1866
1432
913
758
2866
2235
948
2445
598
2542
1028
1323
89
2358
2347
2613
367
1364
2873
2898
1700
1466
2564
1490
379
790
1265
1500
424
2291
374
2930
2247
2896
1117
1913
766
1203
858
1540
2308
20
241
2201
389
286
2507
489
188
1399
1904
2735
218
979
1889
2246
2818
2528
2054
840
2027
2045
2575
907
2568
934
854
2744
1984
762
630
1184
2099
633
778
2220
1335
2659
1639
387
1761
2850
2222
2007
622
405
869
1729
2587
479
2299
924
1841
1373
230
1994
1999
2863
2371
2599
418
448
159
1162
2554
377
746
2350
362
8
373
2306
1604
478
2640
2555
615
751
417
2262
7
436
2003
572
2535
124
2300
524
1472
1741
349
220
2576
1846
1933
200
1327
2127
1193
956
1678
994
1891
2798
1626
1073
505
545
1538
1497
2453
533
2791
2709
1082
43
1146
2135
1378
186
93
1374
151
2331
1196
23
756
925
1240
1934
582
1902
358
1055
1765
323
772
432
1699
1351
380
2208
1424
81
257
500
558
2750
2505
2719
1874
2721
2271
1640
2574
1414
85
1716
2437
2688
739
1601
73
584
799
1743
1547
1111
2417
1728
1733
2223
433
1272
662
1124
1836
2645
347
284
845
2753
1541
2914
1643
2860
1009
1929
818
2639
1828
690
1176
271
2754
2393
2495
2859
30
965
1772
1759
2684
2149
1405
498
1980
103
792
2309
681
2553
1661
1462
2647
160
834
469
635
452
2590
421
536
2394
1900
1440
2870
355
1657
754
2360
441
892
1127
58
2916
113
2752
492
2070
875
2316
2164
608
1358
2651
916
293
2475
2532
1720
2464
1131
2936
1519
1382
1940
945
2249
900
2021
228
1830
485
1535
184
189
2780
2473
2267
2856
1308
1977
870
1177
2726
647
2238
2890
2255
1635
2630
2125
1683
2102
2881
2652
1488
1937
1453
2413
2727
420
1010
1443
523
2074
95
2672
2934
2939
914
247
785
2608
2442
24
704
2691
459
2198
969
90
2479
2212
1474
767
1334
691
1750
2292
87
1485
1921
1430
1808
2052
786
2020
2228
2845
2333
1781
1989
225
204
1916
1226
1114
2629
730
1587
1668
54
1732
915
1883
2897
2556
2160
2485
2745
1506
692
1818
1962
2889
889
180
2589
47
1070
94
2068
1201
1035
1130
1845
178
1135
1112
1337
1858
2908
1330
99
2423
1455
2210
1214
976
1793
1136
1149
169
2552
1688
1992
321
546
296
2154
1722
1718
519
316
899
2281
2364
2868
2311
2632
2043
2256
2921
429
1479
2396
1713
1816
2167
1365
2699
2611
795
37
1238
1047
360
748
2878
707
1976
2766
2398
123
2885
2408
17
957
2121
2034
864
428
996
2796
1611
382
637
458
2184
53
2582
1032
134
1855
2131
477
2620
1912
2559
38
816
1388
2901
2377
2412
2407
474
2087
444
136
1711
1209
1514
2680
1559
2351
1867
1480
404
1250
824
516
2185
1165
472
886
2093
2200
1000
2276
992
2621
2817
1512
1387
2095
2318
1947
1277
2649
933
1824
585
720
1857
239
167
2017
164
301
467
893
2876
322
1935
2257
1159
2729
2457
593
2359
2697
315
2180
1798
176
873
1539
2096
1590
2182
282
1369
2830
543
1557
768
9
2695
1347
2123
776
2891
820
1191
2836
2466
2024
2035
1241
1887
2623
2539
1170
974
1869
2163
501
1068
2355
2455
2867
468
540
2926
2899
2111
2387
2683
968
2763
1489
65
812
757
1133
2710
1361
544
1008
1906
2230
1813
1198
2911
29
1717
1659
2546
999
26
774
689
1706
1411
2302
964
2226
227
571
370
843
1612
1546
1302
1771
406
1473
1712
1266
1565
919
1062
983
2265
2716
1431
2824
1155
1061
1293
884
1483
2809
1941
2339
672
1807
710
435
1004
1964
62
1007
2816
2079
716
1175
309
466
905
2468
539
1080
1863
1697
2312
1894
1077
838
2904
232
806
2668
2692
2006
1715
2941
430
1978
1123
1397
2828
1592
392
1890
528
1605
2047
1899
636
1950
1437
2489
290
2711
1174
1121
2597
1465
1974
31
2205
96
619
145
645
1586
2536
98
2581
2558
378
1644
365
1261
2678
447
396
172
1375
359
1840
1456
1786
962
181
2707
2221
291
1884
2266
1809
2733
1385
1979
2263
2062
2666
2653
1797
1905
2450
1802
297
1872
2132
676
1721
1645
2530
1283
1650
1217
1025
1875
2191
1016
482
313
1515
1597
1089
1595
2883
2869
2380
1236
1652
1998
2516
2909
667
2872
1928
1693
2441
1447
2362
506
2425
2071
2183
895
2273
2838
2833
2932
2615
2595
211
1187
1748
1870
332
1561
6
1518
2335
1773
1415
132
901
1075
2797
45
1046
27
1549
1435
975
2241
1510
693
1410
2369
2128
1494
1
549
1787
1303
684
616
1608
1235
2410
2667
56
1623
2268
987
1433
1390
333
703
1932
1766
1649
1533
1795
1827
798
2923
1442
2025
1571
2717
849
2382
2214
1011
2397
541
1768
1171
486
1311
165
2912
904
2851
190
1182
1920
1059
1861
718
2848
2622
1051
2434
2459
2517
1436
515
203
1835
1692
569
971
2248
1409
2015
1428
2004
2610
346
2657
2199
671
1804
2147
1953
2446
1624
2192
752
1120
2419
2252
401
2422
146
2138
2209
557
1357
1664
2566
238
1893
2076
156
416
154
1116
2922
1648
2353
131
2092
522
600
1098
1958
949
2540
943
2153
734
610
438
1331
1014
2515
338
1343
1885
1079
1823
727
1258
2673
1521
2696
2585
771
1282
1850
1593
1041
2170
1304
1606
1005
1371
2779
1427
978
2313
1684
408
2480
882
2888
2715
1253
1545
1778
354
1647
1579
2877
2391
825
2342
2189
1948
2329
1417
614
2635
2626
2296
581
712
1002
1580
2368
1106
2612
1054
1826
1256
709
694
463
1496
2109
259
537
304
1091
562
233
1993
138
2925
104
495
1591
514
2701
1231
836
625
339
2723
2383
1660
737
2549
2402
1910
335
1140
2787
1588
1092
2168
2261
989
2491
2871
320
2049
2063
1864
857
100
2148
695
2919
788
2627
827
879
750
2028
11
1423
1377
1696
809
115
1222
121
2465
25
1705
2040
1655
1522
2058
110
1119
1537
2646
1737
2746
1285
1458
2794
871
1344
1380
2730
1313
64
210
1049
573
2169
1663
777
1166
903
219
281
1785
534
2411
1796
2633
1656
1173
1527
1788
337
2882
2906
2907
2400
12
1144
18
2140
1398
206
2284
1242
366
2430
1292
1543
902
833
1469
295
149
2900
860
722
946
1831
2039
2019
1463
1879
2243
350
2478
1544
1083
92
1641
1838
1881
2648
1914
1609
1172
1819
639
1392
1202
1178
813
2187
234
2474
2493
403
2606
2927
2594
759
2288
2834
1275
2840
738
1185
1138
1288
2384
1363
1257
804
938
1562
10
815
1137
460
1965
2694
2661
71
2356
655
2013
1085
2513
2772
1109
120
451
1290
1996
761
2177
2644
2865
1966
1188
894
1372
1610
723
896
41
1789
2415
1631
383
2713
1997
490
66
106
82
1767
476
981
1784
2686
2718
199
1366
510
2593
2732
628
1329
2853
664
548
2202
2144
1338
1687
1614
1368
2618
1670
1001
2631
1246
1698
823
2282
2600
2077
1395
2469
2250
1299
1412
1801
2725
2240
763
1439
2775
437
942
953
2685
1481
781
2619
196
556
1919
2531
2643
2260
862
586
2832
462
595
445
1274
1298
1634
2418
2294
371
1208
1990
744
2388
2089
2038
503
1730
2317
2663
2217
1142
1200
381
2094
1381
2785
554
2061
1558
1401
663
563
1452
646
76
1630
1215
1847
1225
507
2669
958
984
1360
1336
1735
1027
193
2332
1892
201
1503
312
393
4
1575
1674
1638
1071
1566
3
1915
985
475
1632
2374
1973
868
1183
243
1243
2703
2326
1096
2813
254
1333
2758
1501
133
561
2274
530
513
2211
1067
1199
1354
274
1583
733
63
970
926
1985
384
954
175
2443
208
1585
887
911
2179
2761
2307
1636
1345
2023
2702
520
643
2277
394
2231
2145
2008
1066
2344
719
2737
749
1814
2108
2572
1484
977
2298
480
683
2037
1618
2731
107
1602
303
1227
1637
413
1362
1817
936
1878
2426
2603
708
216
2511
898
1356
1205
2361
1052
344
1791
101
1666
2454
1164
2604
1006
1727
2499
57
2806
356
1600
932
1574
2449
1464
439
621
1654
2401
623
1513
2625
2204
1499
84
1619
161
1267
1877
1394
2452
414
1245
2894
1301
2557
1734
1259
2165
116
2120
1326
966
1013
488
2409
1492
817
348
2026
334
1416
2072
2795
1782
1426
2676
1476
688
631
2051
2742
1856
2698
2637
278
675
1573
1694
1509
929
1339
649
289
261
16
2018
265
411
918
2424
1342
2345
2352
1498
2048
1812
1218
2320
991
560
2670
399
1053
2728
287
442
2920
2880
1753
1319
1286
1024
68
2624
1287
567
2724
2225
1832
1459
1220
2933
2176
1957
185
1949
2134
2820
1113
2036
1736
641
1419
583
2159
784
2349
2234
246
1763
1156
2314
336
2839
170
1898
829
1783
2714
2031
1228
1379
2825
2662
1048
1777
803
2736
78
1297
2774
2103
1154
1897
1774
1504
765
2069
2903
1233
1278
923
568
2293
493
2655
252
2042
1110
1450
2050
2456
1567
607
1582
1118
461
1682
1413
1745
262
407
212
1792
1805
215
1911
1129
564
50
2067
1617
2654
2778
2503
1312
105
317
2330
808
780
280
2012
1128
782
2173
1622
997
2506
579
1944
743
1930
2119
1454
2229
521
157
773
1376
1074
599
1572
2389
1300
1470
2379
1821
118
972
22
19
1332
74
1686
2376
2470
2346
1760
343
1754
1860
620
494
1895
1613
1322
2523
2451
2005
1987
256
268
602
253
550
1677
2642
1625
263
1738
2762
464
947
679
2563
1589
713
1744
2476
2767
2064
1181
859
415
1115
881
2789
844
2497
1161
1507
2129
1790
2496
2428
973
1972
2902
2687
361
2905
613
1967
150
1269
2764
653
2938
140
2158
2577
1988
2141
1607
1520
1160
2722
1268
434
666
922
909
1951
656
1676
331
1255
125
2133
1779
431
1584
729
14
2341
1646
832
273
1983
1350
2893
34
194
2522
1615
2116
2521
687
222
1555
632
155
1924
269
1829
484
325
755
1340
960
2741
2800
1849
1223
2461
2327
2232
912
1675
1820
2601
2514
2406
1367
1975
1019
634
2283
1651
955
2617
2538
1554
1403
1926
1467
1087
1078
2439
2431
891
1400
2783
1125
1384
2562
2429
2477
35
1072
1441
2366
1404
171
2915
364
1931
2405
198
2215
800
1232
2166
2009
1922
1310
2448
285
1570
1903
2520
661
1752
129
764
267
319
963
2447
878
1206
1023
102
2748
1197
1021
1871
793
2793
2264
841
596
2178
2348
1040
728
2186
277
2303
443
1328
2458
747
266
231
1216
1017
1576
272
1653
1316
1444
1482
2122
1945
1264
950
2484
1552
2378
318
2203
2438
2056
511
423
2304
1834
2757
2658
1244
2504
187
1408
673
1822
2814
2677
2705
1163
1970
1270
807
224
2236
2285
214
2130
2799
2671
2471
2759
2638
1036
1969
1596
473
2118
660
324
465
2101
2886
111
1095
502
1943
1042
449
1725
83
2776
731
714
1936
1981
142
1662
590
1064
2338
1094
1478
1536
1449
883
685
1420
910
740
1421
1859
2194
2607
822
2083
741
2055
307
182
1532
1880
940
2501
1896
2002
2500
345
988
2310
46
783
665
70
2172
2843
1531
846
1770
126
1952
1528
1389
2512
1577
629
470
1764

