135
734
2637
2296
2546
1427
1114
246
1887
770
1679
496
1979
2037
1409
966
6
1097
378
600
2428
1569
2118
1544
1182
2467
974
825
1623
1213
1772
2751
1641
2865
2748
68
315
40
159
2391
1465
1647
1415
2605
1137
1317
1223
748
818
1779
679
1661
2377
2398
2266
349
2180
1570
1652
2837
1105
1595
447
1207
2081
2134
172
724
2932
434
1644
2002
2130
1714
1766
2554
1811
1478
882
1363
1098
772
1512
2618
2735
1807
2239
2586
638
2829
1950
1660
835
558
144
1550
711
2064
879
2744
2901
2502
2488
2645
2282
2284
175
2755
1441
211
1782
1763
809
2105
2858
828
1288
650
785
2928
2369
33
1775
1101
1177
607
775
1489
1808
824
564
406
2146
1280
1955
1507
1943
2178
2432
919
1939
2492
2730
2533
2169
2329
2671
458
1743
338
735
1340
1154
1852
2876
1803
658
1313
749
477
645
1073
2231
1430
1025
1583
2277
2388
2774
1464
2615
1027
1239
2261
1928
2531
20
2593
1907
914
849
1860
1938
719
1530
2403
395
57
2705
1202
1224
1350
1717
255
2853
585
2022
25
766
1765
1697
2135
479
1404
2664
293
2367
1977
1316
991
2458
443
422
2343
1455
1563
664
2327
1630
1210
1136
994
2054
2926
858
2431
1440
1906
2364
1889
1995
169
819
1178
2610
577
1801
1745
435
986
362
537
2347
1968
926
2738
1470
1757
786
1615
1961
166
783
1984
1602
1495
2204
1429
2304
2246
2429
2725
1338
420
595
1728
2787
1197
806
1444
1575
324
2594
1864
594
1686
1833
1472
437
975
369
1271
967
656
1761
844
1094
1066
2657
1192
1551
1407
1915
1412
251
2028
739
510
617
1859
1045
901
1718
933
1841
1649
1140
1749
2238
2000
1594
2085
2540
1075
1587
744
1047
140
2436
1255
2597
1797
2010
1848
2653
2143
2196
1750
2703
32
354
359
2295
1640
182
2289
1696
2318
609
2201
1351
2525
2669
1342
1574
1804
2845
2897
1773
1339
2279
980
2151
2354
404
811
1618
826
243
2543
2237
469
1436
1910
1812
178
1680
2512
603
52
350
1432
230
830
2851
776
93
238
2838
318
2733
1494
2607
2676
2039
2244
836
1173
2007
2006
281
729
1561
303
2027
2183
1003
675
653
1399
689
633
288
2799
515
1809
2466
2445
579
1768
260
1898
2149
348
2557
756
2827
1267
136
1219
817
699
681
220
851
2746
778
1046
111
516
105
1744
7
647
2891
1992
1206
2612
899
2456
2508
421
208
1321
519
50
1433
1193
1474
1088
2882
1231
2275
1419
1949
313
897
100
73
1843
1273
2210
2107
1523
870
1428
2579
1322
2526
1007
2580
2836
1690
145
2510
1692
2109
2875
651
2665
2361
2682
2297
1234
1685
1425
222
2200
1344
234
542
1519
1463
382
17
963
2472
2693
1824
2301
921
1323
1734
1204
106
714
390
2164
1214
1068
1687
500
2655
1084
930
1499
1770
507
1634
777
2170
883
2626
164
1406
1393
1537
1147
2470
1805
2497
128
634
167
655
2638
2158
29
1020
848
995
2302
1534
1364
2486
119
1562
2260
185
832
2015
2288
16
1021
816
1125
1053
1319
1695
2513
1417
578
2018
620
1279
872
1967
1952
887
2124
56
1542
876
441
1559
1272
956
2815
2168
386
2509
1426
298
1698
337
2539
2595
311
432
2644
1330
2167
1940
2160
1497
2363
2003
1585
1051
2381
2698
1161
2438
446
1588
375
346
2008
70
722
200
1527
1450
253
1451
1061
2090
1621
163
1648
184
2442
1607
1311
2479
1580
1799
426
583
2457
2375
1727
1282
552
412
1730
737
1724
2496
205
1905
2930
415
85
1516
1370
936
2179
688
327
1637
565
2864
76
2331
1917
94
2672
905
2357
84
1481
2174
468
2522
1909
743
2465
511
1348
445
590
894
1867
2627
513
1038
1449
947
1292
1467
2188
831
1987
1442
2908
570
707
1331
233
752
1691
2622
41
59
1491
1039
419
142
1422
442
2423
2880
1518
686
2454
1972
640
693
2460
173
2212
1971
820
2021
451
710
2937
319
171
972
556
2711
2813
2685
2906
39
478
2775
2898
2745
456
2902
343
177
2144
2530
1538
2317
690
2604
560
1070
871
1195
1167
1502
1985
1890
55
2352
1373
561
2683
773
309
2623
2097
1726
1849
330
2129
2651
2156
2476
2860
1525
399
393
1447
1488
2537
912
2378
1130
1180
2041
948
1397
51
1723
179
1240
1639
2505
244
566
291
712
1792
2633
2621
373
2590
1777
2536
347
2894
881
1631
1536
2818
2140
2503
2719
1926
2126
484
1171
1828
1948
789
1063
2358
1093
1876
1973
267
35
981
2291
685
1416
1665
2452
2820
2747
1367
684
2469
706
2892
964
803
452
2574
2425
703
646
1291
1735
37
1345
2736
1896
2298
2551
1838
520
2360
1935
602
341
535
250
742
551
843
2783
2254
329
2756
2059
1560
1653
1275
1032
1624
2589
2929
1227
545
2602
1591
968
2088
1998
262
2587
1891
614
1565
807
492
501
2576
1933
953
322
1819
2801
1104
904
2852
2462
1820
1087
1346
2706
1557
1102
2778
1303
2939
2619
123
361
1484
1783
209
629
2769
682
1366
1529
2549
242
36
2259
2483
864
1532
1825
2872
2409
1232
2761
2854
1886
2455
1674
951
2353
971
1095
546
913
1758
1643
601
1159
339
2092
334
765
2258
2414
2080
1764
998
850
1307
1396
2313
1958
960
1978
2866
2849
2322
1918
2714
931
2893
355
1837
2233
1629
2040
1468
1266
450
1220
612
1091
932
659
2529
2339
2843
896
1625
2326
305
2712
264
1265
429
1176
1293
927
90
1969
2305
1228
2397
2249
531
604
1041
2344
940
30
989
2489
294
1482
1269
210
2754
1722
2507
2262
2125
839
1861
728
1802
759
540
2418
2521
2792
360
1403
2120
22
584
1044
925
2191
143
1656
314
433
2256
2
1122
323
310
2464
2919
900
2032
1827
709
1593
2568
2224
1946
2924
1037
1921
2681
512
2828
2333
23
1050
2871
2095
2781
909
757
2152
1873
2401
2424
2869
1703
762
616
401
1858
587
1733
396
2519
2283
1476
1190
455
2274
2585
736
1170
2606
2415
1959
676
1989
364
1009
2784
1590
2777
99
499
1870
874
978
1606
1132
1620
2776
239
397
2779
2878
2649
2053
781
1286
1645
1738
2044
2096
91
1874
1739
1888
841
115
2905
2642
1247
915
1790
1877
279
1203
2810
763
75
1688
944
1612
2741
391
2480
331
2404
1188
138
1229
1868
2766
2639
2346
2881
725
1461
2564
1215
2078
2541
1466
2721
2434
1156
1980
1483
1002
642
1769
2098
1200
1181
272
1908
1245
1936
2916
1508
276
1034
808
2729
483
2700
1217
1071
508
1589
2202
2726
2267
2743
1119
2250
2921
2020
1581
2412
2750
224
2662
216
549
1005
257
1960
2214
1990
1208
741
2764
1376
1846
1572
677
1336
1760
1492
66
1999
2299
902
2443
2514
235
1883
2392
108
2094
2591
62
576
760
1302
284
1662
605
1349
695
846
2106
1899
232
2427
464
287
2886
2667
2484
2814
2592
141
1365
2562
1675
667
326
509
1377
2763
1725
767
1379
497
2577
1334
1253
720
1437
219
2035
2382
1854
2451
2806
2079
1358
2189
2504
1092
2765
1285
321
2192
1149
1133
194
1567
2839
747
1238
1386
2145
1278
387
853
2161
2544
236
1579
950
2351
1668
2620
2219
813
2823
1988
1869
1126
1862
1771
256
877
2694
1815
457
2207
248
1299
810
652
2490
411
190
842
2150
1191
1064
2879
2227
1187
1865
1996
1785
2312
2119
2049
1501
2707
380
2791
198
861
1015
1462
2066
2798
1408
2116
2433
2720
1309
1036
2177
692
1276
580
855
2342
1458
1077
1554
186
1069
1233
1546
1256
1912
1626
2019
449
2805
1329
1834
409
2402
2538
985
491
983
588
1830
245
1123
1216
793
2628
918
1632
263
1731
2086
72
794
42
2103
528
1251
654
885
697
494
1129
525
2802
1335
969
1218
2450
1305
1384
2461
2441
358
2773
1916
2938
1700
701
922
266
1842
2265
1414
740
1664
1651
2925
1963
1719
2142
1970
2257
2046
2328
928
2692
2909
1110
1394
1261
1705
2165
2406
217
1900
1892
530
168
562
1445
669
27
249
162
459
1325
2303
2419
875
2072
2501
2478
873
64
859
2235
1934
1237
2816
2900
2855
285
523
1446
2826
8
2654
608
1431
2290
278
1413
2596
1448
67
1895
2058
2915
1107
2082
2518
2934
1882
2213
2570
2368
214
687
2056
1385
1400
2334
87
2632
2841
1163
2795
2936
2914
2583
2910
845
2631
54
1966
1371
1090
424
495
886
302
2341
407
201
657
95
2889
207
1014
1654
2029
2093
80
2477
705
632
733
2895
46
2666
1596
1460
439
147
2819
1706
1997
1230
2111
2856
1096
1074
568
490
834
906
2077
670
787
444
599
2702
113
2887
103
2089
357
2071
2797
1974
1017
2422
268
2825
38
823
2287
98
410
1584
559
2025
1401
2255
102
2874
118
2074
2857
1673
130
1357
1076
2100
1016
1901
394
2731
2264
370
1294
1157
471
206
868
2697
2033
2821
769
1740
417
1113
1944
1500
548
1619
2272
1079
1840
1143
2629
910
2083
1878
2102
2804
750
708
1556
2311
1598
768
1315
86
2907
1031
575
730
2376
1496
1388
1617
2710
1578
1310
333
1821
526
715
2922
1019
1904
286
1487
2131
2809
1352
573
1976
746
1362
1902
2437
1514
1008
1796
1844
2524
2598
2024
702
1847
982
2051
1042
2523
671
282
1522
2416
2868
771
2226
2609
188
2767
2670
988
1106
2782
1354
1236
2190
1343
1274
1753
137
1742
790
713
2569
2635
1012
2031
569
618
878
2386
2330
1964
1646
2004
660
1332
1277
663
1893
639
2396
2384
485
1762
2133
2717
1791
2446
648
2076
2234
2794
2481
1139
2796
1701
1793
427
1667
827
470
965
146
1748
448
1341
1080
1920
1600
2047
954
1794
2527
1186
2571
1013
1520
2553
2899
63
265
2812
2325
615
1418
2931
2601
2253
1965
1485
392
2127
2830
979
1741
2091
283
2371
462
2663
289
197
2749
1028
114
547
2163
2709
522
1945
275
2374
2548
2314
388
1684
2459
2588
11
1853
1818
1375
1175
2400
465
28
1826
2147
1881
131
2067
1060
1199
939
2520
2608
1469
1517
2048
2547
1699
1387
589
1875
1374
2198
666
957
1871
2768
2063
1257
1054
1402
2474
1435
833
1800
2026
400
1383
1022
312
1628
2171
774
5
1721
821
751
597
229
1702
800
1158
704
2473
116
1298
2240
1549
2582
521
1135
2229
999
610
1249
1103
1378
1328
1704
1672
273
1259
493
2722
2138
2771
304
2435
454
1026
598
662
1813
1894
1513
1169
353
754
139
2560
1715
1676
223
557
1226
2834
1164
727
2280
213
865
2625
2062
431
1786
2559
1817
649
1145
1314
2087
26
2696
1205
1669
1885
1361
2817
2800
2475
1784
1752
1509
1023
1304
1306
1390
553
2247
158
2811
2494
838
2695
2780
187
92
2285
2923
271
2060
2186
970
636
1452
2356
1165
2332
2122
889
1222
2114
170
2014
1480
1592
21
416
2687
180
2935
867
959
1879
1541
1065
1539
987
2753
1244
924
2757
1040
1108
2499
15
1024
1613
280
929
880
192
2786
2616
1268
1297
88
1221
356
536
796
798
154
398
2660
1134
2139
2408
2535
2211
524
2758
122
203
292
1289
1270
269
425
1058
2005
911
2084
1614
755
732
2611
2389
1055
893
1957
1866
408
630
1
2193
1144
1994
440
784
869
1320
1504
254
2691
2844
1155
1174
1081
1603
2911
596
628
613
700
586
1312
317
2471
259
226
252
1787
377
1599
2420
2338
14
2831
176
2517
2278
2220
241
247
2904
2057
368
1650
1493
2482
852
45
1252
2141
79
923
212
1845
1225
745
2108
227
120
1555
316
204
1424
2439
1780
34
2225
2500
340
1953
976
1814
1610
2215
624
1067
804
2281
199
903
1903
1795
1535
1962
792
641
1954
1258
2154
2468
1099
2578
2832
1707
571
488
1798
2567
342
1179
2448
2724
109
544
191
1566
2309
1241
898
1127
2647
1457
2184
1049
1100
1789
1398
1029
2205
379
696
2732
917
2617
1524
1498
683
414
1897
1246
1121
225
1736
2286
110
567
1636
2324
1287
112
2630
2896
1138
780
1663
2835
453
2069
1709
2323
1506
1198
2850
1283
1001
1941
1922
2674
1048
854
2216
1756
300
2599
413
2532
181
2043
218
2036
2920
2187
2172
1308
2933
2230
270
2393
938
1622
2268
1010
799
1850
1678
1083
2034
1633
161
2241
47
2159
2790
2052
592
1681
1608
2110
2661
498
2104
1035
1172
13
866
240
2575
1389
1759
2320
2023
538
2624
1884
372
1011
1453
1254
308
1851
908
1682
1671
366
1713
1355
1774
19
591
151
2337
189
1443
1201
1505
436
78
2716
1937
10
2534
1823
691
698
58
2558
2552
482
467
2038
1548
1708
2572
125
149
1657
532
1942
1710
672
2883
193
2293
2581
1300
2652
623
2573
1521
1057
2650
1146
2417
1694
2242
1655
1162
134
1131
486
2447
152
1855
2292
132
555
2194
2689
503
165
1439
1568
2555
504
572
574
202
1553
1359
2199
69
961
795
952
2009
753
2123
539
1510
1531
1601
1085
1284
1711
627
1880
801
2822
996
1477
1547
1582
1991
1993
1604
514
935
625
1281
2770
1822
466
2112
2308
381
2050
862
1927
306
1324
18
1924
1160
2166
296
290
127
336
2269
0
1913
1586
2440
1115
2045
2348
2648
2760
126
385
53
1806
2243
2321
890
81
1658
541
1856
611
2070
2099
1571
1863
1754
581
31
1116
1212
1353
2833
920
1670
563
1832
1030
2075
2217
1816
668
2173
1395
1296
2221
2506
2345
2641
502
1747
2917
299
2042
857
738
1150
2561
1327
1627
2335
694
2737
4
438
1211
12
626
295
1405
133
1209
2113
661
1712
2485
1975
1751
1577
1183
2808
1086
2863
1919
863
2636
1148
644
2528
2739
71
258
107
345
2862
1528
472
2407
1573
1152
2336
1018
2903
2017
2673
430
2715
1746
44
1382
24
2515
2643
1290
984
2208
2132
2319
860
1486
554
2181
1166
717
2394
2068
1056
1564
363
1677
352
1151
2491
643
2271
934
895
1189
2310
941
2413
2859
2487
277
550
2686
2065
1666
937
2584
48
619
124
2245
1263
129
758
1836
1347
2016
1982
9
1986
2148
2153
892
2511
1142
1732
673
237
1533
1526
788
2387
2772
104
1831
1558
344
2379
2495
1925
301
1082
1196
1737
156
2316
916
2742
150
1778
2542
481
822
2355
77
1471
2252
764
43
990
1033
332
1089
1835
582
1810
403
1368
2646
2162
2684
2410
2421
2708
506
157
2061
376
2867
1490
1576
973
718
2752
517
891
2658
96
814
1356
1475
2232
2430
1729
1168
1250
1872
2411
1776
2136
997
2276
1243
215
2785
2679
480
2701
2870
1720
2315
2803
460
678
148
365
1372
1153
1262
1000
2565
2340
2556
2206
97
2659
2055
1923
1956
884
2566
196
476
680
2218
49
958
1043
2001
2011
405
2182
2248
1118
474
1301
1337
1421
1947
2372
812
1929
2699
1004
2690
1983
2306
402
83
2846
791
428
1333
1381
1857
2847
160
2195
335
1264
1473
1194
802
2613
1184
2913
2185
1438
1112
1120
593
475
297
534
2263
2405
731
2359
2209
761
2603
2848
489
505
1420
1788
60
1689
2789
2157
389
2463
74
2115
1540
195
888
367
2940
320
2013
2073
606
1839
2824
856
1411
2370
1683
1503
2390
2718
637
723
2349
2300
1248
2121
2740
2704
1635
1124
962
1616
2675
2877
2680
2236
726
2677
2197
1914
716
543
2137
1930
1951
1052
2449
2840
993
2678
674
2912
527
2273
631
1109
2362
829
383
955
1545
1078
518
2399
2222
473
2228
2203
2545
2888
1242
2890
1609
782
1326
1693
721
2762
2453
621
1006
1479
1597
2444
945
943
847
3
1611
2155
2373
1185
487
1059
1552
1295
174
228
463
2759
1716
622
1360
1767
418
2713
328
307
2634
805
2365
2101
2176
840
797
2426
2668
2918
2307
351
665
1755
1456
2498
2885
2842
1459
2640
2516
2723
977
2873
1454
1072
1515
533
2251
117
2294
1391
2030
371
949
1931
1141
2175
907
529
274
2927
1642
1369
2223
2383
1932
1318
2493
1410
2012
2884
325
2128
2807
2614
815
942
1062
2350
2734
183
2861
1260
1392
2395
1434
89
423
101
1981
1117
1829
992
82
461
155
2656
65
2270
2688
2941
1911
1511
1605
2793
153
231
61
1380
374
2563
2728
2380
1543
2550
2727
1128
1659
384
779
2117
1235
221
121
2385
635
1111
2788
946
1781
261
837
1638
2600
1423
2366

