1 1
2 0
3 1
4 1
5 0
6 1
7 1
8 1
9 1
10 0
11 0
12 1
13 1
14 0
15 1
16 0
17 0
18 0
19 0
20 1
21 0
22 1
23 0
24 1
25 0
26 0
27 0
28 1
29 0
30 0
31 0
32 1
33 1
34 0
35 0
36 1
37 1
38 0
39 0
40 0
41 1
42 1
43 0
44 0
45 1
46 0
47 0
48 1
49 0
50 1
51 0
52 0
53 0
54 0
55 1
56 0
57 0
58 0
59 0
60 0
61 0
62 0
63 0
64 0
65 0
66 0
67 1
68 1
69 1
70 1
71 0
72 0
73 0
74 0
75 1
76 1
77 0
78 1
79 0
80 0
81 0
82 1
83 1
84 1
85 0
86 0
87 1
88 0
89 1
90 1
91 0
92 1
93 0
94 1
95 0
96 0
97 1
98 0
99 1
100 1
101 0
102 0
103 1
104 0
105 1
106 0
107 0
108 1
109 0
110 1
111 0
112 1
113 1
114 0
115 0
116 0
117 0
118 1
119 1
120 1
121 1
122 1
123 1
124 0
125 0
126 0
127 1
128 1
129 0
130 0
131 1
132 1
133 1
134 0
135 0
136 1
137 1
138 0
139 1
140 0
141 1
142 0
143 1
144 1
145 0
146 0
147 0
148 0
149 1
150 0
151 0
152 0
153 0
154 1
155 0
156 1
157 1
158 0
159 0
160 0
161 0
162 0
163 1
164 0
165 0
166 1
167 1
168 0
169 1
170 0
171 1
172 0
173 0
174 1
175 1
176 0
177 0
178 0
179 0
180 1
181 0
182 1
183 0
184 0
185 1
186 0
187 1
188 1
189 1
190 0
191 1
192 0
193 1
194 1
195 1
196 0
197 1
198 0
199 1
200 1
201 0
202 1
203 1
204 0
205 1
206 0
207 0
208 0
209 0
210 0
211 0
212 0
213 1
214 0
215 0
216 0
217 0
218 0
219 1
220 0
221 1
222 0
223 0
224 0
225 1
226 0
227 0
228 1
229 1
230 1
231 1
232 0
233 0
234 0
235 1
236 0
237 0
238 0
239 1
240 0
241 0
242 1
243 0
244 0
245 1
246 1
247 0
248 0
249 1
250 0
251 0
252 0
253 0
254 0
255 1
256 0
257 0
258 0
259 1
260 1
261 1
262 0
263 0
264 1
265 0
266 0
267 0
268 1
269 1
270 0
271 1
272 0
273 0
274 0
275 1
276 0
277 1
278 0
279 1
280 0
281 0
282 1
283 1
284 0
285 0
286 1
287 0
288 1
289 0
290 1
291 0
292 0
293 1
294 0
295 0
296 0
297 1
298 1
299 0
300 0
301 1
302 1
303 1
304 0
305 0
306 1
307 0
308 1
309 0
310 0
311 1
312 0
313 1
314 0
315 0
316 1
317 1
318 0
319 0
320 0
321 1
322 0
323 0
324 0
325 1
326 1
327 0
328 1
329 1
330 0
331 0
332 1
333 0
334 1
335 0
336 0
337 1
338 1
339 1
340 1
341 0
342 0
343 0
344 1
345 0
346 1
347 0
348 1
349 0
350 1
351 0
352 1
353 0
354 0
355 1
356 1
357 0
358 0
359 1
360 0
361 0
362 1
363 1
364 0
365 1
366 1
367 0
368 0
369 1
370 0
371 1
372 1
373 0
374 0
375 1
376 0
377 0
378 1
379 1
380 0
381 0
382 1
383 0
384 0
385 1
386 0
387 1
388 0
389 0
390 1
391 0
392 0
393 1
394 0
395 0
396 0
397 1
398 0
399 1
400 0
401 0
402 1
403 0
404 1
405 0
406 1
407 0
408 0
409 1
410 0
411 1
412 0
413 0
414 0
415 1
416 0
417 0
418 0
419 0
420 1
421 0
422 0
423 1
424 0
425 0
426 1
427 0
428 0
429 0
430 1
431 1
432 0
433 1
434 0
435 0
436 1
437 0
438 1
439 1
440 1
441 0
442 0
443 0
444 1
445 0
446 0
447 0
448 1
449 0
450 1
451 1
452 0
453 1
454 0
455 0
456 0
457 1
458 0
459 0
460 1
461 0
462 0
463 0
464 0
465 1
466 1
467 0
468 1
469 1
470 1
471 1
472 0
473 0
474 1
475 0
476 1
477 1
478 1
479 1
480 0
481 1
482 0
483 0
484 0
485 0
486 1
487 0
488 0
489 0
490 1
491 0
492 0
493 1
494 0
495 1
496 1
497 1
498 1
499 1
500 1
501 0
502 1
503 0
504 0
505 1
506 0
507 0
508 1
509 0
510 0
511 1
512 0
513 1
514 1
515 0
516 0
517 1
518 0
519 0
520 1
521 0
522 1
523 0
524 1
525 0
526 0
527 1
528 0
529 0
530 1
531 0
532 1
533 0
534 0
535 1
536 0
537 1
538 1
539 0
540 0
541 1
542 0
543 0
544 1
545 0
546 1
547 0
548 1
549 0
550 1
551 0
552 0
553 1
554 0
555 0
556 1
557 0
558 0
559 1
560 0
561 0
562 1
563 0
564 1
565 0
566 0
567 1
568 0
569 1
570 1
571 0
572 1
573 1
574 0
575 0
576 1
577 0
578 1
579 0
580 1
581 1
582 1
583 1
584 1
585 0
586 1
587 0
588 0
589 0
590 0
591 1
592 0
593 0
594 1
595 0
596 1
597 0
598 0
599 0
600 1
601 0
602 1
603 1
604 0
605 0
606 1
607 0
608 1
609 0
610 1
611 1
612 0
613 0
614 0
615 1
616 0
617 0
618 1
619 0
620 1
621 0
622 0
623 0
624 1
625 1
626 1
627 1
628 0
629 1
630 0
631 1
632 0
633 1
634 0
635 1
636 0
637 0
638 1
639 1
640 0
641 1
642 0
643 0
644 1
645 1
646 1
647 0
648 0
649 1
650 0
651 1
652 0
653 1
654 0
655 1
656 0
657 0
658 0
659 0
660 1
661 0
662 0
663 0
664 1
665 0
666 0
667 1
668 0
669 1
670 1
671 1
672 0
673 0
674 1
675 0
676 1
677 0
678 1
679 0
680 1
681 0
682 1
683 1
684 0
685 1
686 0
687 0
688 0
689 1
690 0
691 1
692 0
693 1
694 0
695 1
696 0
697 1
698 1
699 1
700 0
701 0
702 1
703 0
704 0
705 1
706 0
707 1
708 0
709 0
710 1
711 0
712 1
713 0
714 0
715 1
716 0
717 0
718 1
719 0
720 1
721 1
722 0
723 1
724 0
725 0
726 1
727 0
728 0
729 1
730 0
731 0
732 1
733 0
734 1
735 0
736 1
737 1
738 0
739 0
740 1
741 0
742 0
743 1
744 0
745 0
746 1
747 0
748 1
749 0
750 0
751 1
752 0
753 1
754 0
755 0
756 1
757 0
758 0
759 0
760 0
761 1
762 1
763 1
764 0
765 0
766 0
767 1
768 0
769 1
770 0
771 0
772 1
773 1
774 0
775 1
776 0
777 0
778 1
779 0
780 1
781 0
782 1
783 0
784 1
785 0
786 1
787 0
788 1
789 1
790 0
791 1
792 0
793 1
794 0
795 0
796 0
797 0
798 1
799 0
800 0
801 0
802 0
803 1
804 1
805 0
806 1
807 0
808 0
809 1
810 0
811 1
812 0
813 1
814 0
815 1
816 0
817 1
818 0
819 0
820 1
821 1
822 0
823 1
824 0
825 0
826 0
827 1
828 0
829 1
830 1
831 0
832 1
833 0
834 0
835 1
836 1
837 0
838 0
839 1
840 0
841 1
842 0
843 1
844 0
845 0
846 0
847 1
848 1
849 0
850 1
851 0
852 1
853 1
854 0
855 1
856 0
857 0
858 1
859 0
860 0
861 1
862 0
863 1
864 1
865 0
866 1
867 0
868 1
869 0
870 1
871 0
872 0
873 1
874 0
875 1
876 0
877 1
878 0
879 0
880 1
881 0
882 0
883 1
884 0
885 1
886 0
887 0
888 1
889 0
890 0
891 1
892 0
893 1
894 0
895 0
896 1
897 0
898 1
899 1
900 0
901 1
902 0
903 0
904 0
905 0
906 1
907 0
908 1
909 1
910 1
911 1
912 0
913 0
914 0
915 1
916 0
917 0
918 0
919 0
920 1
921 0
922 0
923 0
924 1
925 0
926 1
927 0
928 0
929 0
930 1
931 1
932 1
933 0
934 0
935 0
936 1
937 0
938 0
939 1
940 0
941 0
942 0
943 0
944 1
945 0
946 1
947 0
948 1
949 0
950 0
951 1
952 0
953 0
954 0
955 1
956 0
957 0
958 0
959 1
960 0
961 1
962 0
963 1
964 1
965 1
966 0
967 1
968 1
969 0
970 0
971 0
972 1
973 1
974 0
975 0
976 0
977 1
978 0
979 1
980 1
981 1
982 1
983 0
984 0
985 0
986 1
987 0
988 0
989 0
990 1
991 0
992 0
993 0
994 0
995 1
996 1
997 1
998 0
999 1
1000 0
1001 1
1002 0
1003 0
1004 0
1005 1
1006 0
1007 1
1008 0
1009 0
1010 1
1011 0
1012 1
1013 0
1014 0
1015 0
1016 1
1017 0
1018 1
1019 1
1020 0
1021 1
1022 0
1023 0
1024 0
1025 1
1026 1
1027 1
1028 0
1029 1
1030 0
1031 0
1032 0
1033 0
1034 0
1035 1
1036 1
1037 0
1038 1
1039 0
1040 0
1041 0
1042 1
1043 0
1044 0
1045 1
1046 0
1047 0
1048 1
1049 1
1050 0
1051 1
1052 0
1053 0
1054 0
1055 0
1056 1
1057 0
1058 1
1059 0
1060 1
1061 0
1062 0
1063 0
1064 0
1065 1
1066 0
1067 1
1068 1
1069 0
1070 0
1071 1
1072 0
1073 0
1074 1
1075 0
1076 1
1077 1
1078 0
1079 0
1080 1
1081 0
1082 0
1083 0
1084 0
1085 1
1086 0
1087 1
1088 1
1089 0
1090 1
1091 0
1092 0
1093 0
1094 0
1095 1
1096 0
1097 0
1098 1
1099 0
1100 1
1101 1
1102 0
1103 0
1104 0
1105 0
1106 0
1107 0
1108 0
1109 0
1110 0
1111 0
1112 0
1113 0
1114 0
1115 0
1116 1
1117 0
1118 0
1119 0
1120 1
1121 0
1122 0
1123 0
1124 1
1125 0
1126 1
1127 0
1128 1
1129 0
1130 0
1131 0
1132 1
1133 1
1134 1
1135 0
1136 0
1137 1
1138 0
1139 1
1140 0
1141 0
1142 0
1143 0
1144 1
1145 1
1146 0
1147 1
1148 0
1149 0
1150 0
1151 0
1152 1
1153 0
1154 1
1155 0
1156 0
1157 1
1158 1
1159 1
1160 1
1161 1
1162 0
1163 0
1164 0
1165 0
1166 0
1167 1
1168 0
1169 1
1170 0
1171 0
1172 0
1173 0
1174 1
1175 0
1176 0
1177 0
1178 0
1179 1
1180 0
1181 0
1182 0
1183 1
1184 0
1185 1
1186 0
1187 0
1188 0
1189 1
1190 0
1191 0
1192 0
1193 1
1194 0
1195 1
1196 1
1197 0
1198 0
1199 0
1200 1
1201 0
1202 0
1203 0
1204 0
1205 0
1206 1
1207 0
1208 1
1209 0
1210 0
1211 0
1212 1
1213 0
1214 0
1215 0
1216 0
1217 0
1218 1
1219 0
1220 1
1221 1
1222 0
1223 0
1224 0
1225 0
1226 0
1227 0
1228 0
1229 0
1230 1
1231 1
1232 1
1233 0
1234 1
1235 0
1236 0
1237 0
1238 0
1239 0
1240 1
1241 0
1242 0
1243 0
1244 0
1245 0
1246 0
1247 0
1248 0
1249 0
1250 0
1251 1
1252 0
1253 0
1254 0
1255 0
1256 1
1257 0
1258 1
1259 0
1260 0
1261 0
1262 1
1263 0
1264 0
1265 1
1266 0
1267 1
1268 0
1269 0
1270 0
1271 1
1272 0
1273 1
1274 0
1275 0
1276 0
1277 0
1278 1
1279 0
1280 0
1281 1
1282 0
1283 0
1284 0
1285 1
1286 0
1287 1
1288 0
1289 0
1290 1
1291 0
1292 0
1293 0
1294 0
1295 1
1296 0
1297 0
1298 1
1299 0
1300 0
1301 0
1302 0
1303 1
1304 0
1305 1
1306 1
1307 1
1308 1
1309 0
1310 0
1311 1
1312 0
1313 0
1314 0
1315 1
1316 0
1317 0
1318 1
1319 0
1320 1
1321 0
1322 1
1323 1
1324 0
1325 1
1326 0
1327 0
1328 1
1329 0
1330 1
1331 0
1332 0
1333 1
1334 0
1335 0
1336 1
1337 0
1338 0
1339 1
1340 0
1341 0
1342 1
1343 0
1344 1
1345 0
1346 0
1347 0
1348 0
1349 0
1350 1
1351 0
1352 0
1353 0
1354 0
1355 1
1356 0
1357 0
1358 1
1359 0
1360 0
1361 0
1362 0
1363 1
1364 0
1365 0
1366 0
1367 0
1368 0
1369 0
1370 1
1371 1
1372 0
1373 1
1374 1
1375 0
1376 0
1377 1
1378 0
1379 0
1380 0
1381 1
1382 0
1383 0
1384 1
1385 0
1386 1
1387 0
1388 0
1389 0
1390 0
1391 1
1392 0
1393 1
1394 0
1395 0
1396 0
1397 1
1398 0
1399 1
1400 0
1401 0
1402 1
1403 0
1404 0
1405 0
1406 0
1407 0
1408 1
1409 0
1410 0
1411 0
1412 1
1413 0
1414 0
1415 0
1416 0
1417 1
1418 0
1419 0
1420 0
1421 0
1422 0
1423 0
1424 1
1425 0
1426 0
1427 0
1428 0
1429 1
1430 1
1431 0
1432 1
1433 0
1434 1
1435 0
1436 0
1437 0
1438 0
1439 0
1440 1
1441 0
1442 0
1443 0
1444 1
1445 0
1446 1
1447 0
1448 0
1449 1
1450 0
1451 0
1452 1
1453 0
1454 0
1455 1
1456 0
1457 0
1458 1
1459 1
1460 0
1461 0
1462 0
1463 1
1464 1
1465 0
1466 1
1467 0
1468 0
1469 0
1470 0
1471 0
