2178
1892
2395
1219
1653
2143
1624
1452
2196
2204
1426
1123
437
970
2470
1450
2183
1914
163
2904
1989
690
1201
2071
890
423
2366
2241
1232
651
2336
966
1699
1401
2825
345
2349
2019
2199
2410
1031
2906
968
463
1776
764
1410
963
734
885
720
2539
353
800
1713
1299
2781
315
331
445
1002
2243
532
2351
1981
2635
756
2397
297
134
25
2165
993
2107
1836
1617
1427
1923
1368
1041
257
1983
830
1073
2340
2159
1070
1602
2550
596
1365
1362
926
2080
971
2901
2693
1895
2318
306
1335
2762
1612
1084
2575
824
1649
373
230
130
2478
33
2604
894
1376
477
2801
161
2795
1332
1092
1043
350
2858
459
146
671
153
992
1977
2752
1001
1888
2737
369
2443
552
1628
2707
1492
260
2931
1922
2066
2598
1100
2844
48
2544
647
739
2433
591
464
2303
1529
261
851
1493
2369
994
1786
2897
51
489
891
2400
485
2569
1815
104
2017
2682
2938
2346
757
621
2899
2168
2757
2685
251
2778
2030
116
1900
100
1352
467
1976
1598
1415
1790
2192
2158
711
2887
167
28
1953
519
1876
2277
2173
220
1760
1153
2335
562
1393
2237
2374
1271
2292
140
1695
3
1907
2097
822
831
725
914
0
2756
1115
253
1047
777
895
1225
2417
1473
2060
915
728
1126
2591
1216
1292
357
1734
1327
2572
1727
400
2007
2708
432
1454
1968
1367
2472
286
2526
2312
482
2239
1499
107
2552
235
1014
1398
1063
2789
1591
223
1226
933
2888
546
1222
1320
1584
1462
1520
632
795
611
1761
708
600
123
1154
1168
1783
2912
1515
2073
2822
2360
2837
2328
2452
1457
631
766
1517
1919
1770
808
2814
819
1988
2291
1600
2430
1444
986
1234
990
1864
1972
2093
14
1722
2052
693
829
1648
87
1883
1486
2679
837
549
2322
2646
2743
2365
2643
2289
2460
661
1078
447
2914
2282
1799
2850
2347
783
1146
2651
2421
2800
1995
202
117
1411
312
2345
517
790
1209
1715
604
2580
1904
2806
1562
182
1180
2230
1455
1658
907
2672
687
2724
1388
486
414
413
2486
292
741
656
2457
1025
1811
2771
2656
871
2703
1057
1623
2663
412
1387
1861
2647
2246
744
1685
2619
812
37
689
1007
229
1009
2308
1534
570
1166
780
1089
2702
995
526
2416
1048
2174
2388
1266
884
17
2211
2222
1902
2935
2473
2398
1471
1384
2669
723
1119
289
861
2079
2418
1676
601
2774
928
1625
1284
2220
2738
1523
548
141
295
1663
9
1706
1071
1425
1544
925
2714
2484
630
1606
1771
2607
2425
1307
1155
1066
2561
389
234
2364
1472
1674
874
1268
1773
1143
2648
2295
1848
1903
310
95
1090
231
174
2508
1438
1863
753
2558
608
627
2636
2175
792
898
2321
2147
1187
216
179
788
2784
749
64
2745
1823
1144
2423
667
343
303
439
1748
1162
2747
1297
1847
2779
2152
2579
1072
2900
2528
1970
358
54
2514
1118
2532
298
771
1774
2594
2098
1762
2408
1067
2386
1963
1378
575
2662
317
2833
977
2001
2497
2163
2306
785
2881
1303
847
1994
2081
1573
2483
2189
1404
1195
2157
514
2545
1841
710
46
1679
2529
679
2696
196
186
2712
240
2022
988
2932
384
449
1160
1692
2568
2704
1029
2126
2263
1593
2105
1504
1641
318
2326
654
158
91
1423
2530
294
2141
2799
41
1519
2603
2086
543
2439
458
1698
1607
2339
2681
644
698
674
263
1652
1243
1344
2193
2104
1149
499
290
2481
1478
1657
34
1931
395
89
916
2069
411
1714
2145
74
405
70
1060
1138
1508
2810
2198
197
772
2002
585
595
2309
642
1896
2585
2857
115
1175
718
2203
1939
2394
672
238
2219
2496
834
688
1056
1541
1759
1555
2832
1804
1145
2106
2331
1379
2342
1665
2330
181
1364
1514
2218
2692
1543
1777
1476
1974
2879
2634
1930
840
652
1122
2891
568
2216
1533
535
1102
2377
1408
1259
1179
490
1470
2611
655
1302
1203
886
2896
442
20
1590
586
13
2790
2650
1227
124
1673
614
1204
1854
323
1837
460
843
2700
1905
820
2031
1753
1158
2547
1258
722
444
2729
208
1361
1281
1428
860
619
1831
982
2307
1298
2490
1565
2516
1183
2754
752
2773
1213
571
1934
1589
2791
1296
2503
1474
2213
705
1059
2249
480
2657
2665
2240
2811
2301
1355
980
849
1165
472
1239
1736
2813
305
72
2068
1380
2187
1194
1113
959
2434
1371
2392
1576
410
2523
2422
2605
40
2622
1739
2223
1814
1324
1163
910
2461
2658
1927
370
1819
949
927
379
742
2343
793
2458
1359
2094
2426
2531
151
488
1546
1120
1535
258
957
564
2162
368
2764
1445
85
284
2371
2606
804
682
2300
2278
337
2010
1205
670
2129
2871
2406
1853
999
2617
518
1796
1791
576
2049
2182
2401
527
36
160
2140
1882
732
547
2615
441
1528
2769
2834
1042
1822
2586
1694
309
2041
761
2560
2250
1017
1290
1242
1942
1985
524
973
2082
2785
53
1743
1878
1159
2570
2730
2018
308
974
1212
1283
574
2127
1640
30
2792
763
622
1418
55
1626
1490
2826
2898
94
1005
1754
143
1631
1142
2475
1632
227
867
1867
2039
675
466
2816
1793
2854
2428
1108
755
2352
2577
1755
2368
1547
1916
2076
1568
2725
2525
241
1107
4
2033
563
2102
610
42
1023
2344
2195
782
1416
724
2828
2131
390
826
344
404
2087
2260
1463
1091
2005
2338
935
2453
2642
468
1941
920
2248
1986
1675
155
677
330
1767
762
2519
2179
1458
1272
367
1475
2731
1929
737
1217
932
1660
142
1595
2927
285
470
2627
1893
2296
1789
2710
1614
2003
2720
355
1647
825
612
598
697
945
2009
2587
2110
1511
1231
1635
508
550
1828
1540
1052
2132
1516
2695
1075
658
2188
1656
1208
1036
296
2273
1717
1370
2092
314
320
745
1003
1498
2444
1765
2393
2111
2427
183
1305
1505
901
545
573
98
1609
2217
2305
2612
899
2874
1915
2793
1877
1705
1309
2861
242
1984
1732
856
2224
1630
333
102
1265
2053
366
929
2787
1314
2739
2504
801
491
1778
2014
2156
864
1000
653
1721
1803
544
1798
1027
1080
1325
1382
1650
478
349
2831
1741
603
998
1553
888
2555
1574
1959
1763
1928
2184
431
2191
1779
1443
2285
2797
418
2258
694
10
425
90
1506
2719
2313
657
2564
2652
2267
561
557
1412
1733
1645
699
2639
228
1495
1125
300
1354
1333
905
2655
2122
2911
352
1949
2056
2748
1975
157
1852
1164
84
643
1250
2212
1810
1838
593
2382
1608
522
139
1184
2823
1638
215
2236
71
1287
2083
714
2630
2866
2050
2633
748
892
67
213
887
1906
1536
1139
2713
2242
953
326
902
1127
1487
2933
1151
1337
2924
590
1049
805
50
1868
259
650
436
1724
282
452
1241
211
1712
1744
2670
669
271
881
1531
2316
1707
2867
806
2167
2269
1671
168
1738
2876
873
1185
1006
1952
816
131
108
2403
2028
2721
233
1196
691
2234
817
2135
919
2907
492
375
730
911
941
845
934
1637
2566
236
1808
717
451
2803
212
2355
1542
483
2096
810
2358
954
1826
427
1969
2511
408
1255
1253
171
626
2512
681
555
2245
1636
324
47
1830
2025
1350
1950
495
205
2493
224
1687
951
1720
1076
2766
2314
2536
325
2046
1911
2535
1681
2736
2451
1962
172
2348
1967
416
685
2337
1764
1430
1440
1992
2786
137
747
879
702
2839
1718
2928
2415
266
403
302
1233
2101
940
1860
1318
1909
618
1716
2387
2424
1539
150
602
1873
1353
1110
2205
2286
364
2716
613
1578
204
1429
1812
2824
2667
897
701
2889
2074
1958
1256
2176
2262
2727
1282
2320
2865
1563
1442
2761
248
1170
178
2154
1527
195
2848
2500
1229
1300
1432
438
624
316
1188
1277
2677
2128
1530
1834
1093
2247
43
2380
2206
750
2412
2474
1413
11
2892
797
1666
68
1955
2288
1538
105
101
2036
374
184
243
1342
516
1891
1449
1993
786
2440
1686
2556
1174
2450
2
443
2818
1943
962
2926
1383
1008
239
1434
493
360
1465
1103
1802
2075
1615
145
152
958
2000
334
2849
1451
1646
2886
2853
2641
979
2675
78
279
2329
1604
1788
1569
420
254
127
1858
2161
429
2202
2037
2044
1566
1497
2624
1731
1643
640
1389
512
2123
194
2070
1879
2396
1140
510
406
422
1481
2689
2877
1374
569
1448
2148
1117
2491
1601
2454
1421
1111
876
1207
2385
2384
457
2437
1010
2623
380
2939
2554
1317
1751
2631
1701
2732
1468
680
1973
1288
2759
113
132
2381
520
2608
2909
327
770
1999
2600
638
1550
542
2446
2893
583
1856
2537
565
192
246
634
1260
1247
2228
1894
346
572
850
2776
1525
2089
2304
2287
1832
433
1996
751
2155
1746
1816
1807
774
854
2653
1181
2032
1077
1422
75
2859
1757
1304
328
2817
684
2775
913
2506
2231
1211
109
2596
2390
2268
2172
2357
924
2735
863
2023
975
280
1308
2923
1667
2549
2232
1390
1921
201
6
716
1030
961
394
1946
628
81
272
791
1938
2413
214
2772
1301
1945
2805
31
2836
2215
335
1356
265
1197
2812
2116
738
1406
1054
1147
2919
2680
1678
2921
2534
2625
500
2011
385
2455
1020
909
1805
2016
2405
1263
103
946
1013
426
758
938
1898
559
1586
765
1482
707
2407
1326
835
2297
2465
26
1874
566
883
2409
2686
1469
1341
1800
1870
796
2334
2294
1065
2870
264
2252
2244
1136
1200
1334
1037
2723
2698
2383
984
1267
1278
52
453
1621
1004
398
1400
1230
502
1261
1279
2117
2353
537
2133
2917
942
1375
23
299
2746
2538
287
1214
2323
77
1447
818
1500
1182
1690
2438
918
473
354
1270
1236
2315
1901
838
1749
1669
2701
930
1752
2432
144
207
12
1890
82
2628
1627
1491
61
2513
2780
1561
1485
2379
2768
775
2733
1148
59
865
1719
1274
454
1697
1177
1982
2890
1859
1424
341
1105
2517
1897
1397
1018
2256
776
1710
1132
2808
2310
2057
15
1918
1190
29
1446
191
659
2705
2284
802
66
1512
1098
149
1524
787
2851
794
1483
906
2602
2235
1167
921
1772
2233
521
225
2852
397
1028
2495
382
2862
1708
2872
2477
1782
917
2013
1238
1709
119
22
166
554
1616
606
1582
2280
2142
556
2180
922
870
340
1662
319
1951
2518
339
1246
1740
869
206
348
1558
1518
528
1074
1064
2042
2085
1725
2429
540
2551
2649
2026
1360
209
1737
1768
187
1479
2895
754
1583
1661
1311
1887
2370
967
594
2660
664
1340
2058
2459
2571
1358
767
1548
2259
950
1141
2829
2722
1347
1526
2091
1829
273
419
1150
964
277
39
148
1672
2884
2114
823
1846
2910
2533
1567
2170
1015
609
1619
846
96
2543
407
1766
1431
1254
507
1496
2765
2592
2767
956
2119
1642
530
2777
987
1419
1960
1680
2038
73
434
1176
2937
118
311
1780
878
120
1331
1794
719
2414
247
2750
2541
2741
278
1502
1439
1189
2796
2257
2499
2883
553
110
2845
1664
972
1620
2227
809
1191
1501
2166
2072
1745
1668
2319
396
1924
2084
923
1202
2920
2272
1264
1622
877
1198
2197
2601
2905
1684
2350
1349
2372
1572
2749
1285
133
2120
1489
2333
2802
1096
2546
1844
232
1315
2238
2281
198
2456
531
363
1061
1885
1997
1275
281
159
2915
121
1825
1729
409
678
455
1022
2718
1850
2873
1328
1910
2047
1435
1726
1172
135
170
1193
2356
203
1588
1011
2763
857
943
1460
2659
1978
735
356
1937
2391
807
1130
955
912
24
2008
1933
1908
686
815
2616
1215
1756
1835
2860
582
1735
35
111
1079
2275
1386
2362
1339
2442
440
1221
347
2562
164
692
2728
1129
19
5
727
471
2139
469
177
1987
1597
715
1592
833
237
2034
18
2376
1038
2255
421
695
1039
868
1293
83
1920
1594
578
599
361
2489
2835
1228
2885
2048
2640
93
2711
1235
2734
1884
848
1312
2271
2846
579
1947
1639
2717
2751
2063
498
1564
190
2420
2065
2864
1618
1559
383
165
7
1262
1218
112
2521
1128
662
450
2293
1742
2468
2638
1532
57
1610
1781
2160
2726
2588
1464
1273
635
503
1689
2138
625
2150
1252
1956
185
1280
1251
1034
2185
2492
1634
99
1605
1026
424
607
2004
497
2597
2441
903
1488
175
245
1461
2399
2121
2462
1809
605
880
1210
567
2691
506
1702
2676
2078
2671
2190
636
2200
487
391
2149
2678
1579
2402
1069
581
2742
904
1557
842
1691
2788
1577
616
322
1206
1405
2856
2502
249
1024
2567
288
2715
262
2449
1152
1345
2820
2055
1880
1169
1711
1101
1391
2221
948
1865
2095
1936
1220
1336
1855
1875
1769
2694
2880
1171
539
2327
1503
2051
637
931
1824
2270
900
2488
1510
1869
504
1161
1097
2807
2940
580
1545
402
1420
2798
2476
2404
1178
342
2115
371
2061
2466
538
1156
1441
1980
2522
1223
1062
2690
62
2869
1747
746
2507
2590
92
1021
773
80
2435
803
1019
1310
2324
365
2062
2274
2697
1381
1659
2599
1051
2548
2847
1338
2794
1
56
2317
2842
2378
2498
2171
1571
162
1313
2613
2311
125
1134
2782
2645
1851
2463
173
1787
2902
1961
147
2253
649
2279
2088
541
1244
597
1088
1112
415
592
1581
2770
2302
8
1087
2164
2254
2021
781
1480
2445
726
936
1925
645
256
2298
2194
1248
2618
513
1971
2207
960
2629
981
779
2264
1436
2024
683
79
1521
855
1633
952
633
1053
1818
533
2819
2265
283
839
193
156
2290
1797
1033
1758
430
494
2620
2559
221
666
2744
2664
2482
560
481
2099
629
1522
1131
1775
496
2501
2485
1935
2354
49
965
1012
558
2830
2487
65
378
1965
1068
1596
1086
799
862
21
1392
1948
1728
27
1551
1801
1437
1094
336
1813
2740
1785
2553
475
1329
2436
1291
2894
721
1133
976
505
38
32
2875
362
1926
1294
2540
1998
743
461
2684
2494
255
2609
1192
2632
2581
2471
1124
2573
275
1899
2918
615
617
1954
2804
660
1240
1099
2137
387
1629
1055
700
2903
58
2359
1560
740
180
589
978
1677
106
1857
1872
2916
1399
2276
97
1552
2225
1322
2930
534
2706
1343
217
2112
1016
1599
947
114
1453
996
1396
1237
1395
1585
2020
1703
769
388
836
2583
2029
1407
2753
760
1035
2261
1644
1587
2827
1964
588
1820
1509
351
733
1351
2027
1655
1700
1613
1295
381
392
2589
1040
853
222
1843
2843
1403
1316
1513
226
844
2673
2109
2136
1821
2108
2448
1693
587
448
44
668
1683
1046
2040
301
476
2758
1346
1157
2868
1688
219
997
2925
1730
2113
789
2006
126
372
1394
1348
2815
1704
2563
2841
1549
1095
1269
1917
1537
2373
2515
639
2035
641
2299
2614
706
270
2821
2855
2783
2419
784
386
1654
2760
1990
1866
989
1507
479
63
852
1862
2130
1467
376
1224
293
1784
1456
1886
2621
276
428
2584
1249
509
2103
2479
2464
536
2908
1881
393
45
2146
2610
832
2012
872
2090
1871
218
2595
313
2054
2509
474
1991
729
529
2283
2367
1459
2542
1330
1104
2067
2582
136
250
2687
1484
2325
828
2505
2467
2064
1085
709
2186
16
798
663
2755
86
1109
1723
2181
2134
2520
713
577
2683
2527
1556
2209
1842
1827
1058
2593
1121
1570
991
1323
304
2576
1044
244
252
2934
1682
620
2941
2447
2375
1106
1603
359
768
969
859
2838
2226
169
2809
2661
2151
1276
128
703
377
1385
676
2666
1050
332
1081
551
189
1670
1289
401
1199
889
2913
1045
646
1137
2169
2266
484
329
2389
2929
866
841
2015
2668
2626
2144
2922
1494
1913
2059
501
1433
338
1575
1373
584
2411
1944
1849
2210
623
937
321
1845
1580
1840
60
511
1792
525
2510
2214
1889
2118
875
1116
896
2936
2153
2644
88
673
1377
1839
1957
1366
2201
2688
1417
811
2332
2840
1833
2654
1372
736
1245
893
985
2125
2361
1795
2524
267
1369
523
2045
944
515
1032
939
1363
1402
908
210
882
1135
2208
821
1466
983
462
456
1912
1414
2100
712
2177
2578
1321
665
2124
2674
199
1306
1940
1932
2341
2469
2043
176
435
1806
268
1186
2363
1173
2480
122
1651
446
2077
200
1286
704
759
778
291
154
1477
2574
1750
2878
274
1409
76
1257
2637
269
188
1083
731
465
813
1114
814
1357
399
2709
696
2863
1979
69
648
417
2229
1966
138
1554
1696
2565
1082
2431
858
2557
2882
1319
1611
2699
827
1817
307
129
2251

