824
2898
1638
81
149
1305
687
1089
2034
2003
2085
1601
2763
2423
2060
537
2487
1048
1108
1534
2171
2407
1183
2869
2172
419
1707
2436
2648
1115
681
2321
1676
1877
2114
1035
2485
2142
1278
1476
2526
229
2270
1336
872
1807
2816
2036
2057
337
1997
2389
1643
1132
318
1045
201
208
725
1900
2586
1418
216
1557
977
1983
1728
529
696
1667
2041
2589
2198
209
1565
546
0
1039
1714
930
926
186
871
287
1347
2072
682
2805
2838
1
1236
1697
79
1965
2223
839
2571
134
2872
1144
1567
2408
936
1300
2359
2719
60
1297
1555
713
2918
2691
1087
1143
1945
1666
412
2476
294
1020
2772
1864
136
527
2504
405
2896
409
372
1700
2676
906
2760
1969
1111
2841
972
58
1668
728
1546
853
1669
1839
204
900
793
1393
747
298
2680
2045
1313
2561
176
758
106
2463
2240
41
2503
2401
219
1028
12
2700
115
825
993
1290
2418
876
325
444
284
2110
23
857
2348
2830
1247
2115
2033
424
1930
1065
1940
2205
2082
611
2722
1493
406
1630
2145
72
1271
744
2162
2796
2925
1773
2546
2706
1153
1791
924
1412
97
2624
2272
2642
579
846
1338
1344
1745
1372
203
1858
449
966
1698
1407
221
2762
614
1612
2131
2474
2305
690
200
1430
2206
574
2221
1395
2353
2686
1503
1164
1272
2
2149
656
1434
393
1661
2502
1257
2768
925
1652
2621
573
1788
2554
1743
1747
2560
305
1416
182
2136
2439
1793
1316
1847
832
1449
1046
877
2380
498
1000
829
2087
2647
1606
1343
2150
1066
1498
331
2507
1100
2188
1186
2478
933
415
644
2817
1394
1710
1282
1366
1890
1279
903
1334
592
1119
2071
2058
1760
2803
2856
586
1896
1055
745
639
1640
88
2668
1971
2674
2095
1849
170
683
1516
2193
1023
2640
2452
125
828
1152
36
2429
1357
1689
645
818
1042
1787
2233
2508
2849
1167
1716
776
1410
1245
1703
1323
366
1138
1460
598
2574
322
2219
2513
427
1005
475
1623
2913
2077
923
2288
2891
701
1778
884
2740
716
2497
1861
739
2345
1062
1010
292
2730
1732
2342
1244
2409
2065
1084
2154
289
1264
1287
2866
1446
1220
1662
618
2550
1513
371
2887
2780
1629
1047
286
2834
2809
1477
2141
2604
376
1517
2304
868
218
843
1690
2124
1679
525
558
651
398
1777
1299
313
102
1470
584
323
232
1125
1227
732
1496
260
1649
2238
2480
2458
1587
194
2468
1860
542
2242
2258
1874
2492
1246
1370
2827
2427
2800
105
1991
85
1887
1694
1432
2326
1617
135
528
648
1762
2437
2788
155
2202
1766
1581
1931
2536
2064
2469
838
517
483
432
2056
2615
2464
785
1506
1464
1590
560
1708
1006
2230
1056
519
985
1009
1377
356
662
1465
73
1767
2253
2126
57
1995
2509
2046
1957
1545
2773
268
174
638
121
1970
626
330
2755
1771
2638
276
2547
2184
1435
1704
167
2726
2581
1187
2140
1844
1822
615
2875
2579
2100
273
820
2432
1151
1990
1594
1946
860
1241
2096
2551
202
934
2038
706
1515
2391
1866
2532
172
416
695
766
1417
927
565
431
2090
1419
2216
1520
1772
2732
1457
549
344
2361
830
2336
1388
92
1705
1219
1250
2776
422
1367
1200
796
1013
1899
2596
1425
808
2116
1004
1276
1118
1329
647
1504
199
2018
386
2379
649
2847
2322
1098
1585
1166
2821
1944
1677
1194
2208
811
100
1310
1295
2070
954
285
2025
663
2092
2019
1636
1968
2246
2263
1618
1292
1154
989
10
1439
1261
178
2153
2194
2510
1252
1913
1605
595
2714
309
541
1136
2578
2428
684
2282
1553
403
2810
1963
2333
438
2922
2832
2709
1339
1685
1086
2616
888
2525
2779
340
2337
2909
2009
599
556
99
1043
1730
145
2500
1318
552
238
1514
2888
1774
414
2594
2020
1012
423
708
1094
2098
2405
1224
557
2733
919
1550
2129
2937
317
214
1106
1727
2583
1947
147
2248
1275
1105
956
688
1984
2444
1405
1842
654
91
143
938
1613
1998
530
2877
1919
1721
2567
1233
2243
673
2664
2075
295
2006
1322
246
2477
2338
2865
2366
39
1103
1459
1851
783
629
2756
38
1141
729
2892
1184
2000
865
2385
288
607
1146
104
2781
1054
2212
1041
1923
852
999
385
891
2671
1603
717
969
578
1076
2908
158
1156
1008
2765
905
2222
630
710
724
2555
779
430
666
373
510
1753
411
2728
2829
1838
1401
2587
2257
959
2398
2873
2745
848
140
2091
580
849
2102
1986
210
2007
272
2753
458
2395
2037
760
3
1824
2486
674
55
1173
2220
2713
1363
290
1826
435
2557
1179
622
1082
1368
1657
767
2226
1158
2381
2703
2501
1037
2798
417
2806
2028
1832
601
1953
1658
252
492
263
1500
2387
711
191
2614
1892
1325
864
2844
256
1670
76
2645
1249
802
1808
1362
2660
2015
59
1391
1018
1639
1328
1621
1195
1212
1491
955
2309
664
596
2249
2494
1814
1191
185
1128
1779
1680
2420
1672
426
1017
1284
1206
1390
1962
2325
1729
1304
2515
291
335
1437
1163
594
2158
534
1349
693
2170
1263
1972
1294
1199
951
826
437
1912
487
1483
1539
1415
1595
835
2422
1563
971
1268
1524
315
2088
2227
2754
2632
2411
381
442
610
2151
2750
2049
1182
721
418
257
2419
2717
474
2489
1382
2912
1317
787
1608
1072
1961
1564
2224
2341
2217
702
1049
958
1883
2538
1180
2160
1480
2119
1757
462
1031
786
2897
18
1812
2673
1063
2899
1568
6
137
1536
2300
1733
2612
1364
2675
1192
1067
1925
1383
1718
620
1627
367
20
2930
2807
1155
2657
670
2445
2823
1933
2639
2633
2593
2825
1966
1578
604
602
2424
1165
375
1073
75
2451
1030
2548
855
1475
2047
858
2251
2907
2785
2609
2456
1386
1586
1404
2339
1484
1582
1528
156
2878
2636
2764
1706
1795
1148
2203
280
628
733
173
1701
233
2169
2213
2697
2828
965
2710
2195
1936
21
324
2313
2495
533
1314
1750
2449
718
2040
2280
669
388
731
457
885
2043
2440
1454
982
1789
946
873
2297
1133
189
703
1266
520
2256
2522
2848
791
2376
500
899
790
2364
37
2744
489
2012
2677
2854
2917
433
863
1438
699
627
2328
389
1016
2059
633
1949
486
1665
369
697
1918
2291
1225
1490
764
1619
1693
569
2862
2103
1333
2880
304
169
1596
404
93
1741
2269
1713
159
2278
589
2228
2457
2543
2761
2575
250
242
148
63
1909
2699
1209
572
446
165
1015
2383
2247
465
296
160
653
1078
1229
1385
1692
709
635
1302
2005
1561
987
553
2552
714
1038
889
909
428
175
1775
886
34
420
2055
2067
575
715
634
1178
1223
879
1482
2434
1411
1057
1960
859
1070
397
179
726
671
1353
2128
1558
1763
86
1633
1993
2519
2107
164
1674
472
2450
1600
1273
2363
2441
1414
2665
700
809
515
2588
1537
13
1723
2127
2499
2565
2654
1803
1821
1552
482
2311
2927
1495
2089
2294
1201
2354
243
1878
488
994
425
1738
1135
247
2455
1060
953
1870
616
2860
1988
734
1375
1686
2225
1024
1213
84
2842
299
1342
964
937
300
343
1330
2465
2658
1467
751
350
2493
1934
2414
1683
1365
107
2738
2933
1256
603
2718
2179
1566
1911
723
1014
1413
2435
1688
2168
2549
1938
1251
454
1810
1129
70
566
2895
2421
2540
2268
585
1769
2099
975
328
804
1161
1092
2874
568
1867
1734
2132
2882
332
259
1875
907
2346
2413
981
650
2701
2173
997
1499
1632
1079
536
499
30
1655
258
1780
1281
2646
680
1543
120
2669
235
973
2210
2644
2661
2607
837
2029
1149
916
1462
1145
2365
2004
1203
130
1379
1218
2890
312
1551
1525
2475
2498
2534
2317
1007
1320
554
2737
447
2254
1075
1751
844
1150
539
769
1868
770
632
501
1922
881
2619
2530
1068
1816
1650
2301
2352
212
597
2814
1996
2857
1853
624
228
1852
2166
2281
95
847
1448
1748
1445
1452
2799
237
737
2200
2369
2599
896
1258
1371
1211
2777
2652
2801
719
177
850
1283
1107
2879
1309
1660
2315
2629
1943
797
921
1719
1924
2766
1189
2858
1061
2400
665
2197
1624
478
1572
898
320
707
351
1122
931
2274
455
2511
124
1427
712
2840
2165
387
2147
1001
251
1442
2080
836
861
2472
1602
2558
484
1380
2482
2048
493
1097
439
1235
1080
2704
2133
2349
2516
1208
2137
2531
1711
1312
1989
2512
2329
359
146
819
774
1654
986
241
2051
1348
2521
2350
998
47
1682
1906
206
2014
2355
1234
974
2662
789
1433
1776
1298
1270
2625
1850
1731
2204
1130
1715
2721
19
2905
2523
2312
2273
334
1473
1188
2572
746
1599
2938
1376
352
1916
1197
798
686
1977
1091
2406
1620
600
277
1221
421
1573
2590
2471
1579
1123
636
329
1872
2285
1628
2790
138
1589
2164
2836
1681
948
2811
480
162
1228
2290
469
190
1580
316
2050
2105
2544
781
1756
2934
1894
379
1214
749
2883
1956
2106
944
133
2843
27
822
56
777
1744
591
2775
1040
1626
333
1044
780
2382
1337
1101
2467
1231
655
1656
2209
1222
2378
1904
2262
1994
823
1240
2597
1095
2524
429
2684
2373
511
1907
363
2008
870
399
413
1871
593
1093
1340
2791
2236
1350
451
2101
2479
1790
215
2707
2939
1917
1950
392
2884
53
1920
1511
2093
1074
362
1497
1611
1355
1881
2016
2330
897
2163
180
1884
1831
1976
2461
2698
1083
2702
61
1451
1815
795
555
976
691
380
1992
1254
613
2881
1088
434
513
1019
157
2433
621
68
1478
240
1422
69
1447
878
2130
1096
736
2683
851
2870
1635
2751
1863
163
2410
2394
1315
1569
1296
2109
1458
2527
327
842
1461
2903
940
1695
2462
410
524
1804
867
2182
1549
266
184
1873
1948
2108
353
1204
2370
80
2637
810
1285
7
213
1099
668
220
355
543
2417
1754
244
1288
518
2215
1696
2576
514
67
98
225
980
2335
672
792
2032
1450
142
2653
394
1175
2334
1033
2542
374
2483
2826
445
807
119
1303
2600
1112
1765
2027
485
466
893
1168
698
1185
2906
929
226
1319
1975
2598
2505
11
128
195
1280
1819
735
307
1518
1352
1830
2622
2889
1845
2863
2757
950
1642
2218
1109
1134
608
1848
2559
2054
2541
1980
2024
319
497
1403
756
45
945
631
2556
1784
2069
407
1604
1818
1392
1428
775
875
43
869
2782
1678
915
1644
227
193
1494
1360
1865
370
2192
2727
1485
2286
1903
2318
2758
521
110
2232
2229
346
2739
168
548
2812
2396
345
685
942
2399
2767
2871
908
306
1591
109
2627
1259
196
2568
1408
2044
2260
2725
2797
2649
1622
24
509
970
2940
2910
1888
1341
689
583
640
2177
468
2250
1169
1238
1955
452
2679
297
108
1205
132
2157
882
587
383
1846
479
1817
1840
2759
564
1466
1939
1032
814
271
171
1050
139
2678
1398
1781
2491
112
1387
2135
188
2795
2592
336
694
310
2770
278
2900
526
1533
2731
1444
2736
1796
1951
1798
150
2577
2786
303
114
2514
1805
2695
1982
759
2804
2343
2454
2086
1820
1519
1429
2159
365
2783
122
25
1609
2688
2302
1471
222
1064
2580
1277
192
274
2537
660
800
657
612
1562
2749
730
2920
1426
2397
1137
2185
2634
2235
2902
1053
476
2245
1794
1443
1431
547
2613
1542
914
282
567
1673
1331
2393
2562
103
2368
2720
679
609
1828
757
502
2690
2199
1739
901
947
2851
2904
866
1090
2663
1332
408
748
1671
2125
522
224
799
949
1291
141
535
2175
2013
1389
2886
2371
1531
1505
1829
1999
532
576
65
348
1855
1758
2459
2161
1726
358
2712
154
1783
2488
342
2001
1139
505
2026
2802
677
1786
805
2916
2442
496
2347
361
2148
1856
2061
1529
834
82
2716
1886
984
1176
1891
401
2735
806
395
1792
761
90
453
1512
2094
1472
1583
1120
1253
2062
2564
2287
2853
1799
2914
1625
1978
2261
302
2585
2656
17
1664
1684
788
2696
1424
2207
1058
2144
692
2694
2403
2603
2670
962
230
1834
1827
581
33
2894
559
2631
738
1862
742
1022
390
29
301
1614
1026
2929
31
308
54
813
2035
2626
2284
983
910
1081
264
283
1837
2320
1959
2358
1921
894
2484
448
364
2081
1174
2941
223
2143
1170
1210
750
1675
2630
1893
678
991
590
217
354
1737
2643
2606
2017
939
817
378
803
2591
2610
129
538
1634
2815
1770
314
577
2152
402
912
978
1869
1712
450
1400
2186
1556
1374
1361
1985
1574
1659
2214
722
2384
1663
2277
1351
1859
1648
782
357
440
205
1487
2372
9
752
1964
456
1440
2295
2234
1588
2063
1902
2310
1607
1327
856
812
1841
1420
637
641
1217
2602
1575
1954
2723
659
261
1616
2176
1929
1071
1637
2360
2466
741
1131
2053
2104
2921
275
617
1843
2239
1293
2734
2266
1230
1409
1269
1593
979
2392
2264
1880
2885
606
1456
490
1335
1937
2693
1801
1571
2453
1532
1910
1242
1926
992
1897
1121
127
561
1724
1720
784
1399
1759
2298
2324
1535
2820
349
531
754
943
1274
116
801
2180
1486
1202
841
265
2314
1653
2201
1597
131
249
2681
2111
2030
2426
2705
1764
2259
1981
935
1544
211
2496
1237
1453
1356
2520
1835
1800
1641
1011
1979
2446
887
1914
2390
2319
51
253
1530
1584
2867
1127
2156
2196
2244
1104
880
470
1421
101
460
771
1501
1468
341
523
1140
239
42
197
2155
1952
2122
1198
1699
2787
2623
1114
1908
1181
279
550
77
1521
1354
1479
1548
2742
66
1932
2293
2178
2021
28
895
71
1177
794
516
2121
2852
2118
862
2327
1160
2139
2447
2279
957
2813
245
821
2167
461
2861
512
1761
2404
2774
2611
1538
1905
2431
1346
2023
1463
118
2876
1469
153
1547
2789
2839
2553
1797
1226
1003
642
2620
1927
384
1423
1967
1702
1159
1592
1239
1901
2724
2473
968
1326
187
236
1307
1510
40
1755
281
2357
2316
2181
540
892
2672
267
2308
2778
1021
2752
883
262
1836
152
2299
2367
544
1441
2655
2911
582
1736
87
2388
1052
1749
207
920
1898
658
1126
1813
2303
477
996
778
2174
1691
1025
2618
890
2601
1381
1523
1746
2068
1508
1879
459
2323
1232
1397
2356
743
1646
2741
652
2306
1117
545
1396
2460
1059
2292
815
1301
840
1036
2331
441
1645
183
646
2595
1215
1577
2868
2481
391
2362
675
1526
1216
495
1958
768
762
2932
2289
1255
339
248
2845
1823
1378
467
2146
2097
661
1782
2855
1029
2808
1406
1802
8
2039
111
2344
2569
2113
1717
126
506
347
1085
2711
1576
918
2769
2563
62
1647
494
874
2052
144
1876
2901
1321
1260
1854
2117
117
831
1935
1570
463
2926
321
507
952
2470
2682
1358
2252
2617
14
1687
705
1193
471
963
1481
1196
1722
2112
960
2042
2375
2183
89
48
2079
2448
623
1785
2545
52
1124
932
1540
727
2402
2078
64
1171
2083
2430
2784
2533
1522
2073
94
2864
2340
2819
1077
643
2539
481
2443
2793
1527
83
2936
96
1915
2084
46
473
396
151
161
1806
740
1885
1248
667
2650
1488
2415
5
1492
1345
2237
1265
755
2535
2412
2605
464
563
588
1369
704
772
1034
2374
1889
1973
625
1941
1308
990
2002
1267
2332
436
1768
198
16
2584
2265
961
1735
1311
293
2641
2692
44
941
255
1857
2386
1373
902
1489
1509
2837
2850
2746
326
2211
2377
2276
1002
270
1541
1142
2833
49
1811
917
50
2859
1286
2659
2031
1651
2138
2296
2425
2066
2915
2651
2076
816
377
2255
234
2190
1987
2667
2919
1709
35
676
1507
2935
765
2687
1116
74
2528
123
1833
1942
2351
1436
2824
2022
1740
1725
1069
1306
913
2931
181
2831
2529
2438
32
2846
1554
400
2818
2187
338
2893
2923
2283
2608
2518
1324
368
1289
2666
1974
562
1825
269
551
827
2747
2635
1742
619
1359
1560
22
2271
311
2307
2570
2490
2729
773
1455
504
1110
570
2123
443
1752
2582
26
113
1027
2241
508
2924
78
2685
605
1243
833
1809
2231
904
1598
995
166
2628
2573
2708
2748
571
1882
967
1928
1102
753
2715
2506
2189
1474
4
2771
1384
845
15
854
491
2822
1631
2011
1615
1162
1207
1610
1147
720
1262
254
1113
1559
988
2689
2191
911
2928
928
1051
1190
922
2275
1895
2120
2794
1157
2743
2792
2010
2416
2267
360
2074
1502
231
382
1402
763
1172
2517
2835
2566
2134
503

