1771
1127
2384
1369
61
890
1034
151
1685
549
70
264
514
2842
1739
836
2890
1430
1706
217
529
88
2606
2411
883
2338
33
335
2013
473
1010
290
2231
858
2550
1197
946
925
630
2351
1979
1284
1011
2382
2769
1874
2192
660
1547
796
143
2717
712
2815
1785
875
780
1335
2703
308
46
243
961
1055
1020
1279
2204
2113
1633
343
1035
2671
2643
1305
2929
260
1120
981
1729
188
1458
418
2484
2533
401
305
2359
1807
2531
391
975
1154
1033
2237
1032
296
2610
2655
1242
1308
2121
1727
340
675
2126
2579
1850
813
1360
1189
39
329
481
2919
2047
2366
408
470
178
785
572
2254
1315
1589
2299
1784
1813
439
2369
1352
145
1098
1581
1163
886
849
839
2813
1363
606
2326
511
2175
1919
800
1887
2447
1126
828
2355
2523
467
1886
19
1523
1808
226
607
2568
298
2385
709
427
1968
1597
174
2612
2895
1338
2521
1790
446
1893
984
1248
852
2429
816
515
2145
2594
2215
2378
15
2712
1667
2650
379
2001
2778
1196
389
1945
2392
2690
2214
1373
2403
2698
902
460
756
1576
2852
31
2053
633
591
1066
2345
1185
1988
1659
666
1111
691
1909
1981
710
255
1502
2877
2000
647
1444
1512
1174
2503
1768
2301
2891
1276
474
117
2440
363
2439
2154
779
2700
824
1379
1889
1802
1437
1456
2867
2100
906
638
1678
742
1388
1876
1236
2483
1965
2675
997
183
1122
1529
2545
651
194
383
438
1089
1875
1898
575
1383
1846
2065
2901
2616
400
468
930
2412
2190
973
871
2481
918
0
2511
2024
137
1967
850
2569
2466
543
1037
2008
2682
2699
757
162
1951
445
2932
2115
1653
1344
361
1894
1403
2758
1440
2812
2029
2082
914
2324
545
417
921
316
1534
1811
1268
964
1714
1545
2448
743
2631
2686
599
2178
2430
2073
2598
1106
167
222
2250
2894
671
2567
618
2623
289
1816
1227
60
1666
347
2370
924
842
56
1651
2474
2234
2909
193
1219
986
51
2288
371
1907
302
2779
1186
229
1513
376
1354
2209
124
97
77
1679
1624
1063
1606
1426
1225
848
1329
1180
2365
2205
2762
1049
1561
2791
2207
1553
1234
2436
2718
891
1864
1794
398
1031
1260
2343
1701
2742
1240
2927
1510
793
1596
1183
2437
979
2390
2032
2549
1253
1505
1668
613
2112
559
817
1765
1472
177
442
1902
333
1841
616
1774
2333
30
370
885
2921
2180
846
34
1515
198
1181
2015
1810
2325
2667
1793
1712
1232
565
2892
2882
1903
707
232
1409
360
1119
1193
881
2860
291
1162
1890
311
2755
869
204
18
2089
139
2711
2309
2105
12
1074
2896
1555
492
1639
662
774
901
1109
2564
927
2317
1508
2770
1836
1899
2066
1525
2199
2339
423
259
2680
2319
2554
1321
1870
1496
1772
1799
2006
622
2442
359
2177
2426
2281
475
2274
2938
37
1805
1079
977
1474
1278
1924
1827
1490
506
864
2117
2052
2076
2759
1051
1457
2346
2272
2639
667
1840
1648
695
2917
2248
2344
1665
711
1800
1866
1530
1791
385
2061
716
2628
2624
1179
2646
772
1144
1436
2633
1709
1371
2837
147
2372
1614
273
1896
1337
160
2565
721
2914
2387
972
1603
2924
2202
422
996
1575
434
762
1548
1133
501
2715
1703
1025
2460
803
657
1088
283
1289
792
2584
1715
1937
1946
2428
10
2512
1487
1054
1938
2488
2081
1642
2420
407
2136
142
879
2242
639
2849
1658
822
1223
2418
1743
2263
395
2620
157
2772
2348
1930
536
1411
665
2104
1064
2705
2558
292
440
2350
1619
2131
2417
2091
1654
2256
658
2016
627
2432
1563
827
1544
934
1030
1491
50
645
905
1663
1759
1178
2905
1860
1854
790
103
1604
2467
1447
114
156
2166
1012
2494
2526
1987
859
2801
1476
2719
54
166
392
2367
496
753
2541
2165
2771
1970
1493
2589
736
210
1322
1399
724
1018
2361
614
1071
2077
1266
410
1806
1351
215
1286
173
2903
752
2185
2887
2788
1090
270
1102
2141
2289
362
2110
2201
690
169
297
2249
1285
747
113
2692
727
1721
976
1065
1042
1485
2798
1375
212
2553
1205
190
1533
777
1239
1590
2285
185
1441
1172
583
1601
1082
2557
844
1696
1016
2257
1717
1587
2519
44
84
1814
1419
49
2918
43
2677
199
1241
168
411
788
323
2482
1220
1628
189
325
1645
261
170
1165
1124
1815
2295
826
880
725
133
1557
2908
1859
960
2446
350
1797
1427
2752
1364
192
935
2216
1716
1304
1301
873
1
1341
2764
480
2790
275
968
500
2563
1520
233
1734
1933
1695
1719
952
874
206
699
71
2668
1751
1942
2306
76
932
2261
1448
954
592
1821
128
1464
1091
738
2297
682
2510
1780
1153
2197
319
2570
2283
1157
512
2347
251
1839
1007
2026
1718
551
2776
1374
180
1115
2162
2833
2636
541
2574
2566
2224
2122
2472
75
1222
1593
767
971
877
1559
2450
1114
2619
1438
455
1258
1138
938
469
1117
448
380
102
797
1264
1002
219
2167
965
90
1413
2674
2391
187
2659
670
528
236
1650
884
294
2871
415
136
2068
1215
1683
1908
2078
867
2934
1003
36
2581
456
1028
782
1885
2694
1824
2438
1470
2713
2641
825
95
1274
1397
2340
2062
1599
1218
1048
246
2582
1395
2332
631
2314
441
521
951
55
2193
1148
495
105
823
2300
2363
72
2857
1761
1015
2846
853
2902
121
1445
1052
369
2146
237
610
1684
42
2030
923
1542
910
2303
2226
1879
1160
980
1459
2169
537
681
784
680
1136
2222
718
2738
636
2048
2183
1469
2331
274
405
2280
2153
248
687
947
1881
2825
1631
2161
328
1408
978
2358
1169
1424
1738
2219
876
585
1198
2911
533
646
786
1720
957
1733
196
956
221
57
1812
1131
118
1674
2434
487
497
2834
2838
1914
868
1834
556
2730
2468
1500
1250
2009
2702
2766
2005
1176
98
485
1182
870
2143
1880
87
1539
1085
683
748
2267
856
771
107
558
1516
728
2893
2321
2548
1200
2036
1281
1000
266
892
1094
1349
1568
1442
1560
2859
819
1086
249
2664
1722
1021
598
1282
594
2379
2459
1697
1906
843
2601
1384
2449
1151
999
2687
900
2736
2148
735
2373
2728
2727
1532
1293
1041
2685
238
2211
250
1307
2654
1954
799
2023
1300
1567
387
1147
2538
1294
547
1944
2657
939
396
432
751
2684
393
2621
110
1517
1468
2701
1912
1075
2397
2179
568
1453
159
1862
1830
451
830
1991
991
908
2787
1121
1359
2496
2920
1345
2617
604
2435
1676
85
230
364
1943
1634
62
1781
1509
2294
2189
2820
301
1092
25
1535
1155
450
1451
240
399
1295
2904
807
2007
1192
2200
2305
755
1649
1060
2244
2608
11
2114
158
2217
141
2025
696
1801
596
1350
2462
164
1280
688
1728
1499
985
863
1921
491
916
53
940
2362
642
284
234
1477
2099
2514
1792
1929
2792
1657
326
1745
2454
1254
1551
554
1130
1256
703
1554
561
615
1366
317
1623
245
2786
2135
1417
1611
2546
1803
2156
2083
2163
378
857
2425
2327
750
2708
988
1819
1726
282
576
2035
327
1043
676
1249
2400
2777
929
431
443
2658
2697
2676
829
1420
2863
2743
1990
2831
612
453
101
1974
1694
1725
2522
1134
1570
1693
2880
484
1184
2398
801
2640
122
1531
320
437
2889
2940
1428
1918
2785
2663
1612
1546
1925
1538
2870
2740
2876
2803
679
1415
590
851
2160
2928
2316
962
2666
2120
726
1698
517
1741
131
324
1175
1325
653
2823
2270
2103
1326
1543
2660
578
1116
1760
472
253
2206
1686
1406
904
1006
1323
304
1431
2108
1001
1711
854
1288
2506
2186
1145
2673
2480
2599
1671
1769
1892
1871
1572
1989
1107
2862
341
814
1976
1857
1224
1600
697
2747
96
2826
1044
2767
2780
1187
589
768
1128
27
1097
562
632
334
2238
2782
2539
601
2020
2302
2273
861
2941
1928
1340
179
1753
2720
837
430
2097
1735
112
338
1664
571
482
1231
287
1621
1700
200
286
310
1927
1125
191
1541
2184
1580
2040
1915
2151
59
1050
318
47
2085
2191
758
1652
1828
2388
663
602
1494
566
2714
2651
1245
2101
2840
281
28
1046
2725
802
2111
1996
1571
2642
1357
1261
776
2473
288
2098
1376
2427
781
1877
1170
2868
1804
207
1495
2341
498
1947
1038
553
1141
356
1466
499
1262
2926
1361
1501
2405
1655
2544
271
2072
1104
2597
2874
2380
5
1238
2415
2279
637
820
2368
2517
2490
272
1265
841
2593
2573
2354
144
2575
1339
1528
1017
1132
224
1492
13
1216
1416
1382
2513
483
739
2322
2320
223
262
2886
2012
2461
2275
811
2638
2793
2011
950
609
2913
649
2478
345
2127
1960
1632
1462
878
2930
2037
1783
2602
1537
1093
1730
1450
2018
588
1630
265
1029
65
542
2050
652
2774
100
2208
342
1627
106
2409
2227
840
490
2906
760
2881
2465
1019
1454
2592
1217
1521
2479
2504
2247
845
648
2086
967
1865
2627
1101
1504
2899
2401
766
2171
2140
1961
2796
2508
1868
1855
2259
2850
1564
38
1229
1488
80
1230
2260
1105
1566
2406
1083
2458
1040
812
1577
2230
535
2282
1592
872
464
922
2829
749
2577
595
2265
135
1699
73
355
1773
2335
1334
220
1237
2707
2805
1986
2556
2819
384
2866
465
2243
17
2130
1471
538
1333
1439
933
1362
2296
1235
1190
2571
2063
367
1372
2923
1324
2818
936
1087
409
722
425
509
944
197
1940
2800
1167
1226
2106
2463
2821
1489
2841
1004
1847
2308
2313
1973
299
2069
761
2816
1099
152
175
2118
1647
746
700
1292
2925
1731
2084
2210
1932
1584
493
1891
1998
2057
2845
626
1291
741
1626
2580
1552
992
1407
917
2669
915
2315
1047
689
2629
2933
1641
2470
1742
344
1776
520
1435
1478
1565
2861
1608
479
115
449
1956
1766
1747
373
2092
2854
14
564
2547
1123
2291
1455
2157
2637
1518
1788
2795
1863
454
1425
2716
1643
2754
1762
353
2144
339
2773
2794
1691
1744
705
252
2768
1118
1675
486
818
2028
847
1591
1201
3
123
701
1878
214
1336
1026
1418
2865
966
2869
1298
764
508
1463
1137
1809
1750
920
461
2839
1027
773
866
1404
2444
1637
1214
1519
1168
2139
321
2253
2159
2453
2043
394
1212
2649
2756
672
2304
1884
172
1247
129
1482
1378
1309
2733
1640
539
983
2765
2885
2495
2652
560
2149
2132
534
1616
1963
2044
1829
1330
897
1171
2804
623
664
2591
1823
1346
195
1356
2635
1202
2847
1705
1347
2763
2168
1999
2027
708
1635
720
2342
2807
2181
1446
69
1959
1704
586
974
2678
2019
336
2729
1302
225
267
1080
570
218
2935
330
574
1900
1252
912
205
1615
2399
1150
2433
4
2172
2064
258
1588
154
1888
2704
1402
2182
1433
1831
2060
1702
1767
2133
2937
2679
2142
161
2290
2268
2235
896
1511
1861
2745
1820
337
447
382
2134
2240
577
1926
1312
1579
809
1670
2897
2879
228
374
293
605
2735
865
1853
2464
1146
888
1724
644
1332
171
2293
1014
2543
1931
2872
2477
1129
269
2070
1770
1798
239
1140
1536
548
2471
83
306
2811
1396
209
1069
257
502
2286
79
276
2198
201
2445
530
2228
806
2783
2080
1620
635
153
2187
1319
1272
1076
2737
2528
1920
733
1449
1661
507
2501
1460
2672
116
1796
1817
149
2741
2622
377
488
2318
1882
2252
525
898
1669
2634
1605
134
732
2137
2336
668
2600
835
2585
821
2045
2051
1583
694
2873
2196
494
1777
315
1311
1095
1306
452
1613
2689
1838
1283
2607
176
2808
357
1486
2603
2
611
2414
82
1432
64
1818
2648
1995
2475
1962
1746
834
2441
1422
832
2626
1400
959
1393
686
1985
2038
1752
48
2054
213
555
953
2661
1764
730
587
1873
1662
2352
2734
89
1143
2093
2096
2022
1328
1410
1609
1975
1073
1135
2858
693
1617
1342
640
1255
2109
1595
995
1385
769
349
1607
2138
2264
1556
945
1058
926
1161
1736
1629
23
2276
2562
2706
2116
1922
2357
2251
1275
2855
1825
358
744
1056
765
552
1904
692
22
2232
2456
1852
322
1958
1103
1484
1173
685
2645
2830
1429
203
458
2507
2194
526
126
227
1210
1867
2278
420
2049
2233
184
2364
29
412
1381
1789
1310
838
2223
2784
1916
1317
1365
2520
2615
895
351
2691
1992
1277
1156
1833
798
2888
2203
759
1316
1923
1221
1574
982
855
1540
941
1299
2129
2407
2542
531
2524
1723
1194
524
186
719
1549
582
2824
899
2389
2147
557
2551
2423
466
1837
1672
795
1297
513
723
778
1287
2916
2710
1368
1646
309
1673
1164
63
1782
2625
1348
2067
2452
86
527
1895
2486
629
125
1524
2031
1585
1708
2726
2408
277
2516
388
1598
300
2410
2220
775
2572
463
2721
307
109
2383
1934
2042
1594
1423
16
1313
91
1443
2907
990
278
619
804
2124
1112
955
1206
620
477
1578
426
2578
1775
1707
433
1978
2555
608
2588
2225
2307
231
1869
2284
348
1713
45
163
994
2688
600
1096
314
2843
674
1480
1208
2213
2611
127
617
987
2039
2746
489
2088
2748
2681
625
1681
2827
2530
1969
1618
2323
1209
2014
1692
810
949
2269
119
678
2696
436
1732
2431
2095
2750
428
1045
1149
2583
2245
2353
1142
1897
155
1550
1994
280
211
2797
2724
2119
1392
2723
1005
1070
32
2255
1267
1680
2218
406
1638
2936
2883
1526
1273
737
1977
998
659
580
2356
1251
2416
375
1842
2912
1905
1213
931
1835
2371
1848
1527
702
624
2537
421
1602
2395
2799
2469
1244
402
1913
1688
182
650
2277
1263
2150
2898
303
419
2851
1380
397
942
505
2647
713
1081
540
1475
2749
120
208
794
235
1100
2246
108
254
2311
634
263
860
1656
2864
1434
1936
1582
1883
2010
40
2298
2709
2560
532
1243
414
911
1078
673
2419
1939
67
894
2123
1689
1059
808
1997
471
352
503
889
1514
715
9
1370
970
2809
2760
2493
2604
2605
1953
2670
2258
312
2775
429
435
2931
2822
2559
1757
2329
444
684
546
516
2236
7
734
1152
104
717
1795
2499
1353
2614
1558
2515
1984
1036
1506
99
1858
1749
729
2328
2312
518
1980
2662
2500
295
1849
1682
1062
882
504
1964
285
146
2003
1966
1677
2375
1084
74
2910
1053
2529
628
476
2056
763
1473
1067
1779
1465
2337
331
2195
2394
1367
457
656
1941
424
2376
1203
2002
815
2683
1398
544
1158
2915
2586
1414
831
1108
368
789
2618
2074
1166
1826
2107
24
770
2695
381
2071
2630
2761
132
907
1872
989
2170
1204
958
1008
94
1748
1343
1755
93
1786
1022
714
2656
1191
2532
2476
2058
2176
1622
1139
783
2497
2041
1910
1687
2421
2262
2878
1952
41
130
1917
2856
791
1110
2644
1195
242
2241
1327
2229
661
2806
2393
2310
354
2502
2155
893
2094
2835
2757
1270
1503
1710
943
1498
2744
1844
2004
1211
1479
1271
1740
1843
2814
2424
937
2174
2075
2287
2090
165
567
2832
704
26
641
550
2377
2561
706
2518
2753
2443
2884
1971
2731
1314
655
2739
2535
2485
621
2021
597
969
81
2491
2125
740
754
2492
2128
2732
573
1207
1787
2751
21
2381
2781
2349
2810
1390
887
519
2609
745
1972
2396
1756
654
579
1497
313
2292
346
2404
268
1068
805
1246
1113
1387
1269
1331
2212
2386
1391
2033
603
2173
1412
1405
1355
523
365
2017
948
92
20
584
643
1461
2576
2665
78
2817
913
1358
2596
2487
416
1690
2939
1452
677
2455
1228
2505
8
1758
1911
569
1822
2587
2102
2595
247
58
1851
2900
1562
2828
862
2334
1569
404
787
181
279
2374
1950
256
390
244
1467
2653
1737
1177
478
1948
2509
1013
1024
2055
1421
1610
1644
2693
1754
1949
1394
1483
2360
563
2266
2158
2540
2087
2059
1993
1935
1955
2188
1233
462
2330
1389
1009
2413
1856
2802
1188
1832
68
1957
1303
522
241
66
1401
2875
1320
1259
2402
1507
2552
1159
919
2152
1901
1522
1072
2457
993
1023
2221
2853
1077
510
903
332
216
1039
1586
2613
6
909
1296
833
111
2922
1778
1199
2271
1318
2590
2034
2527
963
2422
2498
1386
2489
2632
138
2534
731
2536
1061
1660
928
459
386
2836
2046
581
1625
140
1377
1481
593
1057
403
35
372
52
1257
413
1763
2525
2722
2848
366
2451
2079
2789
1845
1983
150
1636
148
1290
1573
2239
2164
202
1982
2844
698
669

