317
256
2440
2773
1496
725
70
1004
2751
2104
309
2231
1545
2022
1740
1832
2413
2287
2018
260
991
848
2713
1553
1681
2
948
1303
1357
564
1534
1922
602
1178
295
2149
1718
457
2332
2068
812
767
1026
2851
219
2843
58
1219
989
2226
233
551
63
661
1853
2279
2615
781
956
2646
2036
908
2282
1912
2364
2591
1103
598
2112
2126
930
432
2135
933
638
2197
2313
2519
290
1792
945
1606
1415
1634
2388
1509
2616
180
80
2091
547
2842
2643
490
422
670
2337
1387
1217
1887
117
613
1009
415
485
2410
1517
2028
1516
2092
2374
120
1519
314
1088
567
1263
1802
1442
1533
2602
1274
429
1716
2717
1774
1666
2130
2487
2811
1906
229
2085
903
171
788
1456
2745
667
1826
79
1032
610
37
1957
1917
1282
2209
2437
65
247
2245
2470
139
1405
44
1166
2547
2814
1002
2349
1011
1602
2627
2255
1551
1597
580
678
337
1358
2419
760
2441
2758
1846
2183
193
1038
2900
2594
2436
401
2471
1586
1388
1022
185
2171
286
2253
1218
1503
2598
2418
1169
2661
1648
453
1574
12
2785
1591
2354
2458
2918
2508
1186
350
2113
39
2660
1889
1692
1058
871
2533
1782
1827
2719
2239
2190
2005
2513
163
304
1223
889
1754
2125
2140
1771
1256
1967
2935
1852
2266
686
261
2223
1790
109
1664
559
236
363
504
1623
1696
2672
2763
780
2278
2096
624
886
1680
6
2891
1054
1808
146
409
115
2139
221
1609
715
1797
549
360
2936
1787
2528
456
213
2333
508
1770
369
2430
699
2406
552
2737
460
2892
1877
628
2650
1979
880
1189
2078
1894
856
657
1678
2137
266
2504
900
97
2659
2531
1289
612
769
608
1949
2186
2765
1579
2339
2389
2248
2744
1859
1726
2035
2614
2086
1803
646
2670
2862
1097
1418
2634
2794
2716
1497
2888
127
1096
1034
2654
10
2003
1526
816
2093
1657
2451
1544
1072
2667
592
681
2877
1661
262
2395
1933
1132
2684
2658
2370
336
537
2105
1257
1134
347
1183
2723
2133
1866
757
98
713
2724
1484
1432
2728
575
2203
1174
2746
1923
2798
1284
2367
2623
1204
2052
573
2322
999
2021
1523
2356
687
789
1952
1504
1745
581
90
1334
1023
2700
1856
1069
1694
56
1090
2770
2366
1502
1280
1492
2115
252
1798
64
24
2525
514
2474
379
2788
2893
206
451
970
2530
1748
742
1309
1279
1076
259
322
520
3
1057
2269
655
1714
2293
829
2046
1924
81
2664
2640
1159
2165
2575
1111
2861
2383
2047
2433
1934
89
1783
126
1124
2449
2624
2881
1601
1080
1417
352
2205
845
2289
1564
176
2556
1188
2315
393
465
1568
1127
931
2532
556
1865
1773
2540
756
663
1440
488
207
1916
1024
904
596
291
1065
1061
2006
231
2483
2057
48
2144
1014
2864
978
2102
307
381
2314
2854
771
607
2588
730
1131
1981
627
616
78
890
2793
1804
77
2107
2351
2875
1825
1971
1895
2753
840
2000
2484
2365
246
222
2619
746
446
1396
2529
1402
540
2912
734
2599
2860
2236
2159
1617
1960
2880
2336
2414
1618
1452
1241
1201
2932
2769
280
1531
301
2618
254
1052
73
313
1328
2270
2781
2586
1608
651
162
622
2305
416
138
2399
1348
1976
2511
2539
2896
1673
2890
2810
292
1590
891
484
1287
1677
1799
1964
270
2817
2587
1341
250
1066
2147
962
2668
2683
823
1114
2033
2432
1294
448
121
2589
1172
1528
2039
671
482
2238
2179
1508
805
1795
1752
1221
1481
1669
299
100
644
2347
1915
1423
2199
577
1902
87
2132
1822
459
2821
501
1613
2581
1505
2007
168
1463
963
92
1640
2863
1006
705
850
2651
611
155
1239
1814
2422
582
941
1290
2138
541
1807
539
23
361
181
475
2288
2108
2277
2455
303
1482
1821
1443
2846
1897
1968
2910
2249
966
680
2555
629
1258
2459
2243
1165
1035
1762
1316
2153
2076
2904
1042
284
1928
975
2371
215
2697
1150
1105
282
1244
267
124
2423
2114
1733
615
2071
1322
1766
1207
131
861
636
1310
1296
1074
386
471
1713
1751
2908
315
201
2929
159
1267
218
791
1273
689
1893
1375
1935
2261
2257
1125
2427
2590
1158
2416
1997
775
569
801
1989
1232
2563
2725
1874
2353
1012
1313
606
835
310
2237
1656
1298
502
209
1977
980
158
2789
2777
1937
2847
216
2565
2549
919
614
205
1276
1768
2425
1347
690
2453
619
2720
2715
2247
1772
274
1053
923
2732
2582
257
2015
1403
287
2647
694
2934
1886
1841
1271
2608
2195
1483
617
1393
326
2578
1840
1025
328
827
1868
1332
992
2082
128
1242
1142
634
709
1991
712
2098
2903
370
2034
736
878
2204
383
1091
2774
319
673
647
1815
191
2695
2662
1285
603
390
1643
2291
532
1386
2580
2032
2486
2158
2516
2325
1610
652
2475
2853
13
2572
1185
1873
2503
178
2309
2148
938
2827
2230
1089
1028
2378
888
1470
272
1036
2629
2448
2004
1500
1447
296
346
2748
2087
2194
2011
1581
4
433
271
2644
2735
190
912
1130
106
643
825
2304
2242
1862
2541
1861
2380
925
1779
566
1911
2394
373
344
1816
2457
1756
285
594
972
1914
1671
1907
1040
123
2506
2120
1356
2481
2174
1398
470
2020
2264
772
1315
1828
1891
1630
536
2352
2845
2219
192
0
1498
2866
2600
544
2317
1619
1155
2838
1331
2207
1106
14
2567
487
2526
1647
130
953
2636
2521
1537
2225
1368
1270
174
1311
2913
75
1898
329
1480
1314
2058
293
1147
1260
1361
2488
1175
1226
2235
1685
2499
2189
1672
143
1578
468
803
1489
18
2813
2229
2552
656
2775
1548
1682
2849
2741
321
2431
691
400
659
858
1425
859
718
994
2938
1486
204
2786
1637
2573
1582
1941
327
2461
1149
1304
2604
2886
1286
2632
1198
2865
427
118
2564
1243
2520
2760
1555
1005
846
380
512
1927
2502
11
2346
701
1462
47
224
27
1660
2409
2795
2464
1532
342
1137
96
129
2804
1191
2073
885
2823
955
2405
1693
952
2523
1349
2911
2492
463
397
761
2037
2324
1099
2482
2923
1261
810
2915
1448
1449
2180
2873
1992
521
1565
406
826
1195
1467
708
1777
2377
583
555
1205
242
2385
1954
1549
1390
2562
110
2110
355
2767
817
1654
2731
599
2146
1196
1157
2806
1206
1428
311
2150
1145
2601
1780
2273
865
55
1987
2826
1870
1593
1240
2709
2252
154
2722
2379
477
2342
2024
2801
2343
2680
852
2796
2857
2637
2050
2240
2889
820
439
1675
1209
1849
844
787
2200
1683
2750
2221
1558
2756
1407
2338
2841
1015
189
399
1929
396
333
2858
517
1631
423
2884
76
227
269
909
2177
2510
2617
1143
754
371
533
2220
2772
1121
492
1192
1738
1084
2495
993
921
576
1571
2576
660
1761
1104
2596
2546
2501
2584
876
868
2642
2160
419
1164
1252
102
2613
1980
421
1978
1940
2805
1330
2738
20
2855
830
2118
1351
2831
294
2390
1775
1628
25
719
169
1406
1120
731
1820
1796
2726
1062
879
2384
1577
684
278
1141
1728
472
863
1522
2341
918
2192
1389
2703
758
2131
230
2749
111
2477
2603
894
1115
2404
937
1067
755
1715
165
2117
26
525
2566
497
703
443
29
2363
69
2620
1512
59
2673
866
2089
672
1930
2340
958
1872
46
1247
1953
2611
2154
1901
358
474
2025
1982
1176
983
2706
1851
2014
2677
367
1878
95
529
15
1472
1986
2648
2743
550
454
1869
1624
732
478
145
1337
1990
1078
1179
452
1651
2522
2514
306
1427
2812
2928
964
2228
1266
2712
1730
982
101
2420
2869
1584
1238
892
2467
2678
2537
2296
1538
316
1688
2515
604
1535
996
434
2622
1518
2393
2930
237
1956
1543
1122
1854
1918
936
66
1961
1326
762
1635
1095
515
2043
1834
2832
2848
2645
1995
1082
2466
1724
1327
1689
2210
2688
2088
2876
1235
2234
244
2215
2472
1860
264
491
2157
1013
749
2251
2272
2557
1899
1464
1414
1495
516
2103
1227
404
811
1100
2094
2761
2894
1763
86
625
922
175
1385
1180
1662
1488
458
833
2275
2512
626
202
2299
1019
2386
1457
1719
1421
1323
2739
2040
1969
2583
2077
2392
412
1888
1491
695
1646
1441
1667
2721
716
2152
288
1056
2067
2652
2064
1335
1800
1344
1603
1416
1435
1739
173
1778
2809
666
739
2408
1229
2198
913
1576
2101
1419
2776
1515
1566
773
510
2181
239
161
895
1950
2784
334
1994
1167
2060
2916
1376
2592
1160
1210
1281
276
1064
1193
305
2446
1636
2109
2246
1118
1460
563
54
1112
873
523
1291
2162
2527
1340
1600
688
2403
857
366
864
1381
586
2704
1259
753
1769
424
2188
2222
1725
942
8
395
1190
2316
1867
1963
2444
1248
2298
973
1931
721
1308
770
1363
1885
1123
42
441
2607
2443
679
1081
1139
499
640
1077
2435
116
1595
1320
1453
924
1412
2218
2478
1086
2402
1983
2479
914
2656
1265
166
2924
1605
2797
1701
2639
2072
2271
2807
32
950
662
1764
836
2142
2543
824
2051
855
2729
1547
1365
1220
881
93
1844
1119
1824
932
1352
2097
1187
935
493
2783
2524
2874
971
2168
2460
1372
531
1974
2816
357
241
1
194
1033
217
809
1380
2633
1896
677
1546
338
1170
1720
2657
1945
91
841
1436
1438
1642
364
2856
1704
1339
1295
382
2593
2387
2350
312
1087
1138
170
2170
1985
759
1045
2307
2500
132
2840
1511
1755
1909
1378
1632
853
410
777
1063
711
2833
597
85
2914
696
2740
391
289
1524
1996
928
747
961
2326
324
1525
210
122
2518
2026
1875
2782
157
107
1959
2411
2825
1173
1655
455
1250
82
2674
2836
1213
2008
53
1377
867
1093
743
2653
2626
1342
2319
1746
764
2792
1461
1113
911
1611
99
2638
1765
939
2202
1552
723
584
641
1102
1830
2355
186
1275
2012
362
60
2839
1374
214
196
2939
22
1883
2122
1292
74
995
1658
2254
658
203
356
2224
1955
2286
1268
2867
2631
1168
1641
2172
450
1338
359
2155
1135
954
2267
1892
1732
926
1686
1645
854
957
1920
1741
2870
1465
235
1214
1001
1539
2545
896
187
1152
2663
2852
1478
985
1108
103
874
2010
1735
1876
1010
1477
335
436
1288
843
2690
765
2579
568
277
2759
1117
2151
1936
1598
1970
838
837
1847
728
1336
588
1541
2920
2262
722
664
1429
2106
668
1212
1938
828
907
1236
142
2330
2328
1202
1557
2496
323
2685
2554
385
2141
1514
141
1469
1729
605
2701
2256
61
2635
2075
707
1776
2766
2791
986
560
2206
378
43
2558
1371
2899
1973
927
1264
2302
2895
2297
1379
2778
2790
1835
792
195
2045
2053
179
255
1018
1879
1030
2649
495
1109
2493
1670
1972
1225
1404
283
2800
511
1573
1395
411
1707
1394
1151
2038
394
345
899
2161
2320
1299
136
779
2551
2143
2331
1400
149
1965
418
2779
1383
1699
543
916
2178
2641
1455
2802
1254
727
1864
1222
1283
2136
1439
1702
724
1184
1146
618
2699
351
2184
372
2212
1691
1823
1607
375
1621
2490
2630
1041
2056
2001
402
1269
1350
1366
1663
2883
1051
1848
785
802
1501
1521
1249
1890
528
1743
2550
2391
2909
2095
1760
243
365
832
505
2691
905
2585
50
1473
1107
28
2381
2897
2612
1312
1932
2742
1857
2213
988
1962
1880
2507
1580
2182
2263
2787
2689
1007
1639
1562
348
2241
2609
561
2062
685
1633
2574
1044
2859
113
212
570
1706
2462
808
332
349
199
642
2042
2074
389
2368
1215
1487
1882
273
1098
774
2429
1727
1838
1431
83
2303
744
1116
2442
2100
1397
2621
704
1029
414
1708
546
2887
2824
1475
2696
1975
2290
341
1345
2830
479
377
897
2166
245
1589
987
1604
1353
733
220
847
1307
2265
2669
1542
331
1575
1536
2666
1479
706
2327
148
31
1392
447
1181
2771
2686
1942
503
1370
481
2258
2044
1424
1919
839
1277
2675
1346
571
2362
2081
2090
1855
1373
1614
1559
1998
1451
2372
669
981
620
621
384
413
2009
21
562
943
979
2828
140
40
2538
464
2185
1687
1073
565
2679
1753
842
2027
1360
726
1085
466
2284
461
700
1944
152
1324
815
2548
2187
469
2919
2268
2485
2292
2711
2376
959
527
2308
542
2030
1789
553
2747
71
2937
697
2542
977
2498
720
1757
1231
1129
248
1171
1810
1626
1560
2054
1200
430
1325
2820
882
1211
797
1836
2080
2398
2031
2434
134
1008
2571
1079
417
1638
35
200
1567
1786
30
2665
408
2208
1020
782
135
84
1513
2276
1759
1048
2145
645
38
368
1550
1594
2348
2694
783
507
513
849
692
1367
2803
1459
238
2822
1401
790
741
1620
579
883
2902
1939
2382
1984
1837
1321
1629
2933
2885
965
2193
784
1993
1437
1300
623
1420
45
2926
1384
654
2083
862
105
2310
2834
420
232
1652
2871
1434
2176
330
751
2819
1136
1293
587
2752
1925
2049
320
1731
1070
253
476
2169
1561
601
1904
2544
1003
2373
2714
682
554
748
834
108
2452
2066
2705
2017
41
1354
426
1588
392
2941
1426
1272
1027
585
2029
1697
595
1794
2301
798
2123
1399
519
821
1599
1616
1649
1653
1297
1910
1943
1182
2494
33
387
1445
428
1208
437
2274
1092
2535
164
2655
1679
1409
208
62
49
1958
1047
1926
240
968
1128
1101
353
1369
2069
1194
1863
2447
1197
343
1446
2438
2762
506
1140
593
1037
444
1468
1355
1809
1818
2055
1234
2707
398
557
1000
2084
2128
951
1055
1812
2041
2595
2344
822
1433
153
1083
984
1742
1583
2473
1695
2424
2412
2196
1016
438
2321
1230
794
674
929
2369
226
1721
1148
1747
2173
2318
2879
1529
440
223
2730
1676
2780
1333
2227
2570
1554
1905
2211
1031
2568
1947
2577
2698
147
1094
2454
2048
786
872
1162
653
1043
920
1021
263
2312
548
591
2808
535
813
1850
1791
526
1999
1988
1627
518
297
2676
2167
167
483
249
1711
887
635
1306
2925
2428
710
2469
1737
534
940
2323
1228
2396
1224
1784
851
112
2415
1665
745
1156
2491
960
2163
1946
2844
407
2260
1811
1510
258
2335
1615
2119
800
302
1831
2244
572
1966
729
1163
1450
2306
1507
1253
197
2692
1408
151
1668
2217
2682
2755
34
1430
702
2070
776
2421
509
1068
2061
1278
1612
1527
915
198
2013
2407
934
2361
714
2687
7
2829
340
1569
2059
2927
1060
2079
2129
1216
1712
2400
1703
2835
2605
2671
374
211
2768
717
1262
405
2569
648
522
2882
740
1723
870
2283
1302
119
67
1587
268
1622
676
2063
435
1075
974
1884
600
133
1251
1493
2456
2559
2906
1758
1110
172
2818
1506
1474
137
639
735
752
1705
1530
524
498
1749
630
831
1734
1717
738
1913
500
1817
2016
665
2710
496
869
1329
910
2764
1362
1951
1203
2727
1625
1154
2281
2156
778
376
2259
1237
804
1845
1698
1788
574
2468
693
944
902
1049
1144
51
2757
251
1454
1921
1819
2610
2191
1017
2164
156
793
901
1948
52
1301
1793
2517
884
489
2534
225
403
1305
5
1343
2294
1364
182
675
144
683
265
631
1659
875
947
2702
234
2345
1585
2358
1871
19
1596
318
998
814
442
1490
445
104
2175
819
2116
2536
698
125
763
1422
1805
1471
1843
1700
354
1411
2509
1458
799
2360
1476
1881
2872
2019
530
877
1572
388
2489
1039
1126
1908
1499
1650
590
2121
750
2450
967
275
2708
1570
325
425
1246
969
796
114
2124
1359
2754
1900
1071
2232
2905
589
1466
2250
462
281
88
2334
2311
2850
486
1858
2417
1903
860
2733
2553
177
2505
2560
16
2597
1161
2216
1842
308
1644
2561
1317
1829
2625
1382
228
2606
2628
467
2878
2002
2214
1494
1563
2736
2099
1413
2285
990
1767
538
2907
300
2693
188
494
2445
431
1781
650
1319
1736
558
279
2426
1153
2463
2681
94
1059
1410
36
2295
2359
1801
2480
2476
2280
68
150
1674
1710
766
898
1540
298
2127
633
949
2921
2940
2329
1046
1690
737
1813
480
2439
2201
1520
1391
2917
1255
2357
637
1050
1684
2111
1744
449
2065
1556
2931
2799
160
795
2134
1199
2718
57
578
976
906
2868
17
632
649
473
1177
1133
2922
1592
2901
1722
609
1318
997
2233
917
1444
72
768
2898
1833
2401
2023
2465
893
2375
2397
1245
806
2497
1785
818
2300
183
1709
1485
2837
946
2734
807
1750
9
184
1839
339
2815
1233
545
1806

