1 1
2 1
3 0
4 1
5 0
6 0
7 1
8 1
9 0
10 0
11 1
12 0
13 1
14 1
15 0
16 0
17 1
18 0
19 0
20 0
21 1
22 1
23 0
24 1
25 0
26 1
27 0
28 1
29 1
30 0
31 0
32 0
33 0
34 1
35 0
36 1
37 0
38 0
39 0
40 0
41 1
42 0
43 0
44 1
45 1
46 1
47 0
48 0
49 0
50 0
51 1
52 0
53 1
54 1
55 0
56 0
57 1
58 0
59 0
60 1
61 0
62 1
63 0
64 1
65 0
66 1
67 1
68 1
69 0
70 0
71 1
72 1
73 0
74 0
75 1
76 0
77 0
78 1
79 1
80 0
81 0
82 0
83 0
84 0
85 1
86 0
87 1
88 1
89 1
90 1
91 0
92 0
93 1
94 1
95 0
96 1
97 1
98 0
99 0
100 0
101 0
102 0
103 1
104 0
105 0
106 1
107 1
108 0
109 0
110 1
111 0
112 1
113 1
114 0
115 1
116 0
117 0
118 0
119 1
120 0
121 1
122 0
123 0
124 0
125 0
126 1
127 0
128 1
129 1
130 0
131 1
132 0
133 0
134 0
135 1
136 0
137 1
138 1
139 1
140 1
141 0
142 0
143 0
144 0
145 0
146 1
147 0
148 0
149 0
150 1
151 0
152 0
153 1
154 0
155 1
156 1
157 1
158 1
159 1
160 1
161 0
162 0
163 0
164 1
165 0
166 1
167 1
168 0
169 1
170 1
171 1
172 1
173 1
174 0
175 0
176 1
177 1
178 0
179 1
180 1
181 0
182 0
183 0
184 1
185 0
186 0
187 0
188 0
189 1
190 0
191 0
192 1
193 0
194 1
195 1
196 1
197 0
198 1
199 1
200 0
201 0
202 0
203 0
204 0
205 1
206 0
207 0
208 1
209 1
210 0
211 0
212 0
213 1
214 1
215 1
216 0
217 0
218 0
219 1
220 0
221 0
222 0
223 1
224 0
225 1
226 1
227 0
228 0
229 1
230 1
231 0
232 0
233 1
234 1
235 1
236 1
237 0
238 1
239 0
240 1
241 1
242 0
243 0
244 1
245 0
246 1
247 0
248 1
249 0
250 1
251 0
252 1
253 0
254 1
255 1
256 1
257 0
258 0
259 1
260 1
261 1
262 0
263 0
264 1
265 1
266 0
267 0
268 1
269 1
270 0
271 1
272 0
273 1
274 1
275 1
276 0
277 0
278 1
279 1
280 0
281 0
282 1
283 0
284 0
285 1
286 1
287 0
288 1
289 1
290 1
291 1
292 1
293 1
294 1
295 1
296 1
297 0
298 1
299 0
300 0
301 0
302 1
303 1
304 0
305 0
306 1
307 0
308 1
309 1
310 1
311 1
312 1
313 0
314 1
315 1
316 1
317 0
318 1
319 1
320 0
321 0
322 1
323 0
324 0
325 1
326 1
327 1
328 0
329 1
330 1
331 0
332 1
333 1
334 1
335 0
336 1
337 0
338 0
339 1
340 0
341 1
342 0
343 0
344 1
345 1
346 1
347 1
348 0
349 0
350 0
351 1
352 1
353 0
354 1
355 1
356 0
357 0
358 1
359 1
360 0
361 1
362 0
363 0
364 0
365 1
366 0
367 0
368 0
369 1
370 1
371 1
372 1
373 1
374 0
375 1
376 0
377 0
378 0
379 0
380 1
381 1
382 0
383 1
384 1
385 1
386 1
387 0
388 1
389 0
390 0
391 0
392 0
393 1
394 0
395 1
396 0
397 0
398 1
399 0
400 1
401 1
402 1
403 1
404 0
405 1
406 1
407 0
408 1
409 0
410 0
411 0
412 1
413 0
414 0
415 1
416 0
417 0
418 0
419 0
420 0
421 1
422 0
423 0
424 1
425 0
426 1
427 0
428 1
429 0
430 0
431 1
432 1
433 0
434 1
435 0
436 1
437 1
438 0
439 1
440 0
441 0
442 1
443 0
444 0
445 0
446 0
447 0
448 0
449 1
450 1
451 1
452 0
453 0
454 1
455 0
456 0
457 0
458 1
459 1
460 0
461 0
462 0
463 1
464 1
465 0
466 1
467 0
468 0
469 0
470 1
471 1
472 1
473 0
474 1
475 0
476 1
477 0
478 1
479 1
480 1
481 0
482 1
483 1
484 0
485 0
486 0
487 0
488 1
489 0
490 0
491 1
492 0
493 1
494 1
495 0
496 1
497 0
498 1
499 1
500 0
501 0
502 1
503 1
504 0
505 0
506 1
507 1
508 1
509 0
510 1
511 0
512 0
513 0
514 1
515 0
516 1
517 0
518 0
519 1
520 1
521 1
522 0
523 0
524 0
525 0
526 0
527 0
528 1
529 0
530 0
531 0
532 1
533 0
534 1
535 0
536 1
537 0
538 1
539 0
540 0
541 0
542 1
543 0
544 1
545 1
546 0
547 0
548 1
549 0
550 1
551 1
552 1
553 1
554 1
555 1
556 0
557 1
558 1
559 0
560 1
561 1
562 1
563 1
564 1
565 0
566 1
567 0
568 1
569 0
570 0
571 1
572 1
573 0
574 0
575 0
576 1
577 0
578 1
579 0
580 1
581 1
582 0
583 1
584 0
585 0
586 0
587 1
588 0
589 1
590 1
591 0
592 0
593 0
594 1
595 1
596 1
597 1
598 1
599 1
600 1
601 1
602 1
603 1
604 1
605 1
606 1
607 0
608 1
609 1
610 0
611 1
612 0
613 1
614 1
615 1
616 1
617 1
618 0
619 0
620 1
621 1
622 1
623 1
624 1
625 0
626 0
627 1
628 0
629 1
630 1
631 0
632 0
633 1
634 1
635 0
636 0
637 1
638 1
639 1
640 1
641 1
642 0
643 1
644 0
645 0
646 0
647 0
648 1
649 0
650 0
651 1
652 1
653 0
654 0
655 0
656 0
657 0
658 1
659 0
660 1
661 1
662 1
663 0
664 0
665 1
666 1
667 1
668 1
669 0
670 1
671 1
672 1
673 1
674 1
675 0
676 1
677 0
678 1
679 1
680 1
681 1
682 0
683 1
684 0
685 1
686 1
687 1
688 0
689 1
690 1
691 1
692 0
693 0
694 0
695 1
696 0
697 1
698 1
699 0
700 1
701 1
702 1
703 1
704 1
705 1
706 1
707 1
708 1
709 0
710 0
711 1
712 1
713 1
714 0
715 1
716 0
717 1
718 1
719 0
720 0
721 0
722 0
723 1
724 0
725 0
726 0
727 1
728 0
729 1
730 1
731 1
732 1
733 1
734 1
735 1
736 1
737 1
738 1
739 1
740 1
741 0
742 0
743 1
744 0
745 0
746 1
747 0
748 1
749 1
750 1
751 1
752 1
753 1
754 1
755 0
756 1
757 0
758 0
759 1
760 1
761 1
762 1
763 1
764 1
765 0
766 0
767 0
768 0
769 1
770 0
771 0
772 1
773 1
774 0
775 1
776 0
777 1
778 1
779 1
780 1
781 0
782 0
783 0
784 1
785 1
786 1
787 1
788 1
789 1
790 1
791 1
792 0
793 1
794 0
795 0
796 1
797 0
798 1
799 0
800 1
801 0
802 1
803 1
804 0
805 0
806 1
807 0
808 1
809 0
810 1
811 1
812 0
813 1
814 1
815 0
816 1
817 1
818 0
819 1
820 1
821 1
822 0
823 1
824 0
825 1
826 1
827 0
828 1
829 1
830 1
831 1
832 1
833 0
834 1
835 1
836 1
837 1
838 0
839 0
840 1
841 1
842 0
843 1
844 0
845 1
846 0
847 1
848 0
849 1
850 1
851 1
852 0
853 0
854 1
855 0
856 0
857 0
858 1
859 1
860 1
861 0
862 0
863 1
864 1
865 1
866 0
867 0
868 1
869 0
870 1
871 0
872 1
873 0
874 0
875 1
876 0
877 1
878 0
879 1
880 0
881 1
882 1
883 0
884 1
885 1
886 1
887 1
888 1
889 1
890 1
891 1
892 1
893 1
894 1
895 1
896 1
897 1
898 0
899 1
900 1
901 0
902 1
903 1
904 0
905 1
906 0
907 1
908 0
909 1
910 1
911 1
912 1
913 1
914 0
915 0
916 0
917 1
918 1
919 1
920 0
921 0
922 1
923 0
924 1
925 1
926 0
927 0
928 1
929 1
930 1
931 0
932 0
933 1
934 0
935 1
936 1
937 1
938 0
939 1
940 1
941 1
942 1
943 1
944 0
945 0
946 1
947 0
948 0
949 1
950 0
951 1
952 1
953 1
954 0
955 1
956 1
957 0
958 0
959 0
960 1
961 1
962 0
963 1
964 0
965 1
966 0
967 1
968 0
969 1
970 1
971 1
972 0
973 0
974 1
975 0
976 0
977 0
978 1
979 1
980 1
981 0
982 1
983 1
984 1
985 0
986 1
987 1
988 1
989 1
990 1
991 1
992 0
993 0
994 0
995 0
996 1
997 0
998 0
999 1
1000 0
1001 1
1002 0
1003 1
1004 0
1005 1
1006 1
1007 0
1008 1
1009 1
1010 0
1011 0
1012 0
1013 0
1014 0
1015 1
1016 1
1017 0
1018 0
1019 0
1020 0
1021 1
1022 0
1023 0
1024 1
1025 1
1026 1
1027 1
1028 0
1029 1
1030 0
1031 0
1032 1
1033 0
1034 1
1035 0
1036 0
1037 0
1038 0
1039 0
1040 1
1041 1
1042 1
1043 1
1044 0
1045 1
1046 1
1047 1
1048 1
1049 1
1050 0
1051 0
1052 1
1053 0
1054 0
1055 1
1056 0
1057 0
1058 1
1059 1
1060 1
1061 1
1062 0
1063 1
1064 0
1065 0
1066 0
1067 0
1068 0
1069 1
1070 0
1071 1
1072 1
1073 0
1074 1
1075 0
1076 1
1077 0
1078 1
1079 0
1080 1
1081 1
1082 1
1083 1
1084 1
1085 1
1086 1
1087 1
1088 1
1089 1
1090 0
1091 1
1092 0
1093 0
1094 1
1095 1
1096 1
1097 0
1098 0
1099 0
1100 0
1101 0
1102 1
1103 1
1104 1
1105 1
1106 0
1107 0
1108 1
1109 1
1110 0
1111 0
1112 1
1113 1
1114 1
1115 0
1116 1
1117 1
1118 1
1119 1
1120 1
1121 0
1122 1
1123 1
1124 0
1125 0
1126 0
1127 1
1128 1
1129 1
1130 0
1131 1
1132 1
1133 1
1134 1
1135 1
1136 1
1137 0
1138 0
1139 0
1140 0
1141 1
1142 1
1143 1
1144 1
1145 0
1146 1
1147 0
1148 0
1149 1
1150 1
1151 0
1152 0
1153 1
1154 1
1155 0
1156 1
1157 1
1158 1
1159 0
1160 0
1161 1
1162 0
1163 0
1164 0
1165 0
1166 1
1167 0
1168 1
1169 1
1170 0
1171 1
1172 1
1173 1
1174 1
1175 1
1176 1
1177 1
1178 1
1179 1
1180 1
1181 1
1182 1
1183 1
1184 1
1185 1
1186 1
1187 1
1188 1
1189 0
1190 1
1191 1
1192 0
1193 0
1194 1
1195 1
1196 1
1197 1
1198 0
1199 1
1200 1
1201 1
1202 1
1203 1
1204 1
1205 1
1206 0
1207 0
1208 1
1209 0
1210 0
1211 1
1212 0
1213 0
1214 0
1215 0
1216 0
1217 0
1218 0
1219 1
1220 1
1221 0
1222 1
1223 0
1224 1
1225 0
1226 1
1227 1
1228 0
1229 0
1230 0
1231 1
1232 0
1233 1
1234 1
1235 0
1236 0
1237 0
1238 1
1239 0
1240 1
1241 1
1242 0
1243 0
1244 1
1245 0
1246 1
1247 0
1248 0
1249 1
1250 0
1251 0
1252 0
1253 1
1254 0
1255 1
1256 0
1257 0
1258 1
1259 0
1260 0
1261 1
1262 0
1263 1
1264 0
1265 1
1266 0
1267 0
1268 1
1269 1
1270 1
1271 1
1272 0
1273 1
1274 1
1275 1
1276 0
1277 0
1278 1
1279 0
1280 0
1281 1
1282 0
1283 1
1284 1
1285 0
1286 0
1287 0
1288 0
1289 0
1290 0
1291 0
1292 0
1293 0
1294 1
1295 0
1296 1
1297 0
1298 0
1299 0
1300 0
1301 0
1302 0
1303 0
1304 1
1305 0
1306 0
1307 0
1308 0
1309 0
1310 0
1311 0
1312 0
1313 0
1314 1
1315 0
1316 1
1317 0
1318 0
1319 0
1320 0
1321 1
1322 0
1323 0
1324 0
1325 0
1326 0
1327 0
1328 0
1329 0
1330 0
1331 0
1332 0
1333 0
1334 0
1335 0
1336 0
1337 0
1338 0
1339 0
1340 1
1341 0
1342 0
1343 1
1344 0
1345 0
1346 1
1347 0
1348 0
1349 0
1350 0
1351 0
1352 1
1353 0
1354 0
1355 1
1356 0
1357 1
1358 0
1359 1
1360 1
1361 0
1362 1
1363 0
1364 1
1365 0
1366 0
1367 1
1368 0
1369 1
1370 0
1371 1
1372 0
1373 0
1374 1
1375 0
1376 0
1377 0
1378 0
1379 0
1380 1
1381 1
1382 0
1383 1
1384 0
1385 0
1386 1
1387 0
1388 0
1389 1
1390 0
1391 1
1392 0
1393 0
1394 0
1395 0
1396 0
1397 0
1398 0
1399 0
1400 1
1401 0
1402 1
1403 1
1404 0
1405 1
1406 1
1407 0
1408 0
1409 0
1410 1
1411 0
1412 0
1413 0
1414 0
1415 0
1416 0
1417 1
1418 0
1419 0
1420 0
1421 0
1422 0
1423 0
1424 0
1425 0
1426 0
1427 1
1428 1
1429 1
1430 0
1431 1
1432 0
1433 0
1434 0
1435 0
1436 0
1437 1
1438 1
1439 0
1440 1
1441 1
1442 0
1443 0
1444 0
1445 0
1446 0
1447 0
1448 0
1449 0
1450 0
1451 0
1452 0
1453 0
1454 1
1455 1
1456 1
1457 0
1458 0
1459 0
1460 0
1461 0
1462 0
1463 0
1464 0
1465 0
1466 0
1467 0
1468 1
1469 1
1470 0
1471 1
