1993
2775
37
119
2249
2290
1172
243
1405
2309
520
2242
1337
66
433
2104
1138
2707
2405
1571
1023
2561
1733
1383
1452
1544
882
616
1806
1373
1991
1189
2910
1229
377
11
1606
1044
1384
1772
0
1060
239
2215
1560
1499
2226
1283
2557
2285
1002
1901
489
2371
973
1355
943
2367
2034
1542
1930
1950
1222
491
2433
2132
2072
1618
1267
1672
1097
1626
2041
2482
811
668
927
474
2158
2920
172
819
2246
1585
175
2859
494
2481
325
2245
673
1041
703
1995
1503
1760
1228
621
2079
706
1773
2408
665
195
2596
755
1210
761
1338
203
2216
892
59
2602
52
591
2065
1968
851
2540
2870
2436
1003
1869
1332
4
569
196
1442
1827
1324
1496
669
330
1527
2256
481
143
1522
2665
1257
2
349
988
796
2834
2869
71
1693
1694
291
229
1810
289
2207
2404
2758
150
618
357
1397
1695
2351
1390
328
2914
2815
2681
1299
2052
335
2210
2346
419
1919
1987
1474
40
350
1520
207
2144
1244
1867
2880
44
2369
1084
259
1725
2247
2098
2485
1877
1193
1205
1631
2338
189
1072
384
267
845
225
2440
1478
306
549
2555
1712
2641
2199
2724
1992
2340
1116
517
2218
1670
2114
1495
1726
2761
1414
2487
1490
365
567
542
2213
2118
530
1039
1875
209
2013
2001
2499
3
559
977
2017
1498
1796
1697
2590
2677
355
304
1307
2297
2397
1699
200
978
1998
1966
1410
1863
734
936
830
2918
820
1536
79
2694
327
158
748
336
2365
2197
1130
2863
297
1364
395
1961
1895
955
2191
2237
801
421
1592
1005
1881
2658
1768
775
708
2819
241
506
2588
2274
53
2426
1187
1404
1219
98
8
1956
1285
184
589
794
2020
1000
1746
2667
1588
2432
1678
1916
242
1656
2890
519
2183
2578
2038
1204
2161
124
1121
1743
1425
2513
974
924
1132
957
2462
351
856
2533
1161
473
2646
434
2527
1654
1508
2295
2353
2594
141
1455
644
1008
2693
132
206
1466
2019
16
2759
861
1905
776
2689
1935
1454
2085
514
2875
455
2797
2497
2648
2510
2563
1431
837
2305
1897
1183
1058
1014
250
228
1823
1393
2614
2634
1143
234
994
1740
2763
929
913
764
1025
1140
1439
1401
2357
767
2817
2382
1500
2434
2743
2887
285
2090
2632
2631
2611
32
504
1669
901
1691
2273
2783
605
2081
249
2800
471
1701
1785
1816
1423
292
807
1759
552
1230
1885
2703
1926
1815
353
87
487
731
1314
531
1340
13
2149
1040
1946
1927
1774
512
982
1241
2137
636
2538
2490
2885
2760
2328
2700
2099
813
1831
1723
1509
842
1645
1082
1613
2189
1198
362
2732
2475
1323
2124
1844
2349
1731
2061
613
41
1135
2733
2372
2685
1269
1253
1497
364
1853
2691
711
428
61
2871
1145
183
1243
449
722
444
1280
1556
1954
1953
1064
1475
1799
1920
423
1274
1934
848
2835
2062
221
1370
525
1220
911
486
1208
1776
743
213
152
746
2884
385
2478
967
281
2375
2860
1391
2605
1110
1093
1812
258
1570
1282
1512
1983
475
2045
2717
2725
2286
1506
140
1278
1668
2030
2865
1359
211
2201
1270
2643
2071
399
2316
2128
565
1910
2363
2558
403
847
2239
1262
2051
2138
2014
94
1152
1878
2217
1797
946
1590
1252
609
1874
2675
2528
843
1194
490
274
1381
1223
101
1941
611
707
2494
968
2452
1896
1052
824
1126
1988
1682
951
896
2135
2107
2804
2251
768
36
367
2152
1989
48
758
1729
1758
1292
2181
1765
2846
760
1659
628
2768
2292
2551
2876
1009
2806
2701
2712
30
82
34
39
1932
2684
2435
366
2187
937
1464
572
1291
2460
273
2536
515
2574
266
835
2719
969
2480
42
962
2633
1128
1494
2548
976
2463
950
1685
700
868
1445
1458
1607
1400
2151
939
2409
899
2500
2455
2162
1100
2661
1584
368
518
441
2275
1641
2360
691
1105
2753
161
1139
586
2879
903
414
165
1196
2027
1047
468
502
2496
2003
452
510
1684
2656
105
316
2362
2466
762
1860
697
260
1271
561
1493
268
2901
2456
696
190
2174
2491
283
46
947
926
2193
1296
623
2261
227
1255
2927
555
472
1623
631
1188
2392
1834
1781
2936
1798
458
2516
876
1929
2170
1562
1814
2509
96
2200
2096
948
2374
147
1472
1782
702
2683
1469
2341
247
1162
869
1882
938
2826
1247
1482
766
1537
2829
208
2793
1420
1209
2048
2473
2928
658
529
2731
2591
15
2795
543
625
187
2196
629
1914
2277
2130
2484
2095
765
2401
1644
574
88
1416
1748
1583
378
1519
450
275
931
509
641
1119
1559
990
1195
177
1636
1949
556
799
1227
1830
380
728
89
2483
1661
372
1660
524
664
2825
1563
1771
854
928
1898
2293
1843
2472
570
1517
2542
725
1073
1264
1643
1372
849
1101
22
121
577
236
1703
1055
627
360
1513
2167
1858
2094
670
1288
272
2228
1081
2257
2787
2769
1242
2222
2325
2941
995
1284
1436
440
590
2695
1258
1971
1960
185
2004
2296
1078
1456
1568
2907
1943
1216
2479
2165
146
1344
850
1468
2933
2688
1099
1612
2822
338
1181
2441
45
2744
1675
284
1621
2776
97
498
320
991
1880
885
1451
2609
2076
382
373
1367
718
550
599
1122
2458
1489
495
1206
1883
1937
2368
1032
2209
2422
1287
659
1891
933
2530
1212
1191
610
2524
2748
493
2692
2504
2078
2809
159
602
2088
1149
1862
883
580
2121
1211
1492
756
255
1313
1832
1884
654
2547
1690
1102
2358
1775
1428
2687
347
1986
1893
176
2857
2515
1427
2420
2058
1501
1757
714
1321
534
1783
827
1318
2615
546
2568
485
960
1129
2438
2376
1053
2070
2131
2106
2556
233
1457
538
2827
1800
527
1062
972
781
254
1965
1718
2102
862
470
54
1900
2140
1192
2718
72
1611
1687
2386
1619
916
1232
2764
1328
2856
2108
199
1859
1233
1582
545
2233
503
671
390
1360
595
137
1434
2779
2344
833
1479
2424
286
1704
1657
1745
49
2600
1942
2235
772
1261
1348
2625
1665
2010
1752
1573
1554
719
1403
1742
309
934
2308
763
1418
1476
321
2412
1777
2844
251
1202
789
2566
27
198
1215
1842
1320
2878
2916
1201
1688
857
2502
483
2025
841
2669
2676
68
1990
2211
1780
1112
308
1864
1309
1007
346
2302
463
219
1604
1696
2123
770
649
1311
1952
2931
585
1385
459
821
2750
1838
1185
2373
264
619
2915
1156
1835
2294
2774
453
193
966
173
1854
2337
425
369
1578
1550
1150
1762
1977
1525
2194
1721
1551
1117
1289
944
1111
985
2410
103
1749
2212
253
1848
2474
2281
646
1103
1146
2307
1048
1351
1213
2541
1083
106
2279
2318
69
2828
920
276
1104
840
1368
1980
2840
1918
863
2359
652
396
2610
1315
1327
2087
63
1070
296
2067
2429
922
592
1050
424
500
1174
2145
1113
1614
2704
2324
1737
2284
648
1488
1962
2024
507
1061
1304
1123
467
181
1361
10
532
1915
2935
376
1059
1163
118
2575
1840
891
1639
1546
1268
752
2073
2350
2301
855
2243
1824
2867
1305
2623
1629
2852
1107
1369
300
2747
62
2439
2655
2476
445
14
1955
638
1857
1756
2613
983
914
2529
2477
2289
149
2252
2567
1310
2370
461
1807
2402
1088
2902
705
576
657
1417
1480
314
2459
391
2241
2407
374
2531
1049
7
2467
1133
923
317
573
230
2173
655
2111
2553
2905
2171
917
1239
492
786
1022
1683
1906
2236
745
1312
984
1894
1178
877
2873
1086
375
1510
678
331
2698
387
1541
2009
1411
508
2893
547
2900
2331
2813
2056
1572
2861
2670
771
1822
2714
155
20
499
1365
136
1979
1438
1190
2074
25
307
2899
256
2315
38
682
1043
1615
2451
2399
2388
603
411
1596
2345
2259
713
1648
733
1334
2715
1940
2598
888
55
1249
80
724
261
1802
695
90
2005
1033
148
1603
1666
1903
12
1120
965
812
1276
1664
2033
1158
2891
1076
2418
117
1042
1750
2112
2729
1819
1028
1065
2498
1565
1713
1625
220
212
2204
2205
400
1018
412
1948
482
1167
2437
2450
808
710
1441
846
871
2299
1985
782
2329
2523
1010
2543
1735
1836
2728
1841
522
1681
1921
1736
836
1029
2705
2120
2546
237
2036
1279
717
1467
1689
608
2086
2599
2270
1226
1019
2766
35
753
632
2298
1294
2720
1787
174
2650
2449
742
2169
1331
2585
245
2796
5
785
1376
1142
958
1031
2630
2662
1440
956
690
548
418
2495
2762
2627
1481
288
795
2922
67
952
709
1851
1336
1805
1709
932
1552
2597
50
1761
2330
1333
1545
963
2156
1632
2091
248
1166
457
2244
536
1711
2512
343
729
1349
1778
2493
2354
723
1530
1266
2622
167
1972
1640
894
838
2660
2517
1663
99
829
2740
564
626
2141
1134
581
2621
1157
1794
397
2579
844
701
528
1706
2389
1516
1543
2519
1944
2807
1092
131
987
1602
2089
620
1505
202
451
2115
2122
1579
394
2507
1786
677
2730
2569
2789
2355
2767
262
2185
2464
2680
858
2055
244
905
1151
77
2403
222
910
2628
1443
1744
1764
2139
235
2287
1352
1024
516
2092
1326
2735
1549
2850
2552
1462
681
2710
407
822
998
1923
1013
1290
277
1909
2755
566
2393
110
622
2737
1322
2782
942
2431
2035
2113
1651
1069
1054
2040
1642
409
945
2288
2153
779
1461
1006
2624
699
2674
326
1114
1263
886
111
1165
1207
2414
2271
1224
2854
1511
129
154
2664
2642
1011
1038
6
1063
2084
919
194
784
1256
1700
1811
2638
645
1620
2063
417
2582
1170
1398
1597
2897
163
2142
332
1085
2327
866
1804
182
484
1446
1899
867
462
57
1605
1341
464
1538
1275
1016
270
2781
689
1184
1298
139
575
2886
1177
1674
1179
2007
1593
1904
2214
2652
1575
2280
1159
757
323
640
1655
1535
1793
1144
523
777
2838
1673
1984
1947
240
496
2442
1599
166
2080
2406
478
881
1435
679
872
1395
831
1430
1567
65
1300
2146
1302
2520
2771
587
804
593
2937
1724
2031
1217
2926
893
2601
806
783
1182
1817
342
1448
2798
989
1978
1124
2419
635
2336
1591
1870
912
2018
2317
2690
2644
1378
2383
2057
1720
2101
904
2457
2119
2263
1471
1569
825
340
805
2909
2723
2821
107
33
2581
2786
1514
1866
2470
2303
2842
1865
114
1982
906
2039
594
2385
210
2023
58
2845
1846
9
2671
1034
1594
1976
1199
1308
661
981
1963
2175
1849
953
2837
1265
1375
884
83
1714
797
201
205
834
726
1343
476
2282
497
727
2447
1301
1394
1617
2923
2312
2160
2016
788
2697
1487
1533
312
908
774
279
1564
2417
1450
2248
2903
2203
2260
2734
2068
386
684
1890
2379
2770
554
1245
1649
435
2505
1297
2208
1608
1967
2584
224
2777
2126
1087
1753
2486
2453
2790
1738
1821
402
43
2932
2508
388
1975
2428
168
2577
675
2254
2377
712
2881
736
2310
1067
1939
634
64
2361
2604
2706
2938
949
2168
2278
2924
2668
2150
1855
826
226
2037
1600
2589
1580
2266
215
2012
1871
2906
909
2562
2015
624
2742
310
2592
1845
930
1046
1484
1362
2231
2657
1902
1945
1647
2799
1889
160
2560
1818
179
2892
1388
2103
1715
358
2608
2518
295
2814
961
2468
1366
1444
2708
1392
133
1739
393
1231
1702
792
612
2461
1959
2586
1386
1118
2866
2064
1601
2029
480
1277
2864
2862
2097
2105
2047
2320
1027
1727
466
1203
1751
1634
875
1770
348
406
2640
389
1630
2240
1473
996
2571
2219
2617
2348
86
2699
410
299
1225
1429
1650
298
964
880
2326
1837
2043
544
2738
2011
617
214
1463
269
2264
1415
2413
1792
123
818
1074
1769
2415
921
2535
438
192
271
1999
1235
2186
28
791
1850
2739
324
2851
100
890
93
2380
2049
1833
2394
91
1587
1679
817
169
2858
1281
2572
18
2206
1387
1616
747
2002
2159
74
1808
1912
1913
2157
2754
1325
1374
633
1719
2347
1767
2919
2356
828
287
2155
436
1789
1791
694
398
2686
2232
2448
145
197
959
2006
126
2679
426
1426
940
1790
17
2616
1080
553
2314
120
647
432
2532
778
1964
583
1677
802
1382
2522
2830
477
1598
1861
1911
2176
560
693
941
692
2300
2716
2564
1389
2925
582
2395
1259
339
898
1931
588
2801
598
2352
1350
1873
1829
1969
2607
75
2820
2387
1521
2702
997
2618
970
2593
2595
2075
579
2645
2785
1933
739
2255
674
578
2059
437
188
381
1356
999
2839
1345
1306
278
76
371
2888
683
1066
1540
1856
2182
2788
2469
662
125
122
526
2637
2225
95
1180
1888
1523
1646
810
2573
2816
413
354
2238
2802
798
1692
383
1175
186
290
1581
1539
1809
685
2833
301
2100
897
1561
651
1638
1240
2304
1316
1470
1526
1214
164
1419
1250
1803
24
446
557
1303
1828
2166
568
265
986
751
1747
370
2929
1406
2465
115
422
1108
2587
2847
442
511
925
656
2234
2268
2934
1529
1755
2423
1412
721
113
405
2808
2791
2626
1907
2649
448
698
2713
1610
1486
769
716
2765
420
2606
108
333
2082
2794
1622
1589
860
1295
2736
2506
78
859
2343
2198
879
2229
2659
430
322
138
1996
2042
918
359
1339
2276
1090
2258
2872
2757
2396
2752
1168
1491
1127
1026
2221
2874
2620
2939
1763
750
1077
1380
975
1886
606
993
1115
2544
2492
1317
1171
1928
1637
1091
2853
676
465
127
2421
1788
1079
2741
2780
887
217
902
1717
1813
2722
1938
1951
1160
21
1131
223
2554
759
2179
1004
1330
2525
2526
815
2227
744
907
852
1137
1409
2333
2267
2391
2398
505
1524
2230
162
1068
2154
1730
2184
345
1997
1089
1035
2823
1125
1272
2772
1532
680
2489
1237
2745
2514
2889
2378
1667
1407
2784
2778
2868
2773
2904
1662
1465
1504
2109
1766
1716
1056
1371
60
246
2521
2335
1609
2134
1071
2855
1576
257
1197
672
2093
2749
540
853
1795
2026
2083
1483
2178
558
832
1633
1801
404
2342
2008
252
2629
2188
667
1363
2896
1001
56
601
23
232
1347
2127
2635
1876
2411
823
1825
1710
1477
2550
2148
51
1176
216
1421
319
1518
1485
2696
2803
1453
191
1708
2332
2639
1994
663
1286
302
2917
84
1652
2430
1754
873
1924
1036
720
2576
2877
2501
2721
1887
688
737
134
732
1218
1329
653
85
535
2364
1728
2583
1820
1396
344
1357
337
2390
686
2843
2060
2323
666
2425
2077
2224
443
2028
1680
878
980
1635
204
1021
1957
1741
1460
1148
1459
1936
2603
92
1379
643
1037
597
2164
935
456
2253
2488
2653
2110
615
1342
1558
2682
112
2177
1017
315
642
1447
2366
735
1096
416
2898
2265
2911
1422
2022
1377
809
639
1574
600
1153
352
1595
1424
1248
2940
2792
488
2054
1449
687
2195
2832
2673
790
1273
356
1653
142
2756
2654
2559
1293
2751
2537
637
2812
479
2746
2831
2711
2306
1784
1234
2647
363
144
2000
1030
992
153
2849
1353
1106
1173
604
2726
2672
1015
1586
2930
116
1553
334
2117
401
895
170
2580
2046
2427
793
454
740
521
303
1507
2471
2565
715
109
2163
2651
2262
2445
311
2133
915
2416
787
773
1260
1200
415
2811
1402
2894
2269
1872
2883
2322
469
180
294
1548
2339
2921
31
1879
2612
730
2545
2143
2503
1012
2400
1892
1095
2220
1399
2709
614
19
749
341
1502
431
1020
1555
1254
1852
2666
2810
1354
361
1141
1534
1051
2180
551
1925
2311
156
780
533
889
1847
231
2824
1627
1826
563
2841
571
1658
293
2136
104
1408
2021
2069
2313
238
539
29
128
1779
1974
839
73
1922
2172
1169
660
2321
1839
81
562
501
1547
584
816
2147
218
1346
1676
1722
135
2334
537
874
1238
2032
1246
1075
704
2319
47
2125
2663
1705
2443
1528
2129
1147
2050
408
2805
2908
1433
2848
171
2549
2384
2678
2444
460
1136
1732
2446
1577
800
1109
2190
280
1698
1251
1413
1
1566
865
2381
2836
803
178
2454
2250
2053
1432
900
26
2539
1437
2619
2044
329
2818
738
157
2272
130
1557
2727
2636
1624
1236
318
979
870
1319
1671
392
282
971
379
607
1970
754
1981
1973
864
630
2116
429
70
1335
305
1094
102
2192
2570
596
954
2511
151
439
1868
1155
541
447
513
1531
2895
2283
313
1917
2913
1734
1686
1164
1221
1707
1628
427
1045
814
2202
1154
1098
2066
1958
2223
2912
2534
1515
1908
263
741
2882
1186
1358
650
1057
2291

