438
2504
425
1707
2166
140
2629
1111
623
1198
2322
258
607
1857
2305
928
2042
2457
2388
2555
2086
904
2470
1265
2118
2043
1285
2528
1220
591
805
228
2821
1881
832
125
1745
1085
2453
1084
759
1138
2914
525
2003
2642
1438
1618
206
1129
1358
2770
1747
290
2170
1849
2353
1282
2212
1184
1410
932
815
679
1514
2020
2743
1622
687
2381
1510
2215
2483
1404
1537
1592
2068
2010
894
524
321
2675
652
2856
1140
465
1854
2870
252
2515
2256
689
2474
387
2613
1944
1766
837
1196
2498
710
1939
1665
2203
1994
2092
363
21
2298
873
1156
1252
1569
2923
2006
2485
2562
1429
587
1351
1889
569
2027
493
750
1490
1347
304
694
1322
2384
1780
2397
2332
2077
1918
2232
232
1652
2730
1337
1896
899
1125
2540
2920
1632
40
1997
421
2406
91
409
1539
2067
967
1345
555
2514
785
2527
1033
1076
1011
2429
131
533
1475
791
853
1461
2860
2168
1834
2591
441
797
1534
983
482
2400
1635
389
2594
413
56
590
614
54
885
846
1188
2775
2702
941
1301
878
1295
2030
1169
1414
2093
2249
1360
2449
2606
1334
336
2578
246
1356
2653
2546
532
1421
2516
22
1734
854
1025
1983
1840
1073
800
663
1333
1027
1
1123
2402
2466
852
2415
240
128
451
238
2263
2797
597
412
1238
269
2627
660
579
1634
2208
872
1268
1576
195
2706
1473
1517
813
1017
2089
1925
2704
505
2340
2889
2106
1990
947
1633
862
691
944
144
2205
112
2581
548
1695
291
2175
1650
1729
2291
2603
35
55
1114
2460
353
401
2773
1272
2356
1080
148
2714
72
2120
1504
2268
1118
2728
2344
2494
1973
1952
2041
1971
184
876
434
1845
1791
1981
2389
1946
2253
2778
2278
1732
59
168
459
262
2905
641
1378
318
2236
2129
436
2408
950
508
2352
929
897
1270
2707
1396
2756
598
2691
362
938
712
1096
1812
278
1760
1611
1366
2286
2482
2549
2758
1653
1835
824
1844
1698
2495
650
395
549
2194
1086
1756
2524
52
1982
2499
1349
1717
323
103
332
1571
530
2567
2341
1247
486
1605
1545
2636
411
1167
1869
1031
2793
2277
294
1459
1390
1144
444
661
1955
1043
452
918
992
351
18
883
1267
2696
346
98
2699
2553
1761
1989
757
2091
1203
977
116
674
1319
982
478
1258
609
2622
2893
313
1805
1712
2183
457
1895
946
2090
2226
1007
2355
1237
1089
1008
2777
2713
1482
526
1980
2574
467
1924
2359
2873
234
1903
1814
1431
1765
1037
1112
2300
1637
795
396
893
1864
635
2250
1216
1873
84
1555
671
2430
1816
2533
633
731
2028
1003
213
1481
1050
2262
1303
613
326
1758
1338
1472
342
344
2216
2149
1589
1484
1106
1859
1067
1458
1628
2512
2227
280
748
1803
2874
1097
2502
305
1163
2304
181
2271
73
1030
1962
1177
1176
2734
281
2506
288
2343
1659
373
1283
519
1941
1689
1694
1174
2663
171
1640
2508
1826
751
994
2776
2575
1968
2623
776
1868
161
268
1117
1898
1022
1024
2207
1487
24
1833
237
552
202
2843
960
1444
2656
2313
2239
772
142
220
1197
2892
2008
2907
2302
1599
2158
559
1060
2783
1783
1578
1785
707
62
2289
2531
1235
2044
1518
646
481
360
1927
2885
1966
2336
2138
245
1447
2011
1281
440
1440
988
1460
1516
1153
922
1348
2431
1462
2398
821
1779
322
2290
276
2206
2111
643
1275
1593
1639
2654
192
1818
507
1100
850
889
2468
722
1642
1182
1168
1685
788
778
2038
53
301
2446
2802
2451
2267
520
1953
296
1215
1172
1888
1912
1848
1145
1556
241
2880
1572
1524
626
450
417
2202
2863
2837
42
254
1762
221
1147
2318
1604
390
1904
2331
212
2683
2697
949
448
30
1768
14
735
1787
49
60
726
264
325
578
347
1670
76
1664
1866
2412
2417
1154
2148
2311
535
2824
371
2501
1124
2784
2764
2715
1807
2211
2312
603
233
1355
12
1641
1195
675
2193
382
855
335
1975
864
209
308
1932
2583
773
263
734
2848
585
907
2804
399
2127
407
28
1522
1669
2500
393
2484
289
1658
2864
655
1350
1843
61
1536
1755
874
1986
673
1648
1000
2602
1714
781
2633
2620
2432
2004
2480
1767
1696
431
2899
1558
903
2828
2055
1479
1740
117
2746
2513
279
2416
2566
1277
250
2886
124
574
1649
443
2898
2881
464
2626
1686
2238
2488
2174
13
1274
114
544
2836
1948
2849
1407
682
966
377
619
869
908
2178
2681
514
577
2078
2309
2607
367
2741
102
2780
239
2807
892
839
2909
1352
1110
2938
1162
2392
2940
882
129
1212
990
2116
1189
1752
218
2891
1425
339
868
1120
1450
1616
1386
1878
106
506
1152
2901
456
1263
158
68
293
2712
1899
174
1506
1343
2918
1757
628
1682
2370
2469
187
109
838
2726
1759
845
1020
1483
255
1865
2709
2781
979
1428
1621
1943
1171
1279
1874
2941
1965
1040
1660
700
2172
995
980
2130
1883
2109
433
2191
1876
829
784
136
1934
2745
1029
1675
697
386
1374
2661
1718
126
2853
2866
927
2365
1222
160
94
1921
2378
2875
1662
958
616
2664
2274
2379
1339
340
429
948
1719
2894
936
724
1769
2878
183
1688
1584
2026
666
47
2611
1135
1326
1796
2358
499
2363
610
350
1469
841
704
761
229
529
2143
2122
2820
2074
747
226
1792
118
1344
488
1496
2401
1370
2387
491
2791
2708
764
789
1306
2625
1402
1271
402
2214
783
720
2701
2648
2013
2269
1175
1330
423
2132
954
774
2819
2342
808
1365
300
931
219
1053
1922
1388
1313
200
2543
2410
2255
1109
466
1471
1574
1627
2670
37
2511
2930
2520
2458
2242
1297
1115
2671
562
2748
1069
1398
542
765
2245
1596
537
656
1720
430
1059
2774
1988
1015
1801
224
1610
2871
2362
685
1121
2840
858
2738
986
198
1420
1798
36
582
1993
2742
2064
2295
2674
1006
1802
261
769
2204
999
1551
1081
1395
2749
500
210
914
1753
196
1613
2099
1457
1134
926
1723
2061
539
419
2771
593
2126
352
152
2732
1486
1383
2141
2012
337
2186
503
1764
460
817
2347
566
1088
1470
2910
2140
2265
2315
1463
1656
2571
1624
782
182
1735
622
2377
1331
1210
2767
1227
937
1825
177
216
2877
2615
1964
1909
1863
1672
2081
780
1342
2535
1564
295
683
115
1377
1821
625
368
2803
2862
2751
201
2005
1892
705
1066
2672
677
2435
2693
1083
2407
1056
471
551
1048
1671
2103
27
844
2845
1254
543
2187
744
1064
2937
2058
1737
2032
2736
2454
108
2652
2112
1200
2844
361
2859
1308
1226
604
1236
1797
442
2198
1001
2695
2231
2338
2529
787
891
1294
1476
328
2456
242
418
729
1455
1376
2301
956
969
2563
1590
848
1974
959
2288
83
86
1287
7
942
599
2180
2934
2589
208
880
379
1054
2131
1437
1615
570
2755
2391
727
973
2641
511
1218
422
1253
1456
2536
860
970
1464
5
1223
307
253
316
1693
415
2046
57
1936
1327
1190
1128
1583
657
1623
1161
1413
2101
1699
1422
1730
1206
910
1947
2303
1739
1882
2230
1105
297
2251
2526
2564
1178
857
133
1107
2517
2105
945
100
2752
1250
1119
2123
847
1679
372
573
2634
1041
2155
2049
786
1644
1819
2165
2125
1532
2665
2788
2609
2573
2933
2792
358
1614
2252
231
319
1667
930
1289
2817
2537
2811
550
1956
1335
2747
69
1113
343
1149
1960
756
341
1910
2071
2144
2139
602
2169
1446
2354
2872
2855
1231
879
1324
197
1897
154
2368
962
2234
1219
2128
739
139
45
1976
714
2723
631
1782
1357
2079
1180
1673
1774
875
2308
621
1781
285
895
1239
449
1744
794
851
1057
1935
163
2518
814
818
2461
309
1871
881
827
2568
375
1207
2334
414
1542
1146
2659
2718
1131
1406
127
2818
518
1280
9
886
2327
2210
1795
2814
2586
2684
1911
1240
249
2823
2599
1433
302
105
2281
1715
2110
1157
2419
282
1872
820
2385
592
564
1310
2273
2348
828
1631
955
1926
1192
1449
2505
2151
1375
1594
1199
1276
830
1329
29
427
1328
915
541
2084
2576
1044
2104
111
2618
2163
2154
92
1193
492
34
1269
667
2816
2018
2569
1435
2724
1509
1513
1382
2296
236
1016
2763
1234
1692
167
1058
1320
1259
2285
1852
2014
1165
629
664
2070
1173
1591
2650
1436
902
1432
383
1480
2643
1830
1248
2548
867
2279
586
1727
1492
717
678
1179
2717
1170
1092
391
2448
472
545
2806
110
1187
1543
803
2437
1657
1777
934
1074
2677
1557
284
2833
2600
2220
576
509
2386
2404
487
1778
1099
1963
1072
1155
2815
1409
680
1012
2561
556
596
1068
2329
2757
101
2444
898
33
1257
742
2916
2727
172
1828
1629
384
2439
749
1491
1164
1139
909
681
1185
1316
303
812
1363
1708
1585
1731
1256
536
721
2146
1929
364
1284
2471
2565
2465
1046
2735
1101
8
51
1439
134
1595
495
132
1399
963
1061
2420
1292
2510
2422
2022
715
1521
1607
834
2261
2134
2427
178
1773
137
2729
2647
2243
1302
1535
1312
1930
1586
1397
736
2570
513
728
1369
1315
912
1300
953
2445
522
1678
1028
560
2399
799
826
2786
768
95
314
16
856
1419
2050
381
2492
1951
2082
292
338
1305
1278
1907
266
1815
2740
770
2247
1580
470
1311
2394
1942
1126
1032
1071
2799
424
819
2769
670
2867
1055
23
257
517
1127
2035
214
1336
1082
2584
810
2382
754
2772
2630
2733
1242
737
2839
298
416
1246
260
1867
1794
1321
1290
2433
446
1467
2034
951
1961
1949
1208
2119
1286
792
1508
2015
662
2031
2159
2225
1314
2396
1045
122
2921
1533
2722
1900
2550
725
462
1885
2530
971
2768
658
1529
762
1244
2490
1296
2137
1991
861
2710
2601
790
703
32
1541
2098
394
2100
2114
1251
2721
130
2700
1499
67
2651
455
2619
2056
801
2673
1264
2556
48
81
1478
2248
1570
274
1442
1229
2832
2002
2925
1151
225
1697
1500
79
1677
180
445
870
1160
1405
2605
327
528
2858
1724
611
1466
485
2782
1448
2662
2228
2258
299
453
1538
143
2073
1531
802
1546
2039
107
150
2284
1810
2551
2411
104
2335
2539
2424
2879
2176
1075
89
2789
1663
2346
1705
1367
594
2638
1630
2753
153
2822
2142
1886
1995
176
38
709
2414
2908
1884
194
843
502
1255
890
1674
1563
1914
1548
2876
1010
816
365
2246
348
1617
2133
2478
461
2590
2316
97
1581
911
1928
1638
1230
1554
1609
1738
93
11
2213
1619
2153
1721
230
2572
1806
25
563
247
1474
2053
1710
311
165
653
645
1703
2795
1090
1891
1832
2162
2462
1453
2264
2919
223
2882
1770
640
2108
1384
1684
2364
1488
483
2280
2047
155
265
2831
2761
2754
2621
65
1992
494
2021
2493
831
2593
1526
479
270
796
2676
1573
2096
2443
1013
1969
2842
2287
723
2847
88
2750
1823
2161
575
752
2156
2906
2476
2826
2066
188
2184
1122
1034
1498
987
2496
458
498
1430
1304
1381
2115
923
2337
397
1600
1116
984
2475
2857
1098
2223
1931
1913
2282
2477
1361
627
1261
1636
2235
426
2716
877
1403
2241
672
1477
1984
2185
767
595
2645
1954
2545
1987
1701
702
1901
711
833
90
271
2135
669
612
1273
1004
1051
1847
1497
1654
620
2376
1915
475
2147
157
2395
2669
2321
1108
169
1489
1095
1232
2083
1923
2
17
2846
1523
701
113
2425
2596
1549
686
2852
688
378
46
696
698
2912
1416
1525
2447
480
70
2785
2649
1214
2413
96
39
2297
1389
2703
1202
1379
1217
329
1566
2585
2851
1602
1842
1809
19
2023
2173
1902
1713
1748
2926
2868
1511
985
405
1530
2428
2222
1970
965
248
63
406
1612
1091
753
2409
2029
1743
568
428
1209
2299
2333
1704
798
50
179
404
1680
2801
601
473
1426
420
2054
836
2604
1346
2680
1065
1078
916
940
320
648
2441
871
2487
283
901
540
173
1725
605
1750
2306
2507
668
993
1166
1005
558
1249
1587
1228
2687
2177
2678
2189
1412
1077
2897
1559
1181
1998
2160
2744
746
1775
692
2635
1858
2319
758
1977
1999
571
1597
2345
647
651
199
1711
2547
99
2351
1808
589
961
2762
1501
896
2616
1241
1148
2095
2372
2812
2759
968
1831
1150
2200
1019
1528
561
1839
204
659
2865
2366
741
203
975
933
1691
2076
2209
1201
2121
2317
1052
1917
1424
2405
1544
2442
1132
1039
392
1262
2171
2486
1890
1341
1014
636
1547
1827
630
1789
2810
1035
454
2489
642
1427
2033
2060
191
1776
2541
2069
733
957
706
822
2911
2094
41
435
2190
1763
1372
2800
1771
1668
521
2040
2559
1790
135
1681
1070
74
2509
531
1103
256
2037
2896
1392
1870
1385
2188
235
1503
1820
1920
141
2841
2350
516
2224
468
538
2929
1582
771
553
2522
1191
2685
1841
1026
2045
2272
1512
760
2323
2463
64
1104
439
1754
2813
2861
2197
1817
156
2523
82
939
654
2682
1158
147
80
345
2610
708
1822
2928
2854
581
1317
26
2640
476
2655
793
925
2805
743
2903
2765
504
1577
2827
1716
2614
1502
588
732
1260
1418
2270
952
315
2326
1700
2719
1136
477
370
2361
355
557
189
2390
2001
913
1793
331
1979
2294
211
2085
546
2796
1788
1393
2009
1894
2455
267
334
2660
2367
496
2196
527
317
1728
695
2065
718
1784
1726
2592
2580
1786
2931
1860
1940
1137
1434
2375
376
1468
1332
1933
1603
1266
1401
615
2307
906
1626
2598
43
1950
2062
2497
1850
2582
447
1908
1243
1706
2097
2720
565
2019
972
149
2024
2136
634
2310
2052
1018
1625
775
2838
1996
4
312
2199
1676
842
572
359
2124
1561
2825
2369
740
1527
185
2632
1233
186
44
1494
463
849
1620
1454
0
1709
523
1945
2587
1373
2080
120
2869
2025
1307
859
1772
2658
825
484
2167
1102
2360
1387
1423
1519
512
2887
2182
2087
1493
2560
1340
919
400
66
2624
1094
2152
2617
1733
2393
1938
2519
699
2260
1441
2790
2668
978
690
2459
719
1568
2666
354
2473
693
1855
1905
865
2667
1804
2646
1722
1221
2145
2075
2521
887
547
2330
1411
251
976
2472
2694
554
1143
287
618
2450
2440
1972
1736
2760
2418
2557
809
2218
2072
884
78
637
1298
1741
330
2257
2102
324
1009
2829
2373
745
840
1606
1749
1887
410
997
138
333
1023
1417
991
1877
2644
2057
1186
2467
489
2692
2698
1985
2292
1520
1211
583
2403
2595
777
917
713
432
222
162
2179
205
1087
1851
1655
2423
1550
1515
1552
2686
2798
510
1588
2117
2739
166
2000
1415
1958
1353
1362
215
275
1047
146
2221
77
151
1916
1937
2259
1036
866
2357
398
900
2150
1002
217
1651
2924
639
2554
2181
2503
2628
1368
1079
357
2063
1919
1690
1846
1646
15
2320
2201
2314
2534
87
2374
2452
1225
2809
2383
755
2552
2902
170
286
1318
676
1142
2532
259
501
1598
193
1364
1645
2637
1742
1879
1325
380
920
1836
306
996
1063
1967
3
2895
2579
924
31
2542
638
2932
811
1813
2036
2915
385
684
2426
1465
1957
1579
75
1799
1224
1601
123
1495
1213
2922
2766
2737
2233
1800
2438
2371
2779
1380
310
1647
349
1861
408
1371
388
2711
608
2088
2017
1746
227
437
119
738
807
2328
369
2293
2705
1565
272
2283
2679
2690
2558
584
863
145
2639
644
2192
2254
1540
1133
164
1205
2481
2830
244
58
1661
943
2731
2608
243
2794
2229
2434
1880
2051
1021
1702
1608
2491
974
2157
1141
806
804
515
2927
2850
567
1183
1400
989
2883
1856
2577
2016
1838
888
2164
2904
2107
534
835
617
2688
935
2324
1293
2884
1485
1443
1445
665
2059
1666
356
2597
10
1354
20
1309
2936
121
1824
1683
469
1560
2276
277
649
580
1394
1042
6
2007
1451
2266
766
2835
2631
2339
1829
2787
273
403
1978
497
2479
2900
2421
71
2464
2380
1553
1567
2237
1299
998
1507
1062
763
2888
2689
85
632
1323
1408
474
716
2217
490
1862
1049
175
2657
1505
1906
2612
2240
921
1893
1391
1751
2808
606
1575
159
2917
2275
2725
2219
1853
1194
1959
905
2890
1204
366
1288
2325
2349
207
1643
2244
1093
2538
1359
2935
981
190
2588
2195
823
600
1811
1038
1130
2048
1875
2525
1837
1562
1159
374
1245
2113
964
2834
1687
2544
730
2913
2436
1452
779
1291
624
2939

