1 0
2 1
3 0
4 0
5 0
6 1
7 1
8 0
9 0
10 0
11 0
12 1
13 0
14 1
15 0
16 0
17 1
18 1
19 0
20 1
21 1
22 0
23 1
24 1
25 1
26 0
27 1
28 1
29 1
30 1
31 1
32 0
33 0
34 0
35 0
36 1
37 0
38 0
39 1
40 1
41 0
42 0
43 0
44 0
45 0
46 0
47 0
48 0
49 0
50 1
51 1
52 0
53 1
54 0
55 0
56 1
57 0
58 1
59 1
60 1
61 0
62 1
63 1
64 0
65 0
66 0
67 1
68 0
69 1
70 0
71 0
72 0
73 1
74 0
75 0
76 0
77 1
78 0
79 1
80 1
81 1
82 0
83 0
84 0
85 0
86 1
87 0
88 0
89 1
90 1
91 1
92 0
93 1
94 1
95 0
96 1
97 1
98 0
99 0
100 0
101 0
102 0
103 0
104 1
105 1
106 0
107 0
108 1
109 0
110 1
111 1
112 1
113 1
114 1
115 0
116 0
117 0
118 0
119 1
120 1
121 1
122 1
123 1
124 0
125 0
126 0
127 1
128 1
129 1
130 0
131 0
132 1
133 0
134 0
135 1
136 1
137 1
138 0
139 0
140 0
141 1
142 0
143 0
144 0
145 0
146 1
147 0
148 1
149 0
150 0
151 1
152 0
153 1
154 1
155 0
156 0
157 1
158 0
159 1
160 1
161 0
162 1
163 1
164 0
165 0
166 1
167 0
168 1
169 0
170 0
171 1
172 1
173 1
174 1
175 0
176 0
177 1
178 0
179 1
180 0
181 0
182 0
183 1
184 0
185 0
186 1
187 0
188 1
189 1
190 1
191 0
192 1
193 1
194 0
195 0
196 1
197 1
198 1
199 1
200 0
201 0
202 1
203 0
204 1
205 1
206 0
207 1
208 0
209 1
210 1
211 1
212 1
213 0
214 0
215 0
216 1
217 1
218 1
219 0
220 0
221 0
222 0
223 1
224 1
225 1
226 1
227 0
228 0
229 0
230 1
231 1
232 0
233 1
234 1
235 0
236 1
237 0
238 0
239 1
240 0
241 1
242 1
243 0
244 1
245 0
246 0
247 0
248 0
249 1
250 1
251 0
252 1
253 1
254 1
255 0
256 1
257 1
258 0
259 0
260 1
261 1
262 1
263 1
264 1
265 0
266 1
267 1
268 0
269 0
270 1
271 1
272 1
273 0
274 0
275 1
276 1
277 1
278 0
279 1
280 1
281 1
282 1
283 1
284 0
285 1
286 1
287 1
288 0
289 1
290 0
291 0
292 1
293 0
294 0
295 0
296 0
297 0
298 0
299 0
300 0
301 0
302 1
303 1
304 1
305 1
306 0
307 1
308 1
309 1
310 1
311 1
312 0
313 1
314 1
315 0
316 1
317 1
318 1
319 0
320 1
321 0
322 0
323 0
324 0
325 1
326 0
327 1
328 1
329 1
330 1
331 0
332 0
333 1
334 0
335 0
336 0
337 0
338 1
339 0
340 0
341 1
342 1
343 1
344 0
345 1
346 1
347 1
348 1
349 0
350 0
351 0
352 1
353 1
354 0
355 1
356 1
357 1
358 1
359 1
360 1
361 0
362 1
363 1
364 0
365 1
366 0
367 0
368 1
369 1
370 1
371 0
372 1
373 1
374 1
375 1
376 1
377 1
378 0
379 0
380 1
381 0
382 0
383 1
384 1
385 1
386 1
387 1
388 1
389 0
390 1
391 1
392 1
393 0
394 1
395 0
396 0
397 0
398 0
399 1
400 1
401 0
402 1
403 1
404 1
405 1
406 1
407 1
408 1
409 0
410 1
411 1
412 0
413 1
414 0
415 0
416 1
417 1
418 1
419 1
420 1
421 0
422 0
423 1
424 0
425 1
426 0
427 1
428 0
429 1
430 1
431 1
432 1
433 1
434 0
435 0
436 1
437 1
438 1
439 1
440 1
441 1
442 0
443 1
444 1
445 1
446 0
447 0
448 1
449 0
450 1
451 1
452 0
453 0
454 1
455 0
456 1
457 1
458 1
459 1
460 1
461 0
462 1
463 1
464 1
465 1
466 0
467 0
468 1
469 1
470 1
471 1
472 0
473 0
474 1
475 0
476 1
477 1
478 0
479 0
480 1
481 1
482 0
483 1
484 1
485 1
486 1
487 1
488 1
489 0
490 0
491 1
492 1
493 0
494 1
495 0
496 1
497 1
498 0
499 1
500 0
501 0
502 1
503 1
504 0
505 0
506 0
507 0
508 0
509 0
510 0
511 1
512 0
513 1
514 0
515 1
516 1
517 1
518 0
519 1
520 1
521 0
522 0
523 0
524 0
525 0
526 1
527 0
528 0
529 1
530 0
531 0
532 1
533 1
534 1
535 1
536 1
537 1
538 1
539 1
540 1
541 0
542 1
543 1
544 1
545 0
546 0
547 0
548 1
549 0
550 1
551 0
552 0
553 0
554 0
555 1
556 0
557 0
558 1
559 0
560 1
561 1
562 1
563 1
564 1
565 1
566 1
567 0
568 0
569 0
570 1
571 1
572 0
573 1
574 1
575 1
576 1
577 0
578 1
579 0
580 1
581 0
582 0
583 1
584 1
585 0
586 1
587 0
588 0
589 0
590 1
591 0
592 0
593 1
594 0
595 0
596 1
597 0
598 1
599 1
600 0
601 1
602 0
603 0
604 0
605 1
606 1
607 0
608 0
609 0
610 1
611 1
612 1
613 1
614 1
615 1
616 0
617 0
618 1
619 0
620 1
621 1
622 1
623 1
624 1
625 0
626 0
627 1
628 0
629 1
630 1
631 1
632 1
633 1
634 0
635 1
636 1
637 1
638 0
639 0
640 1
641 1
642 1
643 1
644 0
645 0
646 1
647 0
648 0
649 0
650 0
651 0
652 0
653 1
654 0
655 0
656 0
657 0
658 0
659 1
660 1
661 0
662 0
663 1
664 0
665 0
666 1
667 1
668 0
669 1
670 1
671 0
672 1
673 0
674 1
675 0
676 1
677 0
678 0
679 0
680 0
681 1
682 0
683 0
684 1
685 1
686 1
687 1
688 0
689 1
690 1
691 1
692 0
693 0
694 0
695 1
696 1
697 1
698 0
699 1
700 1
701 1
702 1
703 1
704 0
705 1
706 0
707 1
708 1
709 1
710 1
711 1
712 1
713 1
714 0
715 0
716 0
717 0
718 1
719 1
720 1
721 0
722 0
723 1
724 0
725 0
726 0
727 1
728 0
729 0
730 0
731 0
732 0
733 0
734 0
735 0
736 1
737 1
738 0
739 0
740 1
741 0
742 1
743 0
744 0
745 0
746 0
747 1
748 1
749 0
750 0
751 0
752 1
753 1
754 1
755 0
756 0
757 1
758 0
759 0
760 0
761 0
762 1
763 1
764 1
765 1
766 0
767 1
768 1
769 1
770 1
771 1
772 0
773 1
774 1
775 0
776 1
777 1
778 1
779 0
780 1
781 1
782 1
783 0
784 1
785 0
786 0
787 0
788 1
789 0
790 1
791 0
792 0
793 1
794 1
795 1
796 1
797 0
798 1
799 0
800 1
801 1
802 0
803 1
804 0
805 1
806 0
807 1
808 1
809 1
810 1
811 0
812 0
813 1
814 0
815 1
816 1
817 0
818 0
819 0
820 0
821 1
822 1
823 0
824 1
825 0
826 0
827 0
828 0
829 1
830 0
831 0
832 1
833 1
834 0
835 1
836 1
837 0
838 0
839 1
840 1
841 0
842 1
843 1
844 0
845 0
846 0
847 1
848 1
849 0
850 1
851 0
852 1
853 0
854 0
855 0
856 0
857 0
858 0
859 0
860 0
861 0
862 1
863 1
864 0
865 0
866 1
867 0
868 0
869 1
870 1
871 1
872 1
873 0
874 1
875 1
876 1
877 1
878 1
879 0
880 0
881 0
882 1
883 1
884 1
885 1
886 1
887 1
888 1
889 1
890 0
891 1
892 0
893 0
894 0
895 0
896 1
897 0
898 0
899 1
900 1
901 1
902 1
903 1
904 0
905 1
906 0
907 1
908 1
909 1
910 1
911 1
912 0
913 1
914 1
915 1
916 1
917 0
918 0
919 0
920 1
921 1
922 1
923 0
924 0
925 0
926 1
927 1
928 0
929 1
930 0
931 0
932 0
933 0
934 1
935 0
936 1
937 1
938 1
939 0
940 0
941 0
942 1
943 1
944 0
945 0
946 0
947 0
948 0
949 1
950 0
951 1
952 1
953 0
954 1
955 0
956 0
957 1
958 1
959 1
960 1
961 0
962 0
963 1
964 0
965 1
966 0
967 1
968 0
969 1
970 1
971 0
972 1
973 0
974 0
975 1
976 1
977 0
978 0
979 0
980 1
981 1
982 0
983 1
984 1
985 1
986 1
987 0
988 0
989 1
990 0
991 0
992 1
993 1
994 1
995 1
996 0
997 0
998 1
999 0
1000 1
1001 1
1002 1
1003 0
1004 1
1005 1
1006 0
1007 1
1008 0
1009 0
1010 1
1011 0
1012 0
1013 0
1014 0
1015 0
1016 1
1017 0
1018 0
1019 0
1020 1
1021 1
1022 0
1023 1
1024 0
1025 0
1026 0
1027 0
1028 0
1029 0
1030 0
1031 0
1032 0
1033 0
1034 0
1035 0
1036 0
1037 1
1038 1
1039 0
1040 1
1041 1
1042 1
1043 1
1044 0
1045 1
1046 0
1047 1
1048 1
1049 0
1050 0
1051 0
1052 0
1053 0
1054 1
1055 0
1056 0
1057 0
1058 0
1059 1
1060 1
1061 1
1062 0
1063 1
1064 0
1065 1
1066 1
1067 0
1068 1
1069 1
1070 0
1071 0
1072 1
1073 1
1074 1
1075 1
1076 0
1077 0
1078 1
1079 1
1080 1
1081 0
1082 1
1083 1
1084 1
1085 1
1086 1
1087 1
1088 0
1089 0
1090 1
1091 0
1092 0
1093 0
1094 1
1095 1
1096 0
1097 0
1098 0
1099 1
1100 1
1101 0
1102 0
1103 0
1104 0
1105 1
1106 1
1107 0
1108 0
1109 1
1110 0
1111 0
1112 0
1113 1
1114 0
1115 0
1116 0
1117 0
1118 1
1119 0
1120 0
1121 1
1122 0
1123 1
1124 1
1125 1
1126 0
1127 1
1128 1
1129 1
1130 1
1131 0
1132 0
1133 1
1134 0
1135 1
1136 1
1137 1
1138 0
1139 0
1140 1
1141 0
1142 1
1143 1
1144 1
1145 0
1146 0
1147 0
1148 0
1149 0
1150 0
1151 1
1152 1
1153 1
1154 1
1155 1
1156 0
1157 1
1158 1
1159 1
1160 0
1161 0
1162 1
1163 1
1164 1
1165 0
1166 0
1167 1
1168 1
1169 1
1170 0
1171 0
1172 0
1173 0
1174 0
1175 0
1176 0
1177 0
1178 1
1179 0
1180 1
1181 0
1182 0
1183 0
1184 0
1185 1
1186 0
1187 1
1188 0
1189 1
1190 0
1191 1
1192 1
1193 0
1194 0
1195 0
1196 0
1197 1
1198 0
1199 1
1200 0
1201 1
1202 1
1203 0
1204 1
1205 1
1206 0
1207 1
1208 1
1209 0
1210 1
1211 1
1212 1
1213 1
1214 1
1215 1
1216 0
1217 0
1218 1
1219 1
1220 1
1221 1
1222 1
1223 0
1224 1
1225 0
1226 1
1227 0
1228 1
1229 1
1230 1
1231 0
1232 0
1233 1
1234 1
1235 0
1236 0
1237 1
1238 1
1239 1
1240 0
1241 1
1242 0
1243 1
1244 0
1245 0
1246 0
1247 0
1248 1
1249 1
1250 1
1251 0
1252 0
1253 1
1254 1
1255 1
1256 0
1257 0
1258 0
1259 1
1260 1
1261 1
1262 1
1263 0
1264 1
1265 1
1266 1
1267 1
1268 1
1269 0
1270 1
1271 0
1272 1
1273 0
1274 1
1275 1
1276 1
1277 1
1278 1
1279 1
1280 1
1281 0
1282 1
1283 0
1284 1
1285 0
1286 1
1287 1
1288 1
1289 0
1290 1
1291 1
1292 0
1293 1
1294 0
1295 1
1296 1
1297 1
1298 1
1299 1
1300 1
1301 1
1302 1
1303 1
1304 1
1305 0
1306 1
1307 0
1308 0
1309 1
1310 0
1311 1
1312 1
1313 1
1314 0
1315 0
1316 1
1317 1
1318 1
1319 0
1320 0
1321 1
1322 1
1323 0
1324 0
1325 0
1326 1
1327 1
1328 0
1329 1
1330 1
1331 1
1332 0
1333 1
1334 0
1335 0
1336 0
1337 0
1338 1
1339 0
1340 0
1341 0
1342 1
1343 0
1344 0
1345 1
1346 0
1347 0
1348 1
1349 1
1350 0
1351 0
1352 1
1353 0
1354 0
1355 1
1356 0
1357 1
1358 1
1359 0
1360 1
1361 0
1362 1
1363 1
1364 0
1365 1
1366 0
1367 0
1368 0
1369 1
1370 0
1371 1
1372 1
1373 0
1374 1
1375 0
1376 1
1377 1
1378 0
1379 1
1380 1
1381 0
1382 1
1383 0
1384 0
1385 1
1386 1
1387 1
1388 0
1389 0
1390 1
1391 1
1392 1
1393 0
1394 1
1395 0
1396 0
1397 0
1398 1
1399 0
1400 0
1401 1
1402 0
1403 0
1404 0
1405 0
1406 0
1407 1
1408 1
1409 1
1410 1
1411 1
1412 1
1413 1
1414 1
1415 1
1416 1
1417 0
1418 1
1419 0
1420 1
1421 1
1422 1
1423 1
1424 0
1425 1
1426 1
1427 1
1428 0
1429 0
1430 0
1431 0
1432 1
1433 1
1434 0
1435 0
1436 1
1437 1
1438 1
1439 0
1440 0
1441 0
1442 1
1443 0
1444 1
1445 0
1446 0
1447 0
1448 1
1449 0
1450 0
1451 1
1452 1
1453 1
1454 1
1455 1
1456 1
1457 1
1458 1
1459 1
1460 0
1461 1
1462 1
1463 0
1464 1
1465 1
1466 1
1467 0
1468 1
1469 1
1470 0
1471 0
