1 0
2 1
3 1
4 0
5 1
6 1
7 1
8 1
9 1
10 0
11 0
12 1
13 1
14 1
15 0
16 0
17 0
18 1
19 1
20 0
21 1
22 1
23 0
24 0
25 1
26 0
27 1
28 0
29 1
30 1
31 0
32 0
33 0
34 1
35 0
36 0
37 0
38 1
39 1
40 0
41 0
42 1
43 0
44 1
45 1
46 0
47 0
48 1
49 0
50 1
51 1
52 1
53 1
54 0
55 1
56 1
57 1
58 1
59 1
60 0
61 0
62 1
63 1
64 0
65 1
66 1
67 1
68 0
69 1
70 0
71 0
72 1
73 0
74 1
75 0
76 1
77 0
78 1
79 0
80 0
81 0
82 1
83 0
84 0
85 1
86 1
87 0
88 1
89 1
90 0
91 0
92 0
93 0
94 0
95 1
96 0
97 0
98 1
99 1
100 0
101 1
102 1
103 1
104 1
105 0
106 1
107 1
108 1
109 0
110 1
111 1
112 0
113 0
114 1
115 0
116 1
117 1
118 1
119 1
120 1
121 0
122 0
123 1
124 1
125 1
126 0
127 0
128 1
129 1
130 1
131 0
132 0
133 1
134 1
135 0
136 0
137 0
138 0
139 1
140 1
141 1
142 0
143 0
144 1
145 0
146 1
147 1
148 0
149 0
150 0
151 0
152 0
153 0
154 1
155 0
156 0
157 1
158 0
159 0
160 0
161 1
162 1
163 0
164 1
165 1
166 0
167 0
168 0
169 1
170 1
171 1
172 1
173 1
174 0
175 0
176 1
177 0
178 0
179 1
180 1
181 1
182 1
183 1
184 1
185 0
186 1
187 0
188 0
189 1
190 0
191 0
192 1
193 1
194 1
195 1
196 1
197 0
198 1
199 1
200 0
201 1
202 1
203 0
204 0
205 0
206 1
207 0
208 0
209 0
210 0
211 1
212 0
213 0
214 0
215 0
216 1
217 0
218 0
219 0
220 1
221 0
222 0
223 1
224 1
225 1
226 0
227 0
228 0
229 0
230 1
231 1
232 0
233 0
234 1
235 1
236 1
237 1
238 0
239 1
240 1
241 1
242 1
243 1
244 0
245 1
246 1
247 1
248 0
249 0
250 0
251 1
252 1
253 1
254 0
255 1
256 0
257 1
258 0
259 1
260 1
261 0
262 0
263 0
264 1
265 0
266 1
267 0
268 1
269 1
270 1
271 0
272 1
273 0
274 1
275 0
276 0
277 1
278 1
279 1
280 1
281 0
282 0
283 1
284 1
285 1
286 0
287 1
288 1
289 0
290 0
291 1
292 1
293 1
294 0
295 1
296 0
297 0
298 0
299 1
300 0
301 1
302 0
303 1
304 1
305 1
306 1
307 1
308 1
309 1
310 0
311 0
312 0
313 1
314 0
315 1
316 0
317 0
318 1
319 1
320 1
321 0
322 1
323 1
324 0
325 1
326 0
327 1
328 0
329 0
330 1
331 0
332 0
333 1
334 1
335 1
336 0
337 0
338 0
339 1
340 0
341 1
342 0
343 0
344 0
345 1
346 0
347 0
348 1
349 0
350 1
351 1
352 1
353 1
354 1
355 1
356 0
357 1
358 0
359 0
360 1
361 1
362 0
363 0
364 0
365 0
366 1
367 1
368 1
369 0
370 0
371 1
372 0
373 1
374 0
375 1
376 0
377 0
378 0
379 1
380 0
381 0
382 1
383 0
384 1
385 1
386 1
387 0
388 1
389 0
390 0
391 1
392 0
393 0
394 1
395 1
396 0
397 0
398 1
399 1
400 0
401 1
402 0
403 1
404 0
405 1
406 1
407 1
408 0
409 1
410 0
411 1
412 1
413 0
414 1
415 0
416 1
417 0
418 0
419 1
420 0
421 0
422 0
423 0
424 1
425 1
426 1
427 1
428 0
429 0
430 1
431 1
432 1
433 0
434 1
435 1
436 0
437 1
438 1
439 1
440 0
441 0
442 1
443 0
444 1
445 0
446 1
447 1
448 0
449 1
450 1
451 0
452 0
453 1
454 1
455 1
456 0
457 1
458 0
459 0
460 1
461 0
462 0
463 1
464 0
465 0
466 0
467 1
468 1
469 0
470 0
471 0
472 1
473 1
474 0
475 1
476 0
477 0
478 1
479 0
480 0
481 0
482 1
483 0
484 1
485 1
486 0
487 0
488 1
489 1
490 1
491 0
492 0
493 1
494 0
495 1
496 1
497 0
498 1
499 0
500 1
501 0
502 1
503 1
504 0
505 1
506 1
507 1
508 1
509 1
510 0
511 1
512 1
513 0
514 1
515 0
516 1
517 0
518 1
519 0
520 1
521 0
522 1
523 1
524 1
525 1
526 1
527 0
528 1
529 1
530 1
531 0
532 1
533 1
534 0
535 1
536 0
537 1
538 1
539 1
540 1
541 1
542 1
543 1
544 0
545 0
546 1
547 1
548 1
549 1
550 1
551 0
552 1
553 0
554 1
555 0
556 0
557 0
558 0
559 1
560 0
561 0
562 1
563 0
564 1
565 0
566 1
567 1
568 1
569 1
570 1
571 1
572 1
573 1
574 1
575 1
576 1
577 0
578 1
579 1
580 1
581 1
582 1
583 1
584 1
585 1
586 1
587 0
588 1
589 0
590 1
591 0
592 1
593 1
594 0
595 1
596 1
597 0
598 0
599 1
600 1
601 0
602 0
603 1
604 1
605 1
606 1
607 1
608 0
609 1
610 1
611 0
612 0
613 0
614 0
615 1
616 1
617 0
618 1
619 0
620 0
621 0
622 1
623 0
624 0
625 0
626 0
627 0
628 0
629 0
630 1
631 1
632 0
633 1
634 1
635 1
636 1
637 1
638 1
639 0
640 0
641 1
642 0
643 1
644 0
645 1
646 1
647 0
648 0
649 0
650 1
651 1
652 0
653 1
654 1
655 1
656 0
657 0
658 1
659 1
660 1
661 1
662 1
663 1
664 0
665 0
666 1
667 1
668 0
669 1
670 0
671 1
672 1
673 0
674 1
675 1
676 1
677 1
678 0
679 0
680 1
681 1
682 0
683 0
684 1
685 1
686 1
687 0
688 1
689 0
690 0
691 1
692 0
693 1
694 1
695 0
696 0
697 1
698 0
699 0
700 0
701 0
702 1
703 1
704 1
705 1
706 1
707 0
708 1
709 0
710 0
711 0
712 0
713 0
714 0
715 1
716 1
717 1
718 0
719 1
720 0
721 0
722 0
723 0
724 1
725 0
726 1
727 1
728 1
729 1
730 0
731 1
732 1
733 1
734 1
735 0
736 1
737 1
738 0
739 0
740 0
741 1
742 1
743 0
744 1
745 1
746 0
747 0
748 1
749 0
750 0
751 1
752 0
753 0
754 0
755 1
756 1
757 0
758 0
759 0
760 0
761 0
762 0
763 0
764 0
765 1
766 1
767 1
768 0
769 0
770 1
771 0
772 1
773 1
774 0
775 0
776 0
777 0
778 0
779 0
780 0
781 1
782 1
783 1
784 0
785 1
786 0
787 0
788 0
789 1
790 0
791 0
792 0
793 1
794 1
795 0
796 0
797 0
798 0
799 1
800 0
801 1
802 1
803 1
804 0
805 1
806 0
807 1
808 1
809 0
810 1
811 1
812 0
813 0
814 0
815 0
816 1
817 1
818 0
819 1
820 0
821 0
822 0
823 1
824 0
825 0
826 0
827 1
828 1
829 1
830 1
831 0
832 1
833 0
834 1
835 0
836 0
837 0
838 0
839 1
840 1
841 1
842 0
843 0
844 0
845 0
846 1
847 1
848 1
849 1
850 0
851 1
852 1
853 0
854 1
855 1
856 0
857 1
858 1
859 1
860 1
861 0
862 1
863 0
864 1
865 0
866 1
867 0
868 0
869 1
870 0
871 1
872 1
873 0
874 1
875 0
876 0
877 1
878 1
879 0
880 0
881 0
882 1
883 1
884 0
885 0
886 1
887 0
888 1
889 0
890 0
891 0
892 1
893 1
894 1
895 1
896 0
897 1
898 0
899 1
900 0
901 0
902 0
903 0
904 0
905 1
906 0
907 0
908 1
909 1
910 1
911 1
912 1
913 1
914 0
915 1
916 1
917 0
918 1
919 0
920 1
921 0
922 1
923 1
924 0
925 1
926 0
927 1
928 0
929 1
930 1
931 1
932 1
933 0
934 0
935 0
936 1
937 0
938 1
939 1
940 1
941 0
942 0
943 0
944 1
945 1
946 1
947 0
948 1
949 0
950 1
951 1
952 0
953 0
954 0
955 1
956 1
957 0
958 0
959 0
960 0
961 0
962 0
963 1
964 0
965 1
966 0
967 0
968 0
969 0
970 0
971 1
972 1
973 0
974 0
975 1
976 0
977 1
978 0
979 0
980 1
981 1
982 0
983 0
984 1
985 0
986 1
987 1
988 0
989 1
990 1
991 0
992 0
993 1
994 0
995 1
996 0
997 1
998 0
999 1
1000 1
1001 0
1002 1
1003 0
1004 1
1005 1
1006 0
1007 1
1008 0
1009 0
1010 1
1011 0
1012 1
1013 0
1014 0
1015 0
1016 0
1017 0
1018 0
1019 0
1020 0
1021 0
1022 0
1023 1
1024 0
1025 0
1026 0
1027 0
1028 1
1029 0
1030 0
1031 1
1032 0
1033 1
1034 0
1035 1
1036 0
1037 0
1038 1
1039 0
1040 0
1041 1
1042 0
1043 0
1044 0
1045 1
1046 0
1047 1
1048 1
1049 0
1050 1
1051 1
1052 0
1053 0
1054 1
1055 0
1056 1
1057 1
1058 1
1059 1
1060 0
1061 1
1062 0
1063 0
1064 1
1065 1
1066 0
1067 0
1068 1
1069 0
1070 1
1071 0
1072 0
1073 1
1074 1
1075 1
1076 0
1077 0
1078 0
1079 0
1080 1
1081 1
1082 0
1083 1
1084 0
1085 1
1086 1
1087 0
1088 0
1089 0
1090 0
1091 0
1092 0
1093 1
1094 0
1095 1
1096 1
1097 1
1098 1
1099 1
1100 1
1101 0
1102 0
1103 0
1104 1
1105 0
1106 1
1107 0
1108 0
1109 1
1110 0
1111 0
1112 0
1113 0
1114 0
1115 0
1116 0
1117 0
1118 0
1119 0
1120 0
1121 0
1122 0
1123 0
1124 1
1125 1
1126 0
1127 1
1128 1
1129 0
1130 0
1131 0
1132 1
1133 1
1134 0
1135 0
1136 0
1137 1
1138 0
1139 1
1140 1
1141 0
1142 0
1143 0
1144 0
1145 0
1146 0
1147 0
1148 0
1149 0
1150 0
1151 1
1152 0
1153 0
1154 1
1155 0
1156 0
1157 0
1158 0
1159 0
1160 0
1161 0
1162 0
1163 0
1164 0
1165 0
1166 0
1167 1
1168 1
1169 0
1170 0
1171 0
1172 1
1173 0
1174 1
1175 1
1176 0
1177 0
1178 0
1179 0
1180 1
1181 0
1182 0
1183 0
1184 1
1185 1
1186 0
1187 1
1188 0
1189 0
1190 0
1191 1
1192 0
1193 1
1194 0
1195 0
1196 1
1197 0
1198 0
1199 0
1200 1
1201 1
1202 0
1203 0
1204 0
1205 1
1206 0
1207 0
1208 0
1209 0
1210 0
1211 1
1212 0
1213 1
1214 1
1215 1
1216 1
1217 1
1218 0
1219 0
1220 0
1221 0
1222 0
1223 0
1224 0
1225 0
1226 1
1227 0
1228 0
1229 1
1230 1
1231 1
1232 1
1233 1
1234 0
1235 1
1236 0
1237 0
1238 0
1239 1
1240 1
1241 0
1242 0
1243 0
1244 0
1245 0
1246 0
1247 0
1248 0
1249 0
1250 0
1251 0
1252 0
1253 0
1254 0
1255 0
1256 1
1257 1
1258 1
1259 0
1260 0
1261 1
1262 0
1263 1
1264 1
1265 0
1266 1
1267 0
1268 1
1269 0
1270 0
1271 1
1272 0
1273 1
1274 0
1275 1
1276 1
1277 1
1278 1
1279 0
1280 0
1281 1
1282 1
1283 0
1284 0
1285 0
1286 0
1287 0
1288 1
1289 0
1290 1
1291 1
1292 0
1293 1
1294 0
1295 0
1296 1
1297 1
1298 0
1299 0
1300 1
1301 1
1302 1
1303 0
1304 0
1305 0
1306 0
1307 1
1308 0
1309 1
1310 0
1311 1
1312 0
1313 1
1314 0
1315 1
1316 1
1317 0
1318 0
1319 1
1320 1
1321 1
1322 0
1323 0
1324 1
1325 0
1326 1
1327 0
1328 1
1329 0
1330 0
1331 0
1332 1
1333 1
1334 0
1335 0
1336 0
1337 1
1338 1
1339 0
1340 0
1341 1
1342 1
1343 0
1344 0
1345 0
1346 1
1347 1
1348 0
1349 1
1350 0
1351 1
1352 1
1353 1
1354 0
1355 0
1356 1
1357 0
1358 0
1359 0
1360 1
1361 1
1362 0
1363 0
1364 0
1365 0
1366 1
1367 1
1368 1
1369 0
1370 0
1371 1
1372 0
1373 0
1374 0
1375 0
1376 1
1377 1
1378 1
1379 1
1380 1
1381 0
1382 0
1383 0
1384 0
1385 1
1386 1
1387 1
1388 1
1389 0
1390 1
1391 0
1392 1
1393 0
1394 0
1395 1
1396 0
1397 0
1398 1
1399 0
1400 0
1401 0
1402 1
1403 1
1404 0
1405 0
1406 1
1407 1
1408 0
1409 1
1410 0
1411 0
1412 1
1413 1
1414 1
1415 0
1416 1
1417 1
1418 0
1419 1
1420 0
1421 0
1422 1
1423 1
1424 1
1425 1
1426 0
1427 1
1428 1
1429 1
1430 1
1431 1
1432 0
1433 0
1434 0
1435 0
1436 0
1437 0
1438 1
1439 1
1440 0
1441 0
1442 1
1443 0
1444 0
1445 1
1446 1
1447 0
1448 0
1449 0
1450 0
1451 0
1452 0
1453 0
1454 0
1455 0
1456 1
1457 0
1458 1
1459 1
1460 1
1461 1
1462 1
1463 0
1464 0
1465 0
1466 0
1467 0
1468 1
1469 0
1470 1
1471 1
