1221
1172
2268
690
1431
2618
1395
637
869
2085
1322
2692
2866
959
1131
156
1064
746
754
1738
185
2584
2476
953
1659
1545
2670
2356
530
1426
1289
1435
1432
1356
224
1857
1280
2108
141
1850
1551
1519
744
700
1742
1618
908
2354
16
63
2818
2711
2407
2053
2406
1325
150
1160
1066
1134
2512
2770
2149
1163
1554
316
2136
902
401
1848
1510
2729
90
258
1943
691
2133
2229
1124
2470
68
217
603
1333
1619
1056
1228
1665
2620
2687
2748
2795
521
321
1561
2023
1061
627
683
2247
1781
2371
441
1173
2155
2024
1102
1975
1409
1375
2637
606
1823
2395
2040
2884
481
1041
2064
1394
688
1182
2183
1550
600
1101
2480
1890
930
536
440
1747
2007
189
836
289
2410
1592
907
2414
1995
1525
410
2059
1352
1250
2471
892
370
2147
1308
1054
2057
2169
2614
1414
1417
1814
1552
1336
1094
1710
1178
1964
2591
2779
2227
2370
8
714
1454
2463
1986
1584
805
1517
294
1815
21
1077
1564
532
839
431
373
2735
897
559
976
1181
859
467
2907
735
1599
149
2778
1680
1655
250
385
1367
576
1257
2465
1638
2099
420
955
2811
117
2649
1060
928
810
2617
1723
827
2054
2409
364
64
922
1870
894
2741
1942
469
334
1192
220
951
1290
2587
2823
2580
1785
458
2014
2363
1055
709
2403
1772
1339
1183
795
2773
1342
1940
436
1954
2841
443
425
2686
293
1917
775
2045
452
803
2656
762
2309
1197
1504
2726
455
298
799
1241
510
1728
2709
1329
1689
734
2626
1073
383
2154
1683
1791
2913
1460
1032
1715
43
2708
2382
2632
1992
62
2260
2339
498
1625
1442
51
2636
2658
2481
1790
118
2300
337
2306
2908
347
1509
1104
339
720
372
290
1265
9
2754
287
2782
2072
1998
1909
2644
788
616
1845
2515
1610
397
604
1855
2831
924
2822
1605
565
877
1237
610
480
544
1455
246
1118
2305
2343
2697
1718
2628
2086
980
248
2616
236
540
1876
1809
2608
2534
1166
2232
1057
2120
1086
386
2448
578
1366
1956
1439
1726
825
2226
1382
2276
1464
2044
801
2646
2126
1568
2693
2715
943
1196
679
1593
1493
46
91
1528
638
1601
808
657
39
2362
1745
2627
1829
5
651
504
1480
2338
967
47
545
1739
2485
2121
997
1343
2213
2639
575
2455
2529
558
1844
2307
471
705
237
2330
1147
1274
895
1153
2772
313
2151
2504
1457
689
2892
2421
2474
1162
862
1441
1098
682
1314
2252
355
2874
374
2258
2561
633
2802
261
1206
350
2599
749
2505
964
194
295
755
1641
1341
1140
2284
390
2106
761
2704
2122
551
2358
583
2556
2598
2761
971
129
2235
2486
2119
2511
767
112
2491
2018
948
30
2187
137
848
1051
2170
407
625
214
588
1489
2514
495
693
1500
1401
649
2723
2648
1695
179
2469
958
931
2827
1020
2013
2225
2749
977
240
2215
392
1914
212
135
255
698
1631
792
843
1047
2788
1128
1921
2436
473
937
2342
1817
2722
2542
433
550
1973
2764
2933
2835
1357
2766
2783
2861
1915
1267
1321
1849
273
2294
2548
2020
1126
2742
1306
1146
1025
2015
1113
2259
2533
1566
2881
2872
1218
1170
2038
1202
2084
753
1627
2037
919
1039
1453
1410
1200
2549
1323
384
712
206
1624
161
2702
474
1097
2417
1089
1033
2736
566
2034
1540
1138
505
802
871
1379
2566
2521
2596
346
1905
910
1758
2111
1981
1050
57
2717
831
1105
1861
331
949
1291
2557
1976
2067
53
1707
2005
284
276
1746
359
314
1778
2426
552
1262
995
2293
2063
1650
965
2538
1149
2228
1784
2683
2393
1043
2634
1112
97
1628
2135
1699
2442
24
2844
2508
31
1229
639
1297
203
1767
2668
2732
1052
147
2863
2142
2759
579
883
1923
1168
1574
962
2204
2589
2669
1518
1773
988
2201
901
2061
1048
1371
1654
2113
1842
2107
1572
678
973
1201
867
2940
1997
1669
230
806
554
2810
2249
1231
601
1003
382
673
1388
1577
1422
2517
145
2911
856
2731
1466
994
2706
1381
317
1708
1010
1368
1982
2860
1598
2175
165
1421
89
1712
1449
786
1123
1922
916
1302
2612
2205
60
841
1030
301
1649
1403
1220
513
1578
1821
1327
2429
2887
2233
672
1538
2926
622
963
1494
2889
28
2799
954
570
1646
1825
172
2234
1150
2178
1582
1239
1802
2272
1473
563
2540
2655
662
1930
2675
716
2535
1137
1893
669
107
1732
114
2096
1071
1176
1135
2565
490
774
2497
244
126
199
2487
419
2510
478
696
2522
2304
2275
1083
285
1548
1799
1006
1622
402
44
891
2056
1129
1219
2756
146
572
1296
1827
1001
732
2570
2719
223
200
403
676
2069
721
2025
882
757
1933
136
1470
2794
1761
2553
1483
727
2836
266
463
1070
2211
2134
369
1660
722
127
1938
751
56
2674
2619
868
571
2127
1614
1143
2243
692
182
2852
2302
446
2221
813
1948
502
1684
1808
850
1293
1862
800
400
1700
2168
2821
2011
1555
1038
256
1012
1396
993
1508
568
1226
1436
1608
1812
2490
1340
2862
36
2493
1328
1636
424
2012
2690
19
2857
1853
1701
797
781
11
292
2784
1059
1805
1679
66
1759
1433
1425
1691
2458
2425
1991
120
2921
2577
814
1681
1531
2509
1865
2503
845
367
2089
764
352
782
979
589
1524
1023
2322
2186
2454
947
2164
171
1897
893
140
1482
1835
170
252
310
153
2575
2554
2473
925
190
1804
2605
2877
247
1602
666
1777
2625
1667
796
2430
208
2672
525
547
584
2035
2539
1962
713
643
164
1468
1611
2888
2895
2324
1872
1330
896
581
1740
1272
488
1908
320
2177
817
438
2006
1765
343
599
2572
143
1251
1957
1511
69
2283
245
2271
2446
340
1705
2097
148
0
1818
1117
338
2250
605
311
726
448
2375
739
707
2786
1782
2698
1019
344
2900
461
324
2937
76
516
2602
1026
1479
2552
2310
1639
2642
794
1974
1968
597
2640
2667
1069
1591
913
2555
484
1527
325
2311
890
394
783
475
2813
1603
2897
880
1154
2016
1255
2444
852
1760
2422
1021
511
1478
253
2876
2924
1983
2519
1888
1491
257
500
1387
522
671
2459
2846
193
110
2009
1919
2496
265
1513
1252
1445
990
1590
1027
1515
1730
2885
765
2751
2762
2910
1386
2191
1764
743
1864
1990
2230
4
1383
968
1256
914
2138
302
1753
653
560
564
1317
487
2212
191
1967
2466
733
1585
2195
1926
1080
1467
2291
1980
1883
307
715
2124
375
160
1305
1714
2242
2769
561
1780
423
119
1334
2070
432
1507
2699
1213
1279
2334
609
828
2435
2353
2506
296
354
1902
1766
2800
2767
2325
414
1757
308
917
55
1852
1294
101
1035
2807
1324
858
1195
1664
1859
591
2002
1258
2281
736
1132
323
1248
2028
2532
1283
2173
665
2796
927
1657
2387
477
926
2208
1440
1165
2918
921
456
991
2828
519
2468
766
365
2405
1626
1743
1477
1774
647
2643
2705
356
281
2923
1122
1169
2483
1167
911
2166
899
2922
2415
1318
222
1130
1253
1989
1877
1721
1353
887
2647
1594
472
834
2366
2768
2804
411
826
2443
2397
2891
2267
2713
3
2536
1803
225
2676
1463
1786
1736
1373
87
986
1716
2320
2253
2873
242
1963
1268
2109
738
326
2434
1796
2049
1632
2791
2916
2721
1944
2048
870
875
644
2263
1633
2850
1309
413
2046
151
1559
2593
2420
1533
2017
950
332
577
2737
1549
2691
406
1378
1501
2090
1834
1299
2440
1854
844
327
1606
2935
1735
2104
379
970
2484
515
2200
1512
1910
2374
655
1481
630
1298
1423
548
1074
1359
2340
1879
1873
2152
72
2031
642
2507
2145
1377
861
607
1091
2317
935
2545
1450
1903
1560
2073
2661
773
1612
393
1045
2389
2184
1532
2301
1486
2925
668
1331
1199
1016
1820
1312
1144
1067
49
216
1851
2654
1615
888
2003
1365
1600
1281
1503
260
297
2394
878
1847
1133
210
166
830
957
2188
648
1164
989
1875
1459
1822
2809
1398
2781
2537
1725
2437
2367
1841
1887
569
1084
1177
1543
2131
25
395
2078
2574
496
2753
798
2573
2388
1539
1521
1526
176
2289
2798
2319
1475
188
1816
1571
2914
546
537
37
1788
1895
1729
2680
811
2265
1597
96
2255
2000
2864
2851
1106
728
2652
2055
111
942
590
38
2550
1024
1223
580
2579
2880
460
533
1894
2576
277
418
2449
1771
2095
2071
1616
1332
1078
562
1238
1811
2182
1015
2401
48
318
1749
1139
417
855
2451
2879
1579
879
7
2716
674
1292
952
2344
1722
2824
2350
508
2531
681
1037
1242
377
1158
447
864
1750
211
74
822
2494
2477
1157
1950
1878
1320
2080
1384
286
113
358
833
254
1413
2803
1002
506
2062
2870
2162
2893
109
677
2346
1136
697
1040
1000
1082
416
2254
2839
2244
2043
816
336
1351
2391
1637
130
654
2633
978
2026
685
2209
187
492
1901
1232
614
1623
1783
280
2198
1099
268
1187
168
262
1562
50
706
1429
602
42
1155
503
1634
412
944
2456
699
1953
758
312
2158
319
422
2088
366
1604
2586
2385
1797
2915
900
1613
267
541
702
2792
1556
1644
82
2333
1075
1114
1214
837
670
829
1159
2010
169
793
175
636
2193
1514
2098
1451
304
1444
2712
2348
2856
1119
32
759
2912
197
2650
1245
2399
2441
2278
1205
158
2740
1523
270
144
2210
1259
929
2905
1488
1828
1970
1676
2323
1762
2630
2797
1755
2592
2684
865
201
2678
1474
1916
2223
1288
2461
1617
1958
664
587
1191
2042
667
1222
2541
1184
1190
2314
1719
1959
1868
2583
1675
1116
1316
2700
2662
103
1693
1
1081
779
1692
2819
1484
752
2855
946
932
2355
596
2194
2728
221
884
2052
2171
345
2610
204
619
531
2777
196
52
2750
493
1856
2564
1651
2431
2207
2277
6
2775
1932
1053
2156
2224
1652
1355
595
328
442
1420
70
1235
2457
2329
542
2222
2523
1537
306
2400
1326
207
73
1937
2160
1881
1301
398
2758
2190
167
2246
1741
1096
445
2834
1620
1369
357
730
2890
1234
934
2102
1303
663
1899
1837
1437
1836
1389
2153
936
2347
1717
2815
23
178
1737
58
2746
2878
1947
1609
874
2383
1702
17
226
1935
243
2854
1979
1906
2452
1874
1498
1236
784
2029
157
41
363
615
2361
1918
2840
391
1505
468
218
658
95
1111
408
2701
1263
1287
1945
415
2396
2734
723
2817
2785
1364
2899
2065
1931
585
106
2472
2547
2365
1685
1180
804
83
2115
2624
2663
1840
2812
1448
1209
435
71
956
1018
1704
2266
1286
1575
981
1261
1151
661
1319
54
2262
2657
613
1706
1690
553
1826
1009
2076
1951
1424
2894
464
1775
1544
2489
2638
717
1920
701
2739
2928
2206
840
2377
2058
2331
2492
851
449
2629
2239
2604
2660
2543
2130
1186
903
2288
1049
1338
987
2920
2411
517
2328
1621
278
380
526
2641
1161
1969
631
2159
747
703
2526
820
623
1642
1924
2110
2594
368
1867
1546
409
209
2318
181
612
592
2571
1698
1810
2886
2216
155
2774
731
2808
2079
2688
2551
2150
1573
507
1928
966
1744
1570
86
646
1900
173
108
1065
640
1465
2125
1076
1682
2274
2936
2787
1275
2904
1794
2163
769
2718
1648
330
629
939
656
1553
300
2081
1495
421
2004
2859
479
2814
1927
349
139
104
549
1476
2518
1643
361
2386
982
763
2883
2219
371
2917
1310
132
2428
1372
1996
1497
2825
483
1212
45
1999
2129
1348
1304
1058
823
2378
2578
2582
2418
1193
396
1156
2172
2251
1311
807
77
742
2093
1046
2845
2123
2868
634
1756
2337
2941
1994
824
1912
1965
2146
184
437
1402
1121
241
67
1640
1458
2257
1984
2033
620
233
771
2041
1677
1485
2544
2932
1243
451
476
2341
2842
626
2898
29
760
2091
2438
1254
768
264
1174
351
2245
708
2202
1487
2357
1227
1946
84
2432
1713
2696
1987
2755
1285
2240
2679
1891
387
523
18
1529
2373
1447
2236
2295
2379
518
2847
1004
1542
2217
1148
2882
729
2299
780
1042
2261
2165
1863
192
1779
2157
116
1988
1798
1830
687
2450
2214
2285
2805
1273
1607
1882
1271
2039
2621
1335
2502
918
1961
1244
2832
235
1911
1007
2419
1516
2666
2909
512
2930
2745
1461
1768
1972
282
2128
1731
1966
1595
35
2703
259
2635
342
2203
202
470
2326
1688
2327
675
1843
2651
1141
750
79
2237
1028
12
645
288
228
996
791
2838
1315
2689
652
1952
444
873
1800
360
1789
2032
494
938
1462
2793
1896
482
450
1471
906
1269
1188
2771
1635
2581
1014
2600
574
1801
1434
2615
2622
1536
429
2724
1380
2376
520
2929
271
912
1569
2939
1108
2321
2132
2677
1977
1446
1300
819
2528
2270
1892
835
611
2664
838
2296
1884
1390
381
2902
122
1008
1270
514
85
378
2867
1941
2611
154
659
905
2416
362
115
2181
1428
34
695
2241
2714
15
2671
1565
2392
159
1363
2865
1499
1406
27
1068
2738
2744
303
1949
1103
2896
1936
1502
1709
2352
186
2074
1247
2673
93
59
2447
1230
1939
1416
2780
2180
598
1392
2727
621
2231
283
969
1733
985
1769
388
1240
2116
756
543
2830
1115
1264
2585
2077
2027
872
1629
1978
740
2360
941
1686
2083
1993
2765
832
2196
2372
1886
1110
299
2303
1405
2467
272
567
2607
2279
1672
2858
2189
2176
1506
2312
1346
2685
737
163
1350
1022
2148
1354
1295
2423
2114
909
177
485
65
724
660
886
2427
1869
1072
1668
2938
847
1846
2919
1581
80
2351
183
741
2569
275
2725
2875
121
1913
1819
279
1795
152
2256
889
459
99
2665
1787
915
1005
1361
1663
2869
1189
1313
1100
2380
2179
1233
1031
315
138
2901
1408
1344
1276
2345
2298
785
1589
1596
898
20
1557
2144
348
1734
88
231
555
2790
2694
1860
725
2757
1438
718
745
1754
26
1694
1385
2906
1093
2118
618
534
1588
1079
1807
1360
1198
1427
719
2682
842
2843
2280
1858
2390
2559
2478
1095
123
624
1838
105
1034
78
2220
1225
2092
1580
195
1985
305
2105
2530
1337
1567
1175
1697
2117
2801
1215
2143
538
1179
2290
617
2445
2139
2560
1658
2848
1125
1411
2008
1904
1751
1376
1358
1207
2238
2413
975
2546
854
573
1792
2606
1813
13
2248
2558
133
102
434
1866
341
466
94
2498
1145
866
1374
940
81
812
486
457
846
1211
1925
2495
1036
100
2021
2297
2707
427
2609
213
593
2167
1347
1839
876
2335
33
142
10
632
376
1203
2019
885
309
1653
1399
1661
1670
818
1284
454
1662
1109
2681
2075
1711
215
14
770
694
1443
933
2733
2282
2174
22
853
684
809
174
2527
2720
2368
1824
263
2563
2588
1017
2837
2613
1898
1522
1452
2185
704
2141
61
710
960
945
128
1194
789
439
1960
2269
972
322
1490
1185
2381
790
628
2030
2308
426
1563
863
40
2631
2051
1208
2101
1907
329
2695
2197
2218
2601
2590
2513
860
2439
1647
1530
219
2934
75
2871
1088
2562
2752
2315
249
1090
1062
2286
999
2292
2816
2140
134
2464
998
1260
269
229
2287
2364
2332
961
1430
2316
748
2402
1415
2273
1645
509
353
2001
2412
1029
557
1929
1393
2066
2
2103
881
1724
335
2408
1770
2806
2520
2068
291
2653
983
772
1534
635
787
2398
1307
1666
711
1469
2763
2525
2623
2524
1349
333
608
499
131
923
389
1630
1871
227
2192
1204
1224
857
1282
1703
2424
1246
1880
180
489
2060
984
1397
1011
2036
1583
1678
527
2479
2516
815
2404
920
1547
428
1278
2161
124
1092
556
2710
501
2597
1934
1216
1541
125
1407
2595
2453
1674
1748
586
1833
1142
524
2903
1277
2849
777
2829
2199
399
778
1087
238
2500
2475
2567
2820
1889
430
2747
2730
1249
1831
2433
2460
1472
2264
1013
2488
1696
1727
1587
1171
205
1217
992
404
535
2137
1492
1520
1404
2789
1806
2313
1955
686
1763
776
1885
2349
539
1419
1535
1832
465
251
453
1127
2776
582
1687
821
2568
1586
1456
974
1210
1496
528
2047
2760
1044
2833
1776
491
232
274
2022
2384
1656
1971
2743
1266
2050
1720
1391
904
2931
497
1752
594
529
2501
1120
2359
239
98
1152
198
1370
405
2112
641
1345
2853
849
1671
2659
2482
1576
2826
2094
1362
680
2336
162
462
1412
1793
92
1107
2369
2499
2462
2927
2087
1418
2603
1558
2645
650
1063
1673
2082
1400
234
2100
1085

