1 1
2 1
3 1
4 1
5 1
6 1
7 1
8 1
9 0
10 0
11 0
12 1
13 1
14 1
15 0
16 1
17 0
18 0
19 1
20 0
21 0
22 1
23 1
24 0
25 0
26 1
27 1
28 1
29 1
30 0
31 1
32 1
33 0
34 1
35 0
36 0
37 1
38 0
39 1
40 0
41 1
42 0
43 1
44 1
45 1
46 0
47 0
48 1
49 0
50 0
51 1
52 1
53 1
54 0
55 1
56 0
57 0
58 0
59 1
60 0
61 0
62 1
63 0
64 1
65 0
66 0
67 0
68 1
69 0
70 0
71 0
72 1
73 0
74 0
75 0
76 0
77 0
78 1
79 1
80 1
81 1
82 0
83 0
84 1
85 1
86 0
87 1
88 0
89 1
90 1
91 1
92 1
93 0
94 1
95 0
96 0
97 1
98 0
99 0
100 1
101 0
102 1
103 0
104 1
105 0
106 1
107 1
108 0
109 0
110 1
111 0
112 1
113 0
114 1
115 0
116 1
117 0
118 1
119 0
120 1
121 0
122 0
123 1
124 1
125 1
126 1
127 1
128 0
129 0
130 0
131 1
132 1
133 1
134 0
135 1
136 0
137 1
138 1
139 1
140 1
141 0
142 1
143 1
144 0
145 0
146 0
147 1
148 1
149 0
150 0
151 1
152 1
153 0
154 1
155 1
156 1
157 0
158 0
159 1
160 1
161 1
162 0
163 1
164 1
165 1
166 0
167 0
168 1
169 0
170 0
171 0
172 1
173 0
174 0
175 1
176 1
177 1
178 1
179 0
180 1
181 0
182 0
183 1
184 0
185 1
186 0
187 1
188 0
189 1
190 1
191 0
192 0
193 1
194 1
195 1
196 1
197 1
198 0
199 0
200 0
201 0
202 0
203 0
204 1
205 1
206 1
207 0
208 1
209 0
210 0
211 0
212 0
213 1
214 1
215 1
216 1
217 0
218 0
219 0
220 1
221 0
222 1
223 1
224 0
225 0
226 1
227 0
228 1
229 1
230 0
231 1
232 1
233 1
234 1
235 1
236 1
237 0
238 1
239 0
240 0
241 1
242 1
243 1
244 1
245 1
246 1
247 1
248 1
249 1
250 0
251 0
252 0
253 1
254 0
255 0
256 1
257 0
258 0
259 0
260 0
261 0
262 0
263 0
264 1
265 1
266 1
267 0
268 1
269 1
270 1
271 1
272 1
273 1
274 1
275 1
276 1
277 0
278 1
279 0
280 1
281 1
282 1
283 0
284 0
285 1
286 1
287 0
288 0
289 0
290 1
291 0
292 1
293 0
294 0
295 1
296 1
297 0
298 0
299 1
300 1
301 1
302 0
303 0
304 0
305 1
306 1
307 0
308 1
309 0
310 0
311 1
312 1
313 1
314 1
315 1
316 1
317 1
318 0
319 1
320 1
321 1
322 0
323 0
324 0
325 1
326 1
327 0
328 0
329 1
330 0
331 0
332 0
333 0
334 1
335 0
336 1
337 1
338 0
339 1
340 0
341 1
342 0
343 1
344 1
345 0
346 1
347 1
348 1
349 0
350 0
351 0
352 0
353 1
354 0
355 0
356 1
357 0
358 0
359 1
360 0
361 0
362 1
363 1
364 0
365 1
366 1
367 0
368 0
369 1
370 1
371 0
372 1
373 1
374 0
375 1
376 0
377 1
378 0
379 0
380 1
381 1
382 0
383 0
384 1
385 1
386 0
387 1
388 1
389 0
390 0
391 0
392 1
393 1
394 0
395 0
396 1
397 0
398 1
399 1
400 0
401 1
402 0
403 0
404 0
405 1
406 1
407 1
408 1
409 0
410 0
411 1
412 0
413 0
414 0
415 1
416 0
417 0
418 0
419 1
420 1
421 0
422 0
423 0
424 1
425 0
426 0
427 1
428 1
429 0
430 0
431 1
432 0
433 0
434 1
435 1
436 1
437 1
438 1
439 0
440 0
441 0
442 0
443 1
444 1
445 0
446 1
447 1
448 0
449 0
450 0
451 1
452 1
453 0
454 1
455 0
456 1
457 0
458 1
459 0
460 1
461 1
462 1
463 0
464 1
465 0
466 0
467 1
468 0
469 0
470 0
471 0
472 0
473 0
474 1
475 0
476 1
477 1
478 1
479 1
480 0
481 1
482 0
483 1
484 0
485 0
486 0
487 0
488 1
489 0
490 1
491 1
492 0
493 1
494 1
495 0
496 0
497 1
498 0
499 0
500 0
501 1
502 1
503 0
504 1
505 1
506 1
507 1
508 1
509 1
510 0
511 1
512 1
513 0
514 1
515 1
516 1
517 1
518 0
519 1
520 1
521 1
522 0
523 1
524 0
525 0
526 0
527 1
528 1
529 0
530 0
531 1
532 0
533 1
534 1
535 0
536 1
537 1
538 1
539 0
540 0
541 1
542 1
543 1
544 0
545 0
546 0
547 1
548 1
549 1
550 0
551 1
552 0
553 0
554 1
555 1
556 0
557 1
558 1
559 1
560 0
561 1
562 1
563 1
564 1
565 1
566 0
567 0
568 0
569 1
570 0
571 1
572 1
573 0
574 1
575 0
576 0
577 0
578 1
579 0
580 0
581 1
582 1
583 0
584 1
585 0
586 0
587 0
588 0
589 0
590 0
591 1
592 0
593 0
594 1
595 0
596 1
597 0
598 1
599 1
600 0
601 0
602 1
603 1
604 0
605 1
606 1
607 0
608 0
609 1
610 1
611 1
612 0
613 1
614 0
615 0
616 0
617 0
618 0
619 1
620 1
621 0
622 0
623 1
624 1
625 1
626 1
627 0
628 1
629 1
630 1
631 0
632 1
633 1
634 0
635 1
636 0
637 0
638 1
639 0
640 1
641 1
642 1
643 0
644 1
645 1
646 1
647 1
648 1
649 1
650 1
651 1
652 0
653 0
654 1
655 1
656 0
657 0
658 1
659 1
660 1
661 1
662 1
663 1
664 0
665 1
666 1
667 1
668 0
669 1
670 1
671 1
672 1
673 1
674 0
675 1
676 0
677 0
678 0
679 1
680 0
681 0
682 0
683 1
684 1
685 0
686 1
687 1
688 1
689 1
690 1
691 1
692 1
693 1
694 1
695 0
696 0
697 1
698 1
699 1
700 0
701 0
702 1
703 1
704 0
705 1
706 0
707 0
708 1
709 0
710 1
711 1
712 1
713 0
714 1
715 1
716 0
717 1
718 1
719 0
720 1
721 1
722 1
723 0
724 1
725 1
726 1
727 1
728 1
729 1
730 1
731 0
732 1
733 0
734 0
735 1
736 1
737 1
738 0
739 1
740 1
741 0
742 0
743 1
744 1
745 1
746 0
747 1
748 1
749 1
750 1
751 0
752 1
753 1
754 0
755 0
756 0
757 1
758 1
759 0
760 1
761 1
762 0
763 1
764 1
765 1
766 1
767 1
768 0
769 1
770 1
771 1
772 0
773 0
774 0
775 1
776 0
777 0
778 1
779 1
780 0
781 1
782 1
783 1
784 1
785 0
786 0
787 0
788 1
789 1
790 0
791 0
792 0
793 1
794 0
795 0
796 1
797 1
798 1
799 1
800 0
801 1
802 1
803 1
804 1
805 1
806 0
807 0
808 1
809 1
810 1
811 0
812 0
813 1
814 0
815 1
816 1
817 1
818 0
819 0
820 0
821 1
822 0
823 0
824 1
825 0
826 1
827 0
828 1
829 0
830 0
831 1
832 0
833 1
834 1
835 1
836 1
837 1
838 1
839 0
840 1
841 1
842 1
843 0
844 0
845 1
846 0
847 0
848 1
849 1
850 1
851 0
852 1
853 1
854 1
855 0
856 1
857 1
858 1
859 0
860 0
861 0
862 1
863 0
864 0
865 1
866 1
867 1
868 1
869 1
870 0
871 0
872 0
873 1
874 0
875 0
876 0
877 1
878 1
879 0
880 0
881 0
882 0
883 1
884 0
885 1
886 0
887 1
888 0
889 1
890 0
891 1
892 1
893 1
894 0
895 1
896 1
897 1
898 0
899 0
900 1
901 1
902 0
903 0
904 1
905 1
906 0
907 1
908 1
909 1
910 0
911 1
912 0
913 0
914 0
915 0
916 1
917 0
918 1
919 0
920 1
921 1
922 0
923 0
924 0
925 0
926 1
927 0
928 1
929 0
930 1
931 0
932 1
933 1
934 1
935 1
936 0
937 0
938 1
939 0
940 0
941 0
942 1
943 0
944 0
945 1
946 0
947 1
948 0
949 1
950 0
951 0
952 1
953 0
954 0
955 1
956 0
957 0
958 0
959 1
960 1
961 0
962 1
963 0
964 0
965 0
966 0
967 0
968 0
969 1
970 0
971 1
972 1
973 1
974 0
975 0
976 0
977 1
978 0
979 0
980 0
981 0
982 1
983 0
984 0
985 0
986 0
987 0
988 1
989 0
990 0
991 1
992 1
993 0
994 0
995 0
996 0
997 1
998 0
999 0
1000 1
1001 1
1002 0
1003 0
1004 1
1005 0
1006 0
1007 0
1008 1
1009 0
1010 1
1011 1
1012 0
1013 0
1014 1
1015 0
1016 1
1017 1
1018 0
1019 1
1020 0
1021 1
1022 0
1023 0
1024 0
1025 1
1026 0
1027 1
1028 0
1029 0
1030 1
1031 0
1032 0
1033 1
1034 0
1035 1
1036 1
1037 1
1038 0
1039 0
1040 1
1041 1
1042 1
1043 1
1044 0
1045 1
1046 0
1047 1
1048 1
1049 1
1050 1
1051 1
1052 0
1053 1
1054 0
1055 0
1056 0
1057 1
1058 1
1059 1
1060 0
1061 1
1062 0
1063 1
1064 0
1065 0
1066 0
1067 0
1068 0
1069 1
1070 0
1071 1
1072 0
1073 0
1074 0
1075 0
1076 1
1077 0
1078 0
1079 0
1080 0
1081 1
1082 1
1083 1
1084 1
1085 1
1086 0
1087 1
1088 1
1089 1
1090 1
1091 1
1092 1
1093 1
1094 0
1095 0
1096 1
1097 0
1098 0
1099 0
1100 0
1101 1
1102 1
1103 0
1104 0
1105 1
1106 0
1107 1
1108 1
1109 1
1110 1
1111 0
1112 0
1113 0
1114 1
1115 1
1116 1
1117 0
1118 1
1119 1
1120 1
1121 1
1122 1
1123 1
1124 0
1125 1
1126 0
1127 1
1128 1
1129 0
1130 0
1131 1
1132 0
1133 0
1134 1
1135 0
1136 1
1137 1
1138 0
1139 0
1140 0
1141 1
1142 1
1143 0
1144 0
1145 0
1146 1
1147 0
1148 0
1149 1
1150 0
1151 0
1152 1
1153 0
1154 0
1155 0
1156 0
1157 0
1158 0
1159 1
1160 0
1161 1
1162 0
1163 0
1164 0
1165 0
1166 1
1167 1
1168 0
1169 1
1170 0
1171 1
1172 1
1173 0
1174 1
1175 0
1176 0
1177 1
1178 0
1179 1
1180 1
1181 1
1182 1
1183 1
1184 1
1185 0
1186 1
1187 1
1188 0
1189 0
1190 0
1191 1
1192 1
1193 1
1194 0
1195 0
1196 0
1197 1
1198 0
1199 1
1200 1
1201 0
1202 1
1203 1
1204 0
1205 1
1206 0
1207 1
1208 0
1209 0
1210 0
1211 1
1212 1
1213 1
1214 1
1215 0
1216 0
1217 0
1218 0
1219 0
1220 0
1221 0
1222 0
1223 0
1224 0
1225 1
1226 1
1227 1
1228 0
1229 0
1230 0
1231 0
1232 1
1233 0
1234 0
1235 1
1236 0
1237 1
1238 0
1239 1
1240 0
1241 0
1242 1
1243 0
1244 0
1245 0
1246 1
1247 0
1248 1
1249 0
1250 1
1251 0
1252 1
1253 1
1254 1
1255 1
1256 0
1257 1
1258 0
1259 1
1260 0
1261 0
1262 1
1263 1
1264 0
1265 0
1266 0
1267 1
1268 1
1269 0
1270 1
1271 0
1272 1
1273 1
1274 0
1275 1
1276 0
1277 0
1278 1
1279 0
1280 1
1281 1
1282 1
1283 1
1284 0
1285 0
1286 1
1287 1
1288 0
1289 0
1290 1
1291 1
1292 0
1293 0
1294 1
1295 0
1296 0
1297 1
1298 1
1299 0
1300 1
1301 0
1302 0
1303 1
1304 1
1305 0
1306 1
1307 0
1308 0
1309 0
1310 1
1311 0
1312 0
1313 0
1314 1
1315 0
1316 0
1317 1
1318 1
1319 1
1320 0
1321 1
1322 0
1323 0
1324 1
1325 1
1326 1
1327 0
1328 0
1329 0
1330 1
1331 1
1332 1
1333 1
1334 0
1335 1
1336 0
1337 0
1338 0
1339 0
1340 0
1341 0
1342 0
1343 0
1344 1
1345 1
1346 0
1347 0
1348 1
1349 0
1350 1
1351 1
1352 0
1353 1
1354 0
1355 1
1356 1
1357 0
1358 1
1359 1
1360 0
1361 0
1362 1
1363 1
1364 1
1365 0
1366 0
1367 0
1368 0
1369 0
1370 1
1371 1
1372 0
1373 0
1374 0
1375 1
1376 1
1377 0
1378 1
1379 1
1380 1
1381 0
1382 1
1383 0
1384 1
1385 0
1386 1
1387 1
1388 1
1389 1
1390 0
1391 0
1392 0
1393 1
1394 1
1395 0
1396 1
1397 1
1398 0
1399 0
1400 0
1401 1
1402 1
1403 1
1404 0
1405 0
1406 1
1407 0
1408 1
1409 0
1410 1
1411 0
1412 1
1413 0
1414 1
1415 0
1416 0
1417 1
1418 0
1419 0
1420 0
1421 0
1422 1
1423 1
1424 1
1425 1
1426 1
1427 0
1428 0
1429 1
1430 0
1431 1
1432 1
1433 1
1434 1
1435 1
1436 1
1437 0
1438 0
1439 0
1440 1
1441 0
1442 0
1443 1
1444 0
1445 1
1446 0
1447 0
1448 0
1449 1
1450 1
1451 0
1452 1
1453 0
1454 0
1455 0
1456 0
1457 0
1458 1
1459 1
1460 1
1461 0
1462 0
1463 0
1464 0
1465 1
1466 1
1467 0
1468 0
1469 0
1470 0
1471 0
