1 1
2 1
3 0
4 1
5 1
6 0
7 0
8 0
9 0
10 1
11 1
12 0
13 1
14 1
15 1
16 0
17 1
18 1
19 1
20 1
21 0
22 0
23 1
24 0
25 0
26 1
27 1
28 1
29 1
30 0
31 1
32 0
33 0
34 1
35 1
36 0
37 0
38 1
39 1
40 0
41 0
42 0
43 0
44 0
45 0
46 1
47 0
48 0
49 1
50 0
51 0
52 1
53 1
54 0
55 1
56 1
57 0
58 1
59 1
60 1
61 1
62 0
63 0
64 0
65 0
66 0
67 1
68 0
69 0
70 1
71 0
72 1
73 1
74 0
75 1
76 0
77 0
78 1
79 1
80 0
81 0
82 1
83 0
84 1
85 1
86 0
87 1
88 1
89 0
90 1
91 1
92 0
93 1
94 0
95 1
96 0
97 0
98 0
99 1
100 1
101 0
102 0
103 1
104 0
105 0
106 0
109 1
110 0
111 1
112 0
113 1
114 1
115 0
116 1
117 0
118 0
119 1
120 0
121 1
122 0
123 1
124 1
125 1
126 0
127 1
128 1
129 1
130 1
131 0
132 1
133 0
134 1
135 1
136 0
137 1
138 0
139 1
140 0
141 1
142 0
143 0
144 0
145 1
146 1
147 1
148 1
149 1
150 0
151 0
152 1
153 0
154 0
155 1
156 1
157 0
158 1
159 1
160 1
161 0
162 0
163 1
164 1
165 0
166 0
167 0
168 1
169 1
170 0
171 0
172 1
173 0
174 0
175 1
176 1
177 1
178 0
179 1
180 1
181 1
182 0
183 1
184 1
185 1
186 0
187 0
188 1
189 1
190 0
191 0
192 0
193 0
194 1
195 1
196 0
197 0
198 1
199 0
200 0
201 1
202 0
203 0
204 1
205 1
206 0
207 1
208 1
209 0
210 1
211 1
212 1
213 0
214 0
215 0
216 0
217 1
218 0
219 0
220 1
221 1
222 0
223 1
224 0
225 0
226 0
227 1
228 1
229 1
230 1
231 1
232 0
233 1
234 0
235 1
236 1
237 1
238 0
239 1
240 0
241 1
242 1
243 1
244 1
245 0
246 0
247 1
248 1
249 1
250 1
251 1
252 1
253 0
254 1
255 1
256 0
257 0
258 1
259 1
260 0
261 1
262 1
263 0
264 0
265 1
266 0
267 1
268 1
269 1
270 1
271 0
272 0
273 1
274 0
275 0
276 0
277 0
278 1
279 0
280 0
281 1
282 1
283 0
284 0
285 0
286 1
287 0
288 0
289 1
290 1
291 0
292 0
293 0
294 0
295 0
296 0
297 1
298 0
299 1
300 1
301 0
302 0
303 0
304 0
305 0
306 1
307 0
308 1
309 1
310 0
311 0
312 1
313 0
314 1
315 1
316 0
317 1
318 1
319 0
320 0
321 1
322 0
323 1
324 0
325 0
326 1
327 1
328 1
329 0
330 1
331 1
332 1
333 1
334 0
335 1
336 1
337 1
338 1
339 1
340 1
341 0
342 0
343 1
344 0
345 1
346 0
347 1
348 1
349 0
350 0
351 1
352 1
353 0
354 0
355 1
356 1
357 0
358 1
359 0
360 1
361 1
362 0
363 0
364 1
365 1
366 1
367 1
368 0
369 1
370 1
371 1
372 0
373 1
374 1
375 1
376 1
377 0
378 0
379 1
380 1
381 0
382 1
383 1
384 1
385 0
386 0
387 1
388 0
389 1
390 0
391 1
392 1
393 1
394 0
395 1
396 0
397 1
400 0
401 0
402 1
403 1
404 0
405 1
406 1
407 1
408 1
409 0
410 0
411 1
412 0
413 0
414 1
415 1
416 1
417 0
418 0
419 1
420 1
421 1
422 1
423 1
424 0
425 1
426 0
427 0
428 0
429 1
430 0
431 1
432 1
433 0
434 1
435 1
436 0
437 1
438 0
439 1
440 1
441 0
442 1
443 0
444 0
445 1
446 0
447 0
448 1
449 1
450 0
451 1
452 0
453 0
454 1
455 0
456 1
457 1
458 0
459 1
460 0
461 0
462 1
463 1
464 1
465 0
466 0
467 0
468 0
469 1
470 0
471 0
472 1
473 0
474 0
475 0
476 1
477 1
478 1
479 0
480 1
481 1
482 1
483 1
484 1
485 1
486 0
487 0
488 1
489 1
490 1
491 0
492 1
493 0
494 1
495 0
496 0
497 1
498 1
499 1
500 1
501 1
502 1
503 0
504 1
505 0
506 0
507 0
508 1
509 1
510 0
511 0
512 1
513 1
514 1
515 0
516 0
517 0
518 1
519 1
520 0
521 0
522 1
523 0
524 0
525 1
526 1
527 1
528 1
529 0
530 0
531 1
532 1
533 0
534 0
535 1
536 1
537 0
538 1
539 0
540 1
541 1
542 0
543 1
544 0
545 1
546 1
547 1
548 1
549 1
550 0
551 0
552 0
553 1
554 0
555 0
556 0
557 0
558 1
559 0
560 1
561 0
562 1
563 0
564 1
565 0
566 1
567 0
568 0
569 0
570 1
571 0
572 0
573 1
574 1
575 1
576 0
577 1
578 1
579 0
580 0
581 0
582 0
583 0
584 0
585 1
586 0
587 1
588 0
589 0
590 1
591 1
592 1
593 0
594 1
595 1
596 0
597 1
598 1
599 0
600 0
601 1
602 1
603 0
604 1
605 0
606 0
607 1
608 1
609 1
610 0
611 0
612 1
613 0
614 1
615 0
616 0
617 0
618 0
619 0
620 0
621 1
622 1
623 1
624 0
625 0
626 1
627 0
628 1
629 0
630 0
631 0
632 1
633 0
634 0
635 0
636 1
637 0
638 0
639 1
640 0
641 0
642 0
643 1
644 1
645 0
646 0
647 1
648 1
649 0
650 0
651 1
652 0
653 0
654 1
655 1
656 0
657 1
658 0
659 1
660 1
661 0
662 0
663 0
664 1
665 0
666 1
667 0
668 1
669 1
670 0
671 0
672 0
673 1
674 0
675 0
676 1
677 1
678 0
679 0
680 1
681 1
682 0
683 0
684 0
685 1
686 0
687 0
688 0
689 1
690 1
691 0
692 0
693 1
694 1
695 0
696 0
697 1
698 1
699 0
700 0
701 1
702 0
703 0
704 1
705 0
706 0
707 1
708 1
709 0
710 1
711 0
712 1
713 1
714 1
715 1
716 1
717 0
718 1
719 0
720 0
721 1
722 0
723 1
724 0
725 1
726 1
727 0
728 0
729 1
730 0
731 1
732 0
733 0
734 1
735 0
736 0
737 1
738 1
739 0
740 1
741 0
742 0
743 1
744 0
745 0
746 0
747 0
748 1
749 1
750 1
751 0
752 1
753 0
754 1
755 1
756 1
757 1
758 1
759 0
760 1
761 0
762 0
763 0
764 1
765 1
766 1
767 1
768 1
769 0
770 1
771 1
772 0
773 0
774 0
775 0
776 1
777 0
778 1
779 0
780 0
781 1
782 1
783 0
784 0
785 1
786 0
787 0
788 0
789 1
790 1
791 0
792 0
793 0
794 1
795 1
796 1
797 1
798 0
799 1
800 1
801 1
802 0
803 0
804 0
805 0
806 0
807 0
808 0
809 0
810 1
811 1
812 0
813 0
814 0
815 0
816 0
817 0
818 1
819 0
820 0
821 1
822 1
823 0
824 0
825 0
826 0
827 0
828 0
829 0
830 1
831 1
832 1
833 1
834 0
835 0
836 1
837 0
838 1
839 1
840 0
841 0
842 0
843 1
844 0
845 1
846 0
847 1
848 0
849 1
850 0
851 0
852 0
853 1
854 1
855 1
856 1
857 1
858 1
859 0
860 0
861 1
862 1
863 0
864 0
865 0
866 0
867 1
868 1
869 1
870 0
871 0
872 0
873 0
874 0
875 1
876 0
877 1
878 1
879 0
880 0
881 1
882 1
883 0
884 0
885 0
886 1
887 0
888 0
889 1
890 1
891 1
892 1
893 1
894 1
895 0
896 1
897 1
898 0
899 0
900 0
901 1
902 1
903 0
904 1
905 0
906 0
907 1
908 1
909 0
910 1
911 1
912 1
913 1
914 0
915 0
916 0
917 0
918 1
919 1
920 0
921 0
922 0
923 0
924 0
925 0
926 0
927 1
928 1
929 0
930 0
931 0
932 1
933 0
934 1
935 0
936 0
937 0
938 1
939 1
940 1
941 0
942 1
943 1
944 0
945 1
946 0
947 1
948 1
949 1
950 1
951 0
952 0
953 0
954 1
955 0
956 0
957 1
958 1
959 1
960 1
961 0
962 0
963 0
964 1
965 1
966 1
967 1
968 0
969 1
970 1
971 1
972 1
973 0
974 0
975 0
976 0
977 0
978 0
979 0
980 0
981 0
982 1
983 0
984 0
985 1
986 1
987 0
988 1
989 1
990 1
991 1
992 0
993 0
994 0
995 0
996 1
997 1
998 0
999 1
1000 0
1001 1
1002 1
1003 1
1004 1
1005 1
1006 1
1007 0
1008 0
1009 1
1010 0
1011 0
1012 1
1013 0
1014 0
1015 0
1016 0
1017 1
1018 1
1019 0
1020 0
1021 0
1022 1
1023 0
1024 1
1025 1
1026 0
1027 1
1028 1
1029 0
1030 0
1031 0
1032 0
1033 1
1034 1
1035 0
1036 1
1037 1
1038 0
1039 0
1040 0
1041 1
1042 1
1043 1
1044 1
1045 0
1046 1
1047 1
1048 1
1049 0
1050 1
1051 1
1052 0
1053 1
1054 0
1055 1
1056 0
1057 0
1058 0
1059 0
1060 1
1061 0
1062 1
1063 0
1064 1
1065 0
1066 1
1067 0
1068 1
1069 1
1070 1
1071 1
1072 0
1073 1
1074 1
1075 0
1076 0
1077 1
1078 1
1079 1
1080 1
1081 0
1082 1
1083 0
1084 1
1085 0
1086 1
1087 0
1088 0
1089 1
1090 1
1091 1
1092 0
1093 1
1094 1
1095 0
1096 0
1097 0
1098 0
1099 0
1100 1
1101 1
1102 1
1103 0
1104 0
1105 1
1106 1
1107 0
1108 0
1109 1
1110 1
1111 0
1112 0
1113 1
1114 1
1115 1
1116 0
1117 1
1118 1
1119 1
1120 0
1121 0
1122 0
1123 1
1124 1
1125 1
1126 1
1127 0
1128 0
1129 1
1130 1
1131 0
1132 1
1133 0
1134 1
1135 1
1136 1
1137 1
1138 1
1139 1
1140 1
1141 0
1142 0
1143 1
1144 1
1145 1
1146 1
1147 1
1148 1
1149 1
1150 0
1151 1
1152 1
1153 1
1154 0
1155 1
1156 1
1157 1
1158 0
1159 1
1160 0
1161 1
1162 0
1163 0
1164 0
1165 0
1166 1
1167 1
1168 1
1169 0
1170 1
1171 0
1172 1
1173 0
1174 0
1175 0
1176 1
1177 0
1178 0
1179 1
1180 0
1181 1
1182 1
1183 1
1184 0
