1513
2538
1933
2319
2215
2019
1284
1450
1178
595
1687
630
2408
1009
393
1556
733
1799
2173
797
2611
946
2612
2784
1098
1256
1475
2727
2102
817
638
1000
1453
1895
1947
2397
1568
485
1177
713
842
933
1564
1909
399
1003
849
1066
2668
1362
2518
1710
1230
1296
901
2257
1176
2833
905
2436
235
1199
1627
2141
2346
2129
1757
884
2725
2266
1684
970
413
591
747
2484
2481
2526
583
758
126
38
198
1641
1855
1010
1114
1237
928
2710
580
789
2435
1527
228
74
2504
2203
1612
1234
2261
276
1354
1795
1808
1353
415
1093
2262
1249
1942
911
1456
2879
1915
2704
1112
142
1084
2516
2745
493
252
2581
305
2340
1441
2313
1683
288
2182
348
2778
2814
1913
1516
1851
2037
1932
504
2198
1532
2398
1252
2280
1762
813
1498
2061
1693
835
323
1717
2910
2633
1668
72
1521
1818
2674
2100
1147
1308
2311
206
1074
2347
996
2638
2608
2131
214
163
267
2068
2151
840
2448
1501
2023
86
643
1179
2440
2394
1732
1964
579
1821
2485
2135
706
1771
122
1451
1536
1777
1173
880
1044
31
787
831
1749
1603
1075
807
725
361
1060
866
482
354
1494
822
140
1366
182
554
1297
2343
1423
2299
1930
935
2906
26
2786
1436
1339
316
1134
1089
2271
365
173
2464
1478
1896
2661
1860
1817
2920
1101
1965
2648
876
2207
1326
968
2903
1569
2893
1981
2189
1910
2007
1189
176
2226
1615
1086
984
2366
338
1650
718
2027
538
781
2424
1743
2025
1573
1655
1904
240
30
69
1907
2302
2649
2403
2684
2396
960
1035
1547
2776
610
414
264
2004
1428
1292
536
2076
712
2446
930
1266
1073
2862
1987
194
749
1584
644
450
1025
2557
676
716
647
1720
21
3
2875
1015
729
1926
2153
2810
1877
1721
1631
590
124
2654
1630
2306
1273
709
1794
2223
197
1508
245
2645
96
1944
677
1571
1700
1316
177
2455
587
356
2409
836
2018
611
2387
54
103
1594
2554
1651
2877
233
2577
1315
2284
2002
2894
943
857
868
144
2054
1976
2453
820
433
289
941
217
423
1085
951
593
1970
1996
1442
2478
2505
342
2931
1175
1482
1869
695
345
1165
1111
148
2008
2137
715
1143
1618
432
1902
2746
2332
1248
1479
2428
2264
58
1370
193
1992
298
1219
141
956
1129
1928
253
1940
2708
1751
2768
367
2124
945
2466
1911
438
1244
2831
315
2576
908
1510
1604
1345
726
944
1455
1185
1401
2791
50
1027
1236
606
1898
2781
105
585
2475
1307
52
1196
2307
2493
268
1240
2859
186
2589
2048
282
2895
322
405
2641
2815
396
575
862
2221
751
452
2488
2497
1203
467
1384
2476
1791
1646
2133
2724
113
2685
2122
1053
362
1120
511
687
2899
2128
171
614
948
2594
2105
672
812
1037
1106
916
1028
1581
1170
1474
2802
265
2823
1124
2219
521
2030
753
2582
1748
2849
635
909
1711
1728
14
2803
1382
35
1550
2270
765
1220
2573
2045
2338
68
489
2233
419
1415
1511
2465
2009
1417
2239
2528
756
932
2749
2285
1332
1139
871
2495
1487
1656
304
491
2144
83
2936
2586
2220
2175
2382
1998
998
2817
2168
1871
191
952
2392
545
1983
2462
425
907
899
2140
1719
1894
1464
1546
1524
157
513
2545
1665
581
894
1831
632
114
2094
1716
2714
407
1989
2887
790
151
1068
1152
2077
1939
1563
679
1850
1643
1758
2390
2783
2690
1946
1772
957
1567
2744
1990
1822
1974
937
390
311
1496
1975
2867
1935
1812
2911
2547
2310
2870
1229
27
1512
1490
2907
2331
2191
434
2639
1636
1272
1973
1095
254
109
37
28
1577
1908
1011
16
620
1435
783
2494
6
1064
2637
1583
2665
544
1091
303
1888
2174
40
2881
927
2248
1379
1424
2
2401
1021
1608
2021
1963
1541
440
608
1439
2081
102
153
1335
115
2902
2572
1761
2603
2001
566
2441
828
2357
2069
1660
436
2712
942
653
796
2713
1352
1740
1312
1227
1344
2136
301
1893
213
1355
1692
526
449
454
1313
1882
1469
1555
2116
92
1007
1305
1839
791
2183
2181
346
2287
2626
1492
308
780
2423
955
479
1087
1796
615
613
2052
698
1842
2763
488
279
368
2832
1336
212
674
1734
1005
60
2623
1105
1849
2337
604
111
887
2804
1402
1861
384
2660
578
2914
1394
1637
2414
137
1096
391
1616
1745
532
950
801
829
317
2277
2145
1280
1834
1238
2082
818
823
963
2509
1480
90
2598
2667
1055
1876
1514
649
2301
814
809
1363
978
2819
116
1110
1754
597
547
2060
1168
211
631
41
229
57
2070
1071
1269
678
46
2260
2568
469
1121
13
2676
1113
2610
246
2127
1127
1878
71
2055
97
398
63
498
1271
2734
215
1422
2506
155
1408
223
1709
1659
1131
1202
954
20
2890
2523
442
2093
1231
1397
1477
864
1303
742
2909
2886
2165
1329
204
188
639
1891
1844
2755
1825
1635
2095
549
2824
2336
2111
1448
1063
1967
1429
1533
2211
2253
2871
2852
700
1968
2097
1364
1214
924
2818
2089
2760
1561
2422
607
164
2080
1590
2767
2719
720
1457
355
2722
574
2024
2703
811
1921
2597
2072
2711
609
422
1008
143
2501
258
1969
612
1858
776
1903
9
1290
1232
1686
531
688
1239
2288
2138
2014
2368
2359
1954
429
2567
637
353
1065
149
1961
236
2678
1183
2356
1268
832
1211
2922
703
1330
2050
2324
1018
1138
1988
795
2419
39
1892
1119
1133
410
1069
1587
771
675
2193
660
2167
1605
1519
1804
2113
826
324
1766
1528
2669
858
1901
2842
2632
2693
1538
1406
1549
800
1201
48
1848
724
1140
1314
994
2119
1966
1520
2695
1270
1283
261
2935
2110
1830
1883
2702
2290
1158
293
2796
1061
2383
2825
2489
1920
2809
2558
51
2042
2601
851
2742
2477
685
1929
1702
705
2185
179
2861
2812
1673
1779
561
290
2876
618
897
2828
2773
2155
1245
986
722
1729
1058
175
2282
128
1593
564
2439
2503
1862
528
1224
1282
2147
854
2353
1638
855
2267
1031
651
2534
263
2143
2622
843
1714
2323
2826
2680
2412
1706
2789
2915
598
2085
1675
259
1919
508
539
1386
2426
2083
1887
161
183
328
2218
2101
2619
1827
730
558
2689
1070
2402
292
1617
1810
616
2799
2379
2197
2747
283
330
224
893
2671
1814
309
1148
981
885
1918
458
119
300
2731
2015
641
903
280
926
2238
1746
1539
196
985
23
2236
1411
2201
2134
1385
898
277
2066
2846
260
339
973
925
1548
2544
1689
1343
101
1467
1899
655
1108
150
106
2883
1205
1856
1359
117
1880
2034
190
1826
2177
1432
1657
1999
1242
160
844
1153
129
1117
1132
2293
1759
1972
1962
1682
1259
559
785
913
445
2798
156
2438
2300
2130
1509
1503
617
964
1346
1023
1667
2692
2925
2321
2757
1774
1162
2917
451
1602
654
1870
84
2463
977
1677
1258
2273
397
600
2376
2179
2750
663
1207
1157
1523
2834
1937
1225
2521
900
2761
1874
1100
2126
2184
1349
1319
622
2562
221
1418
2196
768
2112
750
1302
121
1879
495
1733
2643
669
1038
734
271
1773
1454
2022
2736
2735
1351
540
824
2369
351
2900
1006
2656
1046
1578
683
1778
1376
2929
262
2471
2482
1414
444
34
2430
1180
462
2344
1735
1059
1712
1030
2038
202
1036
2449
2691
2584
2569
861
2228
1404
225
2305
1704
1890
520
314
1481
2470
1209
172
2304
1806
1724
2161
670
657
2103
490
133
1628
208
562
2646
1752
475
572
2932
1264
2912
2406
78
2916
2120
2682
1215
2171
2795
310
1652
59
1767
839
949
331
379
1576
1079
512
336
1193
1155
2775
940
145
2385
1737
2726
569
2121
2765
546
1585
878
2084
2924
1421
1141
650
1348
2537
73
1504
2872
2836
2358
2839
2107
1544
584
2888
2139
170
605
2527
2364
550
372
1472
2520
44
418
2741
1619
2502
2447
2444
269
571
2563
2275
2688
286
1775
1493
778
1388
2029
1727
2437
740
2672
369
1262
2892
2057
2587
938
958
1004
772
1228
881
1485
249
1610
2235
1380
1534
1150
2205
302
2491
403
1032
2452
222
640
2225
2249
1446
284
1042
719
2209
627
1391
2486
424
1934
1048
1160
45
1491
219
1174
2517
1707
1783
2782
704
2878
588
468
426
456
373
496
319
1393
1218
1052
231
1579
2561
1953
815
873
891
1128
2928
2467
661
1945
732
237
91
1927
1537
1958
1723
2701
1002
2123
2730
1840
1755
2149
2858
1020
2604
2566
1863
2636
2908
1800
1142
1599
1400
2519
203
2728
523
2507
1622
2555
999
671
239
727
2393
2303
2939
494
1769
2790
988
2511
1427
2658
1600
320
81
939
867
1233
1905
18
2164
1715
2297
1154
2659
200
2737
2334
989
934
1601
856
62
1696
555
2675
987
1566
138
127
2234
166
1738
1611
1782
2621
775
2245
2548
1356
2605
2857
329
2372
1190
2752
2152
503
2588
529
2580
514
2132
2450
2499
1897
2204
459
2473
1852
2279
1099
318
1187
662
2087
1621
2753
1829
874
341
2150
696
471
1984
478
2560
2579
408
1819
2718
2431
1145
2371
2272
2631
1900
736
965
2186
2864
1434
152
1476
1289
2067
2378
61
2190
2010
1522
1125
2355
2793
910
896
2808
366
902
2046
100
350
1607
2764
1923
2474
377
929
2850
1591
2333
29
2096
524
2169
1786
530
1426
2178
480
2941
1950
169
2863
1558
299
1623
755
975
287
527
947
865
67
517
2294
982
120
2255
2031
2855
281
1726
374
380
2844
2142
2315
920
2405
421
1431
2091
255
2835
2699
1713
543
2919
573
1530
534
2729
673
2317
112
2479
1540
847
1505
634
2350
961
447
461
205
552
2774
2716
455
333
357
1281
760
2542
1161
1217
2457
1639
2549
1473
754
870
2429
2856
1459
1985
2683
2194
2514
1438
2195
2559
741
136
1365
1083
2210
850
1872
1116
2056
273
232
1420
1499
1562
1405
1676
43
2073
1460
535
664
1
464
1054
1247
1056
563
392
570
2575
1629
2256
1620
2026
1625
1389
1486
1884
1413
2788
1327
1013
238
435
473
2785
1663
1375
32
2328
1235
525
1137
621
1191
2759
1859
2461
2413
1328
2891
592
2044
2020
2570
2720
1986
1725
70
207
2766
1321
798
466
2578
694
404
325
1188
1589
1076
2848
838
810
1390
1350
1828
2459
1640
2212
659
2827
837
1938
484
895
2268
1094
2787
2051
888
174
1648
2487
711
2278
441
1392
1991
2496
1195
1444
922
2918
1674
1502
371
420
327
250
1399
2822
1407
2086
652
646
1371
2540
1811
1977
1742
658
1078
492
2854
1041
2866
132
846
1841
971
551
923
187
2410
567
2180
708
2635
1107
1433
2715
162
752
2454
1017
2874
1768
2625
1982
2564
216
1697
904
2213
1906
278
1458
165
1279
2016
1575
430
2274
189
1318
2847
376
2349
1531
1936
2312
1925
2706
1803
2721
2065
2330
481
10
184
2801
710
2599
2320
714
2596
2242
1681
589
1337
2840
1151
1340
2865
1184
77
553
1001
2500
2316
1276
2615
2642
2075
501
382
2231
967
2036
2047
1409
1941
701
2318
2797
623
1790
577
1102
470
1050
2003
139
1730
1181
1115
1022
65
1466
1525
2748
2524
2216
1658
2897
707
2905
2630
1309
85
1978
2934
2348
1747
560
270
2770
1699
2062
1440
383
2533
1781
257
2188
648
2250
2541
1756
1254
1301
2339
2837
1412
743
285
2059
1122
1126
2843
2322
453
2536
1416
395
1347
2363
1374
2106
2335
2377
2456
1797
2800
123
1559
717
993
1867
1489
1694
2367
1680
1948
64
1815
2154
1357
360
1731
2628
1194
332
499
505
463
1104
2011
108
767
2483
2391
821
1560
1144
1885
199
89
1204
762
337
877
1557
1837
770
2851
2926
1285
307
619
2217
2662
1226
2492
2469
596
2118
542
1334
1324
1553
2039
1109
1813
1957
2644
2251
1471
1570
1164
2434
1595
2762
582
349
1080
1565
1077
629
1213
690
2647
1118
12
1299
11
1288
340
2420
1956
2109
2510
691
2595
972
1672
1136
2535
1398
2404
804
2162
2229
1744
42
2281
1322
1016
1320
2049
568
1632
2552
2389
2771
1039
2148
2200
1980
1029
2590
1820
1097
2913
792
912
358
1649
825
2609
1463
2104
1206
1838
55
321
2705
1146
2243
1535
2246
863
2634
428
802
1792
2733
1410
806
2063
2445
8
803
2901
689
1159
1212
537
799
1033
1130
1208
294
788
533
746
375
603
1012
402
919
2709
1465
502
412
872
1765
2551
1081
997
1824
2679
1470
1776
272
2739
1024
243
76
2927
2472
962
1853
2806
1293
1358
80
2772
830
2276
1257
2374
1741
2889
4
1300
1497
2522
667
1750
2146
1949
2351
427
2043
2550
1633
827
1221
723
218
1306
2673
2677
665
1383
2342
2885
1372
251
2327
334
2940
1722
1868
2930
389
2629
1780
2160
1367
845
2214
1670
448
1267
1277
95
2556
1763
159
1019
633
1443
1835
1062
2028
256
773
476
2269
417
2468
2361
2616
1049
1669
1543
889
2460
2443
66
745
2117
1661
2352
1823
2650
326
0
2365
748
1360
2758
522
1445
625
739
1171
1955
1793
147
1545
728
1430
510
841
1123
2921
1090
1588
2354
2756
347
692
2451
1866
146
1644
1836
1846
1241
1072
2780
2292
507
2873
486
1845
1785
875
2362
25
2071
682
2425
786
49
793
1685
759
2769
1274
181
2381
1678
2006
168
548
2838
460
2829
1043
731
2329
1468
1764
738
226
668
2666
2707
1381
2607
2681
992
2098
2258
1377
98
645
1045
1760
2938
684
735
335
1529
2286
519
2259
2821
1598
816
1261
1914
178
1805
1057
387
1784
2792
1026
1931
2237
2617
2663
2805
2585
995
2512
2732
1255
1246
56
2295
53
1333
394
2187
2664
2529
1395
744
1952
1149
291
624
1506
378
406
2092
2206
1243
2222
2904
110
1788
1198
1873
1551
1847
2898
1034
1787
2694
1172
244
1666
1135
699
626
1705
656
969
602
1614
2380
565
274
594
230
763
980
819
2738
2498
2427
241
1833
2417
2618
134
1311
1304
2326
2884
227
1210
1886
914
1387
2820
344
2013
2399
2370
2074
936
2606
886
860
2291
1995
774
2591
1192
385
2515
1368
2170
1341
931
2241
1047
2341
1167
1597
234
1403
2571
1916
1634
601
313
1881
2600
2000
2458
794
834
2298
1857
2088
1342
154
1960
1396
131
2531
1701
1698
24
990
2265
1051
94
1092
1369
1642
1186
976
848
1200
409
1703
2583
497
2539
1526
472
1483
381
777
465
2807
2232
766
2416
1739
1798
1843
1596
1586
1943
167
2697
242
33
1286
2108
2263
769
79
2480
2602
1265
130
443
2937
2614
2624
2040
1924
1278
118
1419
2386
401
2156
1437
979
764
879
2896
2442
890
2375
697
1653
2717
628
75
686
2816
869
882
82
1695
1103
1690
15
135
1959
2400
2686
439
966
1082
737
642
2125
1654
2830
906
1865
210
1613
1912
1447
195
1572
2407
1708
2696
2869
2192
506
2841
921
1169
1295
2490
296
1197
1518
721
1580
343
2005
19
2882
2053
2700
1864
2415
158
2613
1250
107
1361
1378
17
2655
1462
2289
2723
1515
411
1624
1317
474
1688
2543
295
1294
2208
2395
437
359
2012
2114
2532
782
1461
363
959
1552
2166
22
1807
2657
2202
248
2252
2508
515
457
2652
1323
853
1662
1156
2670
1291
2565
1802
779
2079
833
1889
892
1626
192
483
2388
2078
1789
2933
1647
2813
388
1809
586
209
1182
2653
2923
1770
680
2090
2530
2880
1507
2227
1718
516
2860
2433
1298
1971
2099
2345
1517
1574
2418
1331
2779
5
185
1993
915
1875
2325
2553
1484
2421
557
2017
2384
1014
2158
2845
220
1592
1040
2230
1664
312
1691
757
1163
201
104
1801
1373
2247
2651
2224
636
47
487
2751
1606
2064
784
1645
36
917
1452
2035
1287
1542
1679
2240
2244
509
1554
2868
2309
2159
1979
386
1736
974
1338
2314
702
983
918
125
88
852
2157
2794
446
180
2754
2546
297
1425
2176
1449
2853
2513
416
2640
2698
1222
1251
1275
1325
2041
1088
2592
93
1609
693
2032
681
2283
1997
2627
991
370
1260
1951
2593
576
2308
1753
1582
1216
275
2373
1816
1917
1067
2740
2811
1671
247
1832
2254
666
500
1994
808
2574
1253
352
2620
1500
953
306
7
556
1263
1495
400
805
99
2411
1223
477
1488
1922
859
2058
2172
1854
2360
2115
2296
2743
1310
2525
599
761
266
2777
2199
2432
883
364
541
87
2163
518
2687
2033
1166
431

