1 1
2 1
3 0
4 0
5 0
6 1
7 0
8 1
9 1
10 0
11 0
12 1
13 1
14 1
15 1
16 1
17 1
18 0
19 0
20 1
21 0
22 1
23 1
24 0
25 0
26 0
27 1
28 0
29 0
30 1
31 0
32 1
33 0
34 0
35 0
36 1
37 0
38 0
39 1
40 0
41 1
42 1
43 0
44 0
45 1
46 1
47 1
48 1
49 1
50 0
51 1
52 1
53 1
54 0
55 0
56 1
57 1
58 0
59 1
60 1
61 1
62 0
63 0
64 1
65 0
66 0
67 0
68 0
69 1
70 1
71 0
72 1
73 0
74 0
75 1
76 1
77 1
78 1
79 0
80 0
81 0
82 0
83 1
84 0
85 0
86 1
87 0
88 0
89 0
90 1
91 0
92 0
93 0
94 1
95 1
96 0
97 1
98 1
99 1
100 0
101 0
102 0
103 0
104 0
105 1
106 1
107 1
108 1
109 1
110 0
111 0
112 0
113 0
114 0
115 0
116 1
117 1
118 0
119 1
120 1
121 1
122 1
123 0
124 1
125 0
126 1
127 1
128 0
129 0
130 1
131 1
132 0
133 1
134 0
135 0
136 0
137 0
138 0
139 1
140 1
141 1
142 1
143 1
144 0
145 1
146 0
147 1
148 0
149 1
150 0
151 1
152 1
153 0
154 1
155 0
156 1
157 0
158 1
159 0
160 0
161 1
162 0
163 1
164 0
165 1
166 1
167 0
168 1
169 0
170 1
171 0
172 1
173 1
174 1
175 0
176 0
177 1
178 1
179 1
180 0
181 1
182 1
183 1
184 0
185 1
186 0
187 1
188 0
189 0
190 0
191 0
192 0
193 0
194 0
195 1
196 1
197 1
198 0
199 1
200 1
201 0
202 0
203 1
204 0
205 0
206 1
207 1
208 0
209 1
210 0
211 1
212 0
213 0
214 1
215 0
216 0
217 1
218 0
219 0
220 1
221 1
222 1
223 1
224 0
225 0
226 1
227 0
228 1
229 1
230 1
231 1
232 1
233 1
234 0
235 1
236 0
237 1
238 1
239 0
240 1
241 1
242 0
243 0
244 1
245 0
246 1
247 0
248 0
249 0
250 0
251 0
252 0
253 1
254 0
255 1
256 0
257 0
258 1
259 1
260 0
261 0
262 0
263 1
264 0
265 0
266 1
267 0
268 0
269 1
270 0
271 0
272 0
273 0
274 0
275 0
276 0
277 1
278 0
279 0
280 0
281 1
282 0
283 1
284 0
285 1
286 1
287 0
288 1
289 0
290 0
291 1
292 0
293 0
294 1
295 0
296 1
297 0
298 1
299 0
300 0
301 1
302 1
303 1
304 0
305 1
306 0
307 1
308 1
309 1
310 1
311 1
312 1
313 0
314 1
315 0
316 1
317 0
318 1
319 1
320 0
321 0
322 1
323 0
324 0
325 0
326 0
327 0
328 1
329 0
330 0
331 1
332 1
333 0
334 0
335 1
336 1
337 1
338 0
339 0
340 1
341 0
342 1
343 0
344 1
345 1
346 0
347 1
348 0
349 1
350 1
351 1
352 1
353 0
354 1
355 1
356 1
357 0
358 1
359 0
360 1
361 0
362 1
363 0
364 1
365 0
366 0
367 1
368 0
369 0
370 0
371 0
372 0
373 1
374 1
375 0
376 1
377 1
378 0
379 0
380 1
381 1
382 0
383 0
384 1
385 1
386 0
387 1
388 1
389 1
390 1
391 1
392 0
393 0
394 1
395 0
396 1
397 0
398 0
399 0
400 1
401 1
402 1
403 0
404 0
405 0
406 1
407 1
408 0
409 1
410 1
411 1
412 0
413 0
414 0
415 1
416 1
417 0
418 0
419 1
420 0
421 1
422 0
423 0
424 0
425 1
426 1
427 1
428 1
429 1
430 0
431 0
432 1
433 1
434 0
435 0
436 0
437 1
438 0
439 0
440 1
441 1
442 1
443 1
444 1
445 1
446 0
447 1
448 0
449 1
450 0
451 1
452 1
453 1
454 1
455 1
456 0
457 1
458 1
459 1
460 0
461 0
462 1
463 0
464 1
465 0
466 0
467 0
468 1
469 0
470 1
471 0
472 1
473 0
474 1
475 1
476 1
477 0
478 1
479 1
480 1
481 0
482 0
483 1
484 0
485 1
486 1
487 1
488 0
489 0
490 1
491 0
492 1
493 1
494 1
495 1
496 1
497 0
498 0
499 0
500 0
501 1
502 1
503 1
504 0
505 1
506 0
507 1
508 0
509 0
510 1
511 0
512 1
513 0
514 1
515 1
516 0
517 0
518 1
519 0
520 0
521 1
522 0
523 1
524 0
525 0
526 0
527 0
528 0
529 0
530 0
531 1
532 1
533 0
534 1
535 0
536 0
537 0
538 1
539 0
540 0
541 0
542 0
543 1
544 1
545 0
546 1
547 0
548 1
549 1
550 1
551 1
552 1
553 1
554 1
555 0
556 0
557 1
558 0
559 0
560 0
561 1
562 0
563 1
564 1
565 0
566 0
567 0
568 0
569 1
570 0
571 0
572 0
573 1
574 0
575 0
576 0
577 0
578 1
579 0
580 0
581 1
582 0
583 0
584 0
585 0
586 0
587 1
588 0
589 0
590 0
591 0
592 1
593 1
594 0
595 1
596 0
597 0
598 0
599 0
600 0
601 0
602 1
603 1
604 0
605 1
606 1
607 0
608 0
609 1
610 0
611 0
612 1
613 0
614 1
615 1
616 1
617 0
618 1
619 1
620 0
621 0
622 0
623 0
624 0
625 1
626 0
627 1
628 1
629 0
630 0
631 0
632 0
633 1
634 1
635 1
636 0
637 0
638 0
639 1
640 1
641 1
642 1
643 0
644 1
645 0
646 0
647 1
648 0
649 1
650 1
651 0
652 1
653 0
654 0
655 0
656 0
657 0
658 0
659 1
660 0
661 0
662 1
663 1
664 1
665 0
666 1
667 0
668 1
669 1
670 0
671 0
672 0
673 1
674 0
675 1
676 1
677 0
678 0
679 1
680 0
681 0
682 1
683 0
684 1
685 1
686 0
687 0
688 1
689 0
690 1
691 1
692 0
693 1
694 0
695 1
696 1
697 0
698 0
699 0
700 1
701 1
702 0
703 0
704 0
705 1
706 1
707 1
708 0
709 1
710 0
711 0
712 1
713 1
714 1
715 0
716 0
717 0
718 0
719 1
720 0
721 0
722 0
723 0
724 1
725 0
726 1
727 1
728 0
729 0
730 1
731 1
732 0
733 0
734 1
735 0
736 1
737 0
738 1
739 0
740 0
741 0
742 0
743 1
744 0
745 1
746 0
747 0
748 0
749 0
750 1
751 0
752 1
753 0
754 0
755 0
756 0
757 1
758 0
759 1
760 0
761 0
762 1
763 1
764 0
765 0
766 1
767 0
768 1
769 0
770 1
771 1
772 0
773 0
774 0
775 0
776 1
777 1
778 0
779 1
780 0
781 1
782 0
783 0
784 0
785 1
786 1
787 0
788 0
789 1
790 1
791 0
792 1
793 0
794 1
795 1
796 0
797 1
798 0
799 1
800 0
801 0
802 1
803 0
804 0
805 0
806 0
807 1
808 1
809 0
810 1
811 1
812 0
813 1
814 1
815 1
816 0
817 0
818 0
819 0
820 1
821 0
822 0
823 0
824 0
825 0
826 0
827 0
828 1
829 0
830 0
831 1
832 1
833 1
834 0
835 1
836 1
837 0
838 0
839 1
840 0
841 0
842 1
843 0
844 0
845 1
846 0
847 0
848 0
849 1
850 1
851 0
852 0
853 1
854 0
855 1
856 0
857 0
858 0
859 0
860 1
861 1
862 0
863 1
864 1
865 0
866 0
867 1
868 1
869 1
870 1
871 0
872 1
873 1
874 0
875 0
876 1
877 0
878 0
879 1
880 0
881 0
882 1
883 0
884 0
885 1
886 1
887 1
888 1
889 1
890 0
891 1
892 0
893 1
894 1
895 0
896 0
897 1
898 1
899 1
900 0
901 0
902 1
903 1
904 1
905 0
906 0
907 0
908 0
909 1
910 1
911 0
912 0
913 0
914 1
915 1
916 1
917 1
918 0
919 1
920 0
921 1
922 1
923 0
924 0
925 1
926 0
927 1
928 0
929 1
930 1
931 0
932 1
933 0
934 0
935 1
936 0
937 0
938 0
939 0
940 1
941 1
942 1
943 0
944 1
945 0
946 0
947 0
948 1
949 1
950 0
951 0
952 1
953 0
954 1
955 0
956 1
957 0
958 0
959 1
960 0
961 1
962 1
963 1
964 0
965 1
966 1
967 0
968 1
969 0
970 0
971 0
972 1
973 0
974 0
975 0
976 0
977 1
978 1
979 1
980 0
981 1
982 0
983 1
984 0
985 1
986 1
987 1
988 0
989 1
990 0
991 1
992 0
993 0
994 0
995 1
996 1
997 0
998 1
999 1
1000 1
1001 1
1002 1
1003 1
1004 0
1005 1
1006 1
1007 1
1008 0
1009 1
1010 1
1011 1
1012 1
1013 0
1014 0
1015 1
1016 0
1017 1
1018 1
1019 1
1020 1
1021 0
1022 0
1023 0
1024 0
1025 0
1026 0
1027 1
1028 1
1029 1
1030 0
1031 1
1032 1
1033 0
1034 0
1035 0
1036 0
1037 0
1038 1
1039 0
1040 1
1041 1
1042 1
1043 0
1044 0
1045 1
1046 1
1047 0
1048 1
1049 1
1050 0
1051 0
1052 1
1053 0
1054 1
1055 1
1056 1
1057 1
1058 0
1059 0
1060 1
1061 1
1062 1
1063 0
1064 1
1065 0
1066 1
1067 1
1068 0
1069 0
1070 1
1071 1
1072 0
1073 1
1074 1
1075 0
1076 1
1077 1
1078 0
1079 1
1080 0
1081 1
1082 0
1083 0
1084 1
1085 1
1086 0
1087 1
1088 0
1089 0
1090 1
1091 1
1092 0
1093 0
1094 0
1095 0
1096 0
1097 0
1098 0
1099 0
1100 1
1101 0
1102 0
1103 0
1104 1
1105 0
1106 0
1107 0
1108 0
1109 0
1110 0
1111 1
1112 0
1113 1
1114 0
1115 1
1116 0
1117 0
1118 1
1119 1
1120 1
1121 0
1122 0
1123 1
1124 1
1125 1
1126 0
1127 1
1128 0
1129 1
1130 1
1131 0
1132 0
1133 0
1134 0
1135 0
1136 1
1137 0
1138 0
1139 0
1140 0
1141 0
1142 1
1143 0
1144 0
1145 1
1146 1
1147 0
1148 1
1149 0
1150 1
1151 0
1152 1
1153 0
1154 0
1155 1
1156 0
1157 0
1158 0
1159 1
1160 0
1161 0
1162 0
1163 0
1164 1
1165 1
1166 0
1167 1
1168 0
1169 0
1170 1
1171 1
1172 1
1173 0
1174 1
1175 0
1176 0
1177 0
1178 1
1179 0
1180 0
1181 1
1182 0
1183 0
1184 1
1185 0
1186 0
1187 1
1188 0
1189 0
1190 0
1191 1
1192 0
1193 0
1194 1
1195 0
1196 1
1197 0
1198 0
1199 0
1200 0
1201 0
1202 0
1203 0
1204 0
1205 1
1206 0
1207 0
1208 1
1209 0
1210 1
1211 0
1212 0
1213 1
1214 0
1215 1
1216 0
1217 1
1218 1
1219 0
1220 1
1221 1
1222 1
1223 1
1224 0
1225 0
1226 0
1227 1
1228 0
1229 0
1230 0
1231 1
1232 1
1233 1
1234 0
1235 1
1236 0
1237 0
1238 0
1239 1
1240 0
1241 0
1242 0
1243 0
1244 1
1245 0
1246 1
1247 0
1248 1
1249 1
1250 1
1251 1
1252 0
1253 1
1254 1
1255 0
1256 1
1257 1
1258 0
1259 1
1260 1
1261 0
1262 0
1263 1
1264 0
1265 1
1266 1
1267 1
1268 0
1269 1
1270 1
1271 1
1272 0
1273 1
1274 0
1275 0
1276 1
1277 1
1278 0
1279 1
1280 0
1281 1
1282 0
1283 1
1284 0
1285 0
1286 0
1287 1
1288 1
1289 1
1290 0
1291 1
1292 1
1293 1
1294 0
1295 0
1296 1
1297 0
1298 0
1299 1
1300 1
1301 0
1302 0
1303 1
1304 0
1305 0
1306 1
1307 0
1308 0
1309 0
1310 1
1311 1
1312 0
1313 1
1314 0
1315 1
1316 1
1317 1
1318 1
1319 1
1320 0
1321 1
1322 0
1323 1
1324 0
1325 1
1326 0
1327 1
1328 0
1329 0
1330 0
1331 0
1332 0
1333 1
1334 0
1335 0
1336 0
1337 1
1338 1
1339 1
1340 0
1341 1
1342 0
1343 0
1344 1
1345 1
1346 0
1347 1
1348 0
1349 0
1350 0
1351 1
1352 1
1353 1
1354 1
1355 1
1356 0
1357 0
1358 0
1359 0
1360 1
1361 1
1362 0
1363 0
1364 0
1365 1
1366 0
1367 0
1368 1
1369 1
1370 0
1371 1
1372 0
1373 1
1374 0
1375 1
1376 0
1377 1
1378 1
1379 0
1380 0
1381 1
1382 0
1383 0
1384 1
1385 0
1386 0
1387 0
1388 1
1389 0
1390 1
1391 1
1392 0
1393 1
1394 0
1395 0
1396 1
1397 0
1398 1
1399 1
1400 1
1401 0
1402 1
1403 1
1404 1
1405 1
1406 1
1407 1
1408 0
1409 0
1410 0
1411 1
1412 1
1413 0
1414 1
1415 1
1416 1
1417 1
1418 0
1419 1
1420 1
1421 1
1422 1
1423 0
1424 0
1425 1
1426 0
1427 1
1428 0
1429 1
1430 0
1431 0
1432 1
1433 1
1434 0
1435 1
1436 0
1437 1
1438 1
1439 0
1440 1
1441 1
1442 0
1443 0
1444 0
1445 1
1446 0
1447 1
1448 0
1449 1
1450 0
1451 0
1452 0
1453 1
1454 0
1455 0
1456 0
1457 1
1458 0
1459 0
1460 1
1461 0
1462 1
1463 1
1464 1
1465 0
1466 1
1467 0
1468 0
1469 1
1470 1
1471 1
