1 1
2 0
3 0
4 1
5 1
6 1
7 0
8 0
9 1
10 1
11 0
12 1
13 0
14 0
15 0
16 0
17 1
18 0
19 0
20 0
21 1
22 0
23 1
24 1
25 0
26 1
27 0
28 1
29 0
30 0
31 1
32 0
33 0
34 1
35 1
36 0
37 1
38 1
39 1
40 1
41 1
42 0
43 1
44 1
45 0
46 1
47 1
48 0
49 1
50 1
51 0
52 0
53 0
54 1
55 1
56 1
57 0
58 1
59 1
60 0
61 0
62 0
63 0
64 1
65 0
66 1
67 0
68 0
69 0
70 1
71 0
72 0
73 0
74 1
75 1
76 0
77 1
78 1
79 1
80 1
81 0
82 0
83 0
84 0
85 0
86 1
87 0
88 1
89 0
90 0
91 0
92 1
93 1
94 0
95 1
96 0
97 1
98 1
99 1
100 1
101 1
102 0
103 0
104 1
105 0
106 0
107 0
108 0
109 0
110 1
111 1
112 1
113 0
114 1
115 1
116 1
117 1
118 1
119 1
120 0
121 1
122 1
123 1
124 0
125 1
126 0
127 0
128 1
129 0
130 0
131 0
132 1
133 1
134 0
135 1
136 0
137 1
138 0
139 0
140 1
141 0
142 0
143 0
144 1
145 1
146 1
147 1
148 0
149 1
150 0
151 0
152 0
153 1
154 0
155 1
156 1
157 0
158 0
159 0
160 0
161 0
162 0
163 0
164 1
165 1
166 0
167 1
168 0
169 0
170 0
171 0
172 1
173 0
174 1
175 1
176 1
177 1
178 1
179 1
180 0
181 1
182 1
183 0
184 0
185 0
186 1
187 0
188 1
189 1
190 1
191 0
192 1
193 1
194 1
195 0
196 0
197 1
198 0
199 1
200 0
201 0
202 1
203 0
204 0
205 1
206 0
207 1
208 1
209 0
210 1
211 0
212 0
213 0
214 1
215 1
216 0
217 0
218 1
219 0
220 1
221 0
222 0
223 0
224 0
225 1
226 1
227 1
228 1
229 1
230 0
231 0
232 0
233 1
234 1
235 0
236 0
237 0
238 1
239 1
240 1
241 0
242 1
243 0
244 1
245 0
246 0
247 1
248 0
249 0
250 0
251 1
252 1
253 0
254 0
255 1
256 0
257 1
258 0
259 0
260 0
261 1
262 0
263 0
264 1
265 1
266 1
267 0
268 1
269 0
270 0
271 0
272 1
273 0
274 1
275 0
276 0
277 0
278 1
279 1
280 1
281 0
282 0
283 1
284 0
285 0
286 1
287 0
288 1
289 0
290 0
291 1
292 0
293 0
294 1
295 0
296 0
297 1
298 1
299 0
300 1
301 1
302 0
303 0
304 1
305 0
306 1
307 1
308 1
309 1
310 1
311 0
312 1
313 1
314 0
315 1
316 0
317 0
318 1
319 1
320 1
321 1
322 1
323 1
324 1
325 0
326 0
327 1
328 0
329 1
330 1
331 0
332 1
333 0
334 0
335 0
336 1
337 0
338 1
339 0
340 1
341 1
342 0
343 0
344 0
345 0
346 1
347 1
348 1
349 0
350 0
351 1
352 0
353 0
354 0
355 0
356 0
357 1
358 1
359 1
360 1
361 0
362 1
363 1
364 0
365 0
366 1
367 1
368 0
369 1
370 1
371 1
372 0
373 1
374 1
375 1
376 0
377 0
378 0
379 0
380 1
381 1
382 1
383 0
384 1
385 0
386 0
387 1
388 0
389 1
390 0
391 0
392 0
393 1
394 0
395 0
396 1
397 1
398 0
399 0
400 0
401 1
402 0
403 1
404 1
405 0
406 1
407 1
408 0
409 1
410 0
411 1
412 0
413 0
414 1
415 1
416 0
417 1
418 1
419 0
420 0
421 1
422 0
423 1
424 0
425 0
426 0
427 1
428 1
429 1
430 1
431 0
432 1
433 1
434 0
435 0
436 0
437 1
438 1
439 0
440 1
441 0
442 1
443 0
444 1
445 0
446 0
447 0
448 1
449 1
450 1
451 1
452 1
453 1
454 0
455 0
456 1
457 0
458 1
459 1
460 1
461 0
462 1
463 1
464 0
465 0
466 1
467 1
468 0
469 0
470 0
471 1
472 1
473 1
474 0
475 0
476 1
477 1
478 1
479 1
480 0
481 1
482 1
483 0
484 0
485 0
486 1
487 0
488 0
489 1
490 0
491 1
492 0
493 1
494 0
495 1
496 0
497 1
498 1
499 1
500 1
501 1
502 0
503 1
504 1
505 0
506 1
507 0
508 1
509 0
510 1
511 1
512 1
513 1
514 1
515 0
516 1
517 1
518 0
519 1
520 1
521 1
522 1
523 0
524 1
525 1
526 1
527 0
528 1
529 0
530 1
531 0
532 0
533 1
534 1
535 1
536 0
537 1
538 0
539 1
540 1
541 0
542 1
543 1
544 1
545 1
546 0
547 0
548 1
549 0
550 1
551 1
552 1
553 0
554 0
555 1
556 1
557 0
558 1
559 0
560 1
561 1
562 1
563 0
564 1
565 1
566 1
567 1
568 1
569 0
570 1
571 1
572 0
573 0
574 0
575 1
576 1
577 0
578 0
579 0
580 1
581 1
582 0
583 0
584 0
585 0
586 0
587 1
588 1
589 1
590 1
591 0
592 1
593 0
594 0
595 1
596 1
597 1
598 0
599 0
600 1
601 1
602 1
603 1
604 0
605 1
606 1
607 1
608 1
609 1
610 1
611 1
612 0
613 1
614 1
615 1
616 0
617 1
618 1
619 1
620 1
621 1
622 1
623 1
624 1
625 1
626 0
627 0
628 0
629 1
630 1
631 1
632 1
633 1
634 1
635 0
636 1
637 1
638 1
639 1
640 0
641 0
642 1
643 1
644 1
645 0
646 0
647 1
648 0
649 1
650 0
651 1
652 1
653 0
654 1
655 0
656 0
657 1
658 1
659 0
660 0
661 0
662 0
663 1
664 1
665 0
666 1
667 1
668 1
669 1
670 0
671 0
672 0
673 0
674 1
675 0
676 1
677 1
678 1
679 1
680 1
681 0
682 1
683 1
684 1
685 0
686 1
687 1
688 1
689 1
690 0
691 1
692 0
693 0
694 0
695 0
696 0
697 0
698 0
699 0
700 0
701 1
702 1
703 0
704 1
705 0
706 1
707 0
708 0
709 0
710 1
711 0
712 1
713 1
714 1
715 1
716 1
717 1
718 0
719 1
720 0
721 1
722 0
723 0
724 1
725 0
726 0
727 0
728 1
729 1
730 1
731 1
732 1
733 1
734 0
735 0
736 0
737 0
738 0
739 0
740 0
741 1
742 1
743 0
744 0
745 0
746 1
747 1
748 1
749 1
750 1
751 1
752 0
753 0
754 1
755 0
756 1
757 0
758 0
759 0
760 0
761 1
762 1
763 0
764 1
765 0
766 0
767 0
768 0
769 0
770 1
771 1
772 0
773 1
774 1
775 1
776 0
777 1
778 1
779 1
780 0
781 0
782 1
783 1
784 0
785 0
786 0
787 0
788 0
789 1
790 1
791 1
792 0
793 1
794 0
795 0
796 1
797 1
798 1
799 1
800 1
801 0
802 0
803 0
804 0
805 0
806 0
807 0
808 1
809 0
810 0
811 1
812 1
813 0
814 1
815 0
816 1
817 0
818 1
819 1
820 0
821 1
822 1
823 0
824 0
825 0
826 0
827 0
828 0
829 0
830 0
831 0
832 0
833 1
834 0
835 1
836 0
837 0
838 1
839 1
840 0
841 1
842 0
843 0
844 1
845 1
846 1
847 0
848 1
849 1
850 1
851 1
852 0
853 0
854 1
855 0
856 0
857 0
858 0
859 0
860 1
861 0
862 1
863 1
864 0
865 1
866 1
867 1
868 1
869 0
870 1
871 0
872 1
873 1
874 1
875 1
876 0
877 0
878 1
879 0
880 1
881 1
882 1
883 1
884 1
885 1
886 1
887 1
888 0
889 1
890 1
891 0
892 0
893 0
894 0
895 0
896 1
897 1
898 1
899 1
900 1
901 0
902 1
903 1
904 0
905 0
906 0
907 1
908 1
909 1
910 0
911 0
912 1
913 1
914 1
915 0
916 1
917 0
918 0
919 0
920 1
921 0
922 1
923 0
924 0
925 1
926 0
927 1
928 1
929 1
930 1
931 1
932 0
933 1
934 1
935 0
936 0
937 0
938 0
939 1
940 0
941 0
942 1
943 1
944 0
945 1
946 0
947 1
948 1
949 1
950 1
951 0
952 1
953 1
954 0
955 0
956 0
957 0
958 1
959 0
960 1
961 0
962 0
963 1
964 1
965 1
966 0
967 0
968 1
969 0
970 1
971 0
972 0
973 0
974 0
975 1
976 1
977 0
978 0
979 0
980 0
981 1
982 0
983 1
984 1
985 1
986 0
987 1
988 1
989 1
990 0
991 1
992 1
993 1
994 1
995 1
996 0
997 0
998 1
999 0
1000 1
1001 0
1002 0
1003 1
1004 0
1005 0
1006 1
1007 1
1008 0
1009 0
1010 0
1011 0
1012 0
1013 0
1014 0
1015 1
1016 1
1017 1
1018 0
1019 0
1020 0
1021 1
1022 1
1023 1
1024 0
1025 0
1026 0
1027 0
1028 0
1029 1
1030 0
1031 0
1032 0
1033 1
1034 1
1035 1
1036 0
1037 0
1038 1
1039 1
1040 0
1041 1
1042 0
1043 1
1044 0
1045 0
1046 0
1047 1
1048 1
1049 0
1050 1
1051 1
1052 1
1053 1
1054 1
1055 0
1056 0
1057 1
1058 0
1059 0
1060 1
1061 1
1062 1
1063 0
1064 1
1065 1
1066 1
1067 1
1068 1
1069 1
1070 1
1071 0
1072 1
1073 0
1074 1
1075 0
1076 1
1077 0
1078 0
1079 1
1080 0
1081 1
1082 1
1083 1
1084 0
1085 1
1086 1
1087 0
1088 0
1089 0
1090 0
1091 0
1092 1
1093 1
1094 1
1095 1
1096 1
1097 1
1098 1
1099 1
1100 0
1101 0
1102 0
1103 0
1104 1
1105 0
1106 0
1107 1
1108 0
1109 0
1110 0
1111 0
1112 0
1113 0
1114 1
1115 0
1116 1
1117 1
1118 1
1119 1
1120 0
1121 0
1122 1
1123 0
1124 0
1125 0
1126 1
1127 1
1128 1
1129 0
1130 0
1131 0
1132 0
1133 1
1134 1
1135 1
1136 0
1137 1
1138 1
1139 1
1140 1
1141 0
1142 0
1143 1
1144 1
1145 0
1146 0
1147 1
1148 1
1149 0
1150 0
1151 1
1152 0
1153 0
1154 0
1155 0
1156 1
1157 1
1158 1
1159 0
1160 0
1161 0
1162 1
1163 0
1164 1
1165 1
1166 0
1167 0
1168 0
1169 1
1170 0
1171 0
1172 1
1173 0
1174 1
1175 0
1176 1
1177 0
1178 1
1179 0
1180 0
1181 0
1182 0
1183 1
1184 1
1185 0
1186 1
1187 1
1188 0
1189 1
1190 1
1191 0
1192 1
1193 0
1194 1
1195 1
1196 0
1197 1
1198 0
1199 1
1200 0
1201 0
1202 0
1203 1
1204 0
1205 0
1206 1
1207 0
1208 1
1209 1
1210 1
1211 1
1212 1
1213 1
1214 1
1215 0
1216 1
1217 0
1218 1
1219 0
1220 0
1221 0
1222 0
1223 1
1224 1
1225 1
1226 1
1227 0
1228 0
1229 1
1230 0
1231 1
1232 1
1233 0
1234 0
1235 0
1236 0
1237 1
1238 0
1239 0
1240 1
1241 0
1242 1
1243 1
1244 0
1245 1
1246 0
1247 1
1248 1
1249 1
1250 0
1251 0
1252 1
1253 1
1254 1
1255 1
1256 1
1257 0
1258 1
1259 0
1260 0
1261 1
1262 1
1263 0
1264 1
1265 1
1266 1
1267 1
1268 0
1269 1
1270 1
1271 0
1272 1
1273 1
1274 0
1275 0
1276 0
1277 1
1278 0
1279 0
1280 0
1281 1
1282 1
1283 1
1284 0
1285 0
1286 1
1287 1
1288 1
1289 1
1290 1
1291 1
1292 1
1293 1
1294 1
1295 0
1296 1
1297 1
1298 1
1299 0
1300 1
1301 1
1302 0
1303 0
1304 0
1305 0
1306 0
1307 1
1308 0
1309 1
1310 1
1311 1
1312 1
1313 0
1314 1
1315 1
1316 0
1317 1
1318 0
1319 0
1320 0
1321 0
1322 0
1323 1
1324 0
1325 0
1326 1
1327 0
1328 1
1329 0
1330 0
1331 0
1332 1
1333 1
1334 1
1335 1
1336 1
1337 0
1338 0
1339 1
1340 0
1341 1
1342 1
1343 0
1344 1
1345 0
1346 1
1347 0
1348 0
1349 1
1350 0
1351 1
1352 1
1353 1
1354 1
1355 1
1356 0
1357 0
1358 0
1359 0
1360 0
1361 1
1362 1
1363 1
1364 1
1365 1
1366 1
1367 1
1368 1
1369 1
1370 1
1371 1
1372 1
1373 1
1374 1
1375 1
1376 1
1377 1
1378 1
1379 1
1380 1
1381 1
1382 1
1383 1
1384 1
1385 1
1386 0
1387 1
1388 0
1389 0
1390 0
1391 0
1392 1
1393 1
1394 0
1395 1
1396 0
1397 1
1398 1
1399 1
1400 0
1401 0
1402 1
1403 1
1404 1
1405 0
1406 0
1407 1
1408 0
1409 0
1410 0
1411 1
1412 1
1413 1
1414 1
1415 0
1416 1
1417 1
1418 1
1419 1
1420 1
1421 0
1422 0
1423 1
1424 1
1425 1
1426 0
1427 0
1428 0
1429 1
1430 0
1431 1
1432 0
1433 1
1434 0
1435 0
1436 0
1437 0
1438 1
1439 1
1440 0
1441 0
1442 0
1443 0
1444 1
1445 1
1446 1
1447 1
1448 1
1449 0
1450 0
1451 1
1452 0
1453 0
1454 0
1455 0
1456 1
1457 1
1458 0
1459 1
1460 0
1461 1
1462 1
1463 0
1464 0
1465 0
1466 1
1467 1
1468 0
1469 1
1470 0
1471 1
