2039
2115
2442
2581
1989
330
408
1428
2261
695
2602
394
172
1646
149
1052
131
300
598
1148
530
2088
2380
1208
2601
818
2849
744
2034
1688
1990
2372
1499
901
506
1397
1340
293
2927
2197
967
1756
1366
603
1740
2159
912
1528
2670
199
2879
292
158
2029
1926
2063
1274
597
2744
2712
118
2199
8
2305
1928
2310
1055
2433
2314
493
2035
230
2281
1190
752
929
273
2183
1530
354
380
2264
975
279
2589
2018
2133
1949
181
475
728
2891
2101
1439
1136
2195
1962
1164
1155
311
1872
1089
852
2371
547
1026
1008
1520
2108
290
2025
1592
954
843
2521
187
2857
418
2086
883
339
2304
2543
2158
483
2533
228
130
653
997
2209
2180
2634
1160
759
1469
648
1548
1753
2222
1828
1811
2608
1358
276
1075
58
1318
173
977
1379
627
1222
2353
1399
18
2656
2099
459
2417
657
674
1125
1777
2270
2009
2142
82
2226
2631
2363
1741
2699
2420
1851
1680
1822
2790
1289
2254
821
621
1487
1935
1018
542
1027
2377
2252
2044
117
446
1045
1296
285
1870
1988
266
1126
581
14
2883
1032
2548
2290
1906
2507
1537
1941
1441
1734
2863
1632
2271
1803
9
2454
1061
2244
340
2266
1493
401
2059
1634
329
109
200
1669
962
263
1801
1511
2398
571
774
282
38
318
1204
2745
669
1693
2840
337
1583
1918
31
1108
1579
937
708
1793
1823
90
741
1173
410
865
2412
1107
93
1039
2799
136
1321
1025
2609
325
1585
1832
1230
2813
422
142
1237
1406
1882
2190
1541
167
704
1388
1729
499
48
2901
877
69
2713
413
538
526
1492
2504
2308
51
1444
2837
2802
1789
2179
564
2071
2546
1141
2457
2801
1969
2844
2626
1434
2283
557
201
2153
1806
1449
682
144
2613
514
2569
2510
1900
1964
1485
1635
1151
2229
1745
1552
1122
1791
242
1110
797
2138
2696
2182
1939
1367
1392
2334
2766
2278
2300
2683
35
2423
878
1710
1308
2017
299
2411
404
1381
2654
2721
979
1456
252
2757
2614
2359
2815
1538
1671
1983
2686
556
1536
2087
2148
1970
2541
1284
840
1249
634
2240
1938
1149
34
291
2462
1903
2828
2050
1259
1373
2749
785
1049
265
658
1463
1261
1718
3
1702
1557
848
481
1826
2739
164
490
968
2022
1213
2792
1306
1288
1905
1418
2575
2615
2704
39
1398
857
2655
1779
1794
1247
1685
1077
1280
1236
849
6
920
735
309
1362
2499
473
2890
1250
994
2026
2212
740
2888
197
684
2821
1666
1580
223
890
50
509
2331
625
2882
1004
497
1234
2426
2904
2600
585
916
489
579
825
575
365
2001
2436
2242
2287
1328
2690
2394
612
256
1330
430
1382
314
1068
316
2632
219
756
2065
508
2501
1051
1798
1
2648
1509
270
2282
1120
952
2723
1912
2491
2877
327
1558
1475
468
1016
2012
2932
1335
588
716
1128
1112
494
1186
2508
2814
1610
996
363
713
1116
1231
1343
2415
222
1504
791
2011
253
1654
709
2393
2474
2286
2337
1662
207
1627
214
2131
858
2127
297
1721
2272
2893
1781
2653
1965
1810
1522
440
2535
2751
2848
1760
719
1977
1898
2215
504
1818
2031
2344
875
1601
1532
2838
946
1551
2525
1808
36
1145
1896
1668
580
1606
1506
1062
1722
498
70
301
2894
1021
2785
1205
1111
1269
450
1329
2829
1106
1458
2360
1342
2598
289
2657
2006
61
2447
1861
602
788
2188
1353
478
1194
2154
723
1455
2048
2144
280
688
2085
2534
539
1403
2139
891
2094
1314
1712
1516
2032
2259
2854
2055
1950
1568
60
89
102
2256
1649
2781
827
237
439
893
1867
1914
779
177
133
811
1295
1684
1616
1351
1648
594
798
2861
1197
2232
2697
924
1838
379
1986
2871
645
1291
2092
2560
1565
225
1454
966
1348
1349
1991
2279
1239
2641
1011
2734
249
1881
224
2269
188
2336
1973
873
1447
803
2756
914
813
999
1457
2646
1083
2132
447
1931
560
2288
909
2784
2316
2456
1703
692
272
2068
596
1716
2245
2198
573
2884
1365
1645
1802
147
1720
229
2887
1517
885
496
364
911
1421
2742
1637
333
1866
1482
1333
2919
2114
1320
936
1531
305
1751
1426
2118
1835
822
1346
2817
1505
1891
964
786
2169
1567
758
1256
2466
1462
832
1879
387
536
2267
1317
2184
1331
1665
1936
2545
1859
1003
2616
2676
2163
2633
2506
373
2057
193
574
2753
566
1171
2668
806
905
68
619
1161
2171
1377
987
1974
2722
614
2807
2495
2478
1737
477
1071
1154
2591
748
1675
764
2869
1717
125
2243
2715
7
2743
2257
1019
1984
2096
2170
405
1638
2512
604
2639
1411
1921
1843
2625
2194
1415
793
383
342
662
1945
711
578
2425
1699
195
706
1109
796
1048
2201
1005
2324
1257
2797
324
1681
1690
993
1825
2147
1999
378
615
1202
1498
605
1837
1022
1385
2341
1121
593
2924
2451
2253
2005
1414
1795
859
23
973
589
1775
2130
2926
370
2538
2775
2203
784
2389
2164
1622
652
1123
1582
1066
2431
174
166
2619
1875
1842
751
618
236
1513
1561
2509
2795
2150
2684
2104
139
1476
974
251
609
1670
2123
1653
235
718
1708
2803
1919
750
1327
1181
991
552
341
2155
2480
2645
170
2774
210
2556
2664
667
1726
780
2248
1854
2030
1300
1183
1286
712
562
1119
403
460
790
898
1497
888
1229
1602
1858
917
2056
881
531
2698
1545
553
570
1887
1544
415
1743
1748
1028
959
1621
838
2680
2450
298
1913
1618
2810
1255
2681
1007
2386
2867
2010
2023
2079
1998
21
1956
2621
126
1863
599
2178
157
659
64
2746
2822
2177
1682
2858
2060
649
675
2003
32
1404
1242
874
1884
2740
1006
2635
737
515
1235
2485
1157
1940
220
141
2612
1694
286
2231
1584
915
2340
1172
2755
1976
2292
2078
810
1554
1987
802
921
2762
262
2768
1413
2899
965
1542
2497
127
734
1947
2736
1764
1630
1966
1473
2041
836
150
1153
2536
437
1888
1425
1767
1784
559
799
1932
1283
1778
782
2049
2732
132
899
2603
2855
2530
2523
2075
2095
2909
1523
2111
1326
1115
1773
37
11
1752
1285
2280
2298
366
568
1240
2606
1419
239
1396
2558
2045
1092
2403
907
2922
2354
231
863
837
1287
153
189
226
631
2488
86
129
760
361
2910
84
949
1787
2565
1873
2459
1529
2103
870
1730
2362
385
2274
2046
2875
2275
202
1749
2889
95
2605
1085
114
2738
1217
922
87
608
1486
2234
323
2675
527
1067
2382
416
932
2765
2719
1182
1047
432
2611
544
1180
135
1058
12
1175
179
647
1609
677
1709
558
1619
245
47
1696
1641
2563
2524
1874
1871
1364
871
2630
2552
105
2220
2027
2401
1626
2758
152
389
106
1080
1864
2390
495
2777
1215
2124
1526
1797
1955
1438
1133
122
1273
2113
2939
1484
762
2082
1276
2805
243
2250
1853
1534
313
206
1994
2043
203
1170
2007
1790
980
805
2644
2196
792
409
2783
2667
1114
2090
2200
882
2779
1104
156
2905
400
2623
2469
1262
2102
941
2638
947
1714
2136
747
2440
15
2579
537
769
2165
1142
2652
1636
2216
1612
2865
1168
2033
2421
1628
438
2396
541
190
2773
1581
209
1103
476
2872
1185
2516
198
2920
767
2015
175
673
2622
2076
835
16
931
1735
2866
2273
453
2725
1228
78
2847
665
1179
2073
1043
2392
469
1159
616
1608
1831
2453
2193
1188
1677
1893
1023
2934
577
650
2399
702
761
1096
2432
2255
216
376
680
2481
1883
1951
1715
771
2468
546
1368
950
2351
1992
1589
1550
1878
1459
763
2325
632
1015
1354
2531
2678
2923
2370
1910
1248
900
2584
2562
2145
2329
2070
1593
1560
1443
2819
2729
919
1599
2514
1097
1044
943
59
1546
611
1090
2830
945
1827
2303
2268
1336
1167
1570
1868
1659
2787
686
246
1013
1590
2835
1093
2661
868
2473
2237
24
656
880
926
1707
2701
1246
2930
2192
2312
1478
74
528
2588
2376
745
1423
2028
2472
1309
565
1963
2682
5
523
1841
1214
2628
879
1833
2878
332
176
2168
2284
1479
1796
2500
1727
1603
1132
1591
161
1514
689
988
2547
828
357
1512
2812
1934
2876
826
1500
1056
381
703
754
1337
277
1904
960
1845
2439
307
2599
1772
2285
67
512
1390
787
1850
958
563
1431
2935
2349
2573
1147
583
2429
800
268
1138
2356
2107
2119
819
2002
2358
2776
1244
887
1978
729
1252
295
1996
2160
1211
521
349
346
1095
2214
2595
595
1997
33
2430
1821
2597
2846
1201
1656
2241
1435
488
2061
1053
1814
1372
1042
1711
908
2291
610
2592
1369
2091
2483
1312
2309
2342
567
1220
529
698
1747
2109
1290
2058
1024
1540
2125
359
320
2202
257
1937
261
1100
455
315
2928
1245
1268
49
2539
2496
1099
2156
956
2120
2555
2827
160
108
2831
2338
1064
1723
1786
543
1629
1525
2921
1009
2302
2251
923
502
2851
2706
2881
1623
2796
2410
1057
1880
2726
2366
2236
110
679
449
466
1597
2289
445
1477
2093
372
2448
377
30
13
267
894
1031
2918
525
2162
1725
1069
1502
29
982
2673
862
1673
2710
2568
2763
2146
2381
1356
1961
670
2364
2008
1301
1573
699
1510
331
2841
2228
1344
739
260
2357
1819
1642
1152
516
2265
2677
448
1010
1207
2311
1436
2759
820
2629
2907
1877
2671
2293
1221
660
154
1631
328
1594
1812
1979
2687
2733
2464
2141
484
2931
2937
353
208
1034
2672
180
1146
1292
1275
629
2174
215
1299
2052
2042
555
1278
1676
1724
1040
247
451
98
1465
1839
113
162
112
2490
390
2714
148
992
347
1130
1930
2373
1943
1705
1251
534
2413
2084
990
1971
159
2718
540
1895
1697
517
869
456
816
1347
1672
1674
2054
1689
1624
866
1925
1020
1315
2128
2404
2567
1719
626
2297
184
1135
520
2532
1076
42
1954
1409
989
644
738
2873
2476
1700
1325
2137
940
2640
1488
889
1776
1661
1993
663
1198
116
853
2806
487
244
81
1876
308
1766
1166
724
511
714
1929
2416
2319
1785
2666
358
1313
2189
2235
1223
2748
145
510
205
2206
628
700
1667
1195
1376
182
2477
727
2544
2277
1483
2874
2424
2709
981
2327
2770
1226
884
1461
845
238
1958
2089
829
569
454
715
1144
2040
1163
2914
1836
697
83
2870
1562
2408
1162
661
461
1575
1577
384
1595
435
2880
2647
1448
427
1620
1980
1165
749
2911
2211
732
1691
1897
2824
40
2409
217
1647
411
2925
2717
2804
2896
2788
2833
2898
2778
419
2700
2299
1294
854
54
1889
851
671
554
248
1553
1995
1856
350
1134
1640
2378
1079
255
2727
2479
500
1535
218
2741
1556
2126
518
2224
639
2217
433
2694
641
306
212
1660
1445
1029
1131
855
79
1972
1072
26
1521
951
1038
1968
1041
2679
2549
2559
1341
1663
2422
2306
773
1820
2348
1924
1763
2223
185
2227
2554
2771
942
1600
1957
1422
486
1212
2021
1098
414
2129
1617
2098
1241
834
654
1652
730
701
804
1216
2106
2427
1279
1471
963
2053
1037
535
163
2307
2705
1086
524
1524
2800
1470
2916
321
2643
2313
2902
1305
2112
1401
1501
2238
22
1596
1227
431
317
1118
1363
2586
1371
2434
1830
549
1437
1761
1678
2737
2379
705
303
1754
1615
551
1739
1899
1433
194
151
2149
925
2239
613
2419
1046
2397
2143
2176
1429
1736
2825
642
2786
643
927
801
1967
1909
1614
2455
1082
258
1254
1698
815
2940
45
165
124
2685
2247
934
2467
831
288
2620
1210
638
983
485
2330
1792
134
1571
1586
1209
1907
1405
53
2388
2572
66
2400
948
2551
2502
1769
2839
1664
426
860
957
1383
1750
2689
897
1847
1417
2850
2582
1206
1303
241
2080
1804
1507
482
591
1453
2260
1780
171
1361
1350
1604
664
1073
425
2489
2407
2185
1503
1468
88
2913
2711
2941
1782
121
2578
2864
2016
2097
607
2695
582
971
2528
1901
687
1124
1886
1732
789
1014
2482
817
402
2083
576
1243
1920
312
183
2213
2332
955
2019
1054
1225
683
1564
211
2728
278
396
1391
1416
457
1084
1307
2463
1323
2475
783
902
1402
1695
2669
1232
1050
2518
722
334
2151
895
2809
52
155
2069
1139
412
1923
1264
85
2842
776
2580
1728
2808
2081
2301
2347
1650
2860
1917
2230
1679
856
2519
2529
1481
694
2906
1117
2845
1035
375
391
2938
2794
2066
2067
765
1633
1156
522
1017
1081
2296
2903
338
2526
2823
561
2218
137
462
1460
725
1588
2761
143
72
2445
2843
27
369
1184
2636
56
1566
707
1012
213
1000
2460
2553
41
1587
192
1218
264
2465
234
2494
19
283
2221
1263
1452
910
2649
92
43
731
75
794
1683
1174
28
296
1466
2702
2262
1078
842
1559
491
2343
1191
1576
2791
620
344
630
2816
2731
294
1834
2367
2752
1704
2004
2036
2550
2350
985
1094
1985
2152
1293
1539
864
97
2167
736
906
2772
655
2587
2438
1474
2276
146
1189
2345
1762
1302
1233
2294
1948
2936
103
275
2836
1203
2210
310
1982
2024
622
2856
2862
2181
2852
2355
104
2929
2375
2492
501
398
1759
107
395
1432
681
986
138
861
470
2658
2693
1375
1848
2157
2747
1611
2140
1311
392
2789
1304
928
2173
2707
1450
1807
1272
2402
65
1394
1193
998
1393
726
2663
772
2406
441
867
2013
1070
284
1519
1281
1771
2617
1933
1975
17
1467
2166
1809
2172
2912
2513
503
757
1862
99
2767
1408
550
601
169
2540
1824
1800
227
2517
428
2219
2764
1686
823
2225
2208
1265
808
2590
345
10
2435
472
1464
1087
1922
2207
904
984
2834
44
1706
119
168
1059
777
1651
572
73
903
2383
1036
374
492
1569
232
1496
2077
1607
1953
436
1196
2561
1407
2326
386
1788
795
1533
71
807
452
343
191
2246
2333
2820
1360
1768
2895
1733
1065
1060
2105
464
480
1574
778
2618
269
1746
399
2826
1757
444
1374
91
2161
1952
2782
635
2204
2
721
939
2933
2387
710
1598
2258
1200
1927
1338
2418
1316
1738
1177
2520
1840
2384
204
1140
2674
443
1758
961
1643
606
367
336
2917
1494
513
355
2811
474
2486
2651
2900
812
2037
1178
753
640
423
429
1355
872
600
2187
668
2134
2263
2471
1339
1102
1400
2064
2295
1981
442
1946
1446
1101
1410
592
969
128
690
1384
1224
1644
844
356
407
1701
424
1310
382
1266
1271
221
1412
2437
2703
1692
1158
586
1345
2720
2368
2503
259
1805
691
1424
1332
271
1578
2100
274
319
2585
1238
676
1389
352
1731
972
717
2577
766
1472
646
1322
326
2428
46
746
970
0
846
1380
2322
2446
809
63
254
351
1420
519
2522
2320
1783
1357
930
388
250
1942
2122
685
2391
666
896
1150
421
1916
2604
678
2642
397
2014
368
1442
371
1176
2365
2818
76
1430
2885
918
2038
2110
281
1297
892
584
2317
1605
2610
2346
471
587
233
1088
20
2853
2624
2487
1192
417
2361
693
913
1518
1817
2000
2596
1187
850
2205
1944
1515
1143
123
1829
2637
2452
2892
1857
696
1855
1074
2249
111
2498
2461
322
2607
2186
1395
995
1267
2730
617
2897
178
2594
479
101
743
1270
2135
2780
94
1129
465
2557
360
1277
637
1908
1813
1002
2798
25
507
824
1555
2414
1563
1655
2793
1352
80
2321
624
434
1137
1490
505
2688
57
935
2072
1816
672
77
100
1844
1491
548
335
1774
953
2570
120
1885
1033
1742
651
978
533
2574
770
1846
1892
362
532
755
1865
1370
1713
2484
2754
1572
841
4
2318
2121
1770
2405
768
2527
2444
1639
830
1495
1658
2769
1199
2750
2859
2374
2385
1091
1849
1127
2335
1063
2716
1527
2369
2020
1815
463
1894
2458
393
1543
2470
420
2505
302
1427
833
933
348
2660
1911
1169
1960
1902
1324
2576
2886
1451
733
1440
458
1799
1113
2315
2564
2443
467
1298
2708
2868
2760
1480
1334
814
304
1319
2735
2659
1687
2117
876
1258
2511
2051
55
1219
2062
2665
1613
2832
1359
2627
1253
2583
2650
186
406
720
1915
1508
742
1386
1890
2566
140
1744
2074
2395
2542
775
886
1547
2662
1549
2116
839
1387
1755
2571
623
2233
847
2339
976
2493
2328
1625
2537
287
196
1030
1860
2323
240
781
590
1489
1378
2175
1657
2691
1852
2908
2724
2515
115
1959
938
1260
633
1869
1105
2593
2449
1282
62
2047
636
2692
1765
1001
2191
2915
944
2441
545
2352
96

