2788
1918
468
2512
2220
1960
3
2485
2392
1307
2054
9
573
2084
489
1166
1501
105
2742
242
1906
1839
1504
1413
1206
2510
454
588
921
1543
1563
2070
626
379
1954
2609
2428
536
1987
994
1558
897
624
1283
2465
91
2636
2177
1112
2312
2537
2179
364
2519
2225
161
1105
2435
741
60
1524
2501
1330
2118
2223
1098
1202
1256
2094
1046
1744
1494
607
2874
2025
2477
2002
951
289
2414
2001
2143
2114
1343
136
2651
2391
1110
104
2349
11
813
2068
1690
2256
2774
2022
747
2633
1780
1570
1276
2721
333
2700
2652
310
518
428
267
618
2850
1102
942
421
2463
1927
486
2603
1467
2167
2598
2209
156
432
2775
1696
2411
1074
1847
426
2475
1624
520
1510
2845
2377
36
1026
2169
1274
900
2828
131
531
1125
1638
1618
1759
1305
2273
2244
875
507
2478
2511
2157
1616
628
925
764
528
147
837
975
1776
2241
1184
956
1876
223
2871
1856
1240
1340
251
1824
1453
2692
2602
304
779
2436
583
2507
2624
580
316
2583
2215
533
1323
2577
2180
1306
924
55
1863
1731
64
1275
1995
1328
2642
2345
2917
2417
1802
2121
2116
633
608
239
598
1140
1230
284
1355
874
1205
1508
985
2556
1683
1059
1952
2551
1734
2178
788
619
1039
373
2160
2096
1033
1903
411
1263
1790
561
1093
2192
2582
1262
2886
1196
876
560
2041
1937
1248
2075
968
611
472
5
386
909
2432
209
406
1344
1405
775
2301
2614
1669
1932
553
750
126
2659
1904
306
56
2332
232
620
558
2770
1198
2763
519
948
1213
978
2008
791
1122
2784
1702
593
2513
2062
1967
1431
418
1072
2676
1981
2237
455
2262
751
1923
1476
551
2553
392
1241
1811
1748
1948
42
1433
1865
2095
262
457
2814
2857
2834
2235
2149
1142
2822
1287
853
1912
1412
2470
2576
270
2203
2042
1664
1088
1708
1753
1268
2368
2233
1820
1956
2055
1224
2018
1490
1928
1611
859
2013
2111
2065
766
1043
1695
83
2480
349
1631
2012
701
1534
328
1735
166
2422
947
2936
1379
112
1860
1670
2153
2863
180
2206
2495
2708
698
2829
1736
1662
1601
37
1971
823
1931
1426
1358
1929
145
1972
2199
1325
2061
2259
1703
2787
534
1103
2161
950
907
983
1913
2805
1400
1266
450
288
1578
1769
2654
1633
2176
1727
2437
346
2127
803
2574
363
191
1155
2568
188
1434
2740
176
908
151
1489
2128
2924
1849
139
1398
1500
1382
372
2682
2264
456
1167
2249
939
452
849
121
1525
2732
1746
1639
2933
1587
1688
1054
1152
313
482
524
805
412
2772
839
778
2217
1615
1090
2555
1826
398
34
302
2866
1589
1170
590
135
1315
906
1381
2593
2518
1838
1712
1775
731
108
1244
1900
2381
2901
749
1092
815
832
1047
1507
234
979
1389
2626
292
1737
2347
277
760
2415
2610
1384
485
2231
2158
29
737
1640
1159
1145
98
1423
1376
903
307
746
2283
1686
2339
1064
0
51
1485
1594
2578
1444
2934
1272
2782
2918
338
1840
57
1741
1477
2275
2762
31
2579
100
1301
1962
2147
2904
995
1526
981
1216
1993
1511
1635
222
515
726
1201
976
811
952
399
2491
1425
396
2587
320
2416
281
2091
1685
1609
1803
1853
2536
504
2703
215
2496
1271
2897
542
509
1509
2137
308
537
545
86
664
347
1858
1233
1209
1855
1097
1709
1872
2346
2855
2185
1032
783
2115
2694
1994
2881
329
662
10
2768
2445
569
319
99
245
52
2090
801
882
204
1705
1368
1252
1761
522
516
688
1327
2007
1273
695
1199
187
2132
599
414
888
964
672
1370
2424
1782
2758
2321
1658
2631
652
1762
739
1822
744
1809
2395
2056
2168
1829
285
106
610
1187
2190
544
910
572
1520
511
269
497
552
2893
2098
465
404
1925
174
670
1779
214
1468
381
922
2212
309
1336
2632
638
916
1236
2686
1653
1815
1049
192
226
2080
1363
1864
1530
706
1966
612
2515
1473
1516
1124
1141
892
2738
2791
1499
2462
1605
546
2333
2841
1963
369
885
781
1258
208
2196
490
1557
1491
2284
690
2734
1634
1292
2873
1564
2584
1408
2222
971
2268
1814
1108
295
828
128
2612
869
754
2754
2743
2257
496
371
1617
1787
2006
641
137
857
2790
2438
2323
2710
577
2531
2229
1538
959
2214
1528
1380
2036
2748
407
189
1488
899
358
1177
296
1572
802
2662
2911
196
2110
84
2398
1137
2915
274
1100
2442
1129
1771
408
1421
235
1801
1909
154
2492
2433
2685
1364
23
733
2506
2697
2407
2817
2146
272
663
1588
1214
2348
521
43
2088
2744
103
1181
1394
1255
2581
471
218
2644
2353
1555
1697
473
451
2314
2778
212
1649
1035
2356
2454
2921
76
1003
1397
134
514
1334
41
512
1048
2696
2623
2009
2246
1898
527
2033
2532
2028
181
1428
1237
1547
2539
200
1057
1288
1174
1586
1040
1833
2426
67
298
707
193
1002
1916
2219
2383
8
1253
1401
2892
996
1235
2853
116
2288
2113
825
1188
2467
1817
2434
2641
297
1480
715
831
2571
1270
678
1935
2277
2280
1710
1391
2613
957
1926
1623
798
2820
1754
2769
461
2173
2903
582
2304
78
2505
1115
350
1726
1603
1861
1028
1724
1025
923
1871
646
2397
417
1692
439
850
1527
90
1626
2563
1362
336
2824
940
1027
513
1277
393
949
993
150
97
1179
314
679
548
2882
1009
2802
1212
2239
1324
165
1751
2488
2466
1715
2808
986
228
2573
883
1988
902
1837
1675
2130
2930
973
109
724
554
1551
1965
95
1452
693
30
476
830
824
642
2289
640
348
1432
1149
1936
2365
579
934
667
1947
1383
1130
1443
1203
311
1484
92
732
2567
44
1984
770
674
2053
2647
1067
1523
2725
1299
1068
2270
1813
50
2389
2516
2625
877
2704
1850
1161
873
2611
2294
2839
2502
549
1131
2103
12
1583
1084
1466
2875
133
1760
230
2688
2811
1311
437
2699
303
2509
845
1989
2307
2315
2232
2596
898
431
2394
2795
840
1162
159
1554
2484
1693
2843
860
2325
244
2459
2896
2086
1973
402
1183
1295
1848
2887
1038
46
2351
699
2015
532
1439
2622
1371
1000
2668
716
2024
1493
752
2826
1118
1081
48
629
1079
808
1608
2667
1689
1231
2040
1462
2663
1584
1298
2878
855
1390
1806
1934
2123
2413
2205
1366
1346
2319
206
462
686
2187
1075
1069
1044
2320
339
915
1537
1282
658
446
1148
1486
2526
1593
1943
2402
2343
2269
1908
2504
2156
275
2027
632
1619
2234
340
675
132
761
424
2451
1441
1738
872
1968
1881
723
2926
1153
1938
1652
1740
2164
1892
2635
890
517
169
792
225
935
370
1953
657
167
2813
1502
1533
2453
2634
736
129
555
709
1828
1545
2460
689
768
148
323
1977
2558
186
2570
1460
2527
1071
2608
1884
2521
343
1785
2851
247
668
2835
1303
1234
492
436
1353
2087
2547
2588
941
53
1889
435
2287
1338
1808
1406
2186
547
1505
1756
523
1701
1650
1878
1723
1077
884
727
2003
2384
2561
1777
1347
2656
2367
1178
254
138
1940
1472
586
2540
1151
2039
1111
2912
2276
665
927
1247
2057
1359
286
2265
1337
1651
1704
2208
585
2338
2619
762
2852
2876
1200
1119
1414
1163
944
1895
1062
22
2023
1679
846
177
1458
384
2606
1550
926
597
1492
765
1197
1599
543
755
2474
1157
797
390
2564
2224
2719
852
2390
2136
1749
1354
1365
1755
2298
1010
2766
912
529
2198
945
1436
1571
1684
643
2278
1975
2350
1411
1456
265
409
2807
1752
2420
535
261
1143
194
2401
635
140
2361
2724
2318
776
2372
1577
175
1743
1919
2189
591
697
2017
2637
1546
233
1308
1807
1066
2082
463
1832
1222
2868
1939
2073
2295
142
1665
651
530
2783
2430
538
1566
1438
155
182
69
1531
1917
774
1041
82
745
2303
2679
356
1830
80
2393
2260
2898
848
1173
21
1622
2643
987
1316
1678
1291
1886
2909
1020
211
2678
1126
479
1992
1450
146
790
15
445
1964
2776
2530
252
2533
2705
127
2266
2498
143
1045
1791
2443
834
1955
416
742
1721
889
2709
1265
1478
1643
647
1217
2400
1682
2364
1448
1313
2296
1810
2409
33
1372
441
63
2058
444
1728
1424
2655
550
2271
77
1732
1834
1580
880
1539
2560
655
2722
1598
342
1061
2673
2542
729
1082
841
862
1182
2204
1427
2060
1451
1842
2305
1986
2359
2191
2806
2749
2691
1281
887
2867
144
2139
1868
1671
2447
1647
113
2937
2014
2927
1065
878
1053
488
1567
1946
464
460
1711
2695
1257
195
510
2799
1656
2227
79
1168
260
2448
2421
1887
1636
2472
1794
2341
1339
1899
2616
168
2528
627
2126
1613
1261
2731
2134
2908
2597
2101
1127
963
1625
383
110
45
2122
711
2403
2894
190
2607
2482
2124
1351
969
501
1107
574
1885
1873
2327
178
447
61
2211
183
708
2907
1739
625
2816
1718
2549
2063
1983
1259
2674
337
2648
1310
2739
101
567
2575
669
1532
1402
224
2675
2109
253
335
1717
1007
2228
1591
2925
243
2590
844
2800
2837
1799
570
152
1474
2032
2546
248
2020
1997
1223
720
1024
1597
1674
2188
494
2297
1326
423
871
2819
241
936
2133
162
1821
1827
2404
1094
40
584
2538
911
1770
1535
357
345
966
470
1250
2385
487
238
2801
2230
1267
1730
1056
1483
2780
153
2166
207
115
2693
16
1193
2313
799
1862
1795
2193
118
2371
500
1435
249
1920
438
1154
125
1902
1529
2291
984
891
1455
2765
795
430
2240
1185
1227
617
2092
2888
1415
2895
730
2638
1628
1388
300
459
743
1944
1680
2650
466
1132
334
1104
38
1654
13
1950
2832
2698
1095
1440
1804
2072
2737
673
1792
821
1781
1845
616
2299
157
932
458
2174
614
2194
1420
835
2344
1449
1666
2767
1037
2357
2543
2108
1211
929
1497
1019
1569
1581
2830
2431
2809
1888
712
2849
2355
66
2464
88
2728
506
257
894
1958
2657
1559
1073
1089
1349
734
1590
2785
1165
1099
2494
645
767
1239
2129
2938
256
1229
375
671
866
2379
6
1604
2786
2585
1350
838
2884
173
1763
974
2093
287
1114
221
1457
1687
141
1646
1345
1552
1189
388
1612
565
2523
1136
2605
283
1017
1269
1996
32
1012
1482
1999
1576
217
1969
367
809
793
2468
202
2120
1961
449
2618
1788
1506
1304
713
636
250
2645
1050
213
1592
1540
2687
1146
1052
2207
918
2481
475
2140
1335
2827
1722
954
2880
443
1058
2282
1990
1218
1514
352
1582
1914
1225
2074
481
578
2838
2900
2172
719
2905
564
1568
1843
278
702
2879
1602
863
1446
2798
1945
2388
2842
89
1655
2331
119
2175
355
1556
2144
2869
827
613
694
2797
820
2861
1786
2151
773
2580
602
562
2771
1022
2514
1342
557
748
1487
87
1660
1147
1051
1852
467
603
24
227
422
777
1479
666
1930
1123
1461
130
721
2796
2489
2665
819
1
1784
1733
4
2902
991
2125
1377
2019
2066
1857
2306
933
305
419
1495
2713
2202
704
2200
539
2846
2197
1541
1595
2891
2311
1238
782
282
1772
1659
1029
2255
1312
1560
1498
1778
2329
7
2181
1243
1542
1475
2326
1139
796
1979
2335
2794
1757
2923
2821
2620
600
14
2216
1296
1361
1319
374
75
2658
2029
740
1980
2412
1015
654
201
1978
1924
318
982
2254
595
2076
231
1513
648
2520
917
2646
1396
20
378
714
2680
895
1279
2396
2726
2865
953
566
171
563
326
807
2604
382
2226
2681
315
403
2757
1395
2218
1357
692
1699
2363
2342
1156
2334
2309
1375
2941
2569
1005
2592
229
901
2497
366
2594
2711
1676
1891
753
2600
294
2545
71
1812
1416
1409
759
1232
2859
1407
1630
725
502
1714
1150
2005
806
842
914
290
160
659
1011
992
2862
1060
784
1641
2106
39
361
1774
2793
2803
1706
1496
503
2831
1021
1392
568
1976
440
2142
2860
62
1016
1907
2051
2423
1294
2919
854
1116
818
1521
683
1548
2425
2479
1949
571
478
2328
2135
2661
955
2352
930
684
2419
2037
1644
780
881
2360
2671
149
1831
1998
1471
405
1385
2210
970
198
2761
2043
1228
1006
273
1700
2031
2148
2589
2773
1278
1004
1164
2756
2940
1207
587
2524
401
237
2045
1463
2714
1208
2171
2747
1333
1417
2487
1890
2274
2030
301
1816
164
1422
1758
2107
2195
1186
2913
1725
2163
653
621
96
1284
484
2150
2476
2245
988
1793
120
360
2660
851
2483
2529
2914
700
2534
2165
2408
280
1459
1991
1869
1321
1242
1180
1713
1091
2503
2272
1698
656
2664
556
1637
2354
1767
1120
2380
2764
1194
2666
2105
477
592
2669
1716
958
972
1419
2864
649
1519
1245
2221
341
114
28
179
634
1447
1018
2490
2250
938
2457
1883
2929
705
650
1437
1766
771
785
2405
2286
2599
264
2469
870
1481
1403
886
1565
2550
2745
2741
1470
2833
205
2052
1851
70
1859
2746
682
2184
2649
2152
2840
365
353
836
2102
65
380
2559
961
1369
1825
59
758
1512
268
822
1765
1750
1410
541
54
2718
2182
1796
2672
2670
893
829
1251
368
937
1921
1905
2308
2615
505
1442
763
299
1882
1783
789
2324
493
2366
362
1013
81
2201
2236
2777
2525
865
718
2702
172
293
1378
1561
1036
1418
111
816
185
2081
609
1866
2815
158
122
236
2730
1023
1951
17
220
2586
2104
1819
2565
919
1221
867
1844
2261
2059
2050
2847
2213
1134
2079
943
322
246
1169
977
814
312
896
72
717
498
2386
2493
25
2715
738
2562
1030
442
1101
123
1317
410
1260
2064
2755
427
2486
2712
858
589
1897
2035
1034
2825
1320
1877
68
216
2441
1959
1297
1870
359
2922
2928
2572
1835
1694
847
677
856
377
2856
576
1879
19
499
1195
2049
2890
644
1648
1657
1083
980
1220
2458
2399
2844
2026
757
2358
1286
2263
240
637
879
385
2258
2939
2048
2242
826
2016
85
1264
184
928
2310
291
1254
2508
2155
1957
1667
35
905
2248
1175
1133
2736
325
2804
559
1606
2406
2279
681
1901
622
1691
575
433
2456
1190
394
601
2337
2038
1144
1503
1121
2789
2021
1970
2899
1768
2544
1846
2047
2046
94
1645
1797
2601
2374
1080
1875
1818
1087
376
2870
1553
2077
2069
210
203
480
2723
1160
1360
1610
1318
676
170
804
1922
2617
219
2119
2716
276
2322
1642
2302
1823
1742
2004
49
812
1280
1673
2889
2455
1880
2877
2557
2690
2522
1008
2034
2251
2418
1600
317
2628
469
1720
615
1219
2316
1789
631
1076
258
1085
1515
2916
73
344
1172
2566
1867
2362
2285
2071
1620
1893
1454
998
1001
2159
1574
397
1677
2733
946
2117
2885
703
1249
1874
1352
735
965
1985
1707
1536
2317
787
324
2010
448
756
1518
2627
1138
2440
351
685
420
1661
1621
1373
2085
868
687
606
2
1226
1135
1445
960
2375
263
639
1681
1841
2629
2089
2138
2653
271
259
1314
2812
526
495
2154
2083
2112
2750
1910
1014
2639
604
2883
1042
525
997
2450
1747
391
1469
2131
1798
1573
1215
2541
1854
1113
1191
2552
2872
389
1544
2444
2630
1629
1106
474
400
2336
395
2727
2141
2170
661
540
931
1911
163
1942
2369
864
2640
1614
989
1031
1522
1117
2591
920
999
861
2000
1517
415
321
354
691
1800
2378
2162
710
962
581
1285
769
1836
1078
279
330
2281
2517
1729
2387
2535
2067
434
817
124
1607
2759
2554
2243
2078
387
1309
1096
1974
2753
2752
1109
2145
2427
1465
1575
2760
2706
332
2499
2836
990
74
1596
2621
1356
2252
1290
2920
2677
2370
1915
2473
1367
1627
2099
1331
2340
413
1374
327
1429
2720
904
1293
2854
810
1341
2823
2439
2471
2097
1302
2935
722
630
1128
1632
660
786
1171
1070
1158
2238
2932
1982
47
1246
255
1941
1063
594
1668
833
967
199
483
1719
1387
2253
1933
1896
2267
1404
2449
2848
27
2548
2906
1332
1773
93
1672
2500
2684
1329
2683
197
1562
1300
2044
331
2781
2446
2382
680
800
429
1055
2595
2735
2100
2011
1176
1348
2410
1399
2452
1579
2330
2689
1386
1192
2910
2461
508
2779
1393
2429
2751
1204
117
2290
728
26
2931
1464
1322
1764
2810
2376
1805
453
102
1585
18
1663
107
2183
2373
425
772
491
2858
2818
696
1745
58
2707
1086
2247
605
2792
843
2701
2293
266
623
1894
2717
1549
1210
794
2300
596
2292
2729
913
1430
1289

