1 0
2 0
3 1
4 1
5 0
6 0
7 0
8 1
9 0
10 1
11 1
12 0
13 1
14 1
15 0
16 0
17 0
18 1
19 1
20 0
21 0
22 0
23 1
24 0
25 0
26 0
27 1
28 1
29 1
30 0
31 0
32 0
33 1
34 1
35 0
36 1
37 0
38 0
39 0
40 1
41 1
42 1
43 1
44 1
45 1
46 1
47 0
48 0
49 1
50 0
51 1
52 0
53 0
54 0
55 0
56 0
57 1
58 1
59 1
60 0
61 1
62 0
63 1
64 0
65 1
66 1
67 1
68 1
69 1
70 1
71 0
72 1
73 1
74 1
75 1
76 1
77 1
78 0
79 0
80 1
81 0
82 0
83 0
84 1
85 0
86 1
87 0
88 0
89 1
90 0
91 1
92 0
93 0
94 0
95 1
96 0
97 0
98 0
99 1
100 0
101 0
102 0
103 0
104 1
105 1
106 0
107 0
108 0
109 0
110 0
111 1
112 1
113 1
114 1
115 0
116 0
117 0
118 0
119 1
120 1
121 0
122 1
123 0
124 1
125 1
126 0
127 0
128 1
129 0
130 0
131 0
132 0
133 1
134 0
135 1
136 1
137 1
138 0
139 0
140 1
141 0
142 0
143 1
144 0
145 1
146 1
147 1
148 0
149 1
150 1
151 0
152 0
153 0
154 0
155 0
156 1
157 0
158 0
159 1
160 0
161 0
162 0
163 0
164 1
165 0
166 0
167 0
168 1
169 1
170 1
171 1
172 1
173 0
174 0
175 1
176 1
177 0
178 0
179 1
180 0
181 1
182 1
183 0
184 1
185 1
186 1
187 0
188 0
189 1
190 0
191 0
192 0
193 1
194 0
195 1
196 0
197 0
198 0
199 0
200 1
201 1
202 0
203 1
204 0
205 1
206 0
207 1
208 0
209 0
210 0
211 1
212 1
213 0
214 0
215 1
216 1
217 1
218 0
219 1
220 1
221 1
222 1
223 1
224 0
225 0
226 0
227 1
228 1
229 0
230 1
231 0
232 1
233 0
234 1
235 0
236 1
237 0
238 1
239 1
240 0
241 0
242 1
243 1
244 0
245 0
246 1
247 0
248 1
249 0
250 1
251 0
252 1
253 0
254 0
255 1
256 0
257 1
258 0
259 1
260 1
261 1
262 1
263 0
264 1
265 0
266 1
267 0
268 1
269 0
270 1
271 1
272 0
273 1
274 1
275 1
276 0
277 1
278 0
279 1
280 1
281 1
282 0
283 1
284 0
285 1
286 1
287 0
288 0
289 0
290 1
291 1
292 0
293 0
294 1
295 0
296 1
297 1
298 0
299 1
300 1
301 1
302 1
303 0
304 1
305 1
306 1
307 1
308 1
309 0
310 1
311 0
312 1
313 0
314 0
315 0
316 0
317 0
318 0
319 1
320 1
321 0
322 0
323 1
324 0
325 1
326 1
327 1
328 1
329 0
330 0
331 1
332 0
333 0
334 1
335 0
336 1
337 1
338 1
339 0
340 0
341 1
342 0
343 1
344 0
345 0
346 1
347 0
348 0
349 0
350 1
351 0
352 0
353 0
354 0
355 0
356 1
357 0
358 0
359 1
360 0
361 0
362 0
363 0
364 0
365 0
366 1
367 0
368 0
369 1
370 1
371 0
372 1
373 0
374 0
375 1
376 0
377 1
378 0
379 1
380 1
381 1
382 1
383 0
384 0
385 0
386 0
387 1
388 0
389 1
390 0
391 1
392 1
393 0
394 0
395 0
396 0
397 1
398 0
399 1
400 0
401 0
402 0
403 0
404 0
405 0
406 1
407 1
408 0
409 1
410 1
411 0
412 0
413 0
414 1
415 0
416 1
417 1
418 0
419 0
420 1
421 0
422 0
423 1
424 0
425 0
426 0
427 0
428 0
429 0
430 0
431 1
432 0
433 1
434 1
435 1
436 0
437 0
438 0
439 0
440 1
441 1
442 1
443 0
444 1
445 0
446 0
447 1
448 1
449 0
450 0
451 1
452 1
453 1
454 0
455 0
456 0
457 1
458 0
459 0
460 1
461 0
462 0
463 0
464 0
465 0
466 1
467 1
468 1
469 0
470 0
471 0
472 1
473 0
474 0
475 0
476 0
477 0
478 1
479 0
480 0
481 1
482 0
483 1
484 1
485 1
486 0
487 1
488 0
489 0
490 0
491 0
492 0
493 1
494 0
495 1
496 0
497 1
498 1
499 1
500 0
501 1
502 0
503 1
504 1
505 1
506 1
507 0
508 0
509 0
510 0
511 1
512 1
513 1
514 0
515 1
516 0
517 0
518 1
519 0
520 0
521 1
522 1
523 0
524 0
525 0
526 0
527 1
528 0
529 0
530 0
531 0
532 1
533 1
534 1
535 1
536 0
537 1
538 0
539 0
540 1
541 0
542 0
543 0
544 0
545 0
546 0
547 1
548 0
549 0
550 1
551 0
552 0
553 1
554 0
555 1
556 0
557 1
558 0
559 1
560 1
561 0
562 1
563 1
564 1
565 0
566 1
567 0
568 1
569 0
570 0
571 1
572 1
573 1
574 1
575 0
576 1
577 1
578 0
579 0
580 1
581 0
582 1
583 1
584 0
585 0
586 1
587 1
588 0
589 1
590 0
591 1
592 1
593 0
594 0
595 1
596 0
597 1
598 0
599 0
600 0
601 0
602 1
603 0
604 1
605 0
606 0
607 0
608 0
609 0
610 1
611 1
612 0
613 1
614 1
615 1
616 0
617 0
618 0
619 0
620 0
621 0
622 1
623 0
624 1
625 0
626 0
627 0
628 1
629 0
630 0
631 1
632 0
633 0
634 0
635 0
636 1
637 1
638 0
639 0
640 1
641 0
642 1
643 0
644 0
645 1
646 1
647 1
648 1
649 1
650 1
651 1
652 0
653 1
654 1
655 0
656 1
657 0
658 0
659 0
660 0
661 1
662 0
663 1
664 1
665 1
666 0
667 1
668 0
669 1
670 0
671 1
672 0
673 0
674 1
675 1
676 0
677 1
678 1
679 1
680 1
681 1
682 1
683 1
684 0
685 0
686 1
687 0
688 1
689 1
690 1
691 1
692 0
693 0
694 0
695 1
696 1
697 1
698 0
699 1
700 0
701 0
702 0
703 1
704 1
705 1
706 1
707 0
708 1
709 1
710 0
711 1
712 0
713 1
714 0
715 1
716 0
717 1
718 1
719 1
720 0
721 1
722 0
723 1
724 1
725 1
726 0
727 0
728 0
729 0
730 1
731 0
732 0
733 1
734 1
735 1
736 1
737 1
738 1
739 0
740 1
741 1
742 0
743 0
744 1
745 0
746 0
747 0
748 0
749 1
750 1
751 0
752 1
753 0
754 0
755 0
756 1
757 0
758 0
759 0
760 1
761 1
762 0
763 0
764 1
765 1
766 1
767 1
768 0
769 0
770 1
771 1
772 1
773 1
774 1
775 1
776 0
777 0
778 1
779 1
780 0
781 0
782 0
783 0
784 0
785 1
786 1
787 1
788 1
789 1
790 1
791 1
792 0
793 0
794 0
795 1
796 1
797 0
798 0
799 0
800 0
801 0
802 0
803 0
804 1
805 0
806 0
807 0
808 1
809 0
810 1
811 1
812 0
813 0
814 1
815 1
816 0
817 0
818 0
819 1
820 1
821 1
822 0
823 0
824 0
825 0
826 1
827 0
828 1
829 1
830 1
831 1
832 1
833 0
834 0
835 1
836 0
837 1
838 0
839 0
840 1
841 0
842 1
843 1
844 0
845 1
846 1
847 1
848 1
849 0
850 1
851 0
852 1
853 0
854 1
855 0
856 0
857 1
858 1
859 0
860 1
861 0
862 0
863 0
864 0
865 1
866 1
867 1
868 0
869 0
870 1
871 1
872 0
873 0
874 0
875 1
876 0
877 0
878 1
879 0
880 1
881 1
882 0
883 1
884 0
885 1
886 0
887 1
888 0
889 0
890 1
891 1
892 0
893 0
894 0
895 0
896 1
897 0
898 0
899 1
900 0
901 0
902 0
903 1
904 0
905 0
906 1
907 0
908 0
909 1
910 0
911 0
912 1
913 0
914 1
915 0
916 0
917 1
918 0
919 0
920 0
921 0
922 1
923 0
924 0
925 1
926 0
927 0
928 1
929 0
930 0
931 1
932 1
933 1
934 0
935 0
936 0
937 1
938 0
939 0
940 1
941 0
942 0
943 0
944 1
945 0
946 1
947 0
948 0
949 1
950 0
951 0
952 1
953 0
954 0
955 0
956 0
957 0
958 0
959 1
960 0
961 1
962 0
963 0
964 0
965 1
966 0
967 0
968 1
969 1
970 0
971 1
972 1
973 0
974 1
975 0
976 0
977 1
978 1
979 1
980 0
981 0
982 0
983 0
984 1
985 1
986 0
987 0
988 0
989 1
990 0
991 1
992 1
993 1
994 0
995 1
996 0
997 0
998 0
999 0
1000 1
1001 0
1002 1
1003 1
1004 0
1005 0
1006 0
1007 1
1008 1
1009 1
1010 0
1011 1
1012 0
1013 1
1014 1
1015 0
1016 1
1017 0
1018 1
1019 1
1020 0
1021 1
1022 1
1023 0
1024 1
1025 0
1026 1
1027 0
1028 1
1029 0
1030 1
1031 0
1032 1
1033 1
1034 1
1035 1
1036 1
1037 1
1038 0
1039 0
1040 1
1041 0
1042 0
1043 1
1044 1
1045 1
1046 0
1047 1
1048 1
1049 1
1050 0
1051 0
1052 1
1053 1
1054 1
1055 1
1056 1
1057 1
1058 0
1059 0
1060 1
1061 0
1062 1
1063 1
1064 1
1065 1
1066 1
1067 0
1068 0
1069 0
1070 0
1071 0
1072 0
1073 1
1074 0
1075 1
1076 0
1077 1
1078 1
1079 1
1080 1
1081 0
1082 1
1083 0
1084 1
1085 0
1086 0
1087 0
1088 1
1089 0
1090 1
1091 0
1092 1
1093 0
1094 1
1095 1
1096 1
1097 1
1098 1
1099 0
1100 1
1101 1
1102 0
1103 1
1104 1
1105 1
1106 0
1107 1
1108 1
1109 1
1110 0
1111 1
1112 1
1113 1
1114 1
1115 0
1116 1
1117 0
1118 1
1119 0
1120 1
1121 0
1122 0
1123 1
1124 1
1125 1
1126 0
1127 1
1128 1
1129 1
1130 0
1131 0
1132 0
1133 0
1134 0
1135 0
1136 0
1137 1
1138 0
1139 1
1140 1
1141 0
1142 1
1143 0
1144 1
1145 0
1146 1
1147 1
1148 1
1149 1
1150 1
1151 1
1152 1
1153 0
1154 1
1155 1
1156 0
1157 0
1158 1
1159 1
1160 0
1161 1
1162 1
1163 0
1164 0
1165 1
1166 1
1167 0
1168 0
1169 0
1170 0
1171 1
1172 0
1173 0
1174 1
1175 1
1176 0
1177 1
1178 0
1179 0
1180 0
1181 1
1182 1
1183 1
1184 0
1185 0
1186 0
1187 0
1188 1
1189 0
1190 0
1191 1
1192 1
1193 1
1194 1
1195 1
1196 0
1197 1
1198 0
1199 1
1200 1
1201 1
1202 1
1203 1
1204 1
1205 1
1206 1
1207 1
1208 0
1209 1
1210 1
1211 1
1212 0
1213 1
1214 1
1215 0
1216 0
1217 0
1218 0
1219 0
1220 1
1221 0
1222 0
1223 0
1224 1
1225 1
1226 1
1227 0
1228 0
1229 1
1230 0
1231 1
1232 1
1233 0
1234 1
1235 1
1236 0
1237 1
1238 1
1239 0
1240 0
1241 0
1242 1
1243 1
1244 1
1245 1
1246 0
1247 0
1248 1
1249 1
1250 1
1251 1
1252 1
1253 0
1254 0
1255 0
1256 1
1257 0
1258 1
1259 1
1260 1
1261 1
1262 0
1263 1
1264 0
1265 1
1266 0
1267 0
1268 0
1269 0
1270 1
1271 1
1272 1
1273 1
1274 0
1275 1
1276 1
1277 1
1278 1
1279 1
1280 0
1281 0
1282 1
1283 0
1284 0
1285 1
1286 0
1287 1
1288 1
1289 0
1290 1
1291 1
1292 1
1293 1
1294 1
1295 1
1296 1
1297 1
1298 1
1299 0
1300 0
1301 1
1302 1
1303 0
1304 1
1305 1
1306 0
1307 1
1308 1
1309 0
1310 1
1311 0
1312 0
1313 0
1314 1
1315 1
1316 1
1317 0
1318 1
1319 0
1320 0
1321 1
1322 1
1323 1
1324 0
1325 1
1326 1
1327 1
1328 0
1329 0
1330 1
1331 0
1332 0
1333 0
1334 0
1335 1
1336 0
1337 0
1338 0
1339 1
1340 0
1341 0
1342 0
1343 1
1344 1
1345 0
1346 0
1347 1
1348 0
1349 1
1350 0
1351 0
1352 0
1353 1
1354 1
1355 1
1356 1
1357 1
1358 1
1359 0
1360 0
1361 1
1362 0
1363 1
1364 1
1365 1
1366 0
1367 1
1368 0
1369 1
1370 1
1371 1
1372 1
1373 1
1374 0
1375 1
1376 1
1377 1
1378 0
1379 1
1380 0
1381 1
1382 0
1383 1
1384 0
1385 0
1386 1
1387 0
1388 1
1389 0
1390 1
1391 0
1392 1
1393 1
1394 1
1395 0
1396 0
1397 1
1398 1
1399 1
1400 0
1401 0
1402 0
1403 0
1404 1
1405 0
1406 1
1407 1
1408 0
1409 0
1410 1
1411 1
1412 0
1413 1
1414 1
1415 0
1416 0
1417 0
1418 0
1419 0
1420 0
1421 0
1422 1
1423 0
1424 0
1425 0
1426 0
1427 1
1428 1
1429 0
1430 1
1431 1
1432 0
1433 1
1434 1
1435 0
1436 1
1437 0
1438 1
1439 0
1440 1
1441 1
1442 1
1443 1
1444 1
1445 1
1446 0
1447 1
1448 1
1449 1
1450 0
1451 0
1452 1
1453 0
1454 0
1455 1
1456 1
1457 0
1458 0
1459 0
1460 1
1461 1
1462 0
1463 1
1464 0
1465 1
1466 0
1467 0
1468 0
1469 1
1470 0
1471 1
