2579
848
2918
1967
2209
1850
321
800
497
2680
1331
1282
2285
252
1561
173
587
2472
2081
2030
912
2768
2027
2205
1564
388
2754
472
1243
1467
1034
1950
1841
1521
2378
1349
490
1724
1696
1280
1039
1011
916
502
643
2773
2019
2399
1894
2139
714
40
9
2508
2675
1069
2133
2266
2442
1149
1420
971
280
119
1782
2270
2180
695
1440
2805
2073
2085
1813
1264
331
718
2334
245
1177
1997
929
1506
2343
2572
879
51
2880
2055
2539
2761
925
400
1533
1052
233
2894
910
258
2355
2791
2188
1589
668
1094
632
2837
765
820
2604
1252
1041
6
1602
1949
1970
2838
1304
1428
1895
1890
2348
1136
2156
1979
44
1750
254
1088
1735
1337
1679
2400
2845
109
2054
2457
1077
1611
1186
2036
2719
868
1516
310
2815
1540
1817
2527
1044
236
45
2844
116
1530
659
934
1544
1930
2562
224
1891
2801
688
319
902
24
2294
1621
239
1286
2227
792
1711
1031
1690
267
553
852
616
1348
1143
1384
2602
1130
1617
901
1155
734
2731
1221
2390
844
2226
690
773
457
185
905
459
1394
2011
559
2016
2098
1662
1105
781
1118
1706
293
2724
661
2681
1755
1323
807
1691
867
492
2862
975
318
1268
2920
987
1083
85
2352
65
1984
1267
1056
2709
2147
2341
540
500
2107
2555
1900
1411
2624
957
520
1846
58
1684
139
2044
237
200
2477
1003
314
2645
704
2821
2184
204
2846
2481
2677
2674
1720
1340
954
2510
2684
1547
2501
828
430
1889
1166
859
684
504
1728
1353
1929
928
2788
64
2679
136
1129
543
751
2213
2235
1876
2522
634
1665
303
175
2900
1109
1082
1343
1308
552
2311
1584
2475
285
1434
1566
2391
2912
636
1120
1198
2720
948
964
727
141
2425
2921
642
887
137
2497
2377
510
2810
1973
973
1899
877
2128
214
1787
897
300
840
1849
1409
629
191
2441
1184
1274
1646
1537
2225
2020
2091
724
1492
211
589
604
1852
789
1174
2434
2534
1935
2663
1669
2215
1910
754
458
1498
1978
626
2563
1330
567
1799
2471
484
922
471
1401
786
2571
1575
2199
1612
1002
2025
315
2603
2804
2901
1459
481
2739
602
1853
195
1292
2551
2196
30
1503
2443
641
2301
1145
1038
1732
273
2752
1117
2542
262
288
2597
2940
1487
873
818
1835
1369
281
2740
2819
1085
182
350
2646
2584
2820
1698
1481
284
2617
296
1837
149
1908
1051
469
1789
2583
1633
1763
2941
2021
2358
2858
2841
95
2817
2854
2153
1605
337
904
884
2218
2006
539
979
2634
368
419
2035
2041
1357
148
1108
941
304
1610
1897
2916
2495
748
1723
1063
1146
1624
355
1022
1245
1761
1402
2615
2268
676
533
189
1048
628
1205
1981
1055
196
817
1387
842
899
1320
2718
73
1939
1708
1577
1804
1774
805
1744
1452
1111
635
750
2262
2129
1371
1573
243
722
2097
554
1283
1312
1284
2386
1302
1289
26
1327
1074
1362
2826
2925
733
1199
1725
2261
1419
1115
1212
736
2119
600
591
2673
680
150
1291
2148
1224
444
2140
551
1966
2728
25
2829
417
1604
1869
138
1404
1598
874
1295
1379
442
2432
1712
2100
1421
564
810
1350
2468
1269
843
2789
662
571
1451
531
2689
2374
1256
421
1539
2071
764
2775
1998
1784
2541
2721
1995
2172
839
574
450
2524
418
943
1392
2157
1614
2329
1827
1281
1418
2601
172
2061
1341
665
2298
1578
2855
446
522
1222
2488
1060
1244
2904
1231
2318
2612
597
809
1223
2831
144
2240
547
2893
416
2696
1661
785
2440
1294
78
1677
1107
2397
532
339
2765
230
328
1594
1462
1307
486
283
1794
2410
2116
1528
2484
1814
935
1717
7
1214
1455
920
2104
562
1898
1116
2276
2833
2220
2906
180
501
2836
225
1968
2214
1316
222
1666
2231
2448
309
1991
1972
427
488
74
2467
1178
2490
903
383
2699
429
135
726
2222
1510
155
1862
2248
21
2068
2117
2725
1100
2898
495
1660
231
2652
1013
2784
399
1671
1892
8
790
1715
1832
2716
333
685
1263
2813
919
2668
2511
1250
1407
732
1217
1397
1628
2935
1859
2770
1004
439
2412
1134
1158
1726
212
2239
2306
891
153
482
505
876
1012
2384
1936
1249
294
1992
841
1527
2029
2281
2110
669
412
2274
760
1029
746
1373
2867
2455
1206
615
2692
1687
2335
2077
2395
2812
1923
1288
713
104
181
1181
1150
2665
2913
946
1592
1518
2327
297
2660
1843
451
1183
652
357
1697
71
2762
1911
2404
1619
123
729
53
338
266
1810
2408
292
2454
2521
2909
1035
2082
2533
1752
1716
2523
2474
572
287
1912
955
1191
1449
1645
2169
968
2103
2094
2587
290
2868
2861
2004
836
2641
1293
2369
2023
431
2138
2292
1940
995
976
2849
639
249
1335
1658
1818
1142
2529
369
2830
103
1765
2613
675
1484
767
2210
465
851
2069
2899
313
880
592
1587
1471
2114
2886
1657
2323
168
2420
1641
1707
2403
989
2753
2255
22
1389
387
933
994
1512
1470
1571
1429
610
787
2460
1084
401
2917
2492
2585
2291
1865
936
1049
2930
1500
2371
2256
1355
378
462
385
878
389
184
2437
1845
1532
758
794
1823
445
527
2473
2336
1417
1713
2835
2807
1227
2151
2933
1442
2690
1093
2809
1024
2459
274
362
656
2661
1472
2126
835
1769
2257
2338
1075
2249
1422
1830
753
606
1770
915
1647
1640
2614
2755
2561
12
791
2111
1171
2290
2190
1160
2834
2808
1175
2540
1347
2910
1522
398
132
700
2806
286
1877
432
356
702
1344
1593
2340
1554
63
1390
1553
2286
1279
1478
2926
2363
1132
1247
2037
1767
959
373
1819
402
1762
2349
2479
90
721
1447
2278
2469
2569
863
2185
1072
783
2303
1138
2787
105
186
761
624
317
1766
1630
187
2368
711
710
88
2
1901
1427
2626
1565
1626
640
1620
2519
617
699
1759
299
1572
2536
2619
2707
2366
2402
1139
583
2647
342
1848
1114
1006
408
2590
420
2246
381
1156
672
1733
1287
621
76
938
118
1625
1768
529
2086
2669
2726
2695
2365
2034
1870
2233
203
1933
1112
1272
2704
631
1096
302
2431
701
161
1545
496
1339
2869
2570
2230
2174
371
2392
1546
660
1703
970
1955
586
896
2043
1192
247
2253
1985
487
1664
275
2934
1579
594
1535
1857
259
983
1372
1718
774
782
49
1033
2786
142
1126
2047
890
1321
2417
1531
1133
59
723
2902
2592
130
870
1125
2309
124
2267
1043
1788
1778
1693
834
1805
2749
2134
411
434
1218
2026
179
1140
2643
1529
2297
1576
548
1358
1441
511
2701
2273
825
1517
1131
2317
1907
1729
1262
2705
2296
1476
93
2741
2780
2589
164
2072
2203
1445
406
2223
2620
2694
2543
2229
1538
1508
414
1433
2722
581
87
673
2864
1719
2370
2882
1306
1007
2642
2177
1639
2176
1820
1879
178
1668
1064
1023
703
1187
2588
1485
62
1299
2300
1758
512
923
2127
1119
2070
1377
1904
33
875
963
238
1235
320
2936
1591
2500
2828
2416
573
1460
2515
43
2000
147
1432
1682
1872
860
2520
41
1311
23
885
1883
1026
246
2354
2372
1188
2067
951
2056
2518
1057
1087
1871
32
985
114
917
1618
2470
380
197
1482
467
2328
2751
1128
2648
808
31
2324
2860
2339
549
1332
752
2737
2353
921
1019
1552
1124
1674
2607
1555
1412
1802
2538
2794
1030
889
2528
143
277
1754
1874
351
1875
1676
2426
999
775
2771
2122
1334
1563
1028
2331
1701
2337
2905
1395
2482
1515
1016
2201
1062
1494
2781
1170
582
900
1757
461
2923
46
2504
1466
1416
2173
474
1423
1742
577
110
759
435
39
2932
598
13
1958
2671
2040
2314
2243
2252
345
2575
1169
282
601
1790
16
816
2387
2859
57
2207
264
1381
1436
780
156
2824
1220
2398
1473
2708
850
1336
2790
370
1079
177
2197
2342
694
2802
886
2683
2509
2610
2629
2911
2818
557
1866
1165
784
544
1501
2489
1021
443
2264
576
2379
563
201
1435
2877
1747
392
1792
2914
5
658
202
2764
2554
949
1786
1793
2783
2171
2872
2221
1974
2422
2908
2146
823
2785
2939
855
2766
2638
382
2183
645
2850
2702
1197
2083
1240
1511
2706
1867
2236
998
1322
1860
2095
2089
2263
174
1902
861
27
1855
1399
1634
2108
924
2401
677
1386
363
1699
1439
2476
647
1426
2568
133
151
2407
1383
1595
229
55
588
1864
762
1776
1916
1806
159
301
348
1946
911
2375
1583
2537
2598
1438
1463
171
2320
2733
831
1157
2502
2414
2639
2656
1246
623
965
2181
697
2015
2595
944
325
1025
1873
735
35
1519
1073
1702
1180
1796
737
1727
1363
2851
2062
2052
2149
1437
2750
2560
2373
744
728
1365
1106
1457
2007
1067
2929
2002
1210
2465
18
1213
2074
707
1225
404
2287
2890
2658
1839
1756
546
2746
1273
250
498
1543
20
1586
2088
2001
470
2165
1990
977
570
129
1915
2393
982
678
2028
1780
2333
2517
69
1380
1961
1937
1144
2636
2843
2433
344
1783
1504
2659
2428
2063
407
1391
2576
2717
219
1635
1001
2928
1801
2546
719
1376
2865
2735
2313
1847
1815
1613
1748
2915
34
157
2217
849
596
1209
2367
1310
1314
1298
2051
479
1608
1000
2464
2283
217
2216
2866
2109
2150
856
1121
2010
409
477
770
945
341
2552
1513
2075
1808
2779
1071
1098
2512
2436
72
441
1242
1913
192
10
403
66
2736
509
797
1599
2714
2889
1290
2631
516
395
772
2064
1885
2087
2685
2120
248
2825
939
2208
2795
1838
269
720
1924
913
11
1741
2544
2535
1648
1277
1076
847
2289
2650
2550
2618
894
2811
1520
1352
2878
1736
1653
329
1607
2418
1988
1154
1629
1190
1667
1068
778
1941
241
832
1959
530
2319
226
1089
2344
2672
1926
1458
802
1982
1685
1833
747
1229
1863
1919
1631
2462
788
2507
1454
1550
2164
1368
1
38
1102
1574
813
2099
56
1909
2549
424
1882
2288
374
2427
1548
931
68
1534
384
622
2499
674
122
2302
1333
1580
128
537
2079
2505
206
70
1681
2124
2743
52
1938
305
464
2687
1078
476
1167
1678
2362
47
508
514
2793
2350
2881
101
2772
121
1858
2782
1066
2293
1746
2152
37
2429
2625
2616
1831
1135
1570
1812
1764
1523
654
871
483
334
1751
326
1179
216
595
926
1101
2102
2045
812
2192
1285
1415
824
1123
79
2033
2644
1046
1597
2356
209
2892
709
542
1270
2599
1202
1015
480
1345
627
1465
1824
2012
361
796
1354
1928
1230
2211
1153
415
1477
2308
950
278
50
2347
918
352
1328
2038
2769
1502
2621
2212
2053
1301
550
991
683
1643
2513
117
2710
94
2260
2852
715
1688
1061
423
569
1103
2494
644
2897
507
1053
1382
853
2299
2711
3
2451
1996
330
463
428
2409
1092
207
2419
1844
1562
1091
1861
580
1986
349
358
2640
2202
2154
2310
289
2092
218
1803
2763
2600
1944
670
1193
776
2450
1014
2232
691
2376
2545
2066
1975
152
2058
2883
613
453
2312
336
2662
2863
2887
48
814
1194
611
1317
1410
1095
2678
811
712
120
1922
1779
646
145
1993
1627
664
2330
359
102
2611
1663
854
1318
251
1551
2937
558
2250
679
521
106
327
2447
1047
2691
2715
1816
953
575
2090
768
2389
221
2198
2874
2137
1010
1954
493
1346
2238
1730
1054
2406
1360
1714
2415
864
1020
2832
146
1601
2927
1393
997
515
1977
29
1567
2123
686
1164
1406
1650
2022
2698
607
2113
2158
1659
1999
260
648
1568
1989
2623
980
324
2870
1216
1489
609
1884
524
739
1207
689
295
1888
906
466
2630
1918
140
2446
2682
2204
2792
17
566
232
1615
2245
2514
2483
1722
757
323
1976
0
2594
1261
111
485
1807
390
536
1042
974
475
766
1211
2609
2445
830
795
1461
2258
568
2885
2305
1934
2559
996
75
605
2382
1176
526
165
846
2080
188
927
257
386
1731
2295
166
561
340
1152
1127
108
2578
1710
2574
1113
1536
2438
892
19
131
2697
1704
2758
436
2797
2346
2919
1983
2557
2657
2277
799
316
2803
2593
1499
1403
1137
2622
2132
255
2168
2842
2136
1159
335
1226
517
1099
2008
379
2381
2734
125
1486
452
1585
1964
2186
2487
2686
2163
1609
2084
981
838
84
2096
1920
967
2430
410
1356
2907
367
801
193
769
1491
881
2582
2237
806
1656
1200
2160
1163
1475
1300
525
1721
2118
2884
556
2321
1185
210
1797
2856
393
898
1925
360
397
377
940
366
2411
2269
2013
2879
455
2816
1359
2359
2017
353
2195
1739
893
1266
107
519
1600
375
1257
1050
2121
2666
1760
932
1219
162
1840
1431
478
1208
437
2627
763
1065
1396
2048
655
1059
1017
489
2723
2700
447
1680
528
2307
134
625
347
1182
829
2712
961
907
2279
208
590
80
1413
2439
1018
2822
2424
1795
97
2745
2423
1385
779
2421
158
2577
2042
2065
2178
883
1557
433
198
1305
706
1364
227
1642
2219
2732
1148
1253
2774
650
2591
1771
1905
1313
167
2046
2360
1255
1826
1960
2076
1825
308
705
545
958
60
199
2903
1649
2284
740
1008
1881
413
947
2444
1962
1856
777
2581
1868
1800
827
2385
89
1652
2224
804
653
608
307
1480
1842
1425
1370
2155
743
725
1524
2730
2748
2357
2189
2272
2480
1201
2796
755
993
1271
1296
798
170
2247
845
2413
244
2194
651
717
1834
1606
666
1464
535
422
242
1151
2325
2759
1956
2115
1081
692
1772
2383
2478
1446
2057
1753
749
2282
869
311
1743
1694
593
2316
2493
2304
2187
271
2388
1821
1161
614
738
837
2259
1110
2024
1622
2633
2496
1375
394
756
565
693
698
160
2463
1009
2322
4
687
513
2895
1927
2059
2526
1509
2453
1737
2200
1196
213
1479
2776
1654
1906
2738
1488
962
2145
2767
1541
822
1248
2142
1836
2506
1644
1811
882
1453
183
1994
771
1241
2396
2632
2170
815
2351
2649
190
163
1325
1238
2729
1880
1581
1963
2606
81
2564
984
986
2242
1854
1777
1672
637
1559
1309
1147
826
92
1700
1893
560
1265
1378
2760
2556
2628
1549
741
2814
1526
2141
2827
2531
988
1162
1086
2060
2573
1228
518
426
1233
2486
1496
682
1374
1781
2655
2653
1172
54
1791
83
291
2280
2405
1623
2847
2848
541
346
1329
534
1032
1692
2271
77
396
235
1232
2435
1173
223
1469
1903
2265
42
681
599
937
865
1141
240
1829
538
1408
276
2106
205
91
1953
1878
1254
2161
1122
440
1005
1398
2637
1388
952
343
2742
1058
2670
2326
1443
354
2332
1424
2580
1798
696
2799
2144
1705
2228
220
2009
649
2093
460
113
2566
2125
1204
2193
1525
908
942
2664
1483
1542
730
2456
1456
638
1324
270
449
1203
14
2605
2162
872
1097
578
1749
1673
2565
1351
2466
456
2491
2800
914
2394
619
2050
2651
2461
2182
2135
1896
256
272
1596
1957
1785
888
1686
1040
1917
1987
2244
1366
2756
2876
1932
2654
2131
228
2254
2105
499
930
1450
969
1775
2159
2458
793
857
473
1558
1361
96
1215
1951
1969
2693
365
716
491
2567
1980
2596
234
1886
298
176
2635
909
36
1560
1168
1931
61
2938
1278
2558
2871
1971
633
1297
2275
112
268
1588
15
1590
1234
819
1495
2757
2530
312
2031
2503
1637
2380
2039
1080
364
2166
1189
2676
2143
990
372
2112
1952
1400
154
126
1260
584
2667
1745
2727
731
2241
1670
1493
2206
1638
1251
2014
2003
1468
1319
862
866
2179
2586
2032
630
391
1448
1367
1947
438
1090
405
1695
2839
1342
494
1921
1603
2840
2130
2234
1037
1505
2547
506
2078
1773
2018
1104
1514
2896
1315
978
1569
2888
895
1258
215
2553
663
1405
1948
1945
1036
2525
1709
2891
2924
742
2823
960
620
82
2778
169
127
2361
1582
618
503
322
1651
821
2703
1943
2364
99
1828
1636
1326
2516
1616
966
448
2777
579
1497
1740
468
2005
2101
1070
2922
1942
2049
1887
833
2688
2713
657
1965
1303
2485
1236
2548
1444
100
2498
1734
2931
263
992
1239
98
671
858
306
376
1632
1414
265
2449
2798
667
1851
454
261
332
1259
523
2175
1237
1809
1689
1655
2315
2857
803
2608
2532
1490
1045
1027
28
2747
2875
2345
2167
67
612
1474
1507
1738
115
1556
1675
1914
708
1338
956
603
1275
2744
2853
194
2251
972
1276
2191
253
425
1195
1822
279
745
2873
1683
585
555
86
1430
2452

