1 1
2 0
3 0
4 1
5 1
6 0
7 0
8 1
9 1
10 0
11 0
12 1
13 1
14 0
15 1
16 0
17 0
18 0
19 1
20 1
21 1
22 0
23 0
24 0
25 0
26 1
27 0
28 1
29 1
30 0
31 1
32 0
33 1
34 0
35 0
36 1
37 1
38 0
39 1
40 0
41 1
42 0
43 1
44 1
45 0
46 0
47 0
48 1
49 1
50 0
51 0
52 1
53 1
54 1
55 0
56 1
57 1
58 0
59 1
60 1
61 0
62 0
63 1
64 0
65 0
66 0
67 1
68 1
69 0
70 1
71 0
72 0
73 0
74 0
75 1
76 0
77 0
78 1
79 1
80 0
81 0
82 0
83 1
84 1
85 0
86 0
87 0
88 1
89 0
90 0
91 0
92 1
93 0
94 1
95 0
96 0
97 1
98 0
99 0
100 0
101 0
102 0
103 0
104 1
105 1
106 1
107 0
108 1
109 1
110 0
111 0
112 1
113 1
114 0
115 0
116 1
117 0
118 1
119 0
120 1
121 1
122 0
123 1
124 1
125 1
126 1
127 1
128 1
129 0
130 0
131 1
132 0
133 0
134 0
135 0
136 1
137 0
138 0
139 1
140 0
141 0
142 0
143 0
144 1
145 0
146 1
147 0
148 1
149 0
150 0
151 1
152 0
153 0
154 1
155 0
156 1
157 0
158 1
159 1
160 0
161 1
162 1
163 0
164 0
165 1
166 0
167 0
168 0
169 0
170 1
171 0
172 1
173 1
174 1
175 1
176 0
177 0
178 0
179 1
180 1
181 1
182 1
183 1
184 0
185 1
186 0
187 1
188 0
189 1
190 0
191 0
192 1
193 1
194 1
195 1
196 1
197 1
198 1
199 1
200 0
201 1
202 0
203 1
204 0
205 0
206 0
207 0
208 1
209 0
210 0
211 1
212 0
213 0
214 0
215 1
216 0
217 1
218 0
219 0
220 1
221 1
222 0
223 0
224 1
225 1
226 0
227 1
228 1
229 0
230 0
231 0
232 1
233 0
234 0
235 1
236 0
237 1
238 1
239 1
240 1
241 1
242 1
243 0
244 0
245 0
246 0
247 1
248 1
249 0
250 1
251 0
252 0
253 1
254 1
255 0
256 0
257 1
258 1
259 0
260 0
261 1
262 0
263 0
264 1
265 0
266 0
267 1
268 1
269 1
270 0
271 1
272 1
273 0
274 0
275 1
276 0
277 0
278 1
279 0
280 0
281 1
282 1
283 0
284 1
285 1
286 0
287 1
288 1
289 1
290 1
291 1
292 1
293 0
294 0
295 1
296 0
297 1
298 1
299 0
300 1
301 0
302 0
303 1
304 1
305 1
306 0
307 1
308 0
309 0
310 0
311 0
312 0
313 0
314 0
315 1
316 0
317 1
318 1
319 1
320 0
321 1
322 0
323 1
324 1
325 1
326 0
327 0
328 0
329 1
330 0
331 1
332 0
333 0
334 1
335 1
336 0
337 1
338 0
339 1
340 0
341 1
342 1
343 0
344 1
345 0
346 1
347 0
348 0
349 0
350 1
351 1
352 0
353 1
354 0
355 0
356 1
357 1
358 0
359 0
360 0
361 0
362 0
363 1
364 0
365 1
366 0
367 0
368 0
369 1
370 1
371 1
372 1
373 0
374 0
375 1
376 0
377 1
378 1
379 0
380 0
381 1
382 1
383 0
384 1
385 0
386 0
387 1
388 1
389 1
390 0
391 1
392 1
393 0
394 1
395 1
396 0
397 1
398 0
399 0
400 0
401 1
402 0
403 0
404 1
405 1
406 0
407 0
408 0
409 1
410 0
411 0
412 0
413 1
414 1
415 1
416 0
417 1
418 1
419 0
420 1
421 0
422 0
423 1
424 0
425 1
426 1
427 1
428 1
429 0
430 1
431 0
432 1
433 1
434 0
435 0
436 1
437 1
438 1
439 0
440 0
441 1
442 1
443 1
444 1
445 1
446 0
447 0
448 0
449 0
450 1
451 0
452 1
453 0
454 0
455 1
456 0
457 1
458 0
459 1
460 0
461 1
462 0
463 0
464 1
465 1
466 0
467 1
468 0
469 1
470 1
471 0
472 0
473 1
474 1
475 0
476 1
477 0
478 0
479 0
480 1
481 0
482 0
483 1
484 1
485 0
486 0
487 1
488 0
489 1
490 0
491 0
492 1
493 1
494 0
495 1
496 1
497 1
498 0
499 0
500 1
501 0
502 0
503 1
504 0
505 1
506 0
507 1
508 0
509 1
510 1
511 0
512 1
513 1
514 1
515 1
516 1
517 0
518 0
519 0
520 1
521 0
522 1
523 0
524 0
525 0
526 1
527 0
528 1
529 0
530 0
531 0
532 0
533 1
534 1
535 0
536 0
537 0
538 0
539 1
540 1
541 0
542 1
543 0
544 1
545 1
546 1
547 0
548 1
549 0
550 1
551 1
552 0
553 0
554 0
555 0
556 0
557 1
558 1
559 0
560 1
561 0
562 0
563 0
564 1
565 0
566 0
567 1
568 0
569 0
570 1
571 0
572 1
573 0
574 0
575 1
576 1
577 0
578 1
579 1
580 1
581 0
582 0
583 0
584 0
585 0
586 0
587 1
588 0
589 0
590 0
591 0
592 1
593 0
594 1
595 0
596 1
597 0
598 0
599 0
600 0
601 0
602 0
603 0
604 0
605 0
606 1
607 0
608 0
609 1
610 0
611 1
612 0
613 1
614 0
615 1
616 0
617 1
618 0
619 0
620 1
621 0
622 0
623 0
624 1
625 1
626 0
627 0
628 0
629 1
630 1
631 0
632 1
633 1
634 0
635 1
636 0
637 0
638 0
639 1
640 1
641 1
642 0
643 1
644 0
645 1
646 0
647 0
648 1
649 1
650 0
651 0
652 0
653 0
654 1
655 1
656 1
657 0
658 0
659 0
660 0
661 1
662 0
663 0
664 1
665 0
666 1
667 0
668 0
669 1
670 0
671 0
672 1
673 0
674 1
675 1
676 0
677 1
678 1
679 1
680 0
681 1
682 1
683 0
684 1
685 0
686 1
687 0
688 1
689 1
690 0
691 0
692 1
693 0
694 1
695 0
696 0
697 0
698 0
699 0
700 0
701 0
702 1
703 1
704 0
705 0
706 0
707 0
708 0
709 0
710 0
711 1
712 0
713 1
714 1
715 0
716 0
717 1
718 0
719 0
720 1
721 0
722 1
723 1
724 0
725 0
726 0
727 1
728 1
729 1
730 1
731 0
732 0
733 1
734 1
735 1
736 1
737 1
738 1
739 0
740 0
741 1
742 0
743 0
744 1
745 0
746 1
747 0
748 0
749 1
750 1
751 0
752 1
753 0
754 0
755 0
756 0
757 0
758 1
759 0
760 0
761 0
762 1
763 1
764 0
765 0
766 0
767 0
768 0
769 1
770 0
771 0
772 1
773 0
774 0
775 0
776 1
777 0
778 0
779 1
780 0
781 0
782 0
783 1
784 0
785 1
786 0
787 1
788 1
789 1
790 0
791 1
792 0
793 1
794 0
795 1
796 0
797 1
798 1
799 1
800 1
801 1
802 0
803 1
804 1
805 0
806 1
807 0
808 0
809 1
810 0
811 1
812 0
813 0
814 0
815 0
816 0
817 1
818 0
819 1
820 1
821 0
822 1
823 1
824 1
825 1
826 1
827 0
828 0
829 1
830 1
831 0
832 0
833 1
834 1
835 0
836 0
837 0
838 0
839 0
840 1
841 1
842 0
843 0
844 1
845 0
846 0
847 1
848 0
849 1
850 0
851 1
852 0
853 0
854 1
855 0
856 0
857 1
858 1
859 1
860 0
861 0
862 0
863 1
864 0
865 1
866 0
867 1
868 1
869 0
870 0
871 1
872 0
873 0
874 1
875 0
876 1
877 0
878 1
879 0
880 1
881 0
882 1
883 1
884 0
885 1
886 0
887 0
888 0
889 0
890 1
891 0
892 1
893 0
894 1
895 0
896 1
897 0
898 1
899 0
900 1
901 0
902 1
903 0
904 1
905 1
906 0
907 0
908 1
909 0
910 1
911 0
912 0
913 0
914 0
915 0
916 1
917 0
918 1
919 0
920 1
921 1
922 0
923 0
924 0
925 1
926 0
927 1
928 0
929 1
930 0
931 0
932 1
933 0
934 0
935 0
936 1
937 1
938 1
939 1
940 1
941 1
942 1
943 1
944 0
945 1
946 1
947 1
948 1
949 0
950 1
951 0
952 0
953 1
954 0
955 0
956 0
957 0
958 1
959 1
960 1
961 0
962 1
963 1
964 0
965 0
966 1
967 1
968 0
969 1
970 1
971 1
972 0
973 0
974 0
975 1
976 0
977 0
978 1
979 0
980 1
981 1
982 1
983 0
984 1
985 1
986 0
987 1
988 1
989 0
990 1
991 0
992 0
993 1
994 0
995 0
996 1
997 1
998 0
999 0
1000 0
1001 1
1002 1
1003 0
1004 1
1005 0
1006 0
1007 0
1008 0
1009 0
1010 1
1011 1
1012 0
1013 1
1014 1
1015 0
1016 1
1017 0
1018 0
1019 1
1020 0
1021 0
1022 0
1023 0
1024 0
1025 0
1026 1
1027 1
1028 1
1029 0
1030 1
1031 1
1032 1
1033 1
1034 1
1035 0
1036 0
1037 1
1038 0
1039 1
1040 0
1041 1
1042 0
1043 0
1044 0
1045 0
1046 0
1047 0
1048 1
1049 0
1050 0
1051 1
1052 0
1053 0
1054 1
1055 0
1056 0
1057 1
1058 1
1059 1
1060 0
1061 0
1062 0
1063 1
1064 0
1065 1
1066 0
1067 1
1068 1
1069 0
1070 0
1071 1
1072 0
1073 1
1074 0
1075 1
1076 1
1077 0
1078 0
1079 0
1080 0
1081 1
1082 1
1083 1
1084 0
1085 0
1086 1
1087 0
1088 1
1089 0
1090 1
1091 1
1092 0
1093 0
1094 1
1095 0
1096 1
1097 0
1098 1
1099 0
1100 0
1101 1
1102 1
1103 1
1104 0
1105 1
1106 0
1107 0
1108 1
1109 1
1110 1
1111 1
1112 0
1113 1
1114 1
1115 1
1116 1
1117 0
1118 1
1119 1
1120 0
1121 1
1122 0
1123 0
1124 1
1125 1
1126 0
1127 1
1128 0
1129 1
1130 0
1131 1
1132 1
1133 1
1134 0
1135 1
1136 0
1137 0
1138 0
1139 0
1140 0
1141 1
1142 0
1143 0
1144 1
1145 0
1146 0
1147 1
1148 1
1149 1
1150 0
1151 0
1152 1
1153 1
1154 0
1155 0
1156 0
1157 1
1158 1
1159 1
1160 0
1161 0
1162 1
1163 1
1164 0
1165 0
1166 1
1167 0
1168 1
1169 1
1170 1
1171 0
1172 0
1173 1
1174 1
1175 1
1176 1
1177 1
1178 0
1179 0
1180 1
1181 0
1182 0
1183 1
1184 1
1185 0
1186 1
1187 0
1188 1
1189 1
1190 0
1191 0
1192 0
1193 1
1194 0
1195 1
1196 0
1197 0
1198 0
1199 1
1200 0
1201 0
1202 0
1203 0
1204 1
1205 0
1206 0
1207 1
1208 0
1209 0
1210 1
1211 0
1212 1
1213 1
1214 0
1215 0
1216 1
1217 0
1218 0
1219 1
1220 1
1221 0
1222 0
1223 0
1224 0
1225 1
1226 1
1227 0
1228 0
1229 1
1230 0
1231 1
1232 0
1233 0
1234 1
1235 0
1236 1
1237 1
1238 0
1239 1
1240 0
1241 0
1242 0
1243 0
1244 1
1245 1
1246 0
1247 0
1248 0
1249 0
1250 0
1251 0
1252 1
1253 1
1254 1
1255 0
1256 1
1257 1
1258 1
1259 1
1260 0
1261 1
1262 0
1263 0
1264 1
1265 1
1266 0
1267 0
1268 1
1269 0
1270 1
1271 1
1272 0
1273 0
1274 0
1275 1
1276 0
1277 1
1278 0
1279 1
1280 1
1281 0
1282 0
1283 0
1284 0
1285 0
1286 1
1287 0
1288 1
1289 0
1290 1
1291 0
1292 1
1293 0
1294 0
1295 1
1296 0
1297 1
1298 0
1299 0
1300 0
1301 1
1302 1
1303 0
1304 0
1305 0
1306 1
1307 0
1308 1
1309 0
1310 1
1311 0
1312 0
1313 0
1314 0
1315 0
1316 1
1317 0
1318 1
1319 0
1320 1
1321 0
1322 1
1323 0
1324 1
1325 0
1326 1
1327 0
1328 1
1329 0
1330 1
1331 1
1332 1
1333 1
1334 1
1335 1
1336 1
1337 0
1338 0
1339 1
1340 0
1341 1
1342 1
1343 1
1344 1
1345 0
1346 1
1347 0
1348 0
1349 1
1350 1
1351 0
1352 0
1353 1
1354 1
1355 0
1356 1
1357 1
1358 0
1359 1
1360 0
1361 1
1362 1
1363 1
1364 0
1365 0
1366 0
1367 0
1368 1
1369 1
1370 0
1371 0
1372 0
1373 1
1374 0
1375 1
1376 0
1377 0
1378 0
1379 1
1380 0
1381 1
1382 0
1383 1
1384 1
1385 1
1386 0
1387 0
1388 0
1389 0
1390 0
1391 0
1392 0
1393 1
1394 1
1395 0
1396 1
1397 1
1398 1
1399 0
1400 0
1401 1
1402 0
1403 1
1404 1
1405 1
1406 1
1407 0
1408 1
1409 0
1410 0
1411 0
1412 1
1413 0
1414 0
1415 0
1416 0
1417 1
1418 0
1419 1
1420 1
1421 1
1422 1
1423 0
1424 1
1425 0
1426 1
1427 0
1428 0
1429 1
1430 1
1431 0
1432 0
1433 1
1434 0
1435 0
1436 1
1437 0
1438 1
1439 0
1440 0
1441 0
1442 1
1443 1
1444 0
1445 1
1446 0
1447 0
1448 0
1449 1
1450 0
1451 0
1452 1
1453 0
1454 1
1455 0
1456 0
1457 1
1458 1
1459 0
1460 1
1461 0
1462 1
1463 0
1464 1
1465 1
1466 0
1467 0
1468 0
1469 1
1470 0
1471 1
