1026
1845
1271
152
790
1609
568
1897
592
587
2431
207
1823
629
678
194
230
946
155
2922
879
112
472
1766
1410
1184
1537
2211
2708
2744
57
785
2471
1411
1220
206
2111
220
1158
2336
1016
2610
1393
114
2747
2648
2912
1172
775
2787
1931
1478
2331
1076
2246
621
446
2814
2313
1567
881
1761
373
2395
1637
706
315
344
2738
80
1281
1070
1875
1938
654
2166
2785
2432
455
1688
1967
2646
1633
1482
960
1237
1355
502
1288
238
1842
2093
611
1863
1038
405
416
2832
88
370
1289
1818
1370
1678
27
1600
589
1203
529
1339
2622
87
653
1569
2122
166
1351
2687
899
803
279
491
2172
849
1570
777
1734
2807
2416
2776
1666
2654
294
2380
2780
1462
1465
1554
302
2322
682
2351
2798
687
1126
1005
2134
1989
626
1394
183
1571
2175
1407
577
2455
593
2866
792
1624
128
1452
1464
1619
2374
1213
2121
2356
1976
1956
1065
1349
2120
2612
1718
1727
2754
527
1865
148
2462
2158
1804
995
923
697
19
1966
1756
2580
2355
2488
513
7
1810
2847
661
474
573
1780
1634
2028
2203
1685
913
2537
1225
244
1971
2304
2855
2542
1262
2684
1231
1136
1395
1109
663
966
40
1596
484
561
1721
1027
2826
2868
2698
2229
440
1791
510
133
1847
269
745
1014
1555
2072
1328
203
1504
965
1654
2375
1520
1997
2501
641
163
2429
2425
1098
944
2790
2891
968
2451
853
2627
2151
1275
2493
141
1636
1276
1586
1459
195
580
1948
2605
1333
1304
1513
2222
2496
1483
2862
1521
2876
97
226
1133
2510
1663
2871
2588
186
2066
2824
1396
349
746
1087
2927
600
2703
989
2233
1323
933
2405
1655
232
360
102
2115
1648
795
2771
2312
1088
379
905
2661
780
2404
2812
2098
444
2741
210
2545
955
2700
2267
2593
2140
1033
86
754
410
1224
1843
2656
1116
1532
200
1114
2177
639
357
2025
466
204
1258
1768
1849
765
781
159
584
470
1760
742
2329
1565
518
712
2131
624
2755
2244
2939
1539
2815
1694
767
1216
2401
1825
2453
2445
1561
154
2338
2297
1962
1142
126
2477
2530
129
733
1861
1186
320
1148
1472
2702
1022
487
512
2273
2206
1998
205
2859
123
1091
149
390
301
1957
2345
336
1830
2794
1658
1190
151
9
115
842
2000
134
2649
1000
1140
2298
2842
321
826
2878
841
2722
1556
1836
854
1797
1692
1860
1045
711
67
1708
957
1796
2881
2591
1280
2906
60
1170
1047
2364
699
1246
1198
1918
2277
1130
1496
71
1086
464
2598
362
2024
726
1326
2096
1299
192
2692
845
2694
452
594
871
2235
1497
1442
1574
342
2889
473
2292
1181
1157
1673
2126
867
2918
2561
2384
2660
140
93
2216
894
245
209
2209
28
1068
1460
1788
531
85
802
1573
809
2310
2525
2609
2539
576
2078
708
375
514
1357
1089
1889
2933
1578
1007
2339
988
668
614
1021
2737
498
1765
2074
2058
827
868
333
839
1034
1165
707
1651
1854
2057
495
2108
1183
2092
2106
915
2256
2187
903
1700
2315
1838
420
2711
1627
762
278
1146
1572
32
1253
1135
1261
2704
172
1205
397
1380
1622
1150
2450
2238
1180
1503
75
667
2569
365
730
2696
918
1244
1699
421
1831
1479
880
2186
1278
612
862
543
430
2483
482
2367
184
1108
1283
1928
1725
2468
2397
2051
2393
1242
2403
2287
293
1226
2396
1914
2903
980
2816
2146
992
167
2043
800
2077
1011
1661
476
1921
2783
2597
1883
1944
1221
1949
1681
1120
1535
158
1720
2334
1974
1125
662
1471
345
2196
524
72
347
617
1095
288
1937
532
2888
1629
991
1811
1085
2249
2882
677
985
187
400
198
567
242
479
535
557
403
235
1049
2774
284
55
1176
1124
255
791
2030
1385
1922
878
838
566
2285
1505
998
1943
1274
371
832
1273
2275
435
2412
2473
564
2600
146
974
1840
824
511
147
2572
2822
44
1067
607
520
1057
2064
312
822
1710
343
2349
2686
1995
888
2420
1512
266
1769
685
2498
2928
806
858
160
1553
2427
1438
2255
631
752
2926
835
937
1267
2141
1546
1110
1533
2644
2039
823
1223
622
173
562
2398
2378
2407
1458
1009
1010
799
2048
2565
1590
1413
2259
734
2301
2804
2910
2293
2846
247
2759
2129
606
1006
1649
257
851
2485
1800
2841
156
1377
401
2094
804
1403
2003
2174
2361
287
1303
2830
1249
538
2335
887
579
1149
1993
844
248
489
2827
2808
1604
2200
1162
459
1866
127
1368
1177
895
1106
1037
2579
1898
2732
2153
1050
1695
368
364
925
1032
1900
2368
2850
874
1968
1193
1422
1141
34
1174
2063
1209
2587
1284
497
2344
1540
2938
1318
1759
2475
2863
1196
111
898
2839
1122
153
2184
993
778
1754
549
2509
1467
2602
1664
886
793
1139
1660
1772
1631
2181
2775
3
2691
1075
1490
783
1930
481
1314
1473
1164
1257
1588
1185
1285
2932
252
276
2062
483
1111
1936
1806
1920
932
2518
1063
1071
1029
2853
1445
2801
2318
2576
494
2900
1347
264
1448
2653
1119
2470
1492
77
2792
2309
971
2517
1020
773
380
2641
1341
0
972
74
423
1713
2430
2838
2168
716
638
1522
2636
73
354
1794
2239
113
1850
2415
81
461
2359
450
1640
1679
2802
2414
1706
771
1345
35
692
2411
1598
1644
2319
1488
873
664
814
1885
1929
399
2584
1904
540
1166
1726
442
1731
642
1893
1916
419
1175
31
530
2136
2917
892
1826
13
1084
2508
412
1455
1138
273
855
640
2664
413
680
883
1324
2195
2685
2914
1415
1841
2117
1054
2554
1072
2848
468
1564
376
2290
2668
1079
2330
2251
1378
1263
2817
2931
2765
847
2159
1218
2729
265
438
2205
37
2434
1867
776
1822
1401
212
2269
2604
2421
2751
338
705
1101
1960
1892
2796
2520
2041
749
2204
189
1061
1449
1436
1643
1354
1704
1024
534
1703
1036
1173
24
1807
2563
739
2674
2513
1735
1529
2417
1610
506
1674
2845
1361
1536
2163
504
2449
630
1576
92
237
70
241
2934
870
2890
1738
2640
63
1773
1757
2439
691
1129
68
1031
1785
659
2678
2559
1607
2460
647
2279
1375
1388
1621
977
1809
1749
2100
948
2389
428
2079
1650
2212
2006
175
2557
2055
277
221
1603
1230
1211
350
2463
2091
900
2113
1608
2930
132
1201
2659
2047
684
1671
251
548
1337
1740
1517
272
1363
1777
1060
2224
2635
2560
2861
1105
393
2167
2789
2053
2013
2596
1783
1235
843
648
1501
101
1792
1848
1676
2016
1420
636
1901
2217
1568
817
2723
1698
877
954
1121
2037
2299
1348
2895
48
669
2399
475
91
2752
2705
1581
741
2138
1782
2185
2481
388
1593
2428
2042
339
812
1392
698
1975
693
1846
643
515
2663
917
2223
1646
1477
1398
485
652
2713
2875
2632
1200
2919
1817
46
1872
395
280
1296
106
559
1440
1182
2717
602
2083
1951
1895
335
1669
135
2671
637
619
633
1868
2688
2734
2189
848
1739
2606
1728
1550
2021
2198
2341
2300
2507
2592
1579
1052
2317
1741
2514
2373
902
1996
1143
2865
1913
4
537
796
1058
445
1329
236
728
2194
1373
547
2887
480
2466
737
1156
2843
490
2237
1541
2777
1461
1755
1542
107
2528
1035
2583
1907
1864
1803
366
2150
1383
310
130
2089
2857
1466
1481
541
982
2650
2533
1789
260
2902
2147
2391
1012
546
2419
1641
1290
2059
1879
2540
2556
1954
1978
2575
1279
2806
1155
1360
2800
2018
2920
2490
1083
1705
1959
2426
2155
1256
1538
51
1287
2220
2105
2701
2343
176
493
2137
1117
1980
1469
700
816
2643
2099
467
1878
1613
904
1090
657
517
2060
169
1805
38
2438
551
2936
859
507
143
811
1359
1583
2228
2548
1305
2054
2288
2864
2655
2909
813
1707
620
1335
2879
1829
1923
2294
144
1093
1229
337
1722
43
2562
408
1551
1298
930
1151
2570
2677
95
1145
686
2366
2230
885
2381
723
1932
1132
755
2019
2033
860
1808
2495
820
1616
857
2546
2683
590
2854
2753
2376
2012
2218
2574
2486
1853
1677
578
1343
516
318
108
1870
96
2311
1530
305
2031
2526
1409
2443
2283
296
418
2883
53
1787
1983
2090
2128
496
565
352
786
1152
2387
275
1266
2531
1295
1317
2748
1228
732
1494
145
2757
2820
2017
17
2695
690
2886
949
52
2892
2469
1118
457
1912
2472
927
396
1243
1475
952
984
1855
1594
1219
1981
1987
2388
1082
443
211
1474
2578
308
1316
1179
911
404
1524
104
300
295
601
1325
2940
2081
978
983
2272
2193
1575
2504
1456
863
23
164
25
1908
139
875
797
250
1946
2441
98
2516
2616
463
78
646
598
751
2552
1446
544
66
2503
2535
521
2769
1215
253
262
1712
216
2581
2171
1597
2908
386
1202
864
1815
1896
1751
1736
1144
766
2621
1915
1543
1480
805
426
1293
326
2118
2390
458
2884
1618
1623
1444
1309
1327
1307
613
2567
1147
2459
1577
2478
2371
555
99
392
1470
1862
681
973
1023
36
1417
656
2302
1096
500
2681
2282
519
2673
2840
2458
718
2811
526
1008
1729
121
2010
282
2633
2499
1813
377
239
1042
1812
2555
2693
744
1881
243
1970
2768
41
2608
1547
618
1336
556
959
2465
1934
1134
588
1251
1310
748
124
1019
2447
947
217
1626
385
1107
665
720
477
2162
2788
2270
1515
1292
2773
1248
348
2586
254
523
2652
323
165
2778
2779
2358
1441
1484
331
1487
2180
1684
627
2173
47
2324
174
2026
2666
2002
969
2049
2707
407
2813
1657
1982
1979
1779
109
674
2406
118
436
2867
1965
2937
1081
1269
2849
1074
2284
432
2248
2226
2144
1168
454
2262
1518
1404
2524
103
1265
2543
110
208
1450
2103
1737
599
1687
2582
2456
190
1272
1342
2142
2068
1508
2132
1647
926
840
2326
258
1828
651
372
2402
2052
2413
645
865
64
1801
1453
1264
2639
29
753
694
2733
1884
2710
65
1715
119
539
634
695
2799
2023
2266
1100
2182
2901
2156
833
2941
2589
1877
672
941
1002
1254
2921
1844
227
591
975
779
460
2448
615
1953
533
1890
2342
861
2558
1308
1397
1053
2257
234
1888
1743
2320
1427
162
1869
2444
750
1419
2607
2658
2457
231
1352
1680
182
997
994
907
825
1300
2056
2213
1051
1502
1730
1112
1905
1092
2594
2877
1408
1874
2697
2191
1330
1163
285
1941
670
1055
1958
434
1425
2665
2260
117
1834
2869
1495
2519
2176
1992
170
1511
819
387
2500
1851
2935
743
1638
378
1702
1400
935
942
1137
100
2631
2764
1414
2662
1977
1775
2422
1919
30
1906
1463
719
2860
2709
1040
597
808
788
2484
2242
1247
2268
2306
798
2897
852
660
171
197
1161
2724
2714
2170
836
1332
456
2479
2923
2494
398
596
575
2333
2424
2149
1491
185
1418
202
2075
2679
2088
2161
2487
953
2197
356
1217
2433
550
2207
1886
2617
1443
2924
2070
1306
1210
688
2601
2571
1282
2550
2638
2007
951
2476
389
2726
1041
2716
26
406
623
2885
298
1371
909
1232
1911
2834
2829
890
2208
2719
727
729
82
1094
168
1653
89
2730
2761
1433
2252
199
2035
2809
981
914
1528
869
2489
1549
2020
1723
2101
1356
604
1880
334
794
1744
2657
979
896
2603
1525
1659
581
2067
2899
427
2087
56
1635
999
1527
595
2699
2086
1620
1584
2337
1311
1548
605
2014
449
290
1611
2085
363
367
964
1204
934
62
2728
1169
1250
1764
1558
1486
451
177
666
1048
747
1820
2904
1104
2383
411
2823
1732
1545
683
2423
702
1270
179
369
1439
340
801
1973
240
1693
2619
503
2369
912
1384
2762
509
1097
1784
931
1206
1945
1589
2858
219
1405
542
330
2795
2492
1819
1595
2614
283
306
1
2165
2502
769
218
1099
2127
1017
1381
782
429
1406
522
2880
297
1711
569
83
1514
2874
2291
2418
1832
2893
2756
2258
2585
2069
1430
2549
319
1030
2227
2409
2727
570
1153
1910
1972
1424
893
1563
610
834
1457
1364
2766
679
2464
268
462
178
383
1423
831
2721
2254
2541
381
628
986
1188
2289
2133
1793
586
1891
2547
292
1194
1691
725
2354
2225
2243
1786
1821
2385
768
671
770
714
655
2474
1612
1059
1753
2810
2109
1391
425
906
2818
2680
2050
1770
936
271
263
270
1716
191
2303
1630
1365
256
12
1724
1431
447
2573
1752
2281
2613
1835
2316
1066
1745
1665
1719
2689
920
807
1312
90
738
1004
1939
2214
761
94
528
2123
2061
1523
304
1798
2905
2011
2873
1672
465
45
1240
632
1887
1799
2104
157
492
116
2511
2750
1366
676
1733
525
1947
1628
2305
1955
120
1499
1557
1208
2340
341
33
2538
2896
2745
1774
552
1686
1338
2720
735
696
1964
1159
2615
924
2669
1390
1192
2245
1362
1128
1321
313
2325
58
2784
2139
2454
2435
2082
2261
1935
2718
1451
1837
1069
1277
2577
2595
274
1255
1605
2872
1899
2566
2642
499
125
2102
2743
945
2758
1742
2295
2793
2599
259
478
961
2073
1389
1402
585
2805
1399
196
721
417
1191
2135
563
1748
2675
764
715
49
1319
689
2551
14
1871
1498
1856
1412
16
311
150
2152
876
267
2328
921
2327
709
2410
571
1302
1942
2400
2265
2452
122
789
2236
1714
1432
2065
1950
1963
76
1999
2276
1833
1227
1652
1771
2833
658
6
1544
2667
2676
307
1909
79
901
2898
1485
2199
856
2620
2821
2637
2408
1056
2461
1437
1990
281
553
1369
2036
1762
2647
1795
1839
1639
1689
1986
736
223
956
1426
560
872
1028
787
1044
2831
2911
2004
2870
1859
328
1984
1268
1222
616
136
1642
2712
1350
2856
2178
1018
325
2505
1802
649
2382
1924
2377
2148
361
394
2791
2515
2278
1582
717
2731
1778
1940
731
2529
213
2825
2651
359
2568
1625
2623
2442
1195
2365
22
431
2706
131
2618
1367
2183
1043
316
759
2746
1434
1509
1207
1346
970
441
2497
2786
2084
704
2628
1301
1988
2629
701
1668
625
2296
215
1933
2045
414
910
1587
1690
916
2001
2107
1171
1516
1123
1429
650
2
2332
772
603
2544
39
2739
2645
1127
1531
2715
1552
2781
2071
2253
1500
1717
2240
990
2169
1632
161
1447
2143
644
2929
1985
2521
2015
2357
2770
2725
1476
439
2837
2363
415
2348
437
818
1697
1245
2690
1379
784
2506
2353
1334
2250
536
2308
224
1592
374
2271
815
2767
2029
1781
1602
2736
1857
1187
1241
810
2379
2040
1747
1315
2772
962
1313
2797
1614
309
1238
1212
1001
1925
1015
2611
15
2763
1675
1013
2095
1387
2362
2828
2160
976
967
1113
353
1534
2154
919
2925
1320
1189
409
938
2110
1340
554
1489
448
322
2008
891
908
2553
1372
1902
1064
105
324
249
1374
1331
635
1234
233
2286
486
2360
214
1428
1294
329
963
42
2436
2145
2467
1078
1852
181
1917
1358
713
8
1776
2164
18
193
1750
1103
889
84
2219
1344
501
351
2157
1991
1259
2221
1816
317
1662
2130
424
1080
1606
2392
1167
54
2247
2321
138
2630
2835
1746
2046
222
2263
225
21
1667
2215
2634
2022
950
261
11
69
246
142
2782
1758
10
2522
837
20
2852
332
289
922
1197
939
2372
996
1519
50
1585
2125
1154
1003
1252
2032
1601
673
724
2915
2034
291
2512
2370
2274
1961
1814
2005
2179
757
471
508
2803
61
558
2532
2114
608
2241
940
2231
59
2097
829
1077
2913
1580
2112
1858
1454
1376
2480
1969
1073
2190
1386
2076
2027
2894
188
2346
2192
1701
1291
1416
958
756
303
2670
1382
2735
1827
2819
722
422
2307
1560
582
2044
574
2119
675
391
2437
846
2836
2124
2916
299
2626
1615
1709
882
2394
774
1435
572
1767
314
355
1876
2201
1214
229
180
1297
2749
1926
1882
2264
1894
710
1824
2742
402
760
2682
358
137
1790
327
2446
2323
2347
2009
2280
1421
2232
1131
201
2564
2482
1696
821
1599
1873
346
1233
2907
1353
740
1506
943
2672
583
2202
1682
2350
1994
830
2625
1199
382
1160
2534
433
1115
2740
2590
2234
1322
5
884
703
1102
488
1510
1286
2491
2440
1566
1062
1039
1526
1927
1493
2038
384
897
2210
1763
1952
763
1670
1903
2760
1507
1025
228
866
1260
286
2536
1591
1236
2527
2523
2116
2314
1046
1468
505
828
928
758
987
1562
1656
2624
469
2352
2188
929
2844
453
1683
2851
2080
1178
1617
850
1559
545
2386
609
1239
1645

