1 0
2 1
3 1
4 0
5 0
6 0
7 1
8 0
9 1
10 1
11 0
12 1
13 0
14 1
15 1
16 1
17 0
18 0
19 1
20 1
21 1
22 1
23 1
24 1
25 0
26 0
27 0
28 1
29 0
30 0
31 1
32 0
33 1
34 1
35 1
36 1
37 1
38 1
39 0
40 1
41 0
42 0
43 0
44 1
45 1
46 0
47 1
48 0
49 0
50 0
51 0
52 0
53 0
54 0
55 0
56 1
57 1
58 0
59 1
60 0
61 1
62 0
63 1
64 0
65 0
66 1
67 0
68 1
69 0
70 1
71 0
72 0
73 0
74 0
75 1
76 1
77 0
78 1
79 1
80 0
81 0
82 1
83 0
84 0
85 1
86 0
87 0
88 1
89 1
90 1
91 1
92 1
93 1
94 0
95 0
96 1
97 1
98 1
99 1
100 1
101 1
102 0
103 0
104 0
105 0
106 0
107 1
108 1
109 1
110 1
111 1
112 1
113 1
114 0
115 1
116 0
117 1
118 0
119 0
120 1
121 1
122 1
123 1
124 1
125 0
126 1
127 0
128 0
129 1
130 1
131 1
132 0
133 1
134 0
135 1
136 0
137 1
138 0
139 1
140 0
141 1
142 0
143 0
144 0
145 1
146 0
147 1
148 1
149 1
150 1
151 1
152 0
153 1
154 1
155 1
156 0
157 1
158 0
159 1
160 1
161 1
162 0
163 0
164 1
165 0
166 1
167 0
168 0
169 1
170 0
171 1
172 1
173 1
174 0
175 0
176 0
177 1
178 0
179 1
180 1
181 0
182 0
183 0
184 0
185 1
186 0
187 0
188 1
189 0
190 0
191 0
192 0
193 1
194 1
195 0
196 0
197 1
198 1
199 1
200 0
201 0
202 0
203 0
204 1
205 0
206 1
207 1
208 1
209 1
210 0
211 1
212 0
213 0
214 1
215 0
216 0
217 1
218 0
219 1
220 0
221 1
222 0
223 1
224 1
225 1
226 0
227 0
228 0
229 0
230 0
231 1
232 1
233 1
234 1
235 0
236 1
237 1
238 0
239 1
240 1
241 1
242 1
243 0
244 0
245 0
246 0
247 0
248 0
249 1
250 1
251 1
252 0
253 1
254 1
255 0
256 0
257 0
258 0
259 1
260 1
261 0
262 1
263 0
264 1
265 1
266 0
267 0
268 0
269 0
270 1
271 0
272 0
273 0
274 0
275 1
276 0
277 1
278 0
279 0
280 0
281 1
282 0
283 0
284 1
285 0
286 1
287 0
288 1
289 0
290 1
291 1
292 0
293 1
294 1
295 1
296 0
297 0
298 1
299 0
300 0
301 1
302 1
303 0
304 0
305 0
306 1
307 1
308 0
309 0
310 0
311 1
312 0
313 0
314 1
315 1
316 0
317 0
318 1
319 1
320 1
321 0
322 0
323 1
324 1
325 0
326 0
327 0
328 0
329 0
330 1
331 1
332 1
333 0
334 1
335 0
336 1
337 0
338 0
339 1
340 1
341 1
342 0
343 0
344 1
345 0
346 1
347 1
348 0
349 0
350 0
351 1
352 0
353 1
354 0
355 1
356 0
357 1
358 1
359 0
360 1
361 1
362 0
363 1
364 1
365 0
366 0
367 0
368 0
369 0
370 1
371 0
372 0
373 0
374 0
375 1
376 0
377 1
378 0
379 1
380 0
381 0
382 1
383 1
384 0
385 1
386 1
387 0
388 1
389 0
390 0
391 1
392 0
393 0
394 1
395 1
396 0
397 1
398 0
399 1
400 1
401 0
402 1
403 0
404 1
405 1
406 0
407 1
408 1
409 0
410 0
411 0
412 0
413 1
414 1
415 1
416 1
417 0
418 0
419 0
420 1
421 1
422 0
423 0
424 1
425 0
426 0
427 0
428 0
429 1
430 0
431 1
432 0
433 0
434 0
435 0
436 0
437 1
438 0
439 1
440 0
441 1
442 0
443 1
444 0
445 1
446 1
447 0
448 0
449 1
450 1
451 0
452 0
453 0
454 1
455 1
456 1
457 0
458 0
459 0
460 0
461 1
462 1
463 0
464 1
465 0
466 1
467 0
468 1
469 0
470 1
471 0
472 1
473 1
474 1
475 1
476 0
477 1
478 0
479 0
480 0
481 1
482 1
483 0
484 1
485 1
486 0
487 0
488 1
489 0
490 1
491 1
492 1
493 0
494 1
495 1
496 1
497 0
498 0
499 1
500 0
501 1
502 0
503 1
504 0
505 1
506 0
507 1
508 1
509 1
510 1
511 1
512 1
513 1
514 0
515 0
516 0
517 0
518 0
519 0
520 1
521 1
522 1
523 1
524 0
525 0
526 0
527 1
528 1
529 1
530 1
531 1
532 1
533 1
534 0
535 1
536 0
537 1
538 0
539 1
540 0
541 0
542 1
543 1
544 0
545 0
546 1
547 0
548 1
549 0
550 0
551 0
552 0
553 0
554 0
555 1
556 0
557 1
558 0
559 0
560 0
561 1
562 0
563 1
564 1
565 1
566 0
567 1
568 0
569 0
570 1
571 0
572 1
573 0
574 1
575 1
576 1
577 0
578 1
579 1
580 0
581 1
582 1
583 0
584 1
585 1
586 0
587 1
588 1
589 1
590 1
591 1
592 1
593 1
594 0
595 1
596 0
597 1
598 0
599 0
600 1
601 0
602 0
603 0
604 1
605 0
606 1
607 0
608 1
609 1
610 0
611 1
612 0
613 0
614 1
615 0
616 1
617 1
618 1
619 1
620 1
621 1
622 1
623 0
624 1
625 0
626 0
627 0
628 0
629 1
630 1
631 1
632 0
633 0
634 0
635 1
636 0
637 0
638 0
639 0
640 0
641 1
642 1
643 0
644 0
645 1
646 0
647 1
648 1
649 1
650 0
651 1
652 0
653 0
654 1
655 0
656 1
657 1
658 0
659 0
660 0
661 1
662 1
663 1
664 1
665 1
666 0
667 1
668 1
669 1
670 1
671 0
672 1
673 1
674 0
675 1
676 1
677 0
678 1
679 1
680 1
681 0
682 1
683 1
684 1
685 0
686 0
687 0
688 1
689 0
690 1
691 1
692 0
693 0
694 0
695 0
696 1
697 1
698 1
699 0
700 0
701 1
702 0
703 1
704 0
705 0
706 0
707 0
708 1
709 1
710 0
711 0
712 0
713 1
714 0
715 0
716 0
717 0
718 1
719 0
720 1
721 0
722 0
723 1
724 0
725 0
726 0
727 0
728 0
729 1
730 1
731 0
732 0
733 0
734 1
735 0
736 0
737 1
738 1
739 0
740 0
741 1
742 0
743 0
744 1
745 1
746 1
747 1
748 1
749 1
750 1
751 1
752 1
753 1
754 1
755 1
756 0
757 0
758 0
759 1
760 0
761 0
762 1
763 0
764 0
765 0
766 1
767 1
768 1
769 0
770 0
771 0
772 1
773 1
774 1
775 1
776 1
777 0
778 0
779 0
780 1
781 1
782 0
783 1
784 1
785 1
786 1
787 1
788 0
789 0
790 1
791 1
792 1
793 0
794 1
795 0
796 0
797 1
798 1
799 1
800 0
801 1
802 1
803 1
804 1
805 1
806 1
807 0
808 1
809 0
810 0
811 1
812 0
813 1
814 1
815 0
816 0
817 1
818 1
819 0
820 1
821 0
822 1
823 1
824 1
825 1
826 1
827 0
828 1
829 1
830 0
831 1
832 0
833 0
834 0
835 0
836 1
837 0
838 1
839 1
840 1
841 0
842 1
843 0
844 0
845 0
846 1
847 1
848 0
849 1
850 1
851 0
852 1
853 1
854 1
855 1
856 1
857 0
858 1
859 0
860 0
861 0
862 1
863 0
864 1
865 0
866 0
867 1
868 0
869 1
870 1
871 0
872 1
873 1
874 0
875 0
876 0
877 1
878 0
879 1
880 0
881 0
882 0
883 1
884 0
885 1
886 0
887 0
888 1
889 1
890 0
891 1
892 0
893 1
894 1
895 0
896 0
897 0
898 0
899 0
900 1
901 0
902 0
903 0
904 0
905 1
906 0
907 0
908 1
909 0
910 0
911 0
912 0
913 1
914 0
915 1
916 0
917 1
918 1
919 1
920 1
921 0
922 1
923 1
924 0
925 1
926 1
927 0
928 0
929 1
930 1
931 1
932 1
933 0
934 0
935 1
936 0
937 1
938 1
939 1
940 0
941 1
942 0
943 1
944 0
945 1
946 0
947 1
948 1
949 1
950 0
951 0
952 0
953 0
954 0
955 0
956 0
957 0
958 0
959 1
960 1
961 1
962 0
963 0
964 0
965 1
966 1
967 0
968 0
969 0
970 1
971 1
972 0
973 1
974 0
975 1
976 1
977 0
978 1
979 1
980 1
981 1
982 1
983 0
984 0
985 0
986 0
987 0
988 0
989 1
990 1
991 0
992 1
993 1
994 0
995 1
996 1
997 0
998 0
999 1
1000 0
1001 1
1002 0
1003 1
1004 1
1005 0
1006 0
1007 1
1008 1
1009 0
1010 1
1011 0
1012 1
1013 1
1014 0
1015 0
1016 0
1017 1
1018 1
1019 0
1020 0
1021 1
1022 0
1023 0
1024 1
1025 1
1026 0
1027 1
1028 1
1029 1
1030 1
1031 0
1032 1
1033 0
1034 1
1035 0
1036 1
1037 1
1038 0
1039 0
1040 1
1041 0
1042 1
1043 1
1044 0
1045 1
1046 1
1047 1
1048 0
1049 1
1050 0
1051 0
1052 0
1053 0
1054 1
1055 0
1056 1
1057 0
1058 0
1059 0
1060 0
1061 1
1062 1
1063 0
1064 1
1065 0
1066 1
1067 0
1068 0
1069 0
1070 0
1071 1
1072 0
1073 1
1074 0
1075 1
1076 1
1077 1
1078 0
1079 1
1080 0
1081 1
1082 1
1083 0
1084 1
1085 0
1086 1
1087 1
1088 0
1089 0
1090 1
1091 0
1092 0
1093 0
1094 0
1095 1
1096 1
1097 0
1098 0
1099 0
1100 1
1101 0
1102 0
1103 0
1104 1
1105 0
1106 1
1107 0
1108 0
1109 1
1110 0
1111 0
1112 0
1113 0
1114 0
1115 0
1116 1
1117 0
1118 0
1119 1
1120 1
1121 1
1122 0
1123 1
1124 0
1125 0
1126 1
1127 0
1128 1
1129 0
1130 1
1131 1
1132 1
1133 1
1134 0
1135 1
1136 0
1137 1
1138 1
1139 0
1140 0
1141 1
1142 1
1143 0
1144 0
1145 0
1146 0
1147 1
1148 1
1149 0
1150 1
1151 0
1152 0
1153 0
1154 0
1155 1
1156 0
1157 0
1158 1
1159 1
1160 0
1161 0
1162 1
1163 1
1164 1
1165 0
1166 1
1167 0
1168 1
1169 0
1170 1
1171 1
1172 1
1173 0
1174 1
1175 0
1176 0
1177 0
1178 0
1179 1
1180 1
1181 0
1182 1
1183 1
1184 1
1185 1
1186 1
1187 0
1188 1
1189 1
1190 1
1191 0
1192 1
1193 0
1194 0
1195 0
1196 0
1197 1
1198 0
1199 0
1200 0
1201 1
1202 0
1203 1
1204 0
1205 1
1206 0
1207 0
1208 1
1209 0
1210 1
1211 0
1212 1
1213 1
1214 1
1215 1
1216 1
1217 0
1218 1
1219 1
1220 1
1221 0
1222 1
1223 1
1224 1
1225 0
1226 1
1227 0
1228 1
1229 1
1230 1
1231 1
1232 0
1233 1
1234 0
1235 1
1236 1
1237 0
1238 1
1239 0
1240 1
1241 0
1242 1
1243 0
1244 0
1245 1
1246 0
1247 0
1248 0
1249 1
1250 1
1251 1
1252 1
1253 0
1254 0
1255 1
1256 0
1257 1
1258 0
1259 1
1260 0
1261 1
1262 0
1263 1
1264 1
1265 1
1266 0
1267 0
1268 1
1269 1
1270 1
1271 1
1272 0
1273 1
1274 0
1275 1
1276 1
1277 1
1278 0
1279 0
1280 1
1281 1
1282 0
1283 1
1284 0
1285 1
1286 0
1287 1
1288 0
1289 0
1290 1
1291 1
1292 0
1293 1
1294 1
1295 1
1296 1
1297 1
1298 0
1299 0
1300 0
1301 0
1302 0
1303 0
1304 1
1305 0
1306 1
1307 1
1308 1
1309 0
1310 0
1311 0
1312 0
1313 0
1314 0
1315 0
1316 1
1317 1
1318 0
1319 0
1320 1
1321 1
1322 0
1323 1
1324 1
1325 0
1326 0
1327 0
1328 1
1329 1
1330 0
1331 0
1332 1
1333 0
1334 0
1335 1
1336 1
1337 0
1338 1
1339 0
1340 1
1341 0
1342 1
1343 0
1344 0
1345 0
1346 1
1347 1
1348 0
1349 0
1350 0
1351 0
1352 1
1353 1
1354 1
1355 1
1356 0
1357 0
1358 0
1359 0
1360 0
1361 1
1362 0
1363 0
1364 0
1365 0
1366 1
1367 0
1368 1
1369 1
1370 1
1371 1
1372 0
1373 1
1374 0
1375 1
1376 1
1377 1
1378 1
1379 1
1380 1
1381 0
1382 0
1383 1
1384 0
1385 1
1386 1
1387 1
1388 1
1389 0
1390 1
1391 1
1392 1
1393 1
1394 1
1395 1
1396 1
1397 0
1398 1
1399 1
1400 0
1401 1
1402 1
1403 0
1404 1
1405 1
1406 1
1407 0
1408 1
1409 0
1410 0
1411 0
1412 0
1413 1
1414 1
1415 1
1416 0
1417 0
1418 1
1419 0
1420 0
1421 1
1422 0
1423 0
1424 1
1425 1
1426 0
1427 1
1428 1
1429 1
1430 0
1431 1
1432 1
1433 1
1434 0
1435 1
1436 1
1437 0
1438 1
1439 0
1440 0
1441 0
1442 0
1443 1
1444 0
1445 0
1446 1
1447 1
1448 0
1449 0
1450 1
1451 1
1452 1
1453 1
1454 0
1455 1
1456 0
1457 0
1458 1
1459 0
1460 1
1461 1
1462 1
1463 1
1464 1
1465 0
1466 0
1467 0
1468 1
1469 0
1470 1
1471 1
