1 0
2 1
3 1
4 1
5 0
6 0
7 0
8 1
9 1
10 1
11 0
12 0
13 1
14 1
15 0
16 0
17 1
18 1
19 1
20 1
21 0
22 1
23 1
24 1
25 1
26 0
27 0
28 1
29 1
30 1
31 1
32 1
33 1
34 1
35 1
36 1
37 1
38 1
39 1
40 0
41 1
42 0
43 0
44 0
45 0
46 1
47 0
48 1
49 1
50 0
51 1
52 0
53 0
54 0
55 1
56 0
57 0
58 1
59 0
60 1
61 0
62 0
63 1
64 0
65 0
66 1
67 0
68 1
69 1
70 1
71 0
72 0
73 0
74 0
75 1
76 1
77 0
78 1
79 1
80 0
81 1
82 1
83 0
84 0
85 1
86 0
87 0
88 0
89 1
90 0
91 0
92 1
93 1
94 0
95 1
96 1
97 0
98 0
99 1
100 0
101 0
102 1
103 1
104 1
105 0
106 0
107 1
108 0
109 0
110 0
111 1
112 0
113 1
114 0
115 1
116 0
117 1
118 1
119 1
120 1
121 0
122 1
123 0
124 0
125 1
126 1
127 1
128 0
129 1
130 0
131 0
132 0
133 0
134 1
135 0
136 1
137 0
138 0
139 1
140 1
141 1
142 0
143 0
144 1
145 1
146 0
147 0
148 0
149 0
150 0
151 0
152 1
153 0
154 0
155 1
156 0
157 1
158 1
159 0
160 0
161 1
162 0
163 1
164 0
165 1
166 0
167 0
168 1
169 1
170 1
171 1
172 1
173 1
174 1
175 0
176 1
177 0
178 0
179 1
180 1
181 0
182 0
183 1
184 0
185 0
186 0
187 0
188 0
189 1
190 0
191 0
192 0
193 0
194 1
195 1
196 0
197 0
198 1
199 1
200 0
201 0
202 0
203 0
204 0
205 0
206 1
207 0
208 0
209 1
210 1
211 0
212 1
213 1
214 1
215 1
216 0
217 1
218 1
219 1
220 0
221 0
222 0
223 1
224 1
225 0
226 1
227 0
228 0
229 1
230 1
231 1
232 0
233 0
234 1
235 1
236 1
237 0
238 0
239 1
240 1
241 0
242 0
243 1
244 1
245 1
246 1
247 0
248 0
249 1
250 0
251 1
252 0
253 0
254 1
255 0
256 1
257 1
258 1
259 0
260 0
261 0
262 1
263 1
264 0
265 1
266 0
267 1
268 1
269 0
270 0
271 0
272 0
273 0
274 0
275 1
276 1
277 0
278 0
279 1
280 0
281 0
282 0
283 0
284 0
285 1
286 0
287 1
288 1
289 1
290 0
291 1
292 0
293 0
294 1
295 0
296 0
297 0
298 1
299 1
300 1
301 0
302 1
303 1
304 1
305 0
306 0
307 1
308 0
309 0
310 0
311 1
312 0
313 0
314 0
315 1
316 1
317 0
318 0
319 0
320 1
321 1
322 1
323 0
324 1
325 0
326 0
327 0
328 1
329 1
330 1
331 1
332 0
333 0
334 1
335 0
336 0
337 1
338 1
339 1
340 1
341 1
342 0
343 0
344 0
345 1
346 1
347 0
348 0
349 1
350 0
351 0
352 1
353 1
354 1
355 1
356 0
357 0
358 0
359 0
360 0
361 0
362 1
363 1
364 0
365 1
366 1
367 0
368 1
369 1
370 0
371 0
372 0
373 1
374 1
375 0
376 1
377 1
378 0
379 0
380 1
381 0
382 0
383 0
384 1
385 1
386 0
387 1
388 1
389 0
390 1
391 0
392 0
393 0
394 0
395 1
396 1
397 1
398 0
399 1
400 0
401 0
402 0
403 1
404 1
405 1
406 0
407 0
408 0
409 1
410 1
411 1
412 0
413 1
414 0
415 0
416 0
417 1
418 1
419 1
420 0
421 0
422 0
423 0
424 0
425 1
426 0
427 0
428 1
429 1
430 0
431 1
432 1
433 1
434 0
435 0
436 0
437 1
438 1
439 1
440 0
441 1
442 1
443 0
444 1
445 1
446 0
447 0
448 0
449 1
450 0
451 1
452 0
453 0
454 1
455 0
456 0
457 0
458 1
459 0
460 1
461 0
462 1
463 0
464 0
465 0
466 0
467 0
468 1
469 1
470 0
471 0
472 0
473 1
474 1
475 0
476 1
477 1
478 1
479 1
480 1
481 0
482 1
483 0
484 1
485 0
486 1
487 1
488 1
489 0
490 1
491 0
492 1
493 0
494 1
495 0
496 1
497 1
498 0
499 0
500 0
501 1
502 0
503 1
504 1
505 1
506 1
507 0
508 1
509 1
510 0
511 1
512 0
513 1
514 0
515 1
516 0
517 1
518 0
519 1
520 0
521 1
522 1
523 1
524 1
525 0
526 1
527 0
528 0
529 0
530 0
531 1
532 0
533 1
534 1
535 0
536 1
537 0
538 0
539 1
540 0
541 1
542 1
543 1
544 0
545 0
546 0
547 0
548 1
549 0
550 1
551 1
552 0
553 1
554 1
555 1
556 1
557 1
558 1
559 1
560 1
561 1
562 0
563 0
564 0
565 1
566 0
567 0
568 0
569 0
570 0
571 0
572 0
573 0
574 0
575 1
576 0
577 0
578 1
579 0
580 0
581 0
582 1
583 0
584 0
585 1
586 0
587 1
588 0
589 0
590 0
591 1
592 1
593 1
594 0
595 0
596 1
597 0
598 0
599 0
600 1
601 1
602 1
603 1
604 0
605 1
606 1
607 0
608 0
609 1
610 1
611 1
612 0
613 0
614 0
615 1
616 0
617 0
618 0
619 1
620 0
621 0
622 1
623 1
624 0
625 0
626 0
627 0
628 0
629 1
630 0
631 0
632 0
633 0
634 1
635 0
636 0
637 0
638 0
639 1
640 0
641 0
642 0
643 0
644 1
645 1
646 1
647 1
648 1
649 0
650 1
651 1
652 0
653 0
654 0
655 0
656 1
657 0
658 0
659 1
660 1
661 0
662 0
663 0
664 1
665 0
666 1
667 0
668 0
669 0
670 0
671 1
672 0
673 1
674 1
675 1
676 0
677 1
678 1
679 1
680 0
681 1
682 1
683 0
684 1
685 1
686 0
687 0
688 1
689 0
690 0
691 1
692 1
693 0
694 0
695 1
696 1
697 1
698 1
699 0
700 0
701 0
702 1
703 0
704 0
705 0
706 1
707 0
708 1
709 1
710 1
711 0
712 0
713 1
714 0
715 0
716 1
717 0
718 1
719 1
720 0
721 1
722 0
723 0
724 1
725 0
726 0
727 1
728 1
729 1
730 0
731 0
732 0
733 1
734 0
735 0
736 0
737 0
738 1
739 0
740 1
741 0
742 0
743 1
744 1
745 1
746 1
747 0
748 0
749 1
750 0
751 0
752 1
753 1
754 1
755 1
756 0
757 0
758 0
759 0
760 1
761 0
762 1
763 0
764 0
765 0
766 1
767 0
768 0
769 1
770 0
771 0
772 1
773 1
774 0
775 1
776 0
777 0
778 0
779 1
780 1
781 0
782 1
783 1
784 1
785 1
786 1
787 0
788 1
789 1
790 1
791 0
792 0
793 0
794 1
795 1
796 0
797 1
798 0
799 1
800 1
801 0
802 0
803 0
804 1
805 1
806 1
807 0
808 0
809 1
810 0
811 0
812 0
813 0
814 1
815 0
816 0
817 0
818 1
819 1
820 0
821 1
822 0
823 1
824 1
825 1
826 1
827 0
828 0
829 0
830 1
831 1
832 1
833 1
834 0
835 1
836 1
837 0
838 0
839 1
840 1
841 1
842 0
843 1
844 1
845 0
846 0
847 0
848 1
849 1
850 0
851 1
852 0
853 1
854 0
855 1
856 1
857 0
858 0
859 0
860 1
861 1
862 1
863 0
864 0
865 0
866 0
867 0
868 0
869 1
870 1
871 0
872 0
873 1
874 0
875 1
876 0
877 1
878 1
879 1
880 1
881 1
882 1
883 1
884 0
885 0
886 0
887 0
888 0
889 0
890 1
891 1
892 1
893 1
894 0
895 0
896 1
897 0
898 0
899 0
900 1
901 0
902 0
903 0
904 0
905 1
906 1
907 0
908 0
909 1
910 1
911 0
912 0
913 0
914 1
915 0
916 0
917 0
918 0
919 0
920 1
921 0
922 1
923 0
924 1
925 1
926 0
927 1
928 0
929 1
930 0
931 1
932 1
933 0
934 1
935 0
936 0
937 1
938 1
939 1
940 0
941 0
942 1
943 1
944 1
945 1
946 0
947 1
948 1
949 0
950 0
951 0
952 0
953 0
954 0
955 0
956 1
957 1
958 0
959 1
960 1
961 0
962 1
963 1
964 0
965 1
966 1
967 1
968 0
969 1
970 1
971 1
972 0
973 0
974 0
975 0
976 1
977 1
978 0
979 1
980 1
981 0
982 0
983 0
984 0
985 0
986 1
987 0
988 1
989 1
990 1
991 1
992 1
993 0
994 0
995 0
996 0
997 0
998 1
999 1
1000 1
1001 1
1002 0
1003 0
1004 0
1005 1
1006 1
1007 0
1008 1
1009 0
1010 1
1011 1
1012 0
1013 0
1014 0
1015 0
1016 0
1017 0
1018 0
1019 0
1020 0
1021 1
1022 1
1023 0
1024 1
1025 0
1026 1
1027 0
1028 0
1029 0
1030 1
1031 0
1032 0
1033 0
1034 0
1035 0
1036 0
1037 1
1038 0
1039 1
1040 0
1041 1
1042 1
1043 1
1044 1
1045 0
1046 0
1047 0
1048 0
1049 1
1050 1
1051 1
1052 0
1053 1
1054 0
1055 1
1056 1
1057 1
1058 1
1059 1
1060 0
1061 0
1062 1
1063 0
1064 0
1065 0
1066 1
1067 1
1068 0
1069 1
1070 0
1071 0
1072 1
1073 1
1074 1
1075 0
1076 0
1077 0
1078 0
1079 1
1080 1
1081 0
1082 1
1083 1
1084 1
1085 0
1086 1
1087 1
1088 1
1089 1
1090 1
1091 1
1092 0
1093 0
1094 0
1095 0
1096 0
1097 1
1098 1
1099 0
1100 1
1101 0
1102 0
1103 1
1104 1
1105 1
1106 0
1107 1
1108 0
1109 1
1110 0
1111 1
1112 0
1113 1
1114 0
1115 1
1116 0
1117 0
1118 0
1119 1
1120 0
1121 1
1122 1
1123 1
1124 1
1125 1
1126 0
1127 1
1128 1
1129 1
1130 0
1131 1
1132 0
1133 0
1134 0
1135 0
1136 1
1137 1
1138 0
1139 1
1140 1
1141 0
1142 0
1143 1
1144 0
1145 0
1146 1
1147 1
1148 0
1149 1
1150 0
1151 0
1152 1
1153 0
1154 0
1155 0
1156 1
1157 1
1158 1
1159 1
1160 0
1161 0
1162 1
1163 0
1164 0
1165 1
1166 1
1167 0
1168 0
1169 1
1170 1
1171 1
1172 1
1173 0
1174 0
1175 0
1176 1
1177 0
1178 1
1179 1
1180 1
1181 1
1182 1
1183 0
1184 1
1185 0
1186 0
1187 1
1188 0
1189 1
1190 1
1191 1
1192 1
1193 0
1194 0
1195 0
1196 1
1197 1
1198 0
1199 1
1200 0
1201 0
1202 0
1203 1
1204 0
1205 1
1206 0
1207 0
1208 0
1209 0
1210 1
1211 1
1212 1
1213 1
1214 0
1215 1
1216 0
1217 0
1218 0
1219 0
1220 0
1221 0
1222 1
1223 0
1224 0
1225 1
1226 0
1227 0
1228 0
1229 0
1230 1
1231 0
1232 0
1233 0
1234 0
1235 1
1236 0
1237 1
1238 0
1239 1
1240 0
1241 1
1242 1
1243 1
1244 1
1245 0
1246 0
1247 1
1248 0
1249 1
1250 0
1251 1
1252 1
1253 1
1254 1
1255 0
1256 1
1257 1
1258 1
1259 0
1260 1
1261 1
1262 1
1263 1
1264 1
1265 0
1266 1
1267 0
1268 0
1269 0
1270 1
1271 0
1272 0
1273 1
1274 1
1275 0
1276 0
1277 0
1278 0
1279 0
1280 1
1281 0
1282 1
1283 1
1284 0
1285 0
1286 1
1287 0
1288 0
1289 1
1290 0
1291 0
1292 1
1293 0
1294 0
1295 0
1296 1
1297 0
1298 0
1299 0
1300 1
1301 0
1302 0
1303 1
1304 1
1305 1
1306 0
1307 0
1308 0
1309 0
1310 0
1311 1
1312 0
1313 1
1314 1
1315 0
1316 1
1317 1
1318 0
1319 0
1320 0
1321 1
1322 1
1323 1
1324 0
1325 0
1326 1
1327 1
1328 1
1329 1
1330 1
1331 0
1332 1
1333 0
1334 0
1335 1
1336 1
1337 0
1338 0
1339 0
1340 0
1341 0
1342 0
1343 1
1344 0
1345 0
1346 0
1347 0
1348 0
1349 0
1350 1
1351 0
1352 0
1353 1
1354 0
1355 0
1356 1
1357 0
1358 1
1359 1
1360 0
1361 0
1362 0
1363 0
1364 0
1365 0
1366 0
1367 0
1368 1
1369 1
1370 1
1371 1
1372 0
1373 0
1374 1
1375 1
1376 0
1377 0
1378 1
1379 0
1380 0
1381 1
1382 0
1383 0
1384 0
1385 0
1386 0
1387 1
1388 1
1389 0
1390 0
1391 1
1392 0
1393 1
1394 1
1395 0
1396 0
1397 1
1398 1
1399 1
1400 0
1401 0
1402 0
1403 0
1404 1
1405 1
1406 0
1407 0
1408 1
1409 0
1410 0
1411 0
1412 0
1413 1
1414 0
1415 0
1416 0
1417 1
1418 0
1419 0
1420 1
1421 1
1422 0
1423 0
1424 1
1425 1
1426 0
1427 0
1428 0
1429 1
1430 1
1431 0
1432 1
1433 0
1434 1
1435 1
1436 0
1437 1
1438 1
1439 0
1440 0
1441 0
1442 1
1443 0
1444 0
1445 0
1446 0
1447 0
1448 0
1449 0
1450 1
1451 0
1452 0
1453 0
1454 0
1455 1
1456 1
1457 1
1458 1
1459 1
1460 1
1461 0
1462 1
1463 0
1464 0
1465 1
1466 0
1467 0
1468 0
1469 1
1470 0
1471 1
