1 0
2 0
3 1
4 0
5 0
6 1
7 1
8 0
9 0
10 0
11 1
12 0
13 0
14 0
15 1
16 1
17 1
18 0
19 1
20 1
21 1
22 1
23 0
24 0
25 0
26 1
27 1
28 0
29 1
30 1
31 0
32 0
33 1
34 0
35 0
36 0
37 1
38 1
39 0
40 0
41 0
42 0
43 0
44 1
45 0
46 0
47 1
48 1
49 0
50 1
51 0
52 0
53 0
54 0
55 1
56 0
57 0
58 1
59 0
60 0
61 1
62 1
63 1
64 1
65 1
66 1
67 0
68 0
69 0
70 0
71 1
72 0
73 0
74 0
75 0
76 0
77 0
78 1
79 1
80 0
81 1
82 1
83 0
84 0
85 1
86 0
87 0
88 1
89 0
90 0
91 0
92 1
93 1
94 0
95 1
96 1
97 0
98 0
99 0
100 0
101 1
102 0
103 1
104 0
105 0
106 1
107 1
108 1
109 1
110 1
111 0
112 1
113 1
114 0
115 1
116 0
117 1
118 0
119 1
120 0
121 1
122 0
123 0
124 1
125 1
126 0
127 0
128 1
129 1
130 1
131 1
132 0
133 1
134 1
135 0
136 0
137 1
138 1
139 1
140 0
141 1
142 1
143 1
144 1
145 0
146 0
147 1
148 0
149 0
150 1
151 1
152 1
153 0
154 0
155 0
156 0
157 1
158 0
159 1
160 1
161 1
162 1
163 0
164 0
165 1
166 1
167 1
168 0
169 1
170 1
171 1
172 1
173 0
174 0
175 0
176 1
177 1
178 1
179 0
180 0
181 0
182 1
183 1
184 0
185 0
186 1
187 1
188 1
189 0
190 0
191 1
192 1
193 1
194 1
195 1
196 1
197 1
198 0
199 1
200 1
201 1
202 0
203 1
204 1
205 1
206 0
207 0
208 1
209 1
210 1
211 0
212 0
213 0
214 1
215 0
216 0
217 1
218 1
219 1
220 1
221 0
222 1
223 1
224 0
225 0
226 1
227 1
228 0
229 0
230 0
231 0
232 0
233 0
234 1
235 0
236 1
237 1
238 0
239 1
240 0
241 0
242 1
243 1
244 1
245 0
246 0
247 1
248 1
249 1
250 0
251 0
252 1
253 1
254 1
255 1
256 1
257 1
258 1
259 0
260 0
261 0
262 0
263 1
264 0
265 1
266 1
267 0
268 0
269 0
270 1
271 0
272 0
273 1
274 1
275 0
276 1
277 1
278 1
279 0
280 1
281 1
282 0
283 0
284 0
285 0
286 0
287 0
288 1
289 1
290 0
291 0
292 0
293 1
294 0
295 1
296 0
297 1
298 0
299 1
300 0
301 1
302 1
303 0
304 0
305 0
306 1
307 1
308 0
309 0
310 1
311 0
312 0
313 1
314 1
315 1
316 0
317 1
318 0
319 0
320 1
321 0
322 1
323 0
324 0
325 1
326 1
327 1
328 1
329 1
330 0
331 1
332 1
333 0
334 0
335 1
336 0
337 1
338 1
339 0
340 0
341 0
342 0
343 1
344 1
345 0
346 0
347 0
348 1
349 1
350 1
351 0
352 0
353 0
354 1
355 1
356 1
357 1
358 0
359 1
360 0
361 0
362 0
363 1
364 0
365 0
366 0
367 0
368 0
369 1
370 1
371 0
372 0
373 1
374 1
375 0
376 1
377 0
378 0
379 1
380 0
381 1
382 1
383 1
384 1
385 0
386 1
387 0
388 1
389 1
390 0
391 0
392 1
393 1
394 0
395 1
396 1
397 1
398 1
399 0
400 0
401 0
402 1
403 1
404 1
405 1
406 1
407 0
408 1
409 1
410 1
411 1
412 0
413 0
414 1
415 0
416 0
417 1
418 1
419 1
420 0
421 0
422 0
423 1
424 1
425 1
426 1
427 1
428 0
429 0
430 1
431 0
432 0
433 1
434 1
435 0
436 1
437 1
438 0
439 1
440 1
441 1
442 1
443 1
444 1
445 1
446 1
447 0
448 0
449 1
450 0
451 0
452 0
453 1
454 0
455 0
456 0
457 0
458 0
459 1
460 1
461 1
462 0
463 1
464 1
465 0
466 1
467 0
468 0
469 1
470 0
471 0
472 0
473 1
474 0
475 1
476 1
477 1
478 1
479 0
480 0
481 1
482 0
483 0
484 0
485 0
486 0
487 1
488 1
489 0
490 1
491 1
492 0
493 0
494 1
495 1
496 0
497 0
498 0
499 1
500 0
501 1
502 1
503 0
504 0
505 0
506 0
507 0
508 0
509 1
510 1
511 1
512 1
513 0
514 1
515 0
516 0
517 1
518 0
519 0
520 0
521 0
522 1
523 1
524 1
525 1
526 0
527 0
528 0
529 1
530 1
531 1
532 1
533 0
534 1
535 0
536 1
537 0
538 1
539 0
540 1
541 0
542 1
543 0
544 1
545 0
546 0
547 1
548 0
549 1
550 0
551 1
552 0
553 0
554 1
555 1
556 0
557 1
558 0
559 1
560 1
561 1
562 1
563 0
564 1
565 1
566 0
567 0
568 0
569 1
570 0
571 1
572 1
573 1
574 0
575 1
576 0
577 1
578 1
579 1
580 1
581 1
582 1
583 1
584 0
585 1
586 1
587 1
588 0
589 0
590 0
591 1
592 0
593 1
594 1
595 0
596 1
597 0
598 0
599 0
600 0
601 1
602 0
603 0
604 0
605 0
606 1
607 0
608 1
609 0
610 0
611 1
612 0
613 1
614 1
615 0
616 1
617 1
618 0
619 1
620 1
621 0
622 1
623 0
624 0
625 1
626 1
627 1
628 0
629 0
630 1
631 1
632 0
633 0
634 0
635 1
636 1
637 1
638 0
639 1
640 0
641 0
642 0
643 0
644 1
645 1
646 1
647 0
648 1
649 0
650 0
651 0
652 1
653 0
654 1
655 1
656 0
657 1
658 0
659 0
660 0
661 0
662 1
663 0
664 1
665 0
666 1
667 1
668 0
669 1
670 1
671 0
672 1
673 1
674 0
675 1
676 0
677 0
678 0
679 0
680 1
681 1
682 0
683 1
684 1
685 1
686 1
687 1
688 0
689 0
690 0
691 0
692 0
693 0
694 0
695 0
696 1
697 0
698 0
699 1
700 1
701 1
702 0
703 1
704 1
705 0
706 0
707 0
708 0
709 1
710 0
711 0
712 0
713 1
714 1
715 0
716 0
717 0
718 0
719 1
720 1
721 1
722 0
723 1
724 0
725 0
726 1
727 1
728 0
729 1
730 0
731 1
732 0
733 1
734 1
735 1
736 0
737 1
738 1
739 0
740 1
741 0
742 1
743 1
744 0
745 0
746 1
747 1
748 0
749 0
750 1
751 1
752 0
753 1
754 1
755 0
756 0
757 1
758 1
759 1
760 0
761 0
762 0
763 1
764 1
765 1
766 1
767 1
768 0
769 0
770 1
771 1
772 1
773 0
774 1
775 0
776 0
777 0
778 1
779 0
780 0
781 1
782 1
783 1
784 1
785 0
786 0
787 1
788 0
789 0
790 1
791 1
792 1
793 0
794 0
795 0
796 0
797 1
798 1
799 1
800 1
801 0
802 0
803 0
804 1
805 0
806 1
807 1
808 1
809 0
810 0
811 0
812 1
813 1
814 1
815 0
816 0
817 1
818 0
819 0
820 0
821 0
822 0
823 1
824 0
825 0
826 1
827 1
828 1
829 0
830 0
831 1
832 0
833 1
834 1
835 1
836 0
837 1
838 1
839 1
840 1
841 0
842 1
843 1
844 0
845 1
846 1
847 1
848 0
849 1
850 0
851 0
852 0
853 0
854 0
855 1
856 1
857 1
858 0
859 0
860 0
861 0
862 0
863 0
864 0
865 0
866 0
867 0
868 1
869 0
870 1
871 0
872 1
873 1
874 1
875 1
876 0
877 0
878 0
879 0
880 1
881 0
882 0
883 0
884 1
885 1
886 1
887 1
888 0
889 1
890 0
891 0
892 1
893 1
894 0
895 0
896 0
897 1
898 1
899 1
900 1
901 1
902 1
903 0
904 1
905 0
906 0
907 1
908 1
909 1
910 0
911 0
912 1
913 1
914 0
915 1
916 0
917 0
918 1
919 1
920 1
921 1
922 0
923 0
924 0
925 1
926 1
927 0
928 0
929 1
930 0
931 1
932 0
933 1
934 0
935 1
936 1
937 1
938 1
939 0
940 1
941 1
942 0
943 0
944 0
945 0
946 0
947 0
948 0
949 1
950 0
951 1
952 0
953 1
954 0
955 1
956 0
957 1
958 0
959 0
960 0
961 1
962 1
963 0
964 0
965 1
966 1
967 0
968 1
969 1
970 0
971 0
972 1
973 0
974 1
975 1
976 0
977 0
978 0
979 0
980 0
981 0
982 0
983 0
984 0
985 0
986 0
987 1
988 1
989 0
990 0
991 1
992 1
993 0
994 1
995 0
996 0
997 0
998 1
999 1
1000 0
1001 0
1002 1
1003 0
1004 0
1005 1
1006 1
1007 1
1008 0
1009 0
1010 1
1011 0
1012 0
1013 1
1014 1
1015 0
1016 0
1017 1
1018 0
1019 1
1020 1
1021 1
1022 1
1023 0
1024 1
1025 0
1026 0
1027 0
1028 1
1029 0
1030 0
1031 0
1032 1
1033 1
1034 0
1035 1
1036 1
1037 0
1038 1
1039 0
1040 0
1041 1
1042 0
1043 0
1044 0
1045 1
1046 1
1047 0
1048 0
1049 1
1050 1
1051 1
1052 1
1053 0
1054 1
1055 0
1056 0
1057 0
1058 1
1059 0
1060 0
1061 1
1062 0
1063 0
1064 0
1065 0
1066 1
1067 0
1068 1
1069 1
1070 1
1071 0
1072 0
1073 1
1074 0
1075 1
1076 1
1077 0
1078 0
1079 1
1080 0
1081 1
1082 1
1083 1
1084 0
1085 1
1086 0
1087 1
1088 1
1089 0
1090 0
1091 1
1092 0
1093 1
1094 0
1095 1
1096 1
1097 0
1098 1
1099 1
1100 1
1101 1
1102 1
1103 1
1104 1
1105 1
1106 0
1107 0
1108 0
1109 1
1110 0
1111 1
1112 0
1113 1
1114 1
1115 0
1116 0
1117 1
1118 1
1119 0
1120 0
1121 0
1122 0
1123 0
1124 0
1125 1
1126 0
1127 1
1128 0
1129 1
1130 1
1131 0
1132 0
1133 1
1134 1
1135 0
1136 1
1137 1
1138 0
1139 1
1140 1
1141 1
1142 1
1143 1
1144 1
1145 1
1146 0
1147 0
1148 1
1149 1
1150 0
1151 1
1152 1
1153 1
1154 1
1155 1
1156 0
1157 1
1158 1
1159 0
1160 1
1161 0
1162 1
1163 1
1164 1
1165 1
1166 1
1167 1
1168 0
1169 1
1170 1
1171 1
1172 0
1173 0
1174 1
1175 1
1176 0
1177 1
1178 1
1179 1
1180 0
1181 0
1182 0
1183 0
1184 0
1185 1
1186 1
1187 1
1188 0
1189 0
1190 1
1191 0
1192 1
1193 1
1194 0
1195 0
1196 0
1197 1
1198 1
1199 1
1200 1
1201 1
1202 1
1203 0
1204 0
1205 0
1206 1
1207 0
1208 1
1209 0
1210 0
1211 1
1212 1
1213 0
1214 0
1215 1
1216 0
1217 1
1218 0
1219 0
1220 1
1221 0
1222 0
1223 1
1224 0
1225 0
1226 0
1227 1
1228 0
1229 0
1230 0
1231 0
1232 1
1233 1
1234 0
1235 0
1236 0
1237 1
1238 0
1239 1
1240 0
1241 1
1242 0
1243 1
1244 1
1245 0
1246 1
1247 0
1248 0
1249 0
1250 1
1251 0
1252 0
1253 0
1254 0
1255 0
1256 0
1257 1
1258 1
1259 1
1260 1
1261 1
1262 1
1263 0
1264 1
1265 0
1266 0
1267 1
1268 0
1269 1
1270 1
1271 1
1272 1
1273 0
1274 0
1275 1
1276 0
1277 0
1278 0
1279 0
1280 1
1281 1
1282 1
1283 1
1284 0
1285 1
1286 0
1287 1
1288 0
1289 1
1290 1
1291 0
1292 1
1293 0
1294 0
1295 0
1296 0
1297 0
1298 1
1299 1
1300 0
1301 1
1302 0
1303 1
1304 1
1305 0
1306 1
1307 0
1308 1
1309 0
1310 0
1311 1
1312 0
1313 0
1314 0
1315 1
1316 0
1317 0
1318 0
1319 1
1320 1
1321 0
1322 0
1323 0
1324 1
1325 0
1326 0
1327 1
1328 0
1329 0
1330 1
1331 0
1332 0
1333 0
1334 0
1335 1
1336 1
1337 1
1338 0
1339 1
1340 1
1341 0
1342 1
1343 1
1344 1
1345 1
1346 0
1347 1
1348 1
1349 1
1350 0
1351 0
1352 0
1353 1
1354 0
1355 1
1356 0
1357 0
1358 0
1359 1
1360 0
1361 1
1362 0
1363 1
1364 0
1365 1
1366 1
1367 1
1368 1
1369 0
1370 0
1371 0
1372 1
1373 1
1374 0
1375 0
1376 0
1377 0
1378 1
1379 0
1380 0
1381 1
1382 1
1383 1
1384 0
1385 1
1386 0
1387 0
1388 0
1389 0
1390 1
1391 1
1392 0
1393 0
1394 1
1395 0
1396 1
1397 0
1398 1
1399 1
1400 0
1401 1
1402 1
1403 0
1404 0
1405 1
1406 0
1407 0
1408 0
1409 0
1410 0
1411 1
1412 1
1413 1
1414 0
1415 0
1416 0
1417 1
1418 0
1419 1
1420 1
1421 1
1422 0
1423 1
1424 0
1425 1
1426 0
1427 0
1428 0
1429 0
1430 1
1431 1
1432 0
1433 0
1434 1
1435 1
1436 0
1437 1
1438 0
1439 0
1440 1
1441 0
1442 0
1443 1
1444 0
1445 0
1446 0
1447 1
1448 1
1449 1
1450 1
1451 0
1452 1
1453 1
1454 0
1455 0
1456 0
1457 0
1458 1
1459 1
1460 1
1461 0
1462 0
1463 0
1464 1
1465 0
1466 0
1467 0
1468 0
1469 0
1470 0
1471 1
