1 1
2 0
3 1
4 1
5 0
6 1
7 0
8 0
9 1
10 0
11 1
12 1
13 1
14 0
15 0
16 1
17 0
18 1
19 0
20 0
21 1
22 0
23 0
24 1
25 0
26 1
27 0
28 0
29 0
30 0
31 1
32 0
33 1
34 1
35 0
36 0
37 0
38 0
39 1
40 0
41 0
42 0
43 1
44 0
45 1
46 0
47 1
48 1
49 1
50 1
51 1
52 1
53 1
54 0
55 1
56 1
57 0
58 0
59 1
60 0
61 0
62 1
63 0
64 0
65 0
66 0
67 1
68 1
69 0
70 1
71 0
72 0
73 0
74 0
75 1
76 0
77 1
78 0
79 1
80 1
81 1
82 0
83 0
84 0
85 1
86 0
87 1
88 1
89 1
90 0
91 0
92 1
93 1
94 1
95 1
96 1
97 1
98 0
99 1
100 0
101 1
102 1
103 0
104 0
105 0
106 1
107 1
108 0
109 0
110 0
111 1
112 1
113 1
114 1
115 1
116 0
117 1
118 0
119 1
120 0
121 1
122 1
123 0
124 0
125 0
126 1
127 1
128 1
129 1
130 1
131 0
132 1
133 0
134 0
135 0
136 1
137 0
138 0
139 1
140 0
141 1
142 1
143 0
144 1
145 0
146 1
147 0
148 1
149 0
150 0
151 0
152 0
153 1
154 1
155 0
156 0
157 1
158 1
159 0
160 1
161 0
162 1
163 1
164 1
165 1
166 1
167 1
168 1
169 1
170 0
171 1
172 1
173 0
174 0
175 0
176 0
177 0
178 0
179 0
180 0
181 1
182 1
183 0
184 0
185 0
186 0
187 1
188 0
189 0
190 1
191 1
192 0
193 1
194 0
195 0
196 0
197 1
198 1
199 1
200 0
201 0
202 1
203 0
204 0
205 1
206 1
207 1
208 0
209 0
210 1
211 0
212 1
213 0
214 1
215 0
216 0
217 0
218 0
219 1
220 0
221 1
222 1
223 1
224 0
225 1
226 0
227 1
228 0
229 1
230 1
231 1
232 1
233 1
234 1
235 1
236 0
237 0
238 1
239 1
240 0
241 1
242 1
243 1
244 1
245 1
246 1
247 1
248 1
249 1
250 1
251 1
252 1
253 0
254 1
255 0
256 1
257 1
258 0
259 0
260 1
261 0
262 1
263 1
264 0
265 1
266 1
267 0
268 0
269 0
270 0
271 1
272 0
273 1
274 0
275 1
276 1
277 0
278 0
279 1
280 1
281 1
282 1
283 0
284 1
285 0
286 1
287 0
288 0
289 0
290 0
291 0
292 0
293 1
294 1
295 1
296 1
297 1
298 0
299 0
300 0
301 1
302 1
303 0
304 0
305 1
306 1
307 0
308 1
309 0
310 0
311 0
312 1
313 1
314 1
315 1
316 0
317 1
318 1
319 0
320 1
321 1
322 1
323 0
324 0
325 0
326 1
327 0
328 0
329 1
330 1
331 0
332 1
333 0
334 1
335 0
336 0
337 1
338 1
339 1
340 1
341 0
342 1
343 1
344 1
345 0
346 1
347 0
348 0
349 0
350 0
351 0
352 0
353 1
354 0
355 0
356 0
357 0
358 1
359 1
360 1
361 1
362 1
363 1
364 1
365 0
366 1
367 0
368 0
369 0
370 1
371 1
372 0
373 0
374 0
375 0
376 1
377 0
378 0
379 1
380 0
381 0
382 0
383 1
384 1
385 0
386 1
387 1
388 1
389 1
390 0
391 1
392 0
393 1
394 0
395 1
396 1
397 1
398 0
399 0
400 0
401 1
402 1
403 1
404 1
405 0
406 0
407 0
408 1
409 0
410 0
411 1
412 1
413 0
414 0
415 0
416 1
417 0
418 0
419 0
420 0
421 0
422 1
423 1
424 1
425 1
426 0
427 1
428 0
429 1
430 1
431 0
432 0
433 1
434 1
435 0
436 1
437 1
438 1
439 0
440 1
441 0
442 0
443 0
444 1
445 1
446 1
447 1
448 0
449 1
450 1
451 0
452 1
453 0
454 0
455 1
456 1
457 0
458 0
459 0
460 1
461 1
462 1
463 0
464 0
465 1
466 0
467 1
468 0
469 0
470 0
471 0
472 0
473 0
474 0
475 0
476 0
477 1
478 1
479 0
480 0
481 1
482 1
483 0
484 1
485 1
486 1
487 1
488 1
489 0
490 0
491 1
492 0
493 0
494 0
495 1
496 1
497 0
498 1
499 0
500 1
501 0
502 0
503 0
504 1
505 1
506 1
507 0
508 1
509 0
510 1
511 0
512 0
513 1
514 0
515 0
516 0
517 1
518 1
519 1
520 1
521 0
522 1
523 0
524 0
525 0
526 1
527 0
528 1
529 0
530 0
531 1
532 1
533 0
534 1
535 0
536 1
537 1
538 0
539 0
540 0
541 0
542 1
543 0
544 0
545 0
546 0
547 0
548 1
549 0
550 1
551 0
552 1
553 0
554 1
555 0
556 1
557 0
558 0
559 0
560 0
561 1
562 1
563 1
564 1
565 0
566 0
567 0
568 1
569 1
570 1
571 0
572 0
573 1
574 1
575 0
576 0
577 0
578 0
579 0
580 0
581 0
582 1
583 0
584 0
585 0
586 1
587 0
588 0
589 1
590 0
591 1
592 1
593 1
594 1
595 1
596 1
597 1
598 1
599 0
600 0
601 0
602 0
603 0
604 1
605 0
606 1
607 0
608 0
609 1
610 0
611 0
612 0
613 1
614 0
615 1
616 1
617 1
618 1
619 1
620 1
621 1
622 1
623 1
624 1
625 1
626 0
627 0
628 1
629 0
630 0
631 1
632 1
633 0
634 0
635 0
636 1
637 0
638 0
639 1
640 1
641 1
642 0
643 1
644 0
645 1
646 1
647 1
648 1
649 1
650 1
651 1
652 1
653 1
654 0
655 1
656 0
657 0
658 1
659 1
660 0
661 1
662 0
663 0
664 0
665 0
666 0
667 1
668 0
669 0
670 1
671 1
672 0
673 1
674 1
675 0
676 0
677 1
678 0
679 0
680 0
681 0
682 1
683 0
684 1
685 0
686 1
687 1
688 1
689 1
690 0
691 0
692 0
693 0
694 1
695 1
696 0
697 0
698 1
699 0
700 1
701 1
702 0
703 0
704 1
705 0
706 0
707 0
708 1
709 1
710 0
711 0
712 0
713 0
714 0
715 1
716 0
717 0
718 1
719 1
720 1
721 0
722 0
723 1
724 1
725 0
726 0
727 1
728 1
729 0
730 1
731 1
732 1
733 1
734 1
735 1
736 0
737 0
738 1
739 1
740 0
741 0
742 0
743 1
744 1
745 0
746 1
747 1
748 0
749 1
750 1
751 1
752 1
753 1
754 1
755 1
756 1
757 1
758 0
759 1
760 0
761 1
762 1
763 0
764 1
765 0
766 0
767 0
768 0
769 1
770 1
771 0
772 1
773 1
774 1
775 1
776 0
777 1
778 1
779 0
780 1
781 0
782 1
783 1
784 1
785 0
786 1
787 1
788 0
789 1
790 0
791 1
792 0
793 0
794 1
795 0
796 1
797 1
798 0
799 0
800 1
801 0
802 1
803 1
804 1
805 0
806 1
807 0
808 0
809 1
810 0
811 1
812 1
813 1
814 1
815 0
816 0
817 1
818 1
819 0
820 1
821 1
822 0
823 1
824 1
825 0
826 0
827 1
828 0
829 0
830 1
831 0
832 0
833 0
834 0
835 0
836 1
837 1
838 0
839 1
840 0
841 0
842 0
843 0
844 1
845 1
846 1
847 0
848 0
849 0
850 0
851 1
852 0
853 1
854 0
855 1
856 0
857 1
858 1
859 0
860 0
861 1
862 1
863 1
864 1
865 1
866 0
867 0
868 1
869 0
870 1
871 0
872 1
873 0
874 1
875 1
876 1
877 0
878 1
879 0
880 1
881 1
882 1
883 0
884 0
885 0
886 0
887 1
888 0
889 1
890 1
891 0
892 1
893 1
894 1
895 1
896 0
897 1
898 0
899 1
900 0
901 0
902 1
903 1
904 1
905 1
906 1
907 0
908 1
909 0
910 0
911 0
912 1
913 0
914 1
915 1
916 0
917 0
918 0
919 0
920 0
921 0
922 1
923 0
924 0
925 0
926 0
927 0
928 0
929 1
930 1
931 1
932 1
933 1
934 0
935 0
936 0
937 1
938 0
939 1
940 1
941 0
942 1
943 1
944 0
945 1
946 0
947 1
948 0
949 0
950 0
951 1
952 0
953 1
954 0
955 0
956 1
957 1
958 0
959 0
960 0
961 0
962 0
963 0
964 0
965 0
966 0
967 0
968 1
969 1
970 0
971 0
972 0
973 0
974 0
975 0
976 0
977 1
978 0
979 1
980 0
981 1
982 1
983 0
984 0
985 0
986 0
987 1
988 0
989 0
990 1
991 1
992 1
993 1
994 1
995 1
996 0
997 1
998 1
999 0
1000 0
1001 0
1002 0
1003 0
1004 0
1005 0
1006 1
1007 0
1008 1
1009 0
1010 0
1011 0
1012 0
1013 1
1014 0
1015 0
1016 0
1017 1
1018 1
1019 0
1020 0
1021 0
1022 0
1023 0
1024 1
1025 0
1026 1
1027 0
1028 1
1029 0
1030 1
1031 1
1032 0
1033 0
1034 0
1035 0
1036 0
1037 0
1038 0
1039 1
1040 1
1041 0
1042 0
1043 1
1044 0
1045 0
1046 0
1047 1
1048 0
1049 0
1050 1
1051 0
1052 0
1053 0
1054 1
1055 1
1056 1
1057 0
1058 1
1059 0
1060 1
1061 0
1062 0
1063 0
1064 0
1065 0
1066 0
1067 0
1068 1
1069 0
1070 0
1071 1
1072 0
1073 0
1074 0
1075 1
1076 1
1077 0
1078 0
1079 1
1080 0
1081 0
1082 1
1083 1
1084 0
1085 1
1086 1
1087 0
1088 0
1089 1
1090 1
1091 0
1092 0
1093 1
1094 0
1095 0
1096 0
1097 0
1098 1
1099 0
1100 0
1101 1
1102 0
1103 1
1104 0
1105 1
1106 1
1107 1
1108 0
1109 1
1110 1
1111 1
1112 0
1113 0
1114 1
1115 0
1116 0
1117 1
1118 0
1119 0
1120 0
1121 0
1122 0
1123 1
1124 0
1125 1
1126 0
1127 0
1128 1
1129 0
1130 0
1131 0
1132 0
1133 0
1134 1
1135 0
1136 0
1137 1
1138 1
1139 1
1140 1
1141 0
1142 0
1143 0
1144 1
1145 0
1146 0
1147 1
1148 1
1149 0
1150 1
1151 1
1152 1
1153 0
1154 0
1155 0
1156 1
1157 1
1158 1
1159 0
1160 0
1161 1
1162 0
1163 1
1164 1
1165 0
1166 0
1167 1
1168 0
1169 1
1170 0
1171 1
1172 1
1173 0
1174 0
1175 1
1176 1
1177 1
1178 0
1179 0
1180 1
1181 1
1182 0
1183 0
1184 1
1185 0
1186 1
1187 1
1188 0
1189 1
1190 0
1191 0
1192 0
1193 0
1194 0
1195 1
1196 1
1197 0
1198 1
1199 0
1200 1
1201 1
1202 0
1203 0
1204 1
1205 1
1206 1
1207 0
1208 0
1209 0
1210 0
1211 1
1212 0
1213 0
1214 0
1215 0
1216 0
1217 0
1218 1
1219 1
1220 1
1221 1
1222 0
1223 1
1224 0
1225 0
1226 1
1227 0
1228 0
1229 1
1230 0
1231 1
1232 0
1233 1
1234 1
1235 0
1236 1
1237 1
1238 1
1239 1
1240 1
1241 1
1242 1
1243 0
1244 1
1245 1
1246 1
1247 0
1248 1
1249 1
1250 1
1251 0
1252 1
1253 0
1254 1
1255 1
1256 1
1257 0
1258 1
1259 0
1260 1
1261 1
1262 0
1263 0
1264 1
1265 0
1266 0
1267 0
1268 0
1269 0
1270 1
1271 0
1272 1
1273 0
1274 0
1275 1
1276 1
1277 0
1278 1
1279 0
1280 0
1281 0
1282 1
1283 1
1284 0
1285 0
1286 0
1287 0
1288 1
1289 1
1290 1
1291 1
1292 0
1293 0
1294 0
1295 0
1296 0
1297 0
1298 0
1299 0
1300 0
1301 0
1302 0
1303 1
1304 1
1305 0
1306 0
1307 0
1308 0
1309 0
1310 1
1311 0
1312 0
1313 1
1314 0
1315 0
1316 1
1317 0
1318 0
1319 0
1320 0
1321 0
1322 1
1323 1
1324 0
1325 1
1326 0
1327 0
1328 1
1329 0
1330 1
1331 1
1332 1
1333 1
1334 1
1335 1
1336 1
1337 0
1338 0
1339 1
1340 0
1341 1
1342 0
1343 0
1344 0
1345 1
1346 0
1347 0
1348 0
1349 1
1350 0
1351 0
1352 0
1353 1
1354 0
1355 0
1356 0
1357 1
1358 0
1359 0
1360 1
1361 0
1362 1
1363 1
1364 0
1365 0
1366 0
1367 0
1368 1
1369 0
1370 0
1371 1
1372 0
1373 0
1374 1
1375 0
1376 0
1377 0
1378 1
1379 0
1380 0
1381 1
1382 1
1383 1
1384 1
1385 0
1386 1
1387 1
1388 1
1389 0
1390 0
1391 0
1392 1
1393 0
1394 1
1395 0
1396 0
1397 0
1398 1
1399 0
1400 1
1401 0
1402 1
1403 1
1404 0
1405 1
1406 1
1407 1
1408 0
1409 0
1410 0
1411 1
1412 1
1413 0
1414 0
1415 0
1416 0
1417 1
1418 0
1419 0
1420 1
1421 1
1422 1
1423 1
1424 1
1425 1
1426 0
1427 0
1428 0
1429 0
1430 0
1431 0
1432 1
1433 0
1434 0
1435 0
1436 1
1437 0
1438 0
1439 0
1440 0
1441 1
1442 1
1443 1
1444 1
1445 1
1446 0
1447 0
1448 0
1449 0
1450 0
1451 0
1452 0
1453 0
1454 1
1455 1
1456 0
1457 0
1458 1
1459 0
1460 0
1461 0
1462 1
1463 1
1464 0
1465 1
1466 1
1467 1
1468 1
1469 0
1470 0
1471 0
