2026
2037
326
1913
1221
2065
2484
956
1746
515
997
718
2538
901
1810
882
2222
1291
765
2872
413
2015
994
2191
1664
2636
972
1907
1660
1396
346
754
1289
1264
2152
166
122
1401
247
703
519
524
614
2491
421
1185
2002
1043
1566
278
1413
1414
2196
1610
1177
1382
1164
1619
1654
1216
757
853
2541
1830
55
818
1604
702
1709
2733
1845
231
1267
813
1516
922
13
2005
2089
1739
1742
1778
512
897
391
971
2353
435
2425
1041
1759
826
2554
1850
2059
2667
2883
1549
906
2336
2559
2403
265
2501
1474
889
2246
1872
944
2876
1752
402
2805
1903
678
749
1689
362
317
1131
772
1440
1636
426
135
1603
1191
546
799
521
2616
82
2753
1249
1896
1876
1884
1405
1102
168
2922
1534
701
574
1656
299
2004
1667
251
449
875
1958
1015
143
1536
1815
1377
367
1996
1500
639
25
103
2114
287
2145
2738
1894
2293
1051
1357
2786
2033
1514
165
597
2724
2209
697
2289
2232
40
768
717
498
858
2248
805
2346
2632
422
178
1044
1083
1596
2715
682
2276
2772
2490
1718
1074
2927
733
2717
1853
660
1219
1669
1007
1349
1630
219
302
2921
330
2476
1186
248
2084
1179
1990
1329
1716
2516
1271
1036
256
647
2322
905
1966
562
2499
2732
868
918
1762
1276
565
662
155
392
2354
1042
1199
740
2648
2492
1858
2842
2701
1571
2134
2131
1831
170
2507
1909
541
2285
1891
1790
1712
14
567
2402
2302
2398
825
437
513
2198
69
2097
427
1308
2444
190
829
1698
1156
2638
1060
1677
1730
1902
1497
991
1421
2159
2521
2594
2193
759
1196
2517
2164
466
2399
2171
1681
2553
94
1480
1175
1605
1062
1311
1435
764
540
1406
586
1095
2884
2074
1967
549
544
1301
227
1979
2904
377
2202
1498
1998
2497
2769
1509
268
1741
2465
1472
809
2151
1466
323
1731
1629
2652
2863
1410
29
1743
578
987
44
1280
353
592
2317
1431
960
1980
325
1620
1898
1307
1233
61
316
1076
736
806
363
2765
2582
1530
864
1592
2716
2338
538
2635
433
2776
1146
1282
789
1417
2672
909
50
188
120
1984
418
1183
774
270
2581
930
2510
293
1279
849
1633
2228
690
1033
2493
1911
262
2856
683
705
2210
2345
1058
444
2042
2885
2906
1116
1645
2207
886
1796
1202
2255
139
1368
1017
1580
1834
1862
1748
174
177
361
2695
2783
1399
80
2124
415
668
72
1988
771
2154
1621
1678
338
2373
2259
1152
2153
2625
2223
1611
1314
1895
1118
2886
1449
1744
2230
739
372
2573
2789
2824
2475
1960
141
831
940
2459
1263
157
2851
2434
2780
2070
1450
2532
752
1527
2686
908
923
2755
2797
649
2597
2539
791
1335
2252
1567
2773
1453
318
895
1801
2023
2427
1918
2365
533
1022
1510
1817
992
2214
36
1173
2727
2411
1641
2440
643
721
1023
374
704
1364
99
315
2408
2311
1578
440
711
1092
1635
1018
731
1149
677
2914
925
758
2253
2180
1520
1082
452
279
510
2688
1652
900
1565
1869
48
144
116
15
776
1312
1174
1037
2221
2300
327
2820
961
1897
2766
2528
465
921
2424
2030
833
1409
354
1159
1054
712
2125
558
508
281
1084
2290
1590
2137
2855
617
2892
1247
1575
1727
2260
728
1598
221
1614
854
2770
87
2064
1839
1992
1113
1172
1072
2595
2873
846
534
2321
420
551
2712
528
1167
358
2613
2877
601
1501
1537
644
2172
710
2044
2258
800
1070
2580
1188
777
720
887
481
929
2823
2709
479
924
2858
1121
1163
33
2767
2367
783
2525
919
1257
2505
1123
2328
68
1115
2512
1551
224
1585
822
8
638
2749
984
2168
1634
1066
1261
1977
1334
183
213
2687
2825
1215
856
1340
1170
561
760
1427
1496
1840
2165
766
797
276
1563
767
1393
1473
1471
560
1751
676
2694
2828
2668
699
632
1038
2866
1589
672
2148
2693
1505
1081
2357
1001
2144
2900
1765
2795
462
49
1210
2845
2453
2437
1358
1553
1856
2562
2841
1056
844
1989
52
2451
2190
2558
2543
978
2281
458
1684
1387
2731
1341
2477
2758
1846
525
2471
1789
1688
2481
2489
457
1345
375
1302
2903
2360
2707
545
2287
2132
169
2238
1253
109
2212
2674
675
1574
1181
2624
2610
965
502
2072
1201
1837
2848
2837
32
1829
383
1577
2888
2651
382
1791
756
43
2150
386
2792
2617
1412
1728
1758
947
412
2283
352
1487
1260
2428
995
1615
2245
445
2849
778
1354
273
1005
410
2713
201
2149
488
2547
2094
1975
852
1147
2683
1397
1847
983
1720
34
1383
1513
2932
395
951
2796
1132
389
2834
237
1854
2916
603
708
859
505
2725
1686
2764
417
1067
780
152
2681
2226
289
1825
2292
1662
2257
1034
671
2726
1647
2181
2163
0
2378
2341
848
2160
370
2710
1792
2071
63
1069
125
2691
406
2535
2578
1398
811
388
1026
898
1168
2911
2598
238
2564
1139
1065
312
2435
2584
1030
396
2798
2431
2630
641
2640
2262
835
369
1763
1702
1941
815
2551
1008
2540
2123
2422
2416
735
1855
1608
645
424
2763
1981
2799
1734
1469
1144
1675
180
2662
1974
1378
2743
2830
593
1927
1643
2546
2182
1607
2043
162
2156
45
1740
172
2395
1327
2646
194
1138
1129
1420
2930
1285
1995
2718
1225
1120
1320
2127
1523
1222
1954
796
2133
2315
1375
598
2297
272
2658
657
893
1880
1027
2225
680
1391
291
2235
108
2426
1451
1833
1039
387
2083
1935
2461
820
19
1653
1555
285
590
580
1809
1231
2111
2310
128
340
1703
1148
1588
2804
2865
2808
93
514
1558
1889
228
981
242
1624
1386
1582
891
600
1388
2850
1259
1423
555
880
847
2173
902
622
969
1899
1004
1529
2053
223
523
230
1943
583
1195
2304
2665
1599
2642
136
106
2115
550
935
319
1256
133
2742
2523
1545
1806
151
1445
2413
2537
2840
2366
364
1519
745
314
339
2339
2902
1873
348
627
2244
2879
1646
974
1997
1086
629
679
1844
719
1384
1648
1764
1659
124
2522
2684
2382
602
1059
209
463
743
2485
2187
1658
1438
1111
741
2327
431
2650
2439
2075
504
1408
2220
1223
2838
2721
1189
97
1169
305
1218
2029
2524
2113
1916
2391
1784
959
2452
2254
786
552
1255
688
1251
2706
1908
1838
1554
737
2031
2385
1956
2689
1697
28
1485
2280
208
962
1328
441
359
156
1230
2939
225
2473
60
2934
26
1190
2061
2264
1305
553
2312
2882
2585
483
755
2309
53
2298
2531
1952
941
2323
860
2575
454
1101
648
635
607
1029
1275
950
1052
357
2601
1657
1701
1692
1538
1994
1182
963
2607
873
2832
2060
2644
2752
2787
2587
81
1292
1721
794
934
1235
1136
2905
1722
723
1160
1016
2880
2470
1890
490
588
2109
869
398
1205
2445
1268
2010
2590
5
2936
2110
1299
727
145
625
1122
1047
1478
2141
824
953
1151
294
769
2278
1040
1626
2802
173
626
1528
18
235
770
360
101
2589
1464
1078
1073
2801
572
286
1774
1126
229
2736
1318
646
1573
127
1380
837
976
88
2368
1910
2085
665
1518
403
322
2447
2386
851
591
2143
472
1583
707
347
2215
1867
2735
2800
927
1663
827
2919
192
655
199
2158
1434
1735
2542
1951
2449
2049
260
1644
725
2697
1591
2448
557
384
1379
111
977
812
1274
1683
1804
722
2548
2247
689
2396
252
1640
2889
608
2608
2414
1617
3
2274
1088
2756
2351
2069
2201
2928
1533
2186
1866
1816
164
84
1063
499
1940
734
1306
2286
2869
1738
1623
2183
842
516
832
2007
788
589
2639
1627
269
2126
2536
7
283
1849
2271
2868
1930
2655
2907
1143
2813
808
1978
1336
1805
2754
1171
2509
2107
907
404
2011
1455
2631
2025
823
497
1338
1278
1695
1103
1723
1243
1250
2719
2314
1096
2757
1642
1717
570
2653
2852
117
2483
686
1032
6
658
1552
2853
1673
650
1521
2162
137
883
2739
1638
2890
861
612
1693
1331
2091
793
121
2175
2050
634
301
957
1914
2462
2569
2814
2938
536
1135
1154
1374
1542
1868
933
1771
669
1213
2199
910
57
393
2925
2359
1543
495
872
1803
2661
461
2781
1708
324
664
885
484
1446
2348
2498
2024
351
834
473
507
2700
92
1879
1463
1010
2102
878
1297
38
430
83
1915
451
1576
1824
2282
2685
336
1946
761
2931
2250
1594
803
1782
1313
2401
1287
254
239
2054
464
443
1467
416
2600
2641
2918
2313
1982
828
1674
2664
1632
651
2929
1776
2703
1700
1461
259
1002
904
1821
2468
1949
1826
1939
998
967
1714
1672
2579
975
582
738
1699
434
966
1547
1535
1788
2099
1950
1668
653
1462
2051
2545
66
2375
1875
1920
2478
2361
73
894
1818
1581
1491
10
16
1009
1238
1606
2058
2596
1064
2100
1860
2329
1437
2817
77
1459
2633
1411
814
2372
2534
2746
1745
2759
1661
613
114
59
839
779
1091
775
2379
2067
1886
1217
2138
2494
1494
1694
949
1655
1929
2620
21
2566
154
2533
1823
2306
605
1068
2105
1859
2659
1433
1601
681
378
1562
460
1812
985
795
636
2217
912
1012
2446
2014
2008
2728
467
35
2875
1706
2291
537
1355
670
620
1484
1284
1781
2861
1021
2450
67
594
581
298
500
2854
730
236
399
1597
2120
206
2057
2340
596
2036
2130
1237
1381
2364
1507
2867
1770
2714
1394
1242
264
920
2680
175
1732
2457
2055
751
1531
1028
2920
1419
2389
618
70
119
661
243
1921
2748
2303
1729
932
2793
1454
308
556
1290
530
2179
2080
522
37
2909
928
2003
307
1108
459
819
202
2140
71
303
1973
2511
1959
840
1006
1965
2656
874
405
1392
98
1400
394
2618
1337
184
328
623
1166
1003
1933
232
381
2915
2423
1090
2349
1671
732
2778
926
138
2937
1685
320
2604
2779
899
284
1085
2836
2663
2669
753
385
2503
1211
914
2017
2028
78
1415
2161
1682
147
1309
2052
345
792
1711
2561
2117
1094
1787
85
1968
105
2077
1352
2555
1793
1863
1325
2809
12
1481
2147
1370
631
1244
652
2335
2009
2803
1
371
220
191
429
2000
958
784
2835
203
123
2178
1870
2363
964
2506
1477
337
126
1089
1468
2263
654
2678
2791
506
255
355
2266
2833
865
2177
1857
2702
2384
2924
2206
2234
1532
1404
2095
2330
2
1317
2671
1303
606
1061
1124
2893
2251
2614
559
1794
2216
1768
1924
2142
100
2826
1457
2675
2119
271
979
1048
1347
150
1324
2231
2277
1105
310
1075
616
2527
1093
1109
1515
2211
210
2374
1077
1273
171
39
1206
1456
91
1524
1208
2514
1252
1180
913
2082
1187
667
2615
2576
1828
1650
1429
297
250
1100
2519
2570
1811
2393
781
1294
1736
2622
2654
1755
1014
1783
1865
471
1595
973
142
1436
2013
2940
2711
1797
863
2487
58
261
414
2529
1719
2827
1441
937
2243
2063
469
2333
1350
313
491
22
1885
1715
2018
1904
993
2129
274
2599
1851
2184
1767
1134
982
2146
1625
341
748
1864
2106
2155
1298
2571
2227
584
1602
804
257
2441
787
2881
89
1344
1987
216
687
1874
706
2794
1479
970
2479
2301
2910
1125
86
2342
176
1539
1600
1333
1557
1013
446
713
2565
1969
2705
2591
911
2436
2101
1807
2294
1948
1295
1194
309
1947
2034
821
2530
2456
365
1631
1248
807
2898
532
2116
2515
2405
903
332
442
729
2821
64
129
2299
1983
1079
2189
816
2324
2785
1050
1428
1262
2557
1622
112
673
1525
2419
877
1495
2021
2344
2550
2552
2762
290
946
1813
65
486
1953
356
1493
1281
2381
2073
2139
2588
663
335
1241
1761
1772
2777
782
288
1049
439
492
2495
630
2240
2899
1760
62
215
1372
1696
329
716
1961
692
2844
2568
2418
2556
916
2066
2205
1690
193
470
2912
24
1934
407
917
1339
2068
2268
2103
1430
1883
2197
198
2016
2811
547
609
20
2603
2356
2807
587
1444
1676
2296
1991
1618
400
1371
1024
2318
1239
1881
531
1141
1945
1424
802
1304
2112
1550
1319
204
1628
1679
1560
1439
604
2400
714
798
1106
2469
2288
2090
1035
1447
113
2093
2128
2308
1326
1802
1737
1587
2760
1726
1888
938
2087
1492
2430
2908
366
182
2500
2463
2406
1458
1616
226
1315
2316
1710
2577
2086
2092
2847
2305
915
1288
2337
1286
1779
1266
2895
876
447
246
349
1104
187
1878
968
2241
212
543
2355
1025
2157
2121
850
2242
1407
75
2586
2745
222
1110
2720
1482
2272
2690
1756
2166
2567
879
2829
517
2332
54
674
205
1055
1142
1272
2737
1373
1725
785
884
2698
2878
1917
2788
1503
1212
1133
1097
726
1119
2518
1045
455
2046
74
456
1841
2870
2079
640
1919
2774
438
696
79
306
2629
2583
1204
1376
1584
2637
1651
2038
1906
520
999
167
980
342
2443
1925
30
2750
1835
468
1228
1176
1465
2192
450
2563
1224
234
762
1098
2923
989
571
810
2433
836
742
296
2623
1385
1499
2081
31
401
2388
2213
2096
2284
2229
1769
2006
2729
1923
694
411
1130
1985
2627
2611
1931
1158
2846
494
90
1511
1362
118
2295
2751
2455
2056
621
501
1548
1258
790
1053
2621
2488
952
2874
107
2369
2679
656
476
1402
1000
477
2104
1955
896
2078
573
1031
311
2442
482
1057
1310
575
2816
2526
747
1922
233
1145
2376
888
2320
1820
1359
2860
1198
1972
258
110
380
2896
2188
1861
890
2740
2236
2696
1207
2204
1020
709
2593
344
487
218
159
2027
47
95
862
1842
1245
943
1361
2815
1586
1877
1785
1265
1071
569
2319
1757
2549
615
1425
2933
2429
2409
376
986
9
2857
2464
1343
2325
1691
1827
2790
186
1389
148
1540
102
2275
334
2200
2472
2350
2358
939
160
1724
535
1426
266
1369
485
1506
633
1203
624
267
76
2307
185
2859
2062
2421
115
2454
2273
478
241
881
539
96
1544
1871
542
1936
1432
197
1200
2761
331
1901
1356
1970
1277
2122
1526
2334
563
1283
599
526
2941
1822
2660
2643
2394
628
2194
2270
1403
1926
1323
2380
945
1832
1639
1365
554
1153
1993
474
146
1848
1559
637
2864
1490
931
773
2118
576
2768
691
698
1353
1452
1114
1893
1976
1814
2917
300
2818
843
936
857
2174
817
46
2649
2480
2136
2605
1165
1733
2420
2390
1234
1346
1561
610
841
181
2432
2352
1649
214
2032
1666
518
1475
2806
132
1572
321
1296
2708
595
684
2502
2167
158
2169
2871
1637
1150
1957
724
2657
245
1775
4
1162
2634
2560
996
2218
56
1395
436
1971
200
295
17
304
333
2782
1246
2039
1229
2894
1112
1612
1390
2203
1161
277
195
1099
189
2692
1836
51
2397
1564
1363
240
750
1541
2486
2723
2862
2741
1522
2592
1367
2901
1502
2022
2504
2673
1107
1795
428
1293
1416
1348
2676
1932
1442
1517
1504
1127
527
1197
1905
104
390
990
2326
1351
2208
2098
1754
564
503
642
2370
855
2744
838
2040
685
379
2609
1705
131
397
1019
892
830
292
2407
1912
2812
1489
409
2412
568
2822
1192
2935
1227
282
1999
1556
1882
2926
2747
1460
2574
1254
425
1986
1799
2237
1766
2170
1777
373
1942
1330
423
1780
130
1713
263
1448
1887
948
988
1704
1753
1483
1900
2249
2001
801
700
1011
1808
1422
432
746
140
1937
2467
1962
244
585
2887
1843
475
1178
1470
2839
1819
2771
1593
2261
1232
2088
566
480
2417
1750
1786
1944
153
1342
1240
217
1798
2897
2722
2392
207
1687
1568
1486
2466
659
2224
2045
1155
163
448
249
2819
2377
2256
2135
744
2438
211
2233
2513
2041
1800
453
2784
1236
1366
2362
509
1332
2047
2387
2185
1613
1184
1137
870
2108
2602
1938
942
619
2730
2269
954
2734
2619
1418
611
511
493
1443
2704
577
2891
23
2831
368
1680
2383
1220
1570
2682
1892
2670
1270
2606
2279
1707
763
42
1117
1670
280
2019
2458
2415
955
2020
1321
1157
134
2645
1214
2520
2628
2647
11
548
2076
489
1665
2012
2460
1508
2239
161
2843
1128
1209
1749
2775
1080
695
1046
2810
2410
2048
1476
2913
2626
2219
1546
1512
2482
1928
2343
2666
1488
419
2677
2331
343
1322
867
1087
2176
2265
2699
1963
693
1269
1579
350
41
149
2544
275
1773
715
529
196
1964
866
1226
1360
1569
27
666
253
2612
579
2572
2371
845
2035
1193
496
1140
1316
2474
408
179
2267
1852
2195
1609
1300
871
2347
2404
1747
2508
2496

