1 0
2 0
3 0
4 0
5 1
6 1
7 0
8 1
9 0
10 1
11 1
12 1
13 1
14 1
15 0
16 0
17 1
18 1
19 1
20 1
21 1
22 0
23 1
24 1
25 1
26 1
27 1
28 0
29 0
30 0
31 1
32 1
33 1
34 0
35 0
36 0
37 0
38 1
39 0
40 1
41 1
42 0
43 1
44 1
45 0
46 1
47 0
48 0
49 0
50 1
51 0
52 1
53 1
54 0
55 0
56 0
57 0
58 1
59 0
60 1
61 0
62 1
63 1
64 0
65 1
66 1
67 0
68 1
69 0
70 1
71 1
72 0
73 1
74 0
75 0
76 1
77 0
78 1
79 0
80 1
81 0
82 1
83 0
84 1
85 0
86 0
87 0
88 1
89 0
90 1
91 0
92 1
93 0
94 1
95 0
96 1
97 0
98 1
99 0
100 1
101 1
102 1
103 1
104 1
105 0
106 1
107 0
108 1
109 0
110 1
111 0
112 1
113 0
114 0
115 1
116 0
117 0
118 1
119 1
120 0
121 1
122 0
123 1
124 0
125 0
126 1
127 1
128 0
129 0
130 1
131 0
132 0
133 1
134 1
135 0
136 0
137 1
138 1
139 1
140 1
141 1
142 1
143 1
144 1
145 0
146 1
147 0
148 0
149 1
150 1
151 1
152 0
153 1
154 0
155 1
156 0
157 1
158 0
159 1
160 1
161 0
162 1
163 1
164 1
165 1
166 1
167 1
168 1
169 1
170 1
171 0
172 1
173 1
174 0
175 1
176 0
177 0
178 1
179 1
180 1
181 1
182 1
183 1
184 1
185 0
186 1
187 1
188 1
189 0
190 1
191 1
192 0
193 0
194 0
195 1
196 1
197 1
198 0
199 0
200 0
201 0
202 0
203 0
204 1
205 1
206 1
207 0
208 1
209 1
210 1
211 0
212 1
213 0
214 1
215 0
216 1
217 0
218 1
219 0
220 1
221 0
222 1
223 0
224 0
225 0
226 1
227 1
228 0
229 1
230 1
231 1
232 0
233 1
234 0
235 0
236 1
237 0
238 0
239 0
240 1
241 0
242 1
243 0
244 1
245 1
246 1
247 0
248 1
249 0
250 0
251 0
252 1
253 0
254 1
255 1
256 0
257 1
258 0
259 0
260 1
261 1
262 0
263 0
264 0
265 1
266 0
267 0
268 1
269 1
270 0
271 0
272 0
273 0
274 0
275 0
276 0
277 0
278 0
279 0
280 0
281 0
282 0
283 0
284 0
285 0
286 0
287 0
288 0
289 0
290 0
291 0
292 0
293 0
294 0
295 0
296 0
297 0
298 0
299 0
300 0
301 0
302 0
303 0
304 0
305 0
306 0
307 0
308 0
309 0
310 0
311 0
312 0
313 0
314 0
315 0
316 0
317 0
318 0
319 0
320 0
321 0
322 0
323 0
324 0
325 0
326 0
327 0
328 0
329 0
330 0
331 1
332 1
333 1
334 1
335 1
336 1
337 1
338 1
339 1
340 1
341 0
342 0
343 0
344 0
345 0
346 0
347 0
348 0
349 0
350 0
351 0
352 0
353 0
354 0
355 0
356 0
357 0
358 0
359 0
360 0
361 0
362 0
363 0
364 0
365 0
366 0
367 0
368 0
369 0
370 0
371 0
372 0
373 0
374 0
375 0
376 0
377 0
378 1
379 1
380 1
381 1
382 1
383 1
384 1
385 1
386 1
387 1
388 1
389 1
390 0
391 0
392 0
393 0
394 1
395 1
396 1
397 1
398 0
399 0
400 1
401 0
402 0
403 0
404 0
405 0
406 1
407 1
408 1
409 1
410 1
411 1
412 1
413 1
414 0
415 1
416 0
417 1
418 1
419 1
420 1
421 1
422 1
423 0
424 1
425 0
426 0
427 0
428 0
429 0
430 1
431 0
432 0
433 0
434 0
435 0
436 1
437 0
438 0
439 0
440 1
441 0
442 0
443 0
444 0
445 0
446 0
447 1
448 1
449 1
450 1
451 1
452 1
453 1
454 1
455 0
456 0
457 0
458 0
459 0
460 0
461 0
462 1
463 1
464 1
465 1
466 1
467 1
468 1
469 1
470 1
471 1
472 1
473 0
474 0
475 0
476 0
477 1
478 0
479 1
480 1
481 1
482 1
483 1
484 1
485 1
486 1
487 1
488 1
489 1
490 1
491 1
492 1
493 1
494 1
495 1
496 1
497 1
498 1
499 1
500 0
501 1
502 1
503 1
504 1
505 1
506 1
507 1
508 1
509 1
510 1
511 1
512 1
513 1
514 1
515 1
516 1
517 1
518 1
519 1
520 1
521 1
522 0
523 0
524 0
525 0
526 0
527 0
528 0
529 0
530 0
531 0
532 1
533 0
534 1
535 1
536 1
537 1
538 0
539 0
540 0
541 0
542 0
543 0
544 0
545 0
546 0
547 0
548 0
549 0
550 0
551 1
552 0
553 1
554 0
555 1
556 0
557 1
558 1
559 1
560 0
561 1
562 0
563 0
564 0
565 0
566 0
567 0
568 0
569 0
570 0
571 0
572 1
573 1
574 1
575 1
576 1
577 1
578 1
579 1
580 1
581 1
582 1
583 1
584 1
585 1
586 1
587 1
588 0
589 0
590 0
591 0
592 0
593 0
594 0
595 0
596 0
597 0
598 0
599 0
600 0
601 0
602 0
603 0
604 0
605 0
606 0
607 0
608 0
609 0
610 0
611 0
612 0
613 0
614 0
615 0
616 0
617 1
618 1
619 1
620 1
621 1
622 1
623 1
624 1
625 1
626 1
627 1
628 1
629 1
630 1
631 1
632 1
633 1
634 1
635 1
636 1
637 1
638 1
639 1
640 0
641 0
642 0
643 0
644 0
645 0
646 1
647 1
648 1
649 1
650 1
651 1
652 1
653 1
654 1
655 1
656 1
657 1
658 1
659 1
660 1
661 1
662 1
663 1
664 1
665 1
666 1
667 1
668 1
669 1
670 1
671 0
672 0
673 0
674 1
675 0
676 1
677 1
678 1
679 0
680 0
681 0
682 0
683 0
684 0
685 1
686 1
687 1
688 1
689 1
690 1
691 1
692 0
693 0
694 0
695 0
696 1
697 1
698 1
699 1
700 0
701 0
702 0
703 0
704 1
705 1
706 0
707 1
708 0
709 1
710 1
711 0
712 0
713 1
714 1
715 0
716 0
717 0
718 0
719 0
720 1
721 0
722 0
723 0
724 1
725 1
726 1
727 0
728 1
729 1
730 1
731 0
732 0
733 1
734 0
735 1
736 0
737 1
738 0
739 0
740 0
741 1
742 0
743 0
744 1
745 0
746 1
747 0
748 1
749 0
750 1
751 1
752 0
753 0
754 1
755 1
756 0
757 0
758 1
759 1
760 0
761 0
762 1
763 1
764 0
765 0
766 0
767 1
768 1
769 1
770 1
771 1
772 1
773 1
774 1
775 0
776 0
777 0
778 0
779 0
780 0
781 0
782 0
783 0
784 0
785 0
786 0
787 0
788 0
789 0
790 0
791 1
792 1
793 1
794 1
795 1
796 1
797 1
798 1
799 0
800 0
801 0
802 0
803 0
804 0
805 0
806 0
807 1
808 0
809 1
810 1
811 0
812 1
813 0
814 1
815 1
816 0
817 1
818 0
819 1
820 0
821 1
822 0
823 1
824 0
825 1
826 0
827 1
828 1
829 1
830 0
831 0
832 1
833 1
834 0
835 1
836 0
837 0
838 0
839 0
840 0
841 0
842 0
843 0
844 0
845 0
846 1
847 1
848 0
849 1
850 0
851 1
852 0
853 0
854 0
855 1
856 1
857 0
858 1
859 1
860 0
861 1
862 0
863 1
864 0
865 1
866 0
867 1
868 0
869 1
870 0
871 0
872 1
873 1
874 0
875 1
876 0
877 0
878 1
879 0
880 0
881 0
882 1
883 0
884 0
885 1
886 0
887 1
888 0
889 0
890 1
891 0
892 1
893 0
894 1
895 0
896 1
897 0
898 1
899 0
900 1
901 0
902 0
903 1
904 0
905 1
906 0
907 1
908 0
909 1
910 0
911 1
912 0
913 1
914 1
915 0
916 0
917 1
918 1
919 0
920 0
921 1
922 0
923 0
924 1
925 0
926 1
927 0
928 0
929 1
930 1
931 0
932 1
933 1
934 1
935 1
936 1
937 1
938 1
939 1
940 1
941 1
942 1
943 1
944 1
945 1
946 1
947 1
948 1
949 1
950 1
951 1
952 1
953 1
954 1
955 1
956 1
957 1
958 1
959 1
960 0
961 0
962 1
963 0
964 0
965 0
966 0
967 0
968 0
969 0
970 0
971 0
972 0
973 0
974 0
975 0
976 0
977 0
978 0
979 0
980 0
981 0
982 0
983 1
984 1
985 1
986 1
987 1
988 1
989 1
990 1
991 1
992 1
993 1
994 1
995 0
996 0
997 0
998 0
999 0
1000 0
1001 0
1002 0
1003 0
1004 0
1005 0
1006 0
1007 0
1008 0
1009 1
1010 1
1011 1
1012 1
1013 1
1014 1
1015 1
1016 1
1017 1
1018 1
1019 1
1020 0
1021 0
1022 0
1023 0
1024 0
1025 1
1026 1
1027 1
1028 1
1029 1
1030 1
1031 1
1032 1
1033 1
1034 1
1035 1
1036 1
1037 1
1038 1
1039 1
1040 1
1041 1
1042 1
1043 0
1044 0
1045 0
1046 0
1047 0
1048 0
1049 0
1050 0
1051 0
1052 0
1053 0
1054 0
1055 0
1056 0
1057 0
1058 0
1059 0
1060 0
1061 0
1062 0
1063 0
1064 0
1065 0
1066 0
1067 0
1068 0
1069 0
1070 0
1071 0
1072 0
1073 0
1074 0
1075 0
1076 0
1077 0
1078 0
1079 0
1080 0
1081 0
1082 0
1083 0
1084 0
1085 0
1086 0
1087 0
1088 0
1089 0
1090 0
1091 0
1092 0
1093 0
1094 0
1095 0
1096 0
1097 0
1098 0
1099 0
1100 0
1101 0
1102 0
1103 0
1104 0
1105 0
1106 0
1107 0
1108 0
1109 0
1110 0
1111 0
1112 0
1113 0
1114 0
1115 0
1116 0
1117 0
1118 0
1119 0
1120 0
1121 0
1122 0
1123 0
1124 0
1125 0
1126 0
1127 0
1128 0
1129 1
1130 1
1131 1
1132 1
1133 1
1134 1
1135 1
1136 1
1137 1
1138 1
1139 1
1140 1
1141 1
1142 1
1143 1
1144 1
1145 1
1146 1
1147 1
1148 1
1149 1
1150 1
1151 1
1152 1
1153 1
1154 1
1155 1
1156 1
1157 1
1158 1
1159 1
1160 1
1161 1
1162 1
1163 1
1164 1
1165 1
1166 1
1167 1
1168 1
1169 0
1170 0
1171 0
1172 0
1173 0
1174 0
1175 1
1176 1
1177 1
1178 1
1179 1
1180 1
1181 1
1182 1
1183 1
1184 1
1185 1
1186 0
1187 0
1188 0
1189 0
1190 0
1191 0
1192 0
1193 0
1194 0
1195 0
1196 0
1197 0
1198 0
1199 0
1200 0
1201 0
1202 0
1203 1
1204 1
1205 1
1206 1
1207 1
1208 1
1209 1
1210 1
1211 1
1212 1
1213 1
1214 1
1215 1
1216 1
1217 1
1218 1
1219 1
1220 1
1221 1
1222 1
1223 1
1224 1
1225 1
1226 1
1227 1
1228 1
1229 1
1230 1
1231 1
1232 1
1233 1
1234 1
1235 1
1236 1
1237 1
1238 1
1239 0
1240 0
1241 0
1242 0
1243 0
1244 0
1245 0
1246 0
1247 0
1248 0
1249 0
1250 0
1251 0
1252 0
1253 0
1254 0
1255 0
1256 0
1257 0
1258 0
1259 0
1260 0
1261 0
1262 0
1263 0
1264 0
1265 0
1266 0
1267 0
1268 0
1269 0
1270 0
1271 0
1272 0
1273 0
1274 0
1275 0
1276 0
1277 0
1278 0
1279 1
1280 1
1281 1
1282 1
1283 0
1284 0
1285 1
1286 1
1287 0
1288 0
1289 1
1290 1
1291 0
1292 1
1293 0
1294 0
1295 0
1296 0
1297 0
1298 1
1299 1
1300 1
1301 1
1302 0
1303 0
1304 0
1305 0
1306 0
1307 0
1308 0
1309 1
1310 1
1311 0
1312 0
1313 1
1314 1
1315 0
1316 0
1317 1
1318 0
1319 0
1320 1
1321 0
1322 1
1323 0
1324 0
1325 0
1326 0
1327 1
1328 1
1329 0
1330 0
1331 0
1332 0
1333 1
1334 1
1335 1
1336 1
1337 1
1338 1
1339 0
1340 0
1341 0
1342 0
1343 1
1344 1
1345 1
1346 1
1347 0
1348 0
1349 0
1350 0
1351 0
1352 0
1353 0
1354 0
1355 0
1356 0
1357 1
1358 1
1359 1
1360 1
1361 1
1362 1
1363 1
1364 1
1365 1
1366 1
1367 1
1368 1
1369 1
1370 1
1371 1
1372 1
1373 1
1374 1
1375 1
1376 1
1377 1
1378 1
1379 1
1380 1
1381 1
1382 1
1383 1
1384 1
1385 1
1386 1
1387 1
1388 1
1389 1
1390 1
1391 1
1392 1
1393 1
1394 1
1395 0
1396 0
1397 0
1398 0
1399 0
1400 1
1401 1
1402 0
1403 0
1404 1
1405 0
1406 0
1407 0
1408 1
1409 0
1410 0
1411 0
1412 0
1413 0
1414 0
1415 0
1416 0
1417 0
1418 0
1419 0
1420 0
1421 0
1422 0
1423 0
1424 0
1425 1
1426 1
1427 0
1428 0
1429 1
1430 1
1431 1
1432 1
1433 1
1434 1
1435 1
1436 1
1437 1
1438 1
1439 1
1440 1
1441 1
1442 1
1443 1
1444 1
1445 1
1446 1
1447 1
1448 1
1449 1
1450 1
1451 1
1452 1
1453 1
1454 1
1455 1
1456 1
1457 1
1458 1
1459 1
1460 1
1461 1
1462 0
1463 0
1464 0
1465 0
1466 0
1467 1
1468 1
1469 0
1470 1
1471 1
