2904
139
2667
1575
1922
1991
2600
1819
1439
1121
72
606
1381
2543
1703
1778
2088
1836
1200
871
430
1205
2607
2787
207
1968
1193
2446
1605
1475
1109
2086
99
1984
751
1479
2023
2566
2879
1905
1251
1967
315
191
852
510
1516
2469
174
2623
305
1093
487
423
785
2054
2598
2223
489
1444
135
2820
2327
1224
2811
1452
326
1503
2588
2396
2302
2686
421
932
1620
1865
365
1681
1230
916
1981
1824
1699
901
2474
40
1378
2609
1364
39
1368
2648
1009
208
1385
2067
873
2918
2292
1069
1414
498
1409
321
1674
863
1780
1958
43
1483
341
1963
488
351
2388
658
2575
1870
644
277
2229
447
212
1303
640
521
624
2226
898
437
2045
13
2425
1764
134
1512
1252
727
2203
491
2403
2319
1668
1480
1847
85
158
1760
2208
2225
1727
479
1885
1528
2501
1371
1892
1461
1903
165
1582
574
1763
1842
169
1432
2591
1966
274
638
464
857
997
661
626
2729
2752
2064
2293
1158
2908
2502
2246
594
722
261
220
1570
1705
559
52
2626
1367
2059
2230
1891
2938
309
1806
1285
237
1543
2314
2102
1603
646
20
2685
480
2684
161
1295
2404
2927
2838
2001
505
2541
210
663
2275
1622
931
1214
2486
454
1552
877
1005
2504
444
56
1518
670
2849
2093
1072
1549
2162
528
894
586
1090
1817
1320
1027
2924
2707
1170
1682
1198
1457
2325
268
708
812
338
147
1928
2432
2505
536
389
235
403
2037
1813
1219
71
1495
1201
1701
429
1758
2559
2254
124
1812
2655
1375
2896
919
2434
2759
911
1059
1118
2499
2880
1115
2271
350
699
385
38
1655
782
108
2550
28
924
2205
1248
1144
742
1846
178
2842
434
1283
730
1194
346
1752
2895
671
1884
1183
2737
2387
2691
2040
2495
2555
24
2111
2632
345
2383
1333
934
655
864
2139
937
527
2560
1504
412
2700
1092
2016
2011
1786
1866
2350
794
203
2267
181
2333
2509
1737
1113
44
2406
2044
946
579
1637
2134
1796
1041
1612
1490
2784
2297
2657
1247
2449
1096
94
759
2785
2818
1572
2590
1030
969
26
1830
851
1313
2472
2907
2300
144
2636
1226
1473
1294
1601
1038
96
2419
1971
1349
2159
1286
2624
1907
2133
1929
1577
288
695
2919
1880
2075
2581
870
1811
1765
1478
2934
2288
1373
2551
2812
120
2450
1328
1651
2020
2273
2477
217
2876
582
627
1767
1498
2324
1647
129
374
1802
991
2521
69
1208
2537
1411
2882
1702
1853
2669
442
1809
106
2888
2525
76
368
802
740
65
2610
2375
944
2696
630
1366
682
57
842
1740
1538
1434
2515
1139
2701
2427
2373
2790
2393
830
2917
2299
625
2145
2672
1673
469
1270
1717
2291
875
1868
438
361
2519
1666
240
202
1422
187
2606
2755
93
1738
2709
2259
1949
190
2859
2444
623
117
1065
1354
247
140
1363
295
126
2309
2858
2719
398
1273
1919
1491
684
282
2649
2033
1825
68
1970
1122
1775
1879
2158
2637
1082
2808
552
2891
2622
264
2523
384
2886
1244
1935
136
1212
2513
535
1722
687
2321
262
2123
199
216
702
839
256
2608
1678
1689
132
1211
2341
1784
2664
2843
2315
970
2909
1317
2497
1716
1585
1234
224
2135
2149
2736
328
826
591
213
2510
2377
1007
1997
141
1896
2186
222
804
2726
173
2487
2357
2792
188
1757
1839
660
183
2239
610
472
827
2122
1801
1769
1514
281
2077
1279
1723
1011
497
114
945
1708
2750
912
1026
2923
367
2253
231
2089
459
1458
2398
1505
2476
1899
735
425
50
1057
856
683
1520
2593
2675
567
1932
1370
2706
1900
2461
378
2018
570
1263
1278
2231
301
1215
2803
2921
1567
1124
2117
2529
2384
1999
2516
693
410
2480
1519
595
1540
1755
1944
376
1656
917
2220
2527
513
95
1890
1781
821
676
2345
1340
939
2274
2311
696
1228
784
2155
1369
2870
849
1125
936
1430
1114
2602
1545
369
1291
1390
1426
1833
2846
1675
764
2130
2336
125
994
776
1468
0
2662
2330
1338
2105
242
1709
1594
538
1259
1353
2656
1110
1639
1650
1260
2932
296
1978
1163
841
1897
884
1606
2810
2244
1592
2029
909
407
2195
1472
1413
2885
179
1298
1964
1140
86
1126
238
2761
1857
2053
1523
2833
1559
2582
2782
1157
21
1311
2874
1975
1918
175
2140
2237
5
2055
1873
680
858
2095
2739
1974
244
1611
1448
1289
408
107
1979
508
2704
297
29
1421
1534
2310
1685
2730
950
2283
1028
1337
103
1628
1878
2124
2463
2087
987
1081
2372
689
2415
2305
1216
2222
737
951
1258
813
2517
363
2639
2484
138
681
866
2844
419
529
2935
973
404
397
577
905
1330
817
1012
553
1080
792
2365
401
2285
599
2613
1676
1565
1698
278
2193
2599
2085
347
470
836
530
1539
2570
2348
506
2196
456
1785
1400
2408
463
1042
2940
2763
1254
2865
1189
2586
343
1346
2899
837
651
2008
2564
2578
1770
1097
109
2188
371
824
2861
1851
1507
1956
1132
1102
954
1815
2569
847
2171
2689
2939
1874
263
306
1103
2705
2181
2192
2381
1339
1916
831
1120
1362
2180
565
982
977
1195
1465
396
2358
1034
1632
637
2007
592
2308
1670
566
2854
1972
2418
707
1305
180
700
618
2211
23
78
2604
974
1470
209
2150
2024
2922
823
2533
10
1728
1508
2677
748
1243
1275
228
229
476
1449
1014
645
118
105
1162
1641
1713
2298
2751
1138
1203
2585
2506
340
913
163
227
37
1735
992
862
2342
2126
1306
1383
359
2894
1983
63
2063
348
1197
440
539
2201
604
2120
518
1316
533
2154
531
27
2621
1344
2764
356
504
674
1477
2306
2781
2
1828
1148
503
122
1535
82
1058
160
312
1274
285
226
523
732
426
1350
1394
860
1064
2823
2738
749
1921
2241
1783
818
119
2351
798
2152
2167
258
2544
2182
960
1734
1213
1683
1087
620
920
2741
1049
221
1179
1351
1818
935
629
2169
1424
921
768
816
128
1652
2518
2282
211
778
1202
2400
1239
731
2424
1051
2452
2698
581
1312
657
83
2354
1342
886
2802
1774
2773
91
786
532
891
1798
36
634
980
652
2437
1616
1164
2754
2902
1965
1985
2903
449
1996
1838
1793
1510
311
1959
1555
451
767
1569
2412
16
908
763
2318
1001
2717
1787
143
1600
2332
2249
1950
1246
1653
422
1800
1599
2092
9
642
159
2290
2770
2185
1300
1832
615
2362
649
2116
589
289
519
1111
774
1779
1062
1153
1804
1435
1672
1365
2498
74
2374
1962
1302
2734
2366
1455
1609
929
2631
546
45
325
1522
465
2460
2210
499
1910
483
474
1459
2227
400
2209
1726
575
807
406
2413
1820
2746
1961
2163
648
1071
1341
673
738
171
1803
2118
1925
2779
2852
986
2643
2592
667
1661
2715
1635
2207
1898
1525
2851
1724
176
2540
302
2580
1741
1261
728
1602
279
1877
889
2031
1168
1841
1953
100
1418
525
1187
1573
2125
2749
1061
329
2724
2128
1262
522
2579
892
149
2681
2612
2697
2407
1948
2856
2883
806
352
2410
2019
1909
1954
1848
545
2679
588
571
1499
781
568
1843
662
2912
1906
1143
1310
1075
1220
2448
2279
1207
466
719
1441
1496
2577
2574
2695
744
433
415
1893
2678
1568
102
2136
2489
2671
1576
1646
2382
1908
2048
2380
1425
1517
613
1067
2025
22
1117
2478
729
2507
996
2142
248
1129
2699
2071
1529
3
1610
1377
460
1721
959
808
1388
2714
484
2160
584
2936
1691
1536
1881
1940
1982
2635
1463
1976
907
675
1357
2151
797
2110
1074
1020
805
628
283
2929
2534
60
854
1437
616
643
1500
2175
704
2131
1002
2428
127
2313
1015
1788
1904
653
832
1521
1934
2260
1951
1782
2743
2349
1231
1619
1036
1747
2108
1926
357
448
2402
1077
2084
756
1284
2057
829
1429
1654
2353
1707
516
1636
867
1556
2471
2091
386
558
1334
2576
1827
608
1588
694
354
1771
961
2056
1177
332
1489
2871
2573
1112
1181
155
879
1173
1167
688
1460
736
418
1024
1016
1872
2184
1614
452
1013
2457
1238
669
1977
1379
1280
632
2869
668
2702
2500
225
2335
551
846
547
1566
711
984
1236
918
890
1315
6
2783
780
955
432
2264
2634
833
313
1331
1597
2775
1742
1532
746
815
578
1581
2361
300
1583
507
1563
2587
843
349
1642
2542
665
1089
1706
32
97
2146
2767
2795
716
2323
2663
1615
375
123
725
1267
2786
1624
2074
420
2251
2565
1031
1829
2433
2234
721
989
2069
520
2289
2099
2711
2003
713
2391
1191
493
726
1156
2801
66
2549
639
1209
1255
585
956
2910
2572
2877
1648
206
249
1859
1831
1714
2659
1869
1044
2013
336
2615
1419
880
1056
1047
342
2395
2194
393
2456
1003
337
12
573
1580
2414
2589
293
1777
868
1046
2115
395
2665
1947
1989
1502
621
512
2848
2941
2183
215
1618
2106
923
1281
1541
2633
1531
769
1412
1272
2316
2312
223
75
1420
2261
1664
1990
382
2768
77
2554
193
1150
2799
2303
2742
310
276
2270
2735
2100
1697
275
878
2401
2199
1070
1410
2215
2822
1875
2458
838
2076
825
2816
2397
703
2287
1464
46
583
55
1659
290
1515
90
184
1822
2496
861
2083
1321
333
2394
427
1416
598
1511
895
2625
2834
723
2728
561
265
1232
1218
1590
933
1643
2052
1386
1644
1634
1108
976
1399
1998
330
2756
1107
2301
478
718
2028
1487
1625
2481
1423
1382
2511
1128
2772
617
1433
1104
554
983
2467
619
2584
1
2017
339
2334
593
2926
1292
1915
1749
2690
771
2284
2329
1152
260
2440
2263
2829
1942
2200
2716
712
2916
1223
1185
2841
922
998
49
906
2708
999
273
2360
284
2276
294
1039
2043
897
2405
1304
2766
1923
958
18
1391
1406
2006
1266
2798
116
853
2103
486
15
1946
1083
1137
1736
2479
1192
2022
1766
2012
2060
1816
1917
1405
1229
455
1095
2030
1440
1743
515
1165
903
2114
458
482
1840
112
1794
1454
1604
1690
971
1288
1762
1401
1607
2660
323
286
2594
243
192
2867
1773
370
1265
1791
840
2202
1307
2797
1527
1684
1557
4
2769
1887
1744
115
2371
679
1119
1098
2256
2900
1171
81
2454
1221
787
2791
1225
2873
2508
1048
194
2127
446
614
435
2442
602
1645
540
2459
953
2807
2597
720
2494
2376
7
1417
2824
1398
2727
2826
1154
2723
364
876
1174
1123
1562
635
2539
2640
968
1029
2545
1264
791
2153
544
2819
647
2620
600
1130
2897
1671
494
177
2051
2872
47
272
948
2041
2119
2409
387
2221
1073
1821
1178
259
1006
2933
270
1589
2862
2238
1106
1808
1526
985
41
2379
2370
1242
2837
1561
1759
2331
765
1085
1805
2774
883
881
714
379
1513
835
1079
197
2937
697
1485
166
659
1335
2488
1960
2892
2107
828
2417
1530
1329
557
2295
2026
1438
2219
1360
2611
1933
1493
2563
914
253
1799
1901
2645
1776
795
2187
2552
1235
1988
666
2304
692
1578
915
754
137
2881
2653
1299
1627
1345
2141
2668
1268
2416
1936
1352
1849
636
1712
196
2720
324
2638
930
1355
1667
2491
1547
724
788
2296
1584
233
1537
424
2423
1476
2911
686
431
2268
2161
902
701
1554
2654
2390
1855
1043
1188
2485
1050
1446
2050
1025
373
1621
885
1633
1943
2000
1250
677
61
993
266
1301
1913
1995
2359
564
755
2793
2825
1237
390
2863
53
2522
2174
33
2712
2780
941
1745
872
2438
775
298
1256
1245
2005
957
2528
556
1553
35
2868
2307
1063
1945
678
949
251
2294
2061
1172
58
1845
2688
1068
150
468
1931
1210
2931
979
1166
2212
471
2747
2137
555
609
1035
1241
2242
167
1323
411
2097
1772
1730
783
1506
2661
2368
182
1700
164
475
2445
793
2722
316
2113
1008
110
473
2465
2369
1222
2788
2411
2058
1151
1319
2836
2906
710
2884
1930
2216
1481
1663
2090
1427
73
2081
2189
1693
157
1033
2109
204
2725
1407
133
739
757
511
524
2198
2421
2647
962
1469
232
910
1860
2179
1392
2831
1862
1099
1810
2914
2104
2148
750
1045
2692
2235
633
1871
1494
2286
1395
1325
1326
1159
2431
2157
1864
1807
2426
706
799
2399
1358
1145
1914
317
1980
2860
2652
2666
1199
189
2827
601
84
291
1718
2765
1834
1662
2536
845
1754
1711
1533
195
2352
319
1000
1544
2913
1040
2815
500
811
2776
2694
925
1023
2178
2079
2272
1753
402
2010
587
1564
344
1844
17
1482
2568
2439
1889
2840
1297
943
1729
1021
1854
2731
2603
322
2828
1348
2531
1883
1623
1792
1957
1587
865
1856
2281
1249
151
2641
2866
2121
2595
848
2821
2878
611
241
2644
1617
2322
318
2240
1710
1679
2385
2277
1863
1660
1182
2049
981
1720
130
641
1387
1217
1876
2733
1436
590
280
236
185
631
2642
1327
2777
1688
101
1022
773
152
162
366
1004
800
146
2530
1253
1888
2173
111
1347
450
926
98
2066
810
2096
2740
2473
1719
89
964
2252
1471
1837
1486
2129
1332
502
888
186
1696
1453
752
1160
1277
246
2713
2526
2143
1797
887
2435
153
990
844
766
30
1318
2571
2032
1795
2817
2558
254
2165
1927
1169
2233
1761
1184
928
2101
2627
79
355
2553
2538
1066
2492
2601
2744
2757
1296
2520
1920
2265
1078
690
2814
2082
2248
1135
2490
1669
2464
2436
1924
1894
563
496
62
1952
383
2363
2170
2326
517
1206
1546
1054
2364
230
1415
1105
200
501
31
1902
2646
2503
2015
2683
1019
2429
1389
2343
1134
1524
145
2021
2112
2920
2132
2036
1290
537
1474
607
1032
441
1116
2771
2065
481
2898
1149
245
1969
534
790
597
685
234
2262
942
576
2035
2800
2392
1361
560
1501
1677
2191
1287
760
893
2629
467
168
353
745
443
64
1598
940
822
2177
2278
2778
1271
257
1053
358
715
2080
34
2721
1658
2197
1937
1768
1725
603
672
2172
2532
1750
1593
801
904
1993
975
1396
304
1626
2046
1161
2650
1732
394
966
1571
1052
2864
299
308
381
1372
1356
819
1882
388
1631
462
1895
1835
362
457
2062
48
2893
405
1911
2451
2213
1551
1850
1094
938
514
409
2804
372
543
896
1402
1595
809
509
42
121
2813
428
1715
2535
2762
19
2805
2422
490
413
2617
1608
2493
1186
1233
1374
777
1431
820
88
292
2228
2850
1403
2468
2190
789
1180
2562
131
2855
900
2482
2144
1548
1467
2796
1613
2889
1986
453
2317
2462
1276
1466
605
758
2355
1450
2269
1309
1101
965
2789
1055
113
2470
2758
1558
2455
219
2748
2073
1380
1680
1404
417
314
1445
1630
1155
1091
67
2430
2443
1141
2703
1973
2255
1509
2346
2616
1314
331
495
2147
2901
2072
205
2630
947
717
445
2745
1196
850
1269
1142
1789
2236
2257
1858
287
2206
2680
691
436
461
414
1136
2367
8
963
654
2853
1739
399
2512
267
252
2447
1131
271
2753
2027
1443
2420
1638
154
334
2687
255
1488
1060
1336
1175
859
741
550
1596
2339
650
2548
2809
1376
2138
772
1076
2347
1586
2524
1756
762
360
2245
1442
1146
2557
549
882
2605
2794
170
2875
1790
874
1731
214
239
2004
1293
1938
869
142
2218
1084
1393
2258
899
1462
2583
2156
1408
172
1591
1456
562
2340
1492
2078
1861
2247
1018
14
59
1010
380
572
92
1629
2567
1886
526
320
1852
2166
1657
927
477
2204
978
2596
656
250
2658
814
303
439
2176
2925
1704
770
2930
541
709
1912
2561
1748
753
1127
779
335
104
2164
734
2039
1542
2266
1665
2673
1324
1751
2337
988
2556
2674
2618
1308
1694
1823
1384
803
2670
1941
2835
2847
1088
705
2732
796
2483
2547
1574
25
148
569
2168
377
392
1746
1240
218
1343
2034
11
2915
391
2475
2389
1227
51
2890
698
87
2094
2453
1686
1939
952
1826
2845
542
1133
1204
1017
612
2832
2514
2651
1640
2038
2356
747
743
1955
548
269
1447
1257
1282
2718
1322
307
1147
2614
2217
2887
1428
733
1176
1692
1733
1992
1397
2928
596
1100
2344
2280
2098
2214
2693
2068
2014
1814
327
2682
1987
2806
201
198
485
2760
2628
2002
1497
156
1695
972
2546
1451
2839
622
80
2243
855
2378
834
2466
1867
2224
54
1086
1687
2386
995
70
2047
761
2328
1037
1994
2830
1190
1649
1359
1560
2619
2250
2338
664
416
2905
967
2676
1484
2710
1579
2441
2857
492
1550
2009
2232
2320
580
2070
2042

