1 0
2 1
3 0
4 0
5 0
6 0
7 0
8 0
9 1
10 0
11 0
12 0
13 0
14 0
15 1
16 1
17 1
18 1
19 1
20 1
21 1
22 0
23 1
24 0
25 1
26 0
27 0
28 0
29 0
30 1
31 0
32 1
33 1
34 1
35 1
36 1
37 0
38 1
39 0
40 1
41 0
42 1
43 0
44 0
45 0
46 1
47 1
48 0
49 0
50 1
51 0
52 0
53 0
54 1
55 0
56 1
57 1
58 1
59 0
60 0
61 0
62 1
63 0
64 0
65 1
66 0
67 1
68 1
69 1
70 0
71 1
72 0
73 0
74 0
75 1
76 0
77 1
78 0
79 0
80 1
81 1
82 1
83 1
84 0
85 0
86 1
87 1
88 1
89 0
90 0
91 1
92 1
93 0
94 0
95 1
96 0
97 1
98 0
99 0
100 0
101 1
102 1
103 1
104 0
105 1
106 1
107 0
108 0
109 1
110 1
111 1
112 0
113 1
114 0
115 1
116 1
117 1
118 0
119 0
120 0
121 0
122 0
123 0
124 1
125 1
126 0
127 0
128 0
129 0
130 1
131 0
132 1
133 1
134 0
135 1
136 1
137 1
138 1
139 0
140 1
141 1
142 0
143 0
144 1
145 0
146 1
147 0
148 1
149 1
150 1
151 1
152 0
153 0
154 1
155 0
156 0
157 0
158 0
159 1
160 1
161 1
162 0
163 1
164 0
165 1
166 1
167 0
168 1
169 0
170 0
171 0
172 0
173 1
174 0
175 1
176 1
177 1
178 1
179 1
180 1
181 1
182 0
183 0
184 0
185 0
186 1
187 1
188 1
189 1
190 1
191 1
192 0
193 0
194 0
195 1
196 0
197 1
198 0
199 0
200 1
201 0
202 1
203 0
204 0
205 1
206 1
207 1
208 0
209 0
210 0
211 1
212 0
213 1
214 1
215 0
216 0
217 0
218 1
219 0
220 1
221 0
222 1
223 0
224 0
225 0
226 0
227 0
228 1
229 1
230 1
231 1
232 1
233 0
234 0
235 1
236 0
237 1
238 1
239 0
240 0
241 0
242 0
243 1
244 0
245 1
246 0
247 0
248 1
249 1
250 1
251 1
252 0
253 0
254 1
255 0
256 1
257 0
258 1
259 1
260 1
261 0
262 0
263 1
264 1
265 1
266 0
267 0
268 0
269 1
270 1
271 1
272 1
273 1
274 0
275 0
276 1
277 1
278 1
279 1
280 1
281 0
282 1
283 1
284 1
285 0
286 1
287 1
288 1
289 0
290 1
291 1
292 1
293 0
294 1
295 1
296 0
297 1
298 1
299 1
300 0
301 0
302 0
303 1
304 1
305 1
306 1
307 1
308 1
309 1
310 1
311 0
312 1
313 0
314 0
315 1
316 1
317 0
318 1
319 0
320 0
321 0
322 0
323 1
324 0
325 0
326 0
327 1
328 1
329 0
330 1
331 0
332 0
333 0
334 1
335 0
336 0
337 0
338 1
339 0
340 1
341 0
342 1
343 0
344 0
345 1
346 0
347 1
348 1
349 1
350 1
351 0
352 0
353 1
354 1
355 0
356 0
357 1
358 0
359 0
360 1
361 1
362 0
363 1
364 0
365 1
366 1
367 1
368 1
369 1
370 1
371 0
372 1
373 1
374 0
375 0
376 0
377 0
378 0
379 0
380 0
381 0
382 1
383 1
384 1
385 0
386 0
387 0
388 0
389 0
390 1
391 0
392 0
393 0
394 0
395 1
396 0
397 1
398 1
399 0
400 1
401 0
402 0
403 0
404 0
405 0
406 0
407 1
408 1
409 0
410 0
411 0
412 0
413 0
414 0
415 1
416 1
417 0
418 0
419 0
420 0
421 0
422 1
423 1
424 0
425 1
426 0
427 0
428 1
429 1
430 1
431 0
432 0
433 0
434 1
435 0
436 0
437 0
438 0
439 1
440 0
441 1
442 0
443 0
444 1
445 1
446 0
447 0
448 0
449 1
450 1
451 1
452 1
453 0
454 0
455 1
456 0
457 0
458 0
459 1
460 1
461 0
462 1
463 0
464 1
465 0
466 0
467 1
468 1
469 1
470 0
471 0
472 1
473 0
474 1
475 1
476 0
477 1
478 1
479 0
480 0
481 0
482 1
483 0
484 1
485 1
486 1
487 0
488 0
489 1
490 0
491 0
492 0
493 1
494 1
495 0
496 0
497 1
498 1
499 1
500 1
501 1
502 0
503 1
504 1
505 0
506 1
507 0
508 1
509 0
510 0
511 1
512 1
513 1
514 0
515 0
516 1
517 0
518 1
519 1
520 1
521 1
522 1
523 0
524 1
525 1
526 1
527 1
528 0
529 1
530 1
531 1
532 1
533 0
534 1
535 0
536 0
537 1
538 0
539 0
540 0
541 1
542 0
543 0
544 0
545 0
546 0
547 0
548 1
549 0
550 0
551 1
552 0
553 0
554 0
555 1
556 1
557 0
558 1
559 1
560 1
561 0
562 0
563 0
564 0
565 0
566 0
567 1
568 1
569 0
570 0
571 1
572 0
573 1
574 0
575 0
576 1
577 1
578 0
579 1
580 1
581 1
582 0
583 0
584 1
585 0
586 1
587 0
588 0
589 0
590 1
591 0
592 1
593 0
594 1
595 1
596 0
597 0
598 0
599 0
600 0
601 0
602 1
603 1
604 0
605 1
606 1
607 0
608 0
609 0
610 0
611 0
612 0
613 0
614 0
615 1
616 0
617 1
618 0
619 0
620 0
621 0
622 0
623 0
624 0
625 1
626 1
627 0
628 1
629 0
630 1
631 0
632 1
633 0
634 1
635 1
636 1
637 1
638 0
639 0
640 1
641 0
642 0
643 1
644 1
645 0
646 0
647 0
648 1
649 0
650 0
651 1
652 0
653 0
654 1
655 1
656 0
657 0
658 1
659 0
660 0
661 0
662 0
663 0
664 1
665 1
666 0
667 1
668 0
669 1
670 0
671 1
672 0
673 1
674 1
675 0
676 1
677 0
678 1
679 0
680 0
681 0
682 1
683 1
684 0
685 0
686 1
687 1
688 0
689 1
690 0
691 0
692 0
693 1
694 0
695 0
696 0
697 1
698 1
699 0
700 0
701 1
702 1
703 0
704 0
705 1
706 1
707 0
708 1
709 1
710 0
711 1
712 1
713 1
714 0
715 1
716 0
717 1
718 0
719 1
720 0
721 0
722 1
723 0
724 0
725 0
726 1
727 0
728 0
729 0
730 1
731 0
732 0
733 0
734 0
735 1
736 0
737 1
738 1
739 0
740 0
741 0
742 0
743 1
744 0
745 0
746 0
747 1
748 0
749 1
750 0
751 1
752 1
753 0
754 0
755 1
756 1
757 1
758 1
759 1
760 0
761 1
762 0
763 1
764 0
765 0
766 0
767 1
768 0
769 1
770 0
771 0
772 1
773 0
774 0
775 1
776 1
777 0
778 0
779 1
780 0
781 1
782 1
783 1
784 0
785 1
786 0
787 1
788 1
789 1
790 0
791 1
792 0
793 1
794 1
795 0
796 1
797 0
798 0
799 1
800 1
801 1
802 1
803 0
804 0
805 0
806 1
807 1
808 1
809 1
810 1
811 1
812 1
813 0
814 1
815 1
816 0
817 0
818 1
819 1
820 0
821 1
822 0
823 0
824 0
825 1
826 1
827 0
828 1
829 1
830 0
831 1
832 0
833 1
834 1
835 0
836 1
837 0
838 0
839 1
840 0
841 1
842 1
843 1
844 0
845 0
846 1
847 1
848 1
849 0
850 1
851 0
852 1
853 1
854 0
855 0
856 1
857 1
858 1
859 0
860 0
861 0
862 0
863 0
864 1
865 1
866 1
867 1
868 0
869 1
870 1
871 0
872 0
873 1
874 1
875 0
876 1
877 1
878 0
879 1
880 0
881 1
882 0
883 1
884 1
885 0
886 0
887 0
888 1
889 0
890 0
891 0
892 1
893 0
894 0
895 0
896 0
897 0
898 1
899 1
900 0
901 0
902 0
903 0
904 1
905 1
906 1
907 1
908 1
909 1
910 0
911 0
912 1
913 0
914 1
915 0
916 0
917 0
918 0
919 1
920 0
921 0
922 0
923 0
924 0
925 0
926 1
927 1
928 1
929 0
930 0
931 1
932 0
933 0
934 1
935 0
936 0
937 0
938 1
939 0
940 0
941 0
942 0
943 0
944 0
945 1
946 0
947 1
948 1
949 1
950 1
951 0
952 0
953 1
954 0
955 1
956 0
957 1
958 1
959 0
960 1
961 0
962 0
963 0
964 0
965 1
966 1
967 1
968 0
969 0
970 0
971 0
972 1
973 0
974 1
975 0
976 0
977 0
978 1
979 0
980 1
981 0
982 1
983 0
984 0
985 0
986 1
987 1
988 0
989 1
990 1
991 0
992 0
993 0
994 1
995 0
996 1
997 0
998 1
999 0
1000 1
1001 0
1002 1
1003 0
1004 1
1005 1
1006 1
1007 0
1008 1
1009 0
1010 0
1011 0
1012 0
1013 1
1014 1
1015 1
1016 1
1017 0
1018 0
1019 1
1020 0
1021 0
1022 1
1023 0
1024 1
1025 1
1026 0
1027 0
1028 1
1029 1
1030 1
1031 0
1032 0
1033 0
1034 1
1035 1
1036 1
1037 1
1038 0
1039 0
1040 0
1041 0
1042 0
1043 0
1044 0
1045 0
1046 0
1047 1
1048 1
1049 0
1050 1
1051 0
1052 0
1053 1
1054 0
1055 0
1056 0
1057 0
1058 0
1059 1
1060 1
1061 0
1062 0
1063 1
1064 1
1065 0
1066 0
1067 0
1068 0
1069 1
1070 1
1071 1
1072 1
1073 0
1074 0
1075 1
1076 0
1077 0
1078 1
1079 0
1080 0
1081 0
1082 1
1083 1
1084 1
1085 1
1086 1
1087 0
1088 0
1089 1
1090 1
1091 0
1092 1
1093 1
1094 0
1095 0
1096 0
1097 0
1098 0
1099 0
1100 0
1101 0
1102 1
1103 0
1104 1
1105 1
1106 0
1107 0
1108 1
1109 0
1110 1
1111 0
1112 0
1113 0
1114 0
1115 0
1116 1
1117 1
1118 0
1119 0
1120 0
1121 0
1122 0
1123 0
1124 0
1125 0
1126 0
1127 0
1128 0
1129 1
1130 1
1131 0
1132 0
1133 0
1134 0
1135 1
1136 0
1137 0
1138 1
1139 1
1140 0
1141 1
1142 1
1143 0
1144 1
1145 0
1146 1
1147 0
1148 0
1149 1
1150 1
1151 1
1152 0
1153 0
1154 1
1155 0
1156 0
1157 0
1158 1
1159 1
1160 0
1161 0
1162 0
1163 0
1164 0
1165 1
1166 0
1167 0
1168 1
1169 0
1170 0
1171 1
1172 0
1173 0
1174 1
1175 1
1176 0
1177 0
1178 1
1179 1
1180 0
1181 1
1182 1
1183 1
1184 1
1185 0
1186 0
1187 0
1188 1
1189 0
1190 1
1191 0
1192 1
1193 0
1194 0
1195 0
1196 0
1197 0
1198 0
1199 1
1200 0
1201 1
1202 1
1203 0
1204 0
1205 1
1206 1
1207 1
1208 1
1209 0
1210 1
1211 0
1212 0
1213 1
1214 0
1215 0
1216 1
1217 0
1218 0
1219 1
1220 0
1221 1
1222 1
1223 1
1224 0
1225 1
1226 1
1227 1
1228 1
1229 1
1230 0
1231 1
1232 1
1233 0
1234 0
1235 0
1236 1
1237 1
1238 0
1239 1
1240 0
1241 1
1242 0
1243 0
1244 1
1245 1
1246 1
1247 0
1248 1
1249 0
1250 0
1251 1
1252 1
1253 0
1254 0
1255 0
1256 1
1257 0
1258 1
1259 0
1260 0
1261 1
1262 1
1263 0
1264 1
1265 1
1266 0
1267 1
1268 1
1269 1
1270 1
1271 0
1272 1
1273 0
1274 1
1275 1
1276 0
1277 0
1278 0
1279 0
1280 1
1281 0
1282 0
1283 1
1284 1
1285 0
1286 0
1287 1
1288 0
1289 1
1290 0
1291 1
1292 1
1293 0
1294 1
1295 1
1296 1
1297 1
1298 1
1299 0
1300 0
1301 0
1302 0
1303 0
1304 1
1305 1
1306 0
1307 1
1308 1
1309 1
1310 1
1311 0
1312 0
1313 1
1314 0
1315 0
1316 1
1317 0
1318 0
1319 1
1320 1
1321 0
1322 0
1323 1
1324 1
1325 1
1326 1
1327 1
1328 1
1329 0
1330 1
1331 1
1332 1
1333 1
1334 1
1335 1
1336 0
1337 0
1338 1
1339 1
1340 0
1341 1
1342 1
1343 1
1344 0
1345 0
1346 1
1347 0
1348 0
1349 1
1350 0
1351 1
1352 1
1353 0
1354 0
1355 1
1356 0
1357 0
1358 1
1359 0
1360 0
1361 0
1362 0
1363 0
1364 1
1365 1
1366 0
1367 0
1368 0
1369 1
1370 1
1371 1
1372 1
1373 1
1374 1
1375 0
1376 1
1377 1
1378 1
1379 1
1380 0
1381 1
1382 0
1383 0
1384 0
1385 0
1386 1
1387 1
1388 1
1389 1
1390 1
1391 1
1392 0
1393 1
1394 1
1395 1
1396 0
1397 1
1398 1
1399 0
1400 0
1401 1
1402 1
1403 0
1404 1
1405 0
1406 1
1407 0
1408 0
1409 1
1410 0
1411 0
1412 0
1413 1
1414 1
1415 0
1416 1
1417 0
1418 0
1419 0
1420 0
1421 1
1422 0
1423 0
1424 1
1425 1
1426 1
1427 1
1428 1
1429 0
1430 1
1431 1
1432 1
1433 1
1434 0
1435 1
1436 0
1437 1
1438 0
1439 0
1440 0
1441 1
1442 1
1443 0
1444 0
1445 1
1446 0
1447 0
1448 0
1449 1
1450 0
1451 1
1452 1
1453 1
1454 1
1455 1
1456 0
1457 1
1458 1
1459 1
1460 1
1461 0
1462 1
1463 0
1464 1
1465 0
1466 0
1467 0
1468 0
1469 0
1470 0
1471 0
