1 0
2 1
3 0
4 0
5 1
6 1
7 0
8 0
9 0
10 0
11 0
12 0
13 1
14 0
15 0
16 0
17 1
18 0
19 0
20 0
21 0
22 1
23 1
24 1
25 1
26 0
27 1
28 1
29 0
30 0
31 0
32 0
33 1
34 1
35 1
36 1
37 0
38 1
39 0
40 1
41 0
42 1
43 1
44 1
45 0
46 0
47 1
48 1
49 1
50 0
51 0
52 0
53 0
54 0
55 1
56 0
57 1
58 1
59 1
60 1
61 0
62 0
63 0
64 0
65 1
66 0
67 0
68 1
69 0
70 1
71 1
72 0
73 0
74 1
75 1
76 0
77 1
78 0
79 0
80 1
81 0
82 1
83 0
84 0
85 0
86 1
87 1
88 1
89 0
90 1
91 1
92 0
93 0
94 0
95 0
96 1
97 1
98 0
99 1
100 0
101 0
102 1
103 1
104 1
105 1
106 1
107 1
108 0
109 1
110 0
111 1
112 0
113 1
114 0
115 0
116 0
117 1
118 0
119 1
120 1
121 0
122 1
123 1
124 0
125 1
126 1
127 0
128 0
129 0
130 1
131 1
132 0
133 1
134 0
135 1
136 1
137 0
138 0
139 1
140 0
141 0
142 1
143 0
144 1
145 1
146 0
147 1
148 1
149 0
150 0
151 0
152 1
153 0
154 1
155 0
156 1
157 0
158 1
159 0
160 0
161 0
162 0
163 1
164 1
165 1
166 1
167 0
168 0
169 1
170 0
171 1
172 1
173 1
174 0
175 1
176 1
177 0
178 1
179 0
180 0
181 1
182 0
183 1
184 1
185 0
186 0
187 0
188 1
189 0
190 0
191 0
192 1
193 1
194 1
195 0
196 0
197 1
198 0
199 0
200 1
201 1
202 1
203 0
204 1
205 1
206 0
207 1
208 0
209 1
210 0
211 1
212 0
213 0
214 0
215 0
216 0
217 0
218 1
219 1
220 1
221 1
222 0
223 0
224 1
225 1
226 0
227 0
228 1
229 1
230 0
231 1
232 1
233 0
234 1
235 1
236 1
237 0
238 0
239 1
240 1
241 1
242 1
243 0
244 1
245 0
246 0
247 1
248 1
249 0
250 1
251 0
252 0
253 0
254 1
255 0
256 1
257 1
258 0
259 0
260 1
261 1
262 0
263 1
264 0
265 1
266 0
267 1
268 0
269 0
270 1
271 0
272 1
273 1
274 1
275 0
276 0
277 1
278 1
279 1
280 1
281 1
282 0
283 0
284 0
285 1
286 0
287 1
288 1
289 1
290 0
291 1
292 0
293 0
294 1
295 0
296 0
297 1
298 1
299 0
300 0
301 1
302 1
303 0
304 1
305 0
306 0
307 1
308 0
309 1
310 0
311 1
312 1
313 1
314 0
315 0
316 1
317 1
318 0
319 0
320 0
321 1
322 1
323 0
324 1
325 0
326 1
327 1
328 1
329 1
330 0
331 1
332 1
333 1
334 0
335 0
336 1
337 0
338 1
339 1
340 1
341 1
342 0
343 1
344 1
345 1
346 1
347 1
348 1
349 0
350 1
351 0
352 1
353 0
354 1
355 1
356 1
357 0
358 1
359 1
360 1
361 1
362 1
363 0
364 1
365 1
366 0
367 1
368 1
369 0
370 0
371 0
372 1
373 1
374 1
375 1
376 0
377 1
378 0
379 1
380 0
381 1
382 0
383 1
384 0
385 1
386 0
387 0
388 0
389 1
390 1
391 1
392 1
393 1
394 1
395 0
396 1
397 1
398 0
399 1
400 0
401 1
402 0
403 0
404 1
405 1
406 0
407 1
408 0
409 1
410 0
411 0
412 1
413 1
414 1
415 0
416 1
417 1
418 0
419 1
420 0
421 1
422 0
423 1
424 0
425 1
426 0
427 1
428 1
429 0
430 1
431 0
432 1
433 0
434 1
435 1
436 0
437 0
438 0
439 1
440 1
441 1
442 0
443 1
444 1
445 1
446 1
447 0
448 0
449 1
450 0
451 0
452 0
453 0
454 0
455 1
456 1
457 1
458 0
459 0
460 1
461 0
462 1
463 0
464 0
465 1
466 1
467 0
468 0
469 0
470 1
471 1
472 0
473 0
474 0
475 1
476 0
477 1
478 1
479 0
480 1
481 0
482 1
483 1
484 0
485 1
486 1
487 0
488 0
489 0
490 1
491 0
492 0
493 0
494 0
495 1
496 0
497 0
498 0
499 1
500 1
501 0
502 0
503 0
504 1
505 1
506 0
507 1
508 0
509 1
510 0
511 0
512 1
513 1
514 0
515 1
516 0
517 0
518 0
519 1
520 1
521 1
522 0
523 0
524 0
525 1
526 0
527 1
528 1
529 1
530 1
531 0
532 0
533 1
534 0
535 0
536 0
537 1
538 0
539 1
540 0
541 0
542 1
543 1
544 1
545 1
546 1
547 1
548 1
549 1
550 0
551 1
552 0
553 0
554 1
555 1
556 0
557 1
558 0
559 1
560 1
561 0
562 0
563 0
564 1
565 1
566 1
567 0
568 0
569 0
570 1
571 0
572 1
573 1
574 1
575 1
576 1
577 0
578 0
579 1
580 1
581 1
582 0
583 1
584 1
585 0
586 0
587 1
588 0
589 1
590 0
591 1
592 0
593 0
594 0
595 0
596 0
597 0
598 1
599 0
600 0
601 1
602 0
603 0
604 1
605 1
606 0
607 1
608 0
609 1
610 1
611 1
612 0
613 1
614 0
615 0
616 0
617 0
618 1
619 0
620 1
621 0
622 1
623 0
624 1
625 0
626 0
627 1
628 0
629 0
630 1
631 0
632 1
633 0
634 0
635 0
636 0
637 1
638 0
639 1
640 0
641 1
642 1
643 0
644 1
645 1
646 1
647 1
648 0
649 0
650 1
651 0
652 1
653 1
654 0
655 1
656 1
657 0
658 1
659 0
660 0
661 0
662 0
663 0
664 0
665 0
666 1
667 0
668 1
669 1
670 0
671 0
672 0
673 1
674 1
675 0
676 1
677 1
678 0
679 1
680 1
681 0
682 0
683 1
684 0
685 0
686 1
687 0
688 0
689 1
690 0
691 1
692 1
693 1
694 0
695 0
696 1
697 1
698 1
699 0
700 1
701 1
702 0
703 1
704 1
705 0
706 1
707 0
708 1
709 1
710 1
711 1
712 1
713 1
714 1
715 0
716 1
717 0
718 1
719 0
720 0
721 1
722 1
723 0
724 0
725 1
726 0
727 1
728 1
729 1
730 1
731 0
732 0
733 0
734 1
735 0
736 0
737 1
738 1
739 1
740 0
741 0
742 0
743 0
744 0
745 0
746 0
747 0
748 0
749 0
750 0
751 1
752 0
753 0
754 1
755 0
756 1
757 0
758 1
759 0
760 1
761 0
762 1
763 0
764 1
765 0
766 1
767 0
768 1
769 1
770 1
771 1
772 1
773 1
774 1
775 0
776 0
777 1
778 0
779 1
780 1
781 0
782 1
783 0
784 1
785 0
786 1
787 0
788 1
789 1
790 0
791 0
792 1
793 1
794 0
795 1
796 0
797 1
798 0
799 1
800 0
801 1
802 1
803 0
804 1
805 1
806 0
807 1
808 0
809 1
810 1
811 1
812 1
813 1
814 0
815 1
816 0
817 0
818 1
819 0
820 1
821 1
822 1
823 0
824 1
825 0
826 1
827 0
828 0
829 1
830 1
831 0
832 1
833 0
834 0
835 1
836 1
837 1
838 1
839 1
840 0
841 1
842 0
843 1
844 1
845 1
846 1
847 0
848 1
849 0
850 1
851 0
852 0
853 1
854 0
855 0
856 0
857 1
858 0
859 0
860 1
861 0
862 1
863 0
864 0
865 0
866 1
867 0
868 1
869 0
870 0
871 0
872 1
873 1
874 0
875 1
876 1
877 0
878 1
879 0
880 1
881 0
882 0
883 1
884 0
885 0
886 0
887 0
888 0
889 0
890 1
891 1
892 1
893 1
894 0
895 0
896 0
897 0
898 0
899 1
900 1
901 0
902 0
903 0
904 1
905 1
906 1
907 1
908 1
909 1
910 0
911 1
912 1
913 1
914 0
915 1
916 1
917 1
918 0
919 1
920 0
921 1
922 0
923 1
924 0
925 1
926 0
927 1
928 1
929 1
930 1
931 1
932 0
933 0
934 0
935 0
936 0
937 0
938 0
939 0
940 0
941 1
942 1
943 1
944 0
945 0
946 1
947 1
948 1
949 0
950 0
951 0
952 1
953 0
954 1
955 0
956 1
957 1
958 0
959 1
960 0
961 1
962 1
963 1
964 1
965 1
966 0
967 0
968 1
969 0
970 0
971 0
972 0
973 1
974 0
975 1
976 1
977 0
978 0
979 1
980 0
981 1
982 1
983 1
984 1
985 1
986 0
987 0
988 0
989 0
990 0
991 1
992 1
993 1
994 0
995 1
996 0
997 1
998 1
999 1
1000 1
1001 1
1002 0
1003 0
1004 1
1005 1
1006 0
1007 0
1008 1
1009 1
1010 0
1011 0
1012 1
1013 0
1014 0
1015 1
1016 0
1017 1
1018 1
1019 0
1020 0
1021 0
1022 1
1023 1
1024 0
1025 1
1026 1
1027 1
1028 1
1029 0
1030 1
1031 0
1032 0
1033 1
1034 0
1035 1
1036 0
1037 1
1038 1
1039 1
1040 0
1041 0
1042 0
1043 1
1044 0
1045 0
1046 0
1047 1
1048 0
1049 0
1050 1
1051 0
1052 0
1053 1
1054 1
1055 1
1056 0
1057 1
1058 0
1059 1
1060 0
1061 1
1062 0
1063 1
1064 0
1065 1
1066 1
1067 0
1068 1
1069 0
1070 1
1071 0
1072 1
1073 1
1074 0
1075 1
1076 1
1077 1
1078 1
1079 1
1080 0
1081 1
1082 1
1083 1
1084 1
1085 0
1086 1
1087 1
1088 0
1089 1
1090 0
1091 1
1092 1
1093 1
1094 0
1095 1
1096 1
1097 1
1098 0
1099 1
1100 0
1101 1
1102 1
1103 1
1104 1
1105 0
1106 0
1107 1
1108 0
1109 1
1110 0
1111 1
1112 1
1113 1
1114 1
1115 0
1116 1
1117 1
1118 1
1119 0
1120 1
1121 1
1122 0
1123 0
1124 0
1125 1
1126 1
1127 0
1128 1
1129 0
1130 0
1131 0
1132 0
1133 1
1134 1
1135 0
1136 1
1137 0
1138 0
1139 1
1140 0
1141 1
1142 1
1143 1
1144 0
1145 0
1146 1
1147 0
1148 1
1149 1
1150 1
1151 1
1152 0
1153 0
1154 1
1155 0
1156 0
1157 1
1158 0
1159 1
1160 0
1161 0
1162 1
1163 0
1164 1
1165 0
1166 0
1167 0
1168 1
1169 0
1170 1
1171 1
1172 1
1173 1
1174 0
1175 1
1176 1
1177 1
1178 1
1179 0
1180 0
1181 1
1182 1
1183 0
1184 1
1185 0
1186 1
1187 0
1188 1
1189 1
1190 1
1191 1
1192 0
1193 1
1194 0
1195 1
1196 0
1197 1
1198 1
1199 0
1200 0
1201 1
1202 0
1203 1
1204 1
1205 1
1206 1
1207 0
1208 1
1209 0
1210 1
1211 1
1212 1
1213 0
1214 0
1215 0
1216 1
1217 1
1218 1
1219 0
1220 1
1221 0
1222 0
1223 0
1224 1
1225 1
1226 1
1227 1
1228 0
1229 0
1230 1
1231 1
1232 0
1233 1
1234 1
1235 0
1236 0
1237 1
1238 0
1239 1
1240 0
1241 0
1242 0
1243 0
1244 1
1245 0
1246 0
1247 0
1248 0
1249 1
1250 1
1251 1
1252 0
1253 0
1254 0
1255 1
1256 1
1257 0
1258 1
1259 1
1260 0
1261 1
1262 1
1263 1
1264 1
1265 1
1266 0
1267 1
1268 1
1269 1
1270 0
1271 1
1272 1
1273 0
1274 1
1275 0
1276 1
1277 0
1278 1
1279 1
1280 1
1281 1
1282 0
1283 0
1284 0
1285 1
1286 1
1287 1
1288 1
1289 1
1290 1
1291 1
1292 0
1293 1
1294 1
1295 0
1296 0
1297 1
1298 1
1299 1
1300 1
1301 0
1302 1
1303 1
1304 1
1305 0
1306 0
1307 1
1308 1
1309 0
1310 1
1311 0
1312 1
1313 0
1314 1
1315 1
1316 0
1317 1
1318 0
1319 1
1320 0
1321 0
1322 1
1323 0
1324 1
1325 0
1326 1
1327 1
1328 0
1329 0
1330 1
1331 0
1332 1
1333 1
1334 1
1335 1
1336 0
1337 0
1338 1
1339 0
1340 1
1341 1
1342 0
1343 0
1344 1
1345 1
1346 0
1347 1
1348 1
1349 0
1350 0
1351 0
1352 1
1353 1
1354 0
1355 1
1356 0
1357 1
1358 0
1359 1
1360 0
1361 1
1362 0
1363 1
1364 0
1365 0
1366 1
1367 0
1368 1
1369 1
1370 1
1371 0
1372 1
1373 0
1374 1
1375 1
1376 1
1377 1
1378 0
1379 1
1380 1
1381 1
1382 0
1383 1
1384 0
1385 0
1386 0
1387 0
1388 1
1389 1
1390 0
1391 1
1392 0
1393 1
1394 0
1395 1
1396 1
1397 1
1398 1
1399 0
1400 1
1401 0
1402 1
1403 0
1404 1
1405 0
1406 1
1407 1
1408 0
1409 1
1410 1
1411 1
1412 1
1413 1
1414 1
1415 1
1416 0
1417 0
1418 1
1419 1
1420 1
1421 0
1422 0
1423 1
1424 1
1425 1
1426 1
1427 0
1428 0
1429 1
1430 0
1431 1
1432 0
1433 0
1434 1
1435 1
1436 0
1437 1
1438 1
1439 0
1440 1
1441 0
1442 1
1443 0
1444 0
1445 1
1446 1
1447 0
1448 1
1449 1
1450 0
1451 0
1452 1
1453 1
1454 0
1455 1
1456 0
1457 1
1458 0
1459 0
1460 1
1461 0
1462 1
1463 0
1464 1
1465 1
1466 0
1467 1
1468 1
1469 1
1470 1
1471 1
