1755
762
847
2078
391
208
805
1568
1969
204
2689
1014
2005
1604
1623
2891
2702
2481
1279
735
1170
1953
794
176
2727
2513
2593
2717
54
2876
2501
1630
143
2871
1290
2100
2190
2763
1049
1519
170
304
2846
382
2504
1116
1684
2566
2263
1341
1732
854
1096
921
1475
576
473
556
1837
72
2296
1277
2432
109
2021
1925
172
1100
1163
2061
66
286
1307
866
2666
2399
2174
2070
2626
1789
2228
1781
2545
1619
2847
2143
870
2423
583
927
436
1587
212
1533
954
857
1548
77
519
1583
1489
2279
1809
543
580
1796
2762
1897
1095
2745
2049
2826
1642
534
1676
412
310
346
978
2413
2739
79
2209
1859
846
1858
1114
2875
2831
2673
1432
2375
955
603
1464
386
2099
1606
194
311
678
376
2098
871
415
1592
2872
706
1046
1968
287
139
241
1184
734
1995
1023
1867
2075
1821
1720
236
1848
2936
247
1910
564
2558
2674
1149
2617
2778
876
2636
766
1223
1883
2779
1820
450
1785
1148
571
322
1698
1282
2932
509
2460
103
1417
2862
674
2370
244
1055
2365
1147
1885
2688
1189
1405
2595
1311
97
1743
1846
2696
1335
1397
1021
2654
1072
2571
2244
2428
2905
2194
395
1454
1423
2786
1847
1028
2926
2825
875
33
2815
2446
1554
84
1530
359
2166
2819
94
755
2382
746
1589
1134
1957
1656
2211
1365
1528
839
2798
437
113
2646
120
349
2092
2683
2149
142
2503
1651
2130
2093
1717
2656
790
796
2546
2760
2339
2502
1672
1139
2343
2123
903
1749
2033
1296
503
1572
2094
1665
2374
1293
468
269
1452
2756
2247
785
1849
1727
2767
2822
1320
2204
2431
1420
2186
2773
2317
833
228
2435
540
691
2139
1683
2640
1478
1399
36
1493
1496
2187
1832
2455
339
968
1970
2896
7
1691
2535
2120
959
738
1047
2156
2219
2137
1989
2788
588
1577
1840
245
741
1123
639
1128
214
2662
1050
2445
381
2121
698
1275
2012
2553
1811
493
913
363
2056
1070
1748
1004
375
2677
1762
2703
1413
589
1099
2845
1480
1643
1105
365
2843
1333
1075
1666
1267
419
2426
2202
2860
2507
242
171
2259
2315
209
2604
1988
2254
2772
827
1924
707
354
818
2508
559
274
1171
2669
167
2528
1765
1726
366
1043
680
116
1518
515
2291
1839
2578
1308
2281
1933
2424
618
1175
1288
1824
936
2544
2115
90
2372
983
2337
454
255
2580
2323
1574
782
210
1687
1248
1378
2051
701
1778
710
2679
27
1631
1190
1408
650
2089
268
283
646
2040
1410
1599
2485
1842
169
1594
2032
2262
609
1299
761
522
2560
2059
1591
961
2583
2095
177
2613
2273
953
1827
488
1617
1929
1102
202
1555
1209
916
2864
1240
1714
2842
2619
1710
1394
2643
20
1250
223
1812
1853
2616
2154
967
2195
1472
2569
355
743
610
777
660
2915
1
736
141
2509
2090
2117
2409
297
822
2649
2346
2142
711
1323
781
19
1030
2848
1317
296
1961
289
2019
2283
834
662
2805
403
1506
2892
830
1229
392
2173
2813
98
35
2837
1427
1243
2333
1966
414
1580
429
1044
2118
535
890
405
2682
909
1780
2412
2515
1463
1436
452
445
302
801
2430
183
156
601
1708
1645
642
4
133
2401
2270
2672
861
572
1069
1010
524
2146
2929
399
1795
518
2425
1406
763
1697
300
1492
2731
2774
2110
1384
343
2457
669
987
211
345
2345
919
2321
2077
2732
17
1460
910
1707
2251
2260
2299
2530
1793
981
372
83
1760
1731
1101
1615
1769
992
2239
1244
1596
2290
2834
95
1810
1573
441
464
201
1887
1444
1179
1400
1753
1938
1431
1283
986
1944
1703
2069
1215
947
727
753
1344
718
2835
2881
2332
13
2140
732
400
263
2540
28
2017
2357
2720
101
1419
784
1422
1784
1312
2524
1324
2386
2439
1042
1172
2829
220
1076
2238
1914
303
855
2602
595
238
2236
561
74
2769
2588
1701
1635
2379
360
1930
2330
1196
188
769
2467
2863
1260
495
30
1292
378
974
1790
1738
2091
2106
1474
144
1268
2452
1531
1284
2833
659
995
1517
1561
1670
1402
553
1942
2064
1126
767
521
778
1855
2730
555
1927
1669
1476
2519
2820
463
2417
2628
2789
648
1352
1997
334
482
513
1608
2071
1695
532
478
2387
1056
2388
1678
2573
675
1926
1254
1451
1797
1185
1461
2383
444
1751
2472
2393
877
309
32
2054
1657
717
1940
1928
1600
160
1866
1301
2325
1610
1705
1891
2226
1329
2570
114
1609
235
990
2459
0
2050
614
923
1107
37
2437
2603
2136
1671
1390
1315
1177
2411
2350
2007
1435
2243
621
1297
853
1077
1228
998
2356
131
2746
2612
2714
1541
728
181
2207
2403
982
2453
332
2122
1159
48
184
205
1003
568
558
1584
185
2511
2368
673
1334
971
425
1354
1294
2706
2182
1740
51
2364
2521
2329
2407
2487
422
227
747
1380
2066
150
2072
2792
2306
44
1348
2661
390
737
814
1902
2750
1094
1605
994
388
2851
485
1652
1232
69
574
2353
2310
1513
2797
570
1118
2349
592
1569
2856
2814
2796
1264
1956
2870
2800
1206
155
1937
2129
2011
1754
2644
1843
239
2657
1819
815
1456
196
2398
1851
1798
166
335
1302
43
2010
2844
2179
2376
2498
1144
466
528
2248
843
2568
1266
2660
104
2647
280
1632
914
2938
2596
940
1908
516
1681
2742
2245
2124
2592
884
2496
67
1862
2675
1214
1371
964
1034
1646
552
2723
1979
1251
2904
362
1783
1466
2839
526
1108
2138
720
1085
2358
896
2264
1199
2633
456
760
1955
1917
2274
2749
497
602
2285
2135
61
2196
494
922
562
2634
2145
1641
2371
2348
751
2192
2755
1162
1542
1626
1581
2719
548
2741
2810
2200
1884
2213
2495
1224
900
2044
1035
1231
2889
2422
45
1167
21
2678
845
1659
85
380
1888
2491
2097
313
1875
1458
1744
10
672
1952
1059
1027
683
134
975
1349
2655
1934
2025
797
78
1304
1060
1338
2443
1130
1246
2641
2444
1438
336
742
2698
2408
253
2294
666
2584
771
605
689
581
2313
2651
795
1777
1080
2221
2637
726
1912
315
2705
2150
993
2063
1278
798
1712
1350
1566
997
2830
1309
182
703
1226
774
2312
812
687
1679
1201
2893
151
498
2857
2894
739
1325
560
2812
197
1521
2808
2327
2006
91
250
1537
1265
731
523
1459
1467
2761
1351
2305
1586
2928
825
88
1239
2866
2548
1650
1976
1212
2802
2363
1919
2667
630
2000
1038
773
219
29
2824
2712
745
1041
2265
586
823
290
2607
2162
1801
627
1673
318
2119
1621
667
2704
2085
2736
34
319
2911
933
1700
1052
2601
424
1383
2869
1120
2214
2883
1000
1368
281
754
2046
1921
2041
2836
2133
2147
1560
1756
2713
907
2464
2074
2940
2328
2397
199
1907
1310
958
1218
1515
431
384
2855
491
165
2058
956
2433
2159
1017
2157
2631
2708
99
800
2414
549
2183
917
1443
1342
1962
2456
1221
1863
1347
1664
100
1369
563
551
1068
2581
138
692
899
651
1869
179
272
427
772
157
1648
428
1465
696
1993
2572
2738
158
1491
2240
999
1441
638
1203
1407
1562
554
1016
1759
1576
2018
911
1217
1677
324
357
541
647
2922
1073
312
2185
2068
2189
2286
1981
1877
1093
2728
2665
1601
1958
1353
2795
2525
1401
2055
2216
918
2770
8
2606
2930
2223
233
1860
2639
1826
1994
38
364
868
1807
2030
459
765
838
657
939
850
277
1967
1469
2754
1563
2933
2884
2334
1036
25
831
1779
2165
2114
1874
1234
2324
1276
2112
2541
2193
2554
2939
2230
1271
2298
1258
404
2759
928
1761
1674
260
383
619
984
613
1222
908
2873
1711
2934
598
2635
2307
1992
629
2600
1771
2449
2086
972
2818
331
2234
1689
664
1411
2488
449
1495
1210
1039
1634
1959
1388
780
1723
2367
776
1416
1922
645
2861
607
1835
2249
725
2913
2083
1219
695
1065
2910
1935
1484
2052
888
1485
1865
1886
2906
1169
262
1911
2191
2514
1168
2101
2473
702
299
1974
1949
1084
1763
1505
1624
1715
1404
615
1446
1873
1706
2442
2208
937
115
206
308
547
2902
690
632
2023
1247
2229
824
1225
2642
625
1602
2707
1547
858
2821
2532
965
704
1954
2013
885
1313
1340
475
1985
2039
1871
2799
1425
1158
608
257
1357
2161
2001
2734
1825
2868
655
1870
1048
2620
2858
1155
517
1522
889
1453
190
186
649
129
2652
2782
2599
2552
1960
1498
1204
2536
321
341
963
1766
2395
879
2806
465
1054
216
2816
2198
292
1428
2886
207
2373
2360
1395
342
1326
2559
442
369
594
2215
2352
1972
1658
962
591
1973
733
1647
293
1117
786
1020
740
1693
2167
1449
2492
377
2301
1774
2427
187
2027
251
2781
1343
895
1502
887
2389
2451
849
1829
2206
1915
135
1032
63
2516
2242
2629
2537
530
2463
492
2567
1737
654
904
2694
2028
1007
582
628
2102
147
2438
1644
713
130
2340
2144
1511
264
2852
1946
1739
626
957
1328
2931
246
932
136
2447
514
1817
2529
486
195
2557
545
1483
275
1208
719
1033
1823
2261
333
1806
1166
2258
2790
1150
2625
2479
1088
409
2043
249
2391
125
1595
512
145
1113
433
508
1146
1614
1374
1318
2729
192
1822
1257
807
2658
565
1138
2116
2227
226
256
2549
756
661
2854
1303
644
2300
2927
1918
1136
1031
132
2685
1868
597
816
852
2080
686
699
2912
2420
1680
1300
2466
2400
200
802
221
1512
2081
708
2385
1540
1764
102
688
2462
1628
1499
159
1129
633
653
1775
2288
912
23
1205
2355
2791
2318
2175
2474
2758
1211
124
2716
1718
1637
1398
960
970
1733
146
2035
258
2392
480
1291
2036
2828
1662
2176
284
1788
2865
1598
2060
792
1538
1906
2518
1747
2895
1086
1523
352
75
1503
2255
2347
1757
53
1622
273
2534
851
2817
1370
1845
2527
1831
2575
243
1545
712
461
1445
612
1154
1702
1570
2396
1682
2663
1947
2638
1699
829
2901
1479
175
2724
865
406
2917
123
2867
153
2419
2880
2624
1470
1269
2670
1782
973
340
168
1881
387
351
1082
2014
2547
2482
2152
279
2418
2024
1386
1951
2458
259
1375
2045
80
2322
2664
1202
2277
2359
1366
440
840
2205
1109
407
880
2220
1667
1161
59
248
2898
1337
2827
1133
64
2218
665
1734
1471
2342
768
1936
1932
2594
2483
1844
1816
1941
1327
1106
1415
1579
2015
1332
1639
1477
232
2309
2591
2623
1758
1487
278
1434
835
1481
539
587
1181
770
2692
2484
942
832
2269
1742
1964
2777
1233
24
2587
1490
2764
1716
117
2297
1893
469
86
288
1298
1358
1439
2361
748
1255
2225
1273
1132
1274
47
2067
1625
224
694
1306
2171
1895
39
467
1818
2597
2877
2747
2853
1356
1582
882
371
1261
1053
1367
2908
1767
859
2556
808
821
70
1473
73
477
1182
810
350
1176
2480
2282
2434
902
2314
724
2378
398
1792
230
2840
2440
1009
1535
2512
353
946
396
1905
1270
1087
2170
2920
1804
2564
5
1564
668
758
2725
173
2748
2878
2803
1194
2726
502
1081
326
1376
2517
330
434
656
2246
2611
617
2405
2212
716
643
2341
237
483
813
677
2627
826
934
1786
1692
2151
1005
1200
9
218
842
1141
2879
2062
1345
2210
2793
162
631
1588
1051
2468
2563
189
320
2079
1696
1418
2390
1532
1841
1259
2838
2722
1198
783
1389
1186
2752
2073
12
49
1110
1122
2785
2589
1355
2436
1157
93
18
2471
1978
764
2153
1597
1037
2111
1752
443
1654
789
2222
2715
2326
294
16
817
2289
1091
106
1063
1735
2921
2935
878
2267
1571
1736
2394
1040
92
2695
1980
161
402
316
1794
2576
1151
2766
2252
2784
2562
1336
1544
2598
1694
1551
693
2645
2903
1813
670
1939
347
709
684
1360
1180
252
1536
949
2743
892
1414
2832
604
285
416
1440
128
1272
593
149
1553
41
2539
2178
267
487
2181
2586
996
1899
6
2377
1984
1238
2542
1916
2338
2899
1516
820
750
229
1661
82
1008
542
1787
779
1894
1931
2804
2034
1089
314
2331
2900
1864
1012
2241
1690
291
305
499
804
2941
2293
2577
1331
2177
2505
623
2253
2780
1773
1828
1173
379
872
87
705
1195
107
489
685
596
2020
2128
1362
1314
1393
2295
2490
1999
2533
1140
1729
164
2531
1896
42
1092
191
544
1750
1546
969
2522
198
193
2461
886
828
898
714
1808
1403
430
2718
2924
2937
2650
1982
1216
841
941
2494
1197
1074
1983
1507
295
2292
536
537
2421
1879
2009
323
266
1119
1057
2476
2180
2155
2402
2648
966
2614
337
1709
2199
836
1998
458
328
2710
744
2475
2088
358
393
137
2235
282
1799
327
723
557
1322
439
2849
1543
108
1045
1618
240
2659
1963
1381
2680
1534
81
2047
1392
599
55
2278
663
2711
1559
1724
1730
2308
2004
2500
1289
1578
1996
2693
1230
811
1948
624
2450
2354
1721
356
2048
2038
1725
505
105
1330
1943
1878
2311
1686
2380
2787
1364
2653
56
394
1448
1575
344
122
2366
924
2885
1898
2916
2615
2914
1156
1856
1442
2701
1263
546
585
385
2794
2158
567
1549
2709
1904
40
1836
1525
2493
2201
2561
471
2042
1067
2610
931
1688
432
1391
1062
110
89
1923
421
864
1987
301
1838
2733
306
2302
2632
1892
325
511
1188
446
2369
1815
803
270
1372
1745
2668
793
1638
397
1447
2304
2590
2477
2621
2076
496
1504
2057
2526
2520
2082
1125
1426
2351
1556
1629
2096
806
174
1494
1882
897
2107
809
749
2775
2608
2441
26
860
1015
1704
952
1164
578
507
2925
1433
1663
254
679
1901
1111
1950
848
1346
2919
2316
2801
1620
1800
1011
2168
2160
1029
520
2807
373
152
58
2538
1193
1382
682
2890
622
1613
1143
1770
2499
2266
1990
460
730
2497
1527
472
118
126
2224
119
2384
566
2582
1079
901
2164
1131
453
945
2918
2897
2335
408
2841
1834
979
1468
163
525
234
1510
448
2141
1064
641
2523
862
2280
1262
2002
844
1776
1160
231
787
52
2809
2103
2026
2489
1593
1018
1833
2684
1603
930
1237
1590
96
413
1319
856
426
261
2132
15
1791
616
1363
510
837
2470
435
1305
1462
579
276
2555
1913
1078
76
2134
938
1685
1971
1457
2757
1025
298
944
317
905
2108
1746
2319
893
11
637
929
1920
1252
501
2163
2105
180
2771
1500
438
759
148
1668
1058
1112
1241
1550
2605
217
1387
2303
869
2823
600
1557
2415
2887
1316
111
2550
374
2127
71
65
2465
1965
1529
2257
225
1424
697
506
1903
2169
2874
2188
752
455
577
873
1153
361
1627
1098
1022
2618
1805
573
606
1861
1986
1876
1235
1285
1558
1872
2271
634
2237
481
2448
1450
2275
1854
1649
50
635
2217
1977
2909
2686
1909
2272
2700
2783
1945
271
213
1249
479
418
1083
1852
1090
420
474
977
529
1526
1339
1660
658
894
1719
1280
1612
2232
1236
2125
1552
411
2753
1482
1772
1616
1187
2065
2737
2148
2256
1814
1220
1486
891
1121
1607
2699
1830
2003
1509
636
1026
1135
2630
1127
2574
883
1889
1437
121
2888
2287
2184
2551
31
2850
1655
2565
2320
2585
590
2084
2751
1142
1066
1728
985
2126
2404
329
991
1361
1900
1385
2172
2231
1024
2410
140
533
1768
127
2690
2681
1183
1585
2203
920
62
203
1857
2037
2469
2250
215
1430
265
2882
948
1295
1640
2429
423
1524
476
1488
874
1565
584
791
2087
1802
2362
112
1501
338
652
1002
2454
1006
2579
2676
729
1001
389
1245
1741
1097
2768
1567
569
447
1165
2671
1412
2053
2622
2543
154
1890
370
500
1497
2478
1253
3
2284
1019
989
935
1061
22
1611
1287
1514
788
2609
881
2276
1281
721
504
819
2510
2923
1713
2697
715
799
60
1103
2268
2
1409
988
1124
943
222
2008
401
676
538
1722
611
451
1421
1013
1539
1636
1653
1377
1174
1213
1242
1675
14
2029
367
757
2109
46
915
671
926
950
2486
1286
2336
1850
2721
2113
2859
550
951
2381
57
1520
1321
531
2416
1192
2744
2344
2691
2907
925
178
681
775
2506
2233
867
1145
640
2131
1191
1256
2104
2735
2197
906
1508
307
2016
457
1152
490
1991
2406
462
2022
1633
1359
410
470
2687
1104
348
484
575
1975
700
1379
620
722
976
1071
2740
1803
1227
1207
2811
863
2765
527
1396
1137
2776
1880
1115
68
1429
980
368
1178
417
2031
1373
1455

