1451
613
1514
2574
854
2726
1800
2744
2706
964
857
1389
1423
493
2394
2235
2560
655
2722
2213
1057
2025
2253
202
2746
2759
816
1310
747
226
1621
590
1816
1378
1770
21
2617
2699
1880
92
237
1502
984
2776
2161
961
1285
1775
1207
681
2287
2466
2772
2810
2425
1390
330
1125
895
1173
291
208
1457
1542
769
2720
1484
1032
2387
2360
286
2907
935
1328
847
287
1052
253
1203
2462
1198
2309
2350
2702
529
2413
2936
2078
1454
340
1103
1660
2582
9
2160
2103
122
2883
1557
1972
2291
893
1823
1804
977
2768
1629
2719
2663
731
1721
258
481
2295
1282
2381
2088
899
22
338
1007
2410
972
680
399
352
1175
1393
341
1781
2002
869
1824
1570
1108
1518
2590
1889
2220
1149
432
496
2297
1218
1275
2420
467
1996
1400
1150
1302
303
850
1891
1217
880
2794
126
573
852
151
1071
153
675
2286
128
290
305
661
575
2532
2347
1988
591
1383
1637
2398
439
974
1224
1783
2441
742
72
1
835
368
881
1577
1955
1641
2902
1143
1368
79
965
1753
799
1652
1923
1978
1539
34
385
69
2261
2580
429
2271
2880
677
1486
2083
163
2062
1269
1796
0
2634
970
1255
441
993
1705
1005
2465
2019
154
348
1214
915
2422
502
2539
2048
1391
2314
1642
1581
311
1588
2094
631
1965
56
2852
1984
2057
1004
1709
1698
1065
922
468
2693
2851
1586
1516
830
132
2328
298
1117
1500
2843
1626
801
698
1299
711
470
1141
299
2929
785
994
1731
2110
652
1628
1760
2044
2890
1748
2164
2148
1329
1208
1488
1161
2777
687
940
2598
1686
1440
383
285
2604
2736
494
1786
1049
2832
1448
1499
1061
490
2900
90
261
976
2527
718
297
901
1645
16
1137
1062
2042
2154
2488
1818
179
513
2123
358
955
1425
2564
2406
629
1861
754
1277
2931
2259
1911
70
2107
2256
808
594
2262
500
664
1474
585
1226
2697
2099
2303
236
546
2729
770
1936
1402
1673
767
2857
2847
730
2849
427
2067
1925
1862
1844
2472
94
1517
2307
2628
296
1884
2038
272
1616
2512
246
1380
1713
883
1355
1415
910
1858
60
806
1186
1298
2783
2669
2710
148
2864
1371
2569
1021
2051
200
579
397
2690
2502
1887
329
2290
1427
2176
2226
614
1292
995
453
1272
2125
716
83
1165
824
1250
1983
1014
367
396
331
1866
2371
595
1369
1228
1243
1865
1547
2664
1063
805
2223
797
2925
2662
2416
1185
1890
1491
53
2013
308
923
1784
251
394
1622
2704
1000
1556
1951
135
356
2474
159
372
983
2432
1696
1024
487
1157
324
709
522
2927
2928
1611
2327
2058
1194
1018
152
1048
225
1552
2329
696
525
1585
750
1540
662
2446
2500
457
2
2808
839
278
2616
1870
389
407
204
1583
2529
2450
707
2636
2348
2682
2514
671
260
1177
1221
1659
672
2344
2236
2251
1026
1958
2531
1995
1610
2018
239
2728
414
1716
2870
1644
699
445
1435
454
1966
779
155
309
2827
2519
2623
456
2195
2924
1325
31
1787
2602
1477
2247
1081
2102
1233
459
2670
2842
36
2152
1751
2573
451
1195
2468
2631
1717
1941
146
564
1133
2179
2494
714
185
2175
1082
1739
1979
2684
198
1279
724
2482
865
2837
97
1314
943
2156
627
1146
1236
462
700
670
641
2087
597
43
2351
369
2426
618
133
2685
1337
419
205
11
968
2205
1281
409
2263
1417
2095
2237
2014
2189
471
1078
538
1364
1420
1832
2888
1771
1605
803
2516
1946
1985
386
1092
1129
1247
337
443
2353
2605
1526
264
1679
2407
2545
244
812
1735
2653
1948
692
1704
1276
1852
2551
1690
280
2248
2323
739
2654
224
1788
1992
2731
206
2145
1212
1661
1848
1520
2723
2282
1723
774
2715
1464
2676
469
1691
1820
2254
1085
418
2173
686
821
669
147
2162
759
938
2079
761
165
1584
1284
1237
844
2055
906
1937
717
1015
530
1036
605
57
1553
1829
1426
1963
1535
1106
760
572
1343
1768
1525
1124
2941
1193
197
1311
715
2245
1609
600
2764
561
1684
2658
350
2073
1041
1286
1152
227
2341
2848
2855
2194
2039
1231
723
2641
2503
2854
1831
336
1618
2011
104
2757
2137
2186
2050
1495
782
2229
2166
1317
2506
355
979
2908
2840
952
80
195
514
527
887
1730
77
1182
2939
2647
61
1604
1656
379
1990
2009
2093
2812
2280
1903
558
2698
2033
2379
2136
1658
2312
1280
891
1030
2708
1826
953
2130
2119
1662
657
1666
28
1120
841
828
2735
273
2609
853
1093
2612
650
1375
694
37
1359
144
2659
96
2499
82
1699
371
726
1002
2642
1366
466
124
882
1947
1536
1038
2389
2383
2614
483
2155
112
2718
10
2557
1881
2331
908
2159
2877
2586
2563
2678
2457
1335
2705
2775
44
1056
48
2311
2240
722
2233
222
2476
1019
592
1651
2277
136
2345
2635
1441
991
263
426
1767
220
2139
2115
1912
476
2833
531
1070
1867
1665
1892
1782
2337
1879
2454
2873
495
1304
2202
551
647
1747
1139
560
2047
2272
1376
2068
1199
2300
649
1740
526
1632
617
231
2034
720
351
1598
1702
918
996
2124
2456
1046
2632
2492
2029
2230
1494
2596
1530
1706
1548
1944
1113
1190
1083
29
1287
1602
378
26
17
199
393
884
2183
682
1888
1640
2075
2891
115
269
2926
2122
2689
1118
571
1158
510
862
319
1072
2197
2600
800
2920
1562
193
2633
167
2294
567
822
1215
415
998
1725
2365
1766
1949
1189
2504
581
2343
944
2528
2850
1901
1608
1163
2495
130
294
997
2144
2803
1689
2884
1989
1305
2298
2688
482
1205
2675
435
603
2442
1399
2561
1907
436
2090
2866
2221
2940
2910
2770
430
557
1994
1296
431
1973
221
1481
375
1338
1135
392
2279
1098
2875
184
395
398
2916
424
2644
1736
1262
2190
851
2767
2743
2871
2477
2089
1724
1470
2513
2433
108
1719
2886
71
2773
1569
587
2784
2299
1077
1711
549
2805
1351
402
1197
2648
2252
323
1447
345
2200
2026
1558
141
831
1238
787
214
1814
274
2896
212
2885
1090
701
2212
2438
1933
1830
2224
1551
1330
295
1403
519
553
588
1896
947
554
604
1370
2725
2106
1579
989
1308
2172
1353
790
88
2447
1096
440
1976
2052
2608
2395
1396
2486
1563
1487
1013
2046
859
1882
1560
1503
615
2338
2182
328
619
464
1793
1418
2003
2520
1737
1623
59
1044
2366
2579
1671
825
867
784
2435
1909
827
91
1575
384
2696
2867
1422
2771
960
491
1738
954
928
479
1408
1883
771
2316
620
2423
2629
1653
539
2032
550
621
2562
728
1288
1938
64
1512
1940
2016
2674
2367
2138
556
2893
980
211
2686
962
2134
1546
2915
2522
920
1762
2163
102
2324
2762
1655
1385
1271
2769
1416
183
719
2400
736
2101
2692
318
945
2150
2053
2035
1358
346
1732
956
1336
2549
2554
1694
2665
232
1382
2109
49
582
1178
101
725
2738
2260
499
1821
1763
2031
973
387
1465
1564
735
589
2227
733
1339
390
35
39
2281
2703
776
1543
1977
1360
987
2201
523
1274
1126
624
704
1505
359
1663
1795
1619
1028
2620
2362
1758
1774
660
1606
2541
809
1216
332
1080
5
1894
262
622
2452
2795
1615
2497
971
2242
1322
196
266
1572
162
1054
2858
2430
1600
924
1813
172
20
1289
537
2030
798
2081
596
1067
2429
12
2427
2444
967
1981
762
2023
1362
403
2352
314
1365
103
1789
1863
1490
690
2814
503
1677
2243
2443
1104
1483
645
306
836
789
2417
1797
2041
120
1596
2483
2153
1993
2147
2570
1452
2414
1534
536
1915
1720
999
492
710
2935
247
2149
1745
1010
182
1498
504
1301
745
1967
992
1209
1006
2739
748
2258
416
1634
2471
1508
1244
2754
1991
889
1315
2480
1079
1942
109
413
2464
2104
2587
1142
1952
1678
815
2369
1913
255
364
2204
1031
1033
2844
2583
1303
497
1068
2332
1664
458
933
2342
1668
1953
2646
1591
2373
203
2386
2239
1917
1155
765
1798
1261
2199
1401
1765
1145
1603
912
1020
2524
2257
376
1980
38
1240
1807
2656
2553
2913
1431
1527
485
1776
270
2017
612
653
829
2266
189
2673
489
781
2276
1260
780
1213
1406
218
2463
2817
2552
1105
164
81
1123
1746
209
1377
2082
1681
990
313
2591
905
673
1837
2174
1868
1340
421
2006
271
1259
1851
2828
186
2024
1346
1184
113
1752
307
1612
584
100
2133
1180
1345
268
1476
1670
2378
2080
1700
381
1857
1613
1413
2388
2001
1291
1341
528
685
171
1680
2892
1225
2481
1687
1945
111
2734
1392
1047
1910
2860
32
2219
2021
293
2869
1489
2879
1458
1897
2170
2445
2619
1462
1437
1265
625
257
2192
1497
315
2431
2225
219
1003
1750
1759
2333
713
1258
1997
1111
119
840
602
683
2822
1076
778
1116
941
1361
1808
2785
2196
1293
667
610
288
1900
1264
1100
2672
814
1140
45
2603
2114
819
2782
640
121
2209
2380
1220
1234
638
2460
365
452
741
1741
2650
168
423
763
518
310
1254
1001
420
872
1094
1785
2218
142
1407
756
2901
1703
583
792
1899
2741
903
768
1841
2909
1916
2578
1307
1636
2070
2597
1806
2372
2923
374
512
1372
2666
450
1573
2712
1734
2496
1509
446
2336
188
1537
1708
2543
62
2231
1970
818
570
1729
1069
1524
161
2537
1424
1060
863
2559
2610
1460
2375
1017
2691
2210
2092
2364
555
1196
2711
1349
138
2922
425
599
1919
1074
1528
752
777
1950
2045
2193
2538
2355
2713
1395
2140
406
190
1363
105
2593
1455
1885
2751
2717
1968
936
633
2244
2086
2643
475
93
2409
1110
1347
1252
674
2167
304
2895
626
679
574
2540
343
2141
2917
2158
871
2747
488
25
1468
1273
2819
1854
412
1127
1432
813
1463
1300
708
1893
2576
896
654
15
174
2823
2716
1114
1147
484
156
2459
2121
1874
1902
2876
888
173
1959
1251
1035
900
229
2787
2797
2791
2117
2881
2146
2709
540
988
517
1969
327
2301
1982
1179
2763
1715
1188
1624
1388
1170
2296
2550
27
1905
1381
1201
942
1027
2799
2267
1801
2113
1714
1825
2066
326
2906
586
740
279
2687
2084
1066
1088
98
1102
2412
532
2359
873
1728
1043
1510
1654
2436
793
123
1962
2724
939
1478
2530
1253
2143
2059
1633
1473
465
2714
474
89
1211
422
2566
2322
2111
1589
2049
170
1620
848
1064
1257
1444
1956
548
2310
2846
2611
1394
2829
1109
2128
176
2408
651
1521
1840
2010
377
1348
2793
2815
563
1559
1493
400
160
1461
1446
2671
137
721
846
1232
2831
2778
1350
158
2571
1160
2234
1384
838
1928
325
2700
506
2065
1051
1833
811
1726
2274
2667
2707
2601
948
2127
1756
1091
744
868
907
2132
966
524
2177
1790
1097
2695
509
223
738
1507
1334
444
1964
2061
644
2668
1268
1876
2655
2054
347
404
85
2765
632
749
320
505
2126
2469
166
773
2060
1682
2458
2821
252
2027
1639
1974
2487
2022
1295
2742
1869
856
2652
2862
1590
2567
1930
2824
1278
864
688
2424
1445
3
250
1504
498
1568
1309
2216
2748
826
1533
1906
2595
1442
1842
552
2289
1055
1511
2418
684
535
19
2168
732
1398
114
712
1450
1921
1164
2071
2020
917
642
1904
2639
892
1960
676
2284
643
734
353
727
1532
1799
2577
23
1456
277
360
2325
300
693
2555
894
357
2753
2377
321
982
1599
764
1312
1246
1531
241
1954
1614
795
1324
366
47
607
1515
2825
2534
1045
2069
2490
2171
1313
2568
1438
2801
2313
577
639
2625
2585
1089
2293
349
2800
322
2315
2599
2470
1333
703
981
1646
1718
2356
1672
1223
2076
820
2440
2841
1849
1971
1373
1710
2809
433
663
2246
1167
2358
623
2478
1856
1192
849
478
1792
51
1855
810
428
2187
1822
751
1122
2305
2660
1545
65
1924
1701
2798
2816
2727
1012
1136
2839
2198
2526
1961
737
438
18
2091
2556
2268
902
1099
1607
914
1778
2921
68
2813
1805
249
2180
2217
1513
874
106
2096
2317
1817
1459
1245
2835
282
2479
1561
986
544
904
1554
2250
1128
845
834
382
794
2097
46
875
951
191
1878
2511
2904
1544
861
1316
2005
1754
2589
1466
1625
1429
1138
1115
2523
1712
2542
24
2521
2453
1845
2588
1235
388
2535
2853
150
1411
2581
127
2151
559
63
1471
2118
58
758
2930
1191
937
2208
2934
2750
1174
921
2334
1749
2887
1443
1475
2384
2804
1597
52
339
207
335
1667
2680
1482
8
1144
706
2270
40
1742
757
455
772
408
2116
1230
2789
2188
2036
2222
99
1267
2737
1053
520
192
2897
855
442
73
401
312
1744
1755
648
2215
316
1016
2376
2185
194
1172
1791
1039
1029
2565
1695
616
42
2403
230
2135
2181
695
2278
2232
1571
1229
2584
1059
533
2740
2275
1886
702
275
578
1875
2618
1593
1674
1676
2428
2015
1650
897
240
181
2701
1819
1779
2898
1743
1386
361
659
2100
1132
2063
634
2228
417
1404
55
486
2899
1263
317
534
1565
1647
635
1008
1643
1601
1812
2626
2214
265
1430
1675
568
1594
2321
2385
1183
233
2448
788
1648
2085
2255
76
2525
2657
1222
2630
2489
1095
1025
2399
1853
1479
2404
1685
289
2346
1802
807
391
2874
2547
611
969
1688
2028
2613
1939
2510
1773
860
2434
1638
926
256
1846
946
2157
913
254
259
238
1379
1630
1374
2790
2285
985
2845
665
448
1811
1227
110
1693
2191
1578
245
1332
755
1467
292
2780
117
1023
2105
1453
1567
2758
1022
930
145
2390
1151
2834
139
2802
2788
480
876
1810
2621
508
2594
248
1627
1566
2933
1649
1187
1086
4
1297
565
2518
1414
334
2638
2732
2544
283
302
1042
2072
2419
1131
2455
2012
1419
729
2818
1326
2391
566
2861
1617
2826
2938
74
2548
1294
1501
1162
1101
2836
1635
2211
842
2756
2546
2308
2811
2004
1580
1050
66
666
477
2774
1975
2637
216
1409
410
804
898
2558
243
2681
931
2838
1210
2661
1084
2288
242
1256
1200
1321
1935
140
1421
2856
2914
2806
2889
116
2108
1757
2911
301
2760
2330
30
1154
580
143
743
691
1522
2515
2766
2473
878
370
668
2863
1998
2283
1439
541
2820
1895
1836
2498
1075
1838
2439
1794
1657
1587
2396
2008
463
886
1873
1860
576
1344
2830
2241
1864
1834
1405
879
817
1555
1073
927
775
630
2292
1815
1270
1009
75
217
656
697
843
1121
978
2575
33
1202
2721
1206
963
473
1266
2131
1156
373
796
2796
975
2363
2493
637
1847
1306
628
2606
1357
2779
2467
1835
658
131
1541
2392
129
1943
1040
601
959
1248
791
1472
705
2203
689
1877
2786
858
2318
1683
547
2238
2505
1772
1107
2507
1130
2319
833
1828
2368
2894
1803
1469
1436
1356
866
870
2273
2868
2120
2306
2607
1148
2484
267
2781
934
87
2393
41
1692
281
2320
1434
1986
2265
885
2451
877
1777
1166
2517
447
543
2509
2624
1550
2056
2169
753
2206
909
1492
344
609
1331
1171
1290
2402
234
2461
911
1242
78
2937
545
2878
1367
1496
1241
2640
6
501
1283
2677
1574
178
157
2354
2339
1761
461
1987
472
1506
598
54
1352
2043
210
2536
2694
2397
2000
2859
2304
1733
832
606
1871
380
149
2749
2370
1112
2415
593
437
2622
449
2112
950
2761
1410
125
1176
177
2421
134
2903
2142
766
2730
2491
2361
228
2165
608
890
2865
1433
786
2912
215
2382
2627
67
2302
1387
2501
1153
1204
1582
1549
1219
1169
1934
1354
333
354
949
2533
1480
646
1592
1529
1926
1727
925
2755
434
957
1999
929
1181
2752
2374
2683
2178
1669
50
118
2449
783
2872
1769
569
2040
1087
2411
95
2572
515
235
1957
823
84
2077
2649
2645
2651
678
362
932
1898
2269
2074
1397
1872
411
1929
636
86
2918
1449
1764
1859
511
1037
2326
1342
562
175
187
2615
1631
2129
802
1538
516
7
2335
1034
746
2405
2340
2007
1595
2485
1850
405
1159
1168
916
2357
2905
284
1058
1707
1918
2733
213
460
1931
837
1239
1485
2882
1412
1134
1920
1839
2679
1722
201
2592
14
2919
107
2264
1932
1428
1318
2745
2064
1697
2437
1249
276
1827
1327
2037
2932
1809
2098
342
1908
2207
1323
919
542
1780
2401
2508
1519
169
1011
521
2249
1843
1914
1119
363
2792
1922
958
1523
2349
13
1576
507
1927
2475
2807
2184
1319
180
1320

