1 0
2 1
3 0
4 0
5 0
6 0
7 0
8 1
9 1
10 1
11 0
12 0
13 1
14 0
15 1
16 0
17 1
18 1
19 0
20 0
21 1
22 1
23 1
24 1
25 1
26 1
27 1
28 0
29 0
30 1
31 0
32 1
33 0
34 0
35 0
36 0
37 1
38 1
39 0
40 0
41 0
42 0
43 0
44 1
45 1
46 1
47 1
48 0
49 0
50 0
51 0
52 1
53 0
54 0
55 0
56 0
57 1
58 0
59 1
60 1
61 0
62 0
63 0
64 0
65 1
66 1
67 1
68 1
69 1
70 1
71 1
72 0
73 1
74 1
75 0
76 0
77 1
78 0
79 1
80 1
81 0
82 1
83 1
84 0
85 1
86 1
87 0
88 0
89 1
90 0
91 1
92 0
93 1
94 1
95 0
96 1
97 0
98 0
99 1
100 0
101 1
102 0
103 1
104 1
105 0
106 0
107 0
108 1
109 0
110 0
111 1
112 1
113 1
114 0
115 1
116 1
117 0
118 1
119 0
120 1
121 0
122 1
123 1
124 0
125 1
126 1
127 0
128 0
129 0
130 0
131 1
132 0
133 1
134 1
135 1
136 1
137 0
138 0
139 1
140 0
141 1
142 0
143 1
144 1
145 1
146 1
147 0
148 0
149 1
150 1
151 1
152 1
153 0
154 1
155 1
156 1
157 1
158 0
159 0
160 0
161 0
162 0
163 1
164 1
165 0
166 1
167 1
168 0
169 0
170 0
171 1
172 1
173 1
174 1
175 0
176 1
177 0
178 1
179 0
180 1
181 1
182 1
183 0
184 1
185 1
186 1
187 0
188 0
189 1
190 1
191 1
192 0
193 0
194 1
195 0
196 1
197 1
198 0
199 0
200 1
201 0
202 0
203 1
204 1
205 1
206 1
207 0
208 1
209 1
210 0
211 1
212 0
213 0
214 0
215 0
216 0
217 0
218 1
219 1
220 1
221 0
222 1
223 0
224 0
225 0
226 1
227 0
228 0
229 0
230 0
231 0
232 0
233 0
234 0
235 1
236 0
237 0
238 1
239 1
240 1
241 1
242 0
243 1
244 1
245 1
246 1
247 1
248 1
249 1
250 0
251 1
252 1
253 0
254 1
255 0
256 0
257 0
258 1
259 1
260 1
261 1
262 1
263 0
264 0
265 1
266 1
267 1
268 1
269 1
270 0
271 0
272 1
273 0
274 0
275 1
276 1
277 1
278 1
279 1
280 0
281 1
282 1
283 0
284 0
285 1
286 0
287 1
288 0
289 0
290 1
291 0
292 0
293 0
294 1
295 0
296 0
297 0
298 1
299 0
300 1
301 1
302 0
303 1
304 0
305 1
306 1
307 1
308 1
309 1
310 0
311 1
312 0
313 0
314 1
315 1
316 1
317 0
318 0
319 0
320 0
321 1
322 0
323 1
324 1
325 0
326 0
327 1
328 0
329 0
330 1
331 0
332 0
333 1
334 0
335 1
336 0
337 0
338 1
339 1
340 0
341 0
342 0
343 0
344 1
345 1
346 0
347 1
348 1
349 0
350 0
351 1
352 1
353 0
354 0
355 0
356 0
357 1
358 0
359 1
360 0
361 0
362 0
363 0
364 0
365 1
366 1
367 1
368 0
369 1
370 1
371 1
372 0
373 1
374 0
375 1
376 0
377 0
378 1
379 0
380 1
381 0
382 0
383 1
384 0
385 1
386 1
387 1
388 0
389 0
390 0
391 1
392 1
393 0
394 0
395 1
396 1
397 0
398 1
399 0
400 1
401 0
402 0
403 1
404 1
405 0
406 1
407 0
408 1
409 1
410 0
411 0
412 1
413 0
414 0
415 1
416 0
417 0
418 1
419 0
420 1
421 0
422 1
423 1
424 0
425 0
426 0
427 1
428 1
429 1
430 0
431 0
432 0
433 1
434 1
435 0
436 0
437 1
438 1
439 0
440 1
441 1
442 0
443 1
444 0
445 0
446 1
447 0
448 1
449 0
450 1
451 1
452 1
453 1
454 0
455 0
456 0
457 1
458 0
459 1
460 0
461 1
462 0
463 0
464 0
465 0
466 0
467 1
468 1
469 0
470 1
471 0
472 1
473 0
474 1
475 1
476 0
477 1
478 0
479 1
480 1
481 1
482 1
483 1
484 0
485 1
486 0
487 0
488 0
489 0
490 1
491 1
492 0
493 1
494 0
495 1
496 0
497 1
498 1
499 1
500 1
501 0
502 0
503 1
504 0
505 0
506 1
507 0
508 1
509 1
510 1
511 0
512 1
513 0
514 0
515 0
516 0
517 1
518 0
519 1
520 0
521 0
522 1
523 0
524 1
525 0
526 0
527 1
528 0
529 1
530 1
531 0
532 1
533 0
534 0
535 0
536 0
537 0
538 1
539 0
540 1
541 0
542 0
543 1
544 0
545 1
546 1
547 1
548 1
549 0
550 0
551 1
552 0
553 1
554 1
555 0
556 1
557 1
558 1
559 0
560 1
561 0
562 1
563 1
564 1
565 1
566 0
567 1
568 0
569 0
570 0
571 1
572 0
573 1
574 1
575 1
576 1
577 1
578 1
579 1
580 0
581 1
582 1
583 0
584 1
585 1
586 1
587 1
588 1
589 0
590 0
591 0
592 0
593 0
594 0
595 0
596 1
597 0
598 0
599 0
600 0
601 1
602 1
603 1
604 0
605 0
606 1
607 0
608 1
609 0
610 1
611 1
612 0
613 1
614 1
615 0
616 1
617 0
618 1
619 0
620 0
621 0
622 1
623 0
624 0
625 1
626 0
627 1
628 1
629 1
630 1
631 0
632 0
633 1
634 1
635 1
636 1
637 1
638 1
639 1
640 1
641 0
642 1
643 0
644 1
645 0
646 1
647 0
648 1
649 1
650 1
651 1
652 0
653 1
654 1
655 1
656 1
657 1
658 0
659 1
660 1
661 0
662 1
663 1
664 0
665 0
666 0
667 1
668 0
669 1
670 1
671 0
672 1
673 0
674 1
675 0
676 0
677 0
678 1
679 1
680 0
681 1
682 0
683 0
684 0
685 1
686 1
687 0
688 0
689 1
690 0
691 1
692 1
693 1
694 1
695 0
696 1
697 1
698 1
699 0
700 1
701 0
702 1
703 0
704 1
705 0
706 0
707 1
708 1
709 0
710 1
711 1
712 0
713 1
714 0
715 0
716 1
717 1
718 0
719 1
720 1
721 0
722 1
723 1
724 1
725 0
726 1
727 1
728 0
729 0
730 1
731 0
732 0
733 1
734 1
735 0
736 1
737 1
738 1
739 1
740 0
741 1
742 1
743 1
744 1
745 1
746 1
747 1
748 1
749 1
750 1
751 1
752 1
753 0
754 1
755 0
756 0
757 1
758 0
759 1
760 1
761 1
762 0
763 1
764 1
765 1
766 1
767 0
768 0
769 1
770 0
771 1
772 1
773 1
774 1
775 1
776 1
777 0
778 0
779 0
780 1
781 1
782 0
783 1
784 1
785 1
786 1
787 1
788 1
789 0
790 0
791 1
792 1
793 0
794 0
795 1
796 0
797 0
798 0
799 1
800 1
801 0
802 0
803 1
804 0
805 1
806 1
807 0
808 1
809 1
810 0
811 1
812 0
813 0
814 1
815 0
816 1
817 0
818 0
819 0
820 1
821 0
822 0
823 0
824 1
825 0
826 1
827 1
828 1
829 1
830 0
831 1
832 1
833 0
834 1
835 0
836 1
837 0
838 1
839 1
840 0
841 1
842 1
843 1
844 0
845 0
846 1
847 1
848 1
849 1
850 1
851 0
852 0
853 1
854 1
855 0
856 0
857 1
858 0
859 1
860 1
861 1
862 1
863 0
864 0
865 1
866 0
867 0
868 1
869 0
870 1
871 0
872 0
873 0
874 0
875 0
876 1
877 0
878 1
879 0
880 0
881 0
882 0
883 1
884 1
885 1
886 1
887 1
888 0
889 1
890 0
891 1
892 1
893 1
894 0
895 1
896 1
897 1
898 1
899 0
900 0
901 1
902 0
903 1
904 0
905 1
906 0
907 0
908 0
909 0
910 1
911 0
912 0
913 1
914 1
915 0
916 0
917 1
918 1
919 1
920 0
921 0
922 1
923 1
924 1
925 1
926 0
927 1
928 1
929 1
930 1
931 0
932 1
933 0
934 0
935 1
936 1
937 1
938 1
939 1
940 1
941 1
942 0
943 1
944 0
945 1
946 1
947 1
948 0
949 0
950 0
951 0
952 1
953 1
954 1
955 0
956 0
957 0
958 1
959 0
960 0
961 1
962 1
963 1
964 0
965 1
966 1
967 0
968 1
969 0
970 1
971 1
972 1
973 0
974 1
975 0
976 1
977 0
978 1
979 0
980 0
981 1
982 1
983 0
984 0
985 1
986 1
987 0
988 1
989 1
990 0
991 1
992 0
993 1
994 1
995 0
996 1
997 0
998 0
999 1
1000 0
1001 1
1002 1
1003 0
1004 0
1005 0
1006 1
1007 0
1008 0
1009 0
1010 0
1011 0
1012 1
1013 1
1014 1
1015 0
1016 0
1017 0
1018 1
1019 0
1020 1
1021 1
1022 1
1023 0
1024 1
1025 1
1026 0
1027 1
1028 0
1029 0
1030 1
1031 0
1032 1
1033 0
1034 1
1035 0
1036 0
1037 0
1038 0
1039 1
1040 0
1041 1
1042 1
1043 1
1044 0
1045 1
1046 0
1047 0
1048 0
1049 1
1050 1
1051 0
1052 0
1053 0
1054 0
1055 0
1056 1
1057 1
1058 0
1059 1
1060 1
1061 0
1062 1
1063 0
1064 1
1065 1
1066 0
1067 0
1068 1
1069 0
1070 1
1071 1
1072 1
1073 0
1074 1
1075 1
1076 0
1077 1
1078 1
1079 0
1080 1
1081 1
1082 1
1083 1
1084 0
1085 0
1086 0
1087 1
1088 1
1089 1
1090 0
1091 0
1092 1
1093 0
1094 1
1095 1
1096 1
1097 0
1098 1
1099 1
1100 0
1101 1
1102 1
1103 1
1104 1
1105 1
1106 0
1107 1
1108 0
1109 0
1110 0
1111 0
1112 1
1113 0
1114 1
1115 1
1116 0
1117 0
1118 0
1119 0
1120 0
1121 1
1122 1
1123 0
1124 0
1125 0
1126 1
1127 1
1128 0
1129 0
1130 0
1131 0
1132 0
1133 0
1134 0
1135 1
1136 0
1137 0
1138 1
1139 0
1140 1
1141 0
1142 1
1143 1
1144 1
1145 1
1146 1
1147 1
1148 1
1149 0
1150 1
1151 1
1152 1
1153 1
1154 0
1155 1
1156 1
1157 1
1158 0
1159 0
1160 0
1161 0
1162 1
1163 1
1164 0
1165 0
1166 0
1167 0
1168 0
1169 1
1170 0
1171 1
1172 0
1173 1
1174 0
1175 0
1176 0
1177 0
1178 0
1179 1
1180 0
1181 0
1182 1
1183 1
1184 1
1185 0
1186 1
1187 0
1188 1
1189 0
1190 1
1191 1
1192 0
1193 1
1194 0
1195 1
1196 1
1197 0
1198 0
1199 1
1200 0
1201 0
1202 0
1203 0
1204 1
1205 1
1206 1
1207 1
1208 1
1209 1
1210 0
1211 0
1212 0
1213 0
1214 0
1215 1
1216 0
1217 1
1218 1
1219 0
1220 1
1221 0
1222 0
1223 1
1224 0
1225 1
1226 1
1227 1
1228 1
1229 1
1230 0
1231 0
1232 0
1233 0
1234 0
1235 1
1236 0
1237 0
1238 1
1239 1
1240 0
1241 1
1242 0
1243 1
1244 1
1245 1
1246 1
1247 1
1248 0
1249 0
1250 1
1251 0
1252 1
1253 1
1254 1
1255 1
1256 1
1257 0
1258 1
1259 0
1260 1
1261 0
1262 1
1263 1
1264 0
1265 0
1266 0
1267 1
1268 1
1269 1
1270 0
1271 0
1272 0
1273 0
1274 0
1275 1
1276 0
1277 0
1278 1
1279 0
1280 1
1281 1
1282 0
1283 0
1284 0
1285 1
1286 1
1287 0
1288 0
1289 0
1290 0
1291 0
1292 0
1293 1
1294 0
1295 0
1296 1
1297 0
1298 0
1299 1
1300 0
1301 1
1302 0
1303 0
1304 1
1305 0
1306 0
1307 0
1308 1
1309 1
1310 1
1311 0
1312 0
1313 0
1314 0
1315 1
1316 0
1317 0
1318 1
1319 0
1320 1
1321 1
1322 0
1323 0
1324 1
1325 1
1326 1
1327 0
1328 1
1329 0
1330 0
1331 1
1332 0
1333 1
1334 1
1335 0
1336 0
1337 0
1338 0
1339 0
1340 0
1341 0
1342 0
1343 0
1344 0
1345 0
1346 1
1347 1
1348 0
1349 0
1350 1
1351 1
1352 0
1353 0
1354 0
1355 1
1356 1
1357 1
1358 0
1359 0
1360 0
1361 0
1362 0
1363 0
1364 0
1365 1
1366 1
1367 0
1368 0
1369 1
1370 1
1371 1
1372 1
1373 1
1374 0
1375 0
1376 0
1377 0
1378 1
1379 1
1380 0
1381 0
1382 0
1383 1
1384 0
1385 1
1386 0
1387 1
1388 0
1389 1
1390 0
1391 0
1392 1
1393 0
1394 1
1395 1
1396 0
1397 1
1398 0
1399 0
1400 1
1401 1
1402 1
1403 0
1404 0
1405 1
1406 0
1407 1
1408 0
1409 1
1410 0
1411 0
1412 1
1413 1
1414 1
1415 0
1416 1
1417 0
1418 1
1419 0
1420 0
1421 0
1422 1
1423 1
1424 1
1425 1
1426 0
1427 1
1428 1
1429 0
1430 0
1431 0
1432 0
1433 1
1434 0
1435 1
1436 0
1437 0
1438 1
1439 1
1440 1
1441 1
1442 1
1443 1
1444 1
1445 0
1446 0
1447 0
1448 1
1449 0
1450 0
1451 1
1452 1
1453 0
1454 1
1455 0
1456 0
1457 0
1458 1
1459 0
1460 1
1461 1
1462 1
1463 1
1464 1
1465 1
1466 0
1467 0
1468 0
1469 0
1470 1
1471 0
