1 0
2 0
3 0
4 0
5 1
6 1
7 0
8 1
9 0
10 1
11 1
12 1
13 1
14 0
15 1
16 1
17 1
18 1
19 0
20 1
21 1
22 1
23 0
24 1
25 1
26 0
27 0
28 0
29 1
30 0
31 1
32 0
33 0
34 0
35 1
36 0
37 0
38 1
39 0
40 0
41 1
42 0
43 1
44 1
45 1
46 1
47 1
48 1
49 0
50 1
51 0
52 1
53 0
54 1
55 1
56 0
57 1
58 1
59 0
60 0
61 1
62 0
63 1
64 1
65 0
66 0
67 0
68 0
69 1
70 0
71 1
72 1
73 0
74 1
75 1
76 0
77 0
78 0
79 1
80 1
81 1
82 1
83 0
84 1
85 1
86 1
87 1
88 0
89 1
90 1
91 0
92 0
93 0
94 0
95 1
96 0
97 0
98 0
99 1
100 0
101 1
102 0
103 0
104 0
105 1
106 0
107 1
108 0
109 1
110 0
111 1
112 0
113 0
114 1
115 0
116 1
117 0
118 0
119 1
120 1
121 0
122 1
123 1
124 1
125 1
126 1
127 1
128 0
129 0
130 1
131 0
132 1
133 0
134 0
135 0
136 0
137 1
138 0
139 1
140 1
141 1
142 0
143 1
144 1
145 0
146 0
147 1
148 1
149 0
150 0
151 0
152 0
153 0
154 0
155 0
156 1
157 0
158 0
159 1
160 1
161 0
162 1
163 0
164 0
165 0
166 1
167 1
168 1
169 0
170 1
171 1
172 0
173 1
174 0
175 0
176 0
177 0
178 0
179 0
180 1
181 0
182 1
183 1
184 1
185 1
186 0
187 1
188 0
189 1
190 0
191 1
192 0
193 0
194 1
195 1
196 0
197 0
198 1
199 1
200 1
201 0
202 0
203 1
204 0
205 0
206 0
207 1
208 0
209 0
210 0
211 0
212 0
213 0
214 1
215 1
216 1
217 1
218 1
219 1
220 1
221 0
222 0
223 1
224 1
225 1
226 0
227 0
228 0
229 0
230 0
231 1
232 1
233 0
234 0
235 1
236 1
237 1
238 1
239 0
240 1
241 1
242 0
243 1
244 0
245 1
246 1
247 0
248 0
249 0
250 1
251 1
252 0
253 1
254 0
255 1
256 0
257 1
258 1
259 0
260 1
261 0
262 0
263 0
264 0
265 1
266 0
267 1
268 1
269 0
270 1
271 0
272 0
273 1
274 0
275 1
276 0
277 0
278 1
279 0
280 1
281 0
282 0
283 0
284 1
285 1
286 1
287 1
288 1
289 1
290 1
291 0
292 0
293 1
294 0
295 1
296 1
297 1
298 1
299 0
300 0
301 1
302 0
303 1
304 1
305 0
306 0
307 0
308 0
309 0
310 1
311 1
312 0
313 1
314 1
315 1
316 1
317 1
318 1
319 0
320 0
321 0
322 1
323 0
324 1
325 0
326 1
327 0
328 0
329 1
330 0
331 0
332 0
333 0
334 0
335 1
336 1
337 1
338 0
339 1
340 0
341 1
342 0
343 0
344 0
345 0
346 0
347 0
348 0
349 1
350 0
351 1
352 0
353 1
354 0
355 0
356 1
357 0
358 1
359 1
360 0
361 0
362 1
363 0
364 0
365 1
366 0
367 0
368 1
369 1
370 1
371 0
372 1
373 1
374 1
375 0
376 0
377 1
378 1
379 1
380 1
381 0
382 1
383 0
384 1
385 1
386 0
387 0
388 1
389 0
390 0
391 1
392 1
393 0
394 0
395 1
396 0
397 1
398 1
399 1
400 0
401 0
402 0
403 1
404 0
405 0
406 1
407 1
408 1
409 1
410 1
411 0
412 1
413 0
414 0
415 1
416 0
417 1
418 0
419 1
420 0
421 0
422 1
423 0
424 1
425 1
426 0
427 0
428 0
429 0
430 1
431 1
432 0
433 1
434 0
435 1
436 1
437 0
438 0
439 1
440 1
441 1
442 0
443 1
444 0
445 1
446 0
447 1
448 1
449 0
450 1
451 0
452 0
453 0
454 1
455 1
456 1
457 0
458 0
459 0
460 1
461 0
462 1
463 0
464 0
465 0
466 1
467 1
468 0
469 0
470 0
471 1
472 0
473 1
474 0
475 1
476 0
477 0
478 0
479 1
480 0
481 0
482 1
483 0
484 0
485 0
486 1
487 0
488 1
489 0
490 0
491 1
492 0
493 0
494 0
495 0
496 1
497 0
498 1
499 0
500 1
501 1
502 0
503 0
504 0
505 0
506 1
507 1
508 1
509 0
510 1
511 1
512 0
513 0
514 0
515 1
516 1
517 0
518 1
519 1
520 1
521 0
522 1
523 1
524 1
525 0
526 0
527 1
528 0
529 0
530 0
531 1
532 0
533 0
534 0
535 0
536 0
537 0
538 0
539 0
540 1
541 1
542 0
543 1
544 0
545 1
546 0
547 1
548 1
549 1
550 1
551 1
552 0
553 0
554 1
555 0
556 0
557 1
558 1
559 0
560 1
561 1
562 1
563 1
564 1
565 0
566 1
567 0
568 1
569 0
570 1
571 0
572 0
573 0
574 0
575 1
576 1
577 0
578 1
579 0
580 0
581 1
582 0
583 0
584 1
585 0
586 1
587 1
588 0
589 1
590 1
591 1
592 0
593 0
594 0
595 0
596 0
597 0
598 0
599 1
600 0
601 1
602 1
603 0
604 1
605 1
606 1
607 0
608 1
609 1
610 1
611 1
612 1
613 0
614 1
615 1
616 1
617 0
618 1
619 0
620 1
621 1
622 0
623 1
624 0
625 1
626 0
627 1
628 1
629 0
630 0
631 1
632 0
633 1
634 1
635 0
636 0
637 0
638 0
639 1
640 1
641 0
642 0
643 0
644 0
645 1
646 0
647 1
648 1
649 0
650 1
651 1
652 0
653 0
654 0
655 1
656 1
657 1
658 1
659 1
660 0
661 1
662 0
663 0
664 0
665 0
666 1
667 1
668 0
669 1
670 0
671 0
672 1
673 0
674 1
675 1
676 0
677 0
678 1
679 0
680 0
681 0
682 1
683 1
684 1
685 0
686 0
687 1
688 0
689 0
690 0
691 0
692 1
693 0
694 1
695 0
696 0
697 0
698 0
699 1
700 0
701 1
702 1
703 0
704 0
705 1
706 1
707 1
708 1
709 1
710 0
711 1
712 1
713 1
714 0
715 0
716 0
717 0
718 0
719 1
720 1
721 1
722 0
723 1
724 1
725 0
726 1
727 0
728 1
729 0
730 1
731 0
732 1
733 0
