2284
2382
1604
2011
515
2501
2846
714
1195
2400
1490
2616
390
2853
21
2121
1972
1311
1696
140
2253
2497
2808
2037
1990
426
1699
2472
2820
1404
2761
1614
2247
670
2552
1049
768
1636
2479
1949
1786
2592
304
1755
868
1560
2582
613
629
1569
1447
949
355
201
483
1381
1691
2388
789
366
454
2854
1157
1328
837
689
1813
388
1844
328
2009
2083
965
685
730
682
2114
1946
2889
824
469
924
1841
1207
2073
1369
2433
209
252
287
783
502
2317
133
2902
1752
1494
1250
92
810
1223
2390
690
1938
2448
1332
1765
1891
278
1643
376
1336
2230
1951
1832
1273
553
1522
1031
1032
1216
1594
1520
1281
1802
165
1141
1566
1940
555
2484
1320
1427
1987
693
2736
2832
2697
2277
2577
271
2660
707
1585
1302
380
305
2429
912
973
2861
265
65
1055
2267
2728
2923
9
2103
1199
535
1221
2763
1856
511
2149
2378
496
44
6
2491
2443
1930
1166
63
2380
2845
1140
1252
1532
784
1837
518
331
2029
1035
1233
729
2235
45
2038
591
1211
249
1531
2332
379
2489
746
2446
2292
830
134
84
2548
2233
1274
1078
1833
2661
1821
2254
979
1414
1387
1489
1665
2150
2307
1607
272
703
554
630
2237
2666
562
1146
2358
2868
2502
361
247
2369
131
2644
1931
2810
282
726
2683
2256
581
2023
2620
911
341
887
750
264
1892
1466
2778
1470
2270
2397
2365
48
1615
1181
2689
2000
2789
2768
1854
1978
2386
1014
548
1341
909
2750
1994
2329
2224
944
357
1481
30
303
2811
2064
2348
172
1849
1998
1507
1835
2771
2381
654
1805
1255
1333
992
255
590
223
1848
852
1277
2819
2327
1740
1761
1156
2824
645
1815
2355
1083
1023
2812
1726
283
2924
2128
2575
970
1536
1027
638
556
1330
1340
228
1829
2272
2758
2605
1554
2804
1182
43
839
2219
1666
1305
302
1774
1077
2656
1455
2891
1473
2125
1052
71
452
1627
409
2749
2828
2564
989
1361
135
2238
350
50
2461
2636
2527
1948
2085
1428
1963
1308
948
1887
900
74
2559
565
623
1229
2111
37
1076
14
2557
235
1577
1288
2802
1477
2160
2576
1379
292
2320
1431
1742
2302
2197
1115
2801
1137
1153
1671
1662
1921
1706
2718
2772
442
2266
639
2412
2682
2865
2474
1338
711
1879
1441
920
2077
2447
2909
936
2269
631
359
245
1
2654
1564
2633
99
1995
2482
2631
1090
940
2638
263
2352
1158
2099
360
2159
1654
2414
722
1621
1394
680
651
2765
1672
1080
1777
233
719
289
626
980
2310
964
1535
1897
1575
449
2402
1215
1916
2207
312
2304
2842
1440
1625
2627
2032
2303
2919
1214
1918
872
2415
848
642
1240
905
149
2500
1863
1022
2795
1226
192
1438
2779
61
2354
1429
2875
1519
809
242
615
2663
1961
2242
1069
821
697
2385
2025
1382
1015
2367
1496
1663
2409
1345
2170
210
443
2296
345
402
2435
1922
2864
971
1219
410
2074
815
2088
1982
129
1475
1307
2574
2393
715
2543
293
2248
2421
1890
1310
87
1488
1913
399
1826
1797
2341
692
2514
2141
2109
198
2475
575
698
29
1435
2432
2867
1360
288
1727
434
1799
1789
1811
2427
1374
1659
1770
510
1514
2282
203
2454
1284
1071
735
2144
779
1476
2499
2389
407
166
1549
2178
2330
234
2335
103
137
1695
2539
790
1687
2782
771
2741
938
475
945
2859
239
1396
1792
603
421
616
2471
1449
1852
1937
664
946
1164
2191
2324
2398
1399
182
1756
1309
2089
2424
1467
2625
1778
2438
2407
521
2396
1688
93
2286
727
1732
2020
961
215
2431
2003
2570
2221
1149
2045
1907
1888
2174
2135
2004
1772
2059
1474
2276
534
1945
2893
1303
1903
942
158
100
1806
963
1349
2200
842
2392
1523
2684
1397
285
929
2234
1208
1043
2583
217
2462
1249
694
2346
498
1129
1202
2359
78
566
2785
849
457
1086
717
2014
734
2752
1895
2690
284
1581
1463
2675
2182
1660
318
2858
46
1725
227
628
1019
867
1373
319
2418
1168
846
536
1364
881
540
322
1692
1545
347
1066
2877
73
2677
1347
1365
2532
531
1300
721
1177
1121
678
1958
1754
2226
2916
2394
1042
1847
666
1480
716
1192
1751
2764
592
159
2831
2626
2885
620
1745
333
2664
2826
671
2550
257
1101
755
956
797
2545
1005
1637
2196
1924
1723
2404
2757
1068
147
1398
2659
2873
1860
268
672
2445
418
2590
1526
1113
2928
18
2641
2652
820
1100
40
2903
2720
902
16
2870
661
2408
2280
423
910
1193
267
2072
2613
1009
509
2137
175
2331
417
2062
2492
157
1420
310
2187
2796
1857
2007
1317
2260
2535
404
1503
1850
420
1956
2716
854
2017
2908
2444
1517
893
503
832
1329
588
1653
987
275
13
2507
2607
856
1065
479
8
1760
414
1609
32
1312
696
1167
1624
2490
1865
419
653
786
865
2649
538
2278
1763
652
2209
335
838
874
367
1571
1003
1711
560
340
677
2888
4
1046
2781
324
425
1787
1858
1459
2553
1543
1648
1355
2569
1109
504
679
1878
1830
101
2498
1700
2572
895
551
676
1612
1294
127
688
2028
1500
939
855
2599
2775
687
2685
1034
2257
879
665
1894
1801
1925
1694
1235
485
1117
154
1194
659
1293
2315
1104
2702
1905
89
1613
828
1977
199
130
595
1492
270
860
2376
2071
2753
466
2164
2441
2030
756
446
2554
2298
173
353
1820
1172
1902
2041
2862
1006
1965
813
484
2090
918
524
799
802
1135
2371
352
1271
1968
561
637
2458
1461
202
119
2126
64
2508
1749
1448
1631
1529
2453
2549
933
458
2628
1574
984
2803
1843
954
2476
1686
2110
1377
2936
1058
1713
752
1681
1323
2411
1411
1506
2229
914
2563
334
2068
2106
1191
1748
1962
191
1955
962
1629
1283
1105
1409
614
1644
1525
1359
583
1881
1796
2568
686
2050
898
2594
1880
1064
986
85
546
463
2486
362
2183
2005
1917
273
864
55
2511
107
1297
1073
2634
754
2743
930
378
2913
2520
2725
1388
1061
1416
1285
1116
2722
1362
1261
2313
660
1179
1367
2281
2192
1766
2896
244
2383
214
2586
1190
602
990
1771
674
476
15
571
2076
2610
1616
2274
928
1145
2710
2271
5
2328
1136
1875
668
847
757
1097
338
1082
658
1703
1744
1295
1228
1289
2337
2799
941
321
2311
393
2169
2148
1107
114
2827
2246
2165
1495
2437
2460
2598
2927
2013
886
2239
1343
314
153
1392
2603
609
1753
309
1424
1030
2838
11
1286
156
2199
793
2792
1584
897
2373
121
1376
497
2925
2635
2120
2705
2742
2555
640
1871
1595
1334
2807
1722
1814
138
2116
1282
2176
343
2911
2469
2655
2145
972
806
932
90
2526
1511
1649
1351
500
1342
126
1864
2680
804
2065
919
1984
1013
2312
967
162
923
2892
427
487
1596
1067
2451
731
1704
1893
1047
2338
2236
86
861
617
822
1162
1746
788
2886
1656
171
17
2024
1988
256
2130
230
222
1486
1372
1175
1298
1131
2349
1800
54
759
844
2679
525
106
1859
1450
104
982
226
2158
775
461
371
763
125
2002
2203
2703
2651
1217
2496
1026
453
2657
176
1112
952
392
1533
1204
1224
663
1258
2906
1222
907
605
1445
774
2046
1254
1339
2094
444
2560
1646
439
1620
2756
66
52
2746
211
1992
1583
280
1426
827
2413
708
200
1836
111
143
1619
1736
206
1508
985
1418
541
2650
2249
2740
925
435
1384
2391
1997
2895
2540
2468
539
2436
594
869
862
1185
22
873
1733
2921
277
2890
42
1898
395
2629
411
2774
1505
2624
796
582
141
2384
2788
2847
1689
2473
969
2008
2051
841
1521
1757
1039
547
385
2401
389
2222
2231
2425
2841
467
2423
995
2887
1389
2662
853
2814
580
624
177
2579
80
1828
636
1436
1128
527
2850
2755
1152
878
2595
150
607
1602
2075
1371
445
507
1008
183
2430
2737
1570
913
749
1407
2467
851
1057
79
1036
1243
1954
2112
513
2932
1487
2215
1791
2547
843
2881
667
2368
1018
2602
2556
1292
2201
2546
161
1591
568
2082
2342
238
1597
889
432
241
2309
1929
2465
1824
1983
250
2715
2926
325
812
481
120
279
2533
632
2901
742
2561
2152
2344
720
2300
1239
437
493
1586
1220
2738
1919
1462
400
1093
2692
778
1739
464
2263
921
702
0
195
94
2124
1272
2093
2531
1776
2739
1198
266
801
2696
1366
766
2185
2733
2837
1010
2171
1150
2452
348
2442
2912
323
160
2897
1142
2849
2776
2033
2516
218
1358
2604
1244
2188
2488
1133
1705
1634
2175
2732
2261
795
599
1275
598
870
188
1173
2760
184
1730
2934
2619
1335
2708
2647
2422
1151
1395
1375
1021
1731
2879
2717
2345
489
406
1509
2275
2646
647
1028
1210
1960
819
1896
1209
1000
1950
1651
2622
136
1967
315
787
81
1870
1053
1952
2793
472
1669
1510
2466
850
1383
1676
2920
2787
811
1169
2510
1862
2606
2434
412
60
58
2100
1056
169
1054
880
2699
673
2105
713
1452
2882
1652
1747
857
269
669
1098
1979
88
1453
826
2347
2931
1567
494
1980
1817
1412
2643
2615
246
2184
2835
262
1816
2483
1707
814
2314
2070
2506
2290
1184
2306
1114
1606
1200
2
1715
743
1126
1867
751
1163
888
1512
891
2794
2611
1626
7
728
947
2010
1812
2880
627
871
384
785
1456
596
1853
1645
1263
998
1762
1363
1846
2321
297
332
2917
2522
2487
2571
148
1578
69
558
2528
2623
1534
604
1403
1457
2637
1650
1241
2061
382
2671
2863
190
460
2370
1668
1709
641
975
2416
1702
1020
2786
991
205
2630
2581
1933
1280
1818
181
224
800
2805
648
2232
2295
792
1122
1478
1230
899
2645
761
1234
1180
428
415
2049
2067
805
1048
1868
1639
529
386
2055
597
777
1970
132
1537
10
1530
83
1851
739
1716
1434
3
612
1628
2939
486
773
1906
219
431
2410
542
1861
2015
1357
2734
2142
152
2580
1314
2113
564
875
2463
1809
586
98
1839
1084
877
1939
1563
885
2044
646
1471
1576
695
2136
2676
950
1561
935
248
185
2894
1936
2678
477
2450
306
1501
683
1110
1425
358
2034
346
996
1408
2844
1781
704
1147
2670
229
1518
1242
123
1872
220
1971
1464
2711
2869
903
2780
1617
1718
1684
337
2360
1469
2530
441
523
1622
225
2069
753
1657
1562
448
2287
1315
2907
232
286
2054
2326
369
2042
894
845
1400
958
1386
2285
1350
1096
955
1793
606
2565
2227
2098
1593
2797
1655
2860
1834
2701
1808
1050
97
2596
593
1051
2102
1087
1664
26
2301
2517
2621
2048
1321
2218
308
2210
1248
2108
1290
193
70
95
1218
723
1183
1573
2166
1344
1213
1685
364
2681
1099
2195
1675
1874
1189
1912
1144
2843
1515
2769
633
520
957
1498
455
589
2777
1037
522
1472
1119
1159
2334
1139
892
1630
2202
1413
2058
2632
2119
1111
144
807
600
675
2173
208
545
1641
2833
610
1270
2871
1483
2155
108
2022
1070
532
339
858
1316
2250
397
276
19
216
1524
1060
1038
1267
994
2790
1433
1589
1588
1986
710
1206
1807
1059
139
2513
237
186
1306
35
1352
1118
179
329
611
2589
174
2066
1253
1670
394
1750
320
2798
1993
2929
1790
2156
863
2551
1237
2588
1720
2770
311
2562
2523
281
1081
934
769
451
2214
1582
1877
508
1120
1266
2031
573
490
2016
2403
2138
142
1165
1738
1513
2698
2687
28
482
2918
1186
1957
1299
922
2856
2818
656
2536
740
1819
290
1886
2809
488
2245
2104
2293
2878
1642
552
1197
1203
2822
1941
2591
1324
67
2258
365
2180
2420
1914
1421
1499
2817
2026
1479
2118
988
1301
1556
2213
447
2731
798
2265
2518
1327
2361
1885
2658
1092
747
2131
577
2299
780
2639
2700
2477
2940
243
1934
2081
430
2493
370
495
2377
2406
1437
1541
2362
1291
2883
981
2092
953
1415
2449
866
1422
1264
587
110
151
1618
725
1883
2018
1201
1764
396
1721
1758
1580
1767
2542
937
517
2840
2154
24
2117
2305
1095
2167
2707
836
608
470
1734
2836
1256
1674
1155
1225
1004
1251
1370
77
2086
164
1138
1063
12
31
2440
118
1710
76
231
2933
416
960
1873
433
1024
112
2456
102
2139
2291
2834
758
2428
883
2899
834
1661
2216
543
1743
926
817
330
2503
2504
1491
563
363
649
258
1679
765
1176
1552
2217
2194
1540
2132
2759
833
1485
1493
772
2241
1232
1497
1572
82
1017
96
2318
1002
2387
2129
1331
2587
1996
2179
336
2800
2723
1378
2107
1354
1322
2339
301
299
2357
47
2766
1759
650
2095
2243
113
578
436
1134
1088
2558
1784
1368
2884
2006
2204
840
579
2505
1085
681
204
1313
33
1673
1127
516
966
1729
2417
2115
917
1528
1680
1932
300
474
1276
2567
313
2872
25
197
1260
1265
2211
1465
1603
1768
544
2455
1788
327
1458
585
1094
296
491
2608
344
1737
622
377
116
983
1337
1947
519
691
2541
1719
1482
372
2566
781
2457
294
1855
2279
2495
1390
1590
1089
2168
1677
2363
253
1391
2350
2525
109
403
145
584
1780
2537
2079
2813
733
478
1899
2480
557
816
2729
2773
91
1698
1353
387
2709
2264
767
1044
456
2379
326
2127
2259
1212
1148
2783
1741
1227
2057
705
974
1717
307
260
1923
2078
718
1769
2043
2669
1091
1926
1724
1401
2177
2601
2134
1103
2816
1568
2470
2325
373
2019
1981
398
1380
27
2730
1991
2686
2316
1974
2481
2056
2001
2151
1011
2762
684
1444
2609
701
1547
349
2297
2123
1257
1001
736
368
1393
1831
901
2021
1012
2223
1587
2693
2353
2900
1901
1460
741
823
2189
1454
2941
1976
1318
506
462
2524
634
1231
146
2096
699
1869
1188
2706
480
2791
1542
2319
1296
794
776
450
569
635
2193
1558
915
1319
576
194
977
744
993
2735
2910
2027
2529
1638
943
1432
1402
2668
1823
906
429
178
105
782
1348
574
2478
2364
1246
1106
1430
59
959
2667
168
499
1964
1623
1262
706
1259
501
619
459
2866
1102
2220
1599
1943
2713
1108
2815
2035
803
254
2519
2534
1079
221
2784
1196
1985
471
1516
526
391
770
1029
908
1783
1959
655
2157
1973
2047
351
1598
1548
2614
528
163
1040
825
1825
709
1178
56
549
2585
1160
1889
835
2198
1442
1443
1269
39
537
41
2336
2724
2147
1410
2080
2825
1205
2915
2143
1904
1170
2190
291
1025
1544
2464
1690
381
2642
2273
72
1900
2036
1174
2829
1439
2855
401
2186
49
764
1007
2225
2053
1701
1795
1143
1822
408
2578
2122
1915
2695
1551
1016
2747
1125
1975
2727
251
1171
180
1682
2366
36
2922
1840
356
2244
2091
1559
1601
1697
2521
1033
884
896
1633
968
2181
316
2172
916
1635
2767
662
1798
438
1942
997
1845
643
2806
2205
1187
2930
1132
2515
122
2694
1238
1557
737
2060
2494
2597
748
572
424
1304
882
1451
1876
1935
1245
712
2653
2874
2283
1827
1555
354
2052
2726
1423
1683
213
375
298
2823
567
2375
1123
1161
1062
1944
2340
1247
1953
259
155
2262
342
1842
1810
1920
1999
999
2857
1658
2914
1779
2351
818
261
295
2343
732
1406
117
170
1385
2101
1553
1325
2268
2905
1130
2538
2252
1989
2938
1804
2691
68
1072
383
128
859
2087
405
1279
2212
2830
2228
1632
2593
505
317
1356
2163
1775
2012
760
465
1154
530
1287
2040
2512
2617
2333
1610
212
2322
2063
2719
1866
2485
2294
2745
931
1884
2372
1640
2672
1550
1546
2712
1611
621
1803
644
2688
1484
1969
2714
2704
1928
2255
904
1565
2721
1504
53
2405
2399
724
1124
167
1278
2374
2323
601
1045
1539
2097
978
115
1882
1075
1728
2426
1911
236
2751
2459
1910
468
512
2612
422
1647
700
2584
2308
1678
657
2206
2648
492
2039
2240
951
62
1346
2419
1714
2084
1538
1838
240
2161
2673
2640
2744
2600
75
38
2153
124
2509
2356
2898
2665
20
2748
550
976
2544
2674
23
1782
1268
1909
514
618
1927
829
570
1405
2133
1419
413
745
2146
2573
1326
559
34
274
1608
473
762
1708
440
2821
2851
1773
2937
2852
1417
2251
1600
1074
625
51
927
2288
2395
1908
189
2754
2140
1527
890
2839
207
876
2618
1502
1794
2289
2439
2162
1592
1446
1785
187
374
791
808
1735
831
1236
533
2848
1468
2935
57
196
1712
1966
2208
1041
1579
738
2876
2904
1605
1667
1693

