1 0
2 0
3 0
4 0
5 1
6 1
7 0
8 1
9 1
10 0
11 0
12 1
13 0
14 0
15 1
16 1
17 0
18 1
19 0
20 1
21 0
22 0
23 1
24 0
25 0
26 0
27 0
28 0
29 0
30 0
31 0
32 1
33 0
34 1
35 1
36 0
37 1
38 0
39 0
40 1
41 0
42 0
43 0
44 0
45 1
46 0
47 0
48 0
49 1
50 0
51 1
52 1
53 0
54 1
55 1
56 0
57 1
58 1
59 0
60 1
61 0
62 1
63 1
64 1
65 1
66 0
67 0
68 0
69 0
70 0
71 0
72 1
73 1
74 1
75 1
76 1
77 0
78 0
79 1
80 0
81 1
82 0
83 0
84 1
85 1
86 0
87 0
88 1
89 1
90 0
91 0
92 1
93 1
94 1
95 1
96 0
97 1
98 0
99 1
100 1
101 1
102 1
103 0
104 0
105 1
106 1
107 0
108 0
109 0
110 0
111 0
112 1
113 1
114 1
115 0
116 0
117 1
118 0
119 0
120 0
121 0
122 0
123 1
124 0
125 0
126 1
127 1
128 0
129 1
130 1
131 1
132 1
133 0
134 0
135 1
136 1
137 1
138 0
139 0
140 0
141 0
142 1
143 1
144 0
145 1
146 1
147 0
148 0
149 0
150 1
151 1
152 1
153 0
154 1
155 1
156 1
157 1
158 1
159 1
160 0
161 1
162 0
163 1
164 0
165 0
166 0
167 0
168 1
169 1
170 0
171 0
172 1
173 0
174 0
175 1
176 0
177 0
178 0
179 1
180 1
181 1
182 0
183 0
184 0
185 0
186 1
187 1
188 0
189 1
190 0
191 0
192 1
193 0
194 1
195 0
196 0
197 0
198 1
199 0
200 0
201 1
202 1
203 0
204 1
205 1
206 0
207 1
208 1
209 0
210 1
211 0
212 0
213 1
214 1
215 0
216 0
217 0
218 0
219 0
220 0
221 1
222 1
223 0
224 0
225 1
226 0
227 1
228 0
229 1
230 0
231 0
232 1
233 0
234 1
235 1
236 1
237 0
238 0
239 0
240 0
241 1
242 1
243 1
244 1
245 0
246 1
247 1
248 1
249 0
250 0
251 0
252 0
253 1
254 0
255 1
256 0
257 0
258 1
259 0
260 1
261 0
262 0
263 0
264 1
265 0
266 1
267 0
268 0
269 1
270 1
271 0
272 0
273 0
274 1
275 0
276 0
277 1
278 1
279 1
280 1
281 0
282 1
283 0
284 1
285 1
286 0
287 1
288 0
289 1
290 1
291 1
292 0
293 1
294 0
295 1
296 0
297 1
298 1
299 1
300 0
301 1
302 0
303 1
304 0
305 1
306 1
307 1
308 0
309 1
310 1
311 0
312 1
313 1
314 0
315 0
316 1
317 1
318 1
319 0
320 1
321 1
322 0
323 0
324 1
325 1
326 0
327 0
328 0
329 0
330 1
331 1
332 0
333 1
334 1
335 1
336 0
337 0
338 1
339 0
340 0
341 1
342 0
343 0
344 1
345 1
346 1
347 1
348 0
349 0
350 0
351 0
352 0
353 0
354 1
355 1
356 1
357 1
358 0
359 0
360 0
361 1
362 0
363 1
364 0
365 1
366 1
367 0
368 1
369 0
370 1
371 1
372 1
373 1
374 0
375 1
376 0
377 1
378 1
379 1
380 1
381 0
382 1
383 0
384 1
385 1
386 0
387 0
388 0
389 1
390 0
391 1
392 1
393 0
394 0
395 1
396 1
397 1
398 0
399 1
400 0
401 0
402 0
403 0
404 1
405 1
406 0
407 0
408 1
409 0
410 1
411 1
412 1
413 1
414 1
415 1
416 1
417 1
418 0
419 1
420 0
421 1
422 0
423 0
424 1
425 0
426 0
427 0
428 0
429 0
430 0
431 0
432 0
433 0
434 0
435 0
436 0
437 0
438 0
439 0
440 0
441 1
442 0
443 0
444 0
445 0
446 0
447 1
448 0
449 1
450 0
451 1
452 1
453 1
454 0
455 1
456 1
457 1
458 1
459 0
460 1
461 1
462 0
463 0
464 0
465 1
466 0
467 1
468 1
469 0
470 0
471 1
472 0
473 0
474 0
475 1
476 1
477 1
478 0
479 0
480 0
481 1
482 1
483 0
484 1
485 1
486 1
487 0
488 0
489 1
490 1
491 1
492 1
493 0
494 0
495 1
496 0
497 0
498 0
499 1
500 1
501 1
502 1
503 0
504 0
505 1
506 0
507 1
508 0
509 1
510 0
511 0
512 1
513 0
514 1
515 0
516 1
517 1
518 1
519 1
520 0
521 0
522 0
523 0
524 1
525 1
526 1
527 0
528 1
529 1
530 0
531 1
532 1
533 0
534 1
535 1
536 1
537 0
538 1
539 0
540 1
541 0
542 1
543 1
544 1
545 0
546 1
547 1
548 0
549 1
550 0
551 0
552 0
553 0
554 1
555 0
556 0
557 0
558 1
559 1
560 1
561 1
562 1
563 0
564 1
565 0
566 1
567 0
568 1
569 0
570 0
571 0
572 0
573 1
574 1
575 0
576 0
577 1
578 0
579 0
580 1
581 1
582 0
583 1
584 0
585 0
586 1
587 1
588 0
589 0
590 1
591 1
592 1
593 0
594 1
595 0
596 1
597 0
598 0
599 1
600 1
601 0
602 1
603 0
604 0
605 1
606 1
607 1
608 0
609 0
610 1
611 0
612 1
613 0
614 0
615 1
616 1
617 1
618 0
619 0
620 1
621 0
622 1
623 0
624 0
625 0
626 1
627 0
628 1
629 1
630 1
631 0
632 0
633 0
634 1
635 0
636 1
637 0
638 0
639 1
640 0
641 1
642 0
643 1
644 1
645 1
646 0
647 0
648 1
649 1
650 0
651 0
652 0
653 0
654 1
655 0
656 1
657 1
658 0
659 0
660 1
661 0
662 0
663 0
664 0
665 0
666 0
667 1
668 1
669 1
670 0
671 1
672 1
673 0
674 1
675 1
676 1
677 1
678 1
679 0
680 0
681 0
682 0
683 0
684 0
685 1
686 0
687 1
688 0
689 1
690 0
691 1
692 1
693 0
694 0
695 1
696 0
697 0
698 1
699 1
700 0
701 1
702 0
703 0
704 1
705 1
706 0
707 0
708 0
709 0
710 0
711 0
712 0
713 1
714 0
715 0
716 1
717 1
718 0
719 0
720 0
721 1
722 0
723 0
724 0
725 1
726 1
727 0
728 1
729 0
730 1
731 1
732 1
733 0
734 1
735 1
736 0
737 1
738 0
739 0
740 1
741 1
742 0
743 1
744 1
745 0
746 0
747 1
748 0
749 1
750 0
751 0
752 1
753 0
754 1
755 0
756 0
757 0
758 1
759 0
760 0
761 0
762 0
763 0
764 0
765 1
766 0
767 1
768 0
769 0
770 0
771 1
772 0
773 1
774 1
775 1
776 1
777 0
778 1
779 0
780 0
781 1
782 0
783 0
784 0
785 1
786 1
787 1
788 0
789 0
790 0
791 1
792 0
793 1
794 0
795 0
796 0
797 0
798 0
799 0
800 0
801 0
802 0
803 0
804 1
805 1
806 1
807 1
808 1
809 0
810 1
811 1
812 1
813 0
814 0
815 1
816 1
817 1
818 1
819 0
820 1
821 1
822 1
823 0
824 0
825 0
826 1
827 0
828 0
829 1
830 0
831 1
832 1
833 1
834 1
835 1
836 1
837 0
838 1
839 0
840 0
841 1
842 0
843 0
844 1
845 0
846 0
847 1
848 0
849 1
850 1
851 0
852 1
853 1
854 1
855 1
856 1
857 0
858 1
859 0
860 0
861 1
862 0
863 1
864 0
865 0
866 0
867 0
868 1
869 0
870 0
871 0
872 1
873 0
874 0
875 0
876 1
877 1
878 0
879 0
880 1
881 1
882 1
883 0
884 1
885 0
886 0
887 1
888 1
889 1
890 0
891 0
892 0
893 0
894 0
895 0
896 0
897 0
898 0
899 1
900 1
901 0
902 0
903 1
904 1
905 1
906 0
907 0
908 0
909 0
910 1
911 1
912 1
913 1
914 0
915 0
916 1
917 1
918 0
919 0
920 0
921 1
922 1
923 0
924 1
925 1
926 0
927 0
928 1
929 1
930 0
931 0
932 0
933 0
934 0
935 0
936 1
937 0
938 0
939 1
940 1
941 1
942 0
943 0
944 0
945 1
946 0
947 0
948 0
949 0
950 1
951 0
952 0
953 0
954 0
955 0
956 0
957 1
958 1
959 1
960 1
961 1
962 1
963 0
964 1
965 1
966 1
967 1
968 0
969 1
970 1
971 0
972 0
973 0
974 0
975 1
976 0
977 0
978 1
979 1
980 0
981 0
982 0
983 1
984 1
985 1
986 1
987 1
988 1
989 0
990 0
991 1
992 1
993 0
994 1
995 1
996 1
997 0
998 1
999 0
1000 1
1001 0
1002 0
1003 1
1004 1
1005 1
1006 0
1007 0
1008 0
1009 1
1010 0
1011 1
1012 1
1013 0
1014 0
1015 0
1016 0
1017 0
1018 0
1019 1
1020 1
1021 0
1022 1
1023 1
1024 1
1025 0
1026 1
1027 0
1028 0
1029 0
1030 0
1031 0
1032 0
1033 0
1034 0
1035 1
1036 0
1037 0
1038 0
1039 0
1040 0
1041 0
1042 0
1043 0
1044 1
1045 1
1046 1
1047 0
1048 0
1049 1
1050 0
1051 0
1052 0
1053 0
1054 0
1055 1
1056 1
1057 0
1058 1
1059 1
1060 1
1061 0
1062 1
1063 1
1064 0
1065 1
1066 0
1067 0
1068 1
1069 1
1070 1
1071 1
1072 1
1073 0
1074 1
1075 1
1076 0
1077 1
1078 0
1079 1
1080 1
1081 1
1082 1
1083 1
1084 1
1085 0
1086 1
1087 0
1088 1
1089 0
1090 1
1091 1
1092 1
1093 1
1094 0
1095 1
1096 0
1097 1
1098 1
1099 1
1100 0
1101 1
1102 0
1103 0
1104 0
1105 1
1106 0
1107 1
1108 1
1109 1
1110 0
1111 0
1112 0
1113 1
1114 0
1115 0
1116 1
1117 0
1118 0
1119 0
1120 1
1121 1
1122 1
1123 1
1124 0
1125 1
1126 0
1127 0
1128 0
1129 1
1130 1
1131 1
1132 0
1133 0
1134 1
1135 1
1136 1
1137 1
1138 1
1139 0
1140 1
1141 1
1142 1
1143 1
1144 0
1145 1
1146 0
1147 1
1148 0
1149 0
1150 1
1151 0
1152 1
1153 1
1154 0
1155 1
1156 1
1157 0
1158 1
1159 1
1160 0
1161 1
1162 1
1163 1
1164 0
1165 1
1166 1
1167 0
1168 1
1169 0
1170 0
1171 0
1172 0
1173 1
1174 1
1175 1
1176 0
1177 1
1178 1
1179 1
1180 1
1181 0
1182 1
1183 0
1184 0
1185 1
1186 0
1187 1
1188 0
1189 0
1190 0
1191 1
1192 1
1193 0
1194 1
1195 0
1196 0
1197 0
1198 1
1199 0
1200 1
1201 1
1202 0
1203 0
1204 0
1205 1
1206 0
1207 1
1208 0
1209 1
1210 0
1211 0
1212 0
1213 0
1214 0
1215 0
1216 1
1217 0
1218 0
1219 1
1220 1
1221 1
1222 1
1223 0
1224 0
1225 1
1226 0
1227 1
1228 1
1229 0
1230 0
1231 1
1232 0
1233 0
1234 1
1235 1
1236 1
1237 1
1238 0
1239 1
1240 1
1241 1
1242 0
1243 0
1244 0
1245 0
1246 1
1247 0
1248 1
1249 1
1250 1
1251 0
1252 1
1253 1
1254 1
1255 0
1256 1
1257 0
1258 0
1259 1
1260 1
1261 0
1262 1
1263 0
1264 1
1265 0
1266 1
1267 0
1268 0
1269 1
1270 0
1271 1
1272 1
1273 0
1274 0
1275 1
1276 0
1277 1
1278 1
1279 1
1280 1
1281 1
1282 1
1283 1
1284 0
1285 0
1286 1
1287 0
1288 1
1289 1
1290 1
1291 1
1292 1
1293 0
1294 1
1295 1
1296 0
1297 1
1298 0
1299 0
1300 0
1301 1
1302 1
1303 0
1304 1
1305 0
1306 0
1307 1
1308 1
1309 1
1310 0
1311 1
1312 0
1313 1
1314 1
1315 1
1316 0
1317 1
1318 1
1319 0
1320 0
1321 1
1322 0
1323 1
1324 0
1325 1
1326 1
1327 1
1328 0
1329 0
1330 0
1331 0
1332 0
1333 0
1334 0
1335 0
1336 0
1337 0
1338 1
1339 1
1340 1
1341 1
1342 0
1343 1
1344 0
1345 1
1346 1
1347 0
1348 1
1349 1
1350 1
1351 0
1352 1
1353 0
1354 0
1355 1
1356 1
1357 0
1358 0
1359 1
1360 0
1361 0
1362 0
1363 1
1364 0
1365 0
1366 0
1367 1
1368 0
1369 0
1370 1
1371 0
1372 1
1373 0
1374 1
1375 1
1376 0
1377 0
1378 0
1379 0
1380 0
1381 1
1382 1
1383 1
1384 0
1385 0
1386 0
1387 0
1388 1
1389 0
1390 1
1391 0
1392 1
1393 0
1394 1
1395 0
1396 0
1397 0
1398 0
1399 1
1400 0
1401 1
1402 1
1403 1
1404 0
1405 1
1406 1
1407 1
1408 0
1409 0
1410 0
1411 1
1412 1
1413 0
1414 1
1415 1
1416 1
1417 0
1418 0
1419 0
1420 0
1421 0
1422 0
1423 1
1424 0
1425 1
1426 0
1427 0
1428 1
1429 1
1430 1
1431 0
1432 0
1433 1
1434 0
1435 1
1436 1
1437 0
1438 1
1439 1
1440 0
1441 1
1442 0
1443 0
1444 0
1445 1
1446 0
1447 1
1448 0
1449 1
1450 0
1451 1
1452 1
1453 1
1454 0
1455 1
1456 0
1457 0
1458 0
1459 0
1460 1
1461 1
1462 1
1463 1
1464 0
1465 1
1466 1
1467 1
1468 0
1469 1
1470 1
1471 0
