1 0
2 1
3 1
4 0
5 1
6 1
7 0
8 0
9 1
10 1
11 0
12 0
13 1
14 0
15 0
16 1
17 1
18 0
19 1
20 1
21 0
22 0
23 1
24 0
25 1
26 0
27 1
28 1
29 1
30 0
31 1
32 0
33 1
34 0
35 1
36 0
37 0
38 1
39 0
40 1
41 1
42 1
43 0
44 1
45 1
46 0
47 1
48 1
49 0
50 1
51 0
52 0
53 1
54 1
55 0
56 1
57 0
58 1
59 0
60 0
61 0
62 0
63 1
64 0
65 1
66 1
67 1
68 0
69 1
70 0
71 1
72 0
73 1
74 0
75 0
76 1
77 1
78 0
79 1
80 0
81 1
82 0
83 1
84 0
85 1
86 1
87 0
88 1
89 1
90 1
91 0
92 0
93 1
94 0
95 1
96 0
97 0
98 0
99 0
100 0
101 1
102 0
103 1
104 1
105 1
106 0
107 1
108 0
109 1
110 1
111 1
112 0
113 0
114 0
115 1
116 0
117 1
118 0
119 1
120 1
121 0
122 0
123 0
124 1
125 0
126 0
127 0
128 1
129 0
130 1
131 1
132 1
133 1
134 1
135 0
136 0
137 0
138 1
139 1
140 0
141 1
142 0
143 1
144 0
145 0
146 0
147 1
148 1
149 1
150 1
151 0
152 0
153 0
154 1
155 1
156 1
157 0
158 1
159 0
160 1
161 0
162 1
163 1
164 1
165 1
166 0
167 0
168 1
169 0
170 1
171 0
172 0
173 1
174 1
175 1
176 1
177 1
178 0
179 0
180 1
181 1
182 0
183 1
184 0
185 1
186 0
187 1
188 0
189 0
190 0
191 1
192 0
193 1
194 0
195 0
196 0
197 0
198 0
199 0
200 0
201 0
202 1
203 0
204 1
205 1
206 0
207 0
208 1
209 0
210 1
211 0
212 1
213 0
214 0
215 0
216 1
217 1
218 1
219 0
220 1
221 1
222 1
223 0
224 1
225 0
226 0
227 1
228 1
229 0
230 1
231 0
232 0
233 1
234 0
235 1
236 1
237 1
238 1
239 1
240 1
241 0
242 1
243 1
244 1
245 1
246 0
247 1
248 0
249 1
250 0
251 0
252 0
253 0
254 0
255 1
256 1
257 1
258 0
259 0
260 1
261 1
262 0
263 0
264 0
265 1
266 1
267 0
268 1
269 1
270 0
271 1
272 1
273 1
274 1
275 1
276 1
277 0
278 0
279 0
280 1
281 1
282 0
283 1
284 1
285 0
286 1
287 0
288 1
289 0
290 0
291 1
292 1
293 0
294 1
295 1
296 1
297 1
298 0
299 0
300 1
301 1
302 0
303 1
304 1
305 0
306 1
307 0
308 0
309 0
310 1
311 0
312 0
313 1
314 0
315 1
316 0
317 0
318 1
319 0
320 1
321 1
322 0
323 0
324 0
325 1
326 1
327 0
328 0
329 0
330 1
331 1
332 0
333 0
334 1
335 1
336 0
337 1
338 1
339 1
340 1
341 1
342 1
343 1
344 0
345 1
346 0
347 0
348 1
349 1
350 0
351 1
352 0
353 0
354 0
355 0
356 0
357 0
358 0
359 1
360 0
361 0
362 1
363 1
364 1
365 0
366 1
367 1
368 0
369 0
370 1
371 1
372 0
373 0
374 0
375 0
376 0
377 1
378 0
379 1
380 0
381 1
382 0
383 1
384 0
385 0
386 0
387 1
388 1
389 0
390 1
391 1
392 1
393 1
394 1
395 1
396 0
397 0
398 1
399 0
400 0
401 1
402 1
403 0
404 0
405 1
406 1
407 1
408 1
409 0
410 1
411 1
412 0
413 1
414 1
415 1
416 1
417 0
418 0
419 0
420 0
421 1
422 1
423 0
424 0
425 0
426 0
427 0
428 1
429 1
430 0
431 0
432 1
433 1
434 1
435 1
436 1
437 0
438 0
439 0
440 0
441 1
442 1
443 1
444 1
445 1
446 1
447 0
448 0
449 1
450 0
451 0
452 1
453 0
454 1
455 0
456 1
457 1
458 0
459 1
460 0
461 0
462 0
463 1
464 1
465 1
466 1
467 1
468 0
469 0
470 1
471 1
472 0
473 0
474 0
475 1
476 1
477 1
478 0
479 1
480 1
481 0
482 0
483 1
484 0
485 0
486 0
487 1
488 0
489 1
490 1
491 0
492 1
493 0
494 0
495 1
496 1
497 1
498 0
499 1
500 0
501 1
502 0
503 1
504 0
505 1
506 0
507 0
508 0
509 0
510 1
511 1
512 0
513 1
514 0
515 0
516 1
517 0
518 0
519 0
520 1
521 0
522 0
523 1
524 1
525 0
526 0
527 1
528 1
529 1
530 0
531 1
532 0
533 0
534 0
535 1
536 0
537 0
538 1
539 1
540 1
541 0
542 0
543 1
544 0
545 0
546 1
547 0
548 1
549 1
550 1
551 1
552 1
553 0
554 1
555 0
556 0
557 1
558 0
559 1
560 0
561 1
562 1
563 0
564 0
565 1
566 0
567 1
568 0
569 0
570 1
571 0
572 0
573 1
574 0
575 1
576 1
577 0
578 0
579 1
580 0
581 1
582 1
583 1
584 1
585 0
586 1
587 0
588 0
589 1
590 0
591 1
592 1
593 1
594 0
595 1
596 1
597 0
598 0
599 0
600 0
601 1
602 0
603 1
604 0
605 1
606 0
607 1
608 1
609 0
610 1
611 0
612 1
613 0
614 1
615 0
616 1
617 1
618 1
619 1
620 1
621 1
622 1
623 0
624 1
625 1
626 1
627 1
628 1
629 1
630 0
631 1
632 1
633 1
634 1
635 0
636 1
637 1
638 0
639 0
640 0
641 0
642 1
643 0
644 1
645 1
646 1
647 0
648 0
649 1
650 1
651 1
652 0
653 1
654 1
655 0
656 0
657 1
658 0
659 0
660 0
661 1
662 0
663 0
664 0
665 0
666 1
667 1
668 1
669 0
670 1
671 1
672 0
673 0
674 1
675 1
676 1
677 0
678 1
679 1
680 1
681 1
682 1
683 0
684 0
685 1
686 1
687 1
688 0
689 1
690 0
691 0
692 1
693 1
694 0
695 0
696 1
697 1
698 0
699 1
700 0
701 0
702 1
703 0
704 1
705 1
706 1
707 1
708 1
709 0
710 1
711 0
712 0
713 1
714 0
715 0
716 0
717 1
718 1
719 0
720 1
721 0
722 1
723 0
724 1
725 1
726 0
727 0
728 0
729 1
730 0
731 0
732 1
733 1
734 0
735 0
736 1
737 1
738 1
739 1
740 1
741 0
742 0
743 1
744 1
745 0
746 0
747 1
748 1
749 0
750 1
751 1
752 0
753 0
754 1
755 1
756 1
757 1
758 0
759 1
760 1
761 0
762 0
763 1
764 1
765 1
766 0
767 1
768 1
769 1
770 1
771 0
772 0
773 0
774 1
775 1
776 0
777 0
778 1
779 1
780 1
781 1
782 0
783 1
784 0
785 0
786 0
787 0
788 1
789 0
790 0
791 1
792 0
793 0
794 1
795 0
796 0
797 1
798 1
799 1
800 1
801 1
802 0
803 1
804 0
805 0
806 0
807 1
808 1
809 0
810 1
811 0
812 0
813 0
814 1
815 0
816 0
817 1
818 0
819 0
820 1
821 0
822 1
823 0
824 0
825 1
826 1
827 0
828 1
829 0
830 0
831 1
832 1
833 0
834 1
835 0
836 1
837 1
838 1
839 1
840 0
841 1
842 1
843 0
844 0
845 1
846 1
847 0
848 1
849 0
850 1
851 1
852 0
853 1
854 1
855 1
856 0
857 0
858 1
859 0
860 1
861 0
862 1
863 0
864 0
865 1
866 0
867 1
868 0
869 0
870 0
871 1
872 0
873 0
874 1
875 0
876 0
877 1
878 0
879 0
880 1
881 0
882 0
883 0
884 1
885 0
886 0
887 0
888 1
889 0
890 1
891 1
892 0
893 1
894 1
895 1
896 1
897 0
898 1
899 0
900 1
901 1
902 0
903 0
904 0
905 1
906 1
907 1
908 1
909 1
910 0
911 1
912 1
913 1
914 0
915 1
916 1
917 1
918 0
919 0
920 1
921 1
922 1
923 0
924 0
925 0
926 0
927 1
928 1
929 1
930 0
931 0
932 1
933 0
934 1
935 1
936 1
937 0
938 1
939 1
940 0
941 0
942 0
943 1
944 0
945 1
946 1
947 1
948 1
949 0
950 0
951 1
952 0
953 1
954 0
955 0
956 1
957 0
958 0
959 0
960 1
961 0
962 1
963 1
964 0
965 0
966 0
967 0
968 1
969 0
970 0
971 1
972 1
973 1
974 0
975 1
976 1
977 0
978 0
979 0
980 0
981 0
982 1
983 1
984 1
985 1
986 0
987 0
988 1
989 0
990 1
991 1
992 1
993 1
994 0
995 1
996 0
997 0
998 1
999 1
1000 1
1001 0
1002 0
1003 1
1004 1
1005 1
1006 1
1007 0
1008 1
1009 1
1010 1
1011 1
1012 1
1013 0
1014 1
1015 0
1016 0
1017 1
1018 0
1019 0
1020 1
1021 0
1022 0
1023 0
1024 0
1025 0
1026 1
1027 0
1028 0
1029 0
1030 0
1031 1
1032 1
1033 1
1034 0
1035 1
1036 0
1037 1
1038 1
1039 1
1040 1
1041 0
1042 1
1043 0
1044 0
1045 1
1046 0
1047 0
1048 0
1049 0
1050 1
1051 1
1052 1
1053 0
1054 0
1055 1
1056 1
1057 1
1058 1
1059 1
1060 1
1061 0
1062 1
1063 0
1064 0
1065 1
1066 1
1067 0
1068 1
1069 0
1070 1
1071 1
1072 0
1073 1
1074 0
1075 1
1076 1
1077 1
1078 0
1079 0
1080 1
1081 1
1082 1
1083 0
1084 1
1085 0
1086 1
1087 0
1088 0
1089 0
1090 1
1091 0
1092 0
1093 0
1094 0
1095 0
1096 0
1097 0
1098 1
1099 0
1100 0
1101 1
1102 1
1103 1
1104 0
1105 1
1106 0
1107 0
1108 0
1109 1
1110 0
1111 0
1112 1
1113 0
1114 0
1115 1
1116 0
1117 1
1118 1
1119 1
1120 0
1121 0
1122 1
1123 1
1124 1
1125 0
1126 0
1127 0
1128 1
1129 0
1130 0
1131 1
1132 0
1133 1
1134 1
1135 1
1136 1
1137 0
1138 0
1139 0
1140 1
1141 0
1142 1
1143 1
1144 0
1145 0
1146 0
1147 0
1148 1
1149 0
1150 1
1151 0
1152 0
1153 1
1154 1
1155 1
1156 1
1157 1
1158 0
1159 0
1160 1
1161 0
1162 0
1163 1
1164 1
1165 1
1166 1
1167 0
1168 1
1169 0
1170 1
1171 1
1172 1
1173 0
1174 1
1175 0
1176 1
1177 1
1178 0
1179 0
1180 0
1181 1
1182 0
1183 0
1184 0
1185 0
1186 1
1187 1
1188 1
1189 0
1190 1
1191 0
1192 0
1193 0
1194 0
1195 0
1196 0
1197 0
1198 0
1199 0
1200 1
1201 1
1202 1
1203 1
1204 0
1205 1
1206 0
1207 1
1208 1
1209 1
1210 0
1211 1
1212 1
1213 0
1214 0
1215 1
1216 0
1217 0
1218 0
1219 0
1220 1
1221 0
1222 0
1223 1
1224 0
1225 0
1226 0
1227 0
1228 1
1229 1
1230 1
1231 1
1232 1
1233 0
1234 0
1235 0
1236 0
1237 1
1238 0
1239 0
1240 1
1241 0
1242 0
1243 0
1244 1
1245 0
1246 1
1247 1
1248 0
1249 1
1250 1
1251 0
1252 1
1253 1
1254 0
1255 1
1256 0
1257 1
1258 1
1259 1
1260 0
1261 1
1262 0
1263 0
1264 1
1265 0
1266 1
1267 1
1268 0
1269 1
1270 1
1271 1
1272 1
1273 0
1274 0
1275 1
1276 0
1277 1
1278 0
1279 1
1280 0
1281 0
1282 1
1283 1
1284 0
1285 1
1286 0
1287 1
1288 0
1289 0
1290 1
1291 0
1292 1
1293 1
1294 0
1295 0
1296 1
1297 0
1298 0
1299 0
1300 0
1301 1
1302 1
1303 1
1304 0
1305 1
1306 0
1307 0
1308 0
1309 1
1310 0
1311 1
1312 1
1313 0
1314 1
1315 1
1316 0
1317 0
1318 0
1319 1
1320 1
1321 0
1322 0
1323 0
1324 1
1325 0
1326 0
1327 1
1328 1
1329 1
1330 1
1331 0
1332 1
1333 0
1334 1
1335 1
1336 1
1337 0
1338 0
1339 1
1340 1
1341 0
1342 0
1343 1
1344 1
1345 0
1346 0
1347 0
1348 0
1349 1
1350 0
1351 0
1352 1
1353 0
1354 1
1355 0
1356 1
1357 0
1358 1
1359 1
1360 0
1361 1
1362 0
1363 1
1364 0
1365 0
1366 1
1367 0
1368 0
1369 1
1370 1
1371 1
1372 1
1373 0
1374 1
1375 1
1376 0
1377 1
1378 1
1379 0
1380 1
1381 0
1382 0
1383 0
1384 1
1385 1
1386 0
1387 0
1388 1
1389 0
1390 1
1391 0
1392 1
1393 0
1394 0
1395 0
1396 1
1397 0
1398 1
1399 0
1400 1
1401 1
1402 0
1403 0
1404 1
1405 0
1406 1
1407 1
1408 0
1409 0
1410 0
1411 0
1412 0
1413 0
1414 1
1415 0
1416 1
1417 1
1418 1
1419 0
1420 1
1421 0
1422 0
1423 0
1424 1
1425 0
1426 1
1427 1
1428 1
1429 0
1430 1
1431 1
1432 1
1433 1
1434 0
1435 0
1436 0
1437 1
1438 1
1439 0
1440 1
1441 0
1442 1
1443 1
1444 1
1445 0
1446 1
1447 0
1448 0
1449 1
1450 0
1451 0
1452 0
1453 0
1454 0
1455 0
1456 1
1457 0
1458 0
1459 0
1460 1
1461 1
1462 0
1463 1
1464 1
1465 1
1466 1
1467 1
1468 0
1469 1
1470 0
1471 0
