752
880
1331
339
2308
976
428
442
822
2640
102
1408
2690
374
1965
630
2649
598
2632
1076
1238
1759
1257
1108
1069
185
1313
724
78
2598
1460
1697
1042
1124
372
1028
909
1289
1435
293
1176
664
1392
2931
85
69
1193
2315
2301
207
1716
1641
2787
658
1318
2406
856
2446
907
2153
2128
995
2611
1012
1255
107
2395
893
2737
690
2854
2941
1846
1975
2129
5
2933
1594
433
2225
1216
1154
2586
715
1591
1696
161
1860
518
1494
886
2503
2879
753
2215
883
1852
461
541
877
642
2099
819
2391
2712
2182
2166
1509
731
1744
1864
994
1725
1723
1866
970
344
2175
241
967
2508
2002
978
2612
2052
1445
1301
2160
714
2500
2262
1803
972
765
2115
1311
216
1224
1178
2895
2324
403
1517
2642
505
1715
15
2397
791
944
2607
1190
148
146
1917
2393
138
1472
2161
1100
1473
988
633
1857
740
1941
2541
2312
1735
167
2783
1714
31
210
2788
998
94
2502
1831
2066
1456
1989
1247
562
2629
770
758
2746
584
2626
2138
1343
1557
2641
2539
1112
1829
1211
1157
2837
1669
2620
1887
2295
2593
2171
490
748
1015
1385
1760
586
750
1893
1987
540
1347
959
1643
1004
501
1129
1868
550
1294
882
166
2638
2853
498
1524
1934
1185
352
2392
1070
1674
2465
900
1693
620
903
836
1613
2354
1773
2882
2042
1367
2881
2536
1443
1771
421
2655
2710
706
918
990
1790
979
1244
1853
2486
2542
729
109
198
32
869
2109
491
2512
1886
1837
2704
1717
2408
243
2760
845
818
799
2188
687
453
38
1928
2806
1841
1439
2528
1912
229
867
174
380
1058
759
2915
2061
308
613
928
57
2471
1839
1273
41
83
916
1245
2204
230
1077
2323
647
2829
503
2692
1936
65
1040
567
2023
206
2330
2664
2434
118
2867
1127
756
1308
1916
1596
2083
348
746
557
214
2725
250
2314
145
1192
697
2699
235
2437
2015
149
1438
2156
2616
2466
1851
2765
2058
817
1967
1964
23
1223
2484
2936
1573
943
2527
1371
209
2595
2251
2181
1687
602
930
119
1269
593
2090
381
609
2373
150
515
1049
685
19
1066
375
1298
1396
2230
355
1393
1983
1230
1177
2252
2026
1554
1344
2347
1188
1609
60
2794
2676
467
2695
1797
2364
429
2331
2505
1539
257
1045
458
1202
1125
2381
674
2422
290
2241
2718
2084
1089
311
1900
1406
1189
2193
281
2358
2112
2457
563
661
801
2622
885
484
1493
1895
319
289
1104
2591
547
761
595
2460
1883
1424
2753
1903
1364
2327
2592
1665
1388
1228
559
2590
865
732
2495
2584
1788
2659
2431
1346
242
1649
1014
1811
1648
973
1700
634
2003
42
2293
1327
2529
2207
2206
679
358
2370
2344
82
2282
1752
1915
2891
871
1011
1979
2195
1998
247
2666
1942
1328
932
569
1099
2938
34
829
1787
2
1921
1419
2046
696
1560
926
1859
1954
747
61
704
564
310
2091
2060
2644
1729
1626
2005
2501
2205
1897
1937
2567
492
1366
2256
2796
1574
2917
1090
1587
2686
2429
1018
2797
735
1658
2908
1229
1578
123
517
992
1676
2688
2609
2570
1464
692
1971
689
2475
416
1412
2523
1589
544
58
971
2167
2117
2246
2292
1220
2388
1405
1046
2174
465
601
2509
1122
1019
782
2014
2306
1664
452
1013
253
1322
2025
2751
64
1214
450
1091
1602
2871
2585
326
855
383
1098
2176
1892
318
1862
2157
124
1426
27
2168
2150
710
88
755
2383
1359
792
1365
1654
2888
2222
1043
495
2900
1543
1463
533
262
1728
10
2687
482
0
116
1973
1923
2039
757
2418
2559
1312
2305
1481
1655
267
1711
1109
2831
780
2472
861
430
2480
2009
1661
2339
1084
4
469
1855
561
2727
1321
1491
1265
451
1761
2920
480
899
1233
2886
2904
189
645
139
357
2606
11
1208
143
2741
2355
2937
2575
983
2382
384
2636
2548
1791
813
2134
2493
282
2269
2073
474
1678
1078
2572
1325
2070
1712
232
2786
488
1527
2562
315
1737
2859
2242
1814
739
328
181
1272
1009
264
1636
335
1757
1355
291
296
86
1496
1304
2338
2814
969
1679
937
456
2263
773
277
1598
1378
952
129
1843
1164
1778
1991
1601
2448
1039
1519
1958
389
2565
1877
612
1741
1475
2473
2127
473
1812
359
1172
8
1611
343
816
962
2018
59
1806
638
2177
2516
1332
950
2236
2930
240
2265
2218
72
1434
1106
1663
1671
2131
1924
1151
939
1522
2841
445
2759
2719
1427
2848
2441
1061
2661
520
2524
2443
2623
2735
1821
1708
1722
1691
513
668
1767
387
21
1254
2033
2281
2771
2297
2170
837
646
1401
719
398
2876
2004
1683
649
1684
2873
2673
237
1694
324
2627
2711
1119
1174
105
1699
2784
636
1187
787
1992
1777
199
164
2780
2173
1623
1237
2705
1836
977
553
74
330
2342
1854
286
1804
827
833
276
379
55
676
2568
2065
1306
1263
1739
493
414
1180
1974
523
239
1379
2680
2538
1181
581
542
322
2924
741
2403
1390
2836
1053
2371
1377
1394
2051
1753
667
2250
205
1315
1087
2497
902
66
1468
574
730
975
1938
2663
1751
2384
1706
1048
1981
80
2141
678
2808
2349
552
1403
1062
1506
1137
2932
483
1809
2163
580
993
1033
1144
1021
889
177
1817
2192
2775
712
1027
904
1736
2068
1179
1261
811
62
2929
2455
2693
2724
743
265
222
2855
627
2554
764
1910
2145
2458
298
1869
807
1702
279
1508
2283
39
2034
2520
2807
1413
168
1689
1495
999
1351
2899
1724
1146
244
821
1845
2730
1357
965
2639
2793
1815
1799
2240
884
1590
1131
2861
402
2158
2118
2336
2108
436
197
2320
2755
1007
361
494
1635
1035
2646
2097
575
1232
1592
2137
1360
1418
170
133
1303
798
1754
2062
20
63
1173
1755
850
2045
1628
2675
843
2768
737
832
768
516
536
1422
160
573
1575
418
1874
353
1742
1288
1152
1231
1952
874
1962
509
2513
1957
853
566
852
258
1259
2907
530
463
726
2777
2700
571
2504
1068
708
532
622
1115
1389
1677
2074
415
1544
2545
446
67
1876
888
401
126
1470
2544
1899
2319
848
793
924
2146
2745
2752
2237
2361
1482
1199
2220
2531
479
2652
1250
1970
194
2311
496
2067
1652
454
1264
677
2514
2898
2006
75
1085
1662
1528
342
864
2304
1123
2578
1559
2396
1789
1171
223
2244
1484
2714
1329
7
1540
686
2285
392
2844
772
2095
1505
1210
828
439
2313
1120
842
2126
360
1059
1323
2427
1008
960
570
2617
823
2939
603
1659
1055
331
6
2654
1704
511
1842
2238
297
438
2835
1093
2563
2823
91
1549
1896
2341
2463
1978
1280
555
2645
1785
485
2667
1653
2453
2094
1732
2868
2217
2032
2290
2191
2762
2258
2154
1447
2511
2865
2183
362
1961
51
1130
1036
349
50
774
637
299
1781
1920
2522
507
769
1307
1222
2608
2750
549
1441
2363
2261
2468
2684
2469
1749
2549
396
1608
1969
350
1875
643
260
1079
1542
1338
2729
1756
663
846
2366
946
2100
670
2318
2635
881
809
1515
1067
917
2111
1212
159
2326
427
1795
777
1416
2696
1927
839
2017
908
751
1597
1253
228
2540
101
2579
1204
1913
1615
1143
1341
2852
2024
1497
1848
2602
1256
1637
2368
605
1290
901
662
432
2149
2707
2812
411
744
2213
30
2377
1197
1162
1926
2849
1184
2040
2880
860
1838
292
37
1561
1276
397
1251
1161
212
2103
2056
2081
409
1428
13
2816
1564
2599
1050
2706
1518
2507
1398
1096
2421
1354
2905
2337
650
79
2499
2050
1774
1209
682
1996
1618
1719
2284
269
220
2423
2901
2259
395
475
776
623
1566
2478
1195
590
1682
1769
2221
2789
1121
158
294
2748
35
9
2287
251
2792
934
527
942
1262
915
89
1552
125
805
2761
2426
1902
2211
607
844
2630
2055
2298
2140
857
455
1391
252
2064
2028
169
2107
68
1705
1363
1409
546
2677
106
1292
713
400
1448
2864
1281
208
1417
481
280
2551
2550
2335
1995
858
256
2071
2892
370
1431
1502
2310
624
2561
1833
1850
1638
1386
2656
1207
2179
2350
2889
2224
325
2428
514
1469
1166
2482
2212
226
2691
1160
1037
246
287
1268
1163
2779
2744
1929
2231
2030
1504
1340
1627
604
1063
2713
1657
610
1695
2219
1461
2291
786
681
71
489
1136
2105
2894
1407
705
554
1149
1633
2289
2519
1221
100
2492
2116
1487
2470
556
896
981
2757
2773
165
394
1430
2525
2722
134
307
929
954
779
1107
1324
338
1295
1925
2080
1005
1651
2810
947
2069
1784
854
2850
2587
2307
329
2624
1138
927
2346
1525
1822
1442
156
183
2839
840
597
449
233
2390
2104
1319
838
2276
305
1835
1140
1132
43
2682
1499
671
188
2233
377
2209
171
1374
278
1999
2467
2452
2035
631
1369
2300
2801
2249
1218
606
2883
1278
2672
1103
626
1110
2819
2824
434
1932
1986
2063
1955
1745
1994
1585
1057
1943
154
1621
2506
565
1455
718
1931
2038
178
2322
1060
2856
1410
2019
1826
2059
1534
248
1158
2533
2438
2668
1703
1142
1867
471
1352
2869
2716
2566
2935
2818
2216
680
1946
218
1793
1249
266
1588
2658
2394
1483
1840
2439
1813
1891
1342
275
236
2573
2075
1620
1141
1362
808
1750
1449
1988
1000
526
2266
1044
103
16
2558
1337
698
1632
504
727
835
1882
1167
254
2464
2031
2934
2210
2089
2387
1568
968
2740
1421
2444
851
683
2147
25
2795
2022
1947
919
1073
155
1823
2302
405
1625
568
1538
2633
802
288
1640
1511
701
2340
2685
1746
1056
1993
1201
1382
728
1453
940
2152
1260
1605
2232
184
2600
1074
2007
2398
2701
2119
794
2410
1720
1282
614
1681
2532
695
1500
448
1763
2914
1599
1686
1479
1118
1513
781
369
790
2049
303
2742
1982
2813
2303
763
1446
186
2143
2893
1872
2657
628
2124
1523
2614
2123
608
2386
459
273
1631
1219
933
2721
996
2079
1968
2411
447
1411
213
551
841
2670
393
182
1010
910
1003
1798
221
2419
2833
1914
1881
366
1766
2169
2589
2838
2180
179
1133
1375
621
1206
1102
2096
2628
2560
2047
2534
1701
2576
1772
2872
641
1429
1583
1440
1001
1300
2234
2927
24
136
70
958
272
639
804
815
800
1758
2717
1541
163
2125
1080
2785
1017
1383
2385
2923
2321
431
1794
1051
2767
2496
1644
1918
974
2776
1047
1619
1302
323
1834
592
506
1234
2048
1305
127
594
1865
2913
180
1830
2425
826
295
2296
53
1031
2896
1476
141
2491
2918
1861
512
2662
1576
2723
92
1650
203
1240
1023
1888
862
1194
665
1097
1353
302
1586
2845
2016
831
956
2805
1666
316
796
217
1856
736
2601
340
2447
2720
725
117
535
1054
1503
2665
543
767
2185
733
1673
376
1380
2825
1279
1034
2870
1645
313
2454
1314
2430
2860
2135
1873
723
2885
2569
524
1274
2487
1940
1819
982
2362
191
2375
44
1293
957
187
1547
2093
2922
1373
96
964
596
385
2433
1624
1016
1002
1731
1498
1203
859
2603
1647
1480
1606
2278
1436
1116
2634
1512
2890
734
1128
1577
176
1191
878
460
423
538
1242
1041
1959
1370
1145
702
2832
1006
309
2365
2919
2190
820
669
1692
2653
2404
175
1198
231
721
2078
797
1898
2260
227
2625
1459
572
261
2588
693
1553
1156
259
1258
2235
2903
2294
2912
499
1776
591
1400
47
200
2909
304
2139
762
1818
2162
192
2530
1976
36
1169
2782
2518
1246
783
1032
56
1457
2774
373
268
1081
2121
2925
1762
122
1113
2151
1339
2940
2226
906
153
1092
500
193
1911
812
351
2851
1376
1727
1832
2547
1604
413
558
2459
2866
1880
508
196
589
120
1490
599
1579
1025
2389
2637
521
914
2072
766
898
108
1802
1326
788
1783
1634
2243
1368
1361
1768
336
785
2910
464
1336
2660
390
897
2477
2412
2756
1155
2494
1139
2683
2679
419
2817
684
1471
1550
2671
660
2728
2352
112
2279
2731
985
93
2802
749
1743
2196
1420
2309
1782
1437
172
666
1593
1567
923
33
1126
1283
1849
2553
2054
73
2618
2840
2208
2253
2142
2436
2571
2132
651
424
1870
2743
2803
876
2254
895
1690
2440
417
2120
1537
2521
849
1563
806
1571
742
2041
920
529
760
2580
1465
1748
2184
2450
2834
1780
1150
2926
1235
2552
2820
905
738
2198
2333
2165
114
502
1330
890
371
2732
441
548
1474
1252
1111
847
1963
2367
1630
334
1733
204
722
1404
2621
824
616
1186
1582
1906
2086
2113
2474
2011
2164
386
99
1901
1972
1387
2809
2574
1075
2316
2858
2357
2577
173
2490
2764
617
347
2703
1088
2826
144
457
635
2847
688
1980
2878
1863
2734
2332
1291
1384
539
945
585
2159
986
1825
2758
1531
1038
775
98
1310
2461
700
2414
1878
341
2887
1183
810
97
1267
648
2862
600
131
2631
1890
654
619
2021
2360
2830
2101
2605
2228
2615
368
1200
1071
1094
1095
2201
435
2197
1215
1610
2013
111
2928
1477
1805
632
560
936
378
1675
2136
140
1532
2356
1529
195
121
1286
420
1083
1478
997
2715
224
2413
2087
3
1275
26
2581
1170
29
1236
2674
2229
1546
1581
1730
1285
1885
922
412
2791
2409
2689
1709
152
333
656
211
255
2799
1990
317
2380
655
1444
1905
425
1296
1333
274
1707
1555
745
545
2194
941
2272
2857
891
245
2583
754
147
1656
2399
2353
2543
468
219
1297
2828
1572
1985
1556
784
1939
1738
2043
2227
2754
1858
510
615
1349
703
90
408
1520
1820
987
716
2697
711
54
576
487
2020
2202
2769
625
1945
1607
1740
2877
2372
1486
519
2077
486
1320
1287
2557
2669
52
215
14
887
1984
1828
2485
537
1052
699
2082
707
2702
365
2037
2317
2271
1646
399
2379
1933
1168
1816
2456
478
2811
1642
866
404
1399
84
2144
2424
691
354
1514
2223
577
1908
426
81
1614
611
2546
2001
1779
921
1951
2798
1309
1562
925
579
931
271
1022
1402
367
2376
2709
1548
312
2596
1919
1248
2036
40
1510
2863
2821
2245
1747
1065
225
2343
2214
443
1147
1600
2739
2479
1796
2435
1
2106
1667
953
2772
1196
2738
2650
1953
2875
162
2535
1764
525
825
1159
2110
1395
1452
1966
382
1894
657
2678
1521
528
694
1526
1721
2186
1334
2763
17
356
284
407
327
875
2874
2442
2200
337
104
1956
2733
1685
1501
477
803
2555
1565
151
2417
2351
2329
1335
1415
644
2273
1808
2648
2613
868
2556
1175
2274
2416
2199
1847
1243
771
2178
2012
830
2247
1239
1423
472
2402
2378
2517
1489
1356
1570
2515
115
128
22
1029
202
709
1507
130
2445
652
1922
1827
2239
2088
2604
1670
949
1148
2345
522
346
1545
476
2681
863
1433
1134
1217
1824
1533
1889
1949
1997
1432
2189
955
1317
1807
1114
444
2359
2420
1718
948
466
1277
2822
2843
1680
1844
1775
912
321
2098
2248
2770
2510
1072
95
2766
2114
1205
1284
1801
1026
1622
2432
1960
2916
961
2619
45
2597
113
991
135
1584
1629
462
2277
1182
588
110
2481
1270
2902
534
1348
28
77
301
1227
675
963
778
2092
1558
1450
1536
2057
1551
410
1105
2749
332
2906
2651
2526
1792
12
2299
2275
984
2172
2415
2267
2369
440
672
2736
2846
2044
1944
363
1734
2804
1948
46
249
2647
2610
2911
270
388
1454
2085
2328
2698
422
2694
913
1030
2827
1299
1603
2286
2027
1485
2747
795
1770
437
2800
2498
2483
1153
2268
2187
587
1086
870
2781
2643
1488
966
2008
2582
1639
1535
2257
1660
263
2010
1904
2280
406
1372
157
1616
1165
2374
2255
935
142
2264
132
1458
2122
659
879
629
2897
1713
1466
1884
578
1462
720
1350
2476
285
1672
320
2076
1950
1345
1117
1726
1381
1101
2815
1425
2407
1226
497
1786
1668
2462
789
2921
18
2102
2029
1935
1451
2842
87
582
1871
872
1271
2000
894
238
2148
2400
2537
1907
2203
1977
1414
1530
76
2053
1765
673
2401
1241
2325
470
1595
1064
1020
989
2133
1710
2778
640
137
1467
190
48
1569
49
911
1688
283
364
2288
2405
873
2270
1617
1930
306
1397
1024
2884
1135
201
2348
2708
1492
1580
2594
391
2564
1612
314
234
2488
892
618
2334
1358
1879
938
1698
1316
1800
834
2451
2790
2726
300
583
1082
1213
980
1516
1810
531
2155
717
345
653
1266
2449
1909
1225
951
814
2130
2489

