1 1
2 0
3 0
4 0
5 1
6 0
7 0
8 0
9 1
10 1
11 1
12 1
13 1
14 0
15 1
16 1
17 0
18 1
19 1
20 1
21 1
22 1
23 0
24 0
25 0
26 0
27 1
28 0
29 0
30 1
31 1
32 0
33 1
34 1
35 1
36 1
37 0
38 1
39 0
40 1
41 0
42 1
43 0
44 0
45 0
46 1
47 1
48 0
49 1
50 0
51 0
52 1
53 1
54 1
55 0
56 0
57 1
58 1
59 0
60 1
61 0
62 1
63 0
64 1
65 0
66 1
67 1
68 1
69 1
70 0
71 1
72 1
73 1
74 0
75 1
76 1
77 1
78 0
79 1
80 1
81 1
82 1
83 0
84 0
85 1
86 0
87 1
88 0
89 1
90 1
91 0
92 1
93 0
94 1
95 0
96 1
97 0
98 1
99 1
100 0
101 0
102 0
103 0
104 1
105 0
106 1
107 1
108 1
109 0
110 1
111 1
112 0
113 1
114 1
115 0
116 0
117 1
118 1
119 1
120 0
121 0
122 0
123 1
124 0
125 0
126 1
127 0
128 0
129 1
130 0
131 1
132 0
133 0
134 1
135 1
136 0
137 1
138 0
139 1
140 1
141 0
142 1
143 1
144 1
145 0
146 0
147 1
148 1
149 0
150 0
151 1
152 0
153 1
154 0
155 0
156 1
157 0
158 0
159 1
160 0
161 0
162 0
163 1
164 0
165 1
166 0
167 0
168 1
169 1
170 0
171 1
172 1
173 0
174 1
175 0
176 0
177 1
178 0
179 0
180 0
181 1
182 1
183 0
184 1
185 0
186 1
187 1
188 0
189 1
190 1
191 1
192 0
193 0
194 1
195 0
196 0
197 0
198 0
199 1
200 0
201 0
202 1
203 0
204 1
205 0
206 0
207 0
208 1
209 0
210 1
211 0
212 0
213 0
214 1
215 1
216 1
217 0
218 0
219 0
220 1
221 1
222 1
223 0
224 0
225 1
226 0
227 0
228 0
229 0
230 0
231 0
232 0
233 1
234 1
235 0
236 0
237 0
238 1
239 0
240 1
241 0
242 1
243 1
244 0
245 0
246 0
247 1
248 0
249 0
250 1
251 1
252 0
253 0
254 0
255 0
256 1
257 1
258 0
259 0
260 1
261 1
262 1
263 0
264 1
265 1
266 0
267 0
268 1
269 0
270 0
271 1
272 0
273 1
274 1
275 1
276 0
277 0
278 1
279 1
280 0
281 1
282 1
283 0
284 1
285 0
286 1
287 1
288 0
289 0
290 1
291 0
292 1
293 0
294 0
295 1
296 1
297 1
298 1
299 0
300 1
301 1
302 0
303 0
304 0
305 0
306 0
307 1
308 1
309 1
310 1
311 1
312 1
313 0
314 1
315 0
316 0
317 0
318 0
319 1
320 0
321 1
322 1
323 1
324 0
325 1
326 0
327 1
328 1
329 0
330 1
331 0
332 0
333 1
334 0
335 1
336 0
337 1
338 1
339 1
340 0
341 0
342 1
343 0
344 0
345 0
346 0
347 0
348 0
349 0
350 1
351 0
352 0
353 1
354 0
355 1
356 0
357 1
358 1
359 0
360 1
361 0
362 0
363 1
364 0
365 1
366 0
367 1
368 0
369 0
370 1
371 1
372 1
373 0
374 1
375 0
376 0
377 1
378 0
379 0
380 0
381 1
382 0
383 1
384 1
385 0
386 0
387 1
388 0
389 0
390 0
391 1
392 1
393 0
394 0
395 1
396 0
397 1
398 1
399 1
400 1
401 1
402 0
403 0
404 0
405 1
406 0
407 1
408 1
409 1
410 1
411 1
412 0
413 1
414 1
415 0
416 0
417 0
418 1
419 0
420 1
421 0
422 0
423 0
424 0
425 0
426 1
427 1
428 0
429 0
430 0
431 1
432 1
433 1
434 1
435 1
436 0
437 1
438 0
439 0
440 0
441 0
442 1
443 0
444 1
445 1
446 0
447 0
448 1
449 1
450 0
451 0
452 0
453 1
454 0
455 1
456 0
457 1
458 1
459 1
460 0
461 0
462 1
463 1
464 0
465 1
466 1
467 0
468 0
469 1
470 0
471 0
472 0
473 0
474 1
475 0
476 0
477 1
478 0
479 1
480 0
481 1
482 1
483 0
484 1
485 1
486 1
487 1
488 1
489 0
490 0
491 1
492 1
493 0
494 0
495 1
496 1
497 0
498 0
499 1
500 1
501 1
502 1
503 0
504 0
505 0
506 0
507 1
508 1
509 0
510 0
511 0
512 1
513 1
514 1
515 0
516 1
517 1
518 1
519 1
520 1
521 1
522 0
523 1
524 1
525 1
526 0
527 0
528 0
529 1
530 0
531 0
532 1
533 1
534 0
535 0
536 0
537 0
538 0
539 1
540 0
541 0
542 1
543 0
544 0
545 0
546 0
547 1
548 0
549 1
550 0
551 1
552 0
553 1
554 0
555 0
556 1
557 0
558 0
559 1
560 1
561 0
562 1
563 0
564 0
565 1
566 0
567 0
568 0
569 1
570 0
571 1
572 0
573 0
574 1
575 0
576 1
577 0
578 0
579 1
580 0
581 1
582 1
583 1
584 0
585 1
586 1
587 0
588 1
589 1
590 1
591 1
592 0
593 0
594 1
595 1
596 0
597 1
598 0
599 1
600 1
601 0
602 1
603 0
604 0
605 1
606 0
607 0
608 0
609 0
610 1
611 0
612 0
613 1
614 0
615 1
616 1
617 0
618 1
619 1
620 0
621 0
622 0
623 0
624 0
625 0
626 0
627 1
628 1
629 0
630 1
631 0
632 0
633 1
634 1
635 0
636 1
637 0
638 1
639 1
640 0
641 1
642 1
643 0
644 0
645 0
646 1
647 0
648 1
649 1
650 0
651 0
652 1
653 0
654 0
655 1
656 1
657 1
658 1
659 1
660 1
661 0
662 1
663 1
664 1
665 1
666 1
667 0
668 0
669 1
670 1
671 1
672 0
673 1
674 1
675 1
676 1
677 1
678 1
679 1
680 1
681 0
682 1
683 1
684 1
685 0
686 0
687 1
688 0
689 0
690 1
691 1
692 1
693 1
694 1
695 1
696 1
697 0
698 1
699 1
700 1
701 1
702 0
703 1
704 1
705 0
706 0
707 1
708 1
709 0
710 0
711 0
712 1
713 0
714 1
715 0
716 0
717 0
718 0
719 0
720 0
721 1
722 1
723 1
724 0
725 1
726 0
727 0
728 1
729 0
730 0
731 0
732 0
733 1
734 0
735 0
736 1
737 0
738 1
739 1
740 1
741 1
742 0
743 1
744 0
745 1
746 1
747 1
748 0
749 1
750 1
751 1
752 1
753 0
754 0
755 0
756 1
757 1
758 1
759 0
760 1
761 0
762 1
763 1
764 1
765 0
766 1
767 0
768 1
769 0
770 1
771 1
772 1
773 0
774 0
775 1
776 1
777 1
778 0
779 0
780 0
781 0
782 0
783 1
784 1
785 1
786 1
787 1
788 1
789 1
790 1
791 0
792 0
793 1
794 0
795 0
796 0
797 0
798 0
799 1
800 1
801 0
802 0
803 1
804 1
805 1
806 1
807 1
808 0
809 1
810 1
811 1
812 0
813 1
814 0
815 1
816 1
817 1
818 1
819 1
820 0
821 1
822 0
823 1
824 1
825 0
826 0
827 1
828 0
829 1
830 0
831 0
832 0
833 0
834 1
835 1
836 0
837 0
838 0
839 1
840 0
841 0
842 0
843 1
844 0
845 0
846 0
847 0
848 0
849 0
850 0
851 1
852 0
853 0
854 1
855 1
856 1
857 1
858 1
859 0
860 0
861 0
862 1
863 0
864 0
865 1
866 0
867 1
868 0
869 1
870 1
871 0
872 0
873 0
874 0
875 0
876 0
877 1
878 1
879 0
880 0
881 1
882 1
883 0
884 0
885 1
886 0
887 1
888 1
889 0
890 1
891 1
892 0
893 0
894 0
895 0
896 0
897 1
898 0
899 1
900 0
901 1
902 1
903 0
904 1
905 0
906 0
907 0
908 0
909 1
910 0
911 0
912 1
913 0
914 0
915 1
916 0
917 1
918 0
919 0
920 0
921 0
922 1
923 0
924 0
925 1
926 0
927 1
928 0
929 1
930 1
931 0
932 0
933 1
934 0
935 0
936 0
937 1
938 0
939 1
940 1
941 1
942 0
943 1
944 1
945 0
946 0
947 1
948 0
949 0
950 0
951 1
952 1
953 1
954 1
955 1
956 0
957 0
958 0
959 0
960 1
961 1
962 0
963 0
964 1
965 1
966 1
967 0
968 0
969 1
970 1
971 0
972 1
973 0
974 1
975 0
976 1
977 1
978 0
979 1
980 1
981 1
982 1
983 1
984 1
985 1
986 1
987 0
988 0
989 0
990 1
991 1
992 0
993 0
994 0
995 1
996 0
997 0
998 1
999 0
1000 1
1001 1
1002 0
1003 1
1004 1
1005 0
1006 0
1007 0
1008 0
1009 1
1010 0
1011 1
1012 1
1013 1
1014 1
1015 0
1016 1
1017 1
1018 0
1019 0
1020 0
1021 1
1022 1
1023 0
1024 0
1025 1
1026 0
1027 1
1028 0
1029 0
1030 0
1031 1
1032 0
1033 1
1034 0
1035 1
1036 0
1037 0
1038 0
1039 1
1040 1
1041 1
1042 1
1043 0
1044 1
1045 1
1046 1
1047 0
1048 1
1049 1
1050 1
1051 0
1052 0
1053 1
1054 1
1055 0
1056 1
1057 1
1058 0
1059 1
1060 0
1061 0
1062 1
1063 0
1064 1
1065 0
1066 1
1067 1
