313
41
91
252
2229
548
521
1332
2834
2790
1150
2553
2077
1738
450
1668
1264
2481
2306
845
2561
2152
2411
1803
2506
2496
122
443
273
2380
2757
2788
2791
208
1277
1286
1703
2669
84
1684
1284
1498
788
807
961
2663
2130
213
1024
2178
1453
2608
1123
1088
1358
2041
1071
1183
363
936
2364
717
1616
1253
2738
1128
328
2848
2705
792
421
2740
1888
1601
2646
2313
1186
183
311
617
195
2747
1066
2272
276
1875
2511
146
371
2141
215
1607
1513
523
1415
760
341
1355
359
110
331
1061
2277
1062
1793
2935
1685
966
1687
2242
675
2110
1309
2778
241
2801
2670
1279
1978
2621
1871
2129
1652
2731
1597
2406
2064
2239
1753
1625
969
831
1410
500
2536
2515
393
2047
1956
2212
216
1081
614
2671
2308
985
1594
2638
2645
1569
158
1178
353
1198
2500
863
2607
483
609
178
2874
2855
946
221
347
437
1315
2753
1065
402
562
2009
1550
643
1302
2805
2418
1778
1940
2437
684
1238
398
1858
1205
799
249
1499
1140
2668
682
731
2091
2554
1119
1148
435
2927
2835
2592
424
2522
2729
2713
1568
2075
1646
801
2232
2421
855
2839
1951
781
1650
1027
748
2063
1880
1192
498
418
2408
990
262
787
445
61
206
2773
2136
1671
474
1232
2139
1077
2447
2888
1590
1577
596
32
2702
1426
2930
1325
101
1775
344
1787
1259
1353
2906
2099
779
283
543
929
2819
972
1561
778
2155
380
2524
94
2587
1924
956
231
2687
1707
1701
1770
1153
984
2007
403
2910
109
1031
1438
235
2237
817
1848
2158
1307
1156
102
2005
2758
2869
2494
2925
1020
1833
1982
2902
92
2084
1705
775
1387
338
2454
2383
1395
1291
1726
773
624
76
2699
501
2169
1063
90
1080
2089
1345
1146
163
2214
2409
2793
939
2317
1735
2014
739
1130
113
734
2734
434
2893
958
844
1086
1222
2059
1606
1767
1023
1106
2140
603
333
1615
449
454
836
822
712
1152
672
2482
340
1794
2346
648
1639
2253
1890
1197
2026
668
1533
981
1452
192
264
1121
69
1451
2335
2594
2815
996
2844
899
895
932
444
1938
310
2193
2259
1060
2600
312
2033
155
290
733
305
1445
1575
370
1201
1136
2742
316
284
1083
1408
1958
2774
2297
1378
1589
1181
765
2852
908
2281
1845
152
1493
619
1300
924
1902
1966
598
441
259
1139
324
508
1443
839
746
2167
2296
699
1249
1959
2830
1100
1771
135
108
2030
1199
348
2593
2664
2803
1108
1945
1861
294
2491
1195
2697
2661
573
815
2358
2606
2252
783
2248
527
550
1079
2052
2478
1882
2610
544
1157
2558
2037
336
1013
1812
568
1314
1865
695
1053
1193
621
147
1082
468
1028
1292
545
589
2228
1678
1171
65
117
1734
2405
988
1894
833
35
2233
2591
2825
2704
2366
1903
798
720
2523
2692
2667
1807
1986
2627
2640
2337
1579
2751
1335
900
1169
2197
2443
2693
1263
2816
275
1914
2465
479
2461
2412
2213
2027
793
547
650
2032
790
584
1278
754
1026
2736
1261
2006
1660
1191
233
1361
1137
141
1822
72
170
16
1101
2513
1203
2905
1567
314
655
1621
2218
1258
983
277
317
1790
2684
945
1712
464
510
1070
2772
1732
2360
530
145
124
851
121
2073
1669
1356
1055
1457
1376
293
858
1374
2579
1585
2264
849
427
738
893
491
1933
1462
1954
2492
2049
326
2674
1852
2796
842
1592
1745
2035
1158
2636
678
814
2924
524
1280
1930
383
2566
1089
2650
1917
1955
2046
2336
638
426
965
2279
378
1826
513
1830
484
2115
2467
2224
356
469
2010
355
2220
1602
2149
180
535
2429
2180
599
2768
2578
881
934
395
2108
639
286
2857
1937
2542
1642
1600
19
736
1035
1715
1781
266
834
1981
1124
2534
2227
1084
884
2614
93
2510
741
782
935
1946
2876
1503
512
1749
1691
1368
2831
2462
1872
1580
210
2580
2436
1733
2915
1716
1647
1185
374
2176
2841
1327
1236
2512
1999
31
659
1578
1120
83
475
2696
2634
2813
1056
2624
1947
1046
1571
902
2479
951
1992
1363
1562
2065
2217
539
2643
2615
1628
1488
325
1993
808
2547
1662
1210
1516
2376
541
700
2722
2301
2564
1166
144
2251
411
1382
1531
703
2872
184
168
30
188
2569
1683
1234
953
705
342
861
2299
1949
1468
2912
1512
948
1099
759
74
1534
2782
226
1824
1522
1244
1217
239
1419
1809
2269
1104
1923
1246
1134
1868
2929
1147
1953
1213
2497
377
2827
1268
2525
388
1418
1301
1943
993
1721
1784
1772
974
13
1490
977
1773
1506
1849
381
1911
2001
1783
502
2533
143
661
1215
349
2290
1814
2847
230
1524
1619
2326
837
1508
1725
2304
2207
2133
2641
989
1454
1058
2458
2235
99
2882
772
1384
20
2726
1627
10
565
2725
2131
1044
1320
1948
1030
2179
2838
1112
1397
631
1479
2323
970
1843
2300
2257
2846
517
218
2177
1393
644
212
2114
2631
2529
405
1886
1676
780
1785
528
905
2268
1352
537
1972
2907
2750
1398
868
722
750
2123
2159
701
153
2797
641
1633
764
1932
1038
2273
1825
457
1704
914
1239
142
1412
671
570
1870
2051
1008
2314
453
2085
504
1308
709
1281
1330
1931
2675
1389
2901
1907
2719
1805
1097
182
2598
2863
2395
2095
2036
1764
2087
898
2923
1800
1487
546
1296
413
2761
2125
2117
187
1160
2771
2122
665
2472
2118
1211
485
2432
2808
776
1596
2783
1254
224
136
1504
2936
1798
1313
428
558
379
2894
2205
2208
2733
1324
1126
2807
2034
931
1049
40
1774
1329
516
2552
1497
1697
2327
925
2741
321
352
824
242
1658
2258
1643
2732
1970
610
2748
346
2157
1842
2451
86
1864
2582
2396
692
2879
1806
489
387
111
1138
258
991
2601
2853
986
2602
2568
169
431
2836
330
1552
1928
1979
2271
497
2231
2475
1509
372
2389
339
594
414
1288
1492
1844
2196
1558
2686
196
1742
272
2508
2881
2889
219
248
2417
1719
1838
878
2029
2146
2195
1113
2680
470
2787
883
1853
2470
1708
1555
127
2024
2245
2334
364
1604
24
2683
2530
199
2824
843
194
2243
1115
1791
2448
2775
2025
1860
747
727
2172
373
2678
1797
804
860
657
1090
217
209
1645
1750
205
306
2609
1072
2856
1441
1187
1257
1142
2260
2854
232
633
2918
862
579
2369
1950
1963
1163
554
1475
42
2754
1416
1673
2262
2501
2779
287
812
2567
2928
2685
923
2441
1102
1554
1243
526
2111
551
2480
2549
698
2068
1757
2137
829
2721
2760
2665
1821
1173
1755
1960
1231
2340
1377
118
2744
1440
2842
2132
2800
906
796
532
1632
2240
1429
2305
15
2890
1828
2840
204
1922
1520
2455
410
1682
1406
1252
1869
2765
2054
1359
1218
343
2107
1033
64
1751
1897
1548
1690
140
452
1591
866
2402
4
1469
2535
2486
323
1348
2216
2489
1587
2261
688
438
1242
2862
1816
2022
2040
318
645
1446
2590
897
1319
2519
375
448
51
2666
667
1141
190
492
1341
2150
549
1272
1629
2388
1700
320
574
2850
1538
296
1905
876
1638
2766
2351
56
680
1836
955
1283
1887
132
2909
942
14
34
2940
1975
1859
992
1047
826
2315
1916
623
2106
1546
2079
1371
564
2473
1631
2200
1223
1540
1250
1131
2527
0
2689
1695
499
2878
2415
220
1560
630
1997
2186
753
1366
1103
2709
795
616
2630
138
280
2520
2789
2184
978
1846
1598
2899
1343
737
2021
2127
2932
292
611
2322
1651
8
1876
2062
1885
301
1165
176
486
1212
640
319
1893
2900
1093
1768
2887
59
482
2276
2700
2416
2238
767
1618
407
2343
1500
289
2570
2804
2563
2267
1542
2707
2294
2353
676
1256
2581
519
904
186
1413
2605
2711
871
1275
2681
2785
267
522
770
2282
329
2352
2008
1074
685
1714
493
2730
2919
1052
396
2082
1599
2134
1420
800
2471
2904
1194
2698
2920
1583
228
386
1230
1405
2828
1064
385
278
2809
2354
2198
2246
2255
1422
432
2565
420
511
762
2367
416
1740
811
2514
174
472
412
2908
2679
2504
2526
197
1729
534
157
1092
1094
1617
786
789
710
307
1174
2550
2739
2189
1855
2688
1402
2460
810
270
2374
696
1889
1351
2865
922
856
66
2637
80
365
2347
1694
2312
167
1501
2293
1913
742
1428
1463
1801
2939
1444
2287
2302
572
816
1782
506
926
2254
968
606
2002
39
1901
1431
1835
2427
2373
1608
2556
2332
654
2333
1856
131
288
1105
2020
166
279
1486
1151
2116
1005
618
850
2794
1752
2464
1144
2655
2151
886
2644
362
1465
894
478
704
938
2143
2541
1665
480
2798
2603
2493
732
1679
2820
1003
451
1747
652
2474
2015
1425
1177
552
1769
2648
2752
1297
919
1424
2756
711
2439
987
419
369
2485
1537
429
2521
26
1132
2537
446
2544
1271
5
2885
2045
2263
2057
1057
2871
193
873
622
1670
481
2058
2823
171
2069
575
2743
1176
875
2858
2767
718
1110
859
173
2249
2363
1208
1762
1409
827
309
2532
1564
38
1214
708
308
1883
2463
2651
1788
106
585
2321
1385
2004
1421
60
1657
1777
2407
2350
389
813
191
2635
1459
556
2399
608
2202
1983
1224
1433
1018
1267
1862
1706
211
1626
1225
571
2585
1505
600
794
1863
1867
2044
628
68
1847
1391
1473
2161
1557
399
1260
1884
2303
2833
2539
57
1372
797
823
1289
1539
1481
2749
1322
1649
98
2362
164
1620
520
679
1381
507
1731
119
2450
1525
2896
376
461
2328
2659
1006
433
681
2148
2672
962
2557
2849
100
1974
1326
879
1808
2164
455
2074
728
2576
1287
2145
2400
1998
392
44
1145
559
1175
2652
674
2452
2618
540
1663
81
1034
2476
1779
156
841
2780
2250
1461
2126
36
2832
1477
2716
889
1976
246
2446
2280
752
1125
646
2487
1295
1581
1484
366
251
1437
105
2341
303
1727
2097
1530
1159
238
21
503
125
172
846
2206
890
2466
1016
998
1541
721
1586
1909
670
2018
130
1400
1854
1698
2203
1290
960
1396
917
2468
2859
933
2868
2892
1927
139
175
954
525
2017
980
1584
2673
756
1595
1551
2120
2433
234
2620
586
2715
447
2453
1032
200
401
2821
803
1167
2265
2769
2826
2811
1543
1399
7
538
950
295
662
1637
2080
1713
1369
625
1962
663
2723
730
1741
1182
1447
1908
335
1179
666
1934
2153
1435
1037
1200
1135
1265
2103
2810
1204
1107
1273
2419
1482
1360
240
1403
1985
2292
1696
2088
1188
1467
1984
531
223
85
2781
53
2410
2094
1521
253
1904
1609
285
2484
724
1874
687
2056
2390
2391
1190
255
1653
635
2694
2283
2048
2156
626
691
304
334
763
2349
2911
1994
1936
2917
2647
930
536
1489
2884
1229
1233
2613
114
771
533
2093
769
838
1823
723
1483
590
910
1394
2755
243
2777
357
2357
615
1840
2183
1000
2215
2435
2604
1075
1952
462
2657
867
2428
45
1388
2444
2499
2053
2081
1593
2270
2706
1527
706
2219
1780
49
806
1245
1878
2355
2329
892
2050
1365
2284
2727
2459
300
1002
214
2086
494
1331
1029
1841
1926
1339
576
128
1573
75
2597
1987
2128
707
88
2898
2795
1866
404
1661
627
2695
1282
2067
350
976
2092
425
1899
2573
1015
612
1765
602
2356
1480
1980
766
161
63
2658
358
1172
458
9
959
1344
2937
651
1654
882
2236
1450
17
1977
1299
940
1180
237
1761
52
995
2921
2070
282
1228
2072
874
1392
490
442
2770
29
1582
2090
2866
2822
1471
46
658
2083
409
2488
1085
2623
1549
1496
1728
1209
1730
2185
2381
1439
1818
354
2188
784
181
12
912
1219
384
2653
62
745
245
1603
1873
1710
1763
2456
1109
2204
1535
1756
677
159
459
913
2102
1170
2101
2584
870
1311
2098
2629
467
1226
1247
291
1240
2619
2119
263
916
2398
1323
1746
1011
1648
1338
1795
1411
1545
1588
2182
854
1851
903
1510
1206
1423
2586
2562
887
254
2298
1464
148
2386
1237
2712
488
2230
2175
2311
430
185
768
1810
1817
2914
227
735
1565
1699
1111
2295
1944
865
22
819
2764
1010
2201
683
2886
126
1939
1354
79
2784
1900
1298
1040
2724
2633
2256
1996
1644
487
1693
821
2378
1196
595
436
1386
1312
915
1127
2677
382
2168
1456
840
2226
2109
1635
400
73
835
2662
269
2941
2708
1367
1709
791
2339
1043
473
2759
755
495
2
1161
1251
1688
1059
853
2173
714
2509
1722
2495
581
852
2538
1383
2210
471
120
673
2860
96
2012
440
2829
477
2845
456
1285
422
2365
2345
2545
415
261
1507
1748
975
1317
256
1973
1789
2817
351
361
1720
880
832
578
2423
777
179
909
1990
2883
1485
1476
1815
605
2531
542
2055
2286
2559
2737
637
1255
1829
1957
2895
2222
37
2194
891
2192
2934
888
1162
952
78
1380
1401
2414
322
2551
967
2851
2100
1114
247
1514
1379
901
1466
1891
1766
1455
367
1919
1656
1155
825
514
1613
1988
896
1294
2247
2165
2903
613
345
1019
2331
529
2223
244
2612
1362
70
1989
315
973
2639
134
2404
1576
89
1051
744
327
250
885
927
1834
1737
2503
207
2209
2571
1556
1964
566
1076
1067
1961
2234
1877
25
2703
2891
1041
2543
1850
225
1042
1672
2445
2344
2147
360
634
2382
1895
2171
560
28
299
390
1623
2372
6
149
818
2142
943
1004
2714
2384
1458
2812
2728
1266
1744
1612
87
588
758
2477
2799
2387
2642
1799
1347
2792
1129
1069
1754
1149
47
408
632
749
664
1760
997
1664
1207
2401
397
2325
686
2654
2720
43
1831
1724
2746
592
2309
1189
2043
1184
1811
2649
828
107
830
761
515
54
660
1491
2160
1274
2361
463
1570
604
2039
2368
1350
1896
1227
2359
496
2105
229
1248
2023
1941
2505
1547
937
2449
743
569
2517
2897
2548
2426
994
2190
2112
2560
1068
601
1553
785
55
553
2375
2338
1921
725
1655
2310
1164
642
2187
944
1310
1434
1373
1370
48
1680
268
2078
1375
332
2013
1892
591
95
1262
466
2422
1689
1515
1526
1448
1417
2181
2135
689
1039
1832
1117
2864
1717
920
2877
2316
97
567
979
2438
1414
757
2676
2599
1837
297
957
1813
2498
1407
2291
1677
1009
2763
2574
864
391
2913
2319
1544
2393
2061
2555
869
1342
2632
1566
1827
2370
1133
1641
1511
702
394
274
23
636
1303
719
160
2518
1098
726
2867
281
2926
2121
2483
1820
1792
1991
2776
877
1404
555
1529
2933
2528
656
2199
2575
2660
1436
964
1202
2424
1675
971
740
2540
33
1910
729
2066
1432
582
593
2278
1523
1054
2225
2814
2285
1528
805
1879
2318
1474
1624
257
2735
116
1340
1935
1915
1073
2154
1559
1036
2469
597
1925
2274
58
2931
580
465
1014
1470
848
137
2320
2916
2371
2413
202
265
2031
2166
2745
2211
2762
2938
1472
1796
1718
1532
2656
198
1334
2042
1517
1659
2457
1460
1021
2625
1519
1321
2431
563
18
165
2288
1711
693
2595
1091
2330
2003
1967
1045
2628
2861
1819
1304
1305
2843
1022
2275
1495
872
2104
460
2191
1269
1293
2588
406
298
2922
123
1449
1906
1674
260
2516
189
2442
2430
2434
1776
2392
11
50
911
104
2403
1636
1025
928
2028
2546
2144
2507
1630
2289
1318
809
2682
1143
1306
1048
629
115
697
2000
3
2875
1168
27
1001
1681
647
2502
1478
1965
690
1007
129
439
1929
1610
2397
2425
1605
2626
947
2096
2266
133
918
1216
417
1518
222
1611
2244
236
1427
103
2701
2802
587
1920
2490
1723
2806
2377
2163
2348
1316
1
1758
1333
337
2016
2577
2071
1634
302
2221
203
1337
505
1078
716
1968
1346
949
1857
151
2138
1328
201
518
2880
476
999
1912
1494
1995
2076
1349
2870
1220
1574
2617
2420
2307
82
1881
2440
907
1971
2379
2611
2019
921
577
112
2060
715
177
2596
2583
1942
1050
1116
2038
1096
1336
1536
368
1241
1640
820
982
857
1692
2837
2342
1390
2170
2717
1804
2622
2385
1087
1122
154
941
649
2162
1235
509
2124
1839
150
1221
847
653
1154
583
162
2691
2011
1686
802
713
1276
1095
1786
774
963
2710
2241
423
557
1702
2589
1614
1572
1442
1802
1017
1563
1918
2873
1743
1622
2394
669
2572
67
1118
1666
1969
77
1739
71
2616
751
694
2718
1357
1736
620
271
607
2818
1012
2113
2174
1430
1270
2786
1502
1898
1759
2324
561
1667
2690
1364

