1 0
2 1
3 1
4 0
5 0
6 0
7 1
8 1
9 1
10 1
11 1
12 1
13 0
14 0
15 1
16 0
17 0
18 0
19 1
20 1
21 1
22 0
23 1
24 0
25 0
26 1
27 0
28 0
29 1
30 0
31 0
32 1
33 1
34 1
35 0
36 1
37 0
38 1
39 1
40 0
41 1
42 0
43 1
44 1
45 1
46 1
47 0
48 1
49 1
50 1
51 0
52 1
53 0
54 0
55 0
56 0
57 1
58 1
59 1
60 1
61 1
62 1
63 0
64 1
65 0
66 1
67 1
68 0
69 0
70 0
71 1
72 0
73 0
74 0
75 1
76 0
77 1
78 0
79 1
80 1
81 0
82 1
83 1
84 1
85 0
86 0
87 1
88 0
89 0
90 1
91 0
92 0
93 0
94 0
95 0
96 0
97 0
98 0
99 1
100 1
101 1
102 0
103 1
104 1
105 1
106 1
107 0
108 1
109 0
110 1
111 0
112 1
113 1
114 1
115 1
116 0
117 1
118 0
119 0
120 0
