2794
2487
1025
2608
1991
1
926
2070
562
2288
940
452
1095
145
460
472
2442
2829
559
2846
2619
1897
743
1882
2579
1230
850
2312
1234
2713
1085
1474
407
1127
1550
2807
2256
2503
193
1732
2385
1886
1617
312
1027
862
471
1851
908
1860
1573
126
1691
83
2422
2464
1759
814
2546
2382
265
1935
1951
878
506
2678
2438
428
1938
1217
1432
1928
2403
1929
1252
1004
1668
1742
1521
2225
2080
1297
2586
2182
899
1889
773
2492
2611
1353
2375
342
1099
2461
2173
2127
1979
2669
988
1209
689
636
2121
90
1291
120
138
6
1380
1869
2785
1788
58
1019
2168
23
1824
2523
906
552
1208
2577
1524
2069
2041
1998
945
2308
359
35
2064
2700
1659
362
2640
1811
874
1819
910
2605
1263
2787
532
2448
511
2283
482
2883
1219
690
1868
2651
1878
1944
1376
2417
1795
864
2832
954
1962
1831
2496
2835
1729
2373
374
2699
1315
1553
2072
1578
420
2036
742
1218
158
1354
75
1222
1457
1304
1542
1183
1372
369
1592
2870
1447
2727
2092
2263
2653
497
1347
37
1791
2243
1507
1965
826
1839
1522
2814
1575
1322
1124
1072
1016
1133
1606
2581
52
859
68
1671
1493
2751
1478
1427
2647
1596
683
2532
2701
2131
282
1298
1356
990
1676
220
1523
2901
1073
1196
2175
2000
1490
2728
1123
500
836
502
1976
333
1145
2063
1599
1001
1498
2321
2723
2301
2620
469
2059
928
922
179
2352
2367
1734
1856
919
1806
1213
2291
783
245
1412
737
323
1900
1092
2392
1738
462
811
1865
486
2841
336
1827
2055
344
318
1932
206
2477
1320
1862
149
1386
1630
1414
857
1665
642
1308
614
2556
1936
1069
2533
2213
2412
143
1730
2346
2393
1960
2047
1082
2741
2195
2652
165
2850
1836
63
931
1329
583
1853
2326
662
1078
2049
2658
766
902
802
1618
2674
2204
217
1413
496
1647
29
820
2020
582
1122
1002
2567
1370
2315
2714
1223
2791
563
1989
1518
2736
1943
2035
2210
1349
2381
96
505
349
1015
875
2904
1797
1197
765
512
2115
1088
1923
1103
1300
1815
1693
1417
895
131
1501
549
2824
1346
1705
2921
1151
794
2624
2405
79
980
218
1530
956
792
704
2732
2279
305
1121
425
2435
2549
841
684
845
1803
620
2045
2786
81
517
2081
1042
1581
1800
640
693
10
719
2865
567
1227
322
1026
2007
1383
1192
1309
863
1799
434
607
2119
2657
173
1996
2123
1644
1148
2260
1225
1378
89
2851
2937
2322
1064
468
467
1584
261
2920
694
992
2691
2354
2134
650
2466
2305
259
1751
1843
1675
494
1024
2457
2387
2918
440
108
1339
480
2709
2897
1540
1367
2270
935
571
747
2779
618
1818
2936
724
2078
901
107
192
2792
1847
1600
707
1176
894
1773
2826
2928
431
2339
621
211
2287
1541
732
2803
2903
2415
2257
1382
1574
745
2356
294
214
2550
1249
1731
786
1945
1571
2406
2125
2545
2013
187
2223
2261
78
2716
2278
422
1461
1006
170
449
177
2084
2686
1613
726
2576
847
2724
2462
39
1910
544
2191
253
2284
2465
1971
1388
2681
20
1953
930
1506
1139
1570
735
2433
2163
123
1423
1608
2096
2451
2120
2229
825
289
1211
1075
1271
654
1769
1768
1000
2374
2470
2869
1651
1465
236
1438
933
1623
1256
723
219
94
653
1450
418
498
2601
210
2430
2104
2226
950
2675
782
1779
1703
2934
490
1385
226
1995
46
1160
627
1725
2783
755
1254
1925
1681
1247
856
1431
2217
104
1512
2458
1985
2161
1926
1664
2068
1637
2445
456
2251
2895
697
487
797
2065
641
112
1927
1771
1557
2484
1660
1323
44
2767
1433
2062
1688
1446
1777
911
968
1949
1009
2378
660
756
2025
702
2593
1352
76
813
2140
2201
1188
2299
2501
1144
1106
2244
1529
1977
65
2023
883
2079
2317
1639
156
1786
1102
387
2153
2596
1091
2126
2077
306
2052
304
2150
1400
478
1774
946
1119
1947
1728
2882
666
1454
2558
1549
1456
1852
2683
629
2427
2014
927
1726
1636
1488
1205
1881
2240
1605
958
416
881
2607
2357
1948
1624
2342
2896
566
1071
844
830
33
168
483
2143
390
658
1061
2643
1844
973
1829
2565
1526
1134
2234
132
1792
223
2386
1097
491
2507
1204
2245
2615
2604
815
835
55
412
1992
1720
1816
2717
320
1126
966
4
2796
1358
780
137
1761
1899
600
713
2537
1018
2109
1908
542
2157
586
1232
808
2868
1782
2879
1463
1875
2436
1663
1880
2029
963
725
1471
1179
415
429
2172
1011
1954
1100
924
2468
2845
489
2559
2725
2282
263
592
2875
2048
242
2705
151
1214
1640
1418
2805
819
194
1973
2264
1672
761
1680
915
1494
1112
763
337
2800
2008
749
1697
2639
9
301
1704
2917
1520
1029
1245
3
2479
2911
1273
1687
313
2167
1509
2341
1168
1156
2267
7
1714
447
1940
937
1391
1449
1221
1104
45
2330
1337
1654
2215
1182
2849
1770
2345
2509
200
2628
1289
285
623
2363
484
1169
1941
1789
1467
977
1527
1508
2252
343
2553
682
357
2574
781
2694
2688
877
2519
1110
929
1479
352
2590
630
1327
1318
1257
722
2582
1727
2316
590
227
1713
1604
2180
2641
2646
2366
188
2696
2116
2660
611
1593
2573
2571
277
2473
2804
237
764
1566
1325
2837
2617
2844
1778
1980
2390
1536
2843
1406
715
2447
269
74
1381
2525
2860
2273
0
2799
1616
2160
2441
2482
2058
2784
77
2190
670
1552
380
2939
861
335
2275
1051
319
2095
1365
917
2632
1228
2383
475
1389
95
828
734
869
2817
2361
1405
1920
2834
2516
1362
183
249
1149
1058
2100
1585
2661
1746
581
1662
2449
2437
2334
2421
207
2211
2881
1652
1504
2122
454
2877
679
376
42
1293
2129
1143
1195
71
1435
959
53
393
493
1150
1036
939
2748
1959
172
1384
2105
976
1181
1374
984
1686
565
2400
128
2124
2206
1801
757
257
1441
639
2760
262
2931
619
2248
1545
2329
1722
205
1444
2922
191
464
2836
2042
1152
695
978
152
268
2073
2034
1114
2460
912
1534
914
2498
2353
2136
141
1888
1817
1142
302
1922
2822
1255
2538
2587
1956
118
2
769
982
2272
655
1081
1796
2515
2512
1118
140
531
1715
1275
1810
1049
316
1277
787
2203
2847
661
247
2338
2499
2862
2368
2634
2355
1772
1068
2913
1033
1485
1031
2309
1360
358
388
1348
606
1310
1167
651
2379
1582
2514
1368
1430
2518
1747
572
2236
539
2333
721
2923
2825
1930
986
833
2037
1244
2892
296
2297
1458
1313
139
1404
1305
2702
190
2444
998
1282
238
176
678
444
1535
1409
2369
248
2664
1403
2450
426
1677
2856
960
2729
1270
1958
615
767
2274
1547
1707
587
1598
1242
1060
1558
2521
1682
2789
2599
260
1268
508
1650
2708
1528
413
1231
2757
1328
2637
2491
1876
2773
272
1874
439
751
2162
1470
2866
355
202
550
1982
2344
417
1280
800
432
1185
2377
932
1653
2940
649
2912
2277
1548
2526
2810
2332
1338
739
2324
529
2006
1612
1591
267
535
842
2772
2569
2186
419
2889
1020
501
2682
2478
1718
1390
195
1848
2331
1248
853
2247
1776
2645
1560
424
2159
2027
706
2886
2876
1964
577
2255
1846
1164
635
2914
2677
2612
280
522
923
499
2169
1410
1442
375
144
2778
2591
2016
1841
1906
1345
1331
2547
1147
1822
1610
1695
1086
1295
578
2177
1736
733
1539
1250
796
953
2350
2730
1046
1401
548
2411
1343
823
1635
1706
2093
2099
2152
11
1505
2673
2665
396
580
855
608
1984
295
2265
1917
740
890
1294
2372
1850
258
2685
568
1113
414
510
558
1472
1764
2863
1379
208
1627
896
2145
2011
2831
2872
1840
1067
60
904
2768
897
1492
308
729
2293
752
612
1087
1207
2151
668
2311
2030
243
1135
624
159
1265
147
2745
1871
1101
1961
125
127
1551
692
873
1005
386
541
232
1361
292
169
212
1837
1854
1595
610
921
2630
1767
1170
2218
2102
2005
507
644
591
553
421
1719
2854
2202
2929
2864
521
114
703
964
540
664
2166
907
1808
166
1041
570
2941
250
2111
2184
2232
514
672
1642
705
1220
1586
2925
109
26
2588
942
2212
338
356
1809
1563
2551
1620
2726
961
677
738
1235
2320
1515
2540
461
1080
778
1873
2395
1683
545
1755
1807
631
240
2165
2857
1516
284
1587
1290
1314
1324
1341
19
1198
900
2823
2235
2358
122
1440
564
368
920
1510
1845
594
2758
479
235
2820
965
1532
278
1590
1588
286
1511
495
2130
353
772
1116
1783
2622
1572
1988
1224
2614
2746
1039
2649
1739
822
2227
834
2594
2137
1117
2852
1052
2621
474
1909
436
1050
1393
2463
2155
1950
2698
2555
868
2085
969
967
103
2295
999
2154
775
2798
951
110
676
748
1580
2891
1453
66
1090
2670
712
1480
995
2513
1649
1397
1609
2625
1567
989
1724
1986
378
93
2323
1115
2087
2268
148
1997
215
1933
2088
161
2419
2285
622
2506
2205
1007
2900
488
1625
2133
157
2347
448
2815
1155
1690
770
1299
2753
36
438
405
1825
2181
1125
73
2930
1010
385
1666
805
1952
348
2455
377
1645
1503
2351
2076
2259
997
832
1802
2667
2348
365
1804
1887
397
1394
2031
957
1544
82
2654
893
810
2407
2075
1735
2196
2474
164
12
818
1476
2149
1787
457
347
2188
1260
1111
2402
1178
465
1174
852
2633
481
228
87
1451
1975
2689
2770
2194
1437
2541
1475
504
1226
178
2456
1594
1272
2858
1131
62
1408
1236
646
1216
1079
2453
2249
2242
57
671
84
2010
2522
851
2112
1812
1311
1366
56
48
273
1132
1462
167
1059
1918
2743
1076
2022
1568
2859
283
1351
1439
527
1694
2493
28
1278
1012
1967
1519
753
2777
701
2132
2142
2306
2017
1034
135
2101
254
331
2819
1425
913
949
597
625
303
555
1460
2214
171
67
2613
795
1287
2398
1303
1109
88
1583
2589
673
1175
1603
1514
326
1919
1885
2816
637
2262
2004
1733
2146
576
2848
603
309
1246
2364
354
962
2024
400
279
1891
2040
2684
2935
657
360
891
1741
317
754
291
231
1513
1469
601
979
1969
1559
876
1434
779
2762
1487
2788
2404
1577
2510
49
1177
2564
593
1701
476
2198
2656
299
806
1210
2926
1737
15
1838
47
1398
222
251
13
361
1497
816
1628
1614
2797
2394
1939
2578
85
1896
744
2782
526
1140
124
2867
1716
867
311
918
2644
2222
882
307
382
675
821
685
1834
518
934
2838
423
379
2171
1262
1907
32
2399
536
1576
1240
115
1162
2919
2781
1062
2916
1942
1689
1555
2187
2610
2534
955
2307
1902
1826
2627
2780
993
2139
925
1074
710
2635
2192
1202
520
760
809
1893
1238
234
2663
1766
389
155
1138
1206
1904
54
2370
1646
1486
2371
865
1533
762
1243
886
330
1753
1648
573
2480
2666
2738
2557
656
2401
314
1745
711
1172
2090
1828
2488
1495
2258
2629
401
463
1565
271
1129
1835
524
458
1898
898
2585
1055
1340
1094
1669
2091
2418
2520
2527
2158
1966
1173
848
398
1814
1937
2359
667
1867
2469
602
1934
1990
533
1601
441
1017
613
746
2840
2397
298
2542
1316
2908
142
1699
2721
2737
2071
2842
854
1763
2197
1141
1712
996
1261
21
801
105
791
1267
2924
1784
1070
1301
2296
2609
1035
2606
509
229
287
1484
2176
2254
617
788
1993
1622
2038
916
2241
427
328
807
799
575
1276
51
681
189
1043
789
69
350
1579
1658
698
2524
446
941
2228
2756
1190
2292
1369
364
116
2110
1098
1161
1392
2676
43
2097
1901
1842
2238
730
1452
2066
776
150
598
2793
1974
2915
1146
332
2486
1872
2107
546
632
1302
2855
1913
61
2207
324
1307
2603
1157
2028
72
2755
2294
2662
2336
2494
163
605
1752
2504
2117
239
2623
1022
1619
758
1137
537
2575
1758
2221
2893
1426
404
2018
2718
674
2428
849
2009
2731
2476
1981
2039
1780
938
2528
1657
288
2821
2672
1641
1615
768
1083
2106
2414
327
2209
871
394
181
2703
198
596
492
2380
1283
97
2413
1375
204
1258
266
2566
1166
2481
445
1643
1424
102
1008
503
1028
1857
340
700
2230
100
2749
903
130
1200
2508
1849
547
410
2440
1229
98
2861
2083
1416
2426
1832
1355
2543
1199
1402
2933
2687
1633
2932
1864
2739
1045
1259
1021
1387
1632
1491
948
290
1892
647
160
1057
197
233
18
1790
638
2310
203
1477
2719
106
2853
2280
2384
2224
40
718
1350
887
411
221
1499
281
680
817
1667
2764
1130
2598
433
2771
2769
8
2094
1336
1201
22
1108
381
134
1794
2679
466
1931
616
162
2899
442
2220
1037
2409
334
2237
2693
2490
451
2552
1760
513
2884
860
1264
1191
2592
2750
1781
1877
1489
2880
736
2720
246
774
728
2690
2885
1607
604
2887
720
1756
31
30
113
14
1883
1415
1823
2423
256
2425
2812
2752
1194
839
199
2185
1233
1924
2744
831
1158
1879
1364
790
1464
2511
2193
665
2303
1377
300
1749
101
321
201
1698
2335
2775
2051
714
367
1285
5
2938
2114
2927
41
2505
1554
2098
985
2906
2561
459
1963
80
1326
2118
2827
2733
1754
2313
16
2360
2174
345
1466
2710
1531
1373
182
1344
91
1564
1890
2021
2266
2712
2233
1459
1044
2638
225
515
983
241
1396
1743
1296
1096
1905
2560
2531
1077
1597
2067
2809
804
1193
264
1407
1855
185
1785
1448
1748
346
2250
2671
2253
579
2060
1921
1014
2801
717
1357
870
1032
1500
880
1972
2044
146
866
727
2668
1419
392
27
1163
2485
395
373
2806
25
2325
1411
1321
64
2616
858
2472
1065
2642
595
129
2432
1066
2089
2636
1483
554
2108
213
2389
2742
1661
2813
1702
2178
2086
2271
1359
2189
2012
2056
574
1136
1561
366
2878
1916
2443
1863
2179
2343
2141
2697
994
2128
2570
34
2830
1013
399
2818
1626
1723
1473
2655
274
1107
255
1335
645
1306
2276
2057
1750
252
1330
2839
905
551
99
2497
2061
1455
2529
798
2002
1038
1914
402
731
2795
838
1253
1363
2219
2019
1656
371
750
370
2003
1912
372
2103
1957
1757
2802
1717
2156
1721
1237
525
1894
2544
2327
180
2650
2328
2362
1655
2766
686
1420
2446
1481
2747
2711
2302
2298
1333
1692
1631
297
2376
2536
974
406
1955
2871
2135
2082
2452
2595
2483
121
523
2314
634
2300
2304
209
117
430
1525
2475
2199
560
1053
936
2704
1281
2910
837
2043
2429
2340
885
2765
2580
1436
2495
2692
2026
1870
196
1711
872
363
2602
716
2500
2631
403
1798
310
884
2289
2618
2776
1589
2902
1089
1999
1422
2583
1047
1312
2408
1159
2144
2517
2572
409
2759
1762
528
2707
174
2365
2290
981
530
2600
2754
1428
2269
435
687
1813
1858
2439
888
557
2148
516
2722
17
1429
669
437
1184
1859
383
2170
824
477
659
2147
1537
1186
216
2246
1629
1638
2898
2735
829
1468
1546
1288
2568
485
351
1187
1978
1685
1502
1421
1395
691
2790
1987
184
276
1023
1056
2015
892
699
1678
2231
2539
2216
1241
1399
1805
2909
1030
470
59
696
599
971
2489
2715
909
1708
175
2905
2349
2597
2416
2833
947
1970
1821
384
2239
626
561
154
827
1696
1371
2894
2828
1700
1482
450
1171
1861
2454
1189
2874
1332
24
153
538
1634
970
270
1673
408
2890
339
2562
1003
569
1154
329
2548
2706
1765
1915
2554
1793
2563
38
1274
1239
2286
1342
889
2281
1334
1040
455
2183
1445
952
777
1611
2200
86
589
2046
588
534
1105
741
663
391
2420
341
643
1279
793
2138
325
843
70
2053
1709
1212
224
543
759
2164
315
991
784
1674
2001
944
1120
1165
1269
2033
473
585
1670
648
2740
1203
1319
275
771
2763
1153
2410
2459
2396
2471
2680
2734
1128
1292
2659
293
2391
186
2502
1884
1284
92
1621
2318
2208
2907
2431
943
1684
2032
230
2774
1895
2888
453
2337
2319
2054
803
709
879
1443
1556
119
975
2388
972
2113
2434
1569
111
1054
688
2074
708
1084
785
2467
1820
1317
846
1903
1866
2584
1775
1517
2535
1562
652
1679
812
1946
1983
2761
1710
633
443
133
1911
136
1180
1833
1251
50
1266
2648
519
1048
2424
1543
1496
1602
1063
1744
1286
584
1740
628
1538
556
2873
2626
2050
244
2808
840
1994
1215
2811
1968
2530
609
987
2695
1830
1093

