193
1509
117
1557
567
933
555
2602
2472
1513
720
2228
1834
491
2056
2701
816
2243
798
166
207
766
1530
1995
1252
2495
1805
356
894
2904
2915
2449
863
1665
198
408
728
1089
1045
104
2807
2934
1504
1810
1756
1221
2454
1176
295
801
2650
2895
2000
1153
2039
2784
2540
2782
968
2202
2711
1855
831
458
55
1512
1365
1115
542
1583
1439
233
1965
1351
1294
2
1401
390
1679
2680
552
1726
2402
1645
480
2749
1397
557
124
1403
573
734
1144
1208
672
2576
160
1382
176
2781
1481
409
1247
951
1565
2235
1383
453
2720
1036
2270
1431
2558
30
715
1706
488
1544
1647
2176
2887
2849
1998
1853
622
1624
1529
1968
196
1815
2787
2688
636
2400
1231
707
2696
2257
1764
2439
1595
2289
1197
821
1358
774
1870
2456
343
1841
2370
419
2891
549
2515
1887
1874
1226
2800
896
369
378
319
1034
448
1692
727
1901
265
2080
827
1264
1217
1206
1257
2675
1525
220
846
439
958
13
175
345
686
662
1416
2755
2865
1023
2617
1610
2151
2041
2357
1744
1029
2042
2310
1295
2572
1966
2101
2599
2140
2371
1737
1253
670
2196
2613
856
1441
1298
1528
180
2722
123
1650
2593
2220
1450
138
377
156
1823
1930
2185
1701
2899
676
2466
2841
2508
432
2916
1219
1642
2013
1142
1196
684
2490
2299
548
2313
1449
691
697
154
1934
2625
1367
1900
1739
64
2775
1844
980
2612
1082
2710
6
2119
2186
2300
2785
2739
264
770
143
2241
1614
1379
690
1405
2111
2360
1058
468
1630
1881
2609
2545
2622
1239
1262
380
502
2222
1030
1308
885
1660
1054
333
2756
2555
842
956
2355
2405
1751
2549
328
2077
2623
2805
1470
1843
136
310
2453
2401
1227
2295
1599
1950
1710
2406
2844
1291
2389
2521
282
1538
1540
2546
1434
1720
1936
1304
1592
2107
2777
1954
1563
833
2783
2913
2583
2790
2848
2028
807
348
1327
2467
1214
2473
2095
1442
1133
37
1732
289
1785
647
1784
1078
2581
915
427
1024
1831
168
1057
1908
723
52
2662
363
811
2594
2706
1135
2004
112
500
792
1136
499
1817
1752
2578
2044
2201
1205
2938
2668
687
1039
2910
994
2224
2204
1151
2665
1535
869
2116
2535
1026
1329
973
426
708
2874
1884
1686
2529
1307
1183
1444
1522
1476
2628
303
2571
1088
617
280
855
2597
603
2349
269
2738
1790
1140
410
1742
1567
421
339
2846
1767
1282
172
2491
1339
2894
476
2898
113
388
1357
492
307
628
2250
1603
2207
760
1117
332
11
411
76
2096
466
2470
2153
1283
1091
447
183
1824
1952
592
2591
525
1899
128
2477
494
778
2232
2693
1335
962
2147
1800
482
1979
2015
1313
954
1596
1250
376
2667
71
186
1323
5
2598
1625
2302
163
566
417
1373
754
2217
1093
2556
66
2059
375
2803
1741
953
2888
1521
2726
1811
203
1620
1321
201
1092
2286
1492
731
1168
1312
2121
1641
79
508
1299
1469
705
1212
167
1400
2392
2889
293
2206
189
188
995
2178
1174
2869
1201
383
1425
1259
2127
645
1364
36
2498
2747
2025
2022
412
1910
472
2827
2247
1703
1404
2430
1194
2771
1309
2052
1160
2275
510
653
1255
2062
917
1856
1080
1040
2318
621
1348
2768
475
971
2446
2373
2857
1986
1975
1652
2396
1285
998
2403
1077
2799
671
2262
2646
726
255
2855
1223
2189
429
1580
1854
2930
2197
1353
850
520
2834
2641
2525
2539
2923
102
1577
652
599
1193
212
1448
1415
2732
2760
1041
2113
1233
704
914
1736
2423
810
1677
2640
2789
1180
2906
2455
2703
1911
1189
214
2283
634
357
2573
312
2334
171
1730
455
213
1489
321
474
2737
2927
1928
1052
2820
2238
362
947
1830
1280
1159
2305
2218
2840
1157
1272
2765
2880
216
2509
1302
619
595
2896
703
1877
268
211
1941
2261
1177
1669
920
868
273
1350
232
654
401
689
336
1461
1426
1772
1858
1013
2135
389
1560
1010
851
109
1336
882
1944
1110
858
299
2328
1943
407
2379
2097
242
601
1071
26
38
1287
2428
392
2120
771
241
329
795
955
2321
2689
1623
2843
173
1657
159
904
50
1355
1326
2745
1735
1486
1165
106
1393
1475
1607
2858
2629
478
1507
2271
2568
852
570
479
2550
2626
2792
162
88
2365
118
864
2494
2682
2319
2579
1942
1574
2561
529
824
2021
139
610
1190
1019
372
735
2327
2823
2822
2818
2461
2885
1166
108
1926
270
997
1601
769
2630
25
702
2279
18
1602
1819
2433
2655
1549
2813
1423
226
1904
1651
575
2772
1774
2870
2615
60
2266
740
342
283
1839
2277
986
323
1414
2398
722
2893
59
315
1842
2353
651
2325
1604
669
1895
1845
2292
1938
1608
2155
2416
729
1696
89
1398
2746
2049
1127
2445
434
1885
577
306
386
2315
2654
1514
1107
210
961
2712
747
646
782
1369
2553
2647
2816
799
1452
1200
2234
2054
1422
844
1707
1827
1723
477
2282
860
46
2872
2424
700
1467
2762
325
1478
2796
1046
630
1921
2616
1246
238
2075
901
590
2731
2642
1126
725
1114
528
657
1820
1015
442
2387
2902
553
538
2474
2306
77
1320
1587
2205
470
1220
2425
2735
2659
892
1154
606
596
750
1976
2901
1683
451
2200
2584
2064
532
1408
344
423
1611
819
586
2117
1260
65
450
308
1762
140
2660
2323
1305
1027
624
919
281
2588
334
1371
346
1700
808
1763
114
1971
2864
1531
513
260
2649
1558
1629
1731
2582
2759
398
886
1060
2658
2102
927
2725
1643
745
80
349
1377
560
436
1386
20
1237
266
2291
1162
1545
1296
1663
1501
169
1590
2339
518
2413
847
2856
107
2928
1985
2019
743
677
1300
1278
1738
456
413
793
2538
2801
2109
1184
2677
940
1816
2860
1685
1375
761
145
1310
1069
2388
146
19
2082
2817
204
515
1186
2139
87
1788
861
2679
1028
35
1471
288
1798
1187
130
1949
1473
70
800
1589
1011
235
234
58
1582
1654
347
187
2226
2162
1505
1838
1851
1418
1344
1241
318
838
248
1690
1541
1451
2636
1573
629
2170
711
170
1825
91
430
2541
648
839
710
2861
591
1640
907
2459
331
2666
1708
1420
1666
2778
1829
660
1463
1242
1360
2236
1292
583
2195
2268
2794
2023
1518
148
1988
103
2223
1940
2829
2188
1802
1814
902
988
40
1849
534
984
938
1917
1812
2288
2637
1108
1440
1945
1534
92
2187
1907
1105
879
2922
2758
28
2012
2802
1729
2008
2519
1539
1118
2497
2129
2837
1330
2290
2252
1896
2296
1681
2476
1553
999
2478
2115
2798
2627
1648
2194
2093
1848
2502
250
2061
404
34
2663
300
2173
9
2026
1490
1717
582
2134
209
1605
2697
245
2587
359
1847
2330
1981
1435
1673
313
2367
446
533
2341
1674
469
1394
1861
2058
872
256
854
1370
1268
1765
1103
467
275
1749
655
317
536
2482
2391
1761
845
1804
2393
2908
987
966
504
581
1993
2164
1215
1362
2293
135
2669
540
1372
2600
2563
2040
1527
637
2212
2503
1740
2929
1073
1099
659
985
2160
2939
1169
1152
360
379
922
1216
1564
876
495
2343
2426
2458
2708
2242
514
1927
2161
2172
352
1361
1141
1585
1459
945
768
2516
2029
1916
1119
2050
561
632
2131
668
2548
340
866
382
699
2866
192
2193
1632
1982
1456
1594
2836
631
1240
2457
2317
393
2148
69
2824
1139
2926
2100
2333
1436
2110
2853
164
1546
990
2036
1517
1306
2090
2564
43
2505
693
2633
2149
1301
2921
1084
122
1593
236
1588
2560
1668
1
2729
2280
425
1479
2838
2590
1869
1552
2020
1037
2336
974
2024
1457
1511
1453
1906
1109
585
134
484
1341
2297
880
115
459
2517
2256
2316
41
1633
1276
559
257
1100
964
623
2632
1314
2273
1000
330
1977
1147
2531
1275
2773
2378
403
775
1837
1754
604
2714
15
1065
2412
2918
2070
1121
152
746
1828
97
153
1032
2463
68
368
2851
1094
1021
174
2166
149
2530
1892
2399
2859
1480
2005
2812
8
2717
1195
618
912
1658
614
48
1929
1256
1551
1319
1396
0
1612
1698
2351
1498
440
2199
1289
2471
341
2002
355
537
2886
2174
1067
2941
706
262
2091
1392
1007
2272
505
871
926
1134
736
895
1499
805
449
1483
1409
223
2863
2350
627
2011
1402
2259
110
1649
2141
406
326
261
1022
231
2198
1273
463
51
2249
185
291
1598
1562
2917
320
2128
878
1170
1962
2083
1244
2875
635
853
1787
1903
2369
976
2892
1636
503
2595
2269
2845
2674
874
2440
22
2312
887
2089
1862
2487
2742
1667
2565
217
2940
2258
90
1290
2033
1258
2586
2374
1199
2427
531
511
2551
1204
797
978
1279
681
1381
898
1951
258
2003
946
98
991
1533
132
2314
2542
913
626
680
2372
2347
2086
2606
759
2620
613
2001
1111
939
2721
1766
1932
762
2678
2322
1569
823
1047
1297
2142
1727
2076
2231
365
23
251
1688
2065
384
2409
402
498
1807
1791
692
324
350
588
316
857
2067
177
1912
1482
199
719
2237
366
1697
354
2227
31
1956
2643
1883
2057
2795
1004
2081
724
2221
2380
1446
1017
197
1427
2695
16
1662
371
2492
1171
2867
2133
1699
2435
252
1863
1894
2631
1579
2079
1432
2761
1559
2163
576
2774
2434
2390
1003
1783
1438
2496
2839
338
924
1994
39
893
2877
2512
2051
2657
730
150
1137
1068
785
2130
2547
1745
1733
1626
267
305
565
2832
2925
1882
2239
2687
184
943
2493
2876
1311
625
473
979
385
1245
1775
2444
337
2216
937
572
1460
67
1918
464
61
1345
1020
2764
2601
1693
374
2210
2672
10
2152
2882
2501
673
2684
1085
748
225
1158
641
14
1061
2309
2534
1835
752
286
522
981
244
2340
2324
2468
2417
755
1716
2072
2504
47
2481
909
96
2177
462
1711
1779
7
444
2730
1808
1801
1550
443
2624
911
351
2811
1868
1167
1937
957
2420
2034
1389
2158
1274
2114
1755
483
1055
105
2431
1419
1049
2415
2734
2653
2027
2229
1225
650
290
2554
1570
1638
1315
127
2462
2404
1519
2136
1224
1524
2804
1796
2589
2395
900
2465
1859
934
62
2559
1909
1102
2146
125
2842
890
930
2332
73
435
594
935
612
1056
181
2094
2055
1083
949
2692
685
983
1876
2352
993
1794
509
1891
2183
1653
2137
932
1619
1125
1222
2255
2604
2331
1516
767
837
2246
1526
1670
2705
2776
814
1789
2676
521
2285
2831
822
2125
1865
519
1682
2897
870
222
2670
322
2881
867
836
602
2038
1468
741
1746
2169
1556
2543
1466
2397
2532
1537
1846
732
2574
2905
781
1266
1728
661
224
794
563
803
2032
2432
2619
963
1337
1724
441
1947
786
486
1963
1443
2686
952
2308
1270
1293
1770
195
578
228
765
2500
2452
546
1038
2638
666
1832
1267
2078
1012
1384
1515
219
190
906
2375
2263
1797
802
416
314
2190
1661
2566
2713
1342
2337
1684
2068
2673
2209
2284
1232
1634
779
2443
2359
1209
2752
809
1128
1822
884
1747
698
2251
667
2718
1218
639
1616
2862
2154
2150
2122
751
422
2520
1113
1566
965
1689
1644
1376
32
2018
1104
1972
2006
424
1547
1568
57
1378
1714
2311
2364
142
960
63
1211
2168
737
1776
574
460
2526
608
2810
2513
1939
2639
2074
2073
1428
783
2386
1145
1043
1462
2819
1249
564
1879
1406
1780
129
1044
2475
967
33
1051
1284
2779
841
2156
2464
776
881
1572
144
2924
141
989
84
2214
1269
2179
101
2483
1116
54
2376
897
1328
1138
1238
539
1821
2320
2448
2644
2274
1542
1229
2537
2181
229
1063
1722
2421
826
405
1009
569
2499
1576
718
580
611
1243
1488
1066
1893
1354
1902
1980
1101
2814
1725
12
1919
1429
2524
2536
116
1042
1687
420
1445
2479
2422
2871
2727
2469
891
1410
155
609
688
99
2769
1178
1953
2850
2046
2132
2063
1356
24
547
496
2511
733
2879
1251
165
1390
1813
1146
1346
1497
206
1173
2304
865
2384
2652
1840
541
1721
1124
638
1064
1743
1990
2248
1948
1172
2933
1263
2035
1715
2171
562
1613
2143
2254
1417
712
888
431
1277
418
2338
526
1586
862
597
82
516
2740
2053
2506
1852
2225
126
93
1584
1202
607
271
2281
2575
1179
2702
1317
2429
2821
1646
2009
56
1924
1571
27
640
263
889
1880
2681
1671
493
2215
1799
2329
2648
1265
2828
445
2408
1430
215
1182
2335
764
1960
1510
1987
1554
2770
942
1150
2084
1925
1424
1230
1768
1072
757
524
1676
1753
1472
1889
773
1485
2488
74
2361
2611
1086
2326
2691
1413
53
545
1615
2377
1120
656
161
2607
789
2048
208
2060
2919
1678
1931
1129
1374
849
2716
1001
1655
1672
2489
2580
249
2751
2557
311
1130
1149
916
1973
2203
240
1606
1984
2585
696
709
2307
471
361
2264
2656
830
438
194
4
119
2592
758
1575
1967
2786
1025
2791
713
1748
923
2618
1163
1062
665
284
1454
1833
1996
1992
1322
1631
2743
556
620
2766
1106
72
2287
664
2260
178
1248
1006
1635
643
2900
259
2671
2569
2741
191
1946
2071
663
828
1228
584
1074
1694
395
481
2088
2527
1261
1048
2757
1792
428
2175
2437
589
237
2748
2744
1075
1008
2276
1391
1597
950
523
297
1757
1803
1325
487
777
1609
899
903
1718
1922
739
1957
2690
205
2407
928
1875
1366
1343
1395
1192
1969
2797
399
908
1050
2709
2031
1363
695
744
829
674
2017
1014
454
517
246
772
1002
1347
490
387
1031
2552
1281
1447
1793
437
2124
396
787
2191
2104
944
1018
2103
287
1053
2723
1234
1235
433
905
2852
2157
2112
2514
2570
1705
2240
682
1333
2145
1318
1421
1407
111
2704
2410
1750
100
2450
2381
1464
721
1964
2544
2030
2485
1455
530
2808
367
2362
507
49
658
2937
2931
1713
877
218
1890
254
2935
678
279
2436
1203
2603
353
1806
2911
2233
2167
1935
1675
2567
1639
1495
373
2047
717
948
2099
2932
825
121
975
959
179
415
2460
579
3
616
2014
1148
2368
931
1494
2835
1958
1096
2884
2356
301
554
2634
2363
2138
147
2815
2144
568
1680
182
2382
21
327
2010
1087
1734
543
1368
1826
227
1484
2278
2733
2736
2825
714
296
1543
2719
2528
2754
2394
1493
1659
276
1920
2098
2345
2106
1561
806
29
2441
1600
2907
749
683
2767
2788
358
2809
1536
1437
679
2418
1709
2045
2348
2092
1905
1591
527
2699
1872
1871
1997
2793
2411
791
1548
86
457
1702
2211
1005
2914
1465
2267
2123
2484
1704
1198
1864
818
2621
1622
1897
873
2645
1857
2728
1532
1474
2344
2419
1095
2826
1991
485
1487
414
298
633
753
1098
1760
304
274
2294
972
840
2383
253
1961
1491
742
1132
1035
921
2522
1974
1933
1059
44
2118
1324
465
2700
94
1288
1331
1079
2685
497
1664
1399
2126
1695
1818
1016
2614
820
506
2480
843
883
2105
1719
2596
784
158
2610
1691
1656
2303
1878
2451
1188
1955
1860
1508
133
1164
1913
1502
120
1989
1380
1090
2358
285
1873
925
918
1070
2661
1914
1191
1758
230
85
2562
832
294
2159
2912
598
535
381
1923
642
558
1867
2208
1782
587
1637
649
1866
239
835
397
2507
2694
1778
551
1959
1123
929
2920
2438
969
1112
1773
2230
1316
2847
1617
701
1786
335
2605
804
817
2066
1303
1412
675
137
1999
1777
2366
1388
1271
2698
1795
813
2890
788
364
2518
151
1033
1578
2165
1352
1496
2750
2016
1131
1886
550
2833
1175
394
2192
1628
848
1213
2182
489
1181
2707
1207
2683
2878
2037
2301
2763
936
1156
1712
2486
1076
2414
2342
292
370
1503
910
1185
2184
42
2245
2608
1458
2219
202
2883
605
763
796
2213
571
970
2523
2007
1978
1340
157
2442
644
1349
1161
1359
278
461
1143
593
1286
2354
1970
1621
243
1581
996
78
2909
1210
1809
2753
738
790
2854
1618
1836
2253
1155
1983
45
2780
2724
2635
1781
716
834
1500
302
2936
2385
2577
17
1236
512
2715
2664
2085
1477
694
1122
2346
1915
1254
1387
1898
2651
501
2069
815
544
600
452
812
2447
1097
1523
977
1433
1506
2868
309
83
2830
1759
2180
859
2043
1334
75
1081
81
780
2087
2903
1771
1555
2265
1332
1520
875
1338
221
95
2108
2806
2533
1850
1627
1888
272
131
756
247
277
2298
400
200
1769
941
391
992
2873
1411
2244
2510
982
1385
615

