1 0
2 1
3 0
4 1
5 0
6 1
7 0
8 0
9 1
10 1
11 0
12 0
13 0
14 0
15 0
16 1
17 1
18 0
19 1
20 0
21 0
22 1
23 1
24 0
25 1
26 0
27 0
28 1
29 0
30 1
31 0
32 1
33 1
34 1
35 0
36 1
37 0
38 1
39 1
40 1
41 0
42 1
43 1
44 0
45 0
46 1
47 1
48 1
49 1
50 0
51 0
52 1
53 0
54 1
55 0
56 0
57 1
58 1
59 1
60 0
61 1
62 0
63 0
64 0
65 1
66 1
67 0
68 1
69 0
70 1
71 1
72 1
73 0
74 1
75 1
76 0
77 1
78 0
79 1
80 0
81 1
82 1
83 0
84 1
85 0
86 1
87 1
88 0
89 0
90 1
91 1
92 1
93 1
94 0
95 1
96 0
97 0
98 1
99 0
100 0
101 1
102 1
103 1
104 1
105 1
106 1
107 1
108 0
109 1
110 1
111 1
112 1
113 0
114 0
115 0
116 1
117 0
118 1
119 1
120 1
121 1
122 0
123 0
124 0
125 0
126 1
127 1
128 0
129 0
130 0
131 1
132 1
133 0
134 1
135 1
136 0
137 1
138 0
139 1
140 0
141 1
142 1
143 1
144 0
145 1
146 1
147 0
148 0
149 1
150 0
151 1
152 0
153 0
154 1
155 1
156 0
157 0
158 0
159 1
160 0
161 0
162 0
163 0
164 1
165 1
166 0
167 0
168 0
169 1
170 0
171 0
172 1
173 1
174 1
175 0
176 1
177 0
178 0
179 1
180 0
181 0
182 1
183 1
184 0
185 1
186 1
187 1
188 0
189 1
190 1
191 1
192 0
193 0
194 0
195 1
196 0
197 1
198 0
199 1
200 1
201 1
202 0
203 1
204 1
205 0
206 1
207 1
208 1
209 0
210 0
211 0
212 1
213 0
214 1
215 0
216 1
217 1
218 1
219 0
220 1
221 0
222 1
223 0
224 1
225 1
226 0
227 0
228 1
229 0
230 0
231 0
232 1
233 1
234 1
235 1
236 0
237 1
238 0
239 0
240 1
241 1
242 1
243 1
244 1
245 1
246 1
247 1
248 1
249 0
250 0
251 0
252 1
253 1
254 0
255 0
256 0
257 1
258 0
259 0
260 1
261 1
262 1
263 1
264 0
265 0
266 0
267 1
268 0
269 0
270 0
271 1
272 0
273 0
274 0
275 0
276 1
277 0
278 1
279 0
280 0
281 0
282 1
283 1
284 1
285 1
286 1
287 1
288 0
289 1
290 1
291 1
292 1
293 0
294 1
295 1
296 1
297 1
298 1
299 0
300 1
301 1
302 1
303 0
304 1
305 0
306 1
307 1
308 1
309 1
310 0
311 0
312 0
313 1
314 1
315 1
316 0
317 1
318 0
319 0
320 0
321 1
322 1
323 0
324 1
325 0
326 1
327 1
328 1
329 1
330 1
331 0
332 0
333 1
334 0
335 0
336 0
337 1
338 0
339 1
340 1
341 1
342 1
343 1
344 1
345 1
346 1
347 1
348 1
349 1
350 0
351 1
352 1
353 0
354 0
355 0
356 0
357 0
358 1
359 0
360 1
361 0
362 1
363 1
364 1
365 0
366 0
367 0
368 0
369 0
370 0
371 0
372 1
373 0
374 1
375 1
376 1
377 1
378 0
379 0
380 1
381 1
382 0
383 0
384 0
385 1
386 0
387 0
388 1
389 0
390 1
391 1
392 1
393 1
394 1
395 0
396 0
397 1
398 0
399 1
400 0
401 1
402 0
403 1
404 1
405 1
406 0
407 0
408 1
409 0
410 0
411 1
412 0
413 1
414 1
415 1
416 1
417 1
418 0
419 1
420 0
421 1
422 1
423 0
424 0
425 0
426 0
427 0
428 1
429 0
430 0
431 0
432 1
433 1
434 0
435 0
436 1
437 1
438 0
439 1
440 1
441 0
442 1
443 1
444 1
445 0
446 1
447 1
448 1
449 1
450 1
451 0
452 0
453 0
454 1
455 0
456 1
457 0
458 1
459 0
460 0
461 0
462 1
463 0
464 1
465 1
466 0
467 1
468 0
469 0
470 1
471 1
472 1
473 1
474 0
475 1
476 0
477 0
478 1
479 1
480 1
481 0
482 0
483 0
484 0
485 0
486 1
487 1
488 1
489 1
490 1
491 1
492 1
493 1
494 1
495 1
496 1
497 0
498 0
499 0
500 0
501 0
502 0
503 1
504 0
505 0
506 1
507 0
508 0
509 0
510 0
511 1
512 0
513 1
514 1
515 1
516 1
517 0
518 0
519 0
520 1
521 1
522 1
523 1
524 1
525 1
526 1
527 0
528 1
529 0
530 1
531 1
532 1
533 1
534 0
535 1
536 0
537 1
538 1
539 1
540 1
541 0
542 0
543 0
544 0
545 0
546 1
547 1
548 1
549 0
550 1
551 1
552 0
553 1
554 1
555 0
556 1
557 0
558 0
559 1
560 0
561 0
562 0
563 1
564 1
565 0
566 0
567 1
568 1
569 0
570 0
571 0
572 0
573 0
574 0
575 0
576 1
577 0
578 0
579 0
580 0
581 1
582 0
583 0
584 1
585 1
586 0
587 1
588 1
589 1
590 1
591 0
592 0
593 0
594 0
595 1
596 1
597 1
598 1
599 1
600 1
601 1
602 1
603 1
604 1
605 1
606 1
607 1
608 0
609 0
610 0
611 0
612 0
613 1
614 0
615 0
616 0
617 1
618 1
619 1
620 1
621 0
622 0
623 0
624 1
625 0
626 1
627 1
628 0
629 0
630 1
631 1
632 1
633 1
634 1
635 1
636 1
637 1
638 1
639 0
640 0
641 1
642 0
643 1
644 1
645 1
646 0
647 0
648 0
649 1
650 1
651 0
652 1
653 0
654 0
655 0
656 0
657 1
658 1
659 0
660 1
661 1
662 1
663 1
664 0
665 1
666 1
667 1
668 0
669 1
670 0
671 0
672 1
673 1
674 0
675 1
676 1
677 1
678 1
679 1
680 0
681 1
682 1
683 1
684 0
685 1
686 1
687 0
688 1
689 0
690 0
691 0
692 0
693 0
694 1
695 1
696 0
697 1
698 0
699 0
700 1
701 1
702 0
703 1
704 1
705 0
706 0
707 1
708 0
709 0
710 0
711 0
712 0
713 1
714 0
715 1
716 0
717 1
718 1
719 1
720 1
721 0
722 0
723 0
724 0
725 0
726 0
727 1
728 0
729 1
730 1
731 1
732 1
733 1
734 1
735 1
736 0
737 1
738 1
739 1
740 0
741 1
742 1
743 1
744 1
745 0
746 0
747 0
748 0
749 1
750 0
751 1
752 1
753 1
754 0
755 1
756 1
757 0
758 1
759 0
760 0
761 1
762 0
763 1
764 1
765 0
766 1
767 1
768 1
769 1
770 1
771 0
772 1
773 1
774 0
775 1
776 1
777 1
778 1
779 0
780 0
781 0
782 0
783 0
784 0
785 0
786 1
787 1
788 0
789 0
790 1
791 1
792 1
793 1
794 1
795 1
796 1
797 0
798 1
799 1
800 0
801 0
802 0
803 0
804 1
805 1
806 1
807 1
808 0
809 0
810 0
811 0
812 1
813 0
814 1
815 1
816 1
817 0
818 0
819 0
820 0
821 0
822 0
823 1
824 0
825 0
826 1
827 0
828 1
829 0
830 1
831 1
832 1
833 1
834 0
835 1
836 1
837 1
838 0
839 0
840 0
841 1
842 1
843 0
844 1
845 0
846 0
847 1
848 0
849 1
850 1
851 1
852 1
853 0
854 1
855 1
856 1
857 0
858 1
859 1
860 1
861 0
862 1
863 0
864 0
865 1
866 1
867 1
868 1
869 0
870 1
871 1
872 0
873 0
874 0
875 1
876 1
877 1
878 1
879 0
880 1
881 1
882 0
883 0
884 1
885 0
886 1
887 0
888 0
889 0
890 1
891 1
892 0
893 0
894 1
895 0
896 0
897 0
898 0
899 0
900 0
901 0
902 0
903 0
904 1
905 1
906 0
907 1
908 1
909 0
910 1
911 1
912 1
913 0
914 1
915 1
916 0
917 0
918 1
919 1
920 0
921 1
922 1
923 0
924 0
925 0
926 0
927 1
928 0
929 0
930 0
931 0
932 1
933 1
934 1
935 0
936 1
937 0
938 0
939 1
940 0
941 1
942 1
943 1
944 0
945 0
946 0
947 0
948 1
949 0
950 0
951 1
952 0
953 1
954 1
955 1
956 1
957 0
958 1
959 0
960 0
961 0
962 1
963 1
964 0
965 0
966 0
967 0
968 1
969 0
970 1
971 0
972 1
973 0
974 0
975 1
976 0
977 0
978 1
979 0
980 0
981 1
982 1
983 0
984 1
985 0
986 0
987 1
988 0
989 1
990 1
991 0
992 0
993 1
994 0
995 0
996 0
997 1
998 1
999 0
1000 0
1001 1
1002 0
1003 1
1004 0
1005 0
1006 1
1007 0
1008 1
1009 0
1010 1
1011 0
1012 0
1013 1
1014 0
1015 0
1016 0
1017 1
1018 1
1019 0
1020 0
1021 1
1022 1
1023 1
1024 1
1025 1
1026 0
1027 1
1028 0
1029 1
1030 1
1031 1
1032 0
1033 1
1034 1
1035 0
1036 0
1037 1
1038 1
1039 0
1040 0
1041 0
1042 1
1043 1
1044 0
1045 0
1046 0
1047 0
1048 1
1049 1
1050 0
1051 1
1052 0
1053 0
1054 0
1055 0
1056 0
1057 1
1058 0
1059 1
1060 0
1061 0
1062 1
1063 0
1064 1
1065 1
1066 0
1067 1
1068 0
1069 1
1070 0
1071 0
1072 0
1073 0
1074 0
1075 0
1076 0
1077 0
1078 0
1079 0
1080 0
1081 0
1082 1
1083 1
1084 0
1085 0
1086 0
1087 1
1088 0
1089 1
1090 1
1091 1
1092 0
1093 1
1094 0
1095 1
1096 0
1097 0
1098 0
1099 1
1100 1
1101 0
1102 0
1103 0
1104 1
1105 1
1106 0
1107 0
1108 1
1109 0
1110 1
1111 0
1112 1
1113 1
1114 1
1115 0
1116 1
1117 1
1118 1
1119 1
1120 0
1121 0
1122 0
1123 0
1124 1
1125 1
1126 0
1127 1
1128 0
1129 0
1130 0
1131 0
1132 0
1133 0
1134 0
1135 0
1136 0
1137 0
1138 1
1139 0
1140 0
1141 0
1142 1
1143 1
1144 0
1145 0
1146 0
1147 0
1148 1
1149 0
1150 0
1151 1
1152 0
1153 0
1154 0
1155 1
1156 0
1157 1
1158 0
1159 1
1160 0
1161 1
1162 0
1163 0
1164 0
1165 0
1166 1
1167 1
1168 0
1169 0
1170 0
1171 0
1172 0
1173 0
1174 1
1175 0
1176 1
1177 1
1178 1
1179 1
1180 0
1181 0
1182 1
1183 0
1184 0
1185 0
1186 0
1187 1
1188 0
1189 0
1190 0
1191 1
1192 1
1193 0
1194 0
1195 0
1196 0
1197 1
1198 0
1199 0
1200 0
1201 1
1202 0
1203 1
1204 1
1205 1
1206 0
1207 0
1208 0
1209 0
1210 1
1211 0
1212 0
1213 1
1214 0
1215 0
1216 0
1217 1
1218 0
1219 1
1220 0
1221 0
1222 0
1223 0
1224 0
1225 1
1226 1
1227 1
1228 1
1229 0
1230 1
1231 0
1232 1
1233 1
1234 1
1235 1
1236 1
1237 1
1238 0
1239 0
1240 1
1241 1
1242 1
1243 1
1244 0
1245 0
1246 0
1247 0
1248 1
1249 1
1250 1
1251 0
1252 1
1253 0
1254 0
1255 1
1256 1
1257 0
1258 1
1259 0
1260 1
1261 1
1262 0
1263 1
1264 0
1265 1
1266 0
1267 1
1268 0
1269 0
1270 1
1271 1
1272 0
1273 0
1274 0
1275 0
1276 0
1277 0
1278 1
1279 1
1280 1
1281 1
1282 1
1283 1
1284 1
1285 0
1286 0
1287 0
1288 0
1289 1
1290 1
1291 0
1292 0
1293 1
1294 0
1295 1
1296 0
1297 0
1298 1
1299 0
1300 0
1301 1
1302 0
1303 0
1304 0
1305 0
1306 1
1307 0
1308 1
1309 1
1310 0
1311 0
1312 0
1313 0
1314 1
1315 0
1316 1
1317 0
1318 1
1319 0
1320 0
1321 0
1322 0
1323 1
1324 0
1325 1
1326 0
1327 0
1328 0
1329 1
1330 0
1331 1
1332 0
1333 0
1334 0
1335 0
1336 1
1337 0
1338 0
1339 0
1340 0
1341 1
1342 0
1343 0
1344 1
1345 0
1346 1
1347 1
1348 1
1349 0
1350 1
1351 0
1352 0
1353 1
1354 0
1355 1
1356 0
1357 0
1358 0
1359 1
1360 1
1361 0
1362 0
1363 0
1364 0
1365 1
1366 0
1367 0
1368 1
1369 0
1370 1
1371 0
1372 1
1373 0
1374 0
1375 0
1376 0
1377 0
1378 1
1379 1
1380 1
1381 0
1382 1
1383 1
1384 0
1385 0
1386 1
1387 0
1388 0
1389 0
1390 0
1391 0
1392 1
1393 0
1394 0
1395 1
1396 0
1397 0
1398 0
1399 1
1400 1
1401 0
1402 1
1403 0
1404 1
1405 0
1406 0
1407 0
1408 1
1409 1
1410 1
1411 0
1412 0
1413 0
1414 1
1415 0
1416 0
1417 0
1418 0
1419 1
1420 0
1421 0
1422 0
1423 0
1424 1
1425 1
1426 0
1427 0
1428 1
1429 0
1430 1
1431 0
1432 1
1433 0
1434 0
1435 0
1436 1
1437 0
1438 1
1439 0
1440 0
1441 0
1442 0
1443 1
1444 0
1445 0
1446 1
1447 0
1448 1
1449 1
1450 0
1451 1
1452 1
1453 0
1454 1
1455 0
1456 1
1457 1
1458 1
1459 0
1460 0
1461 1
1462 0
1463 0
1464 0
1465 1
1466 0
1467 1
1468 0
1469 1
1470 0
1471 1
