1 0
2 1
3 1
4 0
5 1
6 1
7 1
8 1
9 1
10 0
11 0
12 1
13 1
14 1
15 0
16 0
17 0
18 1
19 1
20 0
21 1
22 1
23 0
24 0
25 1
26 0
27 1
28 0
29 1
30 1
31 0
32 0
33 0
34 1
35 0
36 0
37 0
38 1
39 1
40 0
41 0
42 1
43 0
44 1
45 1
46 0
47 0
48 1
49 0
50 1
51 1
52 1
53 1
54 0
55 1
56 1
57 1
58 1
59 1
60 0
61 0
62 1
63 1
64 0
65 1
66 1
67 1
68 0
69 1
70 0
71 0
72 1
73 0
74 1
75 0
76 1
77 0
78 1
79 0
80 0
81 0
82 1
83 0
84 0
85 1
86 1
87 0
88 1
89 1
90 0
91 0
92 0
93 0
94 0
95 1
96 0
97 0
98 1
99 1
100 0
101 1
102 1
103 1
104 1
105 0
106 1
107 1
108 1
109 0
110 1
111 1
112 0
113 0
114 1
115 0
116 1
117 1
118 1
119 1
120 1
121 0
122 0
123 1
124 1
125 1
126 0
127 0
128 1
129 1
130 1
131 0
132 0
133 1
134 1
135 0
136 0
137 0
138 0
139 1
140 1
141 1
142 0
143 0
144 1
145 0
146 1
147 1
148 0
149 0
150 0
151 0
152 0
153 0
154 1
155 0
156 0
157 1
158 0
159 0
160 0
161 1
162 1
163 0
164 1
165 1
166 0
167 0
168 0
169 1
170 1
171 1
172 1
173 1
174 0
175 0
176 1
177 0
178 0
179 1
180 1
181 1
182 1
183 1
184 1
185 0
186 1
187 0
188 0
189 1
190 0
191 0
192 1
193 1
194 1
195 1
196 1
197 0
198 1
199 1
200 0
201 1
202 1
203 0
204 0
205 0
206 1
207 0
208 0
209 0
210 0
211 1
212 0
213 0
214 0
215 0
216 1
217 0
218 0
219 0
220 1
221 0
222 0
223 1
224 1
225 1
226 0
227 0
228 0
229 0
230 1
231 1
232 0
233 0
234 1
235 1
236 1
237 1
238 0
239 1
240 1
241 1
242 1
243 1
244 0
245 1
246 1
247 1
248 0
249 0
250 0
251 1
252 1
253 1
254 0
255 1
256 0
257 1
258 0
259 1
260 1
261 0
262 0
263 0
264 1
265 0
266 1
267 0
268 1
269 1
270 1
271 0
272 1
273 0
274 1
275 0
276 0
277 1
278 1
279 1
280 1
281 0
282 0
283 1
284 1
285 1
286 0
287 1
288 1
289 0
290 0
291 1
292 1
293 1
294 0
295 1
296 0
297 0
298 0
299 1
300 0
301 1
302 0
303 1
304 1
305 1
306 1
307 1
308 1
309 1
310 0
311 0
312 0
313 1
314 0
315 1
316 0
317 0
318 1
319 1
320 1
321 0
322 1
323 1
324 0
325 1
326 0
327 1
328 0
329 0
330 1
331 0
332 0
333 1
334 1
335 1
336 0
337 0
338 0
339 1
340 0
341 1
342 0
343 0
344 0
345 1
346 0
347 0
348 1
349 0
350 1
351 1
352 1
353 1
354 1
355 1
356 0
357 1
358 0
359 0
360 1
361 1
362 0
363 0
364 0
365 0
366 1
367 1
368 1
369 0
370 0
371 1
372 0
373 1
374 0
375 1
376 0
377 0
378 0
379 1
380 0
381 0
382 1
383 0
384 1
385 1
386 1
387 0
388 1
389 0
390 0
391 1
392 0
393 0
394 1
395 1
396 0
397 0
398 1
399 1
400 0
401 1
402 0
403 1
404 0
405 1
406 1
407 1
408 0
409 1
410 0
411 1
412 1
413 0
414 1
415 0
416 1
417 0
418 0
419 1
420 0
421 0
422 0
423 0
424 1
425 1
426 1
427 1
428 0
429 0
430 1
431 1
432 1
433 0
434 1
435 1
436 0
437 1
438 1
439 1
440 0
441 0
442 1
443 0
444 1
445 0
446 1
447 1
448 0
449 1
450 1
451 0
452 0
453 1
454 1
455 1
456 0
457 1
458 0
459 0
460 1
461 0
462 0
463 1
464 0
465 0
466 0
467 1
468 1
469 0
470 0
471 0
472 1
473 1
474 0
475 1
476 0
477 0
478 1
479 0
480 0
481 0
482 1
483 0
484 1
485 1
486 0
487 0
488 1
489 1
490 1
491 0
492 0
493 1
494 0
495 1
496 1
497 0
498 1
499 0
500 1
501 0
502 1
503 1
504 0
505 1
506 1
507 1
508 1
509 1
510 0
511 1
512 1
513 0
514 1
515 0
516 1
517 0
518 1
519 0
520 1
