1750
1859
605
1751
2267
1536
2114
1723
2853
2241
1425
1184
659
593
578
713
893
1912
435
1197
1782
1771
1421
992
544
974
174
750
2397
725
2315
1422
1033
847
2131
1808
502
2193
1956
2834
1580
782
592
897
2607
2258
1243
2368
472
648
577
2492
1495
2157
1773
829
466
811
1844
2299
787
1524
527
2752
2425
2835
31
37
842
1212
1010
1949
1482
2118
170
237
490
2803
1458
471
792
38
603
874
744
1262
2406
2733
2401
596
762
2796
631
368
1323
401
988
69
1816
551
1361
2786
2119
2774
63
1886
94
2364
2651
2008
1643
1069
1501
2094
2508
1553
2824
434
2912
1851
585
2344
2745
1238
1119
1260
1296
2823
812
813
1930
2292
834
934
2729
1117
1607
2365
299
614
9
2616
2702
1522
662
1820
290
1413
2159
1245
1047
2457
57
990
840
1292
1317
2468
157
373
2617
1492
1564
2444
279
1405
1348
2871
2586
1333
1841
2110
2322
361
1443
1749
52
1896
1253
2841
1186
913
68
799
1803
2394
2797
12
1651
1857
1743
208
1174
1324
797
1269
2362
2202
1467
2071
1633
733
1108
2211
1577
1222
1623
408
334
1931
2335
1204
2668
878
2339
1727
1200
984
1817
712
479
363
2476
1829
1509
7
2314
2807
2539
1890
1273
1619
1107
857
2375
2742
999
2593
1554
1373
649
2723
2544
1520
2627
273
641
367
1436
172
676
1486
580
1839
354
691
2519
2178
1837
1992
164
432
838
2225
1172
15
1023
1547
511
1340
977
2805
355
2703
2214
695
2503
2562
938
1423
1055
2037
1218
2941
919
2676
1312
2418
2220
301
1792
2572
2609
444
1256
2443
549
1359
358
318
459
2819
1840
2877
291
1974
120
1946
1000
217
1409
2489
1428
1663
2232
448
1590
45
2223
70
18
1582
124
376
1234
1997
77
1025
2479
1688
2366
2047
629
161
653
1344
1869
104
2378
626
1973
982
1824
1881
1558
214
1109
2385
2634
1257
415
267
2263
1499
2842
2207
2872
1652
2573
1402
2250
2332
233
1334
618
462
601
2319
2064
2096
1110
2309
960
1303
2172
952
825
1604
235
1065
1814
1504
2014
1887
406
2150
1133
1005
1082
232
2122
616
1907
2458
1215
2302
2019
1675
2538
2741
1319
1746
2100
2328
1385
2631
2013
2169
2295
2386
2641
315
2249
2279
138
2862
861
1102
1523
961
504
2104
773
1721
246
156
568
2907
2505
1034
395
1221
2371
2116
678
236
788
46
1563
1655
1996
519
719
1480
1928
2808
2838
1892
2387
1972
1092
1087
388
769
8
1098
1048
285
2432
2935
116
2612
1265
885
1629
800
2821
2568
1320
814
1658
1258
2895
2608
1576
1637
48
1202
2630
2564
2167
1980
2296
1769
2044
1302
143
929
1540
2644
129
967
1991
98
493
1714
2916
397
2514
700
1051
1681
2722
309
2565
183
1232
229
784
1401
978
607
268
1812
795
126
1694
2127
168
1630
497
1246
950
1155
251
430
2574
2390
2121
2403
34
975
1329
949
1555
1488
2650
2082
2098
2399
2441
260
1491
636
2829
1145
558
2448
2472
2199
915
1943
1740
128
2706
97
868
2251
1059
2259
1833
1029
166
2320
1569
2588
2450
2832
852
2347
1731
1801
321
2372
2429
2217
597
2721
711
1920
1152
2618
1821
2715
562
1328
2580
524
26
2089
2478
2162
1971
2002
72
328
378
245
1427
2413
507
282
1556
2243
252
1180
639
58
2461
2776
1008
876
211
1764
2605
765
1057
1818
130
1855
1977
2383
2560
2045
2675
1039
2792
924
1020
2038
2659
931
2844
786
131
1490
2130
1776
1420
446
2212
1706
210
83
1975
1670
2542
445
1440
0
884
165
932
2889
756
561
2713
843
297
964
2060
2817
2180
1530
1206
2822
2526
2231
1609
2690
612
1825
2517
316
1526
1154
1939
476
2638
2543
1724
532
1322
66
1537
1701
835
1244
2839
1451
2175
2854
1356
2785
424
2191
160
375
1379
2465
2549
1377
2423
716
2769
1354
429
2655
2334
1043
1463
1722
351
1693
517
2463
2737
827
556
682
1483
858
2663
2285
1366
751
1578
50
942
1049
308
1926
1704
1378
1412
2271
1827
759
1628
529
1933
523
2584
1151
1229
1668
2652
2545
1744
803
1592
595
2080
1715
2849
1882
1542
2042
907
715
731
1529
2015
1603
2316
738
2673
2102
2128
937
2028
1707
1742
1503
2866
2795
2384
1936
1682
182
2530
2767
808
794
247
427
688
1170
638
1414
1169
665
2858
2113
2601
2510
1636
1611
25
1426
1947
625
149
2662
1386
2242
2151
1013
1088
2491
1116
2894
1027
2730
877
215
664
121
22
2892
384
2272
1022
1657
1130
1237
2914
19
674
2330
1875
890
737
1277
1878
102
802
941
2359
2284
1993
1014
2868
2173
1125
29
371
5
946
526
2033
1753
2085
1493
634
1647
564
59
1419
55
1678
2619
1335
1037
902
189
2437
2017
722
2182
1791
2657
1802
302
2093
1187
702
1676
473
962
2454
1231
2734
30
333
1602
1209
1805
2604
2855
1353
2664
1906
220
2438
754
2658
256
300
1787
2497
1387
2827
2696
2079
2779
195
1078
2449
1435
739
2878
684
1015
2522
1398
1150
1090
1760
2665
2325
2599
244
2744
2266
2486
1596
508
1046
752
2203
494
1915
264
589
1874
921
191
660
1002
1785
2527
1285
2374
2469
1127
1500
467
717
853
1314
694
1144
823
958
1453
1739
1389
366
2417
1158
1612
2291
1327
818
1914
2340
2226
1227
927
2382
450
1755
2909
971
1437
1919
672
418
303
2613
2724
443
534
1189
2049
2470
1772
2176
1455
2084
899
484
2196
2402
697
2848
2474
774
2748
2622
2001
1178
2030
1095
2547
779
600
1853
2496
1917
2939
1712
1275
1026
234
1465
84
2484
107
360
801
2594
1737
1417
90
339
807
550
887
635
117
35
1390
2578
10
1113
1136
1352
620
677
2635
2640
2521
2206
668
1809
1899
685
1831
75
73
2632
114
1032
656
393
1638
2293
889
456
1042
411
1644
2106
2297
2846
2898
2759
2529
1871
370
489
581
2682
1987
2307
2700
1411
2278
1729
2927
1916
1543
1477
531
2305
2346
470
2911
255
633
894
2755
2018
509
20
2908
2091
2669
2074
1880
2595
2477
1081
2551
2436
202
871
1175
1129
1608
1472
342
548
451
2141
1494
658
2078
422
2011
2422
1138
2625
2139
2160
856
1958
2890
1502
2083
110
32
1134
2244
80
357
1068
2621
2728
392
348
1877
1114
1671
389
2777
2132
1994
2056
1708
1909
2643
1595
1487
1070
959
1330
2770
1870
640
1011
206
758
879
781
1484
1380
372
382
1793
1654
516
2400
2693
1579
1336
2816
145
2367
772
1728
2147
791
2067
828
836
2585
2685
591
2170
2152
1506
2058
2831
1100
622
554
1635
1758
703
2427
1342
2507
1690
2062
2420
940
2705
2726
253
147
666
1985
1634
2649
945
1960
125
2851
730
771
1961
2357
1309
53
2918
1460
745
2053
1518
1860
1952
2216
2512
330
265
696
1515
720
671
2343
2070
2628
2577
335
2606
1
341
1932
324
1545
770
2276
1456
162
410
464
2784
2840
1763
1281
2355
2257
2885
337
2931
1293
1717
2055
310
2482
2287
1035
1762
2281
1910
2495
2165
785
492
2859
344
144
1648
2046
475
1220
2934
272
2758
1570
1274
474
1566
1149
2534
1056
239
1376
2615
1510
1941
1600
409
1719
374
2380
133
2905
1848
708
1711
1667
2938
983
2633
2354
2198
1236
2778
2324
2751
2930
761
2360
2262
1778
545
611
2435
263
225
1811
2743
1431
1255
892
642
2148
386
317
922
2076
2921
2235
1868
1748
1476
385
2500
2063
1940
356
115
2229
1468
1391
2041
2318
403
2727
488
1205
1925
2493
810
2185
2381
353
543
1632
198
2024
2623
1031
1726
528
23
16
377
817
209
2336
1252
2004
2537
822
571
1538
2338
1160
89
1945
49
912
2563
966
44
1318
1041
2265
2502
2602
908
1705
1797
42
455
1835
1587
24
2535
181
1834
1988
1963
1264
2483
667
111
2709
329
2348
956
1194
1307
1404
2523
2072
2208
2761
108
86
461
632
1921
1363
62
1702
343
452
2057
2671
336
1355
2190
2757
417
1738
687
869
1466
867
2764
1616
1836
1040
1766
2771
1156
1214
980
2052
1286
552
196
1662
2626
2407
399
1642
340
2000
2646
1516
1201
979
186
689
1935
2163
1445
536
663
1862
2310
54
1512
1261
425
271
2154
99
1351
776
482
1736
436
2707
1752
2656
2304
1297
2410
816
2187
2440
872
2194
920
2123
1845
1276
414
1720
1617
1689
281
1310
1539
2810
1865
1111
1498
763
2140
1822
1062
1461
584
2467
1173
270
764
2636
224
805
1779
1889
1479
1148
2697
2518
134
608
833
2485
1774
1438
1761
2504
619
1052
1904
463
1754
985
1514
546
582
1147
1332
2092
1195
1225
1142
2252
1096
2806
1581
2906
275
2536
503
1646
2201
521
918
2541
1394
1982
1586
1790
2088
895
1876
1219
1191
793
1929
1167
2358
2925
2404
740
2126
1339
1900
439
1028
1863
826
187
1316
1888
1533
594
1137
1804
2648
670
296
1009
1004
2313
2373
2288
1589
1505
2301
755
1124
2323
2582
2888
865
2040
1381
159
2887
294
657
175
14
1730
741
2396
331
1692
2075
2902
2520
939
886
2376
2686
1527
1315
2158
2189
292
346
2029
2861
2153
1843
347
2620
2813
1565
1673
1588
2210
557
2794
2103
188
1128
2579
2077
579
1199
180
2447
274
1141
815
2112
2218
848
194
1208
757
1842
2929
976
1105
681
1696
293
2050
2553
699
284
1984
734
248
362
2349
1625
2168
2289
322
1235
155
1429
2558
839
1885
179
753
457
396
675
994
789
1058
539
1605
1767
2749
2688
609
1072
230
1979
2395
1418
570
1018
2156
1757
2311
2740
319
2591
2592
152
460
40
311
1030
1685
2270
518
1233
1242
1153
184
1725
2515
1135
2433
2494
1918
64
2509
881
258
178
2236
1410
520
314
1864
2439
1291
727
2711
1457
1513
2415
637
1614
1850
1259
226
851
2920
2677
1942
2836
1085
1854
41
1891
563
1091
1146
547
970
2138
1622
1861
67
2610
2224
1079
986
2763
2398
123
900
1664
1053
2264
349
1475
997
1695
223
1902
1599
2880
483
1789
1263
2007
824
2857
930
2230
1544
2171
679
2674
831
559
1434
1691
469
287
1163
2016
1060
1383
2290
2782
1610
1968
2790
412
169
1106
2583
2455
1697
909
1267
1397
998
2698
241
604
1179
387
2352
1591
122
972
1118
1185
2571
491
1094
419
1508
846
2234
1470
790
1473
2329
2303
2891
1496
2567
2144
567
1331
1901
969
2428
2717
71
1894
2054
1080
1126
2446
926
898
1700
1879
1362
2694
2750
1838
13
2725
2552
1441
364
2086
2937
2298
2109
541
1883
1099
1481
2875
51
645
2773
2430
1549
2596
2837
1003
643
1966
127
2003
400
968
1021
1594
2023
2412
2736
1911
1101
2419
743
1639
1733
1893
2852
1193
1216
449
305
1294
1433
832
332
2800
2811
1552
113
1228
2388
698
359
109
1923
312
1535
2111
2678
2233
1321
2550
1780
1393
2850
882
1585
530
2940
2760
4
2791
487
2135
2254
1998
2032
1464
2414
1967
575
136
2006
1183
1559
515
1061
2883
1357
1951
2684
1485
2680
2164
2036
2667
2830
2274
381
2012
453
325
1852
2405
1239
1621
820
1872
2105
2337
1289
2804
624
2222
1597
525
1350
496
1898
219
2642
1121
2174
2559
2670
2814
880
2576
2714
65
1948
1781
1978
2756
747
680
569
936
2923
1211
204
1981
2710
2069
154
2511
27
914
2253
1176
2145
1641
2107
2452
2010
1346
1024
222
1770
1016
2746
2286
2451
1177
307
1343
533
1950
728
1313
1288
2865
1571
2735
522
2312
1867
2268
2701
692
806
565
587
1756
2679
481
778
1669
2473
873
199
2331
2719
1937
1847
1677
433
1679
177
2188
2687
82
2624
963
289
139
1794
2566
617
2490
437
651
606
1674
1308
1290
947
1934
1371
1672
79
1284
2221
1618
2587
845
227
228
254
1905
323
2661
576
2431
1012
345
2345
1395
1358
431
1954
1368
286
81
2917
989
1084
718
78
1830
2501
1650
2928
1132
2370
118
2143
2035
901
2247
185
2899
1123
190
2146
2442
2732
2691
1224
588
2326
1448
955
173
2933
2087
1298
2245
1345
775
269
615
1230
2802
2843
1432
1965
1718
1071
1442
965
2681
1347
1884
714
2506
1986
203
2039
2531
87
2900
2273
1295
2869
911
2353
2181
991
92
1528
405
197
1287
1280
413
512
2238
748
2528
1613
1858
1927
2884
1073
465
1268
1367
1796
2569
142
686
2932
1631
458
1369
1575
2108
442
1568
1341
447
2481
917
627
1248
11
951
1640
2775
21
2870
1299
1017
1063
2022
2031
1375
1226
76
369
243
705
623
538
910
391
1036
2453
1251
404
860
1572
2261
742
1846
2856
148
2021
1384
862
647
137
1338
441
2090
501
380
1507
602
2377
486
2475
485
1913
1601
257
1241
2246
2280
1653
2205
655
2025
2833
1680
1122
1337
1521
216
1093
2901
1247
2416
2117
140
798
1019
854
398
821
2873
383
1050
2277
2600
555
1741
1649
735
749
1120
250
1430
987
495
201
1768
135
85
132
1826
213
2137
2411
2445
1164
153
1203
150
1454
1895
540
903
2133
870
669
2066
661
2009
176
2391
2073
1240
2689
2768
746
1823
973
905
2125
928
809
957
2393
1407
1270
163
171
1806
2283
2369
1282
112
2772
240
1759
2738
151
1301
2255
440
1713
506
1903
2809
1104
1452
2043
1583
2820
1732
2747
1698
837
1162
2780
43
2195
2498
1001
891
1777
3
2516
766
560
1660
1873
1349
1810
2666
101
514
1734
1283
1168
542
56
1550
586
2192
1171
1450
2922
1615
1962
200
2915
1813
2867
2765
2739
736
350
1076
2704
849
2219
2557
91
644
39
2215
2787
896
1849
1400
1598
572
2363
1424
777
630
513
47
2910
1557
2327
2065
2166
28
1786
231
1800
2672
2589
2712
1546
1097
1086
306
1444
2825
2471
1478
2590
1709
1159
610
1828
394
2886
2487
1624
119
1067
1364
1278
1326
1382
1196
1325
2068
1620
953
1567
1188
933
767
1469
2120
167
995
1765
574
1077
2598
1703
780
2142
1531
2459
2614
1165
510
2026
2513
2184
2155
2124
205
2629
1300
1784
1365
535
1266
261
2864
2799
2051
2260
1074
1075
2695
2061
1922
1372
2926
2647
1054
1666
365
944
1213
1735
1953
1406
2200
288
2860
1665
2815
1210
352
2766
2389
1983
2
1686
1999
313
499
2466
498
804
1190
875
2256
1541
724
438
17
2683
1989
158
2556
2874
1223
2548
1534
1131
2812
2570
1305
2561
1964
943
379
859
863
855
2350
1370
729
1995
192
1489
1661
2005
707
819
2897
1306
2708
74
2828
783
652
2321
2645
2826
207
690
2392
1192
278
673
2227
2464
95
654
390
1166
2308
2300
2379
1139
2597
1562
1181
2499
277
2101
1272
1279
1396
2294
2533
2204
2209
864
693
2603
537
2660
2095
276
2903
2361
2183
2228
480
1374
1969
60
1924
2179
1161
1403
796
1249
280
906
1198
2333
2424
2341
1560
2540
1548
2555
61
981
266
1606
1783
2434
1439
2456
1656
553
916
1561
2913
468
2149
2639
1066
2081
2692
2351
721
1038
338
1807
295
1716
2845
1103
1532
426
1908
2177
628
1360
923
249
2847
1627
304
1388
421
583
2720
888
2342
2480
327
2781
2876
1207
613
1083
1798
2524
2129
1089
726
2924
2718
1392
2581
683
704
477
193
1788
993
2783
850
2097
6
650
238
1551
1471
2882
1007
1687
1064
1143
2753
1459
2048
2793
1525
2269
2879
242
1745
2134
2546
2099
2462
2239
218
1866
1311
844
1447
2896
2611
2699
2034
2136
2731
2654
866
883
646
36
407
1976
1511
402
1415
1938
2356
2554
1897
1449
33
2525
1584
2275
723
2904
416
141
1645
1497
2788
1182
2020
320
2575
1217
1573
2186
935
2282
706
1250
1944
423
1959
2409
2532
326
904
1593
830
298
1955
1832
1957
262
2115
2488
2460
1659
2818
1775
2936
103
2653
2317
768
505
2213
2306
105
841
96
598
1157
1699
621
478
1045
566
1304
760
1815
420
1006
925
1683
2754
2237
701
2240
2027
2421
1474
1856
1446
710
1115
2762
1574
454
1271
573
2161
1254
1112
1626
1416
1399
1517
1710
1970
1990
1747
954
2059
2863
2197
732
1684
590
2798
1044
2893
100
146
283
996
1799
2408
1462
599
500
88
2248
1795
2637
2426
221
106
2789
2881
428
1140
1408
93
948
2919
259
1519
212
1819
2801
709
2716

