1052
1311
1748
2028
1138
2836
1894
2748
1046
2634
2775
2192
1531
2307
149
1916
2719
244
2388
1282
2241
914
1873
2249
1447
1338
1605
205
960
2360
2055
2071
734
1416
278
2053
944
1427
532
1966
2938
2411
200
2278
2254
1251
2037
1126
1847
2103
192
1581
1361
1483
1054
1276
950
847
1594
565
1755
635
119
2457
1082
155
1486
2229
2325
1611
76
971
1747
2462
2185
2786
1012
1525
612
2324
481
763
268
2409
1746
1938
273
2773
2302
2560
1363
530
1595
2697
1271
168
2373
1495
706
2259
1638
2772
1974
1376
815
2581
2428
1922
1944
724
759
1393
772
1104
694
2915
1418
2541
27
209
1951
1928
2150
924
564
1548
2363
1584
1134
2136
2202
1642
2355
1106
1388
365
378
1469
1945
2613
110
998
690
646
1404
238
2064
372
53
649
1565
857
2152
1793
182
1279
1081
1088
137
1869
2056
2764
2502
2849
2279
2332
252
1726
648
497
2256
1403
887
2910
817
131
1777
2173
2936
291
2491
1517
1904
126
2016
2042
1144
921
2439
609
2537
316
831
1348
1979
2049
720
287
1971
145
2033
1737
521
1533
2815
1516
1718
213
560
1783
1636
1939
204
1628
723
342
2463
2740
2544
1150
1763
1750
638
1619
591
1449
1524
636
2323
2157
1845
2787
2660
2265
2534
1350
837
317
187
1143
2066
416
1520
1045
1652
2450
1356
362
1488
344
1742
990
2444
556
388
2421
1216
2091
818
771
1312
1560
1343
520
2227
721
1784
40
1647
704
2539
1657
2571
250
1074
576
2744
307
1191
2308
355
1507
1556
712
231
1391
2490
1406
1238
2246
1956
836
1032
1320
1973
799
414
539
630
891
1836
1239
493
2286
2549
1660
1510
1810
1846
1353
393
916
2093
69
447
1954
329
2339
1411
558
2369
980
1254
1154
2058
907
2614
1932
1538
2207
2685
2124
1680
780
2163
2920
928
908
2435
2657
1607
101
1815
2290
80
1302
2013
577
762
899
1062
398
1059
1651
671
2036
2875
2569
1166
2344
413
1608
1794
651
2819
770
2795
2937
214
1867
1424
583
756
1324
555
1395
2629
1237
2330
988
2592
2802
490
322
1950
2710
10
755
814
1901
665
1948
531
1016
2650
884
553
2379
2499
2804
2501
505
547
1089
1613
1203
162
1914
1181
2587
2911
485
942
1163
2048
1180
293
1225
253
1572
608
1849
2694
175
1902
955
517
1155
2193
491
2759
1967
523
228
115
348
1833
1828
1058
183
1299
1065
1464
1183
1141
136
2884
2832
2494
2515
2600
2917
954
2565
2874
997
1826
2597
1005
1109
2554
793
2132
2888
861
1232
1509
384
2922
1394
1949
2470
58
234
1462
1084
1765
2144
139
88
880
2085
519
2722
1409
31
297
820
172
500
879
1068
381
1600
2314
1535
728
1215
2010
2270
9
2298
2707
2018
1463
1673
2563
1778
1712
2454
1781
2345
1788
860
1328
2754
1632
978
750
752
81
396
390
886
1152
1220
369
1184
2166
2203
2465
968
353
2647
1198
2817
2558
959
1471
1382
802
157
1586
2814
2060
1895
1458
885
2143
1131
1694
399
387
677
239
2661
686
2145
584
1136
1947
1906
2426
2483
1834
2111
1452
221
829
2826
2625
2839
883
386
1699
312
2261
1714
561
1832
2164
1659
1550
1319
1429
2184
619
419
2067
2362
2313
1193
104
1623
1441
783
707
217
1629
1224
1852
199
758
2255
1003
507
2447
2094
2639
430
2138
1296
163
98
1273
1722
186
1207
2808
1664
1331
645
1797
2548
901
401
631
801
2800
1008
224
71
562
417
1072
2170
1798
571
1290
1473
1408
2505
232
856
810
2424
1189
789
227
2305
826
629
1596
2793
2801
1177
450
1479
1270
1645
2105
1373
1604
61
2466
1221
2412
652
1435
1903
2880
395
2449
2601
697
1064
2382
2655
506
484
933
1688
2077
2340
374
1208
745
1909
429
1738
2811
2903
368
431
311
2441
579
598
1069
692
2517
2191
684
142
70
2190
1582
2868
1125
655
2040
279
939
2074
594
2623
54
2380
1035
1345
838
243
1617
535
75
522
845
154
2069
2907
321
51
2682
2097
1108
2413
568
796
1178
601
188
2120
1130
2431
2104
1
513
2174
1970
1188
1297
181
1614
1242
2264
2616
195
1771
2496
2423
2194
2284
1102
2468
1086
930
1365
666
2830
1715
38
1468
1023
1919
1051
773
475
973
592
453
2529
1969
1990
2556
1860
573
2396
766
2175
1022
2653
1767
2458
540
2210
1246
240
2883
2244
613
272
791
1998
1344
1050
2572
426
2610
1043
986
851
2318
2047
2923
1769
2125
1989
1534
1940
1355
1085
2199
2176
1522
2381
732
730
1806
2579
2821
2632
2533
2568
634
1245
111
41
1678
1487
996
2527
701
748
2024
1244
2347
2924
2778
150
2649
237
902
1158
834
2378
1337
2785
371
346
2389
841
2723
325
2769
858
2231
313
1286
347
1620
39
2594
2221
2608
337
2456
2670
120
1269
109
1470
1732
747
64
2905
2090
830
423
844
331
1996
2809
736
1728
618
644
444
2242
1830
1896
77
2012
1234
1029
709
2063
1351
2908
794
1523
1292
1650
2239
913
248
2027
746
1477
1539
483
32
7
1038
739
461
2342
2589
2570
2101
1981
49
1194
1226
1342
1573
2127
193
890
946
941
2206
184
1842
1090
1248
1333
2906
2731
1721
2044
1835
165
1630
2591
2879
1865
1838
2187
1736
2928
2584
912
925
1814
1281
2487
1500
570
2022
1501
2690
1985
2676
1549
2335
1196
1616
428
1367
292
1812
1241
2818
2862
1937
85
682
1848
196
241
2703
2749
2068
1752
987
97
106
1822
59
1372
324
713
1071
1697
1839
2418
892
2180
2277
1000
2921
785
19
2437
2274
1413
2628
1569
276
2651
1307
1943
1885
2297
2057
1063
201
1031
2851
1211
52
1284
949
1426
1340
2542
2577
230
1762
981
1925
2810
1204
2250
65
1093
2310
703
93
1209
314
1682
2374
2561
1805
714
1720
2799
1443
2098
466
2675
2397
534
233
2129
1371
2358
2482
2015
1352
2768
2777
995
994
1417
143
2118
2925
1609
2226
2485
1991
2110
787
2086
2135
2461
2763
255
463
1864
266
2162
270
1505
1831
1020
2941
2854
169
1753
2520
1264
190
567
2133
979
2432
2387
2168
1658
2267
2020
469
918
2761
2315
203
95
441
2702
1175
2511
2351
1644
1639
2933
176
768
2512
1612
2102
1528
688
627
1148
166
2812
2595
840
1034
66
2370
470
2481
731
222
1713
2046
1397
1258
55
2366
2792
580
1587
2237
1924
2087
2575
1544
1817
597
999
1422
2386
1710
637
406
427
2870
615
1592
1293
1913
1323
1433
1341
2291
660
1813
1316
2856
298
2611
2316
2514
2897
2171
2130
2425
1859
2738
596
2272
2455
1149
803
1959
2866
1624
765
2151
2567
798
1364
2247
2523
2177
2892
1442
1354
37
400
1098
685
1734
1879
1543
2142
1454
2536
1898
2167
333
90
2782
22
542
1960
356
2718
2715
2014
67
2000
1428
336
1764
993
397
948
2746
2532
572
510
2644
1786
1977
821
1779
2850
2557
2123
1309
676
1961
800
1662
1374
1766
1260
1146
34
2084
1953
1615
1116
2273
2728
2681
1383
2415
2448
2392
843
454
1478
2838
2878
1401
2416
1547
1739
1137
2860
1656
1506
1782
578
563
1359
1078
1965
2107
700
274
2730
1686
303
2082
2484
1668
1073
460
2791
2320
1992
1097
866
2919
1026
2165
1179
1819
1280
508
1202
207
678
1562
582
242
2689
1856
1174
28
295
647
2338
975
63
211
662
894
1249
1219
289
1768
654
1322
1467
2296
2518
828
1820
1121
2311
2705
2543
1621
2078
2889
2495
1756
1900
1792
1083
1399
455
1087
610
719
616
1480
2
1854
2391
2292
1564
2510
14
2780
1277
2729
1334
467
2377
2585
839
1465
424
900
422
2672
458
1301
459
1670
2794
2333
2230
328
1440
2198
1503
1482
940
1519
2368
876
108
2886
1459
2891
2200
1866
178
865
1266
2531
1420
1585
446
1593
846
501
2929
1861
1541
2262
2404
2859
2393
1633
2671
379
2045
2294
191
1690
245
1438
2562
982
2737
926
2405
620
2881
1653
2734
2422
2753
2352
1289
515
516
46
509
1872
2403
668
1147
118
632
156
2500
2755
1110
850
775
1450
2604
1874
1702
304
1357
72
1934
2656
2519
2912
710
855
2751
2724
1240
1182
1327
29
854
1703
2524
1529
1164
2847
2916
2464
296
991
2885
285
1055
2627
674
2890
1185
263
2452
74
2855
2714
1414
1700
1187
449
1800
2686
1250
1233
1982
1561
2258
94
1661
2238
920
2427
1091
935
1099
309
853
1489
628
1880
1222
588
737
2566
1295
411
1669
2161
874
1751
351
2070
717
2326
888
1641
1957
1915
146
1434
1877
2867
1757
2075
2281
36
1557
496
1037
2643
1905
2825
538
102
1968
1601
1439
2117
695
604
1935
2269
1257
2667
1039
1217
2467
1983
2299
1387
2438
2760
2303
302
511
2031
2688
681
2189
1485
1627
2011
1494
1717
1566
1117
489
21
2003
1824
4
1892
1575
1107
1743
1474
1648
89
198
600
2666
503
2460
1727
434
1999
135
1674
1484
2871
2771
2134
1986
1056
179
1850
957
2848
2822
525
1807
1377
357
504
2678
1101
2521
249
1145
457
404
5
595
389
2220
711
2337
806
1946
1583
282
288
2372
1206
1933
339
2208
1858
247
318
825
788
418
1908
2356
2853
804
225
99
1802
2116
1176
606
2002
1976
1275
2169
691
2704
2253
1576
2236
1731
2528
1392
776
2489
1993
699
2590
1809
68
1096
2932
438
2725
956
574
1984
757
1124
658
332
2788
569
1691
1009
216
2434
2582
133
1497
2410
1285
1153
25
1161
1521
1923
1825
1118
382
1171
1288
1540
2295
875
1740
1886
1157
261
559
1725
2835
11
742
2459
872
1436
92
219
642
2621
1708
1156
87
1907
299
659
2555
965
122
1929
1370
546
2844
1007
1025
1498
1610
543
2030
896
1360
443
2100
2622
2280
1790
2551
1640
1667
2041
1665
33
13
2331
2831
2072
358
1578
2287
1139
2547
974
863
1821
983
1567
1321
1568
1499
2183
1654
1094
2774
2038
2021
2095
159
2108
963
1844
1512
2876
1015
2252
1362
1588
2488
2659
2349
657
2843
487
327
1893
2823
1313
464
842
2642
1696
2612
2752
905
1049
2845
889
1759
235
2309
2141
1030
43
1294
2712
1899
870
909
702
2680
781
1119
17
549
1676
1199
402
2304
2493
2232
1741
1378
376
1707
284
544
502
895
2008
160
1195
1033
114
1496
795
218
2617
1918
1758
808
473
257
341
403
1129
1679
2648
1791
1060
2390
2733
936
24
643
1745
121
2522
859
2248
777
823
1927
494
2327
2900
2158
1018
2268
811
2609
352
492
2306
1689
1160
2727
1829
462
2115
1685
650
2841
2442
57
1491
605
1666
2735
2603
1693
1780
672
1776
1390
2346
1598
1551
2365
2766
407
479
1075
2896
1882
2762
259
2312
2552
254
1444
1027
1100
533
15
1014
170
1804
2400
2513
590
283
2593
1358
1304
1795
436
478
2478
2420
2197
1200
2276
2353
667
2417
2927
2820
1724
2784
1532
2112
2080
125
664
2083
2260
663
2674
1267
670
1504
1704
271
1855
140
2065
624
2081
2233
1314
1988
2288
1936
1425
2025
2473
2509
2026
366
1733
2282
130
2711
1432
2414
495
260
262
202
1926
727
819
246
361
738
2477
1888
2837
2007
1192
1527
2429
1878
1013
2758
1911
2218
1719
86
167
2573
1105
877
760
1415
1236
1375
2606
2663
451
1228
575
976
301
932
1536
229
2395
45
79
653
1021
743
2902
1303
42
809
1599
566
20
2225
2433
1453
1978
1770
50
1808
2708
1197
1325
326
1563
2106
1135
1165
961
1912
898
2385
2480
2384
1801
158
1259
103
1729
1419
1380
1980
1871
1019
1975
2319
548
744
2654
587
2398
1190
1252
2402
943
2052
2770
2149
2406
722
1889
805
2693
474
2234
1511
2540
792
816
1897
1502
740
786
275
1513
1318
2765
1995
1445
1456
83
482
2469
1542
220
345
2858
18
1760
529
2583
2359
1475
1170
2394
185
1631
2317
2596
1537
472
1255
1570
1235
44
1701
2507
2935
2641
2300
1317
2732
177
323
751
873
807
1603
153
1451
30
91
498
2658
148
623
408
1227
1773
2904
2348
2796
716
2525
852
480
319
527
536
2178
338
300
669
2619
1336
2160
2864
2842
2633
1169
1405
174
2128
1261
1272
308
2872
1709
212
656
2367
349
1247
2781
437
1920
2852
1671
1818
2354
512
2683
1384
2824
477
1213
1421
1448
315
2506
2251
1253
1205
2224
1518
2361
208
215
2243
1481
1663
1132
2001
969
2498
586
2887
2618
2357
425
903
640
2451
2257
1580
1723
2153
1067
440
2148
1339
1698
882
78
360
2857
1214
2599
476
552
1243
1687
782
2059
1366
471
1597
2216
2827
1840
945
2245
2934
2029
2204
486
2580
2834
151
1218
1546
2574
277
2212
1076
2119
1827
897
1017
1268
2408
2807
2869
2322
2640
1430
343
1010
1066
1077
2215
1884
1843
1649
2721
1646
117
189
1796
2092
2263
2088
2005
726
1305
2440
1057
774
354
164
2475
1711
375
1493
708
1811
2720
1577
1515
2530
962
1622
1278
2137
2789
1115
1369
2673
2089
1001
1744
2004
967
2472
2140
2526
267
2736
951
1002
350
2805
2914
2214
2328
2635
1460
1958
2726
2687
2564
392
359
749
984
2918
545
718
415
2893
1326
1508
822
881
286
1787
778
1349
439
625
1263
132
2684
256
377
827
698
2545
2550
904
2840
2516
2598
2546
1672
363
603
124
1868
593
1332
2624
1347
2701
2321
1526
581
2588
2669
2538
2445
2209
1004
1963
715
2829
147
733
1774
435
1300
2607
2479
1159
2139
2739
541
2578
550
1853
2401
129
2586
1862
16
1799
767
2877
1092
2039
310
1151
867
1863
2156
1716
893
929
1775
23
514
82
2275
1402
1133
1552
2122
1823
1048
340
0
2054
1011
2940
405
409
1385
761
1545
73
62
1952
2019
869
1079
2662
128
373
364
210
251
1602
1381
923
1635
2009
1306
2865
2767
1186
1310
705
1883
1368
47
952
1571
112
812
966
445
2043
989
725
1754
2154
2051
602
972
2023
1476
1554
2181
735
1113
835
2126
1070
868
1870
1941
412
1695
675
2757
1692
2006
2899
2182
456
173
917
1231
1706
621
790
639
919
2453
958
1123
1308
992
1112
779
1142
96
2861
2696
1455
2646
813
599
2553
2677
2301
524
2747
465
2289
2828
2099
784
1816
161
499
1291
2898
320
370
2803
2131
290
953
1803
2062
194
383
1472
607
2293
410
1396
1412
1061
754
1618
2376
741
8
1857
2503
1761
2076
2939
107
330
557
206
1553
1024
2745
1962
1111
696
2266
2901
2605
937
2833
1446
1514
1887
679
2873
1080
488
1457
947
2631
2364
526
2471
1389
152
2222
611
100
1643
1881
518
1437
2446
1379
1749
2664
1590
2742
1789
1876
970
622
551
1675
2219
6
380
1127
2159
931
1841
2846
2073
1346
280
2882
1730
1559
2909
171
661
2121
589
1398
1735
394
433
769
1626
2476
26
1114
2430
2061
144
35
2375
1287
2188
2201
1891
1120
2196
2050
2486
927
2816
849
1431
1315
1558
2343
1964
2474
1955
797
617
862
2779
1684
2195
2283
2695
113
1492
693
305
1942
56
2146
1423
1785
3
2205
1625
1921
1229
281
2497
633
2913
1201
2813
1140
2741
2217
1579
134
554
1274
871
2709
1837
1931
1329
764
2492
2636
906
2186
1330
1466
985
60
1574
1095
977
2926
452
2032
1400
1167
2691
1044
2285
1681
2668
334
1851
2329
910
2504
1053
420
2350
915
2602
391
1987
2535
2271
1173
1637
2399
2756
180
2716
335
2797
2692
1168
1040
1410
1555
2407
824
1283
833
1972
2665
421
1910
1917
1772
448
1028
1172
689
585
2750
2620
2211
2017
878
258
848
1265
1530
2637
864
1634
1256
442
2698
1212
2652
2371
2559
84
537
2930
1589
306
1994
687
1490
432
2615
2790
1591
1041
2223
964
1461
2717
138
1683
680
1122
236
48
385
294
1997
2576
2147
832
1386
2508
729
2235
2783
2700
2096
226
938
1705
1335
2341
2863
1890
1103
2383
1036
528
2743
2894
922
1407
753
2626
141
2155
2638
116
269
1210
2931
265
626
1655
683
2436
2213
2679
2179
2035
2228
2806
2172
1162
2776
1262
2798
105
1230
223
1875
2443
468
2079
264
2114
1042
2630
2419
911
1606
2334
2109
1677
1298
123
2699
1006
673
127
2713
2113
2240
2336
12
1930
1223
2645
614
934
1047
367
197
2706
2895
641
1128
2034

