928
744
297
2300
628
1968
2
681
1364
2637
2239
1429
1603
2617
139
2556
602
93
2446
2742
514
2734
1218
884
1280
456
2352
1622
1586
659
2896
444
1354
596
309
1911
2242
522
2900
1583
2322
1788
1535
1587
305
2206
1903
1560
2403
2447
383
853
2600
1396
1695
252
2088
796
2270
69
407
1775
2345
2599
2214
1647
1445
1303
371
224
2193
2100
2540
2615
1811
2392
400
1494
1569
1271
2052
1910
1375
653
1938
2343
2859
1214
828
1400
332
2279
1109
1221
1153
1547
719
1929
2124
525
971
771
76
295
662
912
1058
542
1556
831
1900
1619
982
909
905
2482
1361
564
2746
33
1865
7
200
2080
422
1661
1308
2026
1238
1524
844
289
489
536
2668
2612
42
1813
1791
2598
2861
2700
2569
240
265
80
1081
1319
1231
2142
1095
2220
1795
2584
577
2063
565
329
1484
1780
1310
1994
1099
121
1195
1883
2179
446
1277
2424
1802
217
14
1411
1422
1923
1570
235
25
1157
1861
2854
694
725
2525
723
1577
779
2676
1048
490
2825
1917
2146
2908
2338
2268
1727
918
2326
731
1645
1517
1251
1592
1558
2679
1149
2686
335
963
820
2937
2459
947
1091
2718
823
819
2850
1155
2898
546
177
2426
821
1403
1116
1688
2891
2381
2135
163
979
658
2296
682
1266
1178
1759
2053
410
231
2622
2090
1495
599
450
2763
1965
2105
2528
1687
2674
2863
1718
837
1870
1986
2534
122
2715
774
1653
248
1906
2077
145
713
2833
1453
1977
760
1305
1796
279
1380
2494
503
1367
2488
213
1347
1919
2037
2417
1092
1002
2427
1402
2081
463
2292
822
67
281
1335
2289
1894
2709
2633
2580
581
638
791
2909
2807
2015
2407
220
1818
2573
2692
1670
2560
997
1085
649
2133
2373
833
926
2057
426
2520
1774
1878
1456
1279
2691
517
2314
2223
2457
260
1995
2329
1927
1696
1752
2409
2751
2238
1773
1963
673
2681
1210
2490
194
1792
1062
2904
722
341
1534
2663
729
903
519
1184
1373
1451
2927
471
1691
1958
2400
629
356
1565
1295
90
242
2152
1382
816
2546
524
2736
2592
2672
2394
569
334
385
1285
2629
1537
2299
1754
2602
1733
1199
1289
372
1528
849
1614
2232
2919
1594
1348
608
2707
1498
1823
1716
1188
1405
2929
2740
1387
1301
2853
2913
178
1148
1333
1223
2061
2049
615
413
2512
1
1666
1106
409
175
50
2422
2218
759
1568
869
2180
2346
2101
150
2582
2315
689
1234
2555
1836
1574
956
2821
2420
1073
1224
430
1441
1860
393
2673
1372
184
2368
171
562
21
2068
182
2761
2369
1486
567
291
2810
838
1097
1739
2557
27
2640
1915
2339
294
619
96
876
1572
1430
2506
1609
1785
1892
941
646
1807
328
1395
303
2114
2121
1222
946
2792
2880
1540
1907
237
1412
854
2016
1202
1213
2836
1326
2502
1042
2093
633
71
127
20
2168
706
423
2145
1702
2806
1482
91
2860
457
254
648
1499
1690
2458
1094
2704
1023
2765
2618
2106
655
2922
1996
2254
1610
2375
1123
469
1064
2263
1440
219
2219
238
187
570
1897
284
164
55
1466
513
1668
77
647
1608
1630
2009
1132
1782
2119
2662
861
1321
2826
1378
320
645
1034
1863
464
674
2327
1743
2809
2383
1952
2376
376
451
2666
227
2624
326
1993
1955
1489
881
724
2754
732
2456
859
2574
1654
1849
2075
2351
479
2724
551
285
1327
785
2636
1410
1902
2085
1328
632
349
557
1082
2648
2059
1137
896
185
1784
221
1888
132
1744
968
2027
1689
10
1891
1449
2721
2175
245
2725
454
1982
1249
62
1467
1933
288
146
162
1627
2161
961
2683
1748
2665
2354
1858
278
1671
1497
2072
2579
2907
2208
794
1992
253
671
2227
1079
2199
2428
2017
541
1852
159
1113
1432
2408
778
677
304
2568
559
492
2727
1837
981
1072
104
2469
1530
1264
1699
2461
2473
391
161
2236
414
2439
352
1248
808
1680
153
1033
2328
273
2209
2224
2138
1508
60
2250
1203
2518
2848
1046
721
1257
2290
1700
1352
2177
2324
848
2202
825
461
587
137
1620
2291
1190
1817
1880
2391
2415
115
1471
2728
44
1065
2884
757
26
2334
387
1409
120
1015
2486
1621
900
708
2000
578
2816
229
835
2273
1617
1726
2451
2505
938
1100
324
1176
2775
1359
2001
2587
1049
1052
131
1408
1579
865
118
1601
1669
811
2639
2476
1236
2097
1557
2275
215
2444
1553
2858
2778
1329
1719
2613
340
1385
535
331
2699
2197
509
2481
2739
2609
2753
1144
637
1644
711
1828
1976
1707
2166
1117
1464
1242
2485
73
2171
1182
154
2163
2516
214
943
2595
2732
530
2548
2466
1924
1651
434
1197
480
782
234
679
2819
1462
2259
2308
2362
1356
2698
2336
1093
2706
1019
1256
1179
2851
1624
2895
1084
1083
1016
313
1720
921
1943
887
2237
380
922
109
1703
2255
590
301
2657
591
99
593
1949
2889
2252
1131
82
1814
348
2620
2480
1825
1259
2071
1233
1481
2634
2603
1337
2399
617
1945
1488
1307
1648
395
1980
2231
1851
974
899
2004
2670
624
2034
914
605
993
1628
1989
954
1196
783
453
53
1431
1824
2147
360
2632
2651
440
1043
795
1765
2472
478
1803
621
1276
1039
2903
781
2160
460
2384
89
547
244
2795
815
94
2174
1044
911
1694
1957
505
2628
1932
52
1532
1468
1507
1940
68
2614
2307
703
940
2604
2649
1681
2096
2583
2118
1623
1567
1112
95
310
977
687
1056
31
1762
2652
2156
243
1946
1875
2671
734
1071
1732
9
932
2562
1631
1829
1562
1928
630
705
1618
1369
1194
1287
2627
1833
2523
755
2667
168
1931
973
408
2203
1658
261
484
1916
863
945
834
2697
117
1853
1502
2423
2380
2800
311
2660
1154
129
1683
1059
1455
548
189
2035
2148
2295
1208
2817
543
749
1722
598
399
2776
874
1527
1122
124
2788
798
1158
1125
2770
2623
1447
1423
2926
2301
173
2425
2033
2802
1643
1261
2460
1724
2185
2210
2527
879
2183
17
2323
375
1761
2178
1171
2477
2023
739
1031
2356
500
631
2865
386
1189
614
2920
1822
1129
1598
416
1684
572
2140
1442
101
1050
2229
1183
280
1904
1536
2916
1763
1342
1366
2235
2656
1104
527
142
2211
251
813
965
2378
2246
2070
727
841
1998
1024
800
986
2558
555
2843
2245
2747
1198
1143
2867
1435
1741
382
2567
2782
1204
87
1841
138
1022
1934
1960
2773
2064
2875
1209
350
1555
186
474
28
2588
1186
668
1519
858
2831
660
1548
540
2571
544
1729
1164
1999
2032
2883
1452
2503
1746
1899
606
2374
604
226
720
2467
190
2136
2450
2868
2501
1564
272
1472
2933
262
2745
2418
1045
736
496
1881
119
2550
2669
319
2386
2333
1854
2360
574
2120
2801
1162
1115
367
999
738
2508
110
827
365
2395
2262
1152
856
2060
907
2432
1550
1561
51
2010
1664
494
2082
296
2359
2358
1692
951
769
2344
351
1172
2723
2098
2335
155
100
2385
283
913
2321
2489
1936
290
1476
976
1884
1292
210
1267
369
600
611
258
1353
1595
2596
1438
1529
639
428
2086
773
1439
609
2188
1997
1768
1334
390
75
2288
467
1832
2317
1948
1874
2565
431
1371
2083
378
762
2509
2892
2370
249
1192
2170
222
438
2111
809
1633
2006
2013
1611
1518
2139
1130
2930
2713
1458
1191
2127
179
501
1418
1749
1951
2759
635
1941
2108
205
2531
2719
1201
1750
374
384
824
2319
148
1205
1057
2631
165
2054
1163
1758
1268
554
613
510
2526
114
2661
12
804
116
1140
1338
1370
2099
563
1576
1425
915
1539
972
92
1299
504
250
891
2414
2870
1258
2749
2882
1185
1937
1433
2687
1219
1324
1413
1167
1275
2436
2743
425
2822
2123
233
1253
0
368
191
2342
927
1809
1406
1629
998
751
2041
1320
1114
1322
1415
347
1859
1588
1515
373
2552
2340
2625
466
2257
2805
1779
523
1012
1294
1549
840
86
2551
38
1133
1713
556
2664
2879
988
1652
2014
700
1637
49
952
192
2812
149
1105
404
1845
3
1819
2545
2888
2024
447
930
345
2918
2877
1830
1787
2260
1520
2067
995
2726
1706
441
1721
958
1444
277
2406
1420
1368
1404
2048
2310
1136
1174
183
1674
2738
1600
2529
462
2393
2410
1920
1510
2855
743
2899
1793
2305
636
1764
2493
2366
549
41
1723
868
2155
753
47
394
2039
2122
1935
1660
2570
2813
1984
2226
85
895
1964
1596
2150
883
1737
216
1873
2154
916
520
2128
1526
2894
2021
306
2642
111
994
2479
533
580
786
2141
1728
855
445
2107
923
2056
2435
845
793
48
2694
437
1783
1810
337
1028
366
1554
1038
2519
2158
1877
2744
1585
532
919
499
1127
2228
5
754
518
1602
4
2835
2143
1304
1983
202
931
1797
1521
1890
1141
2590
728
487
2404
236
955
246
601
1756
1461
2887
644
2521
2507
2287
2396
839
1401
1211
652
2031
1559
1349
1013
1168
1981
735
364
2253
1711
22
2045
1374
1514
2682
1740
2046
1686
2047
1755
964
1885
271
1650
506
2205
2605
1290
415
2852
2621
1950
2069
1332
692
2192
1118
1710
1786
1886
1678
2731
1087
448
2793
147
1298
1355
1288
983
2777
2363
1546
1772
2593
1985
1972
2730
1437
1781
1283
1067
1323
2116
405
2416
2538
357
1001
2566
627
2030
850
935
2094
2230
43
2176
877
1325
2842
684
1377
292
1278
1512
2266
377
2020
867
1177
2784
920
470
342
2243
2355
756
167
2838
806
1542
1389
2641
1103
2441
1867
651
1421
1343
1029
1578
752
2040
2190
1110
1826
897
2643
1051
1649
315
196
1708
842
2897
1990
890
2207
585
2716
1068
765
2109
688
987
511
1460
2173
873
2934
1286
2038
597
398
730
1966
2165
812
2454
1417
1007
531
1170
2162
355
1879
2581
539
339
1187
2367
140
2837
228
1715
1925
1383
1635
560
2820
2878
2876
176
1313
2659
1801
1077
327
223
2348
2767
802
826
1827
2702
1427
2440
1979
455
1838
2325
241
2841
2684
582
152
2313
1070
1816
1769
1709
1895
950
34
1479
2845
1856
1063
534
2635
1835
193
936
893
2265
2601
748
1954
247
516
2062
1800
888
1679
1394
1525
1193
663
2542
1615
270
2654
740
1771
676
1842
1501
1770
1701
902
2824
1905
2756
937
2798
2095
293
1146
2938
2036
1165
2284
2675
1616
985
2204
595
2195
2539
2522
2874
792
2939
432
1086
622
2589
2132
81
2688
1237
537
2007
2169
1350
764
2311
712
2028
2769
2443
733
1753
550
443
2495
2873
2012
78
406
166
1575
2811
321
1712
1717
381
862
2251
2544
680
575
594
1760
2515
2353
63
1794
1134
2717
2781
2361
1657
1274
2117
2533
465
894
2685
1459
852
2073
707
354
1150
1987
2182
2762
1151
70
2463
607
1731
1646
2331
1812
579
664
568
2247
429
208
807
449
259
1677
188
1967
482
1930
1004
323
1318
2157
1973
770
103
195
1821
2750
2911
1506
1789
498
46
2857
39
1676
1397
207
1284
1212
718
1010
2829
2705
2701
1714
875
2241
962
13
901
2372
1009
1030
2921
1757
1035
1509
904
1021
980
1474
2752
1685
269
2126
1747
1217
88
1581
2790
1108
2256
1487
2869
1632
2932
1742
317
1869
2689
1036
6
485
1492
1503
830
363
2149
1862
667
125
2278
2470
495
1605
218
612
2306
1921
2487
475
975
2722
1730
1893
1124
274
1604
128
1317
2475
959
2442
1736
2787
318
2757
439
2465
1496
2233
66
2445
1302
2771
805
502
2711
2925
1262
1734
1384
996
230
1463
737
1584
2693
1541
618
750
690
2025
16
906
338
225
56
1160
486
2607
316
286
944
1898
1988
1889
2799
2468
2695
298
1638
1473
2293
885
515
788
886
126
2559
2092
1656
59
1090
2453
1805
2011
2189
1047
2216
83
2524
143
1868
1026
343
2153
483
2309
2646
715
933
695
65
491
696
1974
174
603
2008
2347
1297
1390
1156
1613
2915
1582
1363
1381
2748
2471
741
1777
2091
493
199
61
396
1918
144
2103
1896
1314
2774
2298
2462
133
181
1505
2483
1358
2650
1839
1250
1641
2890
584
1260
1362
766
1662
1626
669
157
1735
2733
2561
2766
1006
2575
2137
2276
836
276
1857
197
1027
2318
561
2902
1014
1351
29
699
2341
2281
275
1017
1551
2680
1066
1634
2244
2084
2167
1032
2455
1545
939
1912
113
1971
1606
79
2696
2390
2388
141
45
1357
1975
2074
135
1448
2401
2498
2779
949
1226
1523
2796
661
592
2187
2181
1309
1454
2786
2055
1206
23
473
1061
1914
2856
2514
2303
1011
2814
704
2398
573
123
2871
2198
1273
2653
2043
442
1887
102
2647
1725
2320
672
1161
2910
2194
768
2304
97
314
1516
787
942
1665
1612
1625
2499
2431
2402
1265
264
266
300
411
1235
1511
2102
2018
857
1846
2543
2042
2104
948
2906
640
1820
872
72
2434
1953
1956
1942
209
105
2286
2125
477
716
370
2547
1939
1513
2089
686
2828
634
2703
1215
1490
847
2078
418
1239
172
2496
19
2839
1667
330
2019
1074
2690
1089
2645
989
2429
1655
2901
58
1901
2597
353
1424
1908
1470
2248
1847
910
2022
2741
36
776
2164
1815
726
545
2267
657
512
2616
1864
1866
2065
553
2849
870
2261
136
1790
1436
282
1469
2213
843
2712
2377
2264
2881
15
358
969
84
2594
54
2886
552
336
2312
829
566
1419
1804
2002
1300
2840
1776
2134
2912
255
476
1642
2110
1477
1078
160
2808
1336
1025
1543
698
497
204
1848
2513
2172
2710
934
1450
2720
1531
1808
169
1391
1053
2492
789
267
953
654
2941
436
1055
1693
268
1922
1991
1552
30
2066
1751
1376
642
419
1589
1169
571
2708
1392
656
2364
2302
1291
650
2576
2029
1229
626
40
929
2517
1255
925
1639
1465
2294
1672
379
1175
433
206
2003
526
1263
2452
1312
1020
263
2758
2931
1698
2677
2885
2591
106
1345
2397
2578
2928
2297
1593
1346
1697
1566
35
2221
421
1840
960
201
1330
851
2201
488
521
2549
151
2735
1282
1478
2832
1220
1360
1766
388
1003
1101
1076
588
256
767
472
583
1270
803
2797
2225
2804
361
1139
481
1580
1088
1341
2412
57
1872
780
758
2144
1331
1102
1166
710
1293
1060
2258
1533
846
180
2866
2316
203
878
2269
1254
2419
2772
1111
1388
2129
2585
2846
32
1142
2935
1426
966
458
2783
908
864
74
2151
576
1272
799
1386
2785
616
11
312
990
2051
666
1200
1443
2411
322
2638
2780
2815
2433
2365
1120
1340
747
818
1126
1962
538
790
1398
2274
1145
1970
2332
1069
691
586
2491
678
1344
325
697
814
1434
239
1216
889
1457
1414
1831
2076
1913
1247
2130
1475
412
1480
392
2760
775
2382
232
675
170
2478
2564
2541
2430
2940
763
1119
702
772
1306
1225
1871
1227
1281
1571
2504
1659
1850
1428
2936
1673
880
1316
212
2474
2577
693
1738
2184
1843
2277
2240
2844
1844
810
1538
1663
1834
665
1311
558
2872
2823
403
2923
1882
211
1493
1947
2678
2606
112
2862
1379
1008
156
967
417
1315
2610
2357
198
302
1075
508
158
134
130
1483
2044
1961
1909
745
1018
2131
24
2768
2200
2234
2794
1876
992
2217
2655
991
817
717
1959
2553
333
1180
107
1446
1640
2449
761
1181
1246
1799
452
1240
2413
98
2113
287
860
2535
1599
2280
625
1000
701
2608
1135
1607
714
529
427
1563
924
2186
2737
2058
2791
2212
2714
1107
984
2924
2389
1591
1393
1978
1416
2484
1159
1252
2387
623
709
1944
2789
1597
64
1339
1296
2818
2500
917
2271
2834
1005
1232
742
2379
2729
2905
2510
528
957
1173
1704
2630
2586
1080
1500
2536
2532
641
2537
892
1243
1682
1040
1399
2112
2350
18
898
459
801
2079
2864
970
344
1054
2282
1522
871
1705
685
2755
1230
1098
1245
610
1121
2191
866
2572
832
2087
1365
2511
2914
882
2644
299
670
307
1544
2464
401
507
2249
1407
2917
402
2619
346
1767
2554
1855
468
389
2159
2611
108
1128
1228
257
2764
1207
589
2371
2115
8
2497
1491
2005
362
2337
2530
1969
308
2196
2330
1675
1269
1926
2626
777
1590
1485
2437
1778
1147
1244
1745
1636
2272
746
397
1096
2893
2658
797
1798
2349
2563
2222
435
978
2803
2830
2847
1573
1806
2827
1138
2438
2285
2421
643
620
2448
2283
424
1041
683
420
1037
2215
784
359
1241
37
2050
2405
1504

