1 1
2 0
3 1
4 1
5 1
6 0
7 1
8 0
9 1
10 0
11 0
12 0
13 1
14 1
15 1
16 0
17 1
18 1
19 0
20 0
21 0
22 0
23 0
24 0
25 1
26 0
27 0
28 1
29 0
30 0
31 0
32 1
33 1
34 0
35 0
36 1
37 1
38 0
39 1
40 1
41 0
42 1
43 1
44 1
45 0
46 1
47 1
48 1
49 1
50 1
51 1
52 1
53 1
54 1
55 1
56 1
57 0
58 0
59 1
60 0
61 0
62 0
63 0
64 1
65 1
66 0
67 0
68 1
69 0
70 0
71 0
72 1
73 0
74 1
75 0
76 0
77 1
78 0
79 1
80 0
81 1
82 1
83 1
84 0
85 1
86 0
87 0
88 1
89 0
90 1
91 1
92 1
93 0
94 1
95 0
96 1
97 0
98 0
99 0
100 1
101 1
102 1
103 1
104 1
105 1
106 0
107 0
108 0
109 0
110 0
111 0
112 1
113 0
114 1
115 1
116 0
117 1
118 0
119 0
120 1
121 0
122 0
123 0
124 0
125 1
126 1
127 1
128 0
129 1
130 1
131 1
132 0
133 0
134 1
135 1
136 1
137 1
138 0
139 0
140 0
141 1
142 0
143 1
144 1
145 1
146 0
147 0
148 1
149 1
150 1
151 1
152 1
153 1
154 0
155 0
156 1
157 1
158 0
159 0
160 1
161 1
162 1
163 0
164 0
165 1
166 1
167 1
168 1
169 0
170 0
171 0
172 0
173 0
174 0
175 0
176 1
177 0
178 0
179 1
180 1
181 0
182 0
183 1
184 1
185 0
186 1
187 1
188 0
189 1
190 0
191 1
192 0
193 1
194 0
195 0
196 0
197 1
198 1
199 1
200 1
201 0
202 1
203 0
204 0
205 1
206 1
207 1
208 1
209 0
210 1
211 1
212 0
213 1
214 0
215 0
216 0
217 1
218 0
219 0
220 0
221 0
222 1
223 1
224 1
225 1
226 1
227 1
228 0
229 1
230 1
231 1
232 1
233 0
234 1
235 1
236 0
237 0
238 1
239 0
240 1
241 1
242 1
243 1
244 1
245 1
246 1
247 0
248 1
249 1
250 1
251 1
252 1
253 0
254 0
255 0
256 1
257 0
258 0
259 1
260 1
261 1
262 0
263 1
264 0
265 0
266 0
267 0
268 1
269 0
270 0
271 0
272 1
273 1
274 0
275 1
276 0
277 1
278 1
279 1
280 1
281 0
282 1
283 1
284 1
285 1
286 0
287 1
288 1
289 0
290 1
291 1
292 1
293 1
294 1
295 0
296 0
297 1
298 0
299 0
300 0
301 0
302 1
303 0
304 1
305 1
306 1
307 1
308 1
309 1
310 0
311 1
312 1
313 1
314 1
315 1
316 1
317 0
318 1
319 1
320 0
321 0
322 0
323 0
324 1
325 0
326 1
327 1
328 1
329 1
330 1
331 1
332 1
333 1
334 1
335 0
336 0
337 1
338 1
339 1
340 1
341 0
342 0
343 0
344 0
345 1
346 0
347 0
348 1
349 0
350 0
351 1
352 1
353 0
354 0
355 1
356 1
357 1
358 0
359 0
360 1
361 1
362 0
363 0
364 0
365 1
366 1
367 1
368 0
369 1
370 0
371 1
372 0
373 1
374 1
375 1
376 1
377 0
378 0
379 1
380 1
381 1
382 1
383 1
384 1
385 1
386 1
387 1
388 0
389 0
390 1
391 0
392 1
393 1
394 1
395 1
396 0
397 0
398 1
399 0
400 1
401 1
402 0
403 0
404 1
405 0
406 0
407 1
408 0
409 1
410 0
411 1
412 1
413 0
414 1
415 1
416 1
417 0
418 0
419 0
420 1
421 1
422 0
423 0
424 1
425 1
426 1
427 0
428 0
429 0
430 1
431 0
432 0
433 1
434 1
435 1
436 1
437 0
438 0
439 1
440 1
441 1
442 1
443 1
444 0
445 1
446 1
447 1
448 1
449 1
450 0
451 0
452 0
453 0
454 0
455 1
456 1
457 1
458 1
459 0
460 1
461 0
462 0
463 1
464 0
465 1
466 0
467 0
468 0
469 1
470 0
471 1
472 1
473 0
474 0
475 0
476 1
477 0
478 0
479 0
480 1
481 1
482 1
483 0
484 1
485 1
486 1
487 0
488 1
489 1
490 0
491 1
492 1
493 1
494 1
495 0
496 0
497 1
498 1
499 0
500 1
501 1
502 1
503 0
504 1
505 0
506 1
507 0
508 1
509 0
510 0
511 0
512 1
513 0
514 0
515 1
516 1
517 1
518 0
519 1
520 1
521 0
522 1
523 1
524 1
525 0
526 0
527 1
528 0
529 1
530 0
531 0
532 0
533 1
534 1
535 0
536 0
537 1
538 0
539 1
540 1
541 0
542 1
543 0
544 1
545 0
546 1
547 0
548 1
549 0
550 1
551 1
552 1
553 0
554 0
555 1
556 1
557 1
558 1
559 0
560 0
561 0
562 0
563 1
564 0
565 1
566 0
567 1
568 0
569 0
570 0
571 1
572 0
573 0
574 1
575 0
576 0
577 1
578 0
579 0
580 0
581 0
582 0
583 0
584 0
585 0
586 0
587 0
588 0
589 0
590 0
591 1
592 0
593 1
594 0
595 1
596 0
597 1
598 0
599 0
600 0
601 0
602 1
603 0
604 0
605 1
606 1
607 1
608 1
609 1
610 1
611 1
612 0
613 1
614 1
615 1
616 0
617 0
618 0
619 1
620 1
621 1
622 1
623 1
624 0
625 0
626 1
627 0
628 1
629 1
630 1
631 1
632 0
633 1
634 1
635 0
636 0
637 1
638 1
639 1
640 1
641 0
642 0
643 1
644 0
645 1
646 0
647 0
648 1
649 1
650 0
651 0
652 0
653 1
654 1
655 1
656 0
657 1
658 1
659 0
660 1
661 0
662 1
663 0
664 0
665 0
666 1
667 1
668 1
669 0
670 1
671 1
672 1
673 1
674 1
675 0
676 1
677 0
678 1
679 0
680 1
681 0
682 1
683 0
684 0
685 1
686 0
687 1
688 0
689 0
690 1
691 1
692 1
693 1
694 1
695 1
696 0
697 0
698 1
699 0
700 1
701 1
702 0
703 1
704 1
705 0
706 0
707 0
708 1
709 0
710 0
711 0
712 0
713 0
714 0
715 0
716 1
717 1
718 0
719 1
720 1
721 0
722 0
723 1
724 0
725 1
726 1
727 1
728 0
729 0
730 1
731 1
732 1
733 1
734 1
735 0
736 0
737 0
738 0
739 1
740 0
741 1
742 0
743 0
744 0
745 1
746 0
747 0
748 0
749 1
750 0
751 1
752 1
753 0
754 1
755 0
756 1
757 1
758 0
759 0
760 1
761 1
762 0
763 0
764 0
765 1
766 0
767 0
768 1
769 0
770 1
771 0
772 1
773 1
774 0
775 1
776 1
777 1
778 1
779 0
780 0
781 1
782 1
783 1
784 1
785 1
786 0
787 1
788 1
789 1
790 0
791 1
792 0
793 0
794 0
795 1
796 1
797 0
798 1
799 0
800 0
801 0
802 1
803 1
804 0
805 0
806 1
807 0
808 0
809 0
810 1
811 1
812 0
813 0
814 0
815 0
816 1
817 0
818 0
819 0
820 1
821 1
822 1
823 1
824 1
825 0
826 1
827 0
828 0
829 1
830 0
831 0
832 1
833 0
834 1
835 1
836 1
837 1
838 0
839 1
840 1
841 0
842 0
843 1
844 0
845 1
846 1
847 1
848 1
849 0
850 1
851 0
852 0
853 1
854 1
855 1
856 1
857 1
858 1
859 0
860 0
861 0
862 1
863 1
864 1
865 0
866 1
867 0
868 1
869 1
870 1
871 1
872 1
873 1
874 1
875 1
876 1
877 1
878 1
879 0
880 1
881 1
882 0
883 0
884 0
885 1
886 0
887 1
888 1
889 0
890 0
891 0
892 1
893 1
894 1
895 1
896 1
897 0
898 0
899 1
900 0
901 1
902 1
903 0
904 1
905 1
906 0
907 1
908 0
909 0
910 1
911 1
912 0
913 1
914 1
915 1
916 1
917 0
918 1
919 0
920 0
921 0
922 1
923 0
924 1
925 1
926 1
927 0
928 1
929 0
930 1
931 1
932 1
933 1
934 0
935 1
936 1
937 0
938 1
939 1
940 0
941 0
942 1
943 0
944 0
945 1
946 0
947 0
948 1
949 0
950 0
951 1
952 0
953 1
954 0
955 1
956 1
957 1
958 0
959 0
960 0
961 1
962 0
963 0
964 1
965 0
966 1
967 1
968 1
969 0
970 1
971 0
972 0
973 0
974 0
975 1
976 0
977 0
978 1
979 0
980 1
981 0
982 1
983 1
984 0
985 1
986 1
987 1
988 0
989 0
990 1
991 1
992 0
993 1
994 0
995 1
996 1
997 1
998 1
999 0
1000 0
1001 0
1002 1
1003 1
1004 1
1005 1
1006 0
1007 1
1008 0
1009 1
1010 1
1011 0
1012 0
1013 1
1014 1
1015 1
1016 1
1017 1
1018 0
1019 1
1020 1
1021 0
1022 0
1023 0
1024 1
1025 0
1026 0
1027 0
1028 1
1029 1
