2198
751
795
2149
320
756
1821
797
1333
1591
2419
667
2086
2156
1435
992
14
1023
2568
1005
2548
1963
2291
2302
2782
1320
2617
1489
2813
857
311
465
515
579
1277
2731
1774
219
289
1619
1405
138
2033
1027
2761
2223
2274
2906
1157
2148
755
1812
2037
2391
912
2147
453
2195
917
1070
1016
1400
2599
2811
2219
2083
2293
1150
1384
447
1863
1520
2655
2937
410
1965
2360
955
1842
2552
2189
2751
1154
1617
419
297
100
1695
1826
2229
1190
361
989
1641
1247
53
2592
1631
2681
1825
2116
2880
2478
950
2012
741
2865
456
1131
171
2235
402
1572
588
2117
1598
890
553
597
2729
815
828
434
1609
2343
390
1780
962
155
1271
2252
48
748
2367
202
253
2921
1892
761
353
2048
808
244
738
71
2517
1620
905
2629
2722
2491
1279
1423
2903
2205
2112
1074
1069
2611
665
1505
517
2232
949
2665
223
2760
2653
570
432
668
826
194
227
1815
2600
2898
2348
542
2507
1017
1071
1622
2866
341
835
1555
1544
2458
2852
2379
2411
1834
372
2737
336
2541
2686
2340
1179
1219
1084
2465
114
2052
482
658
678
1975
2113
739
1540
142
878
91
1937
2416
1791
1019
2483
1872
364
1843
2024
357
131
267
2863
1020
504
2216
2847
1235
2122
1860
1900
733
2723
301
1156
1015
2334
2941
2519
1558
993
618
1810
1122
1869
2203
249
2931
1095
1998
27
235
2392
467
549
754
2331
52
102
210
1375
2455
2108
1844
827
1237
1803
926
2690
2753
2490
1068
1603
2745
484
2595
2320
291
1096
1808
1954
2288
1950
1575
2514
457
1908
1746
150
1295
2032
2090
1708
2034
2789
1155
1119
2264
2768
1106
1480
2872
1637
894
1729
1955
2783
256
1567
1266
1259
1830
1681
1143
1086
952
1363
694
1777
2413
502
575
2384
373
1239
2571
2087
2499
713
1716
1492
864
2834
2546
2476
19
609
79
1799
1361
697
1731
349
1704
2739
1491
2435
2508
1076
2119
1444
1794
2442
2699
2763
2166
491
1944
450
2016
766
95
858
1564
1973
333
2159
2913
1014
1334
2240
2000
1604
2181
215
1123
1993
2014
1208
2918
381
2762
1582
2138
1164
2929
2785
1299
2254
617
2352
646
876
2672
2373
2826
1478
4
893
1255
2500
292
2679
499
2714
1281
2397
269
2639
328
2250
1502
1293
2466
1394
2634
2482
1236
1420
1904
774
655
1701
1401
44
1680
660
315
1823
814
415
920
2404
598
1077
1184
2578
1845
1771
1543
642
368
1192
1287
197
1351
181
89
700
816
2706
479
2853
2646
1570
728
2494
351
2226
593
211
1488
1958
262
1450
2433
5
2075
1533
257
16
2715
2285
2344
1913
1018
2523
2771
1936
1040
2408
935
1506
1357
404
2512
1512
437
1145
967
1434
1761
2385
885
1003
111
2544
1889
821
362
2157
1152
129
423
2876
2023
2574
1484
1562
26
45
1065
2883
1493
2671
875
1469
1475
2609
2704
2431
1002
2882
2922
1370
939
1012
903
126
2497
1067
2191
536
1623
2261
600
624
2486
1408
2605
583
1429
509
2814
1120
1979
220
1795
2684
1560
1092
1355
1829
1128
1732
589
2807
710
2767
1661
441
2287
889
932
2401
1483
633
1689
2591
2695
1517
621
1547
518
770
396
1203
1431
295
1698
1215
2910
1486
1824
300
2709
2844
2797
174
335
1377
1490
1280
2504
990
250
798
2329
911
2443
512
1712
1989
158
408
944
1978
69
2152
265
176
2270
2919
1583
1976
573
1089
1470
1249
216
2899
345
399
258
1577
106
1809
50
2311
1481
2170
2636
557
957
1356
403
41
1822
145
2070
1182
2337
2215
1816
1442
994
54
2132
1209
1720
325
2079
568
414
1149
474
1388
1897
2071
1833
98
1254
1736
1140
1191
659
2225
1574
144
178
1344
2580
1462
898
1166
528
2339
2698
2582
2043
1903
866
1696
1302
1996
2889
1596
1587
1588
65
1085
198
2496
845
2710
1730
74
2539
1043
722
2269
2445
1613
2860
838
2051
1778
2902
1311
1650
2735
1454
1046
2685
2608
2708
2316
36
1576
1656
1724
1674
2356
303
2855
1511
567
182
2765
2029
2905
1409
2750
1026
2077
680
238
969
2520
647
2697
2809
141
2587
652
1039
2720
2776
1142
1785
2200
1163
547
1759
2092
1294
1580
168
628
18
1109
2234
2543
744
1078
369
942
2713
2527
1072
771
28
1593
1715
82
1952
332
1054
734
1473
1034
1341
1707
2926
371
1756
983
148
1024
1285
780
1653
850
1439
424
393
2724
699
1797
20
321
188
2712
970
1657
2134
1328
11
2707
806
2193
2407
2691
877
2917
2687
638
2842
1901
1545
2118
231
2589
1626
1441
2448
1503
913
1223
2515
2749
1276
1745
2901
1589
382
40
2808
1702
782
1628
2915
1571
23
1468
545
1022
2736
745
2835
2301
1049
1415
682
2078
1278
1402
1350
1438
1737
2612
367
823
1008
707
1667
296
522
711
785
1466
837
2228
1597
1968
124
2174
1242
1930
260
2289
2347
1252
159
1305
1634
732
2046
767
620
703
1114
2322
61
1717
31
1416
2127
1664
39
225
153
1663
648
531
140
283
2131
824
1910
1359
1148
709
2462
788
2403
619
2799
132
1427
895
1499
929
1920
2772
2429
2282
222
2249
2123
1284
2787
395
193
749
2207
125
2831
67
595
1839
2492
847
715
2907
2266
2622
2613
2146
1282
2345
1879
2141
1354
2555
377
746
177
2042
884
1690
2459
1500
1757
580
2794
378
615
1881
195
1061
1433
2114
1233
532
1253
1581
128
1135
233
2688
1231
2561
1206
375
2192
1741
38
2214
551
458
1639
1762
2257
2764
192
753
1675
2230
672
339
925
1180
656
405
2158
1811
789
813
2248
651
488
849
1198
737
1100
2439
2026
2357
945
1999
657
556
326
77
2045
1246
2551
2696
1648
2308
2260
958
1691
2631
566
603
51
1527
778
2304
2204
978
2680
801
490
1725
1270
46
2452
413
2035
1820
1244
1458
2001
1612
154
1984
2276
1194
205
412
2125
2893
605
2621
62
2818
793
1343
2450
454
452
1268
58
49
951
1497
1763
1175
1962
190
2233
2028
631
591
2393
1288
1982
2802
2904
1813
1319
1264
242
2503
799
2678
673
2076
560
2667
2018
1045
2273
2124
2887
1460
1947
1787
1513
552
2479
2047
2355
1417
2275
2324
2456
653
974
228
802
1485
1665
2299
1981
213
1124
2705
526
724
839
1786
1079
1853
525
2350
1673
1347
1062
63
2441
510
270
2511
2271
1985
558
627
196
29
705
544
818
1138
1723
2526
2467
2575
2057
431
2317
2879
1178
460
2073
2586
418
1911
1537
594
59
2474
322
1893
1875
1373
2620
1112
1658
1137
165
1783
960
439
324
1216
103
232
677
1139
55
226
156
1146
2755
1776
523
84
146
961
2121
1337
2786
2102
688
1525
2098
2792
943
2594
1107
2471
109
275
13
2759
2626
1004
948
281
2746
2719
2538
1646
1169
97
1970
562
7
429
963
2161
1671
1474
112
2633
592
1172
1669
1767
584
10
2914
1430
1329
2423
66
720
2444
1507
2778
1141
977
2369
1449
1432
954
2424
501
85
1760
93
1116
2417
909
1269
70
1029
2577
1389
344
2870
1635
2579
2323
1530
2327
2923
167
1476
1006
2372
2255
2354
1764
2675
2383
1158
968
237
1606
1353
1177
1205
520
1864
2140
2900
1925
2498
1590
695
2168
2428
578
2366
166
1262
2065
2674
1193
2700
1735
1922
868
2588
2136
2669
772
212
2816
776
2336
1987
1718
2126
1943
590
1134
495
1594
964
1858
787
8
2007
1396
1563
2415
2292
2823
2862
1267
2742
2647
1524
2769
24
1446
930
2036
2596
2614
524
882
719
855
1274
469
1225
1413
2470
428
1051
869
2694
1243
791
832
2421
831
1374
498
420
1301
2645
569
1199
2625
2908
1831
981
356
1880
1245
1516
117
2896
2661
2850
2781
2175
1300
1011
881
1240
2371
2657
104
1101
2822
908
602
900
1073
1643
1817
1036
1961
2841
68
1058
2488
1866
81
57
2162
229
331
2487
160
1703
246
392
2766
921
496
2218
1042
272
2871
2171
2810
1210
1407
64
1315
972
1734
500
400
546
2558
2129
374
286
2446
2227
606
316
670
1569
1411
398
1573
2272
918
988
483
2318
1362
1632
2064
252
218
1662
346
1115
2851
2812
2726
189
1214
541
264
1117
1859
2332
1461
1711
3
836
1629
2563
1739
506
1459
2888
1556
2068
1713
47
1742
1372
834
290
379
982
811
2194
1498
817
608
2912
1792
1064
401
1332
1902
2911
2473
1692
2179
2890
1292
2295
1104
2662
2668
511
462
2013
22
840
2358
2554
786
2510
1418
2693
1933
2692
991
2212
859
1529
1827
2593
2570
120
1168
209
1887
1365
121
2886
622
1926
2281
1422
298
327
2130
1819
726
1031
2489
1088
1263
406
863
214
2711
1187
1261
1425
387
2801
1848
2326
2567
2881
263
807
6
2560
1584
2930
2382
1654
2758
2806
2788
1368
1652
852
1421
2409
1201
706
607
2325
2824
1313
2388
280
1386
2060
1599
679
2938
2081
422
2838
1087
1032
87
910
1750
934
2682
2540
976
614
2110
268
207
1256
1013
2058
466
1202
1660
550
760
2506
2167
2867
2864
1391
548
1755
1814
80
2165
461
1232
1738
2315
2155
2427
1888
937
1367
172
1921
2362
862
1318
1183
1611
2224
1536
2184
277
650
775
812
2395
282
2220
2099
2015
2743
1945
514
1605
687
2303
540
1059
2394
860
329
1940
1033
758
692
1465
115
1687
626
1273
407
1195
276
468
42
1452
2891
916
1788
880
1094
2425
2909
2128
1382
736
664
287
1586
1837
1037
477
803
1854
985
928
2522
879
1773
1557
833
1683
1317
810
1990
2817
2176
2547
1867
1082
319
2142
856
2
1379
2877
2410
2190
610
684
842
383
2716
2518
1534
78
2221
2559
1765
1110
2021
915
1595
1091
1222
1727
2054
1559
933
2451
704
641
2775
1185
2702
1546
2660
1744
714
2798
2103
2333
2256
563
611
2658
623
1227
2381
1800
1553
494
446
191
2525
507
2728
998
101
1436
294
888
2434
1877
2641
923
1579
2245
956
1385
613
2062
2310
2259
1371
1207
2164
637
762
582
107
318
1688
1136
416
2565
630
1934
206
1870
1841
2744
931
708
2650
1132
2623
224
906
1108
1967
2827
1514
1081
1710
354
133
1303
1883
2056
2939
2734
640
1366
645
2557
92
1307
2607
1802
2088
37
2849
180
1339
886
1752
2933
1151
273
794
1672
1044
137
936
1959
2521
2296
1693
2663
537
234
2569
2173
2825
1907
2400
184
729
1314
1448
343
2701
472
521
363
2377
34
83
873
2535
851
1699
2676
1080
2095
979
625
1224
2059
1706
2236
2313
2279
2353
539
634
2457
1542
1380
764
134
2263
1322
90
1358
721
1625
2390
1548
1360
698
2619
1056
2717
1655
953
342
1856
1297
455
492
2242
1160
1336
2061
2935
2231
2885
127
743
781
2727
1539
1550
516
2791
2598
599
790
2677
2828
30
2160
2833
686
2610
1055
1286
2440
2297
639
2683
2211
1472
1644
1118
0
1342
2804
2145
555
535
1549
2481
2616
1456
366
478
2940
2803
444
1443
959
891
1103
1310
2627
899
417
689
2777
2740
2389
1321
2932
1229
1165
1659
1147
2472
773
2618
1592
1885
1618
2151
1747
1630
1289
946
822
2243
685
1093
1248
135
2884
73
1171
1213
2757
248
200
2031
2330
1775
947
986
1200
635
1566
1376
1753
2307
765
2859
701
1010
1383
350
1176
1769
157
587
1995
2038
1551
2635
1528
725
2338
2185
247
427
1818
747
389
1399
288
1327
2107
768
1627
1001
2237
99
1009
2169
9
2537
854
1053
1857
2573
1508
2784
844
485
1743
1807
1364
2454
2463
1927
2644
1265
2528
1840
1779
489
690
2420
1633
241
308
152
1740
1369
2502
1523
2550
1275
451
1694
1868
1518
2643
1855
2468
2453
72
2241
2253
1048
169
897
2738
867
1047
1406
411
601
1445
1624
2208
1331
1308
1876
2602
2265
110
2186
2044
530
384
1805
902
2848
2280
254
1678
433
2800
1526
2262
784
1852
2927
663
1850
565
1463
317
2365
1538
2278
2153
1412
2673
1966
2756
1615
2387
2251
2206
448
1105
1986
1686
1063
1007
2604
1832
1749
2733
769
1159
2820
2615
186
476
927
1410
1296
853
293
1030
1161
352
385
337
306
330
586
2055
691
2335
1649
2197
1956
1861
471
21
1509
2341
473
2774
1121
2585
2426
1440
527
1238
2135
1719
742
1228
1916
2399
1335
2096
443
2290
1585
1666
1610
2011
1766
1676
2878
2050
636
2770
2328
571
2603
1257
779
861
2469
750
1099
1102
430
1974
391
1906
1847
1969
2063
2072
380
1541
503
2892
2843
2832
1330
2815
2027
359
2549
792
2305
255
1455
848
25
1479
1640
941
1304
310
1028
777
285
251
1980
199
581
2780
1602
2053
2368
629
1531
2312
1197
2422
475
2856
1283
236
2178
1153
1918
1790
435
1381
1957
1170
2283
75
2747
2752
1066
425
2924
1144
230
1130
2505
2375
1251
163
2180
1651
662
1390
1895
1917
309
2581
2531
1447
2277
464
922
1836
1806
887
2477
1941
486
696
2298
1535
348
965
576
2004
1393
730
757
32
865
1464
2154
2213
2105
2217
2199
1075
2449
2319
809
2854
1052
2501
907
1340
2805
2839
1700
940
2584
2529
139
1428
1515
201
445
2638
2188
1891
409
2321
1600
43
666
505
1935
1181
1733
1770
1804
1798
33
2438
1487
113
2005
1682
1325
1414
752
56
2268
1127
2378
1679
1971
2314
2793
1041
2306
2754
2398
347
240
759
2246
2041
2640
1338
1871
179
2309
1204
829
892
2601
846
96
173
2396
995
973
2858
2484
2651
1217
2267
278
1721
1174
1638
259
2406
397
2196
938
2894
676
1873
2244
151
2534
2139
1835
149
999
323
1212
716
914
1846
143
2649
2006
2821
1234
1670
2202
1948
1919
2542
123
1316
1397
1309
1931
17
1894
365
1988
534
2925
88
975
1722
1768
2405
2376
2030
1754
1784
1709
1291
669
1828
1398
519
2101
2239
904
1457
1419
2916
574
221
2725
1021
1728
271
2576
1607
86
2351
604
2830
508
2536
2040
2936
480
2873
493
1923
1196
1793
763
2703
1912
1471
1960
2342
1953
2648
1226
2349
1000
1939
2748
2461
2143
1994
2002
481
740
800
261
2796
1348
2106
2516
2085
702
1126
2017
1482
2414
2201
2836
307
1312
2652
1250
2928
2067
1162
2920
108
644
1349
1496
360
2069
971
1642
1932
2100
984
2294
1125
1188
2437
1726
1230
2632
2364
2120
1260
35
2039
2654
119
355
896
1997
1272
1616
1796
1608
1050
2115
2597
2670
2177
561
185
2447
2530
996
2475
2022
1909
1346
1668
2689
1838
1929
1865
15
2464
1451
1173
612
1949
1636
2094
1167
116
712
2556
1504
2524
1991
2790
94
1060
2513
2545
901
2430
804
1324
1352
2183
1387
243
2606
2109
1884
1133
1946
2485
2210
2066
1705
2436
1851
497
1983
632
2222
449
572
2359
2628
643
2374
2025
2869
1772
987
305
2361
2666
1789
1782
2386
1849
966
538
338
2418
2144
559
302
874
2837
683
245
1392
2172
1781
2150
1924
870
2566
2642
1874
1532
513
1025
1942
1878
284
130
2562
2097
723
1561
2895
459
1326
1886
654
2732
1601
675
312
299
313
2664
1801
1189
2868
2493
122
872
924
2370
1404
2080
470
1862
718
2857
2480
2773
1403
2795
1992
783
1915
1568
883
2718
2840
1477
358
2019
334
919
980
1437
136
1938
1758
1951
2363
543
830
2284
2412
2564
554
1578
2874
1495
1685
388
1914
1614
997
1113
2819
2402
1521
727
2590
2583
1
2238
2659
187
717
1714
805
1522
1083
1098
1378
386
1345
2532
1501
266
1241
76
164
1035
661
161
2049
1453
577
2861
162
1211
825
1905
438
1890
735
1972
1565
170
2495
2082
105
1554
2721
2104
2845
2133
1306
2009
2741
1494
2010
487
1896
2286
2553
436
2460
12
463
841
796
1290
1899
118
440
2656
1097
2074
239
2779
147
649
2624
2091
203
2533
1977
2897
2111
1645
1426
2572
674
1395
2008
274
1298
1684
596
2182
820
314
1748
1510
2209
2258
421
871
1218
2846
2637
2509
1090
819
671
681
1697
1424
1186
2020
340
1898
279
2875
175
1928
2084
2163
585
1677
2300
60
529
442
370
2432
616
2630
1519
376
394
1221
1111
426
1129
204
693
2093
1057
1467
2089
304
1323
2380
2187
843
217
1882
1751
2247
1647
731
208
1552
2730
1220
183
1964
564
2137
2829
2003
1038
1258
1621
2934
2346
533

