872
1992
195
1426
1577
1298
26
2409
847
1659
345
1497
1309
1222
1098
381
2707
2851
1847
2303
2337
177
1721
1678
1472
893
1416
2538
2604
1775
2076
463
1655
1498
1456
197
67
719
542
2728
822
327
2131
245
2231
566
367
1911
911
2318
150
1066
344
200
2567
2410
355
1904
1809
620
1273
1156
1377
2621
2743
1169
1587
23
2608
1760
1440
1858
2476
1918
2890
1835
1626
25
2534
146
2939
1811
449
1386
1457
1004
2297
2165
1207
2894
745
865
2607
1239
2770
89
2319
935
982
892
2474
650
903
1134
2414
1218
2379
2292
455
504
1296
2554
732
2044
2294
2285
1387
1582
567
2522
503
1288
2056
692
2927
2265
1022
48
2020
294
2027
2173
1512
1480
1060
1499
600
347
901
41
2644
1853
1565
989
1657
1343
1342
1306
1234
2796
49
2788
2738
37
1206
1719
2185
2457
2797
38
700
1410
1627
676
686
2769
803
1604
2136
2281
1624
1789
10
669
2320
1263
1958
2057
1793
691
1455
1525
2070
2347
403
114
1059
749
1972
1741
1178
1284
2876
2029
1770
585
462
2192
1813
2763
2502
2845
1710
1012
306
1975
2931
219
1054
517
252
253
221
925
579
2611
1270
991
1322
1259
2859
1360
2442
2571
674
874
1850
933
2086
479
2206
169
2785
1935
1346
706
640
1095
1379
1048
783
797
2784
24
1219
1141
1648
713
2240
794
1576
2840
380
91
493
827
2822
2019
1868
225
2387
1361
2615
1702
1973
139
1848
2934
1832
1238
246
1478
2843
631
188
708
2915
271
71
2519
1005
2049
2404
2600
2229
2584
2889
587
2798
2748
2374
2809
2576
2283
1422
2473
678
2097
1102
1670
270
1652
1453
2074
1199
2380
1053
1724
2271
842
295
2151
2676
755
2750
2328
2135
1774
2849
1886
1745
1316
2505
2087
2191
2054
2287
1423
747
2829
2878
160
282
1240
1047
15
142
1531
121
1707
1068
379
927
922
1355
1784
2516
317
1352
2879
1900
740
2037
2061
928
2188
2339
1295
2448
140
532
1756
2580
778
1751
2028
2597
2551
431
2907
2160
1396
2589
2727
1432
1852
47
2742
2060
124
1747
2774
673
168
921
1697
54
1995
1773
2438
789
1185
2646
2256
2127
1550
2746
167
1454
618
1820
512
1090
2357
2441
2732
322
612
1025
835
2468
2487
2216
2295
2524
656
2565
712
324
2804
1700
2507
2717
689
2045
428
51
1076
1914
919
266
2640
230
593
1641
434
1600
378
1823
1100
193
2617
1445
721
2035
2147
733
602
1175
84
1397
513
1221
2759
1463
720
1226
2345
9
291
891
1305
2211
59
2102
2262
33
2775
2278
786
2910
2543
1511
882
1437
276
2513
1428
877
1808
2680
1286
2059
395
1354
509
1393
2635
2004
505
1928
1726
779
2772
191
358
2195
2420
1424
2725
2324
2432
13
2900
20
2591
1057
1953
771
850
744
2801
2249
1699
500
2008
829
1505
2642
1121
1556
2464
2687
480
1402
2735
965
2701
820
329
1492
377
162
476
2718
366
522
2627
731
871
570
1096
528
1910
206
1412
288
108
394
1934
2521
1231
2062
183
621
135
1734
2908
765
859
440
228
2232
2236
2402
1120
1871
2463
1302
2753
930
2129
81
21
262
2130
2403
1772
1693
2455
1368
1087
1235
2628
2440
330
832
1131
2734
2848
2417
2122
1888
760
2284
1171
458
1698
2424
2697
446
510
1080
2467
2747
2007
2168
2494
1142
1293
613
2495
1350
2762
702
966
2671
201
240
2583
2795
1517
439
2704
2118
2073
817
609
2311
2261
1247
838
2488
456
1101
1267
2500
237
960
2588
2897
1752
1172
1031
409
737
1830
382
236
959
2177
1571
2321
1725
2162
909
1965
1064
2641
2566
443
336
1202
2492
862
1521
1150
460
14
1940
1099
628
2631
1950
1856
2117
1504
277
2929
2389
411
2269
562
275
529
2658
1474
406
2757
192
1209
1821
2815
2089
469
2754
1622
360
1930
361
1041
941
1483
1735
1072
354
724
1294
839
305
971
531
2178
1564
2601
487
2675
860
2307
1073
1176
1049
1140
2868
1777
2559
2246
1864
738
2683
273
1943
1127
2926
2665
2493
2837
584
2179
926
2175
491
2155
2595
2064
2778
2880
1077
2273
1496
2445
1344
2808
2755
1136
541
1906
1921
2598
641
1939
2158
987
1817
1602
1960
2354
807
308
2563
362
2342
2691
1507
1310
2305
1639
1718
425
2568
1743
2047
159
2171
323
129
1327
1946
561
1711
2248
457
1873
2018
2001
1404
2684
1616
1593
2016
350
2088
1383
1645
1486
1333
729
368
349
1765
2858
283
1276
2006
2427
1842
2286
2260
1518
1062
1371
1516
2039
289
1814
2856
1537
301
1500
518
868
2132
1339
1211
2715
619
2167
2034
521
1618
2274
1258
1584
280
2682
1614
2730
2013
630
550
1759
1133
1011
1862
1236
1729
2780
1636
1129
787
1194
534
1020
144
16
2412
636
1677
1909
1994
1363
99
1429
2593
2183
2936
2471
404
1086
1301
830
29
2116
2838
1186
993
433
2077
649
1978
1690
2373
1489
2366
238
43
1191
2564
2277
908
2749
945
962
648
2458
1649
1409
400
2138
1597
2465
309
1625
1380
688
1559
2786
2416
1761
1613
75
388
658
2233
841
1961
417
320
2219
1932
2655
2508
2309
992
61
2242
2850
690
1780
1905
2348
386
2255
1315
758
2010
2648
1936
594
2912
472
93
983
46
1824
1566
2483
2072
1465
1532
2695
1389
202
1145
2792
2103
1347
1023
2272
470
441
40
2533
2197
2711
2479
2870
1201
2776
1782
2624
286
739
1796
30
660
1107
746
2709
391
2862
321
1028
940
1154
2092
1242
401
2084
2469
1885
866
1665
2317
564
2204
1274
2677
2461
2790
2884
2431
213
2349
1948
884
1658
583
1551
863
127
1709
1269
2527
436
2831
1802
2909
2275
1378
836
2015
1539
659
2729
62
1164
2085
2189
149
412
751
1970
547
1509
1147
2605
1116
1990
494
2606
346
1414
2477
134
2857
2528
1530
633
2867
2433
775
883
171
1196
2384
552
2846
2835
1166
1757
353
1834
1748
402
453
910
176
2422
597
2369
229
2454
1553
2766
1783
397
2712
1586
1257
421
2228
2800
2120
970
2361
1976
2721
1920
1045
1441
2207
154
1646
12
2390
1637
141
2620
1223
182
1280
1334
106
1563
2619
2365
580
501
1287
2703
2817
663
1661
94
1732
1050
234
780
318
2335
2930
582
1265
1881
1800
1400
1620
796
2674
683
671
2368
1312
2892
1092
1590
264
263
533
2251
2466
1954
278
2710
2026
1227
694
644
1421
2378
1394
1143
445
1044
2864
1161
1155
2529
1715
2842
936
1736
657
840
1974
311
1762
2692
2544
1278
1365
897
1737
2139
1493
2497
516
698
2371
1966
821
592
326
416
575
546
1985
365
1822
2359
2574
2581
2426
1163
1878
2105
734
525
2935
710
2885
1642
1674
1986
2312
1094
1545
143
423
66
64
2773
199
259
369
2917
1081
2385
181
2145
1874
1927
548
299
2244
1473
209
2298
1399
1326
1717
2836
214
2187
1676
1704
1459
632
1494
1971
2537
1475
2443
2579
1320
881
248
170
790
2146
427
2678
545
1324
256
359
2556
2170
1807
1289
599
1451
2036
773
272
1230
2501
2517
1084
2741
2723
754
2367
96
598
667
220
931
2421
1491
398
1405
535
777
105
2315
782
2540
2689
1895
932
2847
1840
258
2205
2266
1323
802
1000
1899
1938
157
1075
2344
2613
952
2212
1993
1867
2699
2739
2622
1382
1036
36
499
1001
1708
164
2541
2760
995
1884
1833
2839
957
1882
1523
1599
1160
1250
1043
332
2413
856
2123
2504
1561
2830
2841
2901
741
2338
1728
1831
714
2453
2419
681
495
2220
161
2941
138
348
1722
1014
65
2481
810
1444
1431
1450
1562
1124
1844
1826
605
2569
1458
1912
1838
2645
2456
1398
527
2362
210
374
774
1384
1552
2401
1297
2148
1193
1114
2542
937
2393
1797
523
290
2618
610
1632
1785
1029
1764
1469
2372
2575
2844
574
869
2895
800
86
615
2636
198
1325
2824
274
2340
2722
2144
1705
1374
2814
2014
1801
2041
2509
956
1542
2720
1484
8
508
2827
1810
1188
2245
148
2355
1569
325
1157
1683
756
376
2226
1088
537
2685
351
1349
1261
2520
244
2439
1241
799
1467
1381
1490
451
28
231
1415
855
125
627
2825
1594
595
1588
2577
2562
2745
2182
672
1439
955
2623
316
2114
2323
1026
2806
2702
482
1353
233
1449
1262
1438
1740
342
2111
475
1210
1331
187
823
1083
2491
468
2933
1679
1006
1538
1359
1007
544
2807
341
1125
1723
1567
1065
1526
90
2353
1733
492
1860
2921
668
1771
979
2025
1348
1
1479
1605
2546
1952
1311
2928
1866
1630
2428
1281
1319
1351
748
607
1158
1182
158
1779
2744
1119
1913
1167
2023
1529
1638
2550
730
2075
1212
1668
1861
255
1839
1572
1501
1046
1959
2215
1420
1901
1279
2813
2922
116
1781
2632
1056
2217
92
662
232
2713
2101
948
128
723
429
1923
2446
507
184
1778
2031
735
1446
1682
1619
56
2924
1633
481
63
2834
2400
1388
2940
18
515
1695
1955
898
1217
2080
265
1758
1392
1082
1282
1254
1870
666
1611
212
1260
57
1118
2381
809
2079
511
2133
784
1462
205
268
296
2180
340
2166
635
70
2429
103
242
2549
837
2882
2081
1989
2783
1132
2181
131
2043
2407
2451
1967
27
625
1317
1181
1435
601
608
2423
2531
1165
1503
1786
110
2660
1845
2496
175
661
2395
781
1514
826
900
972
68
1367
2346
2499
254
2222
222
95
314
2142
655
568
2794
315
2651
1033
2
1285
819
1372
852
4
2071
861
606
917
1146
107
73
1419
2306
1917
2038
2647
924
1113
1018
261
111
2643
942
951
2530
684
643
1024
104
1130
1109
1508
2630
2736
1795
1208
2343
1768
2169
2218
2202
1841
696
1623
11
616
2254
1744
2208
1769
2898
399
2861
2503
969
2161
2667
1356
1407
2021
2375
1461
808
464
1074
1385
1628
285
1055
1949
370
396
307
383
824
2411
1071
136
79
1417
752
1996
947
2184
2877
1252
792
1585
239
1662
813
173
2415
1123
1403
2314
586
2258
2327
1452
907
53
934
1634
1255
2518
2304
424
2193
2267
1692
1787
250
759
1947
473
2253
2098
2875
743
1039
654
1225
7
1089
2686
1460
539
1573
304
2733
292
711
2399
1596
2852
770
2237
2301
560
279
1548
387
2121
2329
1430
2333
2582
757
418
1111
438
1290
459
1442
120
1969
647
1406
953
2083
2881
414
2688
2388
2110
461
2532
115
2290
1925
2777
1358
1608
1540
2154
281
1980
2602
226
251
1264
1819
2913
1117
626
339
795
2299
2498
2263
2201
920
742
2916
1308
1651
569
1589
912
904
2482
1485
693
2330
984
2376
1574
165
373
833
1220
573
2903
1271
2764
1184
2107
2661
1215
2351
2637
466
1607
1249
1575
2690
1922
1042
87
716
887
72
2639
1712
589
2535
520
1017
385
1876
227
483
1180
1583
126
999
1464
1229
2209
2223
986
155
2506
1328
22
1942
1502
886
973
1283
998
2490
426
249
444
736
2436
17
1615
298
1482
675
645
2000
557
1798
1340
2450
1253
1069
1696
1115
102
1085
1829
145
996
335
1543
1411
1330
2820
2153
76
352
2761
2557
682
2756
2670
890
1256
1058
2634
2706
1621
2186
1673
2003
2377
577
1846
1929
2650
1471
2108
123
818
247
2099
1272
1720
1528
178
2157
2616
2705
563
1812
2058
1931
514
58
1003
1192
435
1108
393
2124
2489
2863
1570
1275
899
1035
2437
1653
1037
375
39
2302
876
1425
1198
2803
540
2938
687
2700
1233
2768
2394
319
1592
916
1549
2241
896
415
328
1706
697
2832
2462
1448
2610
1979
156
2654
2234
1982
1755
2012
1106
1803
235
895
50
559
1581
705
2011
2051
85
287
1104
1857
357
109
679
2888
45
1189
35
484
791
2063
1268
2447
1375
333
80
1872
1153
2308
2925
1162
477
1436
437
1560
1730
1519
2224
1664
2134
923
1008
844
337
2032
2633
2594
496
2221
1338
2737
2810
1687
2214
761
302
1205
447
2352
2336
1680
42
1345
1889
1243
98
502
2434
506
815
1631
902
1138
1891
1790
2679
2726
405
1805
2475
88
1245
851
1174
132
1963
2334
1903
1568
704
454
1863
2276
1937
2391
2853
343
2279
313
293
967
190
1370
845
211
100
1318
1427
1828
1595
1887
1488
2854
2609
709
312
2156
2268
1541
888
707
1533
1879
848
938
2681
204
1266
498
430
2227
166
450
2392
772
978
1070
1547
1555
2906
637
1183
519
1926
2364
356
2805
2050
2264
2653
2300
1364
2512
624
2082
2140
2932
1524
997
2659
1434
1788
2176
1663
2112
964
2740
1908
1110
260
2250
753
2811
2823
2767
2149
2612
2408
2152
215
113
2696
2199
2672
2869
2484
1579
1713
2866
1643
2552
2418
665
2005
2514
1898
2113
2782
629
452
2510
1603
2449
408
1892
2358
849
715
1019
485
1997
1827
680
2225
117
2141
1015
988
2587
1063
2030
1671
2163
2052
812
442
1224
2119
2905
1030
1689
2386
2920
1051
2923
2198
664
2592
2751
1654
1476
1669
1251
2614
1629
1956
1232
1716
1915
2828
1151
2230
2708
2548
1337
1750
834
958
943
551
718
1991
1647
805
1875
1598
2781
685
137
2585
2724
1694
1307
2599
785
1321
119
880
486
1883
572
1061
2523
1135
843
614
1481
218
2174
968
1672
2066
2024
2048
2914
2539
725
581
2435
2332
1738
2053
2196
611
576
1515
981
0
1299
2444
1988
543
1105
642
1869
2022
1837
2872
651
2771
2460
300
297
2937
977
2235
556
653
1987
2899
798
207
1010
74
875
1190
2405
489
2526
34
1357
538
1924
1390
950
77
1413
1944
2649
1203
974
2816
1688
2164
2033
189
954
1362
243
913
2065
2787
19
2115
185
422
1228
2919
646
1806
2055
2826
2779
1601
2150
622
1495
2586
2406
1300
1897
776
1139
216
2257
1112
1766
2200
1635
1825
1865
389
1040
203
1650
1067
2280
31
241
2525
858
603
2341
2480
1216
1510
384
2752
1197
2430
1691
1013
864
2313
83
1644
1580
2693
2325
284
1204
163
2128
1612
722
703
2791
1606
2239
2252
918
2282
407
617
915
1684
1896
1520
2478
432
590
1731
2243
857
2818
32
2270
524
2555
2553
1097
1557
2596
2363
1336
1391
1660
1079
2326
474
1513
1776
208
1791
1763
2322
1126
571
2865
1739
726
1610
2716
2289
750
2040
885
554
1536
1804
814
2893
994
828
2137
806
471
2009
1578
2486
2891
2002
1919
1933
1714
906
2561
677
217
490
130
223
224
549
591
652
727
2515
1681
623
2603
1137
1656
1341
1291
2159
1999
2247
767
2673
2918
1038
2536
2046
530
949
1369
2911
2883
1021
1032
2470
448
2143
2833
1951
1246
1983
1916
174
939
2904
536
1815
1470
2656
390
1477
269
2078
2093
2719
338
728
2472
1609
267
1554
2350
2545
2625
879
1152
2316
985
1401
2714
1640
147
2558
2288
1034
553
2652
2104
1675
331
1558
2096
1544
310
1977
1666
578
670
2560
2459
1535
69
2547
811
1981
1244
846
1277
975
1179
1591
1701
2570
180
2573
2425
946
78
2310
588
2331
2871
1447
1843
639
2238
1534
1173
596
2626
1200
2293
1418
2855
2042
2067
152
1443
1527
2296
1091
944
854
2172
1373
2668
334
2887
2663
766
1170
717
1466
186
2109
2698
788
1487
2874
1617
565
526
2203
1754
2896
2799
2789
1902
1395
1313
2069
1962
2802
133
878
2886
2194
44
303
2629
1093
1984
1144
419
1376
1168
2873
2126
1894
763
699
2765
1009
1964
2452
410
905
194
1213
2095
363
2091
1433
894
179
118
2485
1686
413
371
2210
2383
97
1746
1685
1332
1667
1506
1187
762
1177
2356
172
2638
634
478
701
2860
364
2382
768
1855
2213
1366
1727
122
1546
2100
1767
1329
467
929
1103
1753
1851
2664
420
1078
2662
2068
1214
831
1945
3
889
1854
1304
1237
1128
2370
82
914
2572
2666
392
1880
257
2902
1859
60
1248
2694
2821
2360
963
990
1703
1799
555
1742
2396
1893
1957
372
769
1408
2812
488
1314
1522
825
497
1968
2291
153
976
52
5
1816
2398
2090
1052
1149
873
151
1303
2669
2511
793
1292
604
101
1027
2590
1794
816
867
1818
1998
1877
2017
2758
1749
2190
1016
1890
2106
1792
2578
961
980
2731
764
1159
112
1468
1836
853
804
2819
2259
1941
558
1002
1907
1335
465
6
196
55
1122
2125
638
1195
1148
1849
2793
2397
870
801
695
2657
2094

