1 0
2 0
3 0
4 1
5 0
6 1
7 0
8 1
9 0
10 0
11 0
12 0
13 1
14 1
15 0
16 0
17 1
18 1
19 0
20 1
21 1
22 0
23 0
24 0
25 0
26 0
27 1
28 1
29 1
30 1
31 1
32 0
33 0
34 1
35 1
36 1
37 0
38 0
39 0
40 1
41 1
42 1
43 0
44 0
45 0
46 0
47 0
48 0
49 0
50 1
51 0
52 1
53 0
54 1
55 1
56 1
57 1
58 0
59 0
60 1
61 0
62 1
63 0
64 0
65 1
66 0
67 0
68 0
69 1
70 0
71 1
72 1
73 1
74 0
75 1
76 0
77 0
78 1
79 1
80 1
81 0
82 1
83 1
84 0
85 1
86 1
87 1
88 1
89 0
90 1
91 0
92 0
93 1
94 0
95 1
96 0
97 1
98 1
99 0
100 1
101 1
102 1
103 1
104 0
105 1
106 1
107 0
108 1
109 0
110 0
111 0
112 1
113 1
114 0
115 1
116 0
117 0
118 1
119 0
120 1
121 0
122 1
123 0
124 0
125 0
126 1
127 0
128 0
129 0
130 0
131 0
132 0
133 0
134 0
135 0
136 1
137 0
138 1
139 0
140 0
141 1
142 0
143 1
144 1
145 0
146 1
147 1
148 0
149 1
150 1
151 0
