246
1435
1737
354
2676
1156
2182
704
2424
25
896
1504
840
1845
2206
1562
767
2478
204
2781
2452
1297
223
2305
2173
1792
292
2317
970
1378
1834
1600
466
1699
2220
1390
2570
2600
2444
2642
982
1314
1726
162
2577
1515
144
1636
2702
259
1438
1170
651
936
1352
2213
2487
195
2645
867
1702
2084
2477
215
349
2882
1247
2035
2010
1630
2538
2593
2433
2000
2674
196
2881
173
991
2817
286
1054
1919
26
1812
1995
2718
908
1484
2786
448
1903
2701
414
16
1928
2808
554
593
1895
203
2088
1735
1301
1355
2833
7
672
2657
627
112
733
2070
2870
2680
1876
876
712
1387
794
967
1512
2055
566
1566
2485
1496
261
2852
1880
2068
2076
837
486
19
459
2851
1773
774
241
1501
457
287
1836
1467
2816
2788
2708
108
1935
1190
413
2197
324
233
1483
2190
2907
759
1353
1748
2934
2540
1931
1407
1274
2533
2677
2107
141
1926
2588
1047
2174
190
2624
1745
235
2611
1359
754
295
824
1461
2890
646
2129
614
2578
2915
1558
1089
1855
2095
770
2688
789
1238
1660
1322
1915
657
1161
2058
2898
139
2234
963
1825
2557
30
458
1774
2889
2004
1176
2426
33
665
2325
1320
2302
1758
2020
1142
1242
2289
666
2760
2112
2092
2217
938
2108
224
489
543
1952
1419
932
2534
1185
1920
1879
997
357
2225
2834
2423
1335
350
1550
819
2036
1341
1037
658
2342
1640
339
1788
1906
1303
633
2746
1713
1711
1712
2626
1098
1066
128
2057
2689
1296
149
418
725
2566
2256
2201
1305
598
617
59
1963
2733
803
798
547
1661
368
1643
1154
1055
875
509
2303
990
910
1488
1182
2717
1188
631
439
1789
2759
306
2102
1285
69
1569
2087
2228
2458
2382
1924
1994
2375
422
531
952
1945
894
1802
2906
1404
2751
2755
1797
2135
2309
1231
2202
739
2059
2301
765
2170
814
298
1090
1248
2795
2794
1166
1581
2698
2250
266
2856
1109
65
344
1801
2069
1199
843
2347
430
1833
2327
305
1884
1338
2041
1152
2880
2079
1982
1371
915
1433
294
800
2505
746
2785
1563
1772
2724
515
1655
1150
207
1234
1742
1323
2379
169
2431
2071
954
977
2567
2377
1225
2124
1333
1177
164
2706
533
2528
1990
1014
1428
1575
2127
2784
2148
1299
455
2803
429
424
1076
1155
1885
884
1173
2139
1133
2410
482
2109
1610
1397
1172
1891
678
1229
360
1657
2596
1965
722
1368
2268
1909
1964
891
801
2519
558
367
179
857
1749
574
573
586
689
454
53
1866
2610
2806
1491
1897
1269
11
2515
2779
1583
1198
540
1001
251
2544
1642
959
1203
402
409
2637
163
187
1659
410
1100
285
1137
1846
2531
2885
1697
244
2941
2606
913
2408
1951
1282
763
544
1540
469
1611
386
713
1517
2122
680
2670
2888
2917
2162
1567
624
2625
355
2560
401
2773
58
1976
1102
1111
2312
2029
2418
820
968
130
2575
1040
166
479
1646
1701
510
1136
34
1570
904
102
1601
934
2105
443
420
528
1206
2900
1521
2314
1863
1513
1145
956
284
831
1684
1184
2354
2219
106
703
2914
79
1598
1962
1763
2117
2367
1780
1495
716
288
269
181
1381
1099
1984
2913
1441
752
1616
878
2319
2171
175
138
1777
301
2113
1027
701
1215
979
1492
1018
2601
1917
2520
2490
2800
2509
2767
1766
693
391
330
947
105
2503
1824
1093
1221
2499
2393
440
517
780
1839
2901
2291
2039
1754
161
237
2209
1939
2332
1219
1677
2683
1064
2251
2363
753
1896
2764
92
1508
1135
1942
1336
775
1450
1113
1073
2720
229
1126
760
2730
2476
2479
595
394
1048
1417
121
673
2065
17
2285
743
1522
2200
1619
1245
972
2292
2699
2384
1650
2390
1771
2037
2005
1125
1911
648
2372
1276
1469
1208
1938
245
2613
988
2189
2358
2536
526
2179
2700
1490
2590
2149
1981
1422
1979
2153
1298
145
1607
1070
100
2081
395
749
1406
1844
1821
499
1730
2067
2425
371
1609
2454
718
2196
2587
2592
1873
1366
140
1425
1448
1092
874
740
1444
902
1462
399
1118
171
1506
322
1489
2258
265
659
239
2128
2101
602
2195
1987
2846
2853
634
805
1318
2368
1354
2586
335
2261
1787
2924
1078
290
942
1921
40
813
1167
2154
1036
1957
2098
1398
587
548
2155
2164
2147
1278
1249
1796
669
2793
562
2789
2648
1386
2511
1455
1351
1129
2402
2824
2324
2933
1868
530
1520
1594
2564
2663
353
1427
1344
503
852
2627
1523
1743
2517
1717
757
1621
1291
1120
590
2818
1121
2661
1783
511
2500
1178
423
2707
520
2471
1829
2482
524
2716
260
1653
2656
2565
72
2163
419
1050
1716
768
1554
1674
599
609
1857
2333
1589
55
2177
714
807
1759
1418
109
1405
2085
1447
1556
88
1755
297
1533
650
346
1694
1854
1671
2813
2711
2692
91
2307
1056
2810
1196
23
155
85
660
1421
1267
1649
691
1265
2450
1682
2224
2787
1164
1739
1477
291
885
1043
2017
1778
1847
1704
2489
124
890
1165
692
821
2160
1000
1799
341
1288
2547
444
119
2879
1932
1097
1122
41
2507
216
546
1574
676
1769
474
1978
2583
299
1284
1882
2757
980
2140
2595
2183
513
2602
2414
1395
1350
2649
2082
2568
2763
2374
1536
527
1213
2230
957
1901
491
2641
212
1654
150
471
679
2351
1311
1949
468
594
1347
2263
786
2932
467
2916
1139
210
2246
588
2276
61
2440
226
618
29
276
711
283
2420
641
1410
188
2710
2388
2399
2496
865
6
1637
498
1080
200
2089
1888
1691
1300
1632
2614
1437
2180
186
2078
2012
2608
1115
747
1948
2034
1999
550
2927
397
442
2664
652
433
882
842
1546
2245
1086
2362
118
1565
478
1431
1060
1732
698
1273
1457
1913
2798
2582
1478
2684
630
2920
309
2685
2541
2343
2369
1893
742
2412
1849
1380
1326
2136
1116
1618
2047
2545
866
2527
4
2925
2594
1617
2523
1751
194
2336
2573
2040
2275
922
705
841
1059
1564
969
782
2621
579
953
320
1874
1062
832
2216
10
962
1738
97
589
432
400
976
2736
1146
552
750
2616
1947
170
1377
2141
2203
664
2086
1815
2729
2782
232
2719
2814
340
688
2675
318
1426
2651
496
1259
2166
1918
1811
2854
2835
764
1572
1534
2169
381
1725
2208
289
1453
1723
375
2100
1647
858
345
791
996
2911
2659
2103
310
2770
827
2015
2928
1590
1605
490
2094
1471
441
818
2940
36
274
47
2442
377
537
48
778
86
1528
22
1595
906
514
2843
1603
2191
784
1389
337
2874
1624
1781
2439
1179
421
2199
1193
2723
833
1776
1869
1159
815
2125
926
2051
1786
12
1205
2313
463
1474
2352
1312
577
880
1679
2306
1859
21
1232
93
1927
2387
1852
99
808
2897
1698
2310
1254
1365
781
995
1664
1074
1525
1061
2556
1658
1530
830
2508
751
1985
2099
1069
1851
1875
1997
937
501
408
1019
238
1519
1148
585
2096
1856
2780
578
862
1571
748
536
668
2346
1760
2807
2921
1516
2668
1547
571
1481
361
1077
1408
159
1108
1805
313
1842
50
303
2257
2061
2054
2114
456
2428
1388
1925
1399
656
844
1579
992
734
1393
854
1201
262
1645
2550
1764
214
2462
776
872
111
1670
1212
1087
1728
1174
1403
905
2790
66
1082
183
2156
828
43
1107
2293
2221
78
453
319
1183
2559
2653
104
1220
2467
2308
1207
77
787
601
1052
208
1998
935
1310
2161
2389
1848
1459
1731
1892
2007
2315
2742
2056
1117
275
883
708
1337
2634
325
2447
127
1096
653
1168
2864
1382
2262
1710
321
416
2518
1235
1752
1011
946
2138
94
1250
2062
2344
2774
1860
1680
494
378
2277
912
296
120
674
2822
1709
1286
227
71
1394
2737
311
2604
2404
502
2280
1933
836
965
1665
2027
1729
1602
2819
1683
2714
411
2646
1211
847
1542
2242
2394
1798
1012
1696
1217
2066
1946
993
2665
488
1430
2765
2826
1905
1468
735
1800
2401
1502
2060
1509
388
1689
1429
1690
816
481
461
2044
460
1916
568
427
96
2766
1497
2438
218
193
2046
484
2660
348
282
1872
2753
2532
477
1576
869
731
2118
2137
1218
1900
2591
2172
1025
643
849
1641
147
745
2144
1065
817
281
1026
1820
15
541
2801
584
1072
1983
971
2406
1157
1360
861
1151
933
2048
1085
1191
2838
1814
1071
2758
278
1472
685
2370
1031
2013
68
2400
1277
2287
853
2286
606
1325
2475
1315
888
999
702
941
1141
1608
1843
293
983
762
1950
1186
113
2131
994
1887
2679
2260
329
1189
1676
2159
1281
975
772
1969
834
60
182
2365
1088
2416
1578
2644
1364
886
2295
151
2042
850
1307
1392
715
8
671
1561
2936
1535
1886
1013
1914
1705
1357
2392
1498
2537
2176
2403
564
523
2694
2299
545
2841
1241
724
1744
917
2922
1264
1304
809
2290
2361
2383
465
576
1
2316
1548
505
2211
1440
2887
1103
2360
2353
1228
622
445
1529
336
2434
2273
2861
35
1830
1898
940
1753
27
1956
2033
168
1720
1256
1009
267
126
1106
644
473
1865
1370
1246
236
565
1784
2549
1635
451
682
1187
1686
613
2248
1724
921
2855
1537
1989
944
385
928
2524
176
1538
2282
846
2006
2198
1475
133
2296
1329
2205
989
920
1826
2630
549
723
1559
1343
516
518
1319
2243
2849
492
1383
1023
1785
2609
529
1375
1330
603
1838
0
370
2481
1524
172
1015
893
2207
1181
1675
146
83
1295
2146
2064
1369
1309
1808
1017
1348
2713
211
777
720
103
334
1818
2892
2264
1324
2553
504
1016
1560
1239
252
1063
2762
2640
738
1045
2158
1057
1443
2930
89
2126
380
2877
1762
943
327
2385
1424
1053
2451
1971
2188
13
697
2072
1667
2218
1362
1361
1266
240
2184
135
2300
914
9
1486
1346
1260
2469
525
1482
1158
2453
694
2635
719
619
3
1526
823
201
2110
2579
1396
1272
125
1280
398
2097
154
2356
447
1835
2328
1385
42
916
1147
569
2690
2133
2028
2521
2322
376
2830
438
123
2212
811
973
1328
271
2227
1114
2935
1910
1543
1809
1599
1986
2254
1068
620
304
2236
2152
2473
76
1756
1287
677
2111
450
2686
1494
1416
855
1700
661
899
2687
508
1775
1030
1585
1261
1703
2119
219
2513
2873
1685
1445
1127
2470
2750
426
243
570
799
2636
1384
136
1101
611
1768
2529
2896
2829
1639
437
1794
2247
945
316
279
766
1934
2311
863
1592
483
435
1518
2432
2396
2931
2116
1804
2754
2269
39
2629
892
372
1707
1622
1770
2778
122
1958
2696
1992
1840
2912
117
2345
1828
332
1929
1021
873
1644
1673
2939
2449
1662
635
5
2654
2868
1500
2335
2239
1625
1688
839
948
405
2739
249
1721
2381
2186
1081
148
302
2348
1244
519
2860
107
1008
1252
810
2638
2869
383
859
868
2498
178
2796
167
2008
158
1373
326
2525
1807
1668
2535
185
2712
1334
1722
359
1342
1487
87
2032
2123
2134
1456
2121
1214
184
2271
2506
2255
1613
1810
1202
2204
2232
1544
75
1889
758
877
521
198
1850
2682
2298
129
2249
436
230
156
1233
2151
98
1400
255
507
2215
2279
1841
2192
2752
2145
629
242
70
2349
2465
1870
1112
2436
2241
907
1253
2130
2811
755
2178
1175
998
670
2607
721
581
160
1634
202
1861
191
1463
1223
273
1953
756
1819
2376
2397
796
2501
1510
2495
358
1413
1105
2461
1376
736
1124
63
638
2697
2050
382
1757
2421
1597
1038
280
2456
2554
2872
1197
1514
312
790
2633
1144
2267
2791
2623
2605
1446
1831
887
2572
925
2576
900
551
2329
1449
728
2769
2658
101
2429
2386
1209
903
446
2836
1294
2580
1349
636
2832
1612
1573
2929
1692
2918
1153
143
2466
2038
707
898
2142
1588
1226
1970
1706
845
2628
2337
2740
706
2326
1527
95
2622
1439
851
2585
2266
2584
2323
90
2009
1283
1039
1586
761
1555
131
848
1960
464
2437
2464
1545
1864
1134
1727
1010
645
604
1741
115
2278
978
1988
2272
2052
1119
1293
1379
2341
32
1816
2435
1007
870
1596
2024
1678
1793
1083
2715
1227
476
2938
2253
1216
960
1138
2497
806
2618
1104
1877
623
919
2446
1817
512
647
1972
1620
1890
2366
2678
2548
2858
964
347
2599
2802
390
1648
1411
597
256
2562
2631
795
2165
628
415
2339
323
2721
793
1715
2457
1084
2543
1110
2104
314
250
2551
248
234
1094
1795
228
1091
1631
2049
1499
1623
729
2731
1940
1002
2827
2023
1163
317
2340
2805
2823
2749
2905
1363
2274
487
431
220
2603
726
1409
2546
2003
1044
1149
2413
379
727
1551
1210
2422
2233
2886
1391
44
2542
2776
1656
199
2691
1503
506
362
1719
369
1243
2026
1306
1615
1317
73
681
2865
2866
1473
2214
2825
2581
1975
2910
924
2703
2884
984
2
591
649
2741
1628
1652
2364
822
2167
1423
2011
1240
2419
580
2223
825
1436
1270
2850
1022
2157
1268
1230
2908
1993
1356
2321
1279
2244
2804
1740
2077
1779
605
46
1747
663
2815
655
2284
2799
2143
1414
1033
2486
2772
2168
2448
263
2848
1791
1961
2666
67
769
2150
2373
1480
2001
84
709
2181
1936
152
1822
1549
328
80
2840
2063
2878
389
2083
2175
2891
1973
425
1162
1169
700
2259
480
1340
1944
2563
2828
189
1332
24
57
2459
561
783
2722
2210
683
1853
2574
1195
575
1003
2681
2014
2357
142
412
2693
1862
462
2783
2745
1024
2597
2194
730
2045
1955
2355
939
1714
667
1966
2491
2415
864
62
365
690
1894
1476
2904
621
2022
2619
2043
951
1604
2074
1557
2667
1806
2238
950
2106
812
835
2265
2474
930
231
1466
20
366
1479
1867
744
2468
253
2073
206
2018
1058
1790
981
1904
2902
2726
1123
1568
1746
556
1075
1460
1626
2091
51
1493
74
1339
535
1883
675
2705
1130
2894
1465
331
1587
2775
205
1005
2937
2483
1321
2589
2021
1302
563
1451
895
1996
338
2857
407
2185
2417
1236
197
985
2903
2252
2031
1651
1290
1832
2893
2080
1374
300
157
2480
929
2411
987
710
1046
642
2222
56
610
1733
1980
2231
1454
2502
387
684
741
1584
2727
2839
2338
2320
14
2744
2647
616
2334
1034
1765
1922
1718
2743
1308
1327
1258
2405
2612
2281
966
2561
538
2304
2748
829
802
654
1629
2443
222
559
662
1143
958
1331
1262
333
470
600
2030
2571
1251
615
2812
931
1663
1577
1531
532
475
1132
1803
2837
1669
2229
1507
1345
1912
134
1991
1222
1837
2493
49
2598
2090
352
2240
180
792
264
1553
110
2650
2747
384
2235
2460
165
2662
82
2492
2923
1079
2380
2445
45
1902
1372
1271
1316
2672
2919
2297
2728
1192
534
949
640
1750
258
2115
1237
2771
1452
838
52
363
2516
1943
2488
31
2288
2530
695
1505
608
1736
2193
1767
2504
18
1313
2777
1051
2831
607
2407
1941
2371
351
2472
2899
2552
2871
955
583
2876
2862
342
356
1224
897
472
1695
1200
2430
1464
1908
2391
221
406
1470
2484
567
522
2526
209
626
2926
2093
2844
560
612
596
1708
2555
918
2809
1160
2842
434
1035
64
909
132
1591
2895
1020
2075
308
2669
553
307
2463
1292
2331
1968
1006
2455
1627
2695
2655
2704
1367
393
1633
625
1402
797
961
2522
2510
2738
277
2025
2768
1140
1907
2620
2845
2847
1263
1593
542
2539
2569
81
174
1095
686
2643
1878
737
1827
2378
2732
2494
1412
153
1180
500
881
1974
396
773
986
860
270
2883
449
1434
1539
632
1638
717
54
1606
2294
2909
2725
1204
2002
2330
114
485
2761
493
732
1171
1541
1552
2187
404
1967
364
1004
1614
1930
1128
2237
1511
2016
2512
2398
696
137
38
1401
2821
572
2395
699
28
1194
785
177
871
1871
247
1042
116
1582
2797
2132
452
637
2867
788
217
779
417
1420
1666
901
213
392
1687
373
1681
2283
1954
639
2652
272
1257
582
2318
2639
2615
2820
2734
539
1881
343
1289
2019
1672
2673
804
192
2427
555
1442
2359
2735
927
315
879
2617
974
374
1761
2226
771
1923
2792
2709
1049
2632
2053
1032
1067
1813
1432
1485
37
1358
495
2875
225
2270
1458
268
592
1041
1580
1977
1532
1734
687
826
403
2558
1937
557
889
1131
1858
254
1275
2756
1028
1782
2514
2409
1823
2350
2859
257
428
1029
911
1693
1255
856
2120
1899
497
2441
2863
1959
2671
923
1415

