2320
332
258
937
1979
2367
1598
565
1580
1632
2904
1080
1733
539
1866
1245
2630
1154
850
206
2418
2742
2918
2891
1301
493
650
2693
838
750
2852
1192
276
552
1560
2776
942
2388
425
2888
1455
976
2070
2660
1990
1
1001
839
898
304
2469
121
997
590
950
1757
2100
914
2118
353
204
49
1664
2197
2427
2196
1076
31
2634
1099
774
1642
2333
1889
667
1727
2411
1891
1758
1627
2884
789
1729
550
518
1221
2065
2261
246
1648
2453
257
2412
145
592
553
2659
2138
462
2889
945
1790
575
2341
1095
943
901
243
107
80
2566
482
1494
2725
253
1882
132
330
2902
1845
2324
122
1921
1399
2887
94
1199
88
2416
1433
247
1208
1453
795
1067
1212
2006
2485
857
1250
47
1434
1756
2544
1447
2351
2165
882
1155
738
2175
1602
1962
2833
1728
2139
1641
1145
542
1167
2278
597
406
2640
1992
288
2788
72
2789
2127
1332
2899
1277
2323
9
403
1584
2096
1950
294
1689
562
2578
2864
1566
678
33
2552
1264
1832
1236
2417
494
124
606
2092
507
2572
279
352
394
1487
1607
1032
1569
218
2205
1242
1914
2319
1360
1162
1799
598
2593
2654
1870
1599
16
42
1901
292
400
1324
2609
1934
463
2238
933
1228
802
2816
1847
1575
4
940
1678
374
2655
2026
714
634
666
1603
2150
433
1473
1235
1739
2803
486
1629
1780
2460
957
2009
2443
699
2272
2598
813
2255
1776
659
289
1517
2543
956
1810
1609
291
1785
459
85
954
1201
2586
2147
2437
2940
761
76
161
1319
1390
990
1158
2772
1564
1018
570
217
2709
56
1014
1136
685
1503
1143
1922
1364
2680
796
928
2253
980
1062
759
978
653
2811
620
1995
731
480
2906
1745
960
2744
1380
1543
531
13
1744
2793
450
2241
886
1335
816
424
325
2203
2301
2773
1491
2398
2181
1896
1698
1229
40
1100
1953
920
1709
1102
316
2287
1502
2403
1282
1654
733
1703
2146
630
1931
64
2631
1826
1788
2134
265
2106
2317
1665
961
1253
1650
440
975
1606
1436
1706
66
2201
1476
1098
1885
1190
707
2336
229
1385
75
1742
339
2347
1639
2219
1450
1305
2179
686
62
429
1275
175
567
1025
840
545
454
2881
1392
1209
1354
1124
35
639
1645
105
820
2666
1718
1949
986
932
1378
1396
1053
1357
1963
2790
981
467
1063
2724
437
900
436
656
45
2523
2372
323
2302
418
2579
1529
2169
2171
360
29
428
2814
1823
2573
754
1012
2799
485
322
2397
2759
955
2506
2865
711
2056
2820
808
1469
2141
1660
2568
648
2394
1649
215
2414
2681
2366
1983
504
1288
2684
319
2360
2174
1132
2381
1376
690
1425
286
2264
92
762
20
1238
376
1610
1591
1446
2736
2268
2886
1043
963
1726
720
1982
1830
2735
273
1027
2546
2306
117
1713
691
2095
2779
2623
2747
2518
1452
2817
2484
2554
1046
484
2178
1316
1422
2939
1009
1407
2444
160
1261
2649
1169
1712
2667
2703
1751
1395
220
519
148
607
271
89
848
2903
240
2459
837
2342
1821
2812
2783
615
2244
2030
2527
2825
2184
938
1653
2194
658
1289
624
1474
1915
2480
744
2116
2705
2511
506
977
1157
2375
2834
2434
1118
1819
2349
1551
1070
1391
2838
637
576
2808
619
1259
448
878
1890
1774
208
2466
830
1509
1550
1965
1526
2526
1058
1558
1223
1731
2476
2294
331
2357
2273
2602
1506
363
2753
387
2916
2314
739
1618
2860
2796
726
1339
2052
2200
419
2533
255
1812
164
673
1226
264
1020
1613
556
2856
864
2727
1919
2650
1485
2786
578
2514
2743
2014
2697
1306
413
2879
1115
2344
2094
2068
856
1103
421
1996
57
151
1850
1234
867
885
1985
596
1454
261
2883
2102
12
947
1578
1500
1435
1362
2160
1960
212
1166
1486
1852
609
2289
1287
1270
2326
369
379
2447
2863
1695
511
127
1129
2839
1596
2396
8
1617
1530
760
372
2592
579
1851
1554
1159
2848
1986
84
2010
2478
2132
171
823
2376
2756
1601
2204
971
655
1841
1782
706
1170
1309
2585
845
300
1792
1295
2189
2798
1997
544
1255
1002
1057
108
1260
2423
1437
2806
1784
1523
638
1331
1121
386
1677
537
2664
2928
1623
2365
995
2424
1998
1388
2148
2389
87
338
159
2223
811
1725
1488
1848
2829
2
274
2254
1024
1887
1045
168
1367
2849
443
2120
1701
2557
46
1964
1113
1195
818
536
1773
2648
591
1711
1461
2763
189
2907
317
2042
14
1781
2673
564
1595
853
1013
2569
1459
1589
2303
2559
284
768
1615
1559
1687
503
384
684
1771
2180
1122
2350
1374
1817
442
362
2539
572
777
700
2285
2231
441
1723
2629
2400
2429
2243
1766
158
509
1801
1442
2641
2126
2607
2694
2737
1814
2035
176
1910
383
2567
216
1594
1251
2521
275
1475
194
510
2714
2574
1883
1038
1227
391
1638
2562
821
334
1647
727
1612
2256
996
195
1379
2136
90
2934
969
60
1480
688
1746
2605
1348
182
2787
2855
1933
563
1624
22
1174
1060
2298
1021
939
1432
2653
2028
1286
2718
1816
1892
347
1219
1119
2210
2740
2905
819
1804
604
1263
473
430
1312
841
1131
1303
169
1247
152
109
2764
1401
1246
2922
1068
219
1533
2541
2308
1409
367
1175
2130
2202
1906
2199
38
1898
2101
660
172
1049
2896
2378
2275
862
1079
324
1874
2512
1381
1138
82
2937
899
1579
1150
918
2392
2356
985
1457
408
314
464
1800
2050
2853
651
2363
543
2113
1611
2769
2017
1484
2821
1415
1479
2391
2071
1748
2085
1179
2156
1570
287
2318
894
1404
775
423
2551
935
2343
907
1356
445
143
1231
2933
1130
2755
2869
1034
2257
2441
1927
1414
902
1975
2045
373
1761
1460
2685
875
1886
1477
2739
1161
1151
79
192
2847
2328
1077
163
179
1410
155
2686
854
1899
313
2482
2115
2207
629
1674
1173
1862
2063
1836
1108
174
905
1135
2075
1349
1114
973
1571
1730
1721
344
1807
859
1600
500
207
2488
2921
1268
1878
2717
1109
2532
705
891
61
2425
2843
2455
1252
1670
877
1149
2530
2119
715
2765
309
1563
546
2831
203
1738
190
1935
2706
2426
1311
652
674
248
2603
114
2656
2699
2033
713
2877
1499
896
1262
1094
345
476
1345
101
499
2702
1037
1532
989
2677
2665
2861
540
2671
1619
2564
1429
141
704
2844
2674
1839
1096
627
1942
1202
1622
112
749
1087
2748
2359
681
2159
2123
717
1644
2794
1008
1697
913
712
27
944
1592
1165
2019
994
1699
1679
2114
2900
2355
1334
1180
458
788
438
1945
1662
2176
1752
1537
435
1508
1825
876
186
41
1368
860
2144
964
1285
1675
1340
43
1630
2832
254
2507
828
1786
642
1186
527
2240
1112
2757
2151
1233
466
2644
146
2143
2670
1692
1775
388
1835
2380
2404
2672
2549
1110
1672
1872
2610
230
2553
1735
1948
2224
2093
2462
1240
337
1855
698
468
2105
2801
1304
946
1884
2187
2822
1191
2221
1536
2604
74
2845
2309
280
2450
529
2029
889
2588
934
1458
2771
772
904
1940
1072
1310
790
2137
1561
1671
827
2509
70
1700
1875
2295
628
517
916
515
1083
118
2910
1646
2870
1313
2866
855
1086
2007
1520
1010
416
594
1987
2529
1361
346
1003
2612
411
2819
343
2669
2734
929
1146
1696
586
1375
2086
1590
2663
2373
2266
432
895
321
36
2675
2689
516
1531
2379
1858
2893
1865
2728
1844
2830
2577
501
2558
646
836
1831
2842
211
1315
2312
471
380
2492
2595
1913
2859
1365
91
605
1946
426
769
389
694
2911
1266
104
817
457
502
2582
2475
612
1205
654
893
1373
2538
302
2090
526
616
2503
2080
2862
1824
927
37
799
1813
2448
992
2525
1955
873
1871
1111
1936
1521
2800
268
1586
602
1680
2297
130
1465
1920
1655
987
1329
571
2269
1573
1423
488
589
1917
561
2775
2329
657
236
2125
2190
1669
2067
2322
2818
2452
1128
2826
2374
2652
185
1636
1015
2401
1139
1101
2762
2168
2410
822
988
1358
326
1860
2517
547
2036
2676
2924
2823
2162
2791
1472
1336
2472
2587
2271
491
984
1075
1412
2236
1971
2606
1338
1272
1470
806
123
1988
2082
1762
2467
2158
1951
7
1659
2440
888
1907
1849
2354
1050
1421
402
238
2461
157
1218
58
2064
2867
758
2611
1541
335
1542
968
2316
1092
1999
34
447
734
2321
2164
1171
1269
1408
751
1207
2310
1394
2882
1876
767
1127
1444
1492
824
366
409
177
647
2348
2868
340
2730
2407
1294
102
2259
1039
2008
2596
2501
1185
610
1894
478
2782
1833
1803
1054
188
1740
361
2616
2504
2409
2909
584
385
1976
2687
2432
2599
897
534
587
1863
622
2149
2920
2619
786
2695
99
1106
1631
1857
2515
17
2926
2513
2315
178
863
2051
1142
2018
1640
1430
100
2495
1867
2657
2621
1232
1116
269
623
784
2457
1389
2369
2049
2172
487
1783
2382
359
2749
844
2442
2282
1829
781
1091
341
1196
93
1224
2761
1734
2111
355
2456
1820
2001
1732
1593
1828
2487
1074
2229
2828
2059
1337
2608
209
1840
452
1153
282
1900
2502
1093
719
2422
1213
2802
1029
71
635
852
2358
2712
456
2682
1347
2872
2537
1977
2745
779
1187
2292
1156
851
608
1183
244
251
1513
393
2054
1634
2679
1895
2584
773
2729
1383
952
2110
381
2651
593
1879
804
2262
1576
1514
1330
2433
1152
2600
2057
465
931
2638
2894
358
2576
1148
1040
2633
1140
2892
434
267
2280
2251
1544
2299
1321
1827
2216
308
993
1585
611
2746
677
234
872
2615
2384
2157
1035
139
883
2191
449
2034
881
1510
1905
2715
1052
2698
277
1431
1055
1193
2766
2182
847
675
1341
2594
2591
1438
2421
568
2750
2754
1372
801
1657
569
1651
2073
2496
498
2490
1545
922
2099
2235
746
2281
1722
2528
2377
1981
2751
1911
753
2078
1753
1959
55
1483
2835
2395
782
2813
2005
1597
2491
390
2710
297
679
710
1621
636
2632
1565
692
2713
1958
756
2270
224
2430
535
1366
887
2279
2617
1777
831
2768
582
1178
1967
23
1837
2122
1064
496
1643
200
2854
1582
1214
2428
2337
1280
417
2083
2581
2477
2383
399
1770
2039
2345
2352
1681
1346
2890
210
1556
1420
2124
305
2121
1225
342
2716
461
481
140
1278
1085
1134
115
1468
427
1802
1073
410
785
778
1257
2449
1197
1400
1069
2222
1041
183
1284
1549
1163
793
1928
703
948
2601
513
528
770
665
1299
737
2767
732
1398
2508
2307
530
310
1808
1355
2524
395
1300
444
1637
1308
2565
1707
2914
470
2250
809
2550
2074
2041
2081
73
1194
1107
2208
2393
521
2431
2361
2471
2305
2021
1764
483
670
687
2668
2192
1980
2290
787
1635
871
2719
2277
2002
1768
2464
2252
278
617
1182
834
716
1693
524
2405
2004
1880
2474
1184
1568
1271
2031
2225
451
1683
2163
2780
1065
826
1923
113
2912
2177
103
184
740
633
2807
555
270
233
1291
1861
815
262
2760
2635
1004
1493
472
1525
1750
2220
1471
2463
1970
2020
2777
2726
2286
2062
1220
2186
1403
1666
846
2413
1456
95
19
147
1614
327
2589
1028
1557
1989
1440
193
1047
2044
1704
119
2419
1005
129
1795
763
1954
508
1572
368
697
662
2625
626
541
1528
1553
696
2483
2841
2107
2708
1017
1656
2535
1147
728
1369
201
2917
249
2284
2293
1818
242
50
577
2575
2371
2571
581
1626
548
2346
144
2770
884
1908
2489
1797
446
2098
2846
829
315
1256
1809
2545
1930
1467
880
921
2248
949
2445
2387
614
1969
439
1952
2153
1519
1720
2919
2927
125
283
1505
137
721
1877
1168
631
1888
2076
814
293
1524
1416
1359
1281
2246
1071
2683
965
1496
2228
1406
197
2536
1947
1972
135
1547
2313
10
908
951
357
835
1248
1211
1126
1815
469
554
2732
2738
180
2618
2332
1688
2060
86
68
1296
903
906
792
63
298
672
991
1016
709
1843
2570
1973
1616
2534
2249
765
1117
2720
21
803
2804
2836
2901
1445
1562
2198
1932
1754
460
311
1539
2234
252
1859
348
392
979
1924
1994
1325
142
24
1567
724
1691
1411
2043
2784
2876
2678
1747
641
2325
1779
1449
1690
1652
1292
2230
2242
2642
742
1869
307
2935
1759
2624
729
2097
743
640
222
1495
941
306
474
766
522
2500
2851
1856
962
2037
735
1719
2112
2420
601
2792
2499
2560
798
2435
2300
2274
2339
2258
2778
560
2810
1254
1737
1842
967
2188
689
2364
585
771
2837
1805
30
1188
741
974
2700
2084
680
1036
2542
1464
414
149
2408
2895
2077
2704
333
231
1084
2871
2516
2215
299
682
1625
1290
1791
165
613
48
693
1518
1033
1941
532
800
225
1048
747
2103
1716
2797
1767
214
2875
1323
266
1125
1061
350
1342
1371
1811
1918
2183
1798
1605
2027
156
198
136
1418
2390
1581
116
431
861
1204
77
958
2140
1873
1427
1974
97
2016
1382
2166
2613
1822
290
1789
405
2722
2840
1749
926
2438
213
2226
2089
1516
1939
1031
2691
1705
1498
2752
2439
1377
370
492
745
420
2857
663
865
2058
1466
1724
28
2402
1051
2915
1909
2692
1363
232
2626
2232
909
396
2131
911
364
2311
2628
1794
131
1265
2304
260
910
1522
1237
1512
671
2658
226
1769
780
523
2133
2639
351
1717
1206
1026
1276
1490
1417
1546
32
1387
1320
1066
2362
2741
1765
2154
2211
1424
2061
26
120
2721
1515
1384
2087
866
2340
2548
2662
810
625
1741
2731
1577
2386
52
138
320
2161
566
128
919
167
223
2701
1968
1673
1089
533
263
1326
603
1307
1327
1463
2032
375
858
2929
2723
1023
1715
2142
1834
397
2454
643
558
1090
154
2505
1105
67
2936
1081
2597
1056
1317
1283
1439
2688
1760
2334
600
1540
669
917
303
1778
2024
2155
1838
1393
1694
1628
495
505
1022
126
281
318
329
1497
953
1302
191
2707
1343
2288
162
833
1172
2931
1120
1397
892
2245
1937
1141
2941
972
96
1249
134
2015
783
2913
2048
983
2000
2923
1482
1441
1203
2263
2510
2522
2458
2473
1620
1318
1044
736
2451
2885
1881
477
1702
2809
525
1966
2331
412
69
59
2643
2850
250
2690
2152
1462
2805
1853
1489
2858
1743
170
489
2645
2556
1082
1273
668
1006
2774
966
2493
1042
2758
2436
2129
98
2353
2555
807
1297
2815
791
2013
25
1443
1019
1956
199
632
1007
153
1123
11
1772
3
1352
2214
1353
1755
2135
2795
1144
1667
870
2519
1370
2109
2925
718
2233
1926
2874
2218
2636
1244
256
1419
336
2104
150
812
874
378
649
2620
583
2209
549
2479
407
794
2385
6
2206
2170
2637
551
2038
1258
415
998
401
925
1604
1217
181
2237
1583
1322
0
2580
2646
879
1097
1448
2481
2046
2563
1806
2370
1912
1548
2091
1991
2878
377
2520
805
2897
2066
1552
106
2335
702
453
2212
2547
205
44
83
1293
982
1897
356
2465
81
588
2468
2047
111
51
1633
2880
1714
2583
2938
2227
644
842
2330
1903
2627
2213
2614
1189
1386
832
2486
2661
1011
18
354
2561
776
1241
166
1608
912
15
2930
2470
196
701
970
2622
1929
1405
1944
868
825
312
1078
1215
1682
2711
1059
2040
2824
2088
580
1181
695
520
235
2908
422
2291
133
237
1710
1868
1350
1133
1793
2217
1902
1239
2415
559
1501
2497
259
2932
1668
1402
1274
2012
1984
2276
2128
2195
54
1588
239
245
1504
676
595
455
869
1527
2011
2873
1328
2069
53
1216
1787
2053
661
1993
1243
1426
2898
2003
2193
187
2540
1137
404
1961
1478
65
2327
557
1534
573
930
923
1854
924
1684
1916
1846
1511
1686
959
2079
328
2494
1200
1333
2696
1587
1481
664
755
2647
475
621
398
1160
1574
2296
1796
1104
365
1538
296
1344
2368
1663
227
2072
1904
1943
843
1000
272
1676
1507
514
1176
2173
2239
39
2025
1030
1428
2338
1298
999
645
1451
599
2498
1957
2267
2108
349
1088
764
2145
1661
1210
497
2185
2055
915
221
110
683
1893
1978
1555
1314
1736
490
757
725
752
512
538
1198
1177
1230
2590
2781
723
2022
1222
1685
1267
5
2785
285
1351
2247
202
2827
2733
748
2531
1938
2260
797
2167
730
479
1164
1763
890
1658
849
1535
2023
371
1925
708
722
1413
574
173
295
2399
2406
241
228
78
1864
1279
382
2446
1708
2265
301
2283
2117
936
618

