1 1
2 0
3 1
4 1
5 0
6 1
7 1
8 1
9 1
10 1
11 0
12 1
13 1
14 1
15 1
16 1
17 1
18 1
19 1
20 1
21 1
22 1
23 0
24 0
25 0
26 1
27 1
28 1
29 1
30 0
31 1
32 0
33 1
34 0
35 0
36 0
37 1
38 1
39 0
40 1
41 1
42 0
43 1
44 1
45 1
46 1
47 1
48 1
49 1
50 1
51 1
52 1
53 1
54 1
55 1
56 1
57 1
58 1
59 1
60 1
61 1
62 1
63 1
64 1
65 1
66 1
67 1
68 1
69 1
70 1
71 0
72 1
73 1
74 1
75 1
76 1
77 1
78 1
79 1
80 1
81 1
82 1
83 1
84 1
85 1
86 1
87 1
88 1
89 1
90 1
91 1
92 1
93 1
94 1
95 1
96 1
97 1
98 1
99 1
100 1
101 1
102 1
103 1
104 1
105 1
106 1
107 1
108 1
109 1
110 1
111 1
112 1
113 1
114 1
115 1
116 1
117 1
118 1
119 1
120 1
121 1
122 1
123 1
124 1
125 1
126 1
127 1
128 1
129 1
130 1
131 1
132 1
133 1
134 1
135 1
136 1
137 1
138 1
139 1
140 1
141 1
142 1
143 1
144 1
145 1
146 1
147 1
148 1
149 1
150 1
151 1
152 1
153 1
154 1
155 1
156 1
157 1
158 1
159 1
160 1
161 1
162 1
163 1
164 1
165 1
166 1
167 1
168 1
169 1
170 1
171 1
172 1
173 1
174 1
175 1
176 1
177 1
178 1
179 1
180 1
181 1
182 1
183 1
184 1
185 1
186 1
187 1
188 1
189 1
190 1
191 1
192 1
193 1
194 1
195 1
196 1
197 1
198 1
199 1
200 1
201 1
202 1
203 1
204 1
205 1
206 1
207 1
208 1
209 1
210 1
211 1
212 1
213 1
214 1
215 0
216 0
217 0
218 0
219 0
220 0
221 0
222 0
223 1
224 0
225 1
226 1
227 1
228 1
229 1
230 1
231 1
232 1
233 1
234 1
235 1
236 1
237 1
238 1
239 1
240 1
241 1
242 1
243 1
244 1
245 1
246 1
247 1
248 1
249 0
250 0
251 1
252 0
253 0
254 1
255 1
256 0
257 1
258 1
259 1
260 0
261 0
262 0
263 0
264 1
265 0
266 0
267 1
268 1
269 0
270 0
271 0
272 0
273 0
274 0
275 0
276 0
277 0
278 0
279 0
280 0
281 0
282 0
283 0
284 0
285 0
286 0
287 0
288 0
289 0
290 0
291 0
292 0
293 0
294 0
295 0
296 0
297 1
298 0
299 0
300 0
301 0
302 0
303 0
304 0
305 0
306 1
307 1
308 0
309 0
310 0
311 0
312 0
313 0
314 1
315 1
316 1
317 1
318 1
319 1
320 1
321 0
322 0
323 1
324 0
325 0
326 1
327 0
328 0
329 1
330 0
331 0
332 1
333 1
334 1
335 1
336 1
337 1
338 1
339 1
340 1
341 1
342 1
343 1
344 1
345 1
346 1
347 1
348 1
349 0
350 0
351 1
352 0
353 0
354 0
355 0
356 0
357 0
358 0
359 0
360 0
361 0
362 0
363 0
364 0
365 0
366 0
367 0
368 0
369 0
370 0
371 0
372 0
373 1
374 0
375 0
376 0
377 0
378 0
379 1
380 1
381 1
382 1
383 1
384 0
385 1
386 1
387 0
388 0
389 0
390 0
391 1
392 1
393 1
394 0
395 0
396 0
397 1
398 1
399 1
400 0
401 1
402 1
403 0
404 0
405 1
406 0
407 1
408 0
409 1
410 1
411 1
412 0
413 0
414 1
415 1
416 0
417 1
418 0
419 1
420 1
421 0
422 1
423 1
424 0
425 1
426 1
427 0
428 1
429 1
430 1
431 0
432 0
433 1
434 0
435 1
436 0
437 0
438 0
439 0
440 0
441 0
442 1
443 1
444 1
445 0
446 0
447 0
448 0
449 0
450 1
451 0
452 1
453 0
454 1
455 0
456 1
457 1
458 1
459 1
460 1
461 0
462 1
463 1
464 1
465 0
466 1
467 1
468 1
469 1
470 0
471 0
472 1
473 0
474 1
475 0
476 1
477 1
478 0
479 0
480 0
481 0
482 1
483 1
484 1
485 1
486 1
487 0
488 0
489 0
490 1
491 1
492 1
493 1
494 0
495 1
496 1
497 0
498 0
499 0
500 1
501 0
502 1
503 0
504 0
505 1
506 0
507 0
508 1
509 1
510 0
511 0
512 0
513 0
514 0
515 1
516 1
517 1
518 0
519 1
520 0
521 1
522 1
523 1
524 1
525 0
526 0
527 0
528 1
529 1
530 1
531 1
532 0
533 1
534 1
535 1
536 0
537 0
538 0
539 1
540 0
541 1
542 1
543 1
544 1
545 0
546 1
547 0
548 1
549 0
550 1
551 1
552 1
553 0
554 0
555 1
556 0
557 0
558 0
559 1
560 1
561 1
562 1
563 1
564 0
565 0
566 1
567 1
568 1
569 0
570 1
571 0
572 1
573 0
574 1
575 1
576 1
577 1
578 1
579 1
580 1
581 1
582 0
583 0
584 1
585 1
586 0
587 1
588 1
589 0
590 0
591 1
592 1
593 1
594 1
595 0
596 0
597 0
598 0
599 1
600 1
601 1
602 1
603 0
604 0
605 1
606 0
607 1
608 1
609 1
610 1
611 0
612 0
613 1
614 1
615 1
616 0
617 1
618 1
619 0
620 0
621 1
622 0
623 1
624 0
625 1
626 1
627 0
628 0
629 0
630 0
631 1
632 0
633 1
634 1
635 1
636 1
637 1
638 0
639 1
640 0
641 1
642 1
643 0
644 0
645 1
646 0
647 0
648 1
649 0
650 1
651 1
652 1
653 0
654 0
655 0
656 1
657 0
658 0
659 0
660 0
661 0
662 0
663 0
664 1
665 0
666 0
667 1
668 0
669 0
670 1
671 0
672 1
673 1
674 0
675 1
676 1
677 0
678 1
679 1
680 1
681 0
682 0
683 0
684 0
685 1
686 1
687 0
688 1
689 1
690 0
691 1
692 0
693 0
694 1
695 1
696 0
697 0
698 1
699 1
700 1
701 0
702 0
703 1
704 0
705 1
706 0
707 1
708 0
709 0
710 0
711 1
712 0
713 0
714 0
715 1
716 1
717 1
718 1
719 0
720 1
721 1
722 0
723 1
724 0
725 0
726 1
727 0
728 0
729 0
730 1
731 1
732 0
733 0
734 0
735 0
736 1
737 0
738 1
739 0
740 0
741 1
742 0
743 1
744 0
745 1
746 1
747 0
748 0
749 0
750 0
751 1
752 1
753 1
754 0
755 0
756 0
757 1
758 1
759 0
760 0
761 1
762 1
763 0
764 0
765 0
766 0
767 1
768 1
769 1
770 0
771 1
772 0
773 0
774 0
775 1
776 1
777 1
778 0
779 0
780 0
781 1
782 0
783 1
784 1
785 1
786 1
787 0
788 1
789 1
790 0
791 0
792 1
793 1
794 1
795 0
796 1
797 0
798 1
799 0
800 1
801 0
802 0
803 0
804 0
805 1
806 0
807 0
808 0
809 0
810 0
811 1
812 1
813 1
814 0
815 1
816 0
817 0
818 1
819 0
820 0
821 0
822 0
823 1
824 1
825 1
826 1
827 1
828 0
829 1
830 0
831 0
832 1
833 0
834 1
835 1
836 1
837 1
838 0
839 0
840 0
841 1
842 1
843 1
844 1
845 1
846 1
847 1
848 0
849 1
850 0
851 1
852 1
853 1
854 1
855 0
856 1
857 1
858 0
859 0
860 1
861 0
862 1
863 1
864 1
865 1
866 1
867 1
868 0
869 1
870 0
871 0
872 1
873 0
874 0
875 0
876 1
877 1
878 0
879 1
880 0
881 0
882 0
883 1
884 0
885 1
886 1
887 0
888 1
889 0
890 0
891 1
892 1
893 0
894 0
895 0
896 0
897 1
898 0
899 0
900 1
901 0
902 1
903 1
904 0
905 1
906 0
907 1
908 1
909 0
910 1
911 1
912 0
913 0
914 0
915 0
916 1
917 1
918 0
919 0
920 0
921 0
922 0
923 0
924 1
925 1
926 0
927 0
928 1
929 1
930 1
931 0
932 0
933 0
934 1
935 1
936 1
937 0
938 1
939 0
940 0
941 1
942 0
943 1
944 1
945 0
946 1
947 0
948 0
949 0
950 0
951 1
952 0
953 1
954 1
955 1
956 0
957 0
958 1
959 0
960 1
961 1
962 1
963 0
964 1
965 1
966 1
967 0
968 0
969 1
970 0
971 1
972 1
973 0
974 1
975 1
976 0
977 1
978 1
979 1
980 0
981 0
982 0
983 0
984 1
985 1
986 0
987 0
988 0
989 0
990 1
991 1
992 1
993 0
994 1
995 0
996 0
997 1
998 1
999 0
1000 0
1001 0
1002 1
1003 0
1004 0
1005 0
1006 0
1007 1
1008 0
1009 0
1010 1
1011 1
1012 0
1013 0
1014 1
1015 1
1016 1
1017 1
1018 0
1019 1
1020 0
1021 0
1022 1
1023 0
1024 1
1025 0
1026 0
1027 0
1028 0
1029 1
1030 0
1031 1
1032 0
1033 1
1034 0
1035 1
1036 0
1037 1
1038 1
1039 1
1040 1
1041 1
1042 0
1043 1
1044 0
1045 1
1046 0
1047 1
1048 0
1049 0
1050 1
1051 0
1052 0
1053 1
1054 0
1055 1
1056 0
1057 1
1058 0
1059 0
1060 0
1061 1
1062 1
1063 1
1064 1
1065 1
1066 1
1067 0
1068 1
1069 0
1070 0
1071 0
1072 1
1073 0
1074 1
1075 1
1076 0
1077 1
1078 1
1079 0
1080 1
1081 1
1082 1
1083 1
1084 1
1085 1
1086 0
1087 1
1088 0
1089 1
1090 1
1091 1
1092 1
1093 0
1094 0
1095 1
1096 1
1097 1
1098 0
1099 1
1100 0
1101 0
1102 0
1103 0
1104 1
1105 1
1106 1
1107 1
1108 1
1109 1
1110 0
1111 1
1112 1
1113 0
1114 0
1115 0
1116 1
1117 1
1118 1
1119 0
1120 1
1121 1
1122 0
1123 0
1124 1
1125 1
1126 1
1127 0
1128 1
1129 0
1130 1
1131 0
1132 1
1133 1
1134 0
1135 0
1136 0
1137 1
1138 1
1139 1
1140 1
1141 0
1142 0
1143 0
1144 1
1145 0
1146 0
1147 1
1148 0
1149 0
1150 0
1151 0
1152 1
1153 0
1154 1
1155 1
1156 0
1157 1
1158 0
1159 1
1160 1
1161 0
1162 1
1163 0
1164 0
1165 1
1166 0
1167 0
1168 0
1169 1
1170 0
1171 1
1172 1
1173 0
1174 0
1175 1
1176 0
1177 0
1178 0
1179 0
1180 0
1181 0
1182 1
1183 0
1184 1
1185 1
1186 1
1187 0
1188 0
1189 0
1190 0
1191 1
1192 1
1193 1
1194 0
1195 0
1196 0
1197 1
1198 1
1199 0
1200 1
1201 1
1202 0
1203 1
1204 1
1205 0
1206 1
1207 0
1208 0
1209 0
1210 1
1211 1
1212 1
1213 1
1214 0
1215 1
1216 0
1217 1
1218 0
1219 0
1220 0
1221 0
1222 1
1223 0
1224 1
1225 1
1226 0
1227 1
1228 0
1229 1
1230 0
1231 1
1232 0
1233 0
1234 0
1235 1
1236 1
1237 1
1238 1
1239 0
1240 1
1241 1
1242 1
1243 1
1244 1
1245 1
1246 0
1247 1
1248 1
1249 1
1250 0
1251 1
1252 0
1253 0
1254 1
1255 1
1256 1
1257 0
1258 0
1259 1
1260 1
1261 1
1262 1
1263 1
1264 1
1265 1
1266 0
1267 0
1268 0
1269 1
1270 1
1271 0
1272 1
1273 0
1274 1
1275 1
1276 1
1277 1
1278 0
1279 1
1280 1
1281 1
1282 0
1283 1
1284 1
1285 1
1286 0
1287 0
1288 1
1289 1
1290 0
1291 1
1292 1
1293 1
1294 1
1295 0
1296 1
1297 0
1298 0
1299 1
1300 1
1301 1
1302 1
1303 1
1304 0
1305 1
1306 1
1307 0
1308 0
1309 1
1310 1
1311 0
1312 1
1313 0
1314 0
1315 0
1316 1
1317 0
1318 0
1319 0
1320 0
1321 1
1322 1
1323 1
1324 0
1325 0
1326 1
1327 1
1328 0
1329 1
1330 0
1331 1
1332 0
1333 1
1334 0
1335 1
1336 1
1337 1
1338 0
1339 0
1340 1
1341 0
1342 0
1343 1
1344 0
1345 1
1346 1
1347 1
1348 0
1349 0
1350 1
1351 0
1352 1
1353 0
1354 1
1355 1
1356 1
1357 0
1358 1
1359 0
1360 1
1361 1
1362 0
1363 1
1364 1
1365 1
1366 1
1367 1
1368 0
1369 1
1370 0
1371 1
1372 0
1373 0
1374 0
1375 1
1376 1
1377 1
1378 1
1379 0
1380 1
1381 0
1382 0
1383 0
1384 0
1385 1
1386 1
1387 0
1388 0
1389 0
1390 0
1391 0
1392 1
1393 1
1394 1
1395 0
1396 1
1397 0
1398 0
1399 0
1400 0
1401 1
1402 0
1403 0
1404 1
1405 0
1406 1
1407 0
1408 1
1409 1
1410 0
1411 0
1412 0
1413 0
1414 1
1415 0
1416 0
1417 1
1418 0
1419 1
1420 0
1421 0
1422 1
1423 0
1424 0
1425 1
1426 0
1427 0
1428 0
1429 0
1430 1
1431 0
1432 1
1433 1
1434 1
1435 1
1436 0
1437 1
1438 1
1439 0
1440 1
1441 0
1442 1
1443 1
1444 1
1445 0
1446 0
1447 0
1448 1
1449 1
1450 0
1451 0
1452 0
1453 1
1454 0
1455 0
1456 1
1457 1
1458 1
1459 0
1460 0
1461 1
1462 1
1463 1
1464 0
1465 0
1466 0
1467 0
1468 0
1469 0
1470 0
1471 0
