1 1
2 0
3 0
4 1
5 0
6 0
7 1
8 0
9 0
10 1
11 0
12 1
13 1
14 1
15 0
16 0
17 1
18 1
19 0
20 1
21 0
22 1
23 0
24 0
25 0
26 0
27 1
28 0
29 1
30 0
31 0
32 1
33 0
34 0
35 1
36 0
37 0
38 1
39 1
40 0
41 0
42 0
43 1
44 1
45 1
46 0
47 1
48 0
49 0
50 0
51 1
52 0
53 1
54 0
55 0
56 0
57 1
58 1
59 0
60 0
61 1
62 0
63 0
64 1
65 1
66 0
67 1
68 0
69 1
70 0
71 1
72 1
73 0
74 0
75 0
76 1
77 0
78 0
79 0
80 0
81 1
82 0
83 1
84 0
85 0
86 0
87 1
88 0
89 0
90 1
91 1
92 1
93 0
94 0
95 0
96 1
97 0
98 0
99 1
100 0
101 0
102 1
103 0
104 1
105 1
106 0
107 0
108 1
109 1
110 0
111 1
112 1
113 0
114 1
115 1
116 0
117 0
118 0
119 0
120 1
121 0
122 0
123 1
124 0
125 0
126 0
127 1
128 0
129 1
130 0
131 0
132 0
133 0
134 0
135 0
136 0
137 0
138 1
139 0
140 1
141 0
142 0
143 0
144 0
145 1
146 1
147 1
148 1
149 0
150 0
151 0
152 0
153 0
154 0
155 1
156 1
157 1
158 0
159 1
160 0
161 0
162 0
163 0
164 1
165 1
166 0
167 1
168 0
169 0
170 0
171 1
172 0
173 1
174 1
175 1
176 1
177 1
178 0
179 1
180 1
181 0
182 0
183 0
184 1
185 0
186 0
187 1
188 0
189 0
190 1
191 1
192 1
193 0
194 0
195 1
196 0
197 0
198 0
199 0
200 0
201 1
202 0
203 1
204 0
205 0
206 1
207 0
208 0
209 0
210 0
211 0
212 0
213 1
214 1
215 0
216 0
217 0
218 1
219 0
220 0
221 1
222 1
223 1
224 1
225 1
226 1
227 0
228 1
229 0
230 0
231 1
232 0
233 0
234 0
235 1
236 0
237 0
238 0
239 1
240 0
241 1
242 0
243 0
244 0
245 0
246 0
247 1
248 1
249 1
250 1
251 0
252 0
253 0
254 1
255 0
256 1
257 0
258 0
259 0
260 0
261 1
262 1
263 0
264 0
265 0
266 0
267 0
268 1
269 1
270 0
271 1
272 0
273 1
274 0
275 1
276 0
277 1
278 0
279 0
280 0
281 0
282 1
283 0
284 0
285 0
286 0
287 1
288 1
289 0
290 1
291 0
292 1
293 0
294 1
295 1
296 0
297 0
298 1
299 0
300 1
301 1
302 1
303 0
304 0
305 1
306 1
307 0
308 0
309 1
310 1
311 0
312 0
313 0
314 1
315 0
316 1
317 1
318 0
319 1
320 0
321 0
322 0
323 1
324 0
325 0
326 0
327 0
328 1
329 0
330 0
331 1
332 0
333 0
334 1
335 0
336 1
337 0
338 1
339 1
340 0
341 1
342 0
343 1
344 0
345 0
346 0
347 1
348 1
349 0
350 0
351 0
352 0
353 0
354 1
355 1
356 0
357 0
358 1
359 0
360 0
361 0
362 1
363 1
364 0
365 1
366 1
367 1
368 0
369 1
370 0
371 0
372 0
373 1
374 0
375 0
376 0
377 1
378 0
379 0
380 1
381 1
382 0
383 1
384 0
385 0
386 1
387 0
388 1
389 1
390 1
391 0
392 0
393 1
394 0
395 0
396 0
397 0
398 0
399 1
400 1
401 0
402 1
403 0
404 0
405 0
406 1
407 0
408 1
409 0
410 0
411 0
412 0
413 1
414 0
415 1
416 1
417 1
418 1
419 1
420 0
421 0
422 0
423 0
424 0
425 1
426 1
427 0
428 0
429 0
430 0
431 0
432 0
433 0
434 1
435 0
436 1
437 1
438 0
439 0
440 0
441 0
442 1
443 0
444 0
445 0
446 1
447 1
448 1
449 0
450 0
451 1
452 0
453 0
454 1
455 1
456 0
457 0
458 1
459 0
460 0
461 0
462 1
463 0
464 0
465 0
466 1
467 1
468 1
469 0
470 0
471 0
472 1
473 0
474 0
475 1
476 1
477 0
478 0
479 1
480 0
481 0
482 0
483 1
484 0
485 1
486 1
487 1
488 0
489 0
490 0
491 1
492 0
493 0
494 0
495 1
496 0
497 0
498 0
499 1
500 0
501 0
502 0
503 1
504 0
505 0
506 1
507 1
508 0
509 0
510 1
511 0
512 0
513 1
514 1
515 1
516 1
517 0
518 0
519 1
520 1
521 1
522 0
523 1
524 0
525 0
526 0
527 0
528 0
529 0
530 1
531 0
532 1
533 1
534 1
535 1
536 0
537 1
538 1
539 0
540 0
541 1
542 1
543 0
544 1
545 0
546 0
547 0
548 0
549 0
550 1
551 0
552 0
553 0
554 0
555 0
556 1
557 1
558 0
559 1
560 1
561 0
562 0
563 0
564 1
565 0
566 0
567 0
568 1
569 0
570 0
571 0
572 0
573 1
574 1
575 0
576 1
577 1
578 1
579 0
580 0
581 0
582 1
583 0
584 0
585 1
586 0
587 0
588 0
589 1
590 0
591 0
592 0
593 0
594 1
595 0
596 1
597 1
598 0
599 0
600 1
601 1
602 0
603 0
604 1
605 0
606 0
607 1
608 1
609 1
610 0
611 0
612 0
613 1
614 1
615 0
616 0
617 1
618 0
619 0
620 0
621 0
622 0
623 0
624 1
625 1
626 0
627 1
628 0
629 1
630 1
631 1
632 0
633 1
634 0
635 0
636 1
637 1
638 1
639 0
640 0
641 0
642 0
643 1
644 0
645 1
646 1
647 0
648 0
649 1
650 0
651 0
652 0
653 1
654 0
655 0
656 1
657 1
658 1
659 1
660 0
661 1
662 0
663 0
664 1
665 0
666 0
667 1
668 1
669 1
670 0
671 1
672 0
673 0
674 0
675 0
676 0
677 1
678 0
679 0
680 1
681 1
682 0
683 1
684 1
685 1
686 0
687 1
688 0
689 1
690 1
691 0
692 1
693 1
694 0
695 1
696 0
697 1
698 0
699 0
700 1
701 0
702 0
703 0
704 1
705 0
706 1
707 0
708 0
709 0
710 1
711 0
712 0
713 1
714 0
715 0
716 0
717 0
718 0
719 1
720 1
721 1
722 0
723 1
724 0
725 1
726 1
727 1
728 0
729 1
730 0
731 0
732 1
733 0
734 0
735 1
736 0
737 0
738 1
739 0
740 0
741 0
742 1
743 1
744 0
745 1
746 0
747 1
748 0
749 0
750 0
751 1
752 1
753 0
754 1
755 1
756 0
757 1
758 1
759 1
760 0
761 1
762 1
763 0
764 0
765 1
766 0
767 0
768 0
769 0
770 1
771 1
772 0
773 1
774 0
775 0
776 1
777 0
778 0
779 1
780 0
781 0
782 0
783 0
784 0
785 1
786 1
787 0
788 1
789 1
790 1
791 0
792 1
793 1
794 0
795 1
796 0
797 0
798 1
799 1
800 1
801 0
802 0
803 0
804 0
805 1
806 1
807 0
808 1
809 1
810 1
811 0
812 1
813 1
814 0
815 1
816 1
817 1
818 0
819 1
820 1
821 0
822 1
823 0
824 0
825 0
826 1
827 0
828 0
829 1
830 0
831 1
832 0
833 0
834 1
835 1
836 1
837 1
838 0
839 1
840 0
841 0
842 1
843 0
844 1
845 0
846 0
847 0
848 0
849 1
850 0
851 1
852 0
853 0
854 1
855 0
856 0
857 1
858 1
859 1
860 0
861 0
862 0
863 1
864 0
865 1
866 1
867 1
868 1
869 0
870 0
871 1
872 0
873 0
874 0
875 1
876 1
877 0
878 0
879 1
880 1
881 0
882 1
883 1
884 0
885 1
886 0
887 0
888 0
889 0
890 1
891 1
892 1
893 0
894 1
895 0
896 1
897 1
898 0
899 1
900 0
901 0
902 1
903 0
904 0
905 1
906 1
907 1
908 0
909 0
910 1
911 0
912 0
913 1
914 1
915 1
916 0
917 0
918 0
919 0
920 0
921 0
922 1
923 1
924 0
925 0
926 1
927 0
928 1
929 0
930 0
931 1
932 0
933 1
934 1
935 0
936 0
937 1
938 1
939 1
940 0
941 1
942 0
943 0
944 1
945 1
946 1
947 0
948 0
949 1
950 0
951 0
952 0
953 0
954 1
955 0
956 1
957 1
958 1
959 0
960 1
961 1
962 0
963 1
964 1
965 1
966 0
967 1
968 0
969 1
970 1
971 0
972 0
973 0
974 1
975 1
976 1
977 0
978 1
979 0
980 1
981 0
982 1
983 1
984 0
985 1
986 0
987 1
988 1
989 1
990 0
991 1
992 0
993 1
994 0
995 1
996 0
997 1
998 1
999 0
1000 0
1001 1
1002 0
1003 1
1004 0
1005 1
1006 1
1007 1
1008 0
1009 1
1010 1
1011 0
1012 0
1013 0
1014 0
1015 1
1016 1
1017 0
1018 1
1019 0
1020 1
1021 1
1022 1
1023 0
1024 1
1025 0
1026 0
1027 0
1028 0
1029 1
1030 0
1031 1
1032 0
1033 0
1034 0
1035 1
1036 0
1037 0
1038 0
1039 1
1040 0
1041 0
1042 0
1043 1
1044 0
1045 1
1046 0
1047 0
1048 1
1049 1
1050 1
1051 0
1052 0
1053 0
1054 0
1055 0
1056 1
1057 1
1058 0
1059 0
1060 0
1061 0
1062 0
1063 1
1064 0
1065 0
1066 0
1067 1
1068 0
1069 0
1070 1
1071 0
1072 0
1073 1
1074 0
1075 1
1076 1
1077 0
1078 0
1079 0
1080 0
1081 1
1082 0
1083 0
1084 0
1085 0
1086 1
1087 0
1088 0
1089 0
1090 0
1091 1
1092 0
1093 0
1094 0
1095 1
1096 0
1097 0
1098 0
1099 0
1100 1
1101 0
1102 0
1103 0
1104 0
1105 1
1106 0
1107 0
1108 1
1109 1
1110 0
1111 0
1112 1
1113 1
1114 0
1115 1
1116 1
1117 1
1118 0
1119 1
1120 0
1121 1
1122 0
1123 0
1124 1
1125 0
1126 0
1127 0
1128 1
1129 0
1130 1
1131 1
1132 0
1133 0
1134 1
1135 1
1136 0
1137 1
1138 0
1139 0
1140 1
1141 0
1142 0
1143 1
1144 1
1145 0
1146 0
1147 0
1148 1
1149 0
1150 1
1151 1
1152 1
1153 1
1154 0
1155 1
1156 0
1157 1
1158 0
1159 0
1160 0
1161 1
1162 1
1163 1
1164 0
1165 1
1166 0
1167 0
1168 1
1169 0
1170 1
1171 0
1172 1
1173 0
1174 1
1175 0
1176 0
1177 0
1178 1
1179 0
1180 0
1181 1
1182 0
1183 1
1184 1
1185 1
1186 1
1187 1
1188 1
1189 0
1190 0
1191 0
1192 1
1193 0
1194 0
1195 0
1196 0
1197 0
1198 1
1199 1
1200 1
1201 1
1202 1
1203 0
1204 0
1205 0
1206 0
1207 1
1208 0
1209 0
1210 1
1211 0
1212 0
1213 1
1214 1
1215 0
1216 0
1217 1
1218 1
1219 0
1220 1
1221 1
1222 1
1223 0
1224 1
1225 0
1226 0
1227 0
1228 1
1229 0
1230 1
1231 0
1232 1
1233 1
1234 0
1235 1
1236 1
1237 1
1238 0
1239 1
1240 1
1241 0
1242 1
1243 0
1244 1
1245 0
1246 0
1247 0
1248 0
1249 1
1250 0
1251 0
1252 0
1253 0
1254 1
1255 1
1256 0
1257 0
1258 0
1259 0
1260 0
1261 1
1262 1
1263 0
1264 0
1265 1
1266 0
1267 1
1268 0
1269 0
1270 1
1271 0
1272 0
1273 1
1274 1
1275 0
1276 0
1277 0
1278 0
1279 0
1280 0
1281 0
1282 1
1283 1
1284 0
1285 0
1286 1
1287 0
1288 1
1289 1
1290 1
1291 1
1292 1
1293 0
1294 0
1295 1
1296 0
1297 0
1298 1
1299 1
1300 1
1301 0
1302 0
1303 0
1304 1
1305 0
1306 0
1307 1
1308 1
1309 0
1310 1
1311 0
1312 0
1313 0
1314 0
1315 0
1316 1
1317 1
1318 0
1319 1
1320 0
1321 0
1322 0
1323 1
1324 0
1325 0
1326 1
1327 1
1328 0
1329 1
1330 0
1331 1
1332 0
1333 1
1334 0
1335 0
1336 1
1337 0
1338 1
1339 0
1340 0
1341 1
1342 1
1343 1
1344 1
1345 1
1346 0
1347 1
1348 0
1349 0
1350 1
1351 1
1352 0
1353 1
1354 0
1355 0
1356 1
1357 1
1358 1
1359 0
1360 1
1361 0
1362 0
1363 1
1364 1
1365 1
1366 1
1367 0
1368 1
1369 1
1370 0
1371 1
1372 0
1373 0
1374 1
1375 0
1376 1
1377 0
1378 0
1379 0
1380 0
1381 1
1382 1
1383 0
1384 0
1385 0
1386 0
1387 1
1388 0
1389 1
1390 1
1391 0
1392 0
1393 1
1394 0
1395 0
1396 1
1397 1
1398 0
1399 1
1400 0
1401 0
1402 0
1403 1
1404 0
1405 1
1406 1
1407 0
1408 0
1409 0
1410 0
1411 1
1412 1
1413 1
1414 0
1415 1
1416 1
1417 0
1418 0
1419 1
1420 0
1421 0
1422 0
1423 1
1424 0
1425 0
1426 1
1427 1
1428 1
1429 0
1430 0
1431 1
1432 0
1433 0
1434 0
1435 1
1436 1
1437 0
1438 0
1439 1
1440 0
1441 1
1442 0
1443 0
1444 0
1445 0
1446 1
1447 1
1448 0
1449 1
1450 1
1451 1
1452 1
1453 0
1454 0
1455 0
1456 0
1457 1
1458 1
1459 1
1460 0
1461 0
1462 0
1463 0
1464 1
1465 1
1466 0
1467 0
1468 0
1469 0
1470 1
1471 1
