2346
1624
605
751
613
1039
1653
1477
32
2548
391
2035
1033
427
404
1870
1522
2766
2537
1133
996
2133
2251
2569
2758
1874
2322
1507
405
2068
4
151
33
334
1685
1239
1885
635
149
2644
1243
2456
2712
901
97
2366
1062
1724
1469
674
1903
2036
35
2261
1204
1815
801
2841
735
890
451
709
2653
1701
2638
1360
1661
611
1175
876
2888
1128
2114
2188
2190
1921
475
857
360
672
2297
1621
1731
906
1989
897
834
2320
2349
1749
1208
266
1564
664
466
187
1415
2941
1290
106
870
2276
1080
590
1323
928
481
1785
2524
1042
1716
301
2482
2917
984
2223
1792
1099
456
619
2008
2273
649
1100
2214
1794
927
1489
2454
114
800
2740
1294
1900
967
403
2847
1399
1602
2819
1506
2564
2085
1925
2382
921
2895
1626
179
2935
656
1127
2610
1923
1375
1219
1525
1146
2108
2384
1912
1804
1913
819
1121
2348
1118
1109
784
197
1057
826
2046
617
1150
2355
1295
844
359
1172
2438
2267
740
1772
809
1951
2811
2516
1082
2202
1235
1972
1650
2135
1053
50
1233
2852
240
893
2309
1078
163
2597
433
1427
2772
762
453
734
691
1382
2719
2150
1465
1031
2053
2107
1312
381
805
482
2499
1280
395
796
1517
2258
511
1472
468
648
1488
2912
530
2532
525
1129
1634
586
2567
208
1562
1216
2136
681
823
1838
824
2562
471
2433
1069
2159
1308
2640
1824
376
769
2123
686
414
861
540
2269
1959
2793
2259
2167
2755
2817
1691
288
522
1521
2381
1570
1256
1279
2666
1435
773
31
2334
2361
2566
628
447
1030
2237
2039
2531
2149
65
2345
761
74
1811
961
2413
2246
1485
1013
2426
1284
2543
2691
1367
2116
2583
2635
697
1277
1546
45
791
311
357
2937
1079
1071
1566
521
2939
717
675
1011
2827
2842
80
1992
2458
872
250
2112
313
2822
2481
176
2662
1416
2295
1330
1140
1531
1918
2004
1438
2437
896
1986
361
1029
2203
39
1544
2467
2680
196
440
268
1152
1124
1545
2347
2491
752
567
269
1581
2529
1841
2129
1966
1112
2761
284
1370
646
25
1070
1138
102
1979
2927
186
2339
1278
18
1725
1909
1938
94
461
168
164
925
817
1400
652
2249
867
2845
319
874
2451
2857
2462
400
202
155
551
1578
1830
2656
2113
620
340
529
1810
38
1513
1729
2925
1286
775
1320
960
1660
2773
1008
2460
2464
1084
2132
916
1899
2796
1358
2901
2603
2429
1205
1199
790
2196
1641
1511
1163
2665
2142
14
1858
111
2420
470
1930
644
2430
1028
314
1459
148
1533
431
1432
966
1671
1677
1437
713
460
76
1098
1820
1928
1894
944
2507
1698
1319
1144
1931
2423
2057
1606
2887
516
1832
2574
1396
1064
1440
326
2768
654
152
2568
1791
804
2266
1346
1567
1044
1590
1865
2622
926
1901
707
1642
1436
552
2781
1622
1214
1560
2889
1072
2443
1310
134
2226
341
9
2452
1878
2403
786
122
883
911
667
354
230
1240
976
1559
2900
1242
51
352
816
2234
2560
811
162
432
24
2268
2826
1067
744
2303
2335
1217
2759
2476
52
2754
1354
1027
2005
473
2678
2169
2701
424
1730
1174
2205
3
974
1185
510
2172
1495
2544
900
178
305
401
430
545
1674
2368
397
143
1532
1612
2920
550
1908
2828
36
1733
182
2121
1198
2790
708
908
465
2737
536
544
1852
2271
280
1658
2700
670
858
1964
429
1946
1906
1450
660
141
1417
1847
724
1503
1504
1637
783
2907
1086
2100
1336
255
1643
392
534
922
1210
622
1784
1762
158
929
218
1809
1169
2488
231
1023
1002
1335
1165
2372
1869
1645
2370
2147
1967
375
2681
2023
1577
2325
949
547
239
2338
1799
729
610
1924
2500
494
2278
2734
931
938
2745
2125
878
133
474
2929
1721
2263
2517
1750
428
970
77
53
2557
455
1088
624
1456
1021
28
350
989
2021
864
1168
2160
990
2082
875
2587
2310
1764
939
2880
416
78
1859
2003
1
1094
2357
1501
537
2914
2786
1132
766
1652
2379
1812
2869
2013
1430
1464
1075
349
2850
832
1596
1880
1591
411
61
1318
659
2287
2821
1610
1599
1492
2144
322
2615
1696
767
2913
290
2910
2747
291
119
679
1351
2837
696
673
1377
603
594
1334
1061
2862
1949
2431
484
2833
589
173
1982
573
123
950
2165
582
1161
2806
846
1551
2371
2713
1726
2749
1024
184
2414
572
1034
963
2211
81
2201
2300
1892
1861
1649
207
2124
2323
1756
2134
1510
83
1194
2050
1947
1766
1999
2290
2230
1846
1442
2625
1412
2098
1607
1046
1819
1212
852
2104
1851
2883
1872
546
2739
7
92
2227
2095
299
964
2509
907
438
2606
129
845
1665
1569
2332
442
1494
2455
2504
2418
2388
947
1073
2881
329
661
838
2195
2605
2780
1405
1774
684
2
1364
636
1458
1362
2936
2515
2299
1754
2750
1527
1326
630
2175
1745
2682
1664
2878
1274
2173
1854
1004
2863
1238
267
581
2034
1304
1780
2518
677
1709
1487
408
1170
1786
1657
1860
1300
2627
871
2404
631
1431
986
120
914
1040
1065
2636
745
2045
2312
1332
1151
1184
2802
366
2204
2074
1508
263
1162
1528
1987
704
2319
2070
166
934
2174
1553
2079
136
827
54
2427
1353
226
727
1476
1410
1255
387
2066
1463
564
502
1692
1769
2331
2333
2314
584
600
1563
1315
385
2212
1740
1768
1711
923
1317
1863
1444
1213
1722
253
2111
2446
562
1342
561
260
1971
750
1702
1929
2600
203
2890
2373
252
2928
2354
2391
770
1707
1593
2253
1628
2402
1990
2210
23
487
1638
372
1115
2054
394
1017
994
2392
1221
999
1425
2581
2015
107
1886
2765
678
2091
1625
454
1595
2805
131
2012
1997
1738
100
1158
2118
189
1926
995
1876
2639
2641
2561
2222
755
2777
1398
2084
2859
1962
1943
1761
2296
1253
694
1983
1798
1589
49
1616
2179
1670
1160
324
1393
2926
345
2820
1420
1252
1727
2484
256
1484
246
2207
109
993
742
2897
1148
2140
2197
472
483
1941
1259
2306
2158
1759
2063
491
2189
1957
1518
1268
2502
157
1196
378
2042
1157
1050
2465
362
1802
814
557
2219
563
1177
2668
830
1232
1547
821
932
2213
2874
1644
1496
1788
1601
1055
1085
2330
780
971
2141
2421
1940
1203
1770
15
161
1200
1821
808
364
2919
2419
497
1376
410
778
2200
1572
527
1301
2703
520
1347
601
1905
2720
943
2542
1598
968
2145
2483
1105
741
2168
2365
1345
2760
555
1460
1960
2607
1390
2307
1704
599
2803
2558
2153
2496
309
1307
1391
1887
2316
1091
2218
1293
2441
958
2409
236
342
1542
2076
104
2485
1524
743
1479
2292
979
2216
2352
41
205
1097
1074
426
2187
1439
2279
1746
873
2642
1771
1025
2055
1579
274
1608
1010
2139
1829
1775
328
2778
587
93
760
2867
219
1385
2224
323
723
386
2052
2244
807
2549
2576
1891
2711
647
524
1387
1287
1350
2861
377
2274
2017
991
1713
663
2873
144
2533
2380
2337
895
2710
2684
1744
975
1407
2489
1797
1968
2343
1573
1855
118
2119
1327
2829
2473
948
2072
2637
1889
383
969
1984
1969
1603
855
307
2461
2612
2620
965
771
2252
13
2816
1555
2714
95
70
2782
302
2059
2248
2788
2191
705
2872
1741
1917
1793
886
839
190
2916
1939
1675
2695
2725
1147
2563
1048
941
79
792
1662
390
1089
1322
199
1178
1446
420
579
2918
1156
789
379
47
1379
725
1534
2025
1113
2525
101
213
2584
614
1499
1808
1619
1834
91
2184
1667
1296
863
706
2340
2117
909
2247
2152
2908
1123
2030
34
2154
701
43
1751
768
200
1806
640
96
2706
1314
2905
541
2753
110
1826
609
2866
1700
1868
2775
2097
1627
489
945
2807
1963
232
2736
160
183
1104
682
503
437
1915
441
2033
2590
1839
1958
439
2436
1173
2809
2751
1933
1672
2206
2031
1181
17
1867
856
1032
733
2353
1954
1720
881
1850
1136
1167
347
1668
257
1357
1374
1755
2593
1003
2689
1258
2041
2771
1617
1411
2369
1395
1948
1267
700
132
1282
1365
1882
812
153
2289
1036
2648
1371
2860
772
1757
2087
2096
1262
467
398
315
2262
2526
2762
629
2358
1519
2654
2686
444
952
2130
312
578
917
988
1897
1911
1049
2293
1609
940
1833
1448
2009
1586
2915
776
2818
535
985
1058
882
797
638
154
137
1976
103
2835
1229
2527
1583
2313
570
606
2505
1663
2396
2131
2073
2552
1552
2727
1475
1618
2938
799
399
1922
2479
1732
2336
212
1795
2416
2752
1349
2284
1352
1703
933
1679
16
89
181
68
518
1893
818
2186
2746
2679
242
1888
445
2578
1734
1275
2088
1244
1597
1303
1576
1454
1558
298
2652
108
2602
942
2909
2018
2834
888
785
1142
2281
2748
842
2721
2693
2375
641
1122
248
1669
1285
841
2904
2865
2176
2849
597
2192
1149
1481
721
633
373
317
655
1103
1012
2151
523
2616
2588
1245
2814
2767
719
1708
2589
2240
837
2604
978
2040
333
973
946
2285
355
571
702
138
1816
1299
139
2787
981
2530
2657
736
2019
2470
147
1066
1790
476
737
690
125
316
2582
526
1186
2876
739
2709
1873
533
2501
1271
1397
920
258
2649
335
2646
1261
658
227
2556
1052
67
1486
2394
2351
2434
1321
245
1843
2931
1020
1424
722
2410
1348
2156
1896
1230
935
1224
2280
2099
1575
2356
1145
2596
569
46
795
121
2594
422
504
777
2922
813
206
2445
2723
577
5
885
1875
1452
1823
112
957
2824
1202
806
877
560
20
1468
1340
1973
2393
73
825
2756
1673
2621
490
2024
2298
2634
1613
1582
1421
1333
642
1183
2058
951
2503
2080
382
2102
1265
343
2487
1366
592
574
2411
495
2672
2341
1978
718
486
720
1944
2305
1991
286
2288
2812
1688
627
680
66
1758
1705
1736
2047
259
237
710
972
514
2565
75
512
956
2492
1283
588
2599
2163
513
2885
2311
409
2199
464
1998
1514
1386
180
2683
2417
2408
374
1584
1401
2006
1015
1890
2735
1898
2442
1945
1316
2856
1329
1254
1231
1441
2162
2459
1482
2559
2508
859
2580
1155
2016
1191
515
1828
1690
2390
1195
56
177
11
1777
321
2570
2185
2127
10
105
788
2094
2832
1006
479
2764
211
1614
1592
1302
2389
82
1338
2851
98
703
2770
2613
2444
1974
1341
1655
44
2171
2631
803
1742
1778
608
2110
1825
1916
2229
2166
1223
1063
285
1120
728
539
2245
2742
2884
2450
1718
2722
1339
2086
500
1512
469
221
2157
1956
303
2225
643
85
1305
1159
566
1782
2675
2469
836
251
2449
254
1988
1853
64
1461
2729
746
2422
1491
2830
2302
2663
2854
238
1844
2707
434
912
2497
2415
2478
2848
1083
2239
1281
2026
1630
2103
450
1543
1005
802
1981
765
1773
905
798
1548
2217
1632
753
1950
117
1188
2611
452
2255
1060
1381
1369
1222
1753
2138
282
1993
2049
1470
2386
1378
2317
57
983
1842
2785
48
289
1600
2010
692
1965
2573
2480
2264
2774
1864
2879
330
2000
1629
331
1171
1059
1942
2146
1076
229
1408
1659
1423
1404
1087
1932
2893
2534
1249
2178
1356
1526
425
2632
1862
396
559
1096
2902
849
1550
1536
2797
1035
576
124
272
12
781
758
1019
2071
604
1226
2694
1656
1523
1953
2798
2667
668
639
174
2643
1813
2690
918
793
1263
1636
2899
443
738
279
2272
2579
1392
293
2633
241
1490
1568
625
2327
1187
1250
1571
683
1681
2304
904
2235
2585
2815
1500
1515
1818
1699
1466
480
1937
689
2743
2521
1403
2799
711
1090
1288
1018
1164
2671
553
2078
2538
1498
198
1633
2400
1683
2651
2545
889
2510
351
1666
300
1715
1920
492
367
854
2067
2093
2715
1783
1389
757
1119
2398
2265
2882
2730
865
695
1615
528
2228
87
1585
389
902
1686
2350
2934
2011
99
2839
554
2448
930
1211
982
72
626
2360
519
2044
2475
2435
2092
607
1106
2282
1789
30
787
2733
2794
86
1682
1879
276
2193
517
1654
829
2659
2209
1936
616
2875
2891
1480
2401
356
1045
2871
295
2608
1451
2650
1856
1153
215
2831
980
261
1179
2395
1047
2623
822
1910
1884
19
1871
1248
1359
1324
369
1977
1561
1101
1539
2726
1505
2383
1605
1139
1537
880
853
2731
1639
1955
140
2363
2698
2077
1712
2032
828
1009
2490
478
1206
1935
234
1779
2075
2618
2840
884
1022
2572
1388
63
987
2717
384
2101
665
794
2105
90
1478
2523
337
8
2629
891
2457
55
997
2906
1372
165
380
2020
2374
2241
2619
2547
2624
1719
2364
2705
1693
715
435
2453
1914
2014
651
294
2921
1902
195
892
1647
2412
128
2090
899
346
910
2823
2474
1143
2236
2143
223
1228
618
2846
228
2326
1273
130
2164
2626
419
297
1260
558
748
135
2377
2498
413
1291
2177
532
726
1215
1706
2664
1126
446
666
1462
306
2220
2062
2215
1648
1849
2181
2617
1453
1831
1257
1760
954
506
2069
1474
2286
167
1611
1883
1272
2060
1433
556
2183
763
508
2065
593
2677
2362
1081
358
1743
1919
1970
977
1678
2137
249
40
225
1000
462
2864
2592
1483
2801
1781
2037
1180
318
1822
1807
1306
831
1837
820
1419
217
1218
2658
332
127
2577
2376
898
1246
2704
264
1502
59
1056
1038
2061
2553
687
2550
955
2687
2892
2763
538
924
1535
2930
1247
170
1406
2283
1095
193
1748
458
712
1110
417
1309
1554
1473
1455
1289
2702
1697
1026
1116
172
1493
2155
645
262
1125
2126
936
850
637
2591
1207
2128
2511
2898
998
754
2551
2424
116
2586
1723
1631
287
657
2676
1587
2493
37
1422
436
2598
1471
693
2804
2294
1787
2233
2387
1866
1497
759
2405
669
1540
1449
1796
1557
2447
2056
2043
60
2250
277
869
1635
1190
549
602
2732
2609
583
2318
1623
2783
2554
2858
1270
457
1429
879
418
1361
542
2115
1676
1276
2792
1154
2855
782
937
962
1107
1961
1443
1651
1043
2231
406
1805
204
1646
2541
1565
304
265
2894
273
1093
2708
1687
1877
1363
1297
2486
732
698
568
2513
815
2838
595
2877
1355
2512
1209
1266
1241
756
835
146
2170
1234
156
388
1325
1735
2843
2696
2122
1189
501
2308
1001
2425
1166
2546
2685
488
779
685
1927
1680
1092
308
565
1111
0
992
1881
1292
1549
145
2198
596
1594
2242
1520
1137
2407
421
214
621
1108
2903
499
509
894
192
169
1051
310
915
1710
171
2660
1130
1845
2688
2647
2630
2027
1402
353
2595
2243
1995
2232
194
233
1331
175
1640
21
2083
1556
2064
1176
764
1016
1264
1765
449
2716
6
2741
281
1895
58
1311
2670
2896
292
2315
1739
953
1907
919
860
2540
730
2940
2645
2428
671
42
731
1604
2439
650
2238
1409
1529
210
1193
1994
2342
325
2180
185
1227
2853
407
2575
126
1817
653
270
2329
2674
2120
2535
2514
2924
2081
1457
676
1131
1328
2468
2886
498
201
634
363
833
62
2378
2344
113
1134
485
1857
2321
2699
623
632
1197
1952
368
2270
1509
1836
336
1840
339
327
1236
531
412
1225
2495
150
505
1201
1337
2655
1251
2779
1541
188
848
959
2109
1717
1114
747
2463
1434
2539
1467
235
370
1695
2692
2440
1763
851
71
88
2519
2932
371
1767
2776
1269
2813
749
598
2275
278
1298
1620
913
2494
459
493
699
2324
283
1428
1975
2601
2800
2471
2161
29
1985
477
2466
615
344
1068
1801
612
887
2001
1848
2571
2256
2769
548
222
2784
1343
2661
1418
2724
2520
1996
448
2002
1684
862
2844
2399
2536
496
2397
2810
2718
1384
423
1426
348
2472
2089
2051
1041
1102
275
1414
1135
2789
2614
2007
2367
1220
2825
1747
1588
2182
243
2911
2744
1752
2528
2221
1141
1574
1237
2254
220
2022
2738
1538
2194
1694
1077
1714
296
868
216
2522
2277
2669
507
580
2029
1413
1117
688
2757
2728
2028
1007
1192
2385
2791
591
2301
1776
1344
115
209
2106
1037
2432
1934
2628
320
810
1014
2477
224
22
2506
1827
847
1380
575
415
1182
774
2836
84
1530
2048
840
1054
716
1383
2808
2870
2208
244
2933
1689
2868
543
1803
843
338
903
142
247
2673
2260
402
1835
1373
2148
1800
365
2697
1447
2359
1814
1394
1728
2795
1516
2038
159
2406
2257
714
2923
1737
191
1580
1445
662
1980
585
2328
1368
69
1904
393
1313
2291
26
866
463
2555
271
27

