2369
676
72
2754
2661
1535
1110
1056
129
1859
351
2326
547
872
600
2666
2719
254
742
1735
2824
53
195
1883
1706
153
206
2619
1276
2372
1632
137
2840
1395
1697
209
2178
1650
2708
2137
2047
1699
2707
2055
966
2551
804
2180
461
388
1668
1132
2541
1595
2711
2572
475
93
624
1971
2933
2298
648
1323
2549
2804
514
202
1602
2231
1681
784
1835
267
1134
1919
1503
2086
1099
1786
454
785
417
1725
2291
1634
1362
2118
823
1101
1261
1551
567
2621
2275
1426
1536
2106
486
1219
915
541
2192
1118
2274
2342
2509
332
424
1669
2752
37
396
2288
608
1361
2580
706
1624
2349
493
2662
809
1383
1749
2595
2685
2892
2609
385
2498
962
870
358
2862
116
1397
1166
1207
2432
39
555
960
2353
2712
2695
636
2571
2376
1129
1517
1473
1644
2618
1186
2720
2524
2271
348
11
2745
524
2694
1724
713
1314
260
1430
319
1657
290
1937
2478
2818
1055
2553
1217
2233
1373
2212
246
2215
722
1845
1945
1298
2930
2832
1594
1003
123
1244
1349
2776
565
2286
2065
1600
1556
398
2302
596
1584
874
141
2864
1320
2786
1525
1013
1330
828
2830
767
371
2004
2483
292
1076
2866
1061
1675
274
2593
2450
625
359
142
2785
2747
2779
484
2856
1008
1561
2875
1970
119
1778
632
1422
2554
472
1043
1570
1843
542
1467
787
2731
2867
2470
1378
249
1676
229
2769
2732
1436
2578
579
2245
2428
1293
1678
325
1007
2112
876
15
2473
270
2602
1442
2648
2334
2916
102
2739
530
1027
2873
1390
817
1914
345
2230
1766
650
115
469
442
2375
1280
1857
515
508
1234
14
2278
2383
2718
1698
2501
564
2631
1224
2871
802
232
31
575
2381
458
84
1653
922
405
184
2700
2453
2124
2303
938
1957
2613
1012
2806
383
1769
1201
1673
1128
1844
1683
2067
2184
849
1031
2000
1499
1211
259
1115
2920
1255
2597
776
857
1661
64
360
298
1630
914
2380
758
1210
2784
30
978
1304
1922
2232
1929
519
2172
883
2071
1662
1476
2569
374
756
521
897
186
2434
1973
1690
1865
483
1948
2728
1152
485
2460
2413
1983
540
2059
2533
1243
1305
176
728
375
2357
908
1315
457
2096
2135
806
2799
1969
2287
2505
2798
1709
1135
500
1569
2710
1526
71
740
132
1176
20
222
2649
606
666
2179
697
2861
778
2880
2574
2360
326
265
2733
1656
1765
617
2583
1222
2025
703
2723
512
1312
2313
1779
127
315
889
1501
1658
692
1492
616
59
1332
1597
1410
2148
1026
1434
282
1181
844
2859
781
904
402
1777
1062
1798
2838
285
875
2305
679
467
2220
2576
1256
2748
1032
2165
63
695
50
860
1959
0
2472
264
2152
1424
1114
1730
2737
476
1085
2241
1842
777
1164
2248
638
357
1191
1269
845
2284
2563
1823
2308
381
1006
1746
1225
2250
1952
1636
1587
1655
2377
24
2808
1626
2285
51
2941
902
1074
1385
2300
2894
2680
2311
731
147
1718
721
1309
1558
1792
1732
1113
173
992
1726
633
639
68
2846
352
2073
2650
2358
1084
1812
2471
2909
278
2193
2738
882
1229
2811
2560
1550
2430
2899
322
1346
263
2926
2037
302
2496
2884
313
887
833
830
394
1272
1327
1993
2200
1566
848
2045
2346
814
1926
2012
1408
556
1625
2486
482
2393
1064
2510
2725
2557
1755
2214
2794
2914
2320
343
373
2713
1772
658
465
1590
2936
2280
421
520
1470
671
982
1567
1549
258
2651
544
1198
963
626
643
1461
559
2410
2664
1273
1248
2138
1379
2445
299
1674
1592
2463
2842
2853
1364
843
2069
1310
1916
1887
1141
2605
2895
1538
1394
1479
2122
2277
318
1791
271
428
1620
2575
1155
47
803
43
2783
865
1174
1235
971
2581
459
197
1785
525
560
2684
1058
118
686
2759
2452
2010
685
2744
2775
2863
2394
1680
1240
464
444
170
1025
1659
479
1192
627
1925
513
2219
324
949
250
820
783
2021
2886
2865
1684
193
2407
2852
1782
1460
179
576
2403
1715
1615
1822
563
2198
1547
613
1840
2340
1635
207
130
451
2519
1068
1979
477
2247
1631
1015
1946
2932
700
2146
2698
1199
528
189
2391
509
2847
2113
2913
1927
316
895
1092
2547
1299
213
687
2821
2504
2726
1209
1271
628
769
168
1530
2194
620
2053
646
2468
892
2624
2392
1663
2531
1734
763
1130
2529
1497
970
2209
1420
2686
724
747
1438
2379
917
489
2099
1215
1348
913
1439
166
1784
349
2517
1195
581
536
416
2570
1290
1204
1417
522
2321
2548
1250
775
2252
846
180
2294
2177
605
943
2001
239
220
1902
1371
1493
279
2559
1020
1028
33
356
1475
2459
101
13
1771
518
1515
976
2352
1351
2902
538
2329
604
2080
861
300
815
711
1443
1016
867
2008
1666
289
191
1554
1159
1849
1073
1070
2418
788
965
792
898
1608
743
2085
1086
346
2234
1850
780
145
2126
2427
87
2173
765
2024
719
619
2235
537
2009
1
1214
2373
423
2506
766
2697
2362
273
1507
2328
1428
1589
1111
490
1077
2072
2658
1278
746
81
1839
100
1389
1667
1388
443
903
1321
379
2881
1931
389
1502
2858
56
1956
2781
1531
2467
1591
641
504
488
1353
106
433
1096
1610
2475
2199
1403
688
380
473
449
1279
445
1793
2542
909
1202
1802
1980
2226
835
2090
2620
2117
481
2371
2761
2663
1071
296
964
440
1171
1121
1829
1861
927
569
2454
2020
2923
128
753
2389
1848
566
2611
334
1335
2931
2325
855
2417
578
44
816
1768
2332
1095
1751
2809
387
2395
958
283
1826
2727
2803
2032
2721
1407
2606
330
2789
738
2139
2807
717
1562
2111
2181
2359
1799
1358
630
2246
378
1302
2378
2876
1213
1002
2906
944
1112
2385
1539
1824
2185
2770
410
2627
2382
2490
2484
657
1533
894
1641
2293
2339
2937
1875
1249
1458
2812
2891
1162
2521
27
2805
2594
552
2561
395
2485
1226
1406
1585
1889
1672
890
2399
2421
501
1405
2422
1881
2481
884
2345
2890
2671
2189
1904
749
1142
1399
996
2702
993
1148
1065
2888
1377
1108
2255
1203
1702
1477
2366
1617
188
2511
2626
662
2534
1313
2114
2049
1593
110
1827
367
174
1560
2622
2147
418
1124
114
2929
317
2910
1670
2465
1120
1578
1627
1575
1253
2314
293
2244
2408
1707
252
1640
2703
1190
2934
2384
148
774
1019
1382
1586
2132
1048
159
1168
659
2268
1748
2682
2872
29
1421
768
280
2641
837
2857
794
60
2701
1178
2777
1447
2133
923
2681
1200
502
1081
1934
1855
1529
1664
1905
699
698
986
390
329
1737
143
17
2420
2904
1011
821
2905
1153
1505
2400
720
2647
74
1295
361
1251
154
2693
377
58
2412
236
1045
2344
881
1745
2772
1643
878
1878
1054
725
2672
858
432
735
471
2153
1781
1263
2015
354
2592
1098
795
362
1400
1453
2935
2817
2095
2640
1264
2331
2683
183
2341
1621
2016
1060
2564
672
2458
1509
957
1343
1143
1623
677
2939
799
2354
2530
1478
200
1605
1638
1136
2197
2746
611
80
744
1221
242
2229
73
941
1764
244
2087
1743
1188
649
426
2356
1149
2374
2143
1682
2444
281
25
146
868
460
2774
2223
2600
1093
1966
251
2451
2590
1445
225
1695
1545
178
2448
2917
2256
1958
2588
1642
2767
1072
2854
1999
1510
1286
194
38
2161
983
2628
935
1951
539
847
1949
1990
214
1483
1165
588
885
431
1402
1717
22
155
323
1123
675
344
2461
1167
1660
90
1783
750
42
2003
2336
2878
1387
1686
2813
26
1133
2623
859
144
2715
79
2528
764
1989
98
1953
663
2102
1336
1553
1040
2136
1039
2092
2011
1871
2240
551
2202
2766
985
2829
1287
1965
463
2566
610
2489
305
2741
734
1288
531
91
1001
757
796
1901
2491
580
1030
1297
2558
1474
1776
1185
912
609
1513
2537
1119
1689
1514
2151
1052
1241
1366
1105
340
363
2544
2044
553
899
92
2589
2652
450
714
920
1079
2638
2494
2218
1974
2144
2877
869
1233
1906
2187
2204
951
261
994
2210
891
836
1860
1431
2924
880
2170
36
1469
2585
2077
205
2476
2522
2928
2115
196
1728
1491
953
1161
1087
1579
505
96
990
65
448
1739
2493
409
2546
2831
618
2058
1139
2479
419
1576
2206
1381
1414
2689
2365
2462
2227
2500
1961
2276
1851
634
399
1177
1193
931
614
1285
2158
1106
1648
2335
1540
652
291
1893
674
1372
1896
2743
2038
1268
2706
704
2653
2536
1495
851
1819
1790
1729
1733
866
1629
730
167
1997
1446
2242
2625
587
2868
1401
940
532
1316
310
2083
88
2582
437
335
2614
430
1731
2573
370
977
46
2518
2282
1609
1322
1259
1710
237
989
429
937
2898
312
1915
103
1103
1982
2815
926
2169
655
2315
499
2279
247
2052
1216
969
527
1703
5
4
406
2222
2740
2094
1962
1873
1365
1409
1521
2411
1368
739
1738
1075
230
1283
727
2882
1740
1918
2657
2261
1303
1907
1582
2438
932
1146
1047
2281
368
99
2512
2149
1601
1572
2100
1869
1816
434
640
2423
946
656
2098
2497
1651
526
2610
705
987
736
1808
631
2796
2026
455
2742
2191
2317
85
1809
1089
2208
320
516
1107
602
1392
1511
57
939
2150
1170
2107
1955
224
1429
1464
511
678
275
203
723
1862
1173
165
376
877
612
782
1306
1393
681
2532
2304
786
2820
2751
2273
582
2079
1548
427
2927
10
1281
1932
161
1821
1759
2568
1242
974
1985
2225
201
961
557
827
2469
393
2897
468
752
294
262
2488
1245
2
660
2515
1991
911
1441
2643
545
2828
108
1367
691
1317
2714
1466
1756
2175
89
190
2753
112
2756
585
2084
562
497
1795
2270
954
255
1687
2159
910
2665
1208
598
2127
2598
2778
1150
1360
856
879
234
2508
1603
1908
2636
2363
495
2660
48
2301
2388
2835
2105
2028
549
759
2823
2869
2005
2075
693
1622
2348
2758
1885
1996
1633
19
647
1920
219
1042
2390
1067
97
453
2502
2644
2763
1803
1252
1311
1671
2577
2091
1770
622
1274
2704
66
1228
597
2826
1486
1546
2567
968
2019
1903
1147
1606
1583
507
2449
1930
1069
2043
2156
2299
1411
863
682
1921
2855
595
2176
2656
301
1175
2254
1328
733
1975
266
2406
2265
2477
1834
1720
2414
1331
1291
295
83
2397
593
268
2436
729
474
1877
543
240
761
2078
2337
2514
972
689
2482
1691
2013
568
1665
2104
2324
1943
947
1817
1238
594
1909
1789
503
1847
1404
2822
1750
365
2027
2565
1059
1646
1701
924
1986
2125
2797
2507
1872
1978
554
121
653
615
221
2637
1063
1936
2464
45
1494
2109
854
1711
2716
2455
967
1866
2674
1231
1158
1329
1194
2893
1528
1654
2039
1818
1035
408
2097
78
86
23
2061
2722
2696
1044
1813
1679
2260
2480
1512
1688
338
2186
811
478
1846
1018
1542
1628
2874
1543
2076
637
2911
1126
773
1774
2841
2870
1183
1057
1796
253
888
400
583
215
1131
1565
2425
1696
2330
1613
2492
139
506
2316
397
936
2217
601
1156
441
70
1396
2269
510
1247
1267
1340
2355
1825
2848
1757
948
1117
2190
2550
1465
2290
2556
1370
607
997
2060
1564
494
2023
2918
599
1369
175
1987
2889
1239
1892
1415
172
1524
2257
204
1923
1563
245
248
496
1863
333
2116
2333
1837
2267
2312
1964
1345
1236
2907
2670
2283
2642
2387
950
573
2836
1227
2322
1334
1611
1157
2679
1220
198
391
1352
2182
1459
590
1616
2757
1046
916
690
1820
2442
808
1004
2018
2101
2224
2709
1319
2755
1767
2007
571
1090
149
382
2110
2724
2596
2319
2601
1277
1036
2938
2343
1021
1009
2792
2237
1516
2802
2668
2457
1462
1864
182
517
1924
1913
452
1342
2860
2216
696
1471
82
439
1577
34
1800
2603
306
2141
62
2940
1544
2131
331
1580
2750
1083
2347
1992
2655
1023
1721
1618
988
2433
1184
104
683
1890
105
2520
1140
1498
286
1391
152
3
2062
1910
1942
1968
2633
1744
366
211
906
1797
813
2327
1912
1868
238
701
2168
1880
1127
41
1102
1911
2921
2630
1727
797
2266
2760
1066
1254
2051
2646
2119
347
561
801
2211
217
2351
163
1496
1339
789
1853
716
2764
40
1677
791
1484
1412
1490
2036
2409
707
2140
2810
2041
1775
2386
852
535
2338
157
755
1260
1599
2370
1614
2814
422
243
2435
1647
1604
1832
1325
1938
407
12
826
2535
2367
1078
126
297
134
2057
1637
2801
726
925
2599
2782
2734
1300
77
2690
839
929
1598
1282
853
1163
1645
825
1508
1870
1518
807
6
1232
1344
871
2014
177
1180
28
257
2350
2543
1444
1488
2142
558
2540
2538
1752
831
54
741
2834
2919
2129
1722
2523
621
425
1169
2915
2006
1704
2833
1588
269
979
337
1998
772
2499
1898
2364
1788
1355
665
342
487
2213
1109
1520
49
661
919
2054
2002
447
2503
793
2765
164
1763
2591
392
158
208
550
1519
1080
1427
2562
1841
1884
1350
2188
2201
1326
1652
404
1856
1418
2615
1807
862
1981
1425
150
223
2035
52
1341
2309
413
2608
2555
1838
745
1296
256
2616
1541
1324
2154
2130
435
2447
1705
76
1468
2031
805
1354
107
1432
2887
75
1960
2513
1419
1639
1091
1571
7
893
327
748
603
1187
2368
69
2404
287
842
2398
2768
2896
216
2056
984
2296
2883
779
21
2787
2762
702
1489
2901
771
709
2108
2495
572
1375
1977
2221
1815
2160
810
1380
2228
162
1555
1886
754
1944
228
2441
1894
169
1716
436
339
2236
2675
125
210
2064
1356
1685
1284
1967
2238
2639
1262
181
1333
2310
336
1454
2736
414
2717
199
2845
32
1882
570
2466
309
2046
2439
2068
2195
111
1607
1831
113
2677
2632
308
2424
1487
2527
2819
2419
1780
2416
2120
341
1337
2687
2243
192
1522
1573
1154
2922
1456
1000
1723
2539
1480
1805
1963
212
995
1713
364
2259
1463
420
1033
2607
824
233
2791
1941
1423
2205
1137
1694
438
2251
921
1581
2166
2082
2586
2415
2545
684
1014
2089
2587
1122
834
2272
1435
2123
1693
1753
2749
2297
353
523
1266
307
1836
1051
1386
2174
1022
1457
1747
2844
1754
2134
480
2850
355
372
1736
1376
1708
1308
645
1237
2729
1897
2912
1984
592
2323
1160
1537
277
1097
2851
1145
16
2074
1947
999
2318
1116
644
117
819
133
668
1874
1100
1258
94
2474
1144
2773
2042
667
466
2678
1448
1038
109
160
284
1270
2925
2093
226
2249
2426
350
1196
2033
1742
1988
1455
1289
928
18
2103
2795
1037
1995
577
1649
2793
1935
1692
1811
2604
664
2816
2584
231
2262
1810
670
2516
2164
1197
975
1481
2525
651
945
2691
708
2699
635
956
918
276
2839
131
812
2705
136
2070
840
2780
959
2183
2088
1088
1804
2171
529
1223
2843
2207
1338
1017
1413
2837
1939
1760
2635
980
446
1416
1151
2295
1976
1552
1449
1506
1257
2203
822
1758
2446
2155
2552
1357
790
1433
384
1359
1437
2612
411
2063
838
1034
1482
303
1347
715
1714
2849
623
2405
1557
2908
1024
2121
122
2437
841
1206
2429
1787
235
2673
1384
1041
2692
2629
800
818
2645
2443
1794
1899
1773
900
415
1125
718
2487
140
1246
412
67
2163
1994
2825
574
2900
187
2579
712
905
1928
2800
1172
1762
770
1005
1205
120
401
2730
1619
2081
907
589
135
2402
386
2735
314
2289
2440
2034
973
2431
1917
2264
1612
156
2790
873
1940
2145
1876
2128
1900
1010
95
1574
2396
151
2040
1094
1049
591
1212
1972
1806
654
1867
1527
1189
864
1182
933
546
2167
981
991
1230
2048
1741
2307
2788
1374
1301
1504
798
1398
896
1294
2263
850
1218
694
35
470
2771
930
1950
369
124
1888
2066
1138
737
669
2526
1440
942
61
629
1534
2017
1452
328
642
1761
1265
2401
1954
533
1104
1307
1858
1700
680
2634
1485
2050
1801
584
2827
1712
138
227
2162
2157
462
832
2022
2885
1292
1472
1830
2688
2659
491
218
2030
1450
732
1050
1082
1891
288
534
2669
762
171
1029
1933
548
272
1879
1852
1814
2654
2292
311
456
998
1854
2306
710
492
673
1828
1719
1833
2676
498
760
9
2029
1451
2361
8
2253
901
241
751
55
1559
886
403
1523
1363
1895
1053
1179
1596
1318
2196
2258
955
2879
2667
321
1568
1275
2239
2617
2456
185
829
952
586
1532
304
1500
934
2903

