1 1
2 0
3 0
4 1
5 1
6 1
7 1
8 1
9 1
10 1
11 0
12 1
13 0
14 0
15 1
16 1
17 1
18 1
19 0
20 1
21 0
22 0
23 0
24 1
25 0
26 0
27 0
28 0
29 0
30 0
31 0
32 1
33 0
34 0
35 1
36 0
37 1
38 1
39 0
40 0
41 1
42 0
43 0
44 1
45 1
46 1
47 0
48 0
49 0
50 0
51 0
52 0
53 0
54 1
55 1
56 1
57 1
58 1
59 0
60 1
61 0
62 0
63 1
64 1
65 1
66 0
67 0
68 1
69 0
70 0
71 0
72 1
73 0
74 0
75 0
76 1
77 0
78 0
79 0
80 1
81 0
82 1
83 0
84 0
85 1
86 0
87 0
88 0
89 0
90 0
91 1
92 1
93 0
94 1
95 0
96 1
97 0
98 0
99 1
100 0
101 0
102 1
103 1
104 0
105 0
106 1
107 0
108 1
109 1
110 1
111 0
112 1
113 0
114 1
115 1
116 1
117 0
118 1
119 0
120 1
121 1
122 1
123 1
124 0
125 0
126 0
127 0
128 1
129 1
130 1
131 0
132 0
133 1
134 1
135 1
136 1
137 1
138 0
139 0
140 1
141 0
142 0
143 1
144 1
145 0
146 1
147 1
148 0
149 1
150 1
151 0
152 0
153 1
154 0
155 0
156 0
157 1
158 1
159 0
160 0
161 0
162 0
163 1
164 0
165 0
166 1
167 1
168 0
169 1
170 1
171 1
172 1
173 0
174 1
175 1
176 1
177 1
178 1
179 0
180 0
181 0
182 0
183 1
184 0
185 0
186 0
187 0
188 1
189 0
190 0
191 0
192 1
193 1
194 1
195 1
196 1
197 1
198 1
199 0
200 0
201 1
202 0
203 0
204 0
205 1
206 0
207 1
208 0
209 0
210 1
211 0
212 1
213 0
214 1
215 0
216 0
217 0
218 1
219 0
220 0
221 0
222 1
223 0
224 1
225 1
226 0
227 0
228 1
229 1
230 1
231 0
232 0
233 0
234 0
235 0
236 0
237 1
238 0
239 0
240 1
241 0
242 0
243 0
244 0
245 0
246 0
247 1
248 1
249 1
250 0
251 0
252 0
253 1
254 0
255 0
256 0
257 0
258 1
259 1
260 1
261 1
262 1
263 0
264 0
265 0
266 1
267 1
268 1
269 1
270 1
271 0
272 0
273 0
274 1
275 0
276 1
277 0
278 0
279 1
280 1
281 0
282 1
283 1
284 0
285 0
286 0
287 0
288 1
289 1
290 1
291 0
292 0
293 0
294 0
295 1
296 0
297 1
298 0
299 0
300 1
301 1
302 1
303 1
304 1
305 1
306 0
307 1
308 0
309 0
310 1
311 0
312 0
313 0
314 1
315 1
316 0
317 1
318 1
319 0
320 0
321 0
322 1
323 0
324 0
325 0
326 0
327 0
328 0
329 0
330 0
331 1
332 1
333 0
334 1
335 0
336 0
337 1
338 1
339 1
340 0
341 1
342 1
343 0
344 1
345 0
346 0
347 0
348 0
349 1
350 1
351 0
352 1
353 1
354 1
355 0
356 1
357 1
358 1
359 1
360 1
361 1
362 0
363 0
364 0
365 1
366 0
367 0
368 1
369 1
370 0
371 0
372 1
373 0
374 1
375 0
376 1
377 1
378 0
379 0
380 0
381 1
382 0
383 0
384 1
385 1
386 1
387 1
388 0
389 0
390 0
391 1
392 0
393 0
394 1
395 1
396 0
397 1
398 1
399 1
400 0
401 0
402 0
403 0
404 1
405 0
406 0
407 0
408 1
409 1
410 1
411 0
412 0
413 0
414 0
415 1
416 0
417 0
418 1
419 0
420 0
421 0
422 1
423 1
424 0
425 1
426 1
427 0
428 0
429 0
430 1
431 1
432 0
433 0
434 0
435 0
436 1
437 0
438 1
439 0
440 0
441 1
442 1
443 0
444 0
445 0
446 0
447 1
448 0
449 0
450 1
451 0
452 0
453 1
454 0
455 1
456 1
457 0
458 0
459 0
460 1
461 0
462 1
463 0
464 0
465 0
466 1
467 0
468 0
469 0
470 0
471 1
472 0
473 1
474 1
475 0
476 0
477 0
478 1
479 1
480 1
481 0
482 1
483 1
484 1
485 0
486 1
487 1
488 0
489 0
490 1
491 0
492 0
493 0
494 1
495 0
496 0
497 0
498 0
499 1
500 1
501 0
502 0
503 0
504 0
505 0
506 0
507 1
508 0
509 0
510 1
511 0
512 0
513 0
514 1
515 1
516 0
517 1
518 1
519 1
520 0
521 1
522 0
523 1
524 0
525 1
526 0
527 1
528 0
529 0
530 1
531 1
532 0
533 1
534 1
535 0
536 0
537 1
538 0
539 1
540 0
541 0
542 1
543 0
544 1
545 1
546 1
547 0
548 1
549 1
550 1
551 0
552 0
553 0
554 0
555 0
556 0
557 1
558 0
559 0
560 0
561 0
562 0
563 1
564 0
565 0
566 1
567 1
568 1
569 1
570 1
571 0
572 0
573 0
574 0
575 0
576 0
577 0
578 1
579 1
580 1
581 1
582 1
583 1
584 1
585 0
586 0
587 1
588 1
589 1
590 0
591 1
592 1
593 1
594 0
595 0
596 0
597 1
598 0
599 1
600 0
601 0
602 1
603 0
604 0
605 0
606 1
607 0
608 1
609 1
610 1
611 1
612 0
613 0
614 0
615 0
616 0
617 1
618 0
619 1
620 1
621 1
622 1
623 1
624 1
625 1
626 0
627 1
628 1
629 0
630 0
631 1
632 0
633 0
634 0
635 1
636 0
637 0
638 0
639 1
640 0
641 1
642 0
643 0
644 1
645 0
646 0
647 1
648 1
649 0
650 0
651 1
652 1
653 1
654 0
655 1
656 0
657 0
658 1
659 0
660 1
661 0
662 1
663 1
664 1
665 0
666 0
667 0
668 1
669 0
670 1
671 1
672 0
673 1
674 0
675 1
676 0
677 0
678 0
679 1
680 1
681 0
682 1
683 0
684 0
685 0
686 0
687 1
688 0
689 1
690 0
691 0
692 1
693 0
694 0
695 0
696 1
697 0
698 0
699 0
700 0
701 1
702 1
703 0
704 0
705 1
706 1
707 0
708 0
709 1
710 1
711 1
712 0
713 1
714 0
715 0
716 1
717 1
718 0
719 0
720 1
721 0
722 0
723 0
724 1
725 0
726 0
727 0
728 0
729 1
730 1
731 1
732 1
733 1
734 1
735 1
736 0
737 1
738 1
739 1
740 1
741 0
742 1
743 0
744 1
745 1
746 1
747 0
748 0
749 0
750 0
751 0
752 1
753 1
754 1
755 1
756 1
757 1
758 1
759 1
760 1
761 0
762 1
763 1
764 0
765 1
766 0
767 0
768 0
769 0
770 1
771 0
772 1
773 1
774 1
775 1
776 1
777 0
778 0
779 0
780 1
781 0
782 0
783 1
784 0
785 1
786 0
787 1
788 1
789 1
790 1
791 1
792 0
793 0
794 1
795 0
796 1
797 0
798 1
799 0
800 1
801 0
802 0
803 0
804 1
805 1
806 1
807 1
808 1
809 0
810 1
811 1
812 1
813 1
814 0
815 0
816 1
817 1
818 1
819 1
820 0
821 0
822 0
823 1
824 0
825 0
826 0
827 0
828 0
829 0
830 0
831 0
832 1
833 1
834 0
835 1
836 1
837 0
838 1
839 1
840 0
841 1
842 1
843 1
844 1
845 0
846 1
847 0
848 1
849 0
850 1
851 0
852 1
853 0
854 0
855 1
856 0
857 1
858 0
859 0
860 0
861 0
862 0
863 0
864 0
865 1
866 0
867 0
868 1
869 0
870 0
871 1
872 1
873 0
874 0
875 1
876 0
877 0
878 1
879 0
880 0
881 1
882 0
883 0
884 1
885 0
886 0
887 1
888 1
889 1
890 1
891 0
892 0
893 0
894 0
895 0
896 0
897 0
898 0
899 1
900 0
901 0
902 0
903 1
904 1
905 1
906 1
907 0
908 0
909 0
910 0
911 1
912 0
913 1
914 1
915 0
916 1
917 1
918 0
919 0
920 0
921 1
922 1
923 1
924 0
925 0
926 1
927 0
928 0
929 1
930 0
931 1
932 0
933 0
934 1
935 1
936 1
937 1
938 1
939 0
940 0
941 0
942 0
943 1
944 1
945 1
946 1
947 1
948 1
949 1
950 0
951 1
952 1
953 1
954 1
955 0
956 1
957 1
958 1
959 1
960 0
961 1
962 1
963 0
964 1
965 1
966 1
967 1
968 1
969 1
970 0
971 1
972 0
973 1
974 0
975 1
976 1
977 1
978 0
979 0
980 1
981 0
982 1
983 1
984 1
985 0
986 0
987 0
988 0
989 0
990 0
991 1
992 1
993 1
994 0
995 0
996 1
997 0
998 1
999 0
1000 0
1001 1
1002 0
1003 1
1004 0
1005 1
1006 0
1007 1
1008 1
1009 1
1010 0
1011 0
1012 0
1013 1
1014 0
1015 1
1016 1
1017 0
1018 1
1019 1
1020 0
1021 0
1022 0
1023 1
1024 0
1025 1
1026 0
1027 1
1028 1
1029 1
1030 1
1031 0
1032 0
1033 1
1034 1
1035 0
1036 0
1037 0
1038 1
1039 0
1040 0
1041 0
1042 0
1043 0
1044 0
1045 0
1046 0
1047 0
1048 0
1049 0
1050 0
1051 0
1052 0
1053 0
1054 1
1055 0
1056 1
1057 1
1058 0
1059 0
1060 0
1061 1
1062 1
1063 1
1064 0
1065 1
1066 0
1067 0
1068 1
1069 1
1070 0
1071 1
1072 0
1073 0
1074 1
1075 0
1076 0
1077 0
1078 1
1079 1
1080 1
1081 1
1082 0
1083 0
1084 0
1085 0
1086 0
1087 1
1088 1
1089 0
1090 0
1091 0
1092 1
1093 0
1094 0
1095 0
1096 0
1097 1
1098 1
1099 1
1100 1
1101 1
1102 1
1103 0
1104 1
1105 0
1106 0
1107 0
1108 0
1109 0
1110 0
1111 1
1112 1
1113 0
1114 1
1115 0
1116 0
1117 0
1118 1
1119 1
1120 0
1121 1
1122 0
1123 0
1124 0
1125 0
1126 1
1127 0
1128 0
1129 1
1130 0
1131 1
1132 0
1133 0
1134 0
1135 1
1136 1
1137 0
1138 1
1139 0
1140 1
1141 1
1142 0
1143 1
1144 1
1145 1
1146 1
1147 1
1148 1
1149 0
1150 1
1151 0
1152 0
1153 0
1154 0
1155 0
1156 1
1157 0
1158 0
1159 0
1160 0
1161 0
1162 0
1163 0
1164 0
1165 1
1166 1
1167 0
1168 0
1169 0
1170 0
1171 0
1172 1
1173 1
1174 0
1175 0
1176 1
1177 0
1178 1
1179 0
1180 1
1181 1
1182 0
1183 1
1184 0
1185 1
1186 1
1187 0
1188 1
1189 0
1190 1
1191 0
1192 0
1193 0
1194 1
1195 1
1196 0
1197 0
1198 1
1199 0
1200 1
1201 1
1202 0
1203 0
1204 0
1205 1
1206 1
1207 0
1208 0
1209 0
1210 1
1211 0
1212 1
1213 0
1214 1
1215 0
1216 1
1217 1
1218 1
1219 1
1220 0
1221 0
1222 0
1223 0
1224 0
1225 1
1226 1
1227 0
1228 1
1229 1
1230 0
1231 0
1232 1
1233 0
1234 1
1235 1
1236 0
1237 1
1238 0
1239 0
1240 1
1241 1
1242 1
1243 1
1244 1
1245 1
1246 0
1247 0
1248 0
1249 1
1250 1
1251 1
1252 0
1253 1
1254 1
1255 1
1256 1
1257 0
1258 0
1259 1
1260 1
1261 0
1262 0
1263 1
1264 1
1265 0
1266 1
1267 1
1268 0
1269 0
1270 1
1271 0
1272 0
1273 1
1274 0
1275 0
1276 0
1277 1
1278 1
1279 0
1280 1
1281 1
1282 0
1283 0
1284 0
1285 0
1286 1
1287 0
1288 1
1289 1
1290 1
1291 1
1292 0
1293 1
1294 1
1295 0
1296 1
1297 1
1298 1
1299 1
1300 1
1301 1
1302 0
1303 1
1304 0
1305 1
1306 1
1307 0
1308 0
1309 0
1310 1
1311 1
1312 1
1313 0
1314 0
1315 0
1316 0
1317 0
1318 0
1319 0
1320 0
1321 0
1322 0
1323 0
1324 0
1325 0
1326 0
1327 0
1328 0
1329 1
1330 0
1331 0
1332 1
1333 0
1334 0
1335 0
1336 0
1337 0
1338 0
1339 0
1340 0
1341 0
1342 1
1343 1
1344 1
1345 1
1346 1
1347 1
1348 1
1349 1
1350 1
1351 0
1352 0
1353 1
1354 0
1355 0
1356 1
1357 0
1358 1
1359 0
1360 1
1361 0
1362 0
1363 1
1364 0
1365 0
1366 1
1367 0
1368 1
1369 1
1370 1
1371 0
1372 1
1373 0
1374 0
1375 1
1376 0
1377 1
1378 1
1379 1
1380 0
1381 1
1382 0
1383 1
1384 1
1385 0
1386 1
1387 0
1388 0
1389 1
1390 1
1391 0
1392 0
1393 0
1394 1
1395 0
1396 1
1397 0
1398 0
1399 0
1400 1
1401 1
1402 0
1403 0
1404 1
1405 0
1406 0
1407 0
1408 0
1409 0
1410 1
1411 0
1412 0
1413 0
1414 0
1415 1
1416 1
1417 0
1418 0
1419 0
1420 0
1421 0
1422 0
1423 0
1424 0
1425 0
1426 0
1427 1
1428 1
1429 1
1430 0
1431 1
1432 0
1433 1
1434 1
1435 1
1436 0
1437 0
1438 0
1439 0
1440 0
1441 1
1442 0
1443 0
1444 1
1445 0
1446 1
1447 0
1448 0
1449 1
1450 1
1451 0
1452 0
1453 0
1454 1
1455 0
1456 1
1457 0
1458 1
1459 0
1460 0
1461 0
1462 0
1463 1
1464 0
1465 0
1466 0
1467 1
1468 0
1469 0
1470 0
1471 0
