943
2456
1698
1854
2804
2188
818
1829
2761
2668
748
242
1659
1788
412
1859
1805
648
240
2706
116
1299
2030
2036
304
1206
538
2909
2699
1129
552
328
1122
2360
987
2203
2549
2675
1873
360
1530
850
949
400
2329
48
623
1407
161
1266
2200
2764
2905
756
811
2926
2050
1691
732
2475
2737
429
2582
1046
657
999
41
2741
2034
266
2871
812
330
2340
1165
102
2738
1991
1117
1236
1631
546
2215
1042
705
1798
2464
1656
76
1149
2491
1237
1567
2514
2336
2892
1169
589
2772
12
2377
2529
2134
276
928
361
1092
2861
1989
1706
997
2500
466
794
667
2079
2581
1512
1943
258
127
1652
767
2070
2213
2442
1751
1813
159
71
1664
2412
1352
225
2378
420
2420
1630
890
2927
1623
1312
1733
2863
2069
2555
2159
1809
1658
2903
2818
1668
1945
1620
2222
2253
1902
2223
1701
2672
557
1927
383
2631
1302
894
2289
2682
130
85
2408
1672
1424
2124
769
719
2277
1607
554
2848
993
2087
1710
1272
1919
2066
391
1089
2379
1124
205
2466
2570
2540
136
129
867
1836
1026
2637
2664
1543
1852
2309
1835
2932
2073
971
882
853
193
1801
2190
809
738
467
563
1301
900
727
2284
17
2157
2313
2205
2853
2234
1516
1433
634
2306
336
128
485
1187
269
1242
2076
2542
1825
2757
874
135
353
182
1025
700
16
74
712
234
392
2915
2651
805
1860
2667
1815
2937
1083
1168
2671
1297
1021
2536
2858
1130
1033
24
2532
966
673
2572
1354
1700
2120
1669
1897
1968
452
2164
1219
1695
2666
209
1874
2370
2568
2793
1367
2821
1057
2254
948
1002
329
2564
1901
995
2125
1593
933
622
1320
556
1875
2395
2812
1540
606
593
2198
1161
37
92
680
72
1715
403
2252
1192
759
1626
418
7
314
614
2300
1116
840
2794
834
2014
312
1838
1995
684
2460
2559
2194
1887
1154
1437
1468
425
2610
2548
1382
1307
1193
2004
2774
313
681
880
2386
2130
2126
2201
709
109
2776
1758
289
406
892
2214
965
923
184
1550
1066
1049
2133
1936
2802
737
1705
870
1769
2596
1273
1726
1920
1941
1745
646
2048
64
2571
2894
689
2441
1820
2404
1541
1523
1796
1840
1876
1504
1280
1171
1008
1390
271
2815
2161
708
2533
2820
273
2786
2833
1203
1639
788
2384
528
29
49
89
437
195
594
2678
1619
11
1322
2191
1931
1986
1275
1779
1401
2363
2923
2868
1748
2268
1211
530
1967
1090
147
2238
1185
1613
196
2799
1454
2712
96
1379
1846
1696
875
115
1598
1490
2611
866
939
2577
2921
1849
354
294
2746
500
1334
2169
2583
2045
2394
2791
1369
2099
1282
524
2585
1621
1462
1982
2819
1605
1519
2235
2479
1331
2015
1022
2648
1718
2600
2900
836
1760
1075
479
2935
833
2297
904
1581
1435
2474
470
457
1079
73
580
2933
430
947
2543
955
1016
1091
402
873
221
2556
117
2351
863
804
298
2902
1318
2551
1688
2199
2632
2807
1657
2486
331
287
1041
2089
433
1146
8
2068
701
2657
2003
2263
1739
1319
1576
2262
1725
1088
2508
2782
131
925
838
2576
843
1028
1221
1177
813
155
742
339
510
2594
1475
635
568
1484
1557
1743
1226
1708
1455
380
1375
224
2625
2883
2005
1178
938
2148
2492
2603
1448
1992
2401
1497
2139
2723
2248
2314
902
2425
2375
1883
78
1290
2478
1173
713
605
789
1839
645
1496
1634
1702
800
1851
1572
1069
549
2700
785
1791
2406
103
1784
513
2674
2032
1103
2128
2855
482
296
2673
630
2553
620
435
1714
255
2622
1965
199
180
238
655
1373
583
2662
87
1881
305
1602
1400
897
177
2180
2693
1227
2530
2683
459
1704
1398
2321
388
468
685
2364
393
1232
543
202
511
441
2302
2419
167
2750
1345
817
2233
1459
379
334
30
670
2071
1076
2308
2747
449
2781
2825
2178
1765
2453
1204
762
2290
1595
1269
1074
2601
1810
1335
1189
2039
790
1553
750
2383
1179
1845
1853
2634
2913
1934
2206
707
235
1843
679
1976
509
1145
1774
797
2471
887
1679
1872
2739
525
2870
212
267
1900
2146
2006
2202
751
856
2503
717
1378
1612
2726
2283
1932
636
186
2652
2355
2656
984
2635
2733
1200
1135
2140
918
2516
144
2919
616
1095
2827
2573
2485
1034
968
1278
2650
1969
731
664
1624
831
849
1635
2082
1699
2797
931
2524
782
395
576
2714
2566
1153
1577
22
579
367
67
2097
1260
796
1392
1156
2023
2618
2736
1591
911
2469
2373
2711
347
2721
1068
2535
471
1671
1767
778
1896
905
2083
2326
478
574
1755
440
2835
1313
2281
188
2237
601
1606
1172
852
1712
567
1081
2920
1585
2175
2193
2876
2298
340
1110
2267
2421
401
855
2255
2367
1744
2008
365
1108
2832
1053
2211
1709
1677
527
2156
503
1195
725
251
2755
1040
2312
2132
1120
1294
941
2405
2081
2317
883
1546
1855
2450
285
2316
32
917
1645
2591
962
2646
2687
2060
1061
100
2598
1104
832
1248
723
1289
974
1225
2424
2784
1131
2679
348
1341
148
2938
1949
1527
665
825
662
1434
2457
2629
2854
352
2504
1749
1959
1478
1228
2101
114
1559
1198
230
101
1590
677
1938
710
427
1515
570
1293
2311
961
869
2221
2086
52
2061
13
1295
481
879
1799
2655
2129
1399
1697
1903
766
1694
1274
2814
450
1802
133
1215
411
1956
2064
2448
1409
1365
1526
2330
1000
1060
2325
83
1911
637
1601
217
494
1385
1614
1058
1411
394
2845
436
1665
2418
526
404
1216
1797
1404
1340
146
476
674
1024
1636
2220
881
501
972
139
669
236
278
969
2896
2152
1625
1305
1078
2838
2145
1555
343
1786
2177
2852
1209
1449
1587
1245
1686
1422
444
2753
2617
1017
1637
423
2713
2337
1756
2402
53
1210
2606
1037
1483
1213
2318
2691
1977
426
1707
2839
1259
1778
166
2665
111
963
2647
1776
907
1833
1773
1162
2907
686
2496
2028
488
1271
95
252
27
2627
1418
2588
2934
2272
414
1464
2717
2179
2544
250
2241
2554
1793
342
1924
2708
316
2299
1828
2801
1010
2432
1858
795
2928
2084
168
2565
1035
2189
462
2800
1105
1682
169
1279
1029
2703
1097
1018
1265
2382
1043
4
1534
2173
2324
702
93
2247
1253
1627
1716
2150
179
2526
2376
960
2090
458
164
2889
2055
487
1136
1039
1764
1143
1055
824
1123
1366
1507
2715
752
989
1296
151
633
396
1812
2872
2775
783
781
2072
2158
2790
1389
207
967
721
1511
42
2153
668
1880
2372
2643
2597
1007
507
2093
1503
264
122
349
335
493
1112
1816
786
1898
1518
175
2490
540
1346
2307
490
1847
68
1999
2931
2694
615
358
2353
1450
2009
1030
20
2834
978
2136
2338
774
899
1343
2102
2210
2856
1807
233
845
2232
1904
1137
2495
2040
1264
1600
1126
1255
108
990
1062
382
1098
807
837
2906
2866
1888
2769
1477
2282
1347
3
2058
1566
46
2388
1429
1961
1223
2417
332
618
2575
1824
2286
2038
308
119
237
1417
2660
2380
2226
1486
2437
888
2498
682
213
1414
1610
2616
463
2155
263
2787
2167
626
1906
2278
245
2024
1396
1915
715
56
2843
1926
1508
472
2239
2301
754
2697
2227
1472
1465
2621
45
2904
1059
2371
1951
1184
1766
1554
2187
2285
801
2096
1957
1358
368
405
2170
1717
261
1747
1325
1869
284
270
1772
206
940
1159
2877
220
10
1971
2527
417
2225
2785
2830
976
97
988
2704
862
2452
2138
2796
2407
2454
2528
152
1768
1444
1909
1481
1115
94
1638
1164
2788
2899
2345
33
2880
2181
650
265
1476
226
1803
2924
1258
1306
2049
2823
1439
919
2266
860
2731
408
2599
2162
2451
9
2925
1337
675
1298
453
2840
1425
1254
2002
1528
2483
2531
985
2911
1754
2918
2605
1568
745
1724
691
952
1251
1589
86
2261
1642
1270
2743
219
1118
315
842
1864
1990
473
200
2271
2661
1410
1870
407
545
2236
2875
2563
2065
474
937
735
1910
1020
2216
1817
40
558
1673
624
678
84
389
2142
2716
2063
548
1441
2368
1432
981
1609
1594
165
274
2279
1808
1611
2642
865
2557
1972
1351
1750
1482
385
2135
2742
398
1048
210
1549
1548
290
1141
2461
1183
2106
43
2922
279
586
1644
2176
1243
325
390
410
740
2105
1436
1311
2538
753
299
2131
178
1180
38
2391
729
2339
1684
2249
1394
2246
2645
1423
1545
861
415
1837
2315
461
253
1241
1125
14
1333
2116
522
2698
326
929
248
422
2123
627
1109
1790
1678
603
934
2507
1573
2022
991
2422
2607
986
2151
2085
2844
1735
2344
2604
2059
338
730
2569
683
2630
607
724
1984
2624
2103
1757
157
1100
1416
439
34
1513
318
2343
464
1783
2558
1453
2502
2768
1212
2561
792
2369
1384
79
1491
1692
2476
2745
376
2335
642
1914
2013
2385
1405
2841
1942
295
2574
2470
2587
2110
2803
1452
1521
2511
2917
2730
2929
149
1542
124
1
1667
483
2602
2762
138
2163
163
189
2828
434
2143
421
569
936
1134
1188
944
2398
2701
2011
1500
1877
153
871
1402
307
1339
2846
1121
1256
1456
75
1471
51
1721
2878
718
2291
2322
2463
515
2482
1446
1848
2017
1291
2042
2640
174
791
1818
2111
2010
1281
2031
1406
1011
1866
1944
2468
2499
2684
690
185
1722
613
2077
2592
946
243
1268
1633
621
1780
553
1579
260
1730
2690
1970
2413
2112
872
1286
644
2361
1505
2898
903
1632
88
1202
2842
495
591
2515
1073
1317
1309
1240
2824
577
1107
442
2443
2881
1539
2760
1158
1077
820
859
372
1006
1737
1826
2182
1948
2397
2414
914
1933
1862
2270
1711
1890
726
1493
908
1093
2440
241
2798
2416
1947
302
2805
1371
1930
141
281
215
2767
2692
1427
1132
2792
1723
798
2724
126
2740
502
1071
228
1905
454
846
1370
2523
2399
2639
953
1031
280
2430
1430
1628
1681
2016
512
1885
1085
741
2615
2537
1050
1582
2020
2488
2719
239
617
1380
489
2165
2019
1738
384
1355
140
1952
1176
822
1138
35
810
2458
1238
1190
1729
1693
2562
2259
1356
323
2541
979
666
2037
927
776
2865
1111
431
1819
1372
1234
363
2520
744
1063
2489
2304
847
922
1830
214
2525
746
1324
2251
529
2352
537
107
2539
1955
1616
1586
2127
448
1643
1592
2705
827
2273
2280
2149
2882
2356
2857
378
698
706
1599
561
1101
761
533
247
1685
1939
2331
1928
1413
532
1629
80
359
1067
1051
1752
277
1102
1338
176
2758
517
1326
1683
1166
2765
1233
231
1147
964
1787
387
1231
2446
1408
1868
1850
1841
1588
1561
460
921
288
2885
1467
2260
1536
2663
1488
2107
848
2091
2208
1583
1741
1844
1330
1246
1094
2779
2035
63
300
1224
416
1349
609
1004
1615
2113
2613
1506
1662
2822
1368
2771
399
1713
1574
828
1186
654
2027
687
1728
2245
229
2916
1377
1170
1388
970
259
2860
2851
2374
1761
1953
2512
1502
262
216
733
2481
306
2436
292
1929
1054
1584
1160
542
1771
1214
2230
2350
777
658
173
2732
2593
2334
1997
1381
2109
2328
1222
1276
1442
2333
1981
2521
1070
1675
443
2728
1376
446
1151
201
1001
297
1640
227
1871
1867
1964
357
187
1133
1980
640
2686
2633
2696
2449
1899
2349
2229
2100
1922
2007
283
272
1127
930
1470
1666
54
749
438
1551
2462
1831
1893
1443
895
2043
374
2332
2046
720
1119
1814
1150
2729
755
2392
1857
1560
590
2831
547
1878
2219
2813
137
2067
688
125
1907
2276
1734
1128
555
560
364
638
858
1792
244
1993
1387
1832
1654
57
2547
371
519
693
1463
945
2649
2021
2172
1912
2494
628
516
2186
758
2720
232
1096
28
2415
2497
1036
2850
409
651
2320
1421
996
2174
1152
696
190
2141
1785
246
916
584
2435
2147
465
2826
447
2074
2940
1973
1800
110
1019
1014
935
1661
2897
2428
1532
2119
2154
1208
2171
1032
2829
1736
192
2477
695
773
469
2766
2654
477
1015
1937
1393
2847
523
2608
1348
2052
2510
2207
1207
1998
1966
1023
2080
1360
370
2347
2941
1047
1220
2806
1763
1655
142
1479
536
2810
1558
659
2756
321
99
2849
1321
592
704
2390
1544
1603
322
1461
1978
1617
44
2586
1687
573
743
844
397
2837
2212
1087
2218
1562
1894
2789
2429
765
1775
973
2144
799
793
2748
1689
1531
578
2269
898
2094
1013
1310
1044
2244
1622
2688
2264
901
2636
876
69
2358
544
2098
2506
2403
1575
120
2522
912
619
1985
1987
106
2250
857
1963
932
595
90
194
998
2480
2884
310
303
2677
1420
2534
2638
2362
98
2122
1597
2095
1646
1806
6
596
1777
604
1742
2517
26
1003
787
2509
2439
1205
1604
521
1925
1284
39
2323
950
1538
506
145
711
559
2669
652
1167
50
346
2763
562
2265
992
2567
59
61
1533
2505
2427
647
309
2292
2056
2519
1361
2243
2727
2589
249
1578
1529
2939
475
676
324
1563
1842
2612
2026
2204
2092
381
2033
1510
1196
1332
2773
1514
2108
2936
1304
1072
2879
572
1649
2062
893
2433
2770
2658
747
779
31
455
1759
514
60
803
2118
2501
2886
920
2808
1863
2459
780
2644
564
350
1283
2735
2609
571
2930
2381
2890
2342
2197
1303
814
2274
47
1362
608
656
2393
1292
2513
1201
1473
1889
2287
1175
2653
1344
660
1979
36
757
2552
366
386
1517
1856
2341
885
1440
2075
1719
661
878
1886
2710
1564
1509
362
1300
2836
1996
2196
884
736
1247
1547
2910
1618
868
1913
539
158
2680
2041
2795
1277
1571
520
994
1038
2620
320
2389
1191
585
25
2859
2864
2114
291
504
1994
156
1753
286
66
697
1328
5
132
257
1474
19
1731
2447
1918
2366
1520
121
1648
424
1653
2893
631
1960
1569
1822
2228
1391
2676
699
2670
2426
1458
484
1155
2595
1962
1148
2231
1451
105
980
1525
896
2578
1438
598
906
2348
2296
2873
625
1823
432
301
531
1908
1139
959
913
671
1308
2579
1746
2293
877
1353
802
2493
58
62
311
1415
1466
355
2431
1084
2783
575
1975
1917
508
375
198
1789
2051
1142
18
909
891
319
2001
1194
2217
218
2310
341
2012
2354
369
2709
208
2184
2914
1287
1181
118
2183
123
763
1314
2025
1395
2901
2423
2192
2209
2560
983
496
760
333
610
672
1267
550
2319
2695
581
345
1804
764
1727
2387
1323
722
956
1327
1230
2455
954
1250
1197
2751
160
428
2410
1419
703
1252
2722
2327
1492
445
889
1218
1651
327
1641
2359
2257
1794
829
1163
2047
104
1676
256
582
1565
534
2445
2444
2908
1140
1235
492
491
1827
714
2626
1524
942
2545
2689
1080
1485
2619
1027
957
771
2117
2357
254
1005
2487
1288
1217
419
293
835
2816
171
841
600
2550
2862
282
1732
223
1487
1052
1045
1374
1811
716
915
1537
1950
2078
1660
1921
588
1781
1099
1480
2780
1431
1552
1261
565
1740
2754
1489
2473
808
1359
1144
2275
344
2258
2895
1383
23
1263
2224
1114
2752
1670
694
2115
975
2434
1940
480
0
222
1342
1386
1720
91
1884
1262
566
2584
351
1795
2303
377
498
1460
886
150
692
1182
2867
65
2718
2778
1363
456
162
2641
2623
2365
1350
1498
1770
2054
1495
1580
541
2817
597
728
1229
2590
2088
854
1865
926
1494
82
2467
977
1762
2659
2029
1285
775
826
317
2809
211
1674
1357
2777
518
1946
1923
815
1556
1199
643
1570
2137
2195
1106
1916
2057
2888
2396
2518
2000
1065
2725
413
1891
505
1958
2346
1249
2438
958
1535
2546
535
2869
2400
641
2811
924
816
2411
1703
1364
2734
1690
2121
599
81
1239
268
1522
55
2580
1329
632
1082
1954
1157
2484
768
170
2044
951
1445
1316
1680
1821
587
2240
1663
982
1608
772
1988
1882
2887
181
2256
663
2294
2295
21
204
2018
203
1935
819
2409
611
2891
839
499
2166
910
112
2288
2472
373
191
653
1596
2305
2465
2874
1447
1244
2168
2759
1650
2242
1009
864
2614
2681
734
2702
1064
1469
823
2160
497
1647
1892
806
2912
1782
337
2053
1315
1257
1861
15
821
2
2685
2749
77
551
2707
851
2628
1174
639
197
154
134
1412
784
451
70
739
629
1457
1983
172
1834
830
1974
1336
612
1086
486
1403
1879
1012
1397
143
1499
1501
602
1056
2744
356
1426
1895
2185
649
770
113
1113
275
1428
2104
183

