1 1
2 0
3 0
4 0
5 1
6 0
7 1
8 0
9 1
10 0
11 0
12 1
13 0
14 1
15 1
16 0
17 1
18 0
19 1
20 1
21 0
22 1
23 0
24 0
25 1
26 1
27 0
28 0
29 1
30 0
31 1
32 1
33 1
34 1
35 0
36 0
37 1
38 0
39 0
40 1
41 0
42 0
43 0
44 1
45 0
46 1
47 0
48 1
49 0
50 1
51 1
52 1
53 0
54 1
55 0
56 1
57 0
58 0
59 0
60 0
61 1
62 0
63 1
64 1
65 0
66 0
67 1
68 1
69 1
70 1
71 1
72 1
73 1
74 0
75 1
76 0
77 0
78 1
79 0
80 0
81 0
82 0
83 0
84 0
85 0
86 1
87 0
88 1
89 1
90 1
91 0
92 0
93 1
94 0
95 1
96 0
97 1
98 0
99 1
100 1
101 1
102 0
103 1
104 0
105 0
106 0
107 1
108 0
109 0
110 1
111 1
112 0
113 0
114 0
115 1
116 1
117 0
118 0
119 1
120 1
121 1
122 0
123 0
124 1
125 0
126 1
127 0
128 1
129 0
130 0
131 0
132 1
133 1
134 0
135 0
136 1
137 0
138 1
139 0
140 1
141 1
142 0
143 1
144 1
145 1
146 0
147 1
148 1
149 0
150 1
151 1
152 1
153 1
154 0
155 0
156 0
157 0
158 1
159 0
160 0
161 0
162 0
163 0
164 0
165 0
166 1
167 0
168 1
169 0
170 1
171 1
172 0
173 1
174 1
175 1
176 1
177 1
178 1
179 0
180 0
181 1
182 1
183 0
184 1
185 1
186 0
187 1
188 0
189 1
190 0
191 0
192 1
193 0
194 0
195 1
196 0
197 0
198 1
199 0
200 0
201 0
202 1
203 0
204 1
205 1
206 0
207 1
208 0
209 1
210 1
211 0
212 1
213 0
214 0
215 1
216 0
217 0
218 0
219 0
220 0
221 1
222 1
223 0
224 1
225 0
226 1
227 1
228 1
229 1
230 0
231 0
232 0
233 0
234 1
235 0
236 1
237 1
238 0
239 1
240 1
241 1
242 1
243 0
244 1
245 0
246 0
247 1
248 0
249 1
250 1
251 0
252 1
253 1
254 0
255 0
256 0
257 0
258 0
259 0
260 0
261 0
262 1
263 1
264 0
265 1
266 1
267 1
268 1
269 1
270 0
271 0
272 1
273 0
274 1
275 0
276 1
277 0
278 1
279 1
280 0
281 0
282 1
283 1
284 0
285 1
286 1
287 1
288 1
289 0
290 1
291 1
292 0
293 1
294 0
295 0
296 0
297 1
298 0
299 0
300 0
301 1
302 1
303 0
304 0
305 1
306 1
307 1
308 0
309 1
310 1
311 1
312 0
313 0
314 0
315 1
316 0
317 1
318 1
319 0
320 1
321 0
322 1
323 0
324 0
325 1
326 0
327 1
328 1
329 0
330 0
331 1
332 0
333 1
334 0
335 0
336 0
337 1
338 0
339 0
340 1
341 0
342 1
343 0
344 1
345 1
346 1
347 1
348 1
349 0
350 1
351 1
352 0
353 1
354 0
355 0
356 0
357 0
358 0
359 1
360 0
361 0
362 1
363 0
364 0
365 0
366 1
367 0
368 1
369 0
370 0
371 0
372 1
373 1
374 1
375 0
376 0
377 0
378 1
379 1
380 1
381 1
382 0
383 1
384 0
385 1
386 0
387 1
388 0
389 1
390 0
391 0
392 1
393 0
394 0
395 0
396 1
397 1
398 0
399 0
400 1
401 0
402 0
403 0
404 0
405 1
406 0
407 0
408 0
409 1
410 0
411 1
412 1
413 0
414 1
415 1
416 1
417 0
418 1
419 0
420 1
421 0
422 1
423 1
424 1
425 1
426 0
427 1
428 0
429 1
430 0
431 0
432 1
433 0
434 1
435 0
436 1
437 0
438 1
439 0
440 1
441 1
442 0
443 1
444 1
445 0
446 0
447 1
448 0
449 1
450 1
451 0
452 0
453 0
454 0
455 1
456 0
457 0
458 0
459 1
460 1
461 0
462 0
463 1
464 0
465 1
466 0
467 0
468 0
469 1
470 1
471 1
472 0
473 1
474 0
475 1
476 0
477 0
478 0
479 0
480 0
481 0
482 0
483 0
484 0
485 0
486 0
487 0
488 0
489 0
490 1
491 0
492 0
493 0
494 1
495 0
496 0
497 1
498 1
499 0
500 0
501 0
502 1
503 0
504 0
505 0
506 1
507 0
508 1
509 1
510 0
511 0
512 1
513 1
514 0
515 1
516 1
517 0
518 1
519 1
520 0
521 0
522 0
523 1
524 1
525 0
526 0
527 0
528 0
529 0
530 0
531 1
532 0
533 1
534 0
535 0
536 1
537 1
538 1
539 0
540 0
541 1
542 0
543 0
544 0
545 0
546 1
547 0
548 1
549 0
550 0
551 0
552 0
553 1
554 0
555 0
556 1
557 0
558 1
559 1
560 1
561 0
562 0
563 0
564 1
565 0
566 1
567 1
568 0
569 1
570 1
571 0
572 0
573 0
574 0
575 0
576 0
577 0
578 0
579 0
580 0
581 0
582 0
583 0
584 1
585 1
586 0
587 1
588 1
589 1
590 0
591 0
592 0
593 1
594 1
595 0
596 1
597 1
598 1
599 1
600 0
601 0
602 1
603 0
604 0
605 0
606 1
607 0
608 0
609 1
610 1
611 0
612 0
613 1
614 0
615 0
616 1
617 0
618 1
619 1
620 1
621 0
622 1
623 0
624 1
625 1
626 0
627 1
628 1
629 0
630 1
631 0
632 0
633 0
634 0
635 1
636 1
637 0
638 1
639 1
640 1
641 1
642 0
643 1
644 0
645 1
646 1
647 0
648 0
649 0
650 0
651 1
652 0
653 1
654 1
655 1
656 0
657 1
658 1
659 1
660 1
661 1
662 1
663 1
664 1
665 1
666 1
667 0
668 0
669 1
670 1
671 0
672 1
673 1
674 1
675 0
676 1
677 0
678 1
679 1
680 0
681 0
682 0
683 0
684 1
685 0
686 0
687 0
688 0
689 1
690 1
691 1
692 0
693 1
694 0
695 1
696 0
697 0
698 0
699 0
700 0
701 1
702 0
703 0
704 1
705 1
706 0
707 1
708 1
709 1
710 1
711 1
712 1
713 0
714 0
715 0
716 0
717 1
718 1
719 0
720 1
721 0
722 1
723 1
724 1
725 0
726 1
727 0
728 1
729 1
730 1
731 1
732 1
733 0
734 1
735 0
736 1
737 0
738 1
739 1
740 1
741 0
742 0
743 1
744 1
745 1
746 1
747 0
748 1
749 1
750 0
751 1
752 0
753 1
754 1
755 0
756 0
757 1
758 1
759 1
760 1
761 0
762 0
763 1
764 1
765 1
766 0
767 0
768 0
769 0
770 1
771 1
772 1
773 1
774 0
775 0
776 0
777 0
778 1
779 0
780 0
781 1
782 1
783 1
784 0
785 0
786 1
787 0
788 1
789 1
790 1
791 0
792 0
793 0
794 1
795 0
796 1
797 1
798 1
799 1
800 0
801 1
802 0
803 1
804 1
805 1
806 0
807 1
808 0
809 1
810 1
811 0
812 1
813 1
814 1
815 1
816 1
817 1
818 1
819 1
820 1
821 1
822 1
823 0
824 1
825 1
826 1
827 0
828 0
829 0
830 0
831 1
832 1
833 1
834 1
835 1
836 1
837 0
838 1
839 1
840 0
841 0
842 0
843 0
844 0
845 0
846 1
847 0
848 1
849 0
850 0
851 1
852 0
853 1
854 1
855 1
856 1
857 0
858 1
859 0
860 0
861 1
862 1
863 0
864 0
865 0
866 1
867 1
868 0
869 0
870 0
871 0
872 1
873 0
874 1
875 1
876 1
877 0
878 0
879 0
880 0
881 0
882 0
883 0
884 1
885 1
886 0
887 0
888 0
889 1
890 0
891 1
892 1
893 0
894 0
895 1
896 1
897 1
898 1
899 0
900 0
901 0
902 0
903 1
904 0
905 0
906 0
907 1
908 1
909 0
910 0
911 0
912 1
913 0
914 1
915 1
916 0
917 1
918 1
919 0
920 0
921 1
922 0
923 0
924 0
925 1
926 1
927 0
928 0
929 1
930 1
931 1
932 1
933 0
934 0
935 0
936 0
937 1
938 1
939 0
940 0
941 1
942 1
943 0
944 0
945 0
946 0
947 0
948 0
949 0
950 1
951 0
952 1
953 1
954 1
955 0
956 0
957 0
958 0
959 0
960 0
961 1
962 1
963 1
964 1
965 1
966 1
967 1
968 1
969 1
970 1
971 1
972 0
973 0
974 1
975 0
976 1
977 0
978 0
979 0
980 0
981 1
982 0
983 0
984 1
985 1
986 1
987 1
988 0
989 1
990 1
991 1
992 1
993 0
994 0
995 1
996 0
997 0
998 0
999 1
1000 1
1001 0
1002 0
1003 0
1004 1
1005 1
1006 1
1007 1
1008 1
1009 1
1010 0
1011 0
1012 1
1013 1
1014 1
1015 1
1016 0
1017 1
1018 1
1019 0
1020 1
1021 1
1022 0
1023 0
1024 0
1025 0
1026 1
1027 1
1028 1
1029 0
1030 1
1031 0
1032 0
1033 0
1034 1
1035 1
1036 1
1037 0
1038 1
1039 1
1040 0
1041 1
1042 0
1043 0
1044 0
1045 1
1046 0
1047 1
1048 0
1049 1
1050 1
1051 1
1052 1
1053 1
1054 1
1055 1
1056 0
1057 1
1058 0
1059 1
1060 1
1061 1
1062 0
1063 0
1064 0
1065 0
1066 0
1067 0
1068 0
1069 0
1070 1
1071 0
1072 0
1073 1
1074 0
1075 1
1076 1
1077 0
1078 1
1079 0
1080 0
1081 1
1082 0
1083 1
1084 0
1085 0
1086 0
1087 1
1088 0
1089 0
1090 1
1091 0
1092 0
1093 0
1094 0
1095 0
1096 0
1097 1
1098 0
1099 0
1100 1
1101 1
1102 1
1103 1
1104 1
1105 1
1106 1
1107 1
1108 1
1109 1
1110 1
1111 1
1112 1
1113 1
1114 1
1115 1
1116 1
1117 1
1118 1
1119 0
1120 1
1121 1
1122 0
1123 0
1124 1
1125 0
1126 0
1127 1
1128 1
1129 0
1130 0
1131 1
1132 1
1133 0
1134 1
1135 0
1136 0
1137 1
1138 1
1139 1
1140 0
1141 0
1142 0
1143 0
1144 0
1145 0
1146 0
1147 0
1148 0
1149 0
1150 1
1151 0
1152 0
1153 0
1154 1
1155 0
1156 0
1157 0
1158 1
1159 1
1160 1
1161 1
1162 0
1163 1
1164 0
1165 0
1166 1
1167 1
1168 1
1169 0
1170 0
1171 0
1172 0
1173 1
1174 0
1175 1
1176 0
1177 1
1178 0
1179 0
1180 0
1181 0
1182 0
1183 1
1184 0
1185 0
1186 0
1187 0
1188 1
1189 1
1190 0
1191 1
1192 0
1193 0
1194 1
1195 0
1196 0
1197 1
1198 1
1199 1
1200 1
1201 0
1202 0
1203 1
1204 0
1205 0
1206 0
1207 0
1208 0
1209 0
1210 0
1211 0
1212 0
1213 1
1214 1
1215 1
1216 0
1217 1
1218 0
1219 0
1220 0
1221 1
1222 1
1223 0
1224 1
1225 1
1226 1
1227 1
1228 0
1229 0
1230 0
1231 1
1232 0
1233 1
1234 0
1235 0
1236 0
1237 1
1238 1
1239 1
1240 0
1241 1
1242 0
1243 0
1244 0
1245 1
1246 0
1247 0
1248 0
1249 0
1250 1
1251 0
1252 1
1253 1
1254 0
1255 0
1256 0
1257 0
1258 1
1259 1
1260 0
1261 1
1262 0
1263 0
1264 1
1265 0
1266 1
1267 1
1268 0
1269 1
1270 0
1271 0
1272 1
1273 0
1274 0
1275 0
1276 0
1277 0
1278 0
1279 0
1280 0
1281 1
1282 0
1283 0
1284 1
1285 0
1286 1
1287 0
1288 0
1289 0
1290 0
1291 1
1292 1
1293 0
1294 1
1295 1
1296 0
1297 0
1298 0
1299 0
1300 1
1301 1
1302 0
1303 1
1304 1
1305 0
1306 0
1307 0
1308 0
1309 1
1310 0
1311 0
1312 1
1313 1
1314 1
1315 1
1316 1
1317 0
1318 1
1319 0
1320 0
1321 1
1322 0
1323 0
1324 1
1325 0
1326 1
1327 0
1328 0
1329 1
1330 1
1331 1
1332 1
1333 0
1334 1
1335 0
1336 1
1337 1
1338 0
1339 0
1340 0
1341 1
1342 1
1343 0
1344 1
1345 0
1346 0
1347 0
1348 1
1349 0
1350 0
1351 1
1352 1
1353 1
1354 0
1355 1
1356 0
1357 1
1358 0
1359 0
1360 0
1361 1
1362 0
1363 0
1364 1
1365 0
1366 0
1367 1
1368 0
1369 1
1370 0
1371 0
1372 0
1373 1
1374 0
1375 1
1376 0
1377 1
1378 0
1379 0
1380 0
1381 0
1382 0
1383 0
1384 1
1385 1
1386 0
1387 1
1388 0
1389 0
1390 0
1391 0
1392 0
1393 0
1394 1
1395 0
1396 1
1397 1
1398 1
1399 0
1400 1
1401 0
1402 0
1403 1
1404 1
1405 1
1406 1
1407 1
1408 0
1409 1
1410 1
1411 0
1412 1
1413 0
1414 1
1415 0
1416 0
1417 1
1418 1
1419 1
1420 1
1421 0
1422 0
1423 1
1424 0
1425 1
1426 1
1427 0
1428 0
1429 0
1430 0
1431 0
1432 0
1433 0
1434 0
1435 1
1436 1
1437 0
1438 0
1439 1
1440 0
1441 1
1442 0
1443 0
1444 1
1445 0
1446 1
1447 0
1448 0
1449 1
1450 1
1451 0
1452 0
1453 1
1454 1
1455 0
1456 1
1457 0
1458 1
1459 0
1460 1
1461 0
1462 0
1463 1
1464 0
1465 0
1466 0
1467 1
1468 1
1469 0
1470 1
1471 0
