26
518
521
465
1833
158
2106
163
1665
2880
1718
2701
2582
575
345
668
267
2368
713
1722
1167
1765
347
2652
70
159
1057
861
1089
1511
2860
330
2902
14
1489
1966
2684
304
1313
800
2722
1216
45
1054
811
591
1387
924
1891
1204
2097
2731
190
2352
2479
1688
2883
1279
1907
54
544
753
161
1206
425
626
1576
1728
1228
1123
2546
1458
1147
877
88
2498
1569
888
2904
1263
207
1307
245
462
2849
1196
335
2296
1875
2687
964
2525
1093
254
2845
1812
718
2634
1106
372
1101
2277
216
334
179
813
573
1784
2789
1467
826
1893
2181
2622
1768
74
1668
1551
404
955
1016
860
309
9
2332
436
738
1270
2478
198
145
341
75
1625
2278
2252
40
2122
2310
2875
607
798
771
2821
2238
21
1982
2913
566
2933
1754
326
2748
2045
875
948
717
2926
1741
2805
1906
2664
1299
1303
1553
937
1205
956
2523
847
516
274
1316
2025
230
1425
891
2362
2429
60
1541
2492
1142
556
595
1781
362
1130
2400
199
366
2148
609
443
1475
262
2662
1534
41
426
458
2775
2723
733
1175
221
661
99
282
2149
258
246
1393
2670
2549
1215
2698
2338
2312
2595
2032
2121
1238
217
2335
2158
2161
1796
1836
2674
2710
1280
444
1052
2341
2910
1144
2050
1993
350
908
1758
976
1041
2504
2163
1013
67
1937
2936
269
2159
707
1997
836
2144
1442
122
2530
739
493
1067
652
2640
580
751
2827
1421
1814
1750
2286
2690
1020
2141
2394
1904
2576
1555
624
331
456
2109
2166
2229
779
2331
2872
1349
2249
1190
1919
639
637
1378
160
2658
2651
2614
206
2043
1315
367
1566
2431
2507
749
2209
2783
2450
488
1075
2011
186
2599
1022
414
1049
1274
2063
689
152
910
2896
2562
1065
184
1735
775
315
1010
431
1372
2534
1375
231
2375
900
220
2014
2013
1079
1698
1034
698
2023
1455
378
642
1074
1809
2568
2610
1656
1693
1995
1116
2452
1329
1334
2019
721
1785
870
1945
2581
2203
480
2604
2529
2720
2919
2410
194
549
1913
389
1233
2558
1119
1283
2761
2466
648
940
1474
2070
2088
597
1987
1186
1002
1463
1503
1921
20
386
243
2648
787
1504
1788
1112
1090
28
2255
2840
2468
1398
337
314
2482
1736
2814
397
384
2635
280
755
1494
2103
2920
1710
1182
2711
2809
635
565
2385
1916
2621
694
1527
2611
2934
2510
1448
2524
686
432
1111
1335
1655
2746
853
2157
2005
807
1092
2802
528
2112
2477
1014
2837
2488
832
1648
657
391
514
1824
2572
209
1294
1677
2753
2925
2641
1624
1382
297
2721
1097
1620
265
2037
241
2898
202
1972
237
539
723
724
1023
672
2792
1525
379
2346
2643
1762
2903
1930
862
1287
2500
11
1377
2343
1391
2495
792
55
1932
511
2745
2146
613
1550
497
86
736
2151
2869
1502
1021
1843
374
173
1617
1252
1647
1178
2642
1961
760
1831
1689
2293
2311
506
307
2569
634
1018
579
464
1027
1471
2545
704
995
509
2777
2428
2931
178
938
678
2757
42
1669
1767
2102
1965
2579
1777
2235
546
1165
838
223
920
1641
2280
558
2300
1172
1126
1350
2464
1613
812
1670
58
2463
1314
1980
370
2018
1025
2804
255
1159
2892
2628
2474
2437
2145
943
1962
1869
611
2052
1254
2424
2712
417
1056
149
746
2350
2707
305
2506
1840
2493
823
1526
2584
2354
134
1976
1281
2538
1536
2799
1673
866
1739
1600
1195
2127
448
1719
901
1168
2841
453
2570
852
1152
2514
2110
2834
1926
2666
2060
1672
2585
383
2172
1666
62
873
59
2742
2133
878
2082
1355
2911
313
1811
1798
357
2309
2156
311
2381
1998
33
2458
1851
271
2496
2485
1427
968
1311
2313
1935
336
638
1960
204
200
1674
2119
377
869
1207
484
523
182
874
1744
1684
774
1973
990
1786
1934
629
763
1032
273
658
1479
2224
38
814
1678
420
2515
490
512
2473
1808
953
2736
2434
450
1929
993
2048
1999
2811
327
2824
1782
1596
1538
1911
248
1261
2912
2138
614
922
1706
1856
1584
1431
2320
967
1083
2430
1297
1583
1657
2001
2398
1017
1284
2728
1725
1721
2287
125
1443
2654
2432
2888
1943
2470
688
2574
2535
153
1100
162
1507
725
48
1415
2423
492
893
2932
2770
1091
130
1149
2056
272
2436
1731
1360
1202
1422
1882
880
1848
2117
1259
2262
622
52
385
2136
1737
1990
531
1708
773
1699
2625
1958
1189
2894
1661
2142
2105
656
2417
651
756
670
680
939
1567
1363
1308
423
1871
2267
1098
2907
1996
1452
1240
2705
1590
1275
19
2339
2762
2833
972
844
176
872
1521
2038
2007
2756
1789
1573
1296
892
283
1757
752
455
1771
809
1896
930
2422
2752
403
1702
636
2835
1450
612
594
2786
1835
2269
2039
988
2784
424
2218
2795
1038
2283
1969
1129
1012
933
574
2340
596
1890
555
1128
1276
37
1285
781
1545
1852
936
2527
447
2729
2418
2155
1476
1086
1117
831
1649
2040
1558
2208
2273
2378
154
1173
402
1004
1352
1059
889
1408
503
2555
766
2022
644
998
1587
13
2830
1406
1096
2131
2797
887
1920
2036
627
2079
1136
2299
2
459
2288
1486
2113
23
703
71
175
2688
913
572
2307
1821
1540
2878
2806
1115
234
2374
2469
714
921
1348
709
2776
2646
1480
2567
2727
2049
1761
730
100
1707
1338
2304
989
1951
1586
361
136
2179
1194
172
1003
457
684
2781
2657
2692
2132
2937
2715
655
1588
2735
388
1224
970
1466
1424
191
1827
1453
2921
1354
2590
790
197
2090
2325
2787
1304
858
1514
1043
1556
1257
1933
2603
1918
131
824
2796
1581
1607
592
1459
1618
2471
883
1815
2769
2444
2360
695
2392
520
2556
2897
543
2357
1134
2798
405
302
189
1776
590
167
2053
1187
1046
376
1994
2836
2404
1683
828
2758
2847
2505
1892
1912
830
2839
1642
2602
1637
1170
351
1612
2571
1345
279
2863
1970
500
2702
1783
2578
1712
1301
104
2793
2862
619
494
734
2245
840
2694
1210
1436
489
2686
2832
605
1778
219
846
2704
2083
2120
39
1333
1520
2367
1857
1841
1791
966
1802
299
29
501
1675
2353
1568
1255
571
2871
1967
25
441
710
188
1939
729
51
876
928
268
1302
1717
778
1629
2601
1007
1834
292
126
57
15
1005
1342
410
1433
1631
2800
654
298
2303
1709
659
290
1529
1444
1397
2632
1888
2647
1286
61
2772
320
2442
324
803
260
1880
783
2439
1292
1614
1747
365
2383
978
430
2108
2349
2358
899
138
1510
2644
253
996
903
129
1120
2098
2419
1201
2689
1256
2882
1889
1374
2767
1133
2885
1132
2236
1104
2873
1813
2672
1838
27
485
150
233
2451
0
2173
415
2626
2779
2250
1438
1423
2914
101
631
396
2169
1660
1508
2828
691
1156
1924
2724
1554
1473
2487
1872
1509
312
1753
741
524
142
2072
1300
1343
2150
1062
770
56
2264
2382
478
43
1153
1779
1490
2816
97
2533
1239
715
263
2342
2889
1952
1383
84
1364
1981
896
1107
2414
942
144
2330
1696
2785
693
2782
757
640
2768
2695
2825
78
2461
2829
1353
919
1317
409
2323
133
969
2596
1742
47
1498
1108
276
1323
2636
342
545
1986
475
789
1959
1561
2881
2703
1362
2055
1619
991
701
1
2257
2629
2006
2855
578
1426
1277
1663
1143
1787
2750
929
1331
1410
1745
2433
261
720
1968
2009
2334
2426
1015
2484
2655
959
559
1140
2058
2564
1611
647
914
1716
1072
1591
586
1390
2708
1499
949
1330
1535
2242
1008
618
2865
1009
2440
259
1105
1265
1565
754
2035
2364
72
1235
576
1917
236
1606
2924
2067
1247
795
1897
980
1703
1160
1705
1389
1984
2443
1332
2228
1578
2801
1883
589
2020
2930
673
530
252
762
2580
440
303
712
2859
348
2653
1854
2815
140
1593
906
1858
1070
2211
2345
2803
90
582
1582
1481
17
171
683
1371
127
1078
841
2691
1963
1290
1318
2301
529
1701
3
2908
73
1954
2029
2542
1298
2502
1462
380
113
82
2064
1325
850
1585
2021
1050
2548
1685
112
2227
1671
1622
2147
10
2858
2347
1953
1295
1635
816
1469
387
997
2093
2923
915
2743
1500
2448
1036
2315
2002
121
2475
1922
1220
192
2403
1644
1373
2272
1523
1886
2205
1001
1361
782
1549
1166
535
295
168
750
382
2517
825
2532
662
2668
1679
2794
731
1772
2412
962
2266
1163
50
934
250
451
722
2003
2201
1704
2613
1686
93
2483
1289
2377
950
677
1801
1623
583
2187
373
615
284
527
2124
960
2306
2861
1211
242
203
1088
2219
562
2041
108
2024
1464
1769
1229
2190
1714
155
2247
1594
477
2637
1385
1797
817
1278
2918
1273
398
1603
2408
2716
2373
92
1887
181
2319
2812
2361
1818
195
1161
1063
1651
2616
674
1188
2842
2054
1177
2152
2739
1138
2854
1414
951
804
1915
1430
603
1975
1850
508
169
1936
2709
1695
1076
1232
564
2077
2351
1337
1864
2215
1601
1544
1379
2115
1795
1386
2462
765
911
1241
240
1380
2939
2607
1477
1940
2559
2453
416
667
2061
2253
2531
2324
2764
2210
2153
2490
747
1764
1053
1687
2560
310
2085
2737
16
660
2369
2026
225
1068
1309
796
1948
1542
2191
360
1237
1047
2667
1262
2279
476
2583
399
499
843
1711
616
1428
1150
793
2447
810
1192
537
665
808
1493
777
2329
965
1557
1592
2096
2405
1842
323
1432
944
1447
421
1908
1662
646
2416
1608
2176
364
119
696
289
1409
164
1636
1720
2246
835
2456
2031
505
2457
2808
2402
1746
941
797
1713
1870
551
827
1610
291
2197
1491
1859
780
2411
1145
1073
1171
1157
1095
1633
103
1817
1616
1855
1832
1495
716
1051
1026
2521
1024
2130
1676
1174
408
2501
429
598
1866
2008
863
343
148
1820
690
711
759
2000
1164
1570
1799
2472
2207
1446
1522
2213
2734
1876
868
333
110
368
2592
1435
2033
2755
2314
1849
128
907
1405
481
2539
483
1392
2333
881
87
879
137
1577
981
422
470
1413
2425
2697
538
1399
2606
999
2316
105
1844
577
1964
1563
982
1246
663
541
2673
1571
1440
2906
1989
2566
66
1176
1877
2171
1071
1845
2125
2327
984
1901
649
1667
89
2663
2615
1909
1792
1437
2393
1006
316
229
2866
2137
98
2593
2774
2407
2476
769
1324
2526
1212
356
2503
2747
569
1113
522
1445
1653
2659
2587
1766
1197
1931
708
1146
1755
2541
81
1492
871
1658
2282
2669
568
474
735
857
1806
2371
491
2254
1748
2388
2682
1482
2754
1632
301
1927
1977
2680
2630
1434
1365
2552
2084
2935
1988
819
916
1873
1468
1470
1804
2107
2017
2609
1775
2819
68
748
1122
318
2879
472
2738
1251
2848
1356
390
2256
2773
1110
2877
1604
742
157
2399
1039
1217
2028
1925
2268
2516
1552
1037
2220
146
1810
2838
958
1369
2281
30
2366
2899
1221
5
1282
1033
1828
2380
1630
2420
1183
2927
2089
2522
1694
2733
2076
76
85
2586
185
1085
1061
165
839
2406
1985
498
2508
947
2547
1602
193
1227
2480
434
1726
329
2928
2274
1420
174
1941
985
1267
1403
974
1506
2822
1231
486
931
1407
65
2326
2544
1058
2813
1496
1483
909
584
977
394
1339
1910
143
926
1697
257
1979
2639
338
2074
975
822
617
1645
123
2511
925
2222
1158
442
1548
557
2600
232
2676
561
2390
593
2528
496
1225
2192
1900
1321
1312
2237
1223
228
2693
2649
147
602
1760
1401
281
1914
354
1640
2183
247
107
294
1226
600
986
2094
132
1944
1367
187
1402
1579
1680
1439
1956
2376
2291
340
2177
1715
2696
1853
1822
1419
1819
1923
2481
1045
1320
1031
1878
306
2182
2807
1682
1652
1599
2916
1461
1634
1823
897
1193
973
2140
44
1659
118
2909
2677
727
2868
1478
2078
2449
1598
1575
1547
1245
702
1465
1885
1236
952
2706
2386
2365
1181
1903
1546
2185
854
1646
285
2725
412
308
1203
1560
2129
1628
1454
820
2497
46
196
1035
244
1895
507
791
632
1484
1950
630
610
794
2198
2598
1733
664
2111
837
317
2010
971
563
1258
24
2623
2233
2741
2214
533
64
325
1260
1394
381
2780
1269
2494
2536
2243
2671
1341
2034
205
120
1749
1862
2387
2550
2486
633
806
2080
1310
1991
1743
2884
1938
2565
183
2284
1928
1291
1518
1213
1487
1829
2114
525
1042
1268
2030
1248
224
2905
1512
406
1543
2042
2065
322
1069
554
2305
2791
401
902
2513
1209
1865
264
1154
2575
784
1328
2790
758
1899
1837
1898
36
1729
1340
2917
768
2763
1141
1905
2057
2890
1336
1756
1019
904
437
2685
1730
2289
2244
802
2467
1664
2397
1794
2817
2874
1179
2465
705
2749
2553
604
79
513
446
1639
106
286
2778
1319
2438
2454
1734
375
226
2460
428
2887
2759
767
645
1860
460
1974
2843
2170
1732
2212
682
851
898
2679
467
1266
785
2180
1127
957
2941
1533
560
2900
801
2317
1184
1125
536
2295
31
2091
8
1894
818
2302
208
2240
1517
1347
1992
1396
2591
1589
249
1727
2714
1947
2189
2597
697
737
275
905
2895
2199
1135
2886
2126
867
1102
1881
2292
1847
445
2588
218
1949
2409
400
358
1271
1867
1044
2771
1118
2732
1351
2231
2851
653
2051
2620
2891
540
1029
213
2413
2066
1124
2810
2389
1524
2059
22
2518
1139
277
1643
111
2193
1691
1208
1692
692
864
515
2660
1826
1861
2104
1066
418
482
849
2846
1451
1131
2853
2491
2046
1539
1874
979
623
2379
2938
12
669
1574
270
2415
1417
102
1214
542
1460
2260
2225
963
2870
266
1621
2123
1884
2627
1971
2348
1185
859
1564
34
532
212
2075
2573
349
369
917
95
1528
726
1773
1327
1060
2435
2740
1191
63
815
681
1200
251
2251
2512
2766
1626
2276
2216
547
4
469
2239
1099
1011
2509
2857
2294
932
2543
238
2165
2561
1222
2831
1376
1825
1485
2168
2086
2867
504
141
2617
1807
788
2499
2073
2876
339
885
1597
1272
744
2263
2164
2196
1242
2594
1942
2241
2135
842
946
553
588
2259
2396
32
151
761
439
1081
1155
2232
2760
1456
743
1770
2718
1080
2308
2015
923
643
2265
1048
1830
2612
1137
7
2455
2363
2162
912
625
1740
1344
1346
526
2577
2175
2071
2134
6
1064
2820
2719
1253
124
239
2217
764
1638
2844
1293
550
2297
77
641
2095
2700
987
1868
1169
882
2188
353
1488
2275
719
2675
2081
834
799
2730
80
2261
2645
371
890
18
1162
855
1723
2116
2202
599
2726
1738
2271
1780
49
666
1879
2167
2823
2563
1084
1243
2788
1681
363
1412
2087
587
845
1505
2901
2850
1800
1441
2446
2631
2285
510
1790
1151
2401
1326
1219
1449
1978
166
2184
2128
1366
992
2206
278
1103
1955
69
856
1395
222
346
449
2638
393
296
700
1370
2226
1199
479
2856
2290
411
740
487
2826
2395
935
135
466
2062
1816
1627
1759
1305
139
1532
1863
2160
1077
2359
2744
1148
2665
585
728
91
170
109
2624
1531
502
983
427
2344
2321
1559
1000
1472
675
2044
1609
1030
1846
395
2248
435
1400
2139
1040
1615
227
288
2356
1793
1264
115
156
2929
2337
2100
256
1358
2391
463
1180
1605
865
2489
1249
534
745
1322
2355
215
1028
1902
2661
2069
2656
994
833
517
2678
2195
1230
1244
473
211
471
177
650
2194
2557
114
2540
2200
2118
2520
570
392
454
2092
2328
2650
201
2459
1946
1595
1357
2608
699
1513
687
1654
2519
438
706
2445
732
2633
772
2893
180
1218
2027
1751
83
1650
1368
1198
53
1530
848
2016
1384
2178
2099
606
608
2441
1537
287
1082
1306
519
1957
548
1359
433
2204
552
961
884
2589
355
96
628
235
945
2618
1094
821
214
805
2186
685
1381
1418
1388
2230
300
293
2537
895
468
1457
1690
1572
2223
581
829
1087
2336
1774
2004
1724
2318
2551
1121
2605
2154
927
1288
2765
1114
344
620
1839
1519
2864
1805
35
1562
413
2699
319
2421
210
1501
679
461
2713
671
2852
2818
1497
2384
2258
2922
1234
2322
2298
1803
1515
1416
2068
2681
2619
328
776
2047
2915
94
2174
2221
2270
567
2143
2683
332
894
1763
2234
1516
1700
676
452
2751
117
1411
1752
918
2940
352
786
2370
2554
2012
954
1429
321
1580
359
886
1109
1055
1250
419
621
495
116
2427
1983
2372
2101
1404
601
407
2717

