1 0
2 0
3 0
4 0
5 1
6 1
7 0
8 1
9 0
10 1
11 1
12 1
13 1
14 0
15 1
16 1
17 1
18 1
19 0
20 1
21 1
22 1
23 0
24 1
25 1
26 0
27 0
28 0
29 1
30 0
31 1
32 0
33 0
34 0
35 1
36 0
37 0
38 1
39 0
40 0
41 1
42 0
43 1
44 1
45 1
46 1
47 1
48 1
49 0
50 1
51 0
52 1
53 0
54 1
55 1
56 0
57 1
58 1
59 0
60 0
61 1
62 0
63 1
64 1
65 0
66 0
67 0
68 0
69 1
70 0
71 1
72 1
73 0
74 1
75 1
76 0
77 0
78 0
79 1
80 1
81 1
82 1
83 0
84 1
85 1
86 1
87 1
88 0
89 1
90 1
91 0
92 0
93 0
94 0
95 1
96 0
97 0
98 0
99 1
100 0
101 1
102 0
103 0
104 0
105 1
106 0
107 1
108 0
109 1
110 0
111 1
112 0
113 0
114 1
115 0
116 1
117 0
118 0
119 1
120 1
121 0
122 1
123 1
124 1
125 1
126 1
127 1
128 0
129 0
130 1
131 0
132 1
133 0
134 0
135 0
136 0
137 1
138 0
139 1
140 1
141 1
142 0
143 1
144 1
145 0
146 0
147 1
148 1
149 0
150 0
151 0
152 0
153 0
154 0
155 0
156 1
157 0
158 0
159 1
160 1
161 0
162 1
163 0
164 0
165 0
166 1
167 1
168 1
169 0
170 1
171 1
172 0
173 1
174 0
175 0
176 0
177 0
178 0
179 0
180 1
181 0
182 1
183 1
184 1
185 1
186 0
187 1
188 0
189 1
190 0
191 1
192 0
193 0
194 1
195 1
196 0
197 0
198 1
199 1
200 1
201 0
202 0
203 1
204 0
205 0
206 0
207 1
208 0
209 0
210 0
211 0
212 0
213 0
214 1
215 1
216 1
217 1
218 1
219 1
220 1
221 0
222 0
223 1
224 1
225 1
226 0
227 0
228 0
229 0
230 0
231 1
232 1
233 0
234 0
235 1
236 1
237 1
238 1
239 0
240 1
241 1
242 0
243 1
244 0
245 1
246 1
247 0
248 0
249 0
250 1
251 1
252 0
253 1
254 0
255 1
256 0
257 1
258 1
259 0
260 1
261 0
262 0
263 0
264 0
265 1
266 0
267 1
268 1
269 0
270 1
271 0
272 0
273 1
274 0
275 1
276 0
277 0
278 1
279 0
280 1
281 0
282 0
283 0
284 1
285 1
286 1
287 1
288 1
289 1
290 1
291 0
292 0
293 1
294 0
295 1
296 1
297 1
298 1
299 0
300 0
301 1
302 0
303 1
304 1
305 0
306 0
307 0
308 0
309 0
310 1
311 1
312 0
313 1
314 1
315 1
316 1
317 1
318 1
319 0
320 0
321 0
322 1
323 0
324 1
325 0
326 1
327 0
328 0
329 1
330 0
331 0
332 0
333 0
334 0
335 1
336 1
337 1
338 0
339 1
340 0
341 1
342 0
343 0
344 0
345 0
346 0
347 0
348 0
349 1
350 0
351 1
352 0
353 1
354 0
355 0
356 1
357 0
358 1
359 1
360 0
361 0
362 1
363 0
364 0
365 1
366 0
367 0
368 1
369 1
370 1
371 0
372 1
373 1
374 1
375 0
376 0
377 1
378 1
379 1
380 1
381 0
382 1
383 0
384 1
385 1
386 0
387 0
388 1
389 0
390 0
391 1
392 1
393 0
394 0
395 1
396 0
397 1
398 1
399 1
400 0
401 0
402 0
403 1
404 0
405 0
406 1
407 1
408 1
409 1
410 1
411 0
412 1
413 0
414 0
415 1
416 0
417 1
418 0
419 1
420 0
421 0
422 1
423 0
424 1
425 1
426 0
427 0
428 0
429 0
430 1
431 1
432 0
433 1
434 0
435 1
436 1
437 0
438 0
439 1
440 1
441 1
442 0
443 1
444 0
445 1
446 0
447 1
448 1
449 0
450 1
451 0
452 0
453 0
454 1
455 1
456 1
457 0
458 0
459 0
460 1
461 0
462 1
463 0
464 0
465 0
466 1
467 1
468 0
469 0
470 0
471 1
472 0
473 1
474 0
475 1
476 0
477 0
478 0
479 1
480 0
481 0
482 1
483 0
484 0
485 0
486 1
487 0
488 1
489 0
490 0
491 1
492 0
493 0
494 0
495 0
496 1
497 0
498 1
499 0
500 1
501 1
502 0
503 0
504 0
505 0
506 1
507 1
508 1
509 0
510 1
511 1
512 0
513 0
514 0
515 1
516 1
517 0
518 1
519 1
520 1
521 0
522 1
523 1
524 1
525 0
526 0
527 1
528 0
529 0
530 0
531 1
532 0
533 0
534 0
535 0
536 0
537 0
538 0
539 0
540 1
541 1
542 0
543 1
544 0
545 1
546 0
547 1
548 1
549 1
550 1
551 1
552 0
553 0
554 1
555 0
556 0
557 1
558 1
559 0
560 1
561 1
562 1
563 1
564 1
565 0
566 1
567 0
568 1
569 0
570 1
571 0
572 0
573 0
574 0
575 1
576 1
577 0
578 1
579 0
580 0
581 1
582 0
583 0
584 1
585 0
586 1
587 1
588 0
589 1
590 1
591 1
592 0
593 0
594 0
595 0
596 0
597 0
598 0
599 1
600 0
601 1
602 1
603 0
604 1
605 1
606 1
607 0
608 1
609 1
610 1
611 1
612 1
613 0
614 1
615 1
616 1
617 0
618 1
619 0
620 1
621 1
622 0
623 1
624 0
625 1
626 0
627 1
628 1
629 0
630 0
631 1
632 0
633 1
634 1
635 0
636 0
637 0
638 0
639 1
640 1
641 0
642 0
643 0
644 0
645 1
646 0
647 1
648 1
649 0
650 1
651 1
652 0
653 0
654 0
655 1
656 1
657 1
658 1
659 1
660 0
661 1
662 0
663 0
664 0
665 0
666 1
667 1
668 0
669 1
670 0
671 0
672 1
673 0
674 1
675 1
676 0
677 0
678 1
679 0
680 0
681 0
682 1
683 1
684 1
685 0
686 0
687 1
688 0
689 0
690 0
691 0
692 1
693 0
694 1
695 0
696 0
697 0
698 0
699 1
700 0
701 1
702 1
703 0
704 0
705 1
706 1
707 1
708 1
709 1
710 0
711 1
712 1
713 1
714 0
715 0
716 0
717 0
718 0
719 1
720 1
721 1
722 0
723 1
724 1
725 0
726 1
727 0
728 1
729 0
730 1
731 0
732 1
733 0
734 0
735 1
736 1
737 0
738 0
739 1
740 0
741 0
742 0
743 0
744 1
745 0
746 0
747 1
748 1
749 0
750 1
751 0
752 0
753 0
754 1
755 1
756 1
757 1
758 1
759 0
760 1
761 0
762 0
763 0
764 0
765 0
766 0
767 1
768 1
769 0
770 0
771 1
772 1
773 0
774 1
775 1
776 1
777 1
778 0
779 1
780 1
781 1
782 0
783 0
784 1
785 1
786 0
787 1
788 1
789 1
790 1
791 0
792 0
793 0
794 0
795 1
796 1
797 1
798 0
799 0
800 0
801 1
802 1
803 0
804 0
805 0
806 0
807 1
808 0
809 1
810 0
811 1
812 0
813 0
814 1
815 1
816 1
817 0
818 0
819 0
820 1
821 1
822 1
823 1
824 1
825 1
826 1
827 0
828 1
829 1
830 0
831 1
832 1
833 1
834 1
835 1
836 0
837 1
838 0
839 0
840 0
841 0
842 1
843 1
844 0
845 1
846 1
847 0
848 0
849 0
850 1
851 0
852 0
853 0
854 0
855 0
856 0
857 1
858 0
859 1
860 0
861 0
862 1
863 1
864 1
865 0
866 1
867 0
868 0
869 1
870 1
871 1
872 0
873 1
874 0
875 0
876 1
877 0
878 0
879 0
880 1
881 1
882 0
883 1
884 0
885 0
886 1
887 1
888 1
889 1
890 0
891 0
892 0
893 1
894 0
895 1
896 0
897 0
898 1
899 1
900 0
901 0
902 1
903 0
904 1
905 0
906 0
907 1
908 1
909 0
910 1
911 0
912 0
913 1
914 0
915 0
916 0
917 0
918 1
919 1
920 0
921 1
922 1
923 0
924 1
925 0
926 0
927 1
928 1
929 1
930 0
931 1
932 0
933 0
934 1
935 1
936 1
937 1
938 1
939 1
940 1
941 0
942 0
943 1
944 0
945 0
946 0
947 0
948 1
949 0
950 1
951 0
952 1
953 1
954 0
955 1
956 1
957 0
958 1
959 1
960 0
961 1
962 0
963 1
964 1
965 1
966 1
967 0
968 1
969 1
970 0
971 0
972 1
973 0
974 0
975 1
976 1
977 0
978 0
979 1
980 1
981 1
982 0
983 1
984 0
985 0
986 0
987 1
988 1
989 0
990 0
991 1
992 1
993 0
994 0
995 1
996 1
997 0
998 1
999 1
1000 0
1001 0
1002 1
1003 1
1004 1
1005 0
1006 1
1007 0
1008 1
1009 0
1010 0
1011 0
1012 0
1013 0
1014 1
1015 0
1016 0
1017 0
1018 0
1019 1
1020 0
1021 1
1022 1
1023 0
1024 1
1025 1
1026 1
1027 1
1028 0
1029 0
1030 1
1031 1
1032 0
1033 1
1034 0
1035 1
1036 1
1037 1
1038 0
1039 0
1040 0
1041 0
1042 1
1043 1
1044 0
1045 1
1046 0
1047 1
1048 1
1049 0
1050 1
1051 1
1052 1
1053 1
1054 0
1055 0
1056 1
1057 0
1058 0
1059 0
1060 0
1061 0
1062 0
1063 1
1064 1
1065 0
1066 1
1067 1
1068 0
1069 0
1070 0
1071 0
1072 1
1073 1
1074 1
1075 1
1076 0
1077 1
1078 0
1079 0
1080 1
1081 0
1082 1
1083 1
1084 0
1085 1
1086 1
1087 0
1088 1
1089 0
1090 1
1091 1
1092 1
1093 1
1094 0
1095 0
1096 0
1097 1
1098 1
1099 1
1100 0
1101 0
1102 0
1103 0
1104 0
1105 1
1106 0
1107 1
1108 0
1109 1
1110 0
1111 1
1112 1
1113 1
1114 1
1115 1
1116 0
1117 0
1118 0
1119 0
1120 0
1121 0
1122 0
1123 1
1124 0
1125 1
1126 0
1127 0
1128 0
1129 0
1130 1
1131 0
1132 0
1133 1
1134 0
1135 1
1136 1
1137 1
1138 0
1139 0
1140 0
1141 1
1142 1
1143 0
1144 0
1145 0
1146 1
1147 1
1148 1
1149 0
1150 1
1151 1
1152 0
1153 1
1154 0
1155 0
1156 1
1157 1
1158 1
1159 0
1160 0
1161 1
1162 1
1163 0
1164 1
1165 0
1166 0
1167 1
1168 1
1169 1
1170 1
1171 1
1172 0
1173 0
1174 1
1175 1
1176 1
1177 0
1178 0
1179 1
1180 0
1181 1
1182 0
1183 0
1184 1
1185 1
1186 0
1187 0
1188 0
1189 1
1190 0
1191 1
1192 1
1193 0
1194 0
1195 1
1196 0
1197 0
1198 1
1199 0
1200 1
1201 0
1202 1
1203 1
1204 1
1205 0
1206 1
1207 0
1208 1
1209 1
1210 0
1211 1
1212 0
1213 0
1214 0
1215 0
1216 1
1217 0
1218 0
1219 0
1220 1
1221 0
1222 0
1223 0
1224 1
1225 0
1226 1
1227 0
1228 1
1229 1
1230 0
1231 0
1232 0
1233 1
1234 1
1235 1
1236 0
1237 0
1238 0
1239 1
1240 0
1241 1
1242 1
1243 1
1244 0
1245 1
1246 1
1247 0
1248 1
1249 0
1250 1
1251 0
1252 1
1253 1
1254 0
1255 1
1256 0
1257 1
1258 1
1259 0
1260 1
1261 1
1262 0
1263 0
1264 1
1265 1
1266 0
1267 0
1268 1
1269 0
1270 0
1271 1
1272 0
1273 1
1274 1
1275 0
1276 1
1277 1
1278 0
1279 0
1280 1
1281 1
1282 0
1283 1
1284 1
1285 0
1286 0
1287 0
1288 0
1289 1
1290 1
1291 0
1292 0
1293 0
1294 1
1295 0
1296 0
1297 1
1298 0
1299 1
1300 1
1301 1
1302 0
1303 0
1304 1
1305 0
1306 1
1307 0
1308 0
1309 1
1310 1
1311 0
1312 1
1313 1
1314 0
1315 1
1316 1
1317 1
1318 1
1319 0
1320 1
1321 0
1322 1
1323 1
1324 1
1325 0
1326 0
1327 1
1328 0
1329 1
1330 0
1331 0
1332 1
1333 1
1334 1
1335 1
1336 1
1337 1
1338 0
1339 1
1340 0
1341 0
1342 0
1343 0
1344 0
1345 0
1346 0
1347 0
1348 1
1349 0
1350 1
1351 0
1352 1
1353 1
1354 1
1355 0
1356 1
1357 1
1358 1
1359 1
1360 1
1361 0
1362 1
1363 1
1364 0
1365 0
1366 1
1367 0
1368 0
1369 1
1370 1
1371 0
1372 1
1373 0
1374 0
1375 1
1376 0
1377 1
1378 0
1379 0
1380 0
1381 0
1382 0
1383 0
1384 0
1385 1
1386 1
1387 0
1388 0
1389 1
1390 0
1391 0
1392 0
1393 1
1394 0
1395 1
1396 1
1397 1
1398 0
1399 0
1400 1
1401 1
1402 1
1403 0
1404 0
1405 0
1406 1
1407 1
1408 0
1409 0
1410 0
1411 1
1412 1
1413 1
1414 1
1415 1
1416 0
1417 0
1418 1
1419 1
1420 0
1421 0
1422 1
1423 0
1424 1
1425 1
1426 1
1427 0
1428 0
1429 0
1430 1
1431 0
1432 0
1433 0
1434 1
1435 0
1436 0
1437 1
1438 0
1439 1
1440 1
1441 1
1442 0
1443 1
1444 1
1445 1
1446 0
1447 1
1448 0
1449 0
1450 1
1451 0
1452 1
1453 0
1454 1
1455 0
1456 0
1457 0
1458 0
1459 0
1460 0
1461 0
1462 1
1463 0
1464 0
1465 1
1466 0
1467 0
1468 0
1469 1
1470 1
1471 0
