1 0
2 0
3 1
4 0
5 0
6 0
7 1
8 1
9 1
10 0
11 1
12 1
13 0
14 0
15 0
16 1
17 1
18 1
19 1
20 0
21 0
22 1
23 0
24 1
25 0
26 0
27 1
28 0
29 0
30 1
31 0
32 0
33 1
34 0
35 0
36 1
37 0
38 1
39 1
40 0
41 1
42 1
43 1
44 0
45 1
46 0
47 0
48 1
49 0
50 1
51 1
52 1
53 0
54 1
55 1
56 1
57 1
58 1
59 0
60 0
61 1
62 0
63 1
64 0
65 1
66 1
67 1
68 0
69 1
70 1
71 1
72 1
73 1
74 0
75 1
76 0
77 0
78 0
79 1
80 0
81 1
82 0
83 1
84 0
85 1
86 1
87 0
88 1
89 0
90 1
91 1
92 0
93 1
94 1
95 1
96 0
97 0
98 0
99 1
100 1
101 1
102 1
103 0
104 1
105 0
106 1
107 0
108 1
109 0
110 0
111 0
112 1
113 0
114 1
115 0
116 1
117 1
118 1
119 1
120 0
121 1
122 1
123 1
124 1
125 1
126 1
127 1
128 1
129 1
130 0
131 0
132 0
133 1
134 0
135 1
136 1
137 1
138 1
139 0
140 0
141 1
142 1
143 1
144 1
145 1
146 0
147 0
148 1
149 0
150 1
151 1
152 1
153 1
154 1
155 1
156 0
157 1
158 0
159 1
160 0
161 1
162 1
163 0
164 0
165 0
166 1
167 1
168 0
169 0
170 1
171 0
172 1
173 1
174 0
175 0
176 1
177 1
178 1
179 0
180 1
181 1
182 0
183 1
184 1
185 1
186 0
187 1
188 1
189 0
190 0
191 0
192 0
193 1
194 0
195 1
196 1
197 0
198 0
199 0
200 1
201 1
202 0
203 0
204 0
205 1
206 0
207 1
208 1
209 1
210 1
211 1
212 1
213 1
214 0
215 0
216 0
217 0
218 1
219 0
220 0
221 1
222 0
223 0
224 0
225 0
226 0
227 0
228 1
229 1
230 1
231 1
232 1
233 0
234 0
235 1
236 1
237 1
238 0
239 0
240 0
241 1
242 1
243 1
244 1
245 1
246 0
247 1
248 1
249 1
250 1
251 1
252 0
253 1
254 1
255 1
256 1
257 0
258 0
259 0
260 1
261 1
262 0
263 0
264 1
265 0
266 0
267 0
268 0
269 1
270 0
271 0
272 1
273 1
274 1
275 0
276 0
277 0
278 0
279 0
280 1
281 0
282 1
283 0
284 1
285 1
286 1
287 0
288 1
289 1
290 1
291 1
292 1
293 1
294 0
295 1
296 0
297 1
298 0
299 0
300 1
301 1
302 1
303 1
304 0
305 1
306 1
307 1
308 1
309 1
310 0
311 1
312 1
313 0
314 1
315 0
316 0
317 1
318 1
319 0
320 1
321 0
322 0
323 0
324 1
325 1
326 0
327 0
328 0
329 1
330 0
331 0
332 1
333 1
334 1
335 1
336 0
337 0
338 1
339 0
340 0
341 1
342 0
343 1
344 0
345 0
346 1
347 0
348 1
349 1
350 0
351 0
352 0
353 0
354 0
355 0
356 0
357 1
358 1
359 0
360 1
361 1
362 0
363 1
364 0
365 1
366 1
367 0
368 0
369 1
370 1
371 1
372 1
373 0
374 1
375 1
376 0
377 1
378 1
379 0
380 0
381 1
382 1
383 1
384 1
385 1
386 0
387 0
388 1
389 1
390 0
391 0
392 0
393 0
394 0
395 1
396 1
397 1
398 0
399 0
400 1
401 0
402 0
403 0
404 0
405 1
406 0
407 1
408 1
409 0
410 1
411 1
412 0
413 1
414 0
415 0
416 1
417 1
418 0
419 0
420 0
421 0
422 1
423 1
424 1
425 0
426 0
427 1
428 0
429 1
430 0
431 1
432 0
433 0
434 0
435 1
436 0
437 1
438 1
439 0
440 0
441 0
442 1
443 0
444 1
445 1
446 1
447 1
448 0
449 0
450 0
451 1
452 0
453 0
454 0
455 1
456 1
457 0
458 1
459 1
460 1
461 0
462 0
463 1
464 1
465 1
466 1
467 0
468 0
469 1
470 1
471 1
472 0
473 0
474 0
475 0
476 1
477 1
478 1
479 1
480 0
481 1
482 1
483 0
484 0
485 0
486 1
487 1
488 0
489 0
490 1
491 1
492 0
493 0
494 0
495 0
496 1
497 0
498 0
499 1
500 1
501 1
502 0
503 1
504 0
505 1
506 1
507 0
508 1
509 0
510 0
511 1
512 1
513 1
514 1
515 0
516 0
517 0
518 1
519 1
520 1
521 0
522 1
523 0
524 1
525 1
526 1
527 0
528 1
529 0
530 0
531 1
532 0
533 0
534 1
535 1
536 0
537 1
538 0
539 0
540 1
541 1
542 1
543 0
544 0
545 1
546 1
547 0
548 0
549 1
550 0
551 1
552 1
553 1
554 1
555 1
556 0
557 0
558 1
559 0
560 1
561 1
562 1
563 1
564 0
565 1
566 0
567 1
568 0
569 0
570 1
571 0
572 0
573 0
574 0
575 0
576 1
577 1
578 1
579 1
580 0
581 0
582 0
583 0
584 1
585 1
586 1
587 1
588 1
589 1
590 1
591 1
592 1
593 0
594 0
595 1
596 0
597 0
598 1
599 0
600 1
601 1
602 0
603 1
604 1
605 1
606 0
607 1
608 1
609 1
610 1
611 0
612 1
613 0
614 1
615 1
616 1
617 0
618 1
619 1
620 0
621 1
622 1
623 1
624 0
625 1
626 0
627 1
628 0
629 1
630 0
631 0
632 0
633 0
634 1
635 1
636 1
637 0
638 1
639 0
640 0
641 1
642 0
643 0
644 1
645 1
646 0
647 0
648 0
649 1
650 1
651 1
652 0
653 1
654 1
655 1
656 0
657 1
658 1
659 0
660 1
661 0
662 0
663 1
664 1
665 0
666 0
667 0
668 0
669 0
670 0
671 0
672 0
673 1
674 0
675 0
676 0
677 0
678 0
679 1
680 1
681 0
682 0
683 0
684 0
685 1
686 0
687 1
688 1
689 0
690 1
691 1
692 0
693 0
694 0
695 1
696 1
697 1
698 1
