92
2077
1153
970
1
2287
801
371
2935
394
948
11
1118
2747
2183
311
1523
482
1987
187
2821
190
1007
918
2496
1195
776
1448
1389
1362
1802
2728
2416
369
2445
510
27
2115
1252
1074
1674
601
799
449
1740
1677
2364
698
168
581
1730
2265
2403
549
1856
2329
1368
2392
2273
1944
1845
2686
1175
498
2400
1614
1832
2465
178
1498
344
2338
1595
1142
61
1911
440
71
1460
2611
1991
163
314
1025
239
1896
2828
177
221
2541
2188
223
1537
360
2461
2311
2771
464
2881
2936
2924
433
954
742
2161
2830
91
1975
1818
1145
1503
1933
2787
14
1348
824
1533
1237
2575
2751
2884
1713
2308
2252
1102
1096
1123
2726
1019
2113
1770
2549
378
2698
473
199
1042
1265
1609
699
879
719
1751
1081
2226
2010
2612
1185
2915
47
2417
864
1950
1641
2016
1469
387
797
1446
210
2473
947
525
96
887
957
2468
847
502
1233
1792
1310
1976
44
1581
1526
1196
536
421
1878
293
654
2617
2134
1958
867
2526
572
2418
2597
260
1672
716
2762
1923
1995
2163
2489
2712
1922
1504
306
2352
256
2767
188
2065
2886
2285
1073
1017
1804
1179
1657
1154
774
1035
2233
2811
2317
327
543
1600
357
1807
2905
2678
2109
1213
245
1816
1272
2030
186
2196
1242
1592
1558
309
744
1381
1396
721
382
436
176
1497
1843
1376
1632
2033
348
231
102
1791
2677
2826
1534
1289
2667
1386
324
366
2021
2875
2484
2655
2390
556
2645
1049
2621
276
336
2794
202
2522
1513
1949
2384
236
2122
989
1913
707
1735
613
750
2038
1689
2643
2209
2748
1186
903
1747
2398
533
2017
1676
1410
1066
2167
1470
617
104
2435
1947
1054
495
2112
2715
2738
1026
2381
34
2332
2605
2681
2703
203
1045
2041
1157
1215
1758
2625
25
2532
1903
2133
2853
2629
217
2926
1520
1909
1563
518
2168
681
619
474
1278
270
1234
2206
1890
871
1604
2436
2382
2889
2769
1774
1703
2462
545
1905
1781
2178
2257
664
1491
1236
2086
2565
2653
2447
1652
374
2877
1097
1656
2310
544
1888
2732
1303
2025
488
1450
908
1873
882
745
524
2363
2307
2203
193
1496
1240
2861
966
2737
2722
317
2697
2588
1480
933
1639
411
251
1885
2609
2190
2042
1072
1784
1235
181
1340
246
2601
2331
2405
2765
2524
2823
1642
555
2076
337
16
2797
2423
1431
565
1564
2803
1331
2195
483
708
415
1627
126
134
1798
625
2349
2458
2552
2692
1347
1204
232
832
2700
2350
2192
2438
1851
2099
2867
2276
384
567
1582
2365
1290
854
2560
1576
131
945
2776
607
395
2125
442
192
2536
1063
1823
323
658
1956
925
796
359
265
1990
1980
677
2674
2804
794
205
1597
819
2859
1886
2230
2562
42
2673
2410
1848
901
2606
2270
992
1954
1188
1883
1698
851
897
209
1318
651
1766
1589
909
1275
2375
1411
1868
2312
2202
261
2413
988
1979
455
1350
687
1358
2044
1984
416
1611
998
2792
1033
1222
52
364
506
1777
2515
499
1833
243
2166
2121
2143
1307
1374
2152
804
1699
1982
789
409
2260
1414
649
626
1200
582
2088
2892
2296
1202
2630
1570
1778
240
430
959
2302
984
2724
509
865
1906
756
162
2379
605
1406
828
1445
2123
2783
2386
312
1059
2809
728
1392
563
2665
892
2328
2719
1800
1617
2883
530
1930
2340
576
2153
2204
101
1830
76
133
280
1212
2057
1352
702
1291
2754
1433
1391
2688
1779
1840
2129
2130
951
1606
2048
2018
534
817
645
2475
2211
2608
1825
17
2701
65
493
264
644
1664
1530
833
1780
2657
1082
2235
2603
1160
1935
926
100
1782
2079
1679
2092
2082
2741
2815
2528
2378
2927
1783
2798
1532
1948
657
2773
1509
515
7
2870
689
353
2795
1364
2251
637
1005
2006
1932
1092
367
1330
655
1808
902
1124
2303
1893
2917
2087
1301
1462
781
2239
315
2570
1814
456
812
943
1837
169
447
1562
2907
121
1373
2894
258
820
2081
2934
775
1424
2358
921
1824
1645
2896
2095
1474
1230
2933
1473
1108
1794
277
1443
1508
2491
1207
1506
609
2335
612
2511
1126
1502
10
540
1150
2174
24
1775
1076
542
886
647
736
715
428
2880
1209
1429
1425
2324
271
1716
1484
2266
2283
2866
2144
2717
1260
1500
1351
1973
98
1002
875
2599
1635
628
578
241
2506
64
1772
1205
1602
956
777
2250
2165
2443
2668
2822
1729
2085
1663
2281
362
2695
2305
2550
883
1031
1578
152
2052
2802
2293
2215
1493
1542
2262
535
2808
2699
72
1050
97
1741
212
130
1917
1435
1015
969
1010
1012
2490
772
33
1877
1400
1130
755
2083
2799
2860
554
1013
182
1548
739
1296
1409
552
1325
222
1646
1070
1568
1897
2119
2108
2939
1870
39
734
665
641
89
991
2376
593
746
937
1574
1471
663
1838
2053
1274
1478
735
835
743
2327
1468
595
592
633
149
1127
282
1636
2633
829
1194
1166
404
292
1229
1293
1030
1580
806
1393
946
2757
1994
2034
1308
1103
2587
2419
2836
2110
103
648
2850
965
1263
2157
1134
1221
2666
0
2137
1762
1726
1965
880
1754
1069
2704
2693
302
1143
738
2292
158
2813
111
1251
341
2198
2547
450
1024
2058
640
1243
1874
1459
1536
2906
2062
2627
2309
2253
2330
476
678
2182
2351
2424
2032
553
2577
591
170
528
160
1912
296
2045
112
402
439
1852
1827
2456
56
300
132
2513
2890
2275
2730
2255
1977
752
2271
283
469
1422
2914
939
1722
138
2118
1184
1618
2301
915
671
1302
2325
2640
2721
229
1724
2029
334
898
444
2540
418
1601
1288
1728
2420
2164
263
2274
2891
2495
1697
2249
485
2039
2817
561
2031
859
1051
368
1515
1299
1071
1336
597
1434
2631
2372
1466
569
139
659
196
2916
2258
2450
1841
650
2755
732
1328
2140
2290
1112
1999
1963
2485
2187
994
1633
1057
2589
764
388
2646
1875
2672
2785
768
610
2504
1080
958
1643
1658
1321
2869
1037
1346
964
1452
868
147
179
385
2269
1789
2205
13
2725
216
2816
1218
1696
2402
2066
1086
2008
50
2437
793
2142
1939
516
703
290
741
1133
537
953
2546
1426
2538
12
1989
1544
1113
1834
457
2040
2054
326
57
2561
627
2114
1872
2439
1039
1344
2177
1863
1540
305
2181
2682
893
1925
890
2758
2337
259
1198
2185
400
1966
2059
2709
352
2702
1869
2361
2146
1835
1610
2453
1158
2745
2101
1253
1941
1367
701
2729
1147
501
1226
4
529
822
1671
1128
2835
718
1850
643
2154
215
1813
1715
1691
1004
706
2788
938
2638
481
1993
69
1197
632
1505
2071
1734
94
381
253
2131
2829
486
2421
1440
275
127
1334
1259
1417
2874
2286
1880
1156
2159
2650
358
2171
363
717
568
2899
2925
766
1688
1043
1383
722
751
266
2529
2557
1412
748
250
448
2232
2591
124
2624
213
928
2193
1970
201
2731
244
2903
2759
2326
249
2323
1479
159
2366
1277
137
894
968
1494
1522
2843
1449
198
2139
254
68
1557
730
2694
863
2046
1377
758
461
2602
2622
904
1773
2521
1810
2013
2316
1550
1378
2845
1356
1638
1940
1746
598
923
2240
1543
2359
1684
1815
454
325
2902
1313
1423
41
1926
200
876
2388
942
982
1382
960
805
2744
2806
1407
1569
2568
1144
1599
1319
1862
1270
125
2661
1329
2911
1577
1286
1972
2043
2470
1760
2680
154
725
2556
1928
788
1181
2222
1119
1967
560
2481
2248
446
2873
1937
93
2500
86
523
2000
1879
910
1955
354
2404
148
2885
2387
2097
2543
1203
2579
1910
2141
2542
2120
248
1801
761
589
2648
856
1140
2049
1876
494
577
1077
492
1115
2922
1670
588
1322
1898
389
2002
291
1768
2242
2658
189
1109
2090
2878
1822
1016
144
1720
763
313
2213
1020
1510
1590
116
2060
2411
2691
2156
1257
2818
304
907
2221
2150
1248
1608
813
1996
1953
2583
284
2391
272
1281
459
729
2356
1056
2315
342
949
1553
2194
355
1192
1744
2807
319
403
1866
1129
1451
19
2735
1068
1091
834
695
2434
1295
1968
392
2770
2073
53
1571
2766
1370
2440
1061
1475
1575
1217
2442
2753
1929
2563
452
852
1960
1631
1501
2742
2596
322
521
2685
2074
84
54
1653
1882
1223
2380
997
2573
2739
1345
2135
620
2909
914
1014
51
2851
1444
1769
2615
675
1959
825
2026
1588
697
242
1011
267
1529
2607
2488
1962
441
2644
1098
2354
1757
1860
208
399
2520
1065
2636
1427
1820
1246
731
1090
1009
1085
2454
171
1797
1971
2663
141
2170
2003
2229
2412
2897
165
724
629
590
2576
1211
2854
2068
1733
885
684
361
527
2740
2863
408
1710
365
393
2838
955
2544
36
1559
2246
2472
2780
2036
950
1225
78
780
2395
2503
1767
1482
1095
1477
1245
2827
1895
579
1148
2300
1586
1745
120
623
1683
2455
996
2930
2569
2571
1125
2756
1467
2760
398
2669
288
471
979
1721
1711
487
1388
1152
1006
2895
1294
1481
1753
438
1297
2507
225
1456
973
1361
551
1419
1018
872
622
1854
661
2299
1785
1853
888
414
2660
431
2396
1727
2535
2132
412
1647
1476
2004
583
668
424
2626
936
1021
2551
1183
1881
2530
1865
35
2662
70
2714
6
1512
1273
184
2833
2908
2492
769
349
150
1547
1250
122
1256
2282
2175
1046
2370
1752
1936
2690
396
2512
2734
164
2820
2172
419
1064
765
1339
1335
1957
1285
79
161
2064
2800
843
2357
779
1750
1087
1489
1887
28
1048
1831
1667
2477
2654
2912
1258
350
1421
2537
339
2070
783
985
1244
1079
981
1190
1132
1920
2834
2067
1338
466
496
584
611
129
1931
2610
2334
1311
145
1567
1686
268
1216
2825
1399
990
1849
1453
1094
1110
307
289
547
2295
1805
1390
1408
410
526
1111
1268
1551
2415
1596
759
445
2318
191
1712
1486
1583
1267
2707
1702
2383
961
2841
987
74
505
2427
873
2220
55
2689
1527
1786
1193
838
1316
503
2214
1495
2268
2746
767
2937
531
332
2223
2743
986
673
211
2779
2105
2844
1525
507
1828
480
1607
2659
1731
1514
600
467
1040
2217
1682
2212
809
2078
1415
1714
580
1811
109
1199
2928
2210
2584
941
2014
43
235
1669
2047
2128
1332
2180
2291
1717
1665
417
621
585
602
1826
234
329
1889
118
376
2406
1554
1492
1516
757
1723
2555
80
932
977
2494
1038
1591
808
2224
1719
2080
952
105
2482
2683
2772
1279
2923
1206
426
753
391
836
514
1041
115
1457
816
1992
690
972
318
2138
631
1974
2100
912
800
1579
3
1210
67
2831
889
667
5
2197
513
810
2893
1353
2641
2635
1177
2373
2189
934
1369
2091
2837
1637
183
976
2061
1978
413
1552
1264
2457
2876
2604
2009
2651
32
1228
351
1640
1269
2056
676
331
714
2284
2208
685
1416
279
437
23
1447
2432
798
916
2127
470
1615
869
899
884
2600
1986
995
1946
1067
1488
1022
978
2107
636
2277
1681
490
1387
2401
1624
2514
1058
1630
1314
517
197
1788
1718
1904
500
2921
642
2593
1692
1055
1739
2362
1555
1000
786
1271
1232
1131
1249
2393
1161
2256
2623
1857
2389
2160
618
1560
1755
2314
2649
233
1315
1255
1706
1247
1052
2024
770
2723
2001
273
269
1327
1375
1594
1693
1556
224
1116
1605
511
1519
1981
2
295
81
2355
1465
784
2179
2801
1829
173
1355
407
1029
771
2342
1809
2763
1842
1620
1587
429
2106
1668
303
1420
1867
747
624
1357
167
2574
2339
8
1625
2050
1379
2628
2184
1742
1892
850
1165
1404
2348
927
2449
2855
2819
1455
2145
821
108
338
705
1678
2433
88
2775
1349
37
826
453
1365
255
670
316
1454
15
2236
1428
2647
128
1541
1219
2564
2664
760
1916
1528
830
2940
1208
672
1280
857
1483
90
2782
75
2567
2559
390
1659
172
185
2531
1694
2147
2581
2019
1921
2096
1239
596
2727
2554
839
1983
1170
1859
2104
370
2534
1151
1708
1616
1629
1326
166
82
2408
1372
1385
1700
1380
1178
999
2243
491
1565
434
682
1304
2585
343
60
2480
195
1114
1924
432
2344
2218
1623
727
1836
1159
2237
1790
1764
2932
1900
971
2460
2839
1942
2486
2027
818
1028
1276
1915
219
2272
174
462
2426
1680
2429
2887
1075
638
823
463
2619
2245
862
1793
520
2706
1224
807
2117
1847
1748
1162
2539
2846
29
2871
2466
2752
603
2516
2595
274
2761
1371
848
2102
2789
1034
472
1737
1521
2409
1934
1507
2407
2904
278
379
2422
2451
2497
762
539
548
2858
2037
840
1099
2148
237
2637
831
1812
2671
1403
733
425
616
924
1997
858
1675
1573
1436
1191
2525
2176
2687
785
709
328
2320
1174
1765
157
2007
18
1622
1649
2011
683
1398
891
691
2155
1317
2478
214
2620
406
1964
1173
1172
906
1907
1899
9
1093
700
1106
795
587
679
2333
726
1914
696
397
815
2371
2910
443
2710
2614
2022
1441
1593
2089
1155
2487
792
220
557
2498
2613
2264
1756
1394
508
546
401
2072
652
666
2790
737
870
1738
606
790
2051
940
2548
2705
2005
85
2200
2616
967
1089
2676
900
2594
2852
2639
151
2452
1566
2015
2444
1821
1464
1634
1359
1366
1538
1613
2431
143
1341
2288
1894
586
935
615
1651
2736
1919
227
1795
2929
930
522
1442
206
155
2441
114
1458
2377
2231
1725
1001
119
207
1861
2136
21
2642
1439
1732
573
340
841
1180
20
1122
1705
1796
1189
1472
1438
2336
2888
1654
2385
2321
878
153
478
571
1139
2084
38
713
1053
2558
2713
2938
2397
913
1135
1167
2241
920
2374
1176
570
1761
497
373
1763
257
1300
2098
2777
1524
1787
2259
1384
1168
919
1171
117
2862
2035
787
532
228
2781
1397
1817
2920
2294
1333
2553
566
944
1261
2632
2306
435
541
479
2471
99
2508
1182
2028
1298
2733
1044
1518
963
827
874
2764
1254
980
1342
2824
1988
778
238
2186
1846
2832
693
2720
40
754
2263
1320
2864
2020
420
1163
287
1572
1201
1287
1036
1891
1709
1561
2063
896
2786
2545
286
1598
704
383
2527
2448
2510
58
1673
2227
2346
2941
1430
2483
1927
2216
1662
803
849
2369
2479
226
1323
2279
2768
2634
1855
574
1395
2586
1023
423
558
1363
1961
1743
1799
2716
427
310
2590
252
2289
814
1969
564
1545
107
2848
1032
512
1413
1292
1776
1749
321
1266
2322
1584
2124
2428
2814
335
692
2842
2173
301
846
974
1284
635
1146
1701
2225
646
2238
608
2856
1169
1858
1343
911
356
1901
2162
2517
604
1549
1759
140
660
1461
1803
26
372
2244
2298
2718
1309
1003
142
1603
247
2459
993
2879
1432
905
782
2523
477
2812
2399
1707
1105
791
346
347
2463
2618
489
1612
694
962
458
2901
475
180
1107
2778
2913
451
2900
504
2313
1214
1078
1360
2519
2793
460
1187
2297
422
1088
2847
2278
194
2652
2261
1511
802
1027
63
2228
2857
1262
2207
333
2474
123
1241
1546
2126
1312
2810
975
2116
1687
2464
740
1666
1619
299
1100
1655
1227
2425
1952
2750
1539
1305
1120
320
1535
156
1998
2111
95
688
2598
1902
2918
22
1985
2103
230
1402
262
1951
634
2708
2467
2304
1164
680
2784
298
1585
66
1062
538
2367
294
594
2093
110
59
2774
1517
1220
2169
2476
2394
861
2149
2840
2343
1771
2675
2882
559
2347
844
1354
922
1231
375
1844
2319
2151
2749
1437
1238
46
2368
614
1938
2582
1141
669
136
2679
674
146
1101
1660
2566
1864
2075
1104
1149
1137
1531
1499
30
281
1283
773
1485
2592
2012
519
135
983
2247
2493
2341
465
77
1648
48
2931
2656
345
837
575
2414
2919
1626
2191
1008
720
2353
1282
929
2791
1136
1685
405
2505
711
895
2580
653
73
662
2696
2234
550
1943
484
1121
468
1945
1690
2469
2345
175
1628
2533
2055
2578
45
723
2684
866
1418
2849
2509
2868
1401
2219
2898
1324
285
2199
1117
1405
881
1661
842
877
656
2254
1306
2670
1490
330
2502
2872
853
2201
218
855
2501
380
1918
2711
639
1337
1650
2430
1908
1463
860
562
1819
2280
710
811
87
2446
749
62
1736
2796
2518
204
2158
1621
1806
1060
630
83
2094
2069
1138
2805
2865
1084
1083
931
1704
31
1871
2360
599
113
1487
1047
2499
377
2023
1644
49
686
712
1884
2267
297
1695
1839
308
386
106
2572
845
917

