1 0
2 0
3 0
4 1
5 0
6 1
7 0
8 1
9 1
10 0
11 0
12 0
13 0
14 0
15 1
16 0
17 0
18 1
19 1
20 1
21 0
22 1
23 1
24 1
25 1
26 1
27 1
28 1
29 1
30 1
31 0
32 1
33 1
34 0
35 0
36 0
37 0
38 1
39 1
40 1
41 0
42 1
43 0
44 0
45 1
46 0
47 0
48 1
49 1
50 1
51 0
52 1
53 1
54 1
55 0
56 1
57 1
58 1
59 0
60 0
61 0
62 0
63 1
64 1
65 0
66 1
67 0
68 1
69 1
70 1
71 1
72 1
73 1
74 0
75 0
76 1
77 1
78 1
79 0
80 1
81 0
82 1
83 0
84 0
85 0
86 1
87 1
88 1
89 0
90 1
91 0
92 0
93 1
94 0
95 1
96 1
97 1
98 0
99 1
100 1
101 0
102 0
103 0
104 0
105 1
106 1
107 0
108 0
109 0
110 0
111 1
112 0
113 1
114 1
115 0
116 1
117 0
118 1
119 0
120 1
121 1
122 0
123 1
124 1
125 0
126 0
127 1
128 1
129 1
130 1
131 1
132 1
133 1
134 1
135 0
136 1
137 1
138 1
139 1
140 1
141 1
142 1
143 0
144 0
145 0
146 0
147 1
148 1
149 0
150 0
151 0
152 0
153 1
154 1
155 1
156 1
157 1
158 1
159 1
160 1
161 0
162 0
163 0
164 0
165 1
166 1
167 0
168 1
169 0
170 1
171 1
172 1
173 1
174 1
175 0
176 1
177 0
178 0
179 1
180 0
181 1
182 0
183 1
184 1
185 1
186 1
187 1
188 1
189 1
190 0
191 1
192 1
193 0
194 0
195 0
196 0
197 1
198 0
199 1
200 1
201 1
202 0
203 1
204 1
205 1
206 1
207 0
208 0
209 1
210 1
211 1
212 1
213 1
214 1
215 1
216 0
217 1
218 0
219 1
220 1
221 1
222 0
223 0
224 1
225 0
226 1
227 0
228 0
229 1
230 0
231 1
232 1
233 1
234 1
235 1
236 1
237 1
238 1
239 1
240 1
241 1
242 0
243 1
244 0
245 0
246 1
247 0
248 0
249 1
250 1
251 0
252 1
253 1
254 0
255 1
256 1
257 0
258 1
259 0
260 1
261 1
262 1
263 0
264 1
265 1
266 0
267 1
268 0
269 1
270 1
271 0
272 1
273 1
274 0
275 1
276 1
277 0
278 0
279 1
280 0
281 1
282 1
283 0
284 1
285 1
286 0
287 1
288 1
289 0
290 0
291 0
292 1
293 1
294 1
295 1
296 0
297 0
298 1
299 1
300 1
301 1
302 1
303 1
304 0
305 0
306 1
307 0
308 1
309 1
310 1
311 0
312 1
313 1
314 0
315 1
316 1
317 0
318 0
319 0
320 0
321 1
322 0
323 1
324 0
325 1
326 0
327 1
328 0
329 1
330 1
331 0
332 0
333 0
334 1
335 0
336 0
337 1
338 0
339 0
340 1
341 1
342 0
343 1
344 0
345 1
346 0
347 0
348 1
349 0
350 1
351 0
352 0
353 0
354 0
355 1
356 1
357 0
358 1
359 0
360 1
361 0
362 1
363 1
364 1
365 1
366 0
367 0
368 1
369 1
370 1
371 0
372 1
373 0
374 1
375 1
376 0
377 0
378 1
379 0
