1 1
2 1
3 1
4 1
5 1
6 1
7 0
8 1
9 1
10 1
11 0
12 0
13 0
14 0
15 1
16 0
17 0
18 0
19 1
20 1
21 1
22 0
23 0
24 1
25 0
26 1
27 1
28 0
29 1
30 0
31 0
32 1
33 1
34 1
35 1
36 1
37 1
38 1
39 0
40 1
41 0
42 0
43 0
44 1
45 1
46 1
47 1
48 1
49 0
50 0
51 1
52 1
53 1
54 1
55 1
56 1
57 1
58 0
59 1
60 1
61 1
62 0
63 0
64 0
65 1
66 1
67 0
68 1
69 0
70 1
71 0
72 1
73 0
74 1
75 1
76 0
77 0
78 0
79 0
80 1
81 0
82 1
83 0
84 1
85 1
86 1
87 1
88 1
89 1
90 0
91 0
92 0
93 1
94 0
95 1
96 0
97 0
98 1
99 0
100 1
101 1
102 1
103 0
104 0
105 0
106 1
107 0
108 1
109 1
110 1
111 1
112 0
113 1
114 0
115 1
116 1
117 1
118 1
119 1
120 0
121 1
122 1
123 0
124 0
125 0
126 0
127 0
128 0
129 1
130 1
131 1
132 1
133 0
134 0
135 0
136 0
137 0
138 0
139 1
140 0
141 1
142 1
143 1
144 1
145 1
146 0
147 0
148 0
149 0
150 0
151 0
152 1
153 1
154 1
155 1
156 1
157 0
158 1
159 1
160 1
161 1
162 1
163 1
164 1
165 1
166 1
167 0
168 1
169 0
170 0
171 0
172 1
173 0
174 1
175 0
176 1
177 0
178 0
179 0
180 1
181 0
182 0
183 1
184 0
185 1
186 0
187 0
188 0
189 1
190 0
191 1
192 0
193 0
194 0
195 1
196 0
197 0
198 0
199 1
200 0
201 1
202 1
203 1
204 1
205 1
206 1
207 1
208 0
209 0
210 0
211 0
212 0
213 0
214 1
215 1
216 1
217 1
218 1
219 1
220 1
221 1
222 1
223 0
224 0
225 1
226 0
227 0
228 0
229 0
230 1
231 0
232 0
233 0
234 0
235 0
236 1
237 1
238 1
239 1
240 1
241 1
242 0
243 0
244 0
245 0
246 0
247 1
248 0
249 0
250 0
251 0
252 0
253 1
254 0
255 0
256 0
257 0
258 0
259 1
260 1
261 1
262 1
263 1
264 1
265 1
266 0
267 0
268 0
269 0
270 0
271 1
272 0
273 1
274 0
275 0
276 0
277 1
278 1
279 0
280 1
281 0
282 1
283 0
284 1
285 1
286 0
287 1
288 0
289 1
290 1
291 1
292 0
293 1
294 1
295 0
296 1
297 0
298 1
299 0
300 1
301 0
302 1
303 0
304 1
305 0
306 1
307 0
308 0
309 0
310 0
311 1
312 0
313 1
314 1
315 0
316 1
317 1
318 1
319 0
320 1
321 1
322 1
323 1
324 0
325 1
326 1
327 0
328 1
329 0
330 1
331 0
332 0
333 0
334 0
335 0
336 0
337 0
338 1
339 0
340 1
341 1
342 1
343 1
344 1
345 0
346 1
347 1
348 0
349 1
350 1
351 0
352 1
353 0
354 0
355 0
356 0
357 0
358 0
359 1
360 0
361 1
362 0
363 1
364 0
365 1
366 1
367 1
368 1
369 0
370 1
371 1
372 1
373 1
374 0
375 1
376 0
377 0
378 0
379 1
380 0
381 0
382 0
383 0
384 0
385 0
386 1
387 0
388 1
389 1
390 0
391 0
392 1
393 1
394 0
395 0
396 0
397 1
398 0
399 0
400 1
401 1
402 1
403 0
404 1
405 0
406 0
407 0
408 0
409 0
410 1
411 0
412 0
413 1
414 0
415 1
416 0
417 1
418 0
419 0
420 0
421 0
422 1
423 0
424 0
425 1
426 1
427 0
428 0
429 1
430 1
431 0
432 1
433 1
434 0
435 1
436 0
437 0
438 1
439 0
440 1
441 0
442 0
443 0
444 1
445 0
446 1
447 0
448 0
449 1
450 0
451 0
452 0
453 1
454 0
455 1
456 0
457 1
458 1
459 0
460 0
461 0
462 0
463 0
464 1
465 0
466 1
467 0
468 0
469 0
470 1
471 1
472 1
473 0
474 0
475 1
476 1
477 0
478 0
479 0
480 1
481 1
482 0
483 0
484 0
485 1
486 0
487 0
488 0
489 0
490 1
491 0
492 0
493 1
494 0
495 1
496 0
497 1
498 1
499 1
500 1
501 1
502 1
503 0
504 0
505 0
506 0
507 0
508 1
509 0
510 0
511 0
512 0
513 0
514 1
515 0
516 1
517 1
518 1
519 0
520 1
521 1
522 0
523 0
524 1
525 0
526 1
527 1
528 1
529 1
530 1
531 1
532 1
533 1
534 1
535 0
536 0
537 0
538 0
539 0
540 0
541 1
542 0
543 1
544 1
545 0
546 1
547 0
548 1
549 0
550 1
551 0
552 1
553 0
554 1
555 0
556 0
557 0
558 1
559 1
560 0
561 0
562 1
563 0
564 1
565 1
566 1
567 1
568 0
569 0
570 1
571 1
572 1
573 0
574 0
575 1
576 0
577 1
578 0
579 1
580 0
581 1
582 1
583 1
584 0
585 1
586 1
587 0
588 1
589 1
590 0
591 0
592 0
593 0
594 1
595 0
596 0
597 1
598 0
599 1
600 1
601 1
602 0
603 1
604 0
605 0
606 1
607 1
608 1
609 1
610 0
611 1
612 0
613 0
614 0
615 1
616 0
617 0
618 1
619 0
620 0
621 1
622 1
623 1
624 1
625 0
626 0
627 0
628 1
629 0
630 1
631 1
632 0
633 1
634 1
635 1
636 1
637 0
638 1
639 1
640 1
641 1
642 1
643 0
644 0
645 0
646 0
647 1
648 1
649 0
650 1
651 0
652 0
653 1
654 0
655 1
656 0
657 1
658 0
659 1
660 0
661 0
662 1
663 1
664 0
665 0
666 0
667 0
668 0
669 1
670 1
671 1
672 1
673 0
674 1
675 0
676 0
677 0
678 1
679 1
680 1
681 1
682 1
683 0
684 1
685 1
686 0
687 1
688 1
689 1
690 1
691 0
692 1
693 1
694 0
695 0
696 1
697 1
698 1
699 0
700 1
701 1
702 1
703 1
704 1
705 0
706 0
707 0
708 1
709 1
710 1
711 1
712 1
713 1
714 1
715 0
716 0
717 1
718 0
719 1
720 0
721 1
722 1
723 1
724 1
725 1
726 0
727 0
728 1
729 1
730 0
731 1
732 0
733 0
734 1
735 0
736 1
737 0
738 1
739 1
740 1
741 1
742 1
743 1
744 1
745 0
746 1
747 1
748 1
749 0
750 1
751 1
752 0
753 1
754 1
755 1
756 1
757 1
758 1
759 1
760 1
761 1
762 1
763 0
764 1
765 1
766 1
767 0
768 1
769 1
770 1
771 1
772 1
773 0
774 0
775 1
776 1
777 1
778 1
779 0
780 1
781 1
782 1
783 0
784 0
785 1
786 1
787 1
788 0
789 1
790 1
791 1
792 1
793 1
794 1
795 1
796 1
797 0
798 0
799 1
800 0
801 0
802 1
803 1
804 0
805 0
806 0
807 0
808 0
809 0
810 1
811 0
812 1
813 0
814 1
815 0
816 1
817 0
818 1
819 1
820 1
821 0
822 1
823 1
824 1
825 1
826 1
827 0
828 1
829 0
830 1
831 1
832 1
833 0
834 1
835 1
836 1
837 1
838 0
839 1
840 1
841 1
842 0
843 1
844 1
845 1
846 0
847 1
848 0
849 1
850 0
851 0
852 0
853 0
854 1
855 0
856 1
857 1
858 1
859 1
860 1
861 1
862 1
863 1
864 1
865 1
866 1
867 1
868 0
869 1
870 0
871 0
872 1
873 1
874 1
875 1
876 1
877 1
878 1
879 1
880 1
881 0
882 0
883 0
884 0
885 1
886 0
887 1
888 0
889 1
890 1
891 1
892 1
893 1
894 1
895 0
896 1
897 0
898 0
899 1
900 0
901 1
902 0
903 0
904 0
905 1
906 1
907 0
908 0
909 1
910 1
911 0
912 1
913 1
914 0
915 0
916 1
917 1
918 1
919 1
920 1
921 1
922 1
923 1
924 1
925 0
926 1
927 1
928 0
929 1
930 1
931 0
932 0
933 1
934 0
935 1
936 0
937 0
938 0
939 1
940 1
941 0
942 1
943 0
944 0
945 1
946 0
947 1
948 1
949 1
950 1
951 0
952 1
953 1
954 0
955 1
956 0
957 1
958 1
959 1
960 1
961 1
962 1
963 0
964 0
965 0
966 0
967 1
968 1
969 1
970 1
971 1
972 1
973 1
974 1
975 1
976 1
977 1
978 0
979 1
980 0
981 0
982 0
983 1
984 0
985 1
986 0
987 0
988 0
989 1
990 0
991 1
992 1
993 1
994 0
995 0
996 0
997 1
998 1
999 1
1000 1
1001 0
1002 1
1003 0
1004 1
1005 1
1006 1
1007 1
1008 1
1009 0
1010 1
1011 1
1012 0
1013 0
1014 1
1015 1
1016 1
1017 1
1018 0
1019 1
1020 1
1021 1
1022 1
1023 1
1024 1
1025 0
1026 0
1027 1
1028 1
1029 0
1030 0
1031 1
1032 1
1033 1
1034 0
1035 1
1036 0
1037 0
1038 1
1039 1
1040 1
1041 1
1042 1
1043 1
1044 1
1045 1
1046 1
1047 1
1048 0
1049 0
1050 1
1051 1
1052 0
1053 0
1054 0
1055 0
1056 0
1057 1
1058 1
1059 0
1060 0
1061 0
1062 0
1063 1
1064 1
1065 0
1066 0
1067 0
1068 0
1069 0
1070 0
1071 0
1072 1
1073 1
1074 1
1075 1
1076 0
1077 1
1078 1
1079 1
1080 1
1081 1
1082 1
1083 1
1084 0
1085 0
1086 1
1087 0
1088 1
1089 1
1090 1
1091 1
1092 0
1093 1
1094 1
1095 0
1096 1
1097 0
1098 0
1099 0
1100 0
1101 1
1102 1
1103 1
1104 1
1105 1
1106 1
1107 1
1108 0
1109 1
1110 1
1111 0
1112 0
1113 1
1114 1
1115 1
1116 0
1117 1
1118 1
1119 1
1120 1
1121 1
1122 1
1123 1
1124 1
1125 1
1126 0
1127 0
1128 1
1129 0
1130 1
1131 1
1132 1
1133 1
1134 1
1135 0
1136 1
1137 0
1138 0
1139 0
1140 1
1141 0
1142 0
1143 0
1144 1
1145 0
1146 0
1147 0
1148 0
1149 0
1150 0
1151 1
1152 1
1153 1
1154 0
1155 0
1156 0
1157 0
1158 1
1159 1
1160 1
1161 0
1162 1
1163 1
1164 0
1165 1
1166 0
1167 1
1168 1
1169 1
1170 1
1171 1
1172 1
1173 1
1174 0
1175 1
1176 0
1177 1
1178 0
1179 0
1180 0
1181 1
1182 1
1183 0
1184 1
1185 0
1186 1
1187 1
1188 0
1189 1
1190 0
1191 1
1192 0
1193 1
1194 0
1195 0
1196 1
1197 1
1198 1
1199 1
1200 1
1201 1
1202 0
1203 0
1204 0
1205 1
1206 0
1207 1
1208 0
1209 1
1210 1
1211 1
1212 1
1213 1
1214 1
1215 1
1216 1
1217 1
1218 1
1219 1
1220 1
1221 1
1222 1
1223 1
1224 0
1225 1
1226 0
1227 0
1228 1
1229 0
1230 1
1231 1
1232 1
1233 1
1234 1
1235 0
1236 1
1237 0
1238 1
1239 1
1240 1
1241 1
1242 1
1243 0
1244 0
1245 1
1246 1
1247 0
1248 1
1249 1
1250 1
1251 1
1252 0
1253 1
1254 1
1255 0
1256 0
1257 0
1258 1
1259 0
1260 0
1261 0
1262 0
1263 0
1264 0
1265 0
1266 0
1267 1
1268 0
1269 0
1270 1
1271 1
1272 1
1273 1
1274 1
1275 1
1276 0
1277 0
1278 0
1279 0
1280 1
1281 0
1282 1
1283 1
1284 1
1285 1
1286 1
1287 0
1288 0
1289 1
1290 1
1291 0
1292 0
1293 1
1294 1
1295 1
1296 1
1297 1
1298 1
1299 1
1300 1
1301 1
1302 1
1303 1
1304 0
1305 0
1306 0
1307 1
1308 0
1309 1
1310 0
1311 0
1312 0
1313 1
1314 1
1315 1
1316 0
1317 0
1318 1
1319 0
1320 1
1321 0
1322 0
1323 1
1324 0
1325 0
1326 0
1327 1
1328 1
1329 0
1330 0
1331 0
1332 0
1333 1
1334 1
1335 1
1336 0
1337 1
1338 0
1339 1
1340 0
1341 0
1342 0
1343 0
1344 0
1345 1
1346 0
1347 0
1348 0
1349 0
1350 0
1351 0
1352 1
1353 0
1354 1
1355 0
1356 0
1357 1
1358 1
1359 1
1360 1
1361 1
1362 0
1363 1
1364 0
1365 0
1366 1
1367 1
1368 1
1369 1
1370 1
1371 1
1372 1
1373 1
1374 0
1375 0
1376 1
1377 1
1378 1
1379 1
1380 0
1381 1
1382 1
1383 1
1384 1
1385 1
1386 0
1387 1
1388 0
1389 1
1390 1
1391 1
1392 1
1393 0
1394 0
1395 1
1396 0
1397 1
1398 1
1399 1
1400 1
1401 0
1402 1
1403 1
1404 1
1405 1
1406 1
1407 1
1408 1
1409 1
1410 1
1411 1
1412 0
1413 1
1414 0
1415 0
1416 0
1417 1
1418 0
1419 1
1420 1
1421 1
1422 1
1423 0
1424 1
1425 0
1426 1
1427 1
1428 1
1429 1
1430 0
1431 1
1432 1
1433 1
1434 1
1435 0
1436 1
1437 0
1438 1
1439 1
1440 1
1441 1
1442 0
1443 0
1444 0
1445 1
1446 1
1447 0
1448 0
1449 1
1450 1
1451 1
1452 0
1453 1
1454 0
1455 1
1456 1
1457 0
1458 0
1459 1
1460 1
1461 1
1462 1
1463 1
1464 0
1465 0
1466 0
1467 0
1468 0
1469 0
1470 0
1471 0
