248
2546
841
477
2400
2048
2655
1869
2710
1554
2954
1426
657
830
2135
656
1837
2637
1099
115
1211
2618
2343
3152
1135
3131
127
1704
2629
2575
2119
1816
2918
425
256
1444
815
994
2922
2509
116
1255
1674
732
3068
859
1970
3095
353
2278
3134
2039
802
2309
1895
3200
3110
744
999
1085
67
2116
2743
2799
1254
2087
1535
2714
1820
2396
1189
2399
1015
1042
998
41
839
3196
838
1522
2651
603
2677
1636
2040
2612
3116
2408
1968
296
114
610
211
325
2285
3250
1437
2501
2861
1791
2880
352
2881
500
651
510
2884
1590
439
2914
2686
3141
2550
1311
1913
1156
2777
3306
1861
1783
2580
51
509
2834
3273
888
409
384
872
1285
1529
107
1092
2136
1423
2676
39
2701
1611
1447
789
1312
1688
2824
825
1471
523
1918
7
668
2010
1223
2214
1754
446
287
530
2094
1184
2369
736
1979
1062
745
1483
678
170
1161
3215
1937
643
1519
1564
2338
1463
1930
1017
2266
635
407
1700
481
209
2695
410
2297
1799
748
1026
191
3241
2682
2032
1305
2570
2077
462
2435
3276
180
299
1169
2692
466
2227
1974
997
307
467
78
273
576
582
2459
1928
1832
2765
1593
263
2124
2882
144
2023
1574
2126
40
867
771
2764
2681
1174
3224
1686
1345
1793
2760
1701
1467
3289
1993
361
1906
3270
1744
3286
1506
2082
1623
374
616
1661
2138
2716
3305
903
951
613
2688
1117
1821
2461
3193
161
1100
3231
701
3060
1969
1546
2679
60
1478
749
2747
1294
3147
1860
2641
1863
132
1728
1071
108
790
1036
3043
2464
2326
2213
990
2982
666
607
2842
2329
3081
2274
854
226
1872
3281
1940
1951
436
1386
1753
2268
2979
799
2482
1915
3100
3018
1995
1264
255
1157
885
2043
1313
3175
346
2572
2177
1159
1104
2920
3105
2665
4
1302
1420
2883
3295
2737
2486
203
417
3310
79
2943
257
1277
2722
660
2101
1171
2407
1374
1106
1846
906
128
2775
812
1173
2917
2547
2606
3125
801
1038
2298
1477
1346
2267
1595
1901
1772
1390
1048
2379
2155
2897
862
1183
2319
3150
344
1101
86
2818
2159
1517
1140
283
1397
2226
202
2702
1402
1867
2378
3291
393
1784
2661
891
321
3056
2748
2223
3148
77
1432
2187
475
1025
429
312
275
2494
1043
1283
1151
2496
2096
2041
2865
2987
2081
18
1158
479
2996
1396
493
2316
1931
1333
2110
499
634
2406
2236
2140
2481
1458
764
2724
2393
1720
1520
905
2664
1144
2009
2045
3044
363
2634
2801
640
2837
2759
2924
198
988
2174
1138
1711
2145
2401
581
3109
1186
2901
3138
1400
531
911
56
2150
587
1319
2438
1488
2680
80
1004
1530
47
1023
2788
1322
125
3222
1639
2593
1994
1740
2869
3099
618
703
1240
2455
3257
3102
2004
818
1415
1448
1059
2718
552
768
2456
785
2841
1634
1573
100
2852
2161
3239
2395
1243
52
2333
1416
419
2029
2859
452
223
3278
1268
2513
699
163
405
2556
1848
2989
929
2525
2130
659
146
2271
2972
2962
1287
3053
234
3179
3226
3255
484
472
1562
2603
1760
345
1999
2178
3127
1119
1351
1739
3048
1103
292
2963
2844
486
3237
647
261
868
440
1690
1329
1180
2730
3083
2410
1001
495
1341
2363
1245
653
3135
2596
2218
87
2939
3185
27
2280
1343
2754
505
2706
421
489
2823
1537
2352
3258
662
92
1602
2545
2001
182
1997
2502
1986
2171
2133
165
2495
3063
85
82
1060
3055
320
1257
2540
2263
1005
1445
2971
2416
2017
2208
2251
583
3009
1286
3178
1335
920
1024
25
1301
2084
772
1851
1841
1764
1046
37
3051
1852
2942
281
408
705
1618
3153
3080
308
1199
650
2020
890
1637
3117
2534
3177
3272
1785
140
2890
3283
1244
2900
1457
858
2253
2047
3186
1879
1894
727
1079
3204
274
176
3091
625
1624
2112
2166
3149
5
1746
302
2293
3089
2212
270
1702
646
1759
980
851
2639
68
385
3
2993
3207
2796
3084
2421
2941
1410
2733
1629
777
743
1718
2015
401
1443
2312
1398
1703
1406
3217
2050
1989
2270
993
989
2552
620
2225
757
2037
1225
1505
2276
572
1338
142
2262
1790
1516
1057
2193
2016
301
3191
1162
2505
2458
846
2700
399
2184
2524
3233
2103
450
1185
1581
1430
1424
2646
3176
3161
471
2210
1327
804
97
2292
1095
970
2630
1073
2671
1417
1454
2452
238
781
2660
2888
936
2228
1259
3244
1694
693
1668
2337
1960
2856
208
2662
1956
1944
201
12
679
730
2088
619
1040
2697
1923
418
776
3212
1203
1876
1498
593
2645
937
2663
955
2102
3085
2146
2932
1741
2127
225
455
708
2928
3183
133
2475
1926
2398
2879
688
1831
2921
2535
269
1510
3075
143
134
2568
719
48
755
737
2168
453
1010
411
1428
2590
32
1342
724
3232
1655
1555
2272
2757
3309
507
2387
1369
1502
333
2610
342
1907
1241
2425
220
1433
1743
244
1748
2529
1455
713
2162
1780
983
930
2083
1751
362
2849
94
2240
2239
2656
2060
691
215
1055
2930
1803
813
3240
2049
2322
3274
1378
1276
2403
3182
430
1194
1414
2385
72
59
2315
1021
1
773
3026
2443
1002
98
1366
2424
2708
1697
65
1890
1368
177
1873
1359
1267
3146
2812
1789
1957
1452
2523
2691
2571
1976
2503
123
1532
1582
3067
2056
2235
126
514
1206
1227
2247
8
3025
197
1580
2125
83
43
1110
391
2636
1610
2974
3219
2180
1749
314
1589
2959
2055
1411
457
1291
549
1216
188
1352
1545
2341
1450
1887
521
2120
1231
1536
1965
842
1716
278
1977
3311
1486
3254
1900
915
148
1796
1521
2067
3279
2147
1721
605
774
2389
2973
488
1539
2631
3052
1479
2549
1616
2998
1543
1491
1469
387
229
558
1205
185
305
1682
1154
677
448
1902
2359
3294
2460
1834
2314
515
1086
157
233
3155
1706
3214
1762
2790
1676
864
2007
878
1598
981
1675
1925
2934
2909
2607
186
496
3082
670
340
1384
1293
2644
1013
483
2064
2833
404
1627
784
1256
3115
2723
1945
794
2370
561
1405
538
3032
2148
1148
502
413
1531
2042
2003
2604
2441
1737
2205
2804
1949
598
2835
3218
3073
1198
2753
2079
3292
2582
3034
1058
2952
2613
2602
986
973
2712
3042
2539
1125
153
1391
2248
2711
916
1030
2560
300
941
3024
2838
2585
1273
1919
1934
2587
103
230
3160
964
251
3037
2825
1094
1966
1518
2780
3005
2652
901
3121
2948
2310
2968
1773
2820
2444
1332
289
476
1018
1028
2153
3012
2405
2569
2956
1571
2752
1442
3016
1053
836
2231
2563
984
738
1000
671
1904
2068
1885
574
1003
1557
1377
1434
2499
1847
1857
315
3263
2830
1916
945
1142
1468
892
972
2538
3124
2725
3162
2685
1853
3041
1153
1222
286
897
978
908
196
491
2771
3223
1817
711
1551
2321
2324
2916
235
2778
2763
1309
2506
2195
2057
70
149
1684
3221
2828
3172
563
129
1954
2925
178
1560
896
258
3143
1991
1656
1786
2467
2429
1045
2601
498
1596
1210
3114
1534
199
1462
1787
1500
2442
2302
1096
414
985
770
880
1344
1080
400
2335
3103
2772
2678
796
390
2051
354
236
392
3246
0
2290
1061
2465
2898
602
494
2773
1921
1770
2350
2872
1854
1263
2906
3058
2719
1208
1717
2787
456
3210
2668
118
406
585
412
2592
1419
167
1167
1672
1528
700
327
2620
568
1408
264
1548
3198
2544
919
718
249
2158
1200
3245
1665
330
2632
3046
2080
902
2903
42
34
2871
285
3008
2188
1308
1855
1235
1975
3253
1492
3106
3123
382
454
2530
1727
1383
735
2172
1933
1892
1324
1373
2815
1109
2767
2264
319
1250
689
2156
1685
2742
856
1758
2611
579
252
1128
1996
2736
228
548
814
451
2640
966
1594
2696
135
2891
1983
1037
1181
968
599
747
511
855
824
3163
2615
1870
1029
508
1850
2176
3173
2137
1644
975
503
1358
1306
1809
889
2446
1525
2418
567
213
1484
1738
522
1224
1370
73
1736
1948
2413
1091
3132
338
2221
3302
1292
2839
2206
3144
1613
1108
164
1767
66
1859
280
3129
788
2781
3145
601
2179
2798
1449
485
591
1693
2339
795
2516
715
658
2249
99
2595
1464
379
1781
3122
649
1692
520
965
2216
1883
322
2866
551
1011
1284
2488
655
3040
2289
2537
2470
1924
1523
461
695
381
2409
1439
1460
3287
1583
2466
2375
925
1300
2046
759
1730
792
3189
977
1039
1822
2122
3111
2194
1838
2209
569
924
1226
155
2758
3059
809
544
1321
2510
2558
350
2175
1922
2793
2617
1112
95
566
2061
2599
1587
3236
2092
2650
366
2182
2034
690
3139
1858
1389
2066
260
1955
1856
1371
388
2887
2598
2097
438
712
1683
631
729
420
2822
57
1903
541
2323
664
1805
89
2874
1069
971
617
2608
377
1473
2192
219
939
183
192
415
2286
2303
2426
1006
2261
780
2944
2065
1436
615
1114
1866
835
763
2432
2304
2211
536
2149
160
1331
3157
2036
2173
2994
380
3243
2376
364
2134
2721
26
3151
1980
2635
193
2577
329
1508
2623
2802
526
96
200
3195
2242
533
637
3006
1802
1932
1735
2053
2704
3181
1511
304
2347
2151
3096
2949
1678
2809
3098
767
2186
1136
1372
1577
1493
504
271
2371
543
2109
1303
2011
1196
2281
195
1052
1248
596
600
534
2739
2567
276
2795
644
19
1972
1239
1628
2744
1032
684
2589
3130
2190
14
1325
2258
2474
1392
3168
492
819
612
1459
3251
588
422
1451
349
3205
3213
1570
926
1316
555
1801
443
1771
2817
1626
2658
2241
1049
753
2284
2709
2783
2232
1431
474
1139
184
787
2854
2938
3088
1051
2728
3076
1083
967
3054
2548
2342
3039
239
2411
721
470
3031
2448
2654
1084
3092
2698
1953
2886
33
3090
852
2977
2492
2627
597
435
1247
3169
3171
2471
2480
3154
101
2093
331
1111
1910
991
151
2947
76
881
639
797
1233
316
2288
1282
217
2860
2768
2648
2990
2243
1865
2727
1578
1349
933
1012
2257
3271
1619
2012
1939
1150
2365
1229
769
2821
1382
1143
15
173
2157
2129
2397
512
1987
527
1792
2511
1515
1962
1988
524
722
1435
1120
1364
55
2490
1811
2328
1413
961
871
250
2252
2026
2078
3249
397
2784
956
1552
2123
676
3188
2950
2479
954
1729
2905
2554
1204
2819
2508
2749
2940
1213
2588
2028
3033
403
2931
1395
2382
1105
31
1260
2024
807
1339
2356
1418
2062
853
1318
1127
948
1022
3050
254
2717
866
1456
1881
1014
179
1307
1788
731
29
1237
2143
1909
539
904
2624
2800
2074
1271
1667
2578
2808
23
2198
3293
1217
2910
3020
3028
2141
113
2542
328
2244
917
2774
728
652
2751
778
3069
3297
1475
1489
1917
1188
194
368
1272
800
324
2519
1673
2420
2690
1527
1647
798
2857
540
2955
3304
1054
2392
542
2970
1911
2018
628
1504
317
632
2512
672
158
1756
1648
2807
2967
734
432
1461
378
1612
279
2756
3203
1315
2447
2430
2609
2735
1487
2434
3290
1446
1265
105
2522
1078
373
1775
604
2367
3167
1007
214
22
2215
2961
2002
1202
1330
3277
1614
444
2915
2584
528
2230
584
686
2573
247
1348
1726
3165
2086
1279
120
995
3170
1563
2099
1474
1778
2904
3064
2521
633
1654
2437
2317
2344
2075
1768
3187
2740
1087
2295
1541
1958
697
2565
2325
1663
1643
3260
709
1662
1828
848
2622
501
2643
2642
1558
1258
1176
516
2616
2600
1409
2761
1696
2845
1385
1168
953
2351
3201
204
518
3301
2992
1905
2100
426
805
519
1707
3118
1485
2330
1752
860
1681
17
2670
159
2091
3242
2633
641
1074
1553
112
2279
1064
1172
1549
907
1779
2332
1833
81
2431
2933
803
386
1513
922
1579
675
1155
480
2908
2515
1608
2531
2997
932
1671
570
90
2893
1652
1927
1090
54
645
2246
2566
1182
1031
3184
1606
2975
2832
1035
694
1526
974
2868
1191
1328
2144
36
1982
2720
1221
1401
3269
2306
1755
2614
557
2847
750
482
2551
1714
1261
1514
1964
2412
2022
3192
3013
282
2782
2562
1814
2391
2282
1219
3235
3202
3038
3126
2098
996
2132
2118
2473
1421
949
766
2894
3275
3300
358
2885
490
2786
627
1827
2417
2846
1317
1234
487
2291
1572
575
834
2776
642
2440
847
982
311
1680
1942
2806
832
1093
242
1651
2038
3071
1209
1081
3074
2899
3119
1336
1632
1657
2035
826
3264
1218
2336
1166
2527
1034
326
875
2769
2969
2745
298
3190
1815
16
3303
313
104
291
3004
741
913
2202
2462
2873
1304
102
1782
1889
1490
1645
1347
1207
578
205
761
290
786
1246
1723
1323
3019
2449
525
2919
1116
2517
762
3049
877
2070
2072
49
1824
2741
434
3065
2638
3002
3011
2360
1295
609
1360
943
2219
75
3227
1376
843
306
459
1946
3078
725
1897
840
899
3174
1363
1215
309
1914
2364
2349
2911
216
2160
154
1825
1981
1133
1192
2054
1699
2755
1540
3061
2197
383
2453
3113
131
894
592
190
2436
3045
93
2419
2374
1695
2450
1253
914
2912
169
683
9
1565
2357
1607
3128
356
844
1212
2895
1843
2553
1807
1288
1963
1163
3194
1427
2069
2152
2813
1804
1935
433
952
277
1766
1275
2605
3206
84
1973
2217
2946
1605
1813
2829
1742
3077
210
2514
2878
3228
206
3216
1978
1547
1320
861
375
2675
227
1214
2667
1381
1830
2889
623
537
3159
431
636
2154
687
2031
171
638
1679
1745
884
1070
3225
1967
927
992
2052
696
464
1642
3238
589
2044
2870
1864
717
2935
3288
1631
1262
586
2454
74
987
1399
559
2964
2307
577
1818
265
2986
347
821
2995
2423
3299
1465
3230
1230
2673
546
3022
109
1388
396
962
630
2789
212
1175
423
136
1971
1550
938
343
2189
46
1507
2576
218
2966
2013
2006
2923
3259
2951
3248
50
1659
3296
827
2107
3262
53
416
13
958
1797
2142
445
673
61
2507
3035
2543
351
221
3079
2014
1597
912
2383
447
1653
2689
2386
152
594
739
663
2254
64
1575
1407
564
1361
1845
3140
870
28
2875
1280
1146
942
947
1609
1160
2497
758
2234
556
1615
323
1620
2327
706
1666
1056
1429
1041
1354
893
622
1705
1499
723
850
710
141
3023
460
2485
545
1875
11
2483
1524
1715
3104
2203
1495
960
2707
1992
1453
1810
3066
3014
829
935
20
1509
2170
2005
1899
1874
2255
45
424
979
2770
1592
1082
1201
2229
3229
2843
698
2851
398
554
181
121
2489
2518
2358
2085
2491
2674
1765
469
268
517
2477
865
2331
2732
1886
3036
3298
2913
1633
1403
376
3266
2586
2320
1098
187
1950
1882
1251
3220
1533
1141
3062
1635
1584
2368
1849
394
1314
900
1839
2976
2555
1296
2301
2936
3003
1232
2095
562
760
1559
3030
2334
2991
2340
1123
2528
137
1375
2978
2927
1190
1812
2487
2672
2669
831
428
2557
2953
1677
367
2591
837
2579
2108
1959
3307
1269
2115
775
371
1941
266
621
849
1362
2791
2265
1422
742
3261
2414
1806
3282
2394
1567
1798
2779
2945
2858
2457
2451
1638
1107
240
746
130
3086
1412
2926
793
232
1008
122
348
969
940
2114
69
626
1819
395
2269
2647
1936
2581
2876
58
2526
714
3137
284
3107
2439
1622
2653
2199
119
2853
1298
608
685
2902
138
2559
1299
30
3133
2404
1367
2803
1617
175
3247
1356
339
1664
1337
946
166
692
2104
614
2191
2619
294
752
139
63
2583
1650
1641
295
1072
2750
3136
1884
2810
2500
918
2864
2384
1625
2167
2415
957
1355
882
1769
2181
1009
1893
944
1063
1985
1826
111
2649
3017
2427
1947
3087
2090
1195
2183
1823
1943
449
10
1898
869
2561
1102
336
2988
2746
2377
2657
1126
1891
976
1777
910
720
2827
2353
2390
147
828
873
1862
168
1689
1350
573
822
44
6
473
1177
1687
931
1998
2058
1466
3265
150
497
1908
1719
782
2785
681
1480
2705
1496
1290
3156
3021
2533
2694
1228
1512
1289
1603
2999
1380
1249
2693
3112
3120
3029
1660
791
365
1129
2811
2929
1724
2131
806
1281
1646
335
1640
895
2008
478
1503
674
310
1088
1795
1600
1020
1561
2984
1542
359
1929
550
106
2687
883
2766
2532
370
2848
1585
756
441
1725
3142
1266
2831
1829
3267
2311
3280
1187
726
2937
110
2025
2422
783
3047
2734
1118
1124
629
117
1130
293
1145
1961
174
2683
1734
2117
2726
820
341
565
2468
2163
2089
442
2111
2666
863
1800
246
2021
2840
1149
1115
2245
2597
3209
2738
2684
1569
2113
1731
535
2294
3252
2200
2233
3166
1365
2877
2308
1888
145
2574
3000
3070
2346
1097
2762
1131
1588
189
1472
740
2305
857
1877
3027
2826
2318
1733
1630
2621
3164
1649
3256
355
2476
2224
1481
2478
2699
3234
3308
1122
1033
1044
2222
751
1068
2794
2493
2139
874
2957
458
303
833
2850
2896
2348
876
1604
38
1591
2355
2106
3268
704
909
2296
1794
886
823
2287
1334
2283
733
463
1750
24
1868
1137
1878
2472
318
1844
2238
1938
372
3208
2256
1698
2862
1440
1178
1274
921
427
624
661
1238
2201
2816
879
2259
3197
1047
91
547
1599
532
124
1016
1438
334
2445
1326
1252
2855
611
1076
959
1920
1669
817
665
1984
360
1494
950
253
272
2220
262
3093
156
2071
1165
2792
437
1077
2237
2729
3101
1220
2128
2703
468
172
2250
3097
1601
1387
88
1379
2628
2273
402
811
1113
1482
816
2805
2498
529
1179
2428
2185
1501
1747
560
1774
1710
571
2433
1019
297
357
2169
288
2564
1691
590
2983
162
3211
337
1236
2380
1067
2731
2313
1441
1808
2814
923
1270
207
1357
1470
1761
3057
1576
2121
2907
2965
1394
21
1658
3284
2484
1990
267
1050
2275
3094
2260
1757
62
3180
963
2797
2299
779
2019
3158
1713
241
2960
3285
1425
237
2836
1912
231
2076
1075
1152
1722
1066
553
2625
1538
3001
2626
1568
1586
2659
1278
648
1404
2713
2463
2980
1497
1121
2207
1132
2981
595
71
682
1353
2381
707
1708
2388
2366
2402
1621
332
3072
934
259
2073
1880
2536
2469
1197
245
1763
3010
2
2715
1027
669
1297
2985
35
1712
2300
716
2361
702
928
2863
2520
243
2030
1193
808
3007
2958
680
2362
3108
1840
2105
224
506
1709
810
1952
465
2033
2345
845
1134
369
2867
1842
1164
1310
1556
1065
2354
513
2000
1170
2165
898
2277
2372
1566
1836
580
1776
2063
887
2027
1476
2059
1670
1544
1871
754
2504
1242
222
1089
2541
1732
1393
2373
667
2164
2892
2594
606
3015
1340
1147
389
2196
1835
3199
765
2204
654
1896

