1061
2681
2569
1522
1910
1768
671
441
393
2800
1217
2413
457
52
2733
1608
1691
1549
752
2344
2438
2518
1933
1524
2789
298
790
1956
1149
364
1213
1538
48
1529
1995
551
1323
2403
1378
1250
1861
91
2499
2377
1262
7
2162
422
2439
110
4
1552
2104
1665
2454
43
1410
1482
1644
1767
1717
2606
1719
2560
1589
337
1228
2398
2620
1172
2278
435
1676
1386
1014
1882
745
1373
2909
622
341
690
339
1544
1468
2434
2340
2172
554
2564
2847
2883
856
1119
1019
490
383
2040
703
2496
1118
2585
1229
640
2105
464
2662
90
976
1491
54
2744
1307
2184
2134
128
220
1911
1347
36
1614
911
613
746
1699
260
1047
2110
1372
1916
304
243
2378
2419
1857
2676
674
371
631
2236
2933
2150
2866
989
1143
2667
1257
1376
2476
962
1898
2258
652
1467
2410
6
157
2354
433
1680
206
1028
2210
2021
342
1327
2915
482
1797
2536
2381
2174
1490
326
957
2506
697
519
417
1478
840
1142
985
2830
2539
1163
1206
1721
1777
699
1617
1026
1521
2482
424
269
166
1041
839
1560
1622
2673
576
1057
2317
1136
2211
332
195
400
979
2113
1731
1020
800
162
1174
2836
2004
325
595
2099
2825
255
2048
184
2693
1557
2578
734
1687
2189
2372
1519
2697
712
919
256
2117
2017
1954
732
428
1619
1732
2657
627
2203
864
590
2329
754
361
988
2261
1810
905
2227
467
1298
873
660
1709
2014
909
1095
2142
1936
1054
648
594
2267
2600
2039
327
2750
2446
307
2175
330
2605
1498
2487
1187
1062
2608
1141
191
116
2596
2686
786
851
2867
1751
1456
2075
896
2058
2382
2763
444
821
448
696
974
213
2917
2870
420
663
1618
403
2443
1383
666
2388
542
306
242
724
592
1862
1973
2334
1923
2469
814
501
1285
2064
2510
148
401
2812
2235
2392
2701
2370
488
2547
1724
2887
2565
1137
244
881
2035
2071
2544
402
943
1123
2057
2795
1968
258
868
2538
774
2282
635
1331
2204
1321
1554
1106
1356
1055
2285
518
1756
450
1438
1400
222
2891
1484
702
190
1051
928
1603
1178
2135
154
2711
2614
1094
44
2002
2325
1796
2688
2623
1681
1271
202
2685
453
2321
1133
2694
2725
1592
1333
2938
1175
1633
2273
389
2140
2094
1330
2459
562
838
950
2442
413
474
2868
588
854
111
235
2100
1000
1322
1958
133
2721
2449
1470
2154
2374
2823
1012
2280
1859
1479
1663
2222
340
1760
2652
1696
1502
74
2291
2589
2643
2153
1292
1977
9
346
1277
185
2871
784
2718
639
2549
1151
2905
1604
1832
1081
1171
1429
798
1084
1202
778
2893
751
387
1233
1208
355
995
2480
1860
11
1802
425
791
1539
1125
1626
812
1886
30
1840
248
2561
2180
2295
2281
19
2558
106
103
789
2283
2018
2655
2272
1124
250
929
1371
1452
2714
2660
2908
1375
1367
51
1675
17
1505
1033
1184
313
2465
1105
2615
1684
1984
426
1073
2143
2015
1235
2811
1240
2044
73
2852
2253
423
1379
468
2168
921
1488
2661
2663
1672
209
446
1642
451
673
23
568
1856
1350
573
1297
2326
2435
1864
530
1900
2088
2928
1280
2619
2221
1201
1289
1511
2552
1242
2077
1966
1753
2776
2512
1930
2314
2798
2927
767
2307
2842
1326
2396
607
1290
1690
2671
1214
1536
2345
1114
2170
1703
1194
1757
2165
2557
1188
537
1555
531
2530
1056
2055
993
1351
391
328
75
2218
2233
2813
266
2424
2343
2147
1336
2262
2873
2851
1440
1254
527
895
117
959
1071
223
2551
966
2179
1487
567
1064
487
842
534
2215
533
759
1109
837
1364
621
952
1370
272
2366
679
1865
2041
1514
2749
1837
2815
1392
2902
2324
175
2300
1595
1697
1001
2610
2788
2699
1679
2451
1643
781
2931
1924
1432
1046
2133
777
1527
2024
1313
238
2457
379
2418
2183
618
1938
1090
2764
886
892
1558
2132
2440
1847
86
1888
1427
2618
2371
2116
2259
100
927
1806
1573
1176
188
1961
1501
591
1735
2884
942
511
601
278
1397
912
113
2876
1315
1637
2464
1927
300
700
477
1551
820
87
2450
1244
438
2242
302
2315
1154
1606
522
2297
1082
1345
2081
79
434
1851
720
1389
954
2118
1115
761
2223
2834
2277
2166
126
723
772
899
15
1815
1567
1827
89
2453
2356
2649
833
1314
396
1616
2752
2467
2461
1234
484
2387
2860
672
1773
1587
709
2029
1221
1449
475
2529
1281
1100
779
1799
124
2570
1401
373
2705
2820
1593
1624
2729
437
1226
1030
1726
997
558
405
765
2397
560
2191
2761
2709
1893
35
2213
2163
632
924
1873
1659
1216
619
2579
2475
1571
1883
236
2092
2271
2192
2001
2514
1707
1037
1219
247
251
2668
1561
1918
67
766
513
2402
2859
1704
2130
2710
120
1737
2493
2298
367
2897
743
969
1673
1160
1632
2308
193
463
2122
521
1504
2240
755
2581
2648
920
2808
2932
370
1302
768
1944
879
2019
2214
473
2929
1708
1024
497
1569
1284
2625
1817
1780
2880
982
1578
1361
145
1075
1035
24
1729
338
2274
1411
452
2853
350
1658
1758
2778
1287
1994
362
1169
2850
2819
1112
1646
1286
1340
1153
1993
102
1547
2404
2495
668
680
1748
151
2921
1964
508
2700
1092
642
1755
289
1867
953
832
1390
1080
1096
292
2534
1600
274
1447
2690
2527
1236
2545
775
115
2256
440
2612
78
804
725
57
1688
1983
1740
2187
16
2576
2854
1701
1584
1300
1822
1655
476
411
2043
616
1602
2219
2006
1951
1420
828
2391
2728
2217
1220
681
1039
2682
1778
2106
10
934
1716
1559
753
2427
276
421
1157
2679
2301
431
1246
301
2692
2384
1875
796
265
910
2912
578
1101
192
2703
2347
443
517
2680
936
1317
686
1481
2250
2445
637
1023
1357
2059
1032
2524
2114
883
2935
2542
2251
118
462
299
1880
1771
0
612
1779
2747
2651
540
1135
1006
2889
2327
1013
147
1999
718
1517
1692
932
2159
2803
205
197
1325
2926
2677
1765
2376
2672
614
37
1444
2209
1942
1283
2333
689
1008
2270
2519
1341
750
390
480
2501
125
294
2287
34
1786
1542
198
1508
1196
1585
1770
1896
1434
2098
587
2246
2072
333
410
633
875
1928
2016
1625
1722
2858
1009
2423
1545
2809
597
1384
2263
1738
2383
1299
1915
661
449
2216
2592
2369
2937
1058
1516
1636
1385
1304
1282
1654
937
2065
2007
404
1829
1185
1144
1189
20
2888
1362
2607
2638
2194
1139
1059
1693
944
2646
1931
1905
2010
867
1269
53
348
1775
283
280
2543
2696
2255
98
914
853
748
1564
305
1406
183
336
1344
1199
2169
514
1913
1899
2127
1288
1253
509
565
2047
109
1212
656
2361
1877
1436
604
114
2805
638
1164
1844
331
1388
861
2190
727
1843
646
500
214
1195
2894
623
653
599
458
1425
27
2462
1309
572
368
2409
794
1868
2477
880
1890
1807
2914
584
2486
2609
1788
2036
1493
1550
506
1523
1948
1568
2601
1067
2613
2503
901
1398
2294
1190
1086
1134
2052
2904
834
406
2228
1181
2528
1272
85
2101
923
385
2176
2062
2822
1334
316
769
2279
550
386
1241
2633
1018
2323
1077
847
1439
1415
888
179
916
1369
2941
2225
2080
1769
520
1825
1352
2238
2157
1530
2814
2111
2640
630
2698
2511
1473
201
1116
2892
2535
105
2736
1339
2313
1651
2338
2684
230
556
1848
2095
1667
2522
1348
229
1682
2470
227
2810
1950
1746
1630
496
1200
2670
956
384
525
224
1745
1677
33
817
2231
1820
293
787
1824
2636
809
2008
947
1874
1790
1205
757
583
747
273
949
149
268
2865
1275
360
704
2546
2746
2849
596
846
2229
1335
2890
1031
1052
1455
2580
2631
2571
1947
290
1155
1591
2328
378
282
2500
315
1435
955
1258
2839
1
2632
1273
1433
866
788
2896
890
2367
392
544
2627
931
29
2322
2617
2742
88
2066
882
478
1443
1510
2770
715
1091
354
785
598
353
1885
254
208
398
1698
1261
605
215
822
643
1462
1823
1919
2412
1869
1839
1674
310
2360
1485
1403
593
2091
2653
2241
1256
2129
1576
2594
2491
1858
705
658
2724
5
1798
2107
1982
1945
935
2363
2910
2831
2642
12
1952
1310
2665
1727
1431
1223
1034
733
1976
1358
706
2885
2939
1318
2899
608
347
2903
2046
2193
2420
127
324
1515
1089
2188
2678
2151
1650
2426
369
505
2112
1572
1941
1165
217
823
1577
139
581
2654
1586
878
1836
2913
2526
129
2780
1706
380
159
2230
824
2740
1981
1192
2593
1668
1850
1494
582
199
2155
2097
1772
1710
1518
1525
2456
1866
42
662
2647
1902
1104
1177
2757
2069
1793
1173
728
1044
2775
2185
287
1969
1838
1074
1152
2139
1203
986
172
2247
2173
2562
885
685
1259
1168
1764
2674
1466
1423
2421
2158
2869
2030
2720
1609
335
1477
2079
275
455
161
1412
225
1612
2827
978
1814
1464
714
659
738
541
2603
45
557
397
1611
684
1685
2186
2254
2863
2161
2460
1548
2563
486
2754
1409
2793
2207
1017
1853
977
2012
2855
66
481
1929
2769
692
2349
2622
2765
1714
2857
691
1621
1971
1324
2843
1620
626
2828
1541
1863
2707
245
2900
737
374
1417
655
1407
548
1183
1546
1605
62
529
1920
72
1320
2666
2669
585
1138
32
84
2248
946
1534
2220
1596
358
2290
795
1338
2639
2085
1266
343
158
504
2755
1230
76
279
2306
170
869
813
71
586
2357
1088
150
2687
26
1889
2898
2087
253
2768
2553
2550
2033
797
1754
65
267
515
884
2478
2515
2089
2621
1787
589
1454
810
21
1789
1876
2531
1437
1830
945
132
1441
865
2817
3
1535
471
2675
2292
2310
807
286
1483
2492
930
1669
2342
580
2050
144
2337
194
2441
2616
39
1078
1906
711
1111
200
1038
693
1450
1127
2784
825
63
687
1122
2489
1218
2408
1937
2791
329
1252
2289
1263
1237
1404
2244
2407
1489
701
577
309
973
771
2474
1970
1087
1975
1161
1121
2070
1475
2260
2727
2758
1894
1193
1117
971
419
569
1627
93
1895
237
131
1543
1255
1251
1808
2525
146
1312
2266
913
345
1408
1986
2428
1377
1819
1694
1959
2411
2804
1442
2523
939
1126
512
1566
264
1097
667
2125
1537
1972
2293
136
1413
498
1150
1909
445
1512
233
792
218
1785
2713
2275
1305
1103
2265
1329
171
782
1715
2840
1016
2368
2641
234
2708
2751
1892
1495
1744
1316
983
836
650
2304
1648
2799
1291
168
1733
826
877
1570
889
1579
1248
372
226
1662
2741
1010
859
970
675
2481
1045
1469
2386
470
1730
61
1835
1872
855
314
1800
436
2895
1295
2120
1180
416
1955
2320
1908
2848
2881
872
2874
2331
1461
2164
1167
334
1841
1752
2309
1575
1166
221
408
845
524
142
182
409
1528
1683
2555
602
2717
1025
1613
722
210
2925
841
2339
2807
862
2786
2574
1156
628
1588
2063
915
321
1922
2416
624
967
1113
1368
2466
2318
1428
2178
549
2826
1416
1818
2448
2587
2144
1639
2201
2355
2517
2644
2436
297
1430
2760
485
382
1990
1590
414
56
491
1960
2379
1653
173
156
152
2930
2624
2239
1224
2726
906
1809
1238
1980
2759
2011
972
31
407
981
992
2595
2774
2490
2199
1761
2103
801
1011
676
651
2645
2406
2734
375
134
694
2781
2731
47
2875
1531
101
2038
2400
2311
749
1029
2901
1231
1728
1476
2054
2611
811
871
1907
207
2444
2832
2472
163
376
634
1565
138
2602
2739
933
710
2031
2362
2691
984
2146
2730
2393
2351
121
2152
1170
2537
904
1421
1634
204
252
1002
2284
1424
2319
1985
575
1623
1509
682
1296
2886
2577
2037
1540
2516
2126
615
783
261
951
2637
262
760
2582
1207
1005
1492
1374
1962
472
177
2026
1132
2626
2335
2109
2719
2907
876
1794
196
2723
2177
317
357
160
2745
2405
2650
1022
2167
1419
938
169
717
1085
2732
1513
1004
994
99
1776
55
2447
1445
1532
2599
852
547
900
2821
1671
964
2922
2385
363
2399
1581
645
2473
1426
2432
2013
528
1365
1457
13
908
1987
2485
1974
1267
523
2716
2683
647
2591
1664
1311
2513
1274
1871
1015
1631
1594
2000
28
1723
1762
665
1834
291
1405
1629
566
1355
2554
1110
1887
1463
2753
2414
312
1965
1736
1260
2484
874
2479
1503
848
1649
1921
2568
2796
284
1387
2375
1743
1946
2196
454
2575
1279
998
2862
1072
246
2735
2431
2128
2911
2078
2390
1711
2756
1556
2249
14
320
2923
1686
2766
802
1140
2268
1366
1145
1826
492
2792
2352
716
1845
2243
58
2358
494
2488
742
1747
1245
2584
1394
2365
894
2115
465
112
50
38
1804
2286
311
122
2521
1897
395
532
1480
2806
189
2090
1197
1506
574
2659
1458
1967
1878
1332
1276
1678
1940
1070
2
1068
461
803
2566
2086
609
2801
1782
649
925
2373
764
1628
1021
1209
232
1227
2380
1301
1232
1472
1702
1247
763
816
1597
708
2028
1507
1342
394
2212
1713
1978
2348
1795
1079
1243
1891
219
902
2715
60
1991
1093
2924
1925
2051
1198
756
92
1148
2422
1879
2540
70
539
1225
2702
1204
2738
860
2009
999
2846
216
64
1949
442
918
82
415
2096
1855
657
2704
2790
1939
2074
153
2364
180
2171
2483
1553
80
830
2916
2067
1852
1718
456
130
670
430
1656
1060
1186
2042
1303
829
2433
2468
740
559
1953
432
818
1027
1102
2906
22
731
167
1108
2312
2583
1901
2695
8
1158
1992
2276
990
2359
987
600
858
707
429
1742
1382
1418
2145
59
1264
123
1381
555
2025
2350
263
257
1182
97
1065
741
2061
669
805
1638
1661
2056
538
844
2787
1396
1471
2936
2303
1781
2844
2003
819
1741
698
1210
365
322
1414
843
2124
1943
2257
49
1391
2437
2785
1043
2245
2505
2252
1813
366
2771
773
2802
1979
2872
296
1811
808
606
1801
1239
2032
758
815
1453
1129
1063
1042
1934
664
1146
295
2773
620
793
850
2053
2502
41
641
418
1380
780
2083
2389
2498
1926
107
2415
2148
2269
18
2628
2401
1854
1912
359
466
174
356
1349
2182
1128
1308
2234
1998
1842
849
1036
108
1130
1805
991
552
1988
996
2237
469
1460
719
726
186
281
2346
683
898
1846
2767
2818
891
770
739
1293
2353
2395
2919
2430
1343
1582
1474
2417
1278
2845
893
2082
239
164
181
835
2049
1652
863
104
259
1353
1053
1695
963
922
1610
1562
439
2336
1904
2604
1083
1448
46
187
96
1712
1159
1147
2195
1533
2689
1700
2573
2136
553
2833
1791
2137
81
2532
1526
2748
1211
1720
1739
2020
2598
135
2005
381
965
903
1759
228
2877
1666
2533
1395
960
2102
323
2838
1446
1337
1222
1599
730
2131
2864
2205
2635
319
77
141
1354
887
1328
165
695
344
1066
1465
303
2824
1583
388
571
736
412
2141
1997
644
1270
561
2045
1179
1563
1884
1816
857
688
980
507
762
2027
1099
143
2590
1766
1359
288
2119
2232
399
1647
1574
2156
2878
629
2797
1098
2722
212
270
1657
2471
907
776
678
799
2509
2458
535
285
2743
1607
95
941
1689
1402
961
1734
1645
2541
2160
2586
2200
2341
2794
2588
1040
729
713
2783
526
1774
2022
636
1783
479
677
277
119
2779
2332
2861
2567
503
1451
1497
579
917
2658
1249
2762
140
1319
2508
1306
2934
2504
2149
2772
2630
352
2920
68
1750
1162
178
1120
2084
1705
1849
1360
2816
1268
499
447
2556
2837
459
2429
1346
1932
546
460
2181
806
493
2463
1459
1881
1784
2123
2302
654
1935
1989
744
2264
2548
2879
1763
1598
2068
2629
2299
1828
231
564
1640
1486
1635
2940
1215
1615
271
2634
1914
377
1903
495
176
351
2073
2108
2918
1107
1957
2737
1917
94
2224
83
2597
1076
827
483
2452
2507
2330
2856
1749
2202
2023
2777
1812
940
502
2060
1601
2572
603
2076
203
211
1792
2226
2706
735
2121
249
2198
137
2520
2829
968
2034
2656
948
870
69
1399
1821
570
155
1191
1050
831
240
543
1996
2835
2497
1500
510
2394
625
1265
2316
1048
1069
1833
2494
2296
1496
1294
2093
40
1520
563
1049
2559
975
25
2455
1131
610
897
1831
536
308
926
2841
617
1963
1363
2782
2208
427
611
2712
2882
318
1393
516
1660
545
349
1499
2138
1641
2425
1003
1670
1803
958
1580
1422
1725
2305
721
2664
2288
2206
489
1870
2197
1007
241

