1 1
2 1
3 0
4 0
5 0
6 1
7 0
8 0
9 1
10 0
11 1
12 0
13 1
14 0
15 0
16 0
17 1
18 0
19 1
20 0
21 0
22 0
23 0
24 0
25 1
26 0
27 1
28 0
29 1
30 1
31 1
32 0
33 1
34 1
35 0
36 1
37 0
38 0
39 1
40 1
41 0
42 0
43 1
44 1
45 1
46 0
47 0
48 1
49 1
50 0
51 0
52 0
53 1
54 0
55 1
56 1
57 0
58 0
59 0
60 1
61 0
62 0
63 0
64 1
65 0
66 1
67 1
68 0
69 0
70 1
71 1
72 1
73 0
74 0
75 0
76 0
77 1
78 0
79 1
80 1
81 0
82 1
83 1
84 1
85 1
86 0
87 1
88 1
89 0
90 1
91 1
92 0
93 0
94 1
95 0
96 0
97 0
98 0
99 1
100 1
101 1
102 1
103 1
104 1
105 0
106 0
107 1
108 1
109 1
110 0
111 1
112 0
113 1
114 1
115 0
116 1
117 0
118 0
119 1
120 0
121 0
122 0
123 1
124 0
125 0
126 1
127 1
128 0
129 0
130 0
131 0
132 1
133 1
134 1
135 0
136 1
137 1
138 0
139 1
140 0
141 0
142 0
143 1
144 0
145 0
146 1
147 1
148 0
149 1
150 0
151 0
152 1
153 0
154 1
155 1
156 0
157 1
158 1
159 0
160 0
161 1
162 0
163 1
164 1
165 1
166 1
167 0
168 1
169 0
170 0
171 1
172 1
173 0
174 0
175 0
176 1
177 0
178 0
179 1
180 0
181 1
182 0
183 1
184 1
185 0
186 1
187 1
188 0
189 0
190 0
191 0
192 0
193 1
194 0
195 0
196 1
197 0
198 0
199 1
200 0
201 0
202 1
203 0
204 1
205 0
206 0
207 0
208 1
209 1
210 0
211 0
212 0
213 0
214 1
215 0
216 1
217 1
218 1
219 1
220 0
221 0
222 0
223 0
224 0
225 0
226 1
227 0
228 1
229 1
230 0
231 0
232 0
233 0
234 0
235 1
236 0
237 1
238 0
239 0
240 1
241 0
242 1
243 0
244 0
245 0
246 1
247 0
248 0
249 1
250 1
251 0
252 0
253 0
254 1
255 0
256 0
257 0
258 0
259 1
260 1
261 0
262 0
263 0
264 0
265 0
266 1
267 0
268 0
269 1
270 1
271 0
272 1
273 0
274 0
275 0
276 1
277 0
278 1
279 0
280 1
281 1
282 0
283 1
284 0
285 1
286 1
287 0
288 1
289 1
290 1
291 0
292 1
293 0
294 1
295 0
296 0
297 1
298 0
299 0
300 1
301 0
302 0
303 1
304 1
305 0
306 1
307 1
308 1
309 0
310 1
311 1
312 0
313 0
314 1
315 1
316 1
317 0
318 0
319 1
320 0
321 1
322 0
323 0
324 0
325 1
326 0
327 1
328 0
329 1
330 1
331 0
332 1
333 1
334 1
335 1
336 0
337 0
338 0
339 1
340 0
341 1
342 0
343 1
344 1
345 1
346 1
347 0
348 1
349 1
350 1
351 1
352 0
353 0
354 0
355 1
356 0
357 0
358 1
359 1
360 1
361 1
362 0
363 1
364 0
365 1
366 0
367 1
368 1
369 1
370 0
371 1
372 0
373 0
374 1
375 0
376 0
377 1
378 1
379 1
380 0
381 0
382 1
383 0
384 1
385 0
386 1
387 1
388 1
389 0
390 0
391 0
392 1
393 0
394 1
395 1
396 1
397 1
398 0
399 0
400 0
401 1
402 1
403 0
404 1
405 0
406 1
407 0
408 0
409 1
410 0
411 1
412 0
413 0
414 1
415 1
416 0
417 1
418 1
419 0
420 0
421 0
422 1
423 1
424 1
425 0
426 1
427 0
428 1
429 1
430 0
431 1
432 1
433 1
434 1
435 0
436 1
437 0
438 0
439 1
440 0
441 1
442 0
443 0
444 0
445 0
446 1
447 0
448 1
449 0
450 1
451 1
452 1
453 0
454 1
455 0
456 1
457 0
458 1
459 0
460 1
461 1
462 1
463 1
464 1
465 1
466 1
467 0
468 0
469 1
470 0
471 0
472 1
473 1
474 1
475 1
476 0
477 1
478 1
479 0
480 0
481 1
482 0
483 0
484 0
485 1
486 0
487 0
488 1
489 0
490 1
491 0
492 1
493 0
494 0
495 0
496 1
497 1
498 1
499 1
500 1
501 1
502 1
503 1
504 1
505 0
506 1
507 0
508 1
509 1
510 0
511 0
512 0
513 1
514 1
515 0
516 1
517 0
518 1
519 0
520 1
521 0
522 0
523 1
524 1
525 1
526 1
527 1
528 1
529 0
530 0
531 0
532 1
533 1
534 1
535 0
536 1
537 1
538 1
539 0
540 1
541 1
542 0
543 1
544 1
545 1
546 0
547 1
548 0
549 1
550 0
551 0
552 0
553 1
554 0
555 0
556 0
557 0
558 1
559 0
560 1
561 1
562 1
563 1
564 1
565 0
566 0
567 0
568 0
569 1
570 1
571 1
572 0
573 0
574 0
575 1
576 0
577 0
578 0
579 0
580 1
581 1
582 1
583 0
584 0
585 1
586 0
587 1
588 0
589 0
590 0
591 1
592 1
593 1
594 0
595 0
596 1
597 0
598 1
599 1
600 1
601 0
602 0
603 1
604 0
605 1
606 1
607 0
608 1
609 0
610 1
611 0
612 1
613 0
614 0
615 1
616 1
617 1
618 1
619 1
620 0
621 1
622 1
623 1
624 0
625 1
626 1
627 1
628 1
629 0
630 0
631 0
632 1
633 0
634 1
635 0
636 1
637 1
638 0
639 0
640 1
641 1
642 0
643 1
644 1
645 1
646 1
647 0
648 1
649 0
650 0
651 1
652 0
653 0
654 1
655 1
656 1
657 0
658 0
659 0
660 0
661 0
662 0
663 1
664 0
665 0
666 0
667 1
668 0
669 0
670 1
671 1
672 0
673 0
674 1
675 0
676 0
677 1
678 0
679 1
680 0
681 1
682 0
683 1
684 0
685 0
686 0
687 0
688 1
689 0
690 1
691 0
692 0
693 1
694 1
695 0
696 1
697 1
698 1
699 1
700 0
701 1
702 0
703 0
704 0
705 0
706 0
707 1
708 0
709 1
710 1
711 1
712 0
713 1
714 1
715 0
716 0
717 0
718 1
719 0
720 1
721 1
722 0
723 0
724 1
725 1
726 0
727 0
728 1
729 1
730 0
731 1
732 0
733 0
734 1
735 0
736 1
737 1
738 1
739 0
740 0
741 1
742 0
743 0
744 1
745 1
746 0
747 0
748 0
749 1
750 1
751 0
752 1
753 0
754 0
755 0
756 1
757 0
758 0
759 0
760 0
761 0
762 0
763 1
764 0
765 0
766 0
767 0
768 0
769 0
770 0
771 0
772 0
773 0
774 1
775 0
776 0
777 0
778 0
779 1
780 1
781 1
782 1
783 1
784 0
785 1
786 1
787 1
788 0
789 0
790 0
791 1
792 1
793 1
794 0
795 0
796 0
797 1
798 0
799 1
800 0
801 0
802 1
803 1
804 0
805 1
806 0
807 0
808 0
809 1
810 1
811 1
812 1
813 0
814 1
815 1
816 0
817 0
818 1
819 1
820 0
821 1
822 1
823 0
824 1
825 0
826 1
827 1
828 0
829 1
830 0
831 0
832 0
833 1
834 1
835 0
836 0
837 1
838 0
839 1
840 1
841 0
842 1
843 1
844 0
845 0
846 1
847 1
848 0
849 0
850 0
851 0
852 1
853 1
854 1
855 0
856 0
857 1
858 0
859 0
860 0
861 0
862 0
863 0
864 0
865 1
866 0
867 0
868 1
869 0
870 1
871 0
872 0
873 0
874 0
875 1
876 0
877 1
878 0
879 1
880 1
881 0
882 1
883 0
884 1
885 1
886 0
887 1
888 0
889 1
890 0
891 0
892 0
893 1
894 1
895 0
896 1
897 0
898 0
899 1
900 1
901 1
902 0
903 1
904 1
905 0
906 0
907 1
908 0
909 1
910 0
911 1
912 1
913 0
914 1
915 0
916 0
917 0
918 1
919 0
920 1
921 0
922 1
923 1
924 0
925 0
926 1
927 1
928 1
929 0
930 1
931 1
932 1
933 0
934 0
935 0
936 0
937 0
938 0
939 1
940 0
941 1
942 1
943 1
944 0
945 0
946 0
947 0
948 1
949 1
950 0
951 1
952 1
953 1
954 0
955 1
956 1
957 1
958 1
959 1
960 1
961 1
962 1
963 0
964 1
965 1
966 0
967 1
968 0
969 0
970 0
971 0
972 0
973 1
974 1
975 1
976 1
977 0
978 0
979 0
980 0
981 0
982 1
983 0
984 1
985 1
986 0
987 1
988 0
989 0
990 0
991 1
992 0
993 1
994 1
995 1
996 0
997 1
998 0
999 0
1000 1
1001 1
1002 0
1003 0
1004 1
1005 0
1006 0
1007 1
1008 1
1009 1
1010 1
1011 1
1012 1
1013 1
1014 0
1015 1
1016 0
1017 0
1018 1
1019 0
1020 1
1021 0
1022 0
1023 0
1024 1
1025 1
1026 0
1027 0
1028 1
1029 0
1030 0
1031 1
1032 1
1033 0
1034 0
1035 0
1036 1
1037 1
1038 0
1039 0
1040 0
1041 1
1042 1
1043 1
1044 1
1045 1
1046 0
1047 1
1048 0
1049 0
1050 0
1051 0
1052 0
1053 1
1054 0
1055 0
1056 0
1057 1
1058 0
1059 0
1060 0
1061 1
1062 1
1063 0
1064 0
1065 0
1066 0
1067 0
1068 0
1069 0
1070 1
1071 1
1072 0
1073 0
1074 0
1075 0
1076 0
1077 1
1078 1
1079 0
1080 0
1081 0
1082 1
1083 0
1084 0
1085 0
1086 0
1087 0
1088 1
1089 1
1090 0
1091 1
1092 0
1093 0
1094 0
1095 0
1096 0
1097 0
1098 0
1099 0
1100 1
1101 0
1102 0
1103 0
1104 0
1105 0
1106 0
1107 0
1108 0
1109 0
1110 0
1111 0
1112 1
1113 0
1114 0
1115 1
1116 1
1117 1
1118 0
1119 1
1120 0
1121 1
1122 0
1123 1
1124 0
1125 1
1126 1
1127 1
1128 0
1129 1
1130 0
1131 0
1132 1
1133 0
1134 1
1135 1
1136 1
1137 1
1138 1
1139 0
1140 0
1141 0
1142 0
1143 0
1144 0
1145 1
1146 0
1147 0
1148 1
1149 0
1150 0
1151 0
1152 0
1153 1
1154 1
1155 0
1156 1
1157 0
1158 0
1159 0
1160 1
1161 0
1162 0
1163 1
1164 0
1165 0
1166 0
1167 1
1168 1
1169 0
1170 1
1171 0
1172 1
1173 1
1174 1
1175 0
1176 0
1177 0
1178 0
1179 1
1180 0
1181 0
1182 0
1183 0
1184 0
1185 1
1186 0
1187 0
1188 0
1189 0
1190 0
1191 0
1192 0
1193 0
1194 1
1195 1
1196 0
1197 0
1198 0
1199 1
1200 0
1201 1
1202 0
1203 1
1204 0
1205 1
1206 0
1207 0
1208 0
1209 0
1210 0
1211 0
1212 1
1213 1
1214 0
1215 1
1216 1
1217 1
1218 1
1219 0
1220 0
1221 0
1222 0
1223 0
1224 0
1225 1
1226 0
1227 1
1228 0
1229 0
1230 0
1231 0
1232 0
1233 0
1234 0
1235 0
1236 0
1237 0
1238 1
1239 1
1240 0
1241 0
1242 1
1243 0
1244 0
1245 1
1246 0
1247 1
1248 0
1249 0
1250 1
1251 1
1252 1
1253 1
1254 1
1255 1
1256 1
1257 1
1258 1
1259 1
1260 1
1261 1
1262 1
1263 1
1264 0
1265 0
1266 0
1267 1
1268 1
1269 0
1270 1
1271 1
1272 0
1273 0
1274 1
1275 1
1276 0
1277 0
1278 1
1279 0
1280 1
1281 0
1282 0
1283 1
1284 0
1285 1
1286 0
1287 1
1288 1
1289 0
1290 0
1291 0
1292 1
1293 1
1294 1
1295 0
1296 0
1297 0
1298 0
1299 0
1300 0
1301 0
1302 0
1303 0
1304 0
1305 1
1306 0
1307 0
1308 1
1309 1
1310 0
1311 0
1312 0
1313 1
1314 1
1315 1
1316 1
1317 1
1318 0
1319 1
1320 0
1321 1
1322 0
1323 0
1324 1
1325 0
1326 1
1327 1
1328 1
1329 1
1330 1
1331 1
1332 1
1333 0
1334 1
1335 0
1336 0
1337 1
1338 1
1339 1
1340 1
1341 0
1342 1
1343 0
1344 0
1345 1
1346 1
1347 1
1348 1
1349 0
1350 0
1351 0
1352 1
1353 1
1354 0
1355 0
1356 0
1357 0
1358 1
1359 1
1360 1
1361 0
1362 0
1363 1
1364 1
1365 1
1366 1
1367 0
1368 1
1369 1
1370 0
1371 1
1372 1
1373 1
1374 0
1375 1
1376 1
1377 0
1378 0
1379 1
1380 0
1381 0
1382 1
1383 1
1384 0
1385 0
1386 1
1387 0
1388 0
1389 0
1390 0
1391 1
1392 0
1393 0
1394 0
1395 1
1396 0
1397 0
1398 1
1399 0
1400 1
1401 1
1402 0
1403 1
1404 0
1405 0
1406 0
1407 0
1408 0
1409 0
1410 0
1411 0
1412 1
1413 0
1414 1
1415 0
1416 0
1417 0
1418 0
1419 0
1420 0
1421 0
1422 1
1423 0
1424 0
1425 0
1426 1
1427 0
1428 1
1429 0
1430 0
1431 1
1432 0
1433 0
1434 0
1435 0
1436 0
1437 1
1438 0
1439 0
1440 1
1441 0
1442 1
1443 0
1444 1
1445 1
1446 0
1447 0
1448 1
1449 0
1450 1
1451 1
1452 1
1453 1
1454 0
1455 1
1456 1
1457 0
1458 1
1459 1
1460 1
1461 1
1462 0
1463 0
1464 0
1465 0
1466 1
1467 1
1468 1
1469 1
1470 1
1471 0
