2499
141
2277
1898
2638
988
1180
214
626
307
1145
2609
2081
1833
2482
378
2075
1020
2772
1584
1437
2044
2355
198
1821
2530
2040
1975
2690
445
2654
898
258
20
59
2351
1942
2202
1679
731
591
204
1041
1781
162
785
1887
2826
1890
2727
1369
887
2097
190
476
2423
2232
778
1021
355
1554
366
763
2149
976
1564
822
2811
1365
2526
1478
1070
491
1770
1891
1220
1401
716
2165
2861
268
1247
2193
2341
2286
2776
2854
2380
1481
334
2774
1796
2120
1899
1675
1744
1579
412
2024
1274
2669
755
233
357
1689
403
297
1680
1635
1955
2805
2325
1797
958
1048
826
2255
1178
2781
1795
1104
50
815
1632
1911
2140
2101
1961
2616
399
519
2301
395
1084
2843
74
499
435
727
2468
2219
2379
1085
374
1487
1010
886
1109
1940
287
2934
882
1693
455
1930
442
2069
592
2621
2579
69
1828
2367
1522
1454
134
1347
1980
350
376
2667
2422
1315
1245
1904
2620
1509
2257
1982
773
2315
1466
2112
864
493
2619
2224
1058
1122
1836
2829
2850
2084
522
1392
652
745
1264
1970
2226
1519
192
772
1037
506
2813
2542
627
2646
2670
2197
84
2294
1396
2148
1001
2448
972
849
1661
497
1717
2418
2486
1802
2338
2318
484
2657
1113
1524
2837
2532
850
1672
922
2543
946
663
1931
895
1089
1678
2841
2450
1864
1006
1903
1814
1005
1046
427
615
420
2281
451
1643
2749
936
1708
1312
2269
2023
2096
2001
654
1881
502
1901
103
817
123
2276
764
1790
2304
1160
2893
302
929
1892
947
2498
830
2358
1669
1111
2159
1088
2265
2361
465
948
1749
1992
1536
426
1382
2430
2834
1756
597
248
2736
1359
369
1766
993
798
675
524
2605
1210
2306
44
112
867
857
1349
1920
842
2347
1562
1472
2253
1362
2160
786
1800
2549
486
203
964
1605
672
638
1493
1623
940
2090
1310
872
1811
617
812
899
905
2291
1390
1443
2779
1531
240
11
1507
1870
600
1447
1244
1950
790
1656
2354
1927
2247
2458
1249
343
2673
2860
512
2648
726
2795
543
551
1191
428
1433
2655
1831
1345
293
1527
1462
549
2683
1710
1567
2453
893
1485
2647
2888
825
2492
1098
828
533
1019
2393
2710
1820
1023
2013
1294
2770
298
2713
8
868
1552
2717
1894
55
1039
2378
1494
779
209
1411
313
2933
2711
2929
1045
707
1026
517
671
1869
2110
2214
337
999
1490
2093
1917
2651
262
2344
796
2144
2773
1277
1056
570
2229
863
553
2346
2789
565
992
2547
2248
2254
1099
2595
2656
775
2132
710
443
418
2624
1791
708
2421
1594
409
2309
407
483
2503
2563
2128
1363
934
1107
1153
83
2790
200
1419
756
2751
243
2376
662
2250
62
1676
185
294
277
284
1259
718
175
1592
1978
2403
2512
1641
2002
2398
1013
2864
473
602
282
2045
283
1198
2267
649
1495
1639
2631
2073
2061
64
2825
2598
1520
712
410
1918
361
1773
2927
590
0
2769
585
2921
749
2762
1272
2508
1298
1184
748
2665
1867
1255
699
1778
1218
306
2048
1608
1727
529
1042
438
193
1018
891
791
2091
351
1694
1769
545
475
264
859
1285
263
2922
1998
2481
2212
2017
1059
2759
1355
2699
2633
272
1549
2042
1044
468
98
485
1906
2407
2228
1182
509
1156
2643
1761
780
222
2873
276
1637
2154
1826
1425
2845
2652
861
2737
514
2126
2004
1047
1786
689
1309
2329
2596
176
1682
1966
732
1851
206
255
242
1159
1276
787
191
1695
169
753
433
1809
589
1533
908
1286
1197
676
969
973
1543
2307
2074
540
68
2083
2701
498
2115
393
1572
1566
1705
1776
1794
2623
877
1342
188
2611
1151
1082
1129
1777
2504
1421
538
650
1036
1798
1616
2493
2231
1660
839
541
515
1268
2622
644
2280
2313
2555
90
1957
1621
1442
1737
1326
1745
2892
1389
2824
2548
2089
1532
2405
341
2783
2613
2386
1073
474
1185
1434
61
1723
128
1148
611
2682
173
1709
740
1849
558
2709
1534
1177
511
2122
1514
117
1422
2198
1055
1114
2348
982
2539
2364
933
2408
2284
1095
2055
2305
703
1193
1064
124
2545
2258
1842
89
2584
1875
1090
164
1130
2913
2211
430
2107
2589
2452
1371
2420
1577
2186
694
2261
1861
54
303
2731
2035
377
2116
2931
2625
2026
345
1430
1591
1014
2528
121
2870
2025
631
2268
2052
322
1473
130
578
1804
31
2238
2312
2401
2878
2666
1677
2033
2564
1754
1417
2812
1158
2151
2738
1361
2780
1155
300
1665
2162
389
33
446
1402
1907
223
2819
2838
280
2020
1799
2801
971
953
360
2650
667
1199
1211
2753
156
2360
437
853
1872
1732
2470
2111
1990
1465
2342
1291
1636
2724
2676
1228
2000
2857
93
2592
2662
2791
2370
2604
1265
1503
1480
2674
941
692
2066
439
1747
1144
620
1889
2164
2883
1628
122
2337
2382
2195
824
1456
1738
1544
2008
1471
782
2865
1377
1652
588
2536
213
2839
2432
2082
635
624
1439
1858
1334
701
2580
1327
1313
24
1633
510
286
1295
2252
1735
1127
2858
2832
1239
414
713
2612
81
247
527
1136
2454
1540
2105
21
683
2907
715
113
1830
696
2077
1290
2733
1715
1100
244
1760
1341
155
472
2785
2487
2524
923
2848
1346
1960
479
1857
2012
2573
2871
186
408
411
256
383
40
1728
2593
829
1256
636
1553
1323
1545
2874
539
1230
250
326
2397
1499
271
2583
821
900
579
2087
2634
876
2041
1819
353
2739
2320
129
1822
738
138
2404
604
1847
2299
2319
2328
792
2134
1825
1530
2637
109
1120
725
1306
1878
1606
2365
1383
95
1161
1868
2937
305
2658
1448
658
723
1416
2900
1598
25
1863
2439
777
2473
1925
177
267
2574
182
127
1806
184
424
1096
2065
1050
1877
608
1330
1559
1308
1344
296
1257
1223
2618
2372
2178
1839
1167
844
661
1860
1068
2886
1287
48
669
245
2802
144
820
2480
966
2915
2210
612
2260
2875
221
1174
1029
2941
2823
1112
2703
143
80
1674
1386
140
15
1788
308
1173
1336
2668
752
1213
832
526
2695
1750
457
1535
2606
1143
1926
2677
1079
212
1236
704
2889
1266
292
770
1666
45
2919
852
1774
1054
332
1314
742
249
743
1787
75
2098
1866
210
1517
2279
1546
79
2540
2029
1832
2388
1168
1152
1619
2
2363
2283
996
1615
2109
1649
2209
2602
2016
747
2688
1366
1094
959
781
2135
1461
2718
1971
1093
2905
2728
1589
542
2827
2070
1874
1283
1620
467
2182
1316
2588
595
1497
2147
1131
150
1022
2201
1815
1092
289
2289
2293
1908
1613
494
1469
58
1280
28
1429
1691
2169
737
2516
2474
858
1688
67
956
1225
1558
808
2085
1354
1784
1368
1523
228
2117
1657
1091
234
2535
2292
1751
2894
423
724
2010
1521
1081
1052
1491
1357
2792
1307
1902
405
1560
2179
630
1919
2809
665
2916
1565
226
2019
1994
310
2435
1488
2190
2086
2027
2842
1498
664
1381
1340
2816
577
805
448
2155
1370
386
1700
2038
2659
391
153
352
1243
2039
1450
2840
943
160
776
66
2184
1758
937
819
2298
2125
2424
2793
1299
906
721
325
2591
211
290
1352
1376
967
1353
911
2104
623
642
339
2395
1103
1388
2322
518
165
291
913
2180
1142
2237
1229
1078
1407
2064
1356
739
1573
1947
1707
2461
2903
404
2175
2541
2359
2491
564
2275
1603
436
1035
1208
166
2511
2671
1844
2533
2890
1157
1923
2330
1378
1060
2161
2078
610
2558
34
1537
2720
2416
916
456
452
2425
2174
2885
576
422
1748
2054
2003
1125
1611
237
2426
29
23
1135
1328
1935
1596
218
2494
1645
771
2904
846
2391
1118
2702
648
1261
2876
2434
2146
2517
1622
2225
347
2366
392
2222
2433
1856
2037
714
1829
2262
202
1075
1372
1841
1467
596
1420
1080
920
1555
488
2131
1642
1612
116
977
2752
2567
1452
57
2287
2028
1625
762
2208
1563
1909
530
2930
1673
1464
2570
2608
1539
2141
2050
2297
1446
2236
572
2715
2685
875
2022
2157
2079
1993
2732
2068
1792
2678
1595
523
2243
1876
1963
1062
32
1762
1582
380
1984
1634
629
2047
2908
2660
2043
440
2036
1772
621
1718
1590
2233
2413
370
1072
1444
606
717
406
14
1574
42
1515
729
22
299
2488
881
2465
760
2088
2694
180
2501
1557
1275
2887
984
1166
1463
927
668
2722
1599
2821
2698
2463
2855
1253
2799
1922
2130
1321
1300
336
1985
2810
131
1351
2726
2009
1568
706
13
220
2447
323
680
2349
2537
1453
774
711
2756
196
816
1500
1248
1952
575
2723
1862
56
1561
1512
2451
2640
239
1843
2814
2350
2869
2199
1449
656
373
831
1171
2938
1410
459
1888
917
1395
1658
1271
1284
2515
1015
2743
107
757
1375
2259
2227
1196
1659
2323
6
1655
2786
1578
1845
2505
1941
1399
419
1912
2191
1692
2879
1200
926
1138
904
2571
2705
477
607
1043
698
641
1475
746
2143
678
2578
1165
2264
501
618
146
1203
2263
1009
1222
1896
802
1921
2495
2394
1962
1431
516
2018
880
168
691
363
1482
2189
38
2274
2417
1000
614
918
30
2587
152
2034
1765
136
2223
2449
2094
444
1882
919
1303
1077
1764
2712
2272
1504
2015
1374
1976
2437
157
2940
2679
2740
2340
744
942
1601
1409
800
2601
2440
1398
368
2471
1915
2139
1141
705
734
86
147
431
856
415
1933
60
145
1640
2444
2242
108
1713
1123
2742
2664
2936
37
63
1224
651
77
2102
70
1943
390
329
1040
1810
1630
1293
231
1071
1576
2507
840
657
1988
1712
975
1457
1139
1379
1583
843
1948
994
1959
1427
2310
1305
1147
2649
1
521
224
396
2519
2392
687
1780
1853
1835
253
513
2912
2308
432
1609
1973
874
903
1219
848
1232
2245
1348
183
1627
2796
1987
1779
2748
2477
2639
311
2113
949
2369
1384
955
2833
2509
324
174
2464
2822
845
417
101
2239
2559
1115
838
2704
2835
1477
912
114
1250
2173
12
806
365
962
981
2925
1581
2215
246
52
1479
2467
1873
2466
2807
478
1741
813
985
655
983
1394
1850
890
362
914
281
628
544
187
854
1989
100
581
2754
2371
1905
421
26
76
1763
2627
2357
2445
1492
2867
1696
2007
560
599
471
1793
2137
2778
1746
907
1548
51
1440
2572
1684
2427
2797
1032
487
2697
1038
2456
1752
2918
1183
142
869
260
550
2288
4
1181
2150
2562
2849
2057
1782
2523
151
346
1063
447
1668
2415
2345
496
2176
945
586
197
883
1252
733
333
1179
695
1775
1455
1852
566
2314
593
2100
2030
2663
2590
2767
1458
2881
1946
2138
125
793
950
2171
2383
2414
2882
2898
1391
2576
241
1459
709
235
1470
2868
2136
1949
285
2438
2527
1607
394
1061
1586
1132
2856
2896
375
1126
1840
1324
873
1897
1690
1270
2846
2158
2768
1991
1350
1838
199
1076
1320
171
1932
653
2696
1956
342
871
535
1936
469
1238
2730
2295
1734
2163
1241
2560
2923
568
2632
2521
1067
2763
1958
17
735
5
954
2939
2899
660
2794
622
1003
96
970
1209
359
1373
1408
1343
1593
2787
2333
2213
1002
2218
1730
2675
2734
783
928
643
702
685
1808
2803
2820
799
2760
1169
789
2326
2844
1288
2321
730
2114
1484
603
2700
1360
2400
2256
554
811
528
1848
2551
639
230
645
1418
2356
2489
2765
758
1436
1953
532
2127
557
1258
1686
381
1629
995
556
2217
939
2469
720
795
482
1662
288
766
1380
338
2429
2851
1206
2862
2599
2375
2302
2721
2056
2479
548
217
1496
312
2387
2412
640
503
82
634
372
2863
837
320
547
561
2271
1215
269
2891
991
1654
1106
1995
2273
2617
569
1928
1397
1681
229
139
2800
2343
2859
1733
1979
2207
2240
2428
1205
2156
2585
1435
201
616
1423
1704
2531
314
1189
1190
546
1176
2168
1017
1742
1194
1438
2784
39
1726
2031
97
2932
2692
453
1289
2092
1983
279
481
1387
35
2568
759
1146
1951
2706
2687
205
401
385
1916
2060
2303
1325
885
462
866
1051
195
2895
181
331
1964
1319
2818
1884
2828
304
2246
1069
2741
119
71
1954
16
1137
2661
2166
460
219
441
163
1212
1817
2496
135
87
194
1614
1234
94
2411
574
896
1722
1105
1789
1647
167
2221
208
1335
2339
1102
582
2600
148
2817
833
1505
1172
2686
1968
2808
1302
2251
1101
2317
769
909
2402
1597
2546
2866
1813
1818
2472
1525
1771
266
2758
429
9
2689
265
278
573
2266
719
1854
1424
1170
1128
741
690
1304
2046
2853
1065
2806
1414
835
1924
1570
1405
1260
2691
309
1282
2053
489
860
944
794
2653
315
525
1413
2409
2410
318
1967
270
1547
951
364
552
2641
1768
2626
1502
1358
120
1412
1702
2575
803
434
2757
159
2436
1149
18
2442
1944
2133
1981
2285
1406
1638
2220
1731
413
1053
924
2368
1162
1972
1333
1803
2062
1451
1140
834
2377
587
115
2080
520
814
567
697
2005
1281
2119
584
398
1262
2880
1460
1706
1757
102
172
1011
1188
2290
2920
1231
344
997
666
1617
1855
356
2124
1311
1332
2513
978
275
2396
1667
1550
2747
2385
91
2552
225
1759
855
2610
425
1827
1714
1337
2006
1997
1648
987
2389
1207
1945
2362
1083
1653
647
1217
454
1240
85
274
915
2924
2282
2059
2914
2241
2926
1886
693
765
1538
2076
133
1034
1783
2777
2750
1785
637
1529
767
682
2628
2645
901
2642
330
1671
2183
2644
2635
2746
105
2278
1031
1812
968
583
2514
686
921
2884
1027
1807
1163
827
1602
1644
659
2103
1242
236
1824
1318
804
1097
47
801
2902
1214
878
2063
1600
2755
2554
990
1501
1216
450
257
2406
2194
367
980
41
2502
1513
154
1837
2906
2067
3
1186
2331
2561
321
938
2917
2582
2478
2142
1859
1542
1012
1117
1296
559
722
1301
1124
1474
2196
531
1801
19
1278
2457
1385
92
750
2897
736
2629
571
534
754
2566
1476
1805
27
563
2185
1187
2716
1816
1846
2300
1913
1322
1164
495
788
2192
1226
1267
2145
594
1510
319
673
784
2614
464
892
2441
1404
111
508
1175
2771
1910
207
1721
1049
132
2419
613
2455
1028
2095
273
1292
2170
1571
2051
2032
1263
295
2485
1108
2836
1235
1192
2729
684
2446
1074
823
170
2500
961
1116
797
751
1518
2353
851
1110
1865
2188
1202
110
932
2510
1526
989
2815
137
1297
2775
870
99
1871
1483
2553
480
2935
1996
2334
625
1133
2594
536
106
1016
2909
674
2708
2847
2725
1227
2569
371
348
1651
1237
2557
1755
2324
2490
1670
2475
1683
681
889
1269
2462
2586
974
1428
461
2581
809
1650
2798
216
1393
179
2011
1618
2206
2680
1221
1087
463
836
2099
646
36
2525
1204
2877
810
72
2311
505
2684
2693
149
2327
178
388
2373
1569
1154
2460
1445
2565
1739
254
1246
2270
2497
2714
7
2230
1007
688
1724
2901
2735
2597
2630
2544
807
2745
2172
605
1329
2336
2804
2390
728
1025
2603
935
1057
562
1150
957
458
960
537
1929
1631
1367
2831
1664
2121
2672
1965
998
1900
2852
46
1938
1273
925
2484
1364
1969
2235
2830
2522
251
1201
402
1939
1937
1541
1511
2234
619
2071
2203
679
65
1663
2129
1516
1331
1646
2374
1551
580
232
2910
1338
768
158
379
470
1468
1687
884
963
1254
1685
2872
504
1575
317
2788
1753
1121
598
449
2719
601
416
2607
2200
397
2550
1233
104
2483
888
2181
1743
161
43
2177
1339
1977
1008
2506
1024
555
215
358
2744
1400
633
1585
1720
2205
2518
2636
2520
1701
227
2476
490
1279
2556
1030
335
400
1719
700
2443
88
761
1703
466
2167
2782
1697
1066
1699
1134
2187
10
986
1604
1740
2911
1834
1415
1426
349
2707
847
2459
1251
818
189
2534
301
894
1698
2108
2118
1823
841
2335
1588
2384
354
2316
2072
73
2761
1489
1736
670
2381
1716
492
259
952
902
1033
2764
2332
1624
53
1528
1767
2766
1626
865
2529
1880
677
1895
1879
500
2049
2296
2928
1580
1725
1508
49
78
2106
1885
261
1711
252
2681
238
2244
1441
1556
1587
2216
1893
2204
118
2577
1119
340
507
609
2399
879
2014
1086
897
2352
910
1004
979
2538
328
126
862
1506
2431
2615
1914
1986
384
930
327
1610
1486
2249
1403
1974
2153
632
2021
2152
1317
1729
2123
382
1883
1999
931
1195
316
1934
1432
387
2058
965

