1 0
2 1
3 0
4 0
5 0
6 1
7 1
8 0
9 0
10 1
11 1
12 1
13 1
14 1
15 1
16 1
17 1
18 1
19 1
20 1
21 0
22 1
23 1
24 0
25 0
26 1
27 1
28 1
29 1
30 0
31 1
32 1
33 1
34 1
35 0
36 1
37 1
38 1
39 1
40 0
41 1
42 0
43 0
44 0
45 0
46 0
47 0
48 1
49 0
50 1
51 0
52 1
53 0
54 1
55 1
56 1
57 1
58 1
59 0
60 0
61 0
62 1
63 1
64 0
65 0
66 1
67 1
68 0
69 0
70 1
71 1
72 0
73 1
74 1
75 1
76 1
77 0
78 1
79 0
80 0
81 1
82 0
83 1
84 0
85 1
86 0
87 1
88 1
89 0
90 0
91 1
92 0
93 0
94 1
95 1
96 1
97 0
98 0
99 1
100 1
101 0
102 0
103 0
104 1
105 0
106 1
107 0
108 0
109 0
110 0
111 1
112 0
113 1
114 1
115 0
116 0
117 0
118 0
119 0
120 0
121 0
122 0
123 0
124 0
125 1
126 0
127 0
128 1
129 0
130 1
131 1
132 0
133 0
134 0
135 1
136 1
137 0
138 1
139 0
140 0
141 0
142 1
143 1
144 0
145 0
146 0
147 0
