2558
32
590
456
939
372
2357
618
2048
1947
2084
1890
401
1470
2190
1211
64
1660
966
1526
639
245
1556
1969
2937
2220
2758
554
744
1096
1356
1201
2094
1253
2362
2742
221
1695
2589
1471
806
328
1958
1677
1567
2879
1678
258
2680
716
633
1650
125
2095
675
1445
572
2395
1294
1711
2852
2422
2013
985
2603
2478
1842
2
2381
1074
494
2781
272
532
1184
162
1874
2057
1938
1104
880
859
2699
2027
1940
1640
1188
709
2659
2346
832
2100
1144
1045
1770
1122
1707
1730
454
1369
2908
2921
1084
2667
568
1364
1886
849
1979
1250
1126
82
143
1692
1898
756
1165
147
2730
2773
2040
428
872
362
2273
2888
2622
346
2785
1546
2609
952
2743
2464
1485
2452
2932
1105
442
2752
458
1293
2156
2129
2288
1735
2376
2302
1479
981
797
2871
1350
604
669
415
1216
2748
573
514
1960
655
1419
1778
2075
199
449
218
343
1902
1807
508
2236
1426
1064
2895
2722
822
857
2468
2000
1821
2548
2673
691
1751
661
999
2690
1090
2259
2223
1520
120
124
670
1588
1031
1548
487
1290
1456
1955
1383
2243
818
1497
323
1934
1607
2290
2800
1368
1271
2227
2901
2689
1079
2745
2208
269
569
2537
1726
651
1915
1176
155
1963
564
2541
33
2721
1134
408
2576
2772
1942
2164
865
771
2150
2377
2904
461
1230
519
808
2778
1407
2350
1097
1936
2264
1217
2939
2306
516
1782
2608
2056
1672
122
1837
2668
2789
574
1674
990
1128
92
730
12
2078
629
1616
2064
1589
581
274
1765
2341
2914
2333
1396
710
1261
2375
1076
711
2069
2643
2039
1828
1741
918
2367
2280
226
805
1654
2912
1759
2007
1612
276
2854
847
1202
844
1551
2171
1967
2929
2396
2041
462
2765
563
1537
2811
2320
785
1140
2676
2909
1522
445
654
1643
807
305
696
2700
1668
6
2661
167
1495
1153
36
2011
684
1596
117
216
137
2130
1321
2322
591
531
316
1297
2229
2222
2583
537
546
2538
2114
1319
170
1641
2529
2318
526
2310
2655
779
2036
2751
1814
2941
2847
1112
1207
172
192
1521
1121
2595
1091
2517
2410
967
2522
332
2549
792
1853
151
397
1025
2674
2170
2335
156
1204
270
491
2853
1063
2614
335
2461
2466
80
304
2476
1783
1049
1808
2016
1803
1405
1375
150
2554
2423
903
909
767
1818
211
354
2296
1754
2030
409
1480
2594
407
2905
1028
2205
1345
2597
56
98
2161
1652
1249
217
603
2305
2903
17
2263
793
2715
875
2465
61
1089
685
310
970
204
1069
2857
609
1600
2139
1146
206
1308
1135
1268
2438
2124
2646
1585
2812
938
1000
1251
51
1175
1033
209
2826
1493
2678
1354
925
995
1314
2602
69
1822
2158
448
266
1240
2652
1594
1728
307
2297
1768
1722
1972
2433
2896
2900
2187
811
2120
2729
2392
834
2849
1158
2462
520
1800
57
1502
964
1023
182
1136
1691
430
852
2551
2204
1918
484
911
2894
302
2043
2747
1435
1379
2434
2627
1809
2790
308
136
412
451
2556
787
2669
191
2020
485
688
1344
1629
978
2719
922
2647
1310
2162
1785
679
1051
1702
1259
277
901
2515
384
469
483
404
1992
1605
2599
1591
2087
1916
490
1549
1266
2666
1447
926
1736
795
2274
1675
1312
1673
9
2216
1180
2426
2641
2133
2344
1642
1568
1774
2479
2117
512
848
1270
66
475
1060
2257
838
976
1613
717
1910
1225
1982
2351
2562
2911
227
2704
72
1592
543
2684
1560
1540
169
399
713
1513
2415
1133
634
2499
2763
303
2070
2685
86
1401
1516
1742
327
2271
1032
597
452
1454
2308
1147
1141
2067
2425
2448
100
1690
320
1811
2598
862
1789
898
1163
128
556
2050
523
1390
294
2053
1631
2786
2856
2916
2725
2358
459
118
2547
376
2436
2705
2255
1919
1834
1747
1971
2177
2258
2283
940
522
455
1738
2330
479
127
739
1555
1512
14
1110
1950
77
2287
853
2777
2019
2706
759
733
823
1288
1798
1408
2567
190
1935
160
980
1376
2284
982
740
642
1744
796
1095
703
1047
259
229
861
2842
2923
788
177
1161
840
615
1725
2327
400
2503
319
2507
2563
882
692
1720
460
1762
2359
1195
1946
286
879
2560
632
2837
1860
503
1995
700
1579
198
284
165
281
435
993
715
2893
2080
1284
1507
1894
2814
2153
605
2382
2484
2194
231
2482
1649
2015
1166
7
2176
833
2754
2262
719
253
660
2679
2625
662
1277
2709
881
43
831
489
326
114
457
800
1646
2519
212
13
31
2207
1468
2378
955
873
1698
2383
1241
809
224
2197
2169
579
2085
382
1041
149
152
1034
1015
1681
1901
2902
2123
2553
1619
1547
205
478
1851
1787
2876
1260
1181
1123
464
2588
1431
2506
515
1827
627
102
197
2801
135
21
360
2750
2623
946
897
474
2405
2564
2388
2279
264
729
2407
2003
2536
704
2293
1956
496
1481
1085
90
361
608
2880
652
1517
2168
1617
193
1813
2353
1414
2215
2827
290
1606
2488
49
2450
1256
1544
2455
2683
2240
2035
697
492
2485
2832
1413
2431
702
1307
482
2260
2441
24
1169
325
2300
2740
2439
2644
2009
1978
1761
1858
2697
2844
1764
2584
1682
2107
2326
521
298
1026
517
835
2472
1475
2757
2533
623
1296
2317
2851
1664
2496
960
1905
2408
2424
2817
2791
1793
502
1716
1665
545
1974
2419
1365
184
2649
1055
148
2355
2071
1238
2600
1059
2696
1505
887
856
377
2779
1489
44
357
55
2591
2051
1209
682
1199
2295
2753
2593
2031
965
2199
486
668
426
2809
1173
745
106
567
1651
1130
1624
244
101
1333
1878
1524
1088
1917
1843
246
1773
2179
1882
2807
365
616
943
1421
1214
393
1449
2540
1186
1835
285
1833
1876
129
1066
1965
356
2511
2443
1939
1870
1836
2256
201
81
681
2920
723
1334
132
228
518
2010
930
1082
1111
1509
2456
933
1669
963
1779
1621
539
1701
2645
1694
1317
631
610
50
1867
1200
1139
1269
2830
2712
2660
937
1933
1439
1077
2523
62
1219
367
91
476
672
2248
2343
2530
2720
2629
1382
370
2126
413
2606
19
278
2744
1245
530
2023
2924
764
473
1432
2202
1187
2794
196
2432
1197
2453
1038
2918
783
2261
614
607
1638
992
144
902
1014
1487
348
712
666
1849
225
15
1599
2885
1657
2524
2557
1739
71
958
686
1615
1324
1242
2509
2473
352
67
1850
2226
142
551
1655
2490
2504
1996
2587
1719
1137
146
2184
2572
2692
687
606
954
2497
1132
2140
291
1893
2633
416
1318
1040
353
1459
2250
1912
2780
953
1710
140
2213
1274
104
1262
2612
2650
134
2820
37
447
878
2454
843
2518
2525
2513
2580
2718
1498
1863
2677
1885
1062
1988
1601
2605
239
1183
1889
694
961
2435
944
2559
2746
1684
23
1714
1299
1371
1056
2798
2268
1231
317
1743
1799
1234
2875
3
1832
301
1182
2566
1981
1630
789
2384
2935
1457
2252
1275
1964
2266
243
1022
1838
626
895
2115
1597
1478
1530
74
318
2869
1891
2639
418
2254
1083
1458
2417
1976
1360
267
1749
2005
2638
2399
344
636
969
1177
622
1775
2839
1387
1804
1659
769
1529
2447
2658
2934
2859
1989
4
665
1118
2631
1796
2571
121
2940
1054
2910
506
2573
2393
1410
1106
896
2527
371
350
742
2098
2545
2710
630
1423
736
1235
2491
819
1582
566
1801
1855
525
1713
2663
2687
2210
1050
2774
1403
1499
2374
724
1990
181
1343
2695
1246
1527
1670
25
1416
689
1895
1351
1608
1632
905
2795
1603
386
2421
2379
289
18
53
1683
168
2429
2761
1539
2307
1875
2008
1061
1634
1389
1845
923
957
868
2726
2024
2203
366
2332
863
257
446
1877
1840
507
1676
1504
1543
1443
846
1997
936
705
1932
1679
674
1879
1070
1192
1494
1686
2371
1160
79
2097
1058
363
405
580
2445
1099
2776
392
2219
87
179
2630
2348
1378
2691
1053
2864
2400
695
262
1712
1767
916
2907
947
640
1816
2145
2796
2770
1734
1117
2044
1920
1001
2870
1727
931
1397
1704
440
2082
746
394
2664
2328
2665
2460
1699
2621
1510
2304
986
824
2336
1623
41
1826
1523
113
2634
233
758
1342
282
351
187
2360
130
161
1859
2211
2899
1306
1771
1170
2601
2931
991
1305
2163
1780
1349
2444
1384
438
997
1565
645
1462
1846
2267
1151
1159
214
2936
2607
734
2568
2816
1903
1007
1404
1790
2228
2380
78
2231
2693
552
1929
2315
1721
2345
1068
1552
1564
641
2214
2575
768
2412
1466
1740
1149
188
2502
313
841
1265
2323
561
248
2701
1680
2489
493
528
2877
929
2543
93
942
1558
804
620
1534
1427
547
39
1648
2239
1536
1154
1614
1980
949
529
1724
2890
748
54
10
283
427
299
2427
2915
1108
1125
2672
2373
2819
1326
816
894
2113
1381
1196
1189
1218
2764
470
1566
2189
2232
988
1172
2862
145
2127
915
1633
826
73
194
1488
1373
1248
2428
1145
1036
1854
2173
1440
889
612
108
139
644
1030
1519
389
2487
1575
975
1339
1696
1756
2759
2282
2160
453
2151
2822
1453
1525
1737
195
2299
423
379
463
1610
2682
391
1661
592
1715
2042
2349
586
625
1215
2555
2303
2276
1430
914
2324
1474
1010
2026
260
2686
1732
845
1542
743
611
2617
2446
2604
203
1831
1998
2188
2060
1852
2873
1949
1071
864
2803
1020
799
1663
720
977
1531
2066
1035
1113
1313
919
1805
1124
2738
2265
877
2017
292
1
2881
378
2192
2178
2459
876
252
2111
2451
315
2201
1024
1941
1465
1348
1705
1300
1393
2505
1107
2385
2728
1476
1872
974
2291
828
2863
477
2813
934
336
189
2919
1227
2086
1985
802
1829
251
2458
2196
28
1409
1255
330
1048
1899
780
813
1174
600
1362
2237
1119
2739
2316
2021
1425
2368
219
2495
2716
2619
2038
2508
94
153
2185
817
2532
2544
2792
1433
2389
1289
2272
88
830
322
1593
761
650
1501
297
2829
1626
1006
1708
624
1155
1244
2033
1424
2152
2073
2413
1688
749
75
306
1363
341
825
1327
499
200
20
115
2797
334
387
1528
708
1823
773
1011
1210
1131
314
2224
1569
524
1078
576
1469
2209
1361
1819
2930
2404
2878
220
2840
1287
731
558
2233
2866
1533
97
505
1213
2365
2769
333
2246
2611
2492
2416
1966
2550
775
1229
2218
133
1506
207
536
891
2714
2076
791
1562
40
1583
583
676
2148
1815
1301
1769
2596
1900
2347
593
403
1073
854
842
1347
275
2103
47
1280
2874
1856
358
1150
820
1760
1320
2135
1212
1303
421
2183
2235
928
2442
1604
2092
1993
110
235
2105
602
2732
465
1973
417
1223
2091
1873
2191
1428
542
2546
2675
899
541
1758
594
309
111
2749
2165
2467
1904
1482
1553
667
1578
255
2269
1538
2913
2109
778
213
701
1258
637
1415
2766
1323
157
359
1700
2311
311
1753
658
1198
1723
2624
2245
2577
1429
757
1346
1281
84
2054
65
2755
1037
784
801
280
683
1391
1206
2565
2119
1896
1931
2891
402
1884
2475
1584
2805
467
1115
2206
2028
2731
2449
230
1164
2654
2122
1168
2531
2065
2539
2582
1576
324
979
1080
2319
1013
2077
2167
680
419
575
2414
2741
643
1729
2278
983
2860
488
890
1304
2089
1595
2552
2477
2836
2292
1272
1909
1092
837
2542
2108
236
1357
534
2128
385
2112
2294
2337
555
752
617
1017
1637
1824
601
2052
185
1748
2249
441
2636
240
242
481
1057
766
994
1602
908
2146
2724
22
550
2928
2134
2520
2883
1687
2321
2372
1862
2581
1252
2632
2808
1983
439
1820
1561
83
2143
1264
2074
912
1622
1237
1367
2784
2149
2512
718
1977
673
2281
2277
1924
1857
1868
35
1653
183
1205
2579
596
1986
70
2242
2917
2698
1644
2838
2626
2329
770
2247
434
222
2366
548
1450
776
582
2340
1081
2309
2142
2670
2787
1573
2884
2570
653
339
570
1959
998
1763
2418
1922
1620
2241
2157
2788
237
321
2474
751
1039
2037
1412
829
247
2922
884
1923
2154
1570
535
1098
1029
103
1472
1952
2926
1338
803
2635
263
540
1618
2032
810
754
2733
544
1580
2174
1776
2285
1717
1571
1927
1914
1232
533
2132
1042
815
2569
1839
1541
571
2727
2102
1208
513
2104
16
1444
2775
375
656
2138
2845
1162
972
984
510
772
1563
1490
45
347
1577
2818
173
46
892
2616
1233
2846
1178
2825
2463
2510
254
2783
1116
866
2014
2364
1825
2411
1639
1907
888
2440
119
557
27
587
1812
2662
2063
599
1951
414
2882
433
2093
105
839
1291
1745
2887
989
1437
996
1535
63
1152
436
1286
2703
836
511
123
2925
2175
1871
2855
987
867
498
1282
1341
2234
1043
1292
725
906
755
1322
2338
388
1355
1968
2707
2072
238
2615
2289
2858
1662
180
107
1926
2578
1777
1703
1422
584
735
2081
1945
2861
671
2671
2022
2833
131
2159
921
565
538
2096
0
2534
1109
2767
176
279
1222
678
598
1438
657
1999
2898
1463
2500
1329
2356
1554
1003
1019
753
2409
2312
2610
432
2001
250
273
2430
913
1750
1446
495
2121
1464
1402
2516
96
271
1148
721
1518
1352
948
777
577
1004
1844
2055
1791
2688
2711
268
466
2406
1386
95
726
2535
951
1666
2083
364
1656
2865
1733
2470
164
1330
411
1911
1887
1044
2101
2493
85
1795
1311
2286
765
693
1101
2514
2131
1841
2806
2298
812
295
2301
2369
562
1337
786
99
1752
973
2088
2521
42
2002
2483
763
549
827
1203
1461
1190
1087
1335
159
2717
1285
1018
2118
1970
1086
727
89
450
2653
1194
1810
2186
1781
1228
424
904
647
560
1224
968
2047
287
345
2804
355
2061
874
1400
2058
714
1928
1880
1243
166
814
2029
2136
553
1398
2574
1021
2217
2420
2897
509
2363
871
232
265
223
1611
613
1302
2642
1888
1587
1399
1897
2927
2494
116
34
732
722
2481
883
2590
174
395
920
1093
1709
924
782
154
48
2137
1697
595
2762
2708
860
288
2251
2723
296
52
1491
869
2270
1492
234
2702
664
210
2933
2734
1467
2771
1957
368
798
410
1961
794
2361
2313
468
2872
300
2810
2390
480
38
619
2592
1388
760
2049
2651
1794
2501
1788
1100
58
175
1278
2172
2314
2155
59
1609
2640
2125
1806
821
1921
2325
1226
2782
1693
1685
2034
2141
1142
1273
2793
1645
1647
2195
158
2116
850
1114
1157
2147
649
1448
431
910
398
2828
1143
1406
2681
1167
1477
2457
1193
2892
2843
1865
422
1298
1395
1328
1486
2198
2230
202
2737
1359
171
2768
2110
1848
1325
1002
2713
256
420
2841
1792
112
2106
2480
527
429
2756
1353
11
1008
1394
2938
2850
1755
331
1366
1572
349
443
2090
2046
1866
293
340
1625
1420
2620
1129
2831
1239
2394
2062
1221
1392
1442
1772
1883
2526
1847
1962
2099
390
380
1332
2815
1757
1892
635
1283
738
2225
628
1706
2068
396
1746
886
1191
1103
1316
2657
1257
1991
215
1508
1171
163
2906
1635
659
2401
208
2585
927
790
2334
858
2821
1434
2370
1532
728
638
1075
497
504
750
1817
663
1496
138
2012
1236
1052
900
2059
589
1994
646
1247
2398
76
186
261
707
677
1156
337
1861
2238
1766
2889
1473
2403
2486
690
648
855
2735
178
2561
373
851
2221
1953
762
774
1005
1913
2469
1689
2618
2182
2244
1451
941
2498
249
2868
1065
893
781
29
1340
971
935
1559
1295
2824
1636
1586
1452
2354
2193
2391
501
962
342
109
1358
1984
1279
2180
1374
2200
444
1557
2528
1503
2437
1377
2848
1786
1881
1906
2886
585
1370
2004
1372
2834
1009
2181
1276
1500
2144
338
2025
1731
1418
2867
2253
383
559
1937
68
885
2656
2045
1046
917
1185
2799
1944
1220
381
241
2586
2018
1027
374
1460
1179
141
1484
1483
945
1263
1550
1331
406
1016
2331
950
2628
699
1138
2342
1574
1975
1864
472
1436
959
1411
2471
1267
870
1784
1254
2648
737
1514
1012
2835
1987
1797
2339
2275
2166
369
126
425
1309
2397
329
1102
1455
1067
26
1869
907
5
2823
1315
2006
1943
2387
1336
1925
1094
2613
1718
1908
60
1830
2694
1954
578
1671
2212
1802
1072
741
588
621
500
2079
1948
2637
1930
1511
2760
2736
1628
2402
1515
30
1385
1658
1581
1545
1590
1417
956
2802
1127
1627
437
932
1441
2386
1380
1667
747
8
471
2352
312
698
1120
1598
706

