2127
69
286
1930
1121
741
772
1066
760
1039
291
379
2661
1643
2734
1924
1321
864
2787
1720
1302
2640
1506
700
1601
757
467
80
2052
33
2073
2933
2182
2690
860
861
279
1728
790
735
1277
2427
1627
2292
1617
2857
2619
1542
2729
1747
2837
2848
1574
368
559
49
1042
2246
2206
1674
263
96
1443
390
461
1788
108
546
2760
365
513
878
2570
1953
238
1642
1913
2688
1941
2179
1250
220
2638
1347
76
2536
150
721
270
578
1172
1622
744
778
931
2359
2502
18
1349
1465
1520
584
2169
2018
1581
1501
2732
2591
1354
508
950
1036
2827
1453
465
1106
967
2022
986
328
1056
2266
1254
510
126
1011
102
50
1936
959
809
901
1081
498
1086
2651
1772
604
876
1648
1898
2920
2318
2369
583
1177
917
1289
1974
2697
934
2833
138
1514
676
930
2304
1166
1715
673
2276
1795
1366
2401
1985
1733
1051
1111
2377
2287
2312
2850
2043
2164
1640
898
1151
2383
1901
1436
698
1143
2378
259
398
2665
822
288
566
1751
755
2600
2229
1939
7
2058
2233
1534
2034
727
2224
486
1777
2597
2475
294
834
2611
1756
2013
1944
2294
1946
1841
2027
1031
840
1759
2415
64
1552
2490
1831
1146
877
1891
2783
976
2753
2851
2106
2300
60
1215
1356
406
1026
1175
2652
2253
2878
842
1610
2533
497
1400
2435
121
273
146
1336
462
349
1823
1030
2333
1611
1482
1300
1912
651
764
74
2167
2722
825
2644
2434
1842
116
733
890
284
2109
2844
383
894
725
320
997
2856
1285
1967
2467
2198
2321
2076
1904
2347
2221
55
2919
1789
2826
1384
17
425
1291
1307
2559
350
1021
667
2082
2243
1657
2804
537
753
167
1108
1729
1497
2256
1399
568
2315
1955
1019
2014
2770
1434
2645
2157
2299
57
2748
1872
2278
1536
198
738
2426
2094
1886
1681
2465
1917
1
811
2461
523
895
1034
71
2699
1361
1927
2785
120
2086
527
431
2019
53
1801
2519
1416
1764
1757
1896
200
421
2181
719
454
1192
2836
1411
355
1480
1270
103
194
752
798
1060
2723
918
749
2462
2758
1994
156
2099
1694
1566
28
300
424
1103
249
396
515
20
443
2823
525
2048
1859
2703
2390
665
1114
1619
2017
1716
306
580
998
956
1634
409
1943
282
243
99
1050
1447
611
571
2869
2411
1239
2486
158
1237
482
2413
352
2423
1870
2372
254
1242
145
1791
1415
285
2454
2410
1578
1500
457
1448
2749
1189
2527
149
181
2156
2026
1792
326
835
1322
2365
637
654
269
2044
1564
1231
298
681
691
123
1620
317
1335
2678
2432
1734
1687
2861
2217
586
943
45
2630
1004
1963
1705
1445
357
1464
553
1907
1423
609
1431
2437
2060
1344
362
11
1099
1852
1890
84
176
202
309
1183
693
2492
2247
849
1364
848
1940
2327
1413
3
2352
1295
1880
2658
2380
234
2419
612
339
702
2673
414
634
2874
1512
1053
2580
2170
180
313
1909
1388
241
1690
2375
1045
1839
1783
1814
1858
61
101
1235
1222
2702
2834
948
1677
1902
927
2132
913
1981
2867
2671
1513
250
2689
2440
1765
2006
816
251
2368
2616
2899
1474
1511
2542
2250
2812
2045
2890
1524
347
953
496
2405
1957
1815
2921
330
242
6
272
1397
706
1365
1214
42
535
192
1529
353
2231
2750
2241
926
827
1719
2669
2838
397
295
1089
896
995
1793
2873
449
503
2298
588
1372
2807
479
2704
2802
2134
2515
2716
1785
2895
2374
2584
2351
2797
122
2211
1198
770
2428
1864
529
1633
2143
821
264
43
2925
2815
1679
2173
812
1390
2399
2059
2628
919
136
1164
1444
225
226
1141
869
163
2101
692
195
2268
1504
2795
1767
135
2225
2625
2509
1234
2872
780
1466
1828
726
1012
2337
131
2820
77
2213
2514
1964
1102
1666
773
501
2338
2627
261
2140
391
2412
386
617
2457
1799
2191
889
1032
2187
124
2421
1672
1093
1193
1463
2754
132
2900
2112
1131
502
1987
172
2306
999
1876
808
1393
1310
2453
1462
2458
2184
39
240
428
1140
2773
807
2067
321
2868
1625
2721
1405
531
1582
2762
1702
2624
2667
307
2199
154
447
153
2192
1027
297
1156
1986
1340
440
1960
408
2932
1459
484
2097
1895
543
794
769
401
1885
671
1247
1778
1548
1770
2264
140
466
2222
532
166
419
1243
2075
968
2259
2068
1213
159
41
1850
1723
1636
2403
1440
1593
1567
1279
2358
2121
161
2480
1402
1022
65
2119
265
2756
280
1262
2174
1602
1318
1496
500
2928
1999
2313
2057
1862
191
1067
22
2087
184
971
1181
507
1740
1425
795
2295
1775
1016
2927
2089
2774
1135
48
1163
965
274
1074
1727
1837
1301
2270
924
2362
2139
661
25
1185
1197
1604
2218
2398
2765
518
1803
1875
1732
1844
296
1385
281
1591
456
1017
1808
1251
201
2860
2065
2505
2409
315
2814
966
1539
1569
1894
9
1284
1137
1314
1718
2180
1840
1618
2114
649
581
1707
2771
1697
87
575
1676
2696
856
1892
2941
629
2008
385
847
1495
1184
519
1571
2713
2162
105
2035
969
2684
1180
729
394
623
1110
1822
1286
52
2510
596
476
165
217
1918
1206
686
1267
1418
62
1282
813
453
793
787
605
2866
1218
186
1910
1076
859
1787
2039
2718
75
2915
369
2901
1371
625
1771
374
1084
1253
2557
66
2135
1639
2379
2430
83
1533
2798
107
526
2639
1327
912
2563
2512
1028
1525
2228
815
1118
804
2441
1033
1784
2366
618
1345
1476
797
653
1091
1598
2606
1306
883
2297
1232
2769
2285
2077
364
119
647
2908
2922
1811
411
1025
1990
557
1586
555
1847
751
1272
418
1358
1861
829
2717
354
426
1208
945
356
237
1560
2310
1851
756
115
2913
2212
708
246
1259
1252
1273
1804
576
1794
1454
547
1838
1559
1332
1576
985
1969
223
2649
1376
2215
2620
597
2709
989
2752
1274
640
2422
2489
846
824
1921
2521
1650
841
2720
1736
1956
524
2623
952
1934
862
2193
2893
1357
1646
1743
1054
2177
1570
1609
1950
1866
1037
2452
2791
2828
1491
90
2759
981
1323
1942
1221
908
1749
713
1914
478
2451
1606
1632
451
2144
378
1906
591
2784
1781
2715
480
1155
2799
1923
4
2859
2203
516
2084
2660
2506
1230
1874
801
2800
2130
2666
2902
1954
1333
703
1268
914
2098
253
216
2937
963
2530
1460
46
1819
1329
662
1498
1905
2738
2117
1124
130
2737
2154
712
758
858
2846
1806
595
1692
2724
2880
1683
113
2265
1899
2129
179
903
1855
2935
734
2108
1422
2071
2672
1599
520
2478
1821
230
2438
2350
1477
215
2603
2907
29
423
2258
2607
761
2847
2051
1810
2882
2416
287
1283
2555
2586
2062
2460
416
2408
2420
603
1009
2107
276
554
1624
2248
1908
716
56
942
1020
185
1774
920
2146
1217
439
1363
2145
117
402
1201
278
556
1100
2288
311
1297
660
2524
1550
767
231
631
382
1200
310
2147
493
1748
2538
271
1948
656
2549
1194
844
1706
2692
828
632
2602
2870
1992
2353
1216
2069
1220
2825
2733
257
540
1455
2747
2887
1442
1699
164
759
1773
2575
1820
562
1505
2064
1544
992
879
2558
2719
714
446
2431
2386
2033
2393
345
1330
1755
1161
2464
1973
1492
444
1746
2871
1518
125
1486
187
1473
569
2155
1205
1865
2054
429
1265
2
1117
2578
1109
1469
1144
2781
1457
779
1521
2695
984
2879
1065
2186
1165
2495
304
1535
1381
1796
1979
92
643
32
2444
13
2889
645
1160
2779
2664
442
2676
2124
2824
1337
1557
1517
2115
1516
157
2701
2888
1768
174
2849
1360
1528
404
2525
293
711
2234
2782
235
312
655
1698
1977
2677
2061
239
1452
1186
2261
2216
1188
1554
2775
148
2843
375
1499
2424
2053
1149
675
2032
19
232
2543
323
615
2778
24
481
448
881
2566
577
1427
1812
2447
1538
2085
1997
2592
1353
1064
2683
1630
2036
405
373
2341
910
678
1527
2484
2653
2407
1638
93
1628
2898
1978
30
1047
2255
1369
2707
929
1848
2269
592
972
2612
2397
358
2336
2004
94
511
2601
2472
2916
1256
1780
1316
1546
299
58
2232
417
786
1763
266
837
1817
400
2926
2526
2305
2875
460
1362
843
2055
1580
925
1558
2657
1980
2418
1725
2005
2151
1035
677
209
95
2387
2637
1752
1797
1210
993
366
1296
1682
933
372
21
561
2918
2508
1396
836
100
2030
775
2845
715
570
1965
1410
1662
1572
1545
1152
1654
792
991
2842
600
8
1433
1002
2593
2917
72
2817
2881
996
197
2088
168
2905
905
1818
871
2855
2219
1389
2634
2349
1264
2237
1741
2072
1935
1154
863
2249
762
2621
1703
2528
819
2863
1616
1395
2251
2003
2743
1947
2443
1305
1503
1407
2159
1508
728
2790
1280
2763
5
1800
1553
147
572
85
2388
1547
450
210
333
1644
407
650
2172
244
2599
2391
2764
1018
1263
1063
1607
2516
1092
12
539
128
949
2883
2325
2267
1378
504
1377
1857
946
2303
593
1928
1472
1745
1421
718
97
1802
189
2675
2552
1631
2487
868
1613
619
820
1072
2556
1490
695
139
305
2316
1062
2078
806
607
389
324
962
2402
2534
954
1236
1223
783
2668
594
1240
2777
1853
2235
1481
579
722
1761
314
2244
2324
1916
852
796
2263
247
826
70
2433
2529
2293
642
1403
688
1104
833
2342
620
1419
2066
785
2283
2344
1178
1938
2110
129
799
644
565
628
923
2576
1655
2183
743
674
1077
1714
1134
2594
2479
346
1871
2712
2242
1589
1883
134
668
2080
2381
2355
1313
2329
208
1805
902
2340
1856
805
1432
1044
2565
316
1807
1202
1059
1309
1556
1678
2204
1689
776
327
79
2544
1087
2220
1526
851
2389
1726
922
2209
947
2002
2371
2093
2382
2319
499
979
2537
341
2614
1136
177
850
469
1255
1426
2681
1229
1052
1790
492
2326
1107
2923
2240
1530
1995
2767
2792
1359
1449
1665
892
2650
1541
1688
207
23
487
1115
936
2028
2367
175
788
2818
2622
2740
2608
2806
823
2384
1199
211
2636
1394
2150
1988
545
1515
1900
567
1298
1195
2175
1664
614
2581
784
723
1406
657
1484
2334
2865
1897
814
2363
1565
766
430
1287
955
679
1735
2042
745
1122
2210
1346
2595
1691
490
1951
1629
791
2914
541
2125
765
267
475
1308
1145
2176
624
1583
2201
1171
109
1461
1949
2853
37
1471
344
1600
1975
343
2400
2357
2694
104
1275
2596
2876
1424
2839
1989
464
438
1925
1041
1863
325
485
2934
2038
1315
2572
2356
658
2809
143
2725
2522
1325
573
2012
2618
2049
2152
290
228
754
1132
1281
2001
2803
2811
704
262
1269
1246
2070
2726
530
89
360
2158
1809
67
2091
2394
2772
2794
2906
1645
2436
2414
1651
1153
2819
2163
1112
512
550
212
1961
2894
701
1120
359
380
1577
2736
2023
1830
1387
302
2208
2535
1753
371
112
2196
1731
990
1006
1982
2691
1972
2455
1730
1373
664
1083
2501
252
2561
2546
855
1070
2745
987
1647
690
2545
495
1543
1057
742
1846
1435
538
1238
182
2560
44
2335
199
885
1386
2541
2573
1097
886
118
1551
2862
2200
2477
2262
2517
747
680
1024
2274
1668
1983
1510
137
2236
301
558
2166
2727
2503
838
2852
2744
672
684
1328
2909
2822
2178
233
1128
2610
1860
336
1493
542
983
2708
2755
2131
1304
606
2020
1827
2463
213
2227
2010
1984
2654
1069
2710
2841
1970
2395
2133
2588
173
1233
2301
2425
1324
1404
292
832
335
2202
897
1507
2700
1244
882
522
1739
1561
2205
768
1531
1142
1867
1342
1043
2854
2929
1008
1439
433
196
1257
420
2884
2165
2361
2466
610
1382
874
2539
1312
1671
548
98
720
2046
2056
1833
941
1962
31
319
2582
935
1933
845
318
1038
589
2015
1278
483
1401
445
2731
1776
789
2090
2260
1245
1414
2939
973
2813
1562
1475
2776
1096
219
245
1605
2757
1825
875
1260
2286
2635
1355
1829
1929
978
1094
38
774
689
1190
1367
2197
904
188
1248
685
509
1663
1485
2577
1225
2092
329
2891
2290
1590
2739
2195
260
342
1169
1088
2188
1587
2126
458
474
155
2493
2284
2604
1494
639
652
1241
1228
1013
2659
2631
1007
2548
1046
81
1483
2309
928
724
1203
1417
1292
1098
2511
683
2609
638
831
204
2429
133
2322
2116
587
1966
2518
477
2904
2574
1130
857
988
1882
2829
141
1352
916
2589
2189
337
2079
900
436
1456
1204
2083
387
2656
2272
1893
2786
1993
1288
1227
1911
1710
1157
1147
468
1519
2289
622
977
1478
338
2821
1502
1095
2113
2886
1420
1919
1832
1276
891
1119
980
1176
2485
1468
1724
1079
2343
1769
412
1922
1080
1023
2496
268
1331
2118
1931
2523
1029
218
2835
854
1926
1888
203
1049
1608
1343
534
2153
2122
736
2497
361
830
2936
248
2252
381
800
1073
2271
1713
413
2185
2138
2832
1159
2587
1588
1451
2482
2885
1320
2277
1766
1334
114
1090
2307
2474
224
1126
2864
1760
1191
1068
2877
630
1849
205
1015
2314
705
2047
2513
982
47
599
2746
1758
598
1959
2705
455
517
563
771
2439
2633
1375
884
2679
1879
1652
1711
964
1370
602
2940
1299
2392
697
2896
2320
452
1014
2685
384
2693
1048
275
1158
1592
2507
10
1595
853
427
739
1207
1615
1398
111
1085
2385
415
663
1868
1105
1187
40
214
1429
1162
473
331
2160
2111
710
1522
803
2858
1945
2483
694
36
1816
636
1003
1116
2629
974
1579
2302
277
434
370
626
190
2796
363
958
1742
560
2632
1167
2074
696
817
183
613
2617
1071
1437
2025
1467
682
1211
1224
906
2498
707
1179
2345
2214
2470
2137
2830
1150
1139
505
552
2279
2504
2831
2532
1341
1148
961
51
2761
514
1573
2590
2104
1779
536
1596
1078
2938
2291
732
2120
887
574
582
1597
437
1684
1450
2520
1653
1290
1391
2680
332
1675
544
422
1824
2311
2488
2100
1271
1704
1750
2096
2123
2642
1532
308
2641
1680
2780
994
1348
1717
367
2161
1701
2296
303
2816
1113
283
91
2376
1834
1968
2459
1261
2491
2540
1667
1686
78
1996
1061
2728
2564
1737
717
1338
1568
470
709
392
395
2571
2024
2911
1695
659
1219
1005
2016
1952
957
348
2445
1762
2648
2406
907
601
960
2810
2663
899
2102
2275
1010
26
2245
2789
818
2417
781
2730
670
2330
1209
1813
802
1379
590
866
1441
162
63
1878
839
1915
1685
2257
206
2662
1700
2805
2339
1721
2040
2007
746
1826
2562
2230
1658
15
528
1226
1937
1555
1125
699
1709
1708
463
340
2912
1612
2930
2476
27
2029
1303
2751
1584
2360
1293
2585
2050
322
2207
2499
737
2136
2456
2903
911
2598
731
2494
2473
1138
169
227
1129
1412
2801
730
144
1350
142
870
1594
127
2742
2063
1294
2626
2239
2554
1693
59
2897
872
441
2481
1446
1380
880
873
1920
1509
2569
1641
178
1635
608
2568
1488
648
2469
2442
2788
549
2081
171
1196
1854
2404
2531
1877
1540
1661
2551
1669
1563
170
915
1845
1487
2450
1470
221
1174
627
435
2768
1843
2931
1754
2364
1000
2370
1887
472
229
1001
2009
1428
2567
289
256
1075
1458
932
1266
193
1173
16
666
763
2031
2171
1438
2711
2348
1782
376
2714
1430
2550
1649
2280
938
951
110
2128
2910
2141
2613
2308
86
641
1249
73
1836
1575
82
2449
1101
14
909
1319
2643
1368
2793
1712
106
1932
1055
1873
633
1889
1971
1626
1326
687
2446
2148
777
2281
2332
2103
393
1585
2037
2670
2226
1040
616
1537
810
2238
1738
533
1549
2553
2840
585
2194
1670
1123
506
669
2331
2168
2706
1673
1409
2892
388
748
635
2149
867
1660
1479
1656
2095
888
940
2674
2354
432
1786
1603
160
1903
351
399
1958
1798
2142
494
1170
2323
564
1869
1408
740
1311
944
1976
937
2698
1168
621
1374
975
1133
151
2735
1637
1339
459
1991
403
782
2011
54
2646
2468
222
2579
1489
0
489
2190
2317
521
2686
1623
2282
334
865
2105
1082
2273
2041
2615
2396
921
1058
1383
2687
1392
2547
471
893
68
1182
1696
2741
2682
2254
34
1614
1523
1351
2583
1659
1621
2223
1127
1835
377
491
2924
939
152
258
1744
2448
2766
2328
2000
35
1212
1998
2808
236
551
2605
1881
1722
2021
1258
2647
750
2471
2346
2373
1884
2655
970
646
1317
488
2500
88
410
255

