1 1
2 1
3 1
4 1
5 0
6 0
7 0
8 1
9 1
10 1
11 0
12 0
13 1
14 0
15 1
16 0
17 1
18 1
19 1
20 1
21 1
22 1
23 0
24 0
25 1
26 1
27 0
28 1
29 1
30 1
31 0
32 0
33 1
34 1
35 1
36 0
37 1
38 1
39 1
40 0
41 0
42 1
43 1
44 1
45 1
46 0
47 1
48 1
49 1
50 0
51 0
52 1
53 1
54 0
55 0
56 1
57 0
58 0
59 0
60 1
61 1
62 1
63 0
64 0
65 0
66 1
67 1
68 0
69 1
70 1
71 0
72 1
73 1
74 1
75 1
76 1
77 0
78 1
79 0
80 0
81 1
82 1
83 1
84 0
85 0
86 0
87 1
88 1
89 1
90 0
91 1
92 1
93 0
94 0
95 1
96 0
97 0
98 1
99 0
100 0
101 0
102 0
103 0
104 0
105 0
106 1
107 1
108 1
109 1
110 1
111 1
112 1
113 0
114 0
115 1
116 0
117 0
118 1
119 1
120 0
121 0
122 0
123 0
124 0
125 1
126 1
127 0
128 1
129 0
130 0
131 0
132 0
133 0
134 0
135 1
136 1
137 1
138 1
139 0
140 1
141 0
142 0
143 1
144 0
145 0
146 0
147 0
148 1
149 0
150 1
151 1
152 1
153 1
154 0
155 1
156 1
157 1
158 0
159 1
160 1
161 0
162 0
163 1
164 1
165 0
166 0
167 1
168 1
169 1
170 1
171 1
172 0
173 1
174 1
175 1
176 0
177 1
178 1
179 1
180 1
181 0
182 1
183 0
184 0
185 1
186 0
187 1
188 0
189 0
190 1
191 0
192 1
193 1
194 0
195 0
196 1
197 1
198 0
199 1
200 0
201 1
202 1
203 1
204 1
205 0
206 0
207 1
208 0
209 0
210 1
211 1
212 0
213 0
214 0
215 0
216 1
217 0
218 0
219 1
220 1
221 0
222 0
223 1
224 0
225 1
226 0
227 1
228 0
229 1
230 0
231 0
232 0
233 0
234 1
235 1
236 0
237 0
238 0
239 1
240 0
241 1
242 1
243 0
244 1
245 1
246 0
247 1
248 1
249 1
250 1
251 1
252 1
253 1
254 0
255 0
256 1
257 0
258 1
259 1
260 0
261 0
262 1
263 1
264 0
265 1
266 1
267 1
268 0
269 0
270 1
271 1
272 1
273 0
274 1
275 1
276 1
277 1
278 0
279 1
280 1
281 0
282 1
283 1
284 0
285 1
286 0
287 0
288 1
289 1
290 1
291 1
292 1
293 1
294 0
295 0
296 1
297 0
298 0
299 1
300 0
301 1
302 0
303 0
304 1
305 1
306 0
307 1
308 1
309 0
310 1
311 0
312 0
313 0
314 1
315 1
316 0
317 0
318 1
319 1
320 1
321 1
322 0
323 1
324 1
325 1
326 1
327 1
328 0
329 1
330 0
331 0
332 1
333 1
334 0
335 1
336 0
337 1
338 1
339 0
340 1
341 1
342 0
343 1
344 1
345 0
346 0
347 1
348 1
349 1
350 1
351 1
352 0
353 0
354 0
355 0
356 1
357 0
358 1
359 0
360 0
361 1
362 0
363 0
364 1
365 1
366 0
367 1
368 0
369 1
370 1
371 1
372 1
373 0
374 1
375 1
376 0
377 0
378 1
379 0
380 0
381 1
382 1
383 0
384 0
385 1
386 1
387 0
388 0
389 1
390 1
391 0
392 1
393 1
394 1
395 0
396 1
397 0
398 1
399 1
400 1
401 1
402 0
403 0
404 0
405 0
406 0
407 1
408 1
409 1
410 1
411 0
412 1
413 0
414 0
415 1
416 0
417 0
418 0
419 0
420 1
421 1
422 1
423 0
424 1
425 0
426 0
427 1
428 1
429 0
430 1
431 1
432 1
433 1
434 1
435 0
436 0
437 1
438 0
439 0
440 0
441 0
442 0
443 0
444 0
445 1
446 1
447 1
448 0
449 1
450 1
451 0
452 1
453 1
454 0
455 1
456 1
457 0
458 1
459 0
460 1
461 1
462 0
463 0
464 1
465 0
466 1
467 0
468 1
469 1
470 0
471 0
472 0
473 1
474 1
475 1
476 0
477 1
478 1
479 0
480 0
481 1
482 0
483 0
484 1
485 0
486 1
487 0
488 0
489 1
490 1
491 1
492 1
493 0
494 0
495 1
496 0
497 1
498 1
499 1
500 1
501 0
502 0
503 1
504 1
505 0
506 0
507 1
508 1
509 1
510 1
511 1
512 1
513 0
514 1
515 1
516 0
517 1
518 1
519 0
520 0
521 0
522 0
523 0
524 0
525 0
526 0
527 1
528 0
529 1
530 0
531 1
532 1
533 0
534 1
535 1
536 1
537 1
538 1
539 0
540 0
541 0
542 0
543 0
544 1
545 1
546 0
547 0
548 0
549 1
550 0
551 1
552 0
553 1
554 0
555 0
556 1
557 0
558 0
559 0
560 1
561 0
562 0
563 1
564 0
565 1
566 1
567 1
568 0
569 1
570 0
571 1
572 0
573 0
574 0
575 0
576 1
577 0
578 0
579 1
580 0
581 0
582 0
583 1
584 1
585 1
586 0
587 0
588 1
589 0
590 0
591 0
592 1
593 1
594 0
595 1
596 1
597 1
598 0
599 1
600 1
601 1
602 0
603 0
604 0
605 1
606 0
607 0
608 0
609 0
610 1
611 1
612 1
613 1
614 0
615 0
616 0
617 1
618 1
619 1
620 0
621 0
622 0
623 0
624 0
625 1
626 1
627 1
628 1
629 1
630 0
631 0
632 1
633 0
634 1
635 1
636 0
637 1
638 1
639 0
640 0
641 0
642 1
643 0
644 0
645 1
646 0
647 0
648 0
649 1
650 1
651 1
652 1
653 0
654 0
655 0
656 1
657 1
658 1
659 0
660 1
661 0
662 0
663 1
664 1
665 0
666 1
667 1
668 1
669 0
670 0
671 1
672 1
673 1
674 0
675 1
676 0
677 1
678 0
679 1
680 1
681 1
682 1
683 0
684 0
685 1
686 0
687 0
688 1
689 1
690 1
691 0
692 1
693 0
694 0
695 0
696 1
697 1
698 0
699 0
700 0
701 0
702 1
703 0
704 1
705 1
706 0
707 0
708 0
709 0
710 1
711 0
712 0
713 0
714 1
715 0
716 1
717 1
718 0
719 0
720 0
721 0
722 1
723 0
724 1
725 1
726 0
727 1
728 1
729 0
730 1
731 0
732 1
733 1
734 1
735 0
736 1
737 0
738 1
739 0
740 1
741 0
742 0
743 1
744 0
745 1
746 1
747 1
748 1
749 0
750 1
751 1
752 0
753 0
754 1
755 1
756 1
757 1
758 1
759 0
760 1
761 1
762 0
763 0
764 0
765 0
766 0
767 1
768 0
769 1
770 0
771 1
772 1
773 1
774 0
775 1
776 0
777 1
778 1
779 0
780 1
781 1
782 0
783 0
784 1
785 0
786 1
787 1
788 1
789 0
790 0
791 1
792 1
793 0
794 1
795 1
796 1
797 0
798 1
799 0
800 1
801 1
802 0
803 1
804 1
805 1
806 0
807 1
808 0
809 1
810 0
811 0
812 1
813 0
814 0
815 1
816 0
817 1
818 0
819 0
820 0
821 0
822 0
823 0
824 0
825 1
826 0
827 1
828 0
829 0
830 1
831 1
832 1
833 1
834 1
835 1
836 0
837 0
838 0
839 0
840 0
841 1
842 1
843 0
844 0
845 1
846 0
847 1
848 0
849 1
850 0
851 1
852 1
853 1
854 1
855 1
856 0
857 0
858 1
859 0
860 1
861 0
862 1
863 1
864 1
865 0
866 0
867 1
868 0
869 0
870 1
871 1
872 1
873 0
874 1
875 1
876 0
877 0
878 1
879 0
880 1
881 1
882 0
883 0
884 1
885 1
886 1
887 0
888 1
889 0
890 0
891 1
892 1
893 0
894 1
895 0
896 1
897 1
898 1
899 0
900 1
901 0
902 0
903 0
904 1
905 1
906 0
907 0
908 1
909 1
910 0
911 0
912 1
913 0
914 1
915 0
916 0
917 0
918 1
919 0
920 0
921 1
922 1
923 0
924 1
925 1
926 0
927 1
928 1
929 1
930 1
931 1
932 0
933 0
934 1
935 1
936 1
937 1
938 0
939 1
940 1
941 1
942 0
943 1
944 0
945 1
946 0
947 0
948 1
949 1
950 0
951 0
952 0
953 0
954 0
955 0
956 1
957 1
958 1
959 1
960 1
961 0
962 1
963 0
964 1
965 1
966 0
967 1
968 1
969 1
970 1
971 1
972 1
973 1
974 0
975 1
976 0
977 0
978 0
979 0
980 0
981 0
982 1
983 0
984 0
985 0
986 1
987 1
988 1
989 1
990 1
991 0
992 1
993 1
994 0
995 0
996 1
997 1
998 0
999 0
1000 0
1001 1
1002 1
1003 1
1004 0
1005 1
1006 0
1007 0
1008 1
1009 0
1010 0
1011 1
1012 0
1013 1
1014 1
1015 1
1016 1
1017 0
1018 0
1019 1
1020 1
1021 1
1022 1
1023 0
1024 0
1025 1
1026 1
1027 0
1028 1
1029 0
1030 1
1031 1
1032 1
1033 1
1034 0
1035 0
1036 0
1037 0
1038 0
1039 0
1040 1
1041 0
1042 1
1043 0
1044 0
1045 1
1046 1
1047 0
1048 1
1049 1
1050 0
1051 0
1052 1
1053 1
1054 1
1055 0
1056 1
1057 1
1058 1
1059 0
1060 0
1061 1
1062 1
1063 1
1064 1
1065 1
1066 1
1067 1
1068 1
1069 0
1070 1
1071 0
1072 1
1073 1
1074 1
1075 1
1076 1
1077 0
1078 0
1079 0
1080 0
1081 1
1082 1
1083 1
1084 1
1085 1
1086 1
1087 0
1088 1
1089 0
1090 0
1091 1
1092 1
1093 1
1094 0
1095 0
1096 1
1097 1
1098 0
1099 1
1100 1
1101 1
1102 0
1103 0
1104 1
1105 0
1106 0
1107 1
1108 0
1109 0
1110 0
1111 0
1112 1
1113 1
1114 0
1115 1
1116 0
1117 1
1118 0
1119 0
1120 1
1121 1
1122 0
1123 1
1124 1
1125 1
1126 0
1127 1
1128 0
1129 1
1130 1
1131 0
1132 0
1133 0
1134 1
1135 1
1136 1
1137 1
1138 1
1139 0
1140 0
1141 1
1142 0
1143 0
1144 1
1145 1
1146 1
1147 0
1148 0
1149 0
1150 0
1151 1
1152 1
1153 1
1154 1
1155 1
1156 1
1157 1
1158 1
1159 1
1160 1
1161 1
1162 1
1163 1
1164 1
1165 1
1166 0
1167 0
1168 0
1169 1
1170 1
1171 0
1172 1
1173 0
1174 1
1175 0
1176 1
1177 0
1178 0
1179 1
1180 1
1181 1
1182 0
1183 1
1184 0
1185 1
1186 0
1187 0
1188 1
1189 0
1190 1
1191 1
1192 1
1193 0
1194 0
1195 1
1196 0
1197 1
1198 0
1199 0
1200 1
1201 0
1202 1
1203 0
1204 1
1205 0
1206 1
1207 1
1208 1
1209 1
1210 0
1211 0
1212 1
1213 0
1214 1
1215 0
1216 1
1217 0
1218 0
1219 0
1220 0
1221 1
1222 1
1223 0
1224 0
1225 1
1226 1
1227 1
1228 1
1229 0
1230 0
1231 1
1232 0
1233 1
1234 1
1235 1
1236 0
1237 0
1238 0
1239 1
1240 0
1241 1
1242 1
1243 0
1244 1
1245 0
1246 0
1247 0
1248 0
1249 1
1250 0
1251 1
1252 1
1253 0
1254 0
1255 0
1256 1
1257 0
1258 1
1259 1
1260 0
1261 0
1262 1
1263 1
1264 0
1265 0
1266 1
1267 1
1268 0
1269 0
1270 1
1271 1
1272 1
1273 0
1274 1
1275 0
1276 0
1277 0
1278 1
1279 1
1280 0
1281 1
1282 0
1283 0
1284 0
1285 0
1286 0
1287 0
1288 0
1289 0
1290 1
1291 1
1292 0
1293 1
1294 1
1295 0
1296 1
1297 1
1298 1
1299 0
1300 1
1301 1
1302 1
1303 0
1304 1
1305 1
1306 1
1307 0
1308 0
1309 0
1310 1
1311 0
1312 0
1313 1
1314 0
1315 1
1316 1
1317 0
1318 1
1319 0
1320 1
1321 1
1322 0
1323 0
1324 0
1325 1
1326 0
1327 0
1328 1
1329 0
1330 0
1331 1
1332 0
1333 0
1334 1
1335 0
1336 0
1337 1
1338 1
1339 1
1340 1
1341 0
1342 1
1343 0
1344 0
1345 1
1346 0
1347 1
1348 1
1349 1
1350 0
1351 0
1352 1
1353 0
1354 0
1355 0
1356 1
1357 1
1358 0
1359 0
1360 1
1361 1
1362 1
1363 0
1364 0
1365 1
1366 1
1367 0
1368 0
1369 0
1370 1
1371 0
1372 1
1373 1
1374 0
1375 1
1376 1
1377 0
1378 1
1379 0
1380 0
1381 0
1382 1
1383 0
1384 1
1385 1
1386 0
1387 0
1388 0
1389 0
1390 1
1391 1
1392 1
1393 0
1394 1
1395 0
1396 0
1397 0
1398 0
1399 1
1400 1
1401 1
1402 0
1403 0
1404 1
1405 1
1406 0
1407 1
1408 0
1409 1
1410 0
1411 0
1412 1
1413 1
1414 1
1415 0
1416 1
1417 0
1418 1
1419 1
1420 1
1421 0
1422 1
1423 0
1424 1
1425 0
1426 0
1427 1
1428 1
1429 0
1430 1
1431 0
1432 1
1433 0
1434 0
1435 1
1436 1
1437 0
1438 0
1439 0
1440 0
1441 1
1442 1
1443 1
1444 0
1445 1
1446 1
1447 0
1448 1
1449 1
1450 0
1451 0
1452 0
1453 0
1454 0
1455 0
1456 1
1457 1
1458 0
1459 1
1460 1
1461 0
1462 1
1463 1
1464 0
1465 1
1466 0
1467 1
1468 1
1469 0
1470 0
1471 1
