1 0
2 1
3 1
4 1
5 1
6 0
7 0
8 0
9 1
10 1
11 1
12 0
13 0
14 0
15 0
16 1
17 0
18 1
19 1
20 0
21 0
22 1
23 0
24 1
25 1
26 0
27 1
28 1
29 0
30 0
31 0
32 1
33 0
34 0
35 0
36 1
37 0
38 0
39 1
40 0
41 1
42 1
43 1
44 0
45 1
46 0
47 0
48 1
49 0
50 1
51 0
52 1
53 1
54 0
55 0
56 0
57 1
58 0
59 1
60 0
61 1
62 1
63 0
64 1
65 0
66 0
67 0
68 0
69 1
70 1
71 1
72 1
73 0
74 0
75 0
76 1
77 1
78 0
79 0
80 1
81 0
82 0
83 0
84 0
85 0
86 1
87 1
88 1
89 0
90 0
91 1
92 0
93 1
94 0
95 0
96 1
97 0
98 0
99 0
100 1
101 1
102 0
103 1
104 1
105 0
106 1
107 1
108 1
109 0
110 1
111 1
112 0
113 0
114 1
115 0
116 1
117 1
118 0
119 1
120 1
121 0
122 0
123 0
124 1
125 1
126 0
127 1
128 1
129 0
130 1
131 0
132 1
133 1
134 0
135 0
136 1
137 0
138 0
139 0
140 0
141 1
142 0
143 1
144 1
145 1
146 1
147 0
148 0
149 1
150 0
151 1
152 1
153 0
154 0
155 0
156 0
157 0
158 0
159 1
160 1
161 0
162 0
163 0
164 0
165 1
166 0
167 1
168 1
169 0
170 1
171 0
172 0
173 0
174 0
175 0
176 0
177 0
178 0
179 1
180 0
181 1
182 0
183 1
184 1
185 1
186 0
187 0
188 1
189 0
190 1
191 0
192 0
193 0
194 0
195 1
196 1
197 0
198 1
199 1
200 0
201 1
202 1
203 0
204 1
205 0
206 0
207 0
208 1
209 1
210 0
211 1
212 0
213 0
214 0
215 1
216 0
217 0
218 0
219 0
220 1
221 1
222 0
223 0
224 0
225 0
226 1
227 0
228 0
229 0
230 0
231 1
232 0
233 0
234 1
235 0
236 0
237 0
238 0
239 1
240 0
241 0
242 1
243 1
244 0
245 0
246 0
247 1
248 1
249 0
250 1
251 1
252 0
253 1
254 0
255 0
256 0
257 1
258 1
259 1
260 0
261 1
262 0
263 1
264 1
265 1
266 1
267 1
268 0
269 0
270 0
271 0
272 1
273 0
274 1
275 0
276 1
277 1
278 0
279 0
280 0
281 0
282 1
283 1
284 0
285 0
286 0
287 0
288 0
289 0
290 1
291 0
292 0
293 0
294 0
295 1
296 0
297 1
298 1
299 0
300 0
301 1
302 1
303 1
304 1
305 0
306 0
307 0
308 0
309 1
310 1
311 1
312 0
313 0
314 0
315 1
316 1
317 0
318 0
319 0
320 0
321 0
322 1
323 1
324 0
325 0
326 0
327 1
328 0
329 1
330 0
331 0
332 1
333 1
334 1
335 0
336 1
337 0
338 1
339 1
340 1
341 0
342 1
343 0
344 1
345 1
346 1
347 0
348 1
349 0
350 0
351 1
352 0
353 0
354 0
355 0
356 1
357 0
358 0
359 1
360 0
361 1
362 0
363 0
364 0
365 1
366 0
367 1
368 0
369 1
370 1
371 1
372 1
373 0
374 1
375 1
376 1
377 0
378 0
379 1
380 1
381 0
382 0
383 1
384 0
385 0
386 1
387 0
388 0
389 1
390 1
391 1
392 0
393 0
394 0
395 1
396 1
397 1
398 1
399 1
400 1
401 1
402 1
403 0
404 1
405 1
406 1
407 1
408 1
409 1
410 1
411 1
412 1
413 0
414 1
415 0
416 0
417 0
418 0
419 1
420 0
421 1
422 1
423 0
424 1
425 0
426 1
427 1
428 0
429 1
430 0
431 0
432 1
433 0
434 0
435 0
436 0
437 0
438 0
439 1
440 1
441 1
442 0
443 1
444 1
445 0
446 1
447 1
448 1
449 0
450 1
451 1
452 0
453 0
454 0
455 0
456 0
457 1
458 0
459 0
460 0
461 0
462 1
463 0
464 1
465 0
466 1
467 0
468 1
469 0
470 1
471 0
472 1
473 0
474 0
475 0
476 0
477 1
478 0
479 1
480 1
481 0
482 0
483 0
484 0
485 1
486 0
487 0
488 1
489 0
490 1
491 0
492 0
493 0
494 1
495 0
496 0
497 1
498 0
499 0
500 0
501 0
502 0
503 0
504 0
505 0
506 0
507 1
508 0
509 1
510 0
511 1
512 1
513 1
514 0
515 1
516 1
517 1
518 0
519 0
520 1
521 1
522 0
523 1
524 0
525 1
526 0
527 1
528 0
529 1
530 0
531 0
532 0
533 0
534 1
535 0
536 0
537 0
538 0
539 0
540 0
541 1
542 0
543 0
544 1
545 0
546 1
547 1
548 1
549 1
550 0
551 0
552 0
553 1
554 0
555 0
556 1
557 0
558 1
559 0
560 0
561 1
562 0
563 1
564 0
565 0
566 1
567 1
568 1
569 1
570 1
571 1
572 0
573 1
574 1
575 0
576 0
577 1
578 1
579 0
580 1
581 1
582 0
583 0
584 0
585 1
586 0
587 1
588 0
589 1
590 1
591 1
592 0
593 1
594 1
595 1
596 1
597 1
598 0
599 0
600 0
601 0
602 1
603 0
604 1
605 1
606 0
607 0
608 0
609 0
610 0
611 0
612 0
613 0
614 1
615 0
616 1
617 0
618 0
619 0
620 0
621 0
622 0
623 0
624 0
625 1
626 0
627 0
628 0
629 0
630 0
631 1
632 1
633 1
634 1
635 0
636 1
637 1
638 1
639 0
640 0
641 1
642 1
643 1
644 0
645 0
646 1
647 0
648 0
649 0
650 1
651 1
652 0
653 0
654 1
655 0
656 0
657 0
658 0
659 0
660 0
661 0
662 1
663 1
664 0
665 0
666 0
667 0
668 1
669 1
670 1
671 0
672 1
673 0
674 1
675 0
676 0
677 0
678 0
679 1
680 0
681 1
682 1
683 1
684 0
685 1
686 0
687 1
688 0
689 0
690 0
691 0
692 1
693 1
694 0
695 1
696 1
697 0
698 0
699 1
700 1
701 1
702 1
703 0
704 0
705 1
706 1
707 1
708 1
709 1
710 0
711 1
712 1
713 1
714 0
715 0
716 0
717 1
718 1
719 0
720 0
721 0
722 1
723 1
724 1
725 1
726 0
727 0
728 1
729 1
730 1
731 0
732 1
733 0
734 0
735 1
736 1
737 1
738 1
739 0
740 1
741 1
742 1
743 1
744 0
745 0
746 0
747 0
748 0
749 0
750 1
751 1
752 0
753 1
754 1
755 1
756 0
757 0
758 0
759 0
760 0
761 1
762 0
763 0
764 1
765 1
766 1
767 0
768 0
769 1
770 0
771 1
772 1
773 0
774 0
775 0
776 0
777 1
778 0
779 1
780 0
781 0
782 0
783 0
784 1
785 1
786 0
787 0
788 1
789 1
790 1
791 0
792 1
793 0
794 0
795 0
796 1
797 1
798 0
799 0
800 0
801 1
802 0
803 1
804 1
805 1
806 1
807 0
808 1
809 1
810 1
811 1
812 0
813 1
814 0
815 1
816 1
817 1
818 1
819 0
820 1
821 1
822 0
823 1
824 0
825 1
826 1
827 0
828 0
829 1
830 0
831 1
832 0
833 0
834 1
835 0
836 0
837 0
838 0
839 0
840 1
841 1
842 0
843 1
844 1
845 1
846 0
847 1
848 0
849 1
850 0
851 1
852 1
853 1
854 0
855 1
856 0
857 0
858 0
859 1
860 1
861 0
862 1
863 0
864 1
865 0
866 0
867 0
868 1
869 0
870 0
871 1
872 0
873 0
874 1
875 1
876 0
877 1
878 0
879 0
880 1
881 0
882 1
883 0
884 0
885 0
886 0
887 0
888 0
889 0
890 1
891 1
892 0
893 0
894 0
895 1
896 1
897 1
898 0
899 0
900 0
901 0
902 1
903 0
904 1
905 0
906 1
907 0
908 1
909 1
910 0
911 1
912 1
913 1
914 1
915 0
916 1
917 0
918 1
919 0
920 1
921 0
922 1
923 1
924 1
925 1
926 0
927 0
928 1
929 1
930 1
931 0
932 0
933 1
934 1
935 0
936 0
937 1
938 0
939 1
940 0
941 0
942 0
943 1
944 1
945 0
946 0
947 1
948 0
949 0
950 1
951 0
952 0
953 0
954 0
955 1
956 1
957 1
958 0
959 1
960 0
961 0
962 0
963 0
964 0
965 0
966 0
967 1
968 1
969 1
970 0
971 0
972 0
973 0
974 0
975 0
976 1
977 1
978 1
979 1
980 0
981 1
982 1
983 0
984 1
985 0
986 1
987 1
988 0
989 0
990 0
991 0
992 0
993 0
994 0
995 1
996 0
997 0
998 1
999 1
1000 1
1001 0
1002 1
1003 0
1004 1
1005 1
1006 1
1007 0
1008 1
1009 0
1010 0
1011 0
1012 1
1013 1
1014 0
1015 1
1016 0
1017 1
1018 0
1019 0
1020 1
1021 0
1022 0
1023 1
1024 0
1025 0
1026 0
1027 1
1028 0
1029 0
1030 0
1031 0
1032 0
1033 0
1034 1
1035 1
1036 0
1037 0
1038 0
1039 0
1040 1
1041 1
1042 0
1043 0
1044 0
1045 0
1046 1
1047 0
1048 0
1049 0
1050 0
1051 0
1052 0
1053 0
1054 0
1055 0
1056 1
1057 0
1058 0
1059 1
1060 1
1061 1
1062 1
1063 0
1064 1
1065 0
1066 1
1067 1
1068 0
1069 1
1070 0
1071 0
1072 0
1073 1
1074 0
1075 1
1076 1
1077 1
1078 1
1079 1
1080 1
1081 1
1082 1
1083 0
1084 1
1085 1
1086 0
1087 1
1088 1
1089 1
1090 1
1091 0
1092 1
1093 0
1094 0
1095 0
1096 1
1097 1
1098 0
1099 0
1100 1
1101 1
1102 0
1103 0
1104 1
1105 1
1106 1
1107 1
1108 0
1109 0
1110 0
1111 1
1112 1
1113 0
1114 0
1115 1
1116 0
1117 1
1118 1
1119 0
1120 1
1121 0
1122 0
1123 1
1124 1
1125 0
1126 1
1127 0
1128 1
1129 0
1130 0
1131 1
1132 0
1133 1
1134 1
1135 0
1136 0
1137 1
1138 0
1139 0
1140 1
1141 1
1142 1
1143 1
1144 0
1145 0
1146 1
1147 0
1148 1
1149 1
1150 1
1151 0
1152 1
1153 1
1154 0
1155 1
1156 0
1157 1
1158 0
1159 0
1160 0
1161 0
1162 0
1163 1
1164 0
1165 0
1166 0
1167 0
1168 0
1169 0
1170 1
1171 1
1172 0
1173 0
1174 1
1175 1
1176 1
1177 0
1178 0
1179 1
1180 1
1181 0
1182 1
1183 1
1184 1
1185 1
1186 0
1187 0
1188 0
1189 0
1190 0
1191 0
1192 1
1193 0
1194 0
1195 1
1196 1
1197 0
1198 1
1199 1
1200 0
1201 1
1202 0
1203 1
1204 0
1205 0
1206 0
1207 0
1208 1
1209 0
1210 1
1211 1
1212 0
1213 1
1214 1
1215 0
1216 1
1217 0
1218 1
1219 1
1220 1
1221 0
1222 0
1223 0
1224 1
1225 0
1226 1
1227 0
1228 0
1229 0
1230 0
1231 0
1232 0
1233 0
1234 1
1235 0
1236 0
1237 0
1238 0
1239 0
1240 0
1241 1
1242 0
1243 0
1244 1
1245 0
1246 1
1247 0
1248 0
1249 0
1250 1
1251 0
1252 0
1253 1
1254 0
1255 0
1256 1
1257 1
1258 1
1259 1
1260 0
1261 0
1262 0
1263 1
1264 1
1265 1
1266 1
1267 0
1268 0
1269 0
1270 1
1271 1
1272 0
1273 0
1274 0
1275 0
1276 1
1277 0
1278 0
1279 1
1280 1
1281 1
1282 0
1283 1
1284 0
1285 0
1286 0
1287 1
1288 1
1289 0
1290 0
1291 1
1292 1
1293 0
1294 0
1295 1
1296 0
1297 1
1298 0
1299 1
1300 0
1301 1
1302 0
1303 1
1304 1
1305 1
1306 1
1307 0
1308 1
1309 0
1310 0
1311 0
1312 1
1313 0
1314 0
1315 0
1316 1
1317 1
1318 0
1319 0
1320 1
1321 0
1322 0
1323 1
1324 1
1325 0
1326 0
1327 0
1328 0
1329 1
1330 0
1331 0
1332 0
1333 1
1334 0
1335 0
1336 0
1337 1
1338 0
1339 0
1340 1
1341 0
1342 1
1343 0
1344 1
1345 1
1346 1
1347 0
1348 1
1349 0
1350 0
1351 0
1352 0
1353 1
1354 0
1355 0
1356 0
1357 1
1358 1
1359 1
1360 0
1361 1
1362 0
1363 1
1364 1
1365 1
1366 0
1367 1
1368 1
1369 1
1370 0
1371 1
1372 0
1373 1
1374 0
1375 1
1376 1
1377 1
1378 1
1379 0
1380 0
1381 1
1382 1
1383 0
1384 1
1385 1
1386 1
1387 1
1388 1
1389 0
1390 0
1391 1
1392 0
1393 1
1394 0
1395 1
1396 1
1397 1
1398 1
1399 0
1400 1
1401 1
1402 1
1403 0
1404 1
1405 1
1406 0
1407 0
1408 1
1409 0
1410 0
1411 1
1412 1
1413 0
1414 1
1415 0
1416 0
1417 0
1418 0
1419 1
1420 0
1421 1
1422 1
1423 0
1424 1
1425 0
1426 0
1427 0
1428 0
1429 1
1430 1
1431 0
1432 1
1433 0
1434 0
1435 1
1436 0
1437 1
1438 1
1439 1
1440 1
1441 1
1442 0
1443 1
1444 0
1445 1
1446 0
1447 1
1448 1
1449 1
1450 1
1451 1
1452 1
1453 0
1454 1
1455 0
1456 0
1457 0
1458 0
1459 0
1460 1
1461 1
1462 0
1463 1
1464 1
1465 1
1466 0
1467 0
1468 0
1469 1
1470 0
1471 0
