1 0
2 0
3 0
4 1
5 0
6 1
7 1
8 0
9 1
10 0
11 0
12 1
13 0
14 1
15 0
16 1
17 1
18 1
19 1
20 1
21 1
22 1
23 0
24 0
25 1
26 0
27 0
28 0
29 0
30 1
31 0
32 1
33 0
34 1
35 1
36 0
37 0
38 1
39 1
40 0
41 1
42 1
43 0
44 1
45 1
46 1
47 1
48 0
49 1
50 0
51 1
52 1
53 1
54 1
55 0
56 1
57 0
58 1
59 0
60 0
61 1
62 0
63 0
64 1
65 0
66 1
67 1
68 1
69 1
70 1
71 0
72 1
73 1
74 0
75 0
76 0
77 0
78 0
79 0
80 1
81 1
82 1
83 0
84 0
85 1
86 0
87 0
88 1
89 1
90 0
91 1
92 1
93 1
94 1
95 0
96 0
97 0
98 1
99 1
100 1
101 1
102 1
103 1
104 0
105 0
106 1
107 1
108 1
109 0
110 1
111 1
112 1
113 1
114 1
115 0
116 0
117 1
118 0
119 0
120 1
121 0
122 0
123 0
124 0
125 0
126 1
127 1
128 0
129 1
130 1
131 0
132 1
133 0
134 0
135 0
136 0
137 1
138 1
139 0
140 1
141 1
142 1
143 0
144 1
145 1
146 1
147 1
148 1
149 1
150 1
151 0
152 1
153 1
154 1
155 1
156 1
157 1
158 1
159 1
160 0
161 1
162 1
163 1
164 1
165 1
166 0
167 1
168 1
169 0
170 0
171 1
172 1
173 1
174 1
175 0
176 1
177 1
178 0
179 0
180 1
181 0
182 1
183 0
184 1
185 0
186 0
187 1
188 0
189 0
190 1
191 0
192 0
193 0
194 1
195 1
196 1
197 0
198 1
199 0
200 0
201 1
202 1
203 1
204 1
205 1
206 0
207 0
208 0
209 1
210 0
211 0
212 0
213 1
214 0
215 1
216 0
217 0
218 0
219 0
220 0
221 1
222 0
223 1
224 1
225 1
226 0
227 1
228 1
229 0
230 1
231 0
232 0
233 1
234 0
235 1
236 0
237 1
238 1
239 1
240 1
241 1
242 0
243 1
244 0
245 1
246 0
247 1
248 1
249 1
250 1
251 1
252 1
253 1
254 1
255 1
256 0
257 0
258 0
259 0
260 1
261 1
262 1
263 1
264 1
265 1
266 1
267 1
268 1
269 1
270 1
271 1
272 0
273 1
274 0
275 1
276 1
277 0
278 1
279 1
280 0
281 0
282 0
283 1
284 1
285 0
286 0
287 1
288 1
289 0
290 0
291 1
292 0
293 0
294 1
295 0
296 1
297 0
298 0
299 1
300 0
301 1
302 1
303 1
304 1
305 1
306 0
307 0
308 0
309 1
310 0
311 0
312 1
313 1
314 0
315 0
316 1
317 0
318 0
319 1
320 1
321 0
322 1
323 0
324 1
325 0
326 0
327 0
328 1
329 0
330 0
331 1
332 1
333 1
334 0
335 1
336 1
337 0
338 1
339 1
340 1
341 1
342 1
343 1
344 1
345 0
346 1
347 1
348 0
349 1
350 0
351 1
352 1
353 1
354 0
355 1
356 0
357 0
358 0
359 1
360 1
361 1
362 0
363 1
364 1
365 0
366 1
367 0
368 1
369 1
370 1
371 1
372 1
373 1
374 1
375 1
376 1
377 1
378 1
379 0
380 1
381 1
382 1
383 1
384 0
385 1
386 1
387 1
388 0
389 1
390 1
391 0
392 1
393 1
394 0
395 1
396 0
397 0
398 0
399 0
400 0
401 0
402 0
403 0
404 1
405 0
406 1
407 1
408 1
409 1
410 1
411 0
412 1
413 0
414 0
415 0
416 0
417 0
418 0
419 0
420 1
421 1
422 1
423 0
424 0
425 1
426 1
427 1
428 0
429 0
430 0
431 0
432 0
433 1
434 0
435 1
436 1
437 0
438 0
439 1
440 1
441 1
442 1
443 0
444 1
445 1
446 1
447 1
448 0
449 1
450 0
451 1
452 1
453 0
454 1
455 0
456 0
457 1
458 0
459 1
460 1
461 0
462 1
463 0
464 0
465 1
466 1
467 1
468 0
469 0
470 1
471 0
472 0
473 1
474 1
475 1
476 0
477 1
478 1
479 0
480 0
481 1
482 1
483 1
484 1
485 1
486 0
487 1
488 1
489 0
490 0
491 1
492 0
493 0
494 1
495 1
496 1
497 0
498 0
499 1
500 0
501 1
502 0
503 0
504 0
505 0
506 1
507 1
508 1
509 0
510 0
511 0
512 1
513 0
514 0
515 1
516 0
517 1
518 0
519 1
520 0
521 1
522 0
523 0
524 1
525 1
526 1
527 1
528 0
529 1
530 1
531 0
532 1
533 1
534 0
535 1
536 0
537 1
538 0
539 1
540 0
541 1
542 1
543 0
544 1
545 1
546 0
547 1
548 0
549 0
550 0
551 0
552 0
553 0
554 0
555 1
556 0
557 0
558 1
559 1
560 0
561 0
562 0
563 0
564 0
565 0
566 0
567 0
568 0
569 0
570 0
571 0
572 1
573 1
574 1
575 0
576 0
577 0
578 1
579 1
580 1
581 0
582 1
583 1
584 0
585 0
586 0
587 0
588 1
589 0
590 0
591 0
592 0
593 0
594 0
595 0
596 0
597 0
598 1
599 1
600 0
601 0
602 1
603 1
604 1
605 1
606 1
607 1
608 0
609 1
610 1
611 1
612 1
613 0
614 0
615 1
616 0
617 1
618 1
619 0
620 1
621 1
622 1
623 0
624 1
625 1
626 1
627 1
628 0
629 0
630 0
631 1
632 1
633 0
634 0
635 0
636 1
637 1
638 1
639 1
640 0
641 0
642 0
643 1
644 1
645 0
646 1
647 1
648 0
649 0
650 1
651 1
652 1
653 1
654 0
655 1
656 0
657 1
658 0
659 1
660 1
661 0
662 1
663 1
664 1
665 1
666 1
667 0
668 0
669 1
670 1
671 0
672 0
673 1
674 1
675 1
676 0
677 1
678 1
679 1
680 0
681 0
682 1
683 1
684 0
685 0
686 0
687 0
688 0
689 0
690 1
691 1
692 0
693 1
694 1
695 0
696 0
697 0
698 0
699 1
700 1
701 0
702 1
703 1
704 1
705 1
706 0
707 1
708 1
709 1
710 1
711 0
712 1
713 1
714 0
715 1
716 0
717 0
718 1
719 0
720 0
721 1
722 0
723 0
724 0
725 0
726 0
727 1
728 1
729 1
730 1
731 0
732 0
733 0
734 1
735 1
736 1
737 1
738 0
739 0
740 0
741 0
742 1
743 0
744 1
745 0
746 1
747 0
748 1
749 0
750 1
751 0
752 1
753 1
754 0
755 1
756 1
757 0
758 0
759 1
760 1
761 1
762 0
763 0
764 1
765 0
766 1
767 1
768 0
769 1
770 0
771 1
772 1
773 0
774 0
775 0
776 0
777 0
778 1
779 1
780 0
781 1
782 1
783 0
784 0
785 0
786 0
787 1
788 0
789 1
790 1
791 0
792 1
793 1
794 1
795 0
796 0
797 1
798 1
799 0
800 0
801 1
802 0
803 1
804 0
805 1
806 1
807 1
808 1
809 0
810 1
811 1
812 1
813 0
814 0
815 0
816 0
817 1
818 1
819 1
820 1
821 1
822 0
823 1
824 1
825 1
826 0
827 1
828 0
829 1
830 0
831 0
832 1
833 1
834 1
835 1
836 1
837 0
838 1
839 1
840 0
841 1
842 1
843 1
844 1
845 1
846 0
847 1
848 1
849 1
850 1
851 0
852 0
853 0
854 1
855 0
856 0
857 0
858 1
859 1
860 1
861 1
862 1
863 1
864 0
865 1
866 1
867 0
868 0
869 0
870 1
871 1
872 1
873 0
874 1
875 0
876 1
877 1
878 1
879 1
880 1
881 0
882 1
883 1
884 0
885 1
886 1
887 1
888 1
889 0
890 0
891 1
892 0
893 1
894 0
895 1
896 0
897 1
898 1
899 0
900 1
901 0
902 0
903 1
904 0
905 1
906 0
907 1
908 1
909 1
910 0
911 1
912 0
913 1
914 1
915 1
916 1
917 0
918 1
919 1
920 1
921 1
922 1
923 1
924 0
925 1
926 1
927 1
928 1
929 1
930 1
931 1
932 0
933 0
934 1
935 1
936 1
937 1
938 1
939 1
940 1
941 0
942 0
943 0
944 1
945 1
946 0
947 1
948 0
949 1
950 1
951 1
952 0
953 1
954 1
955 0
956 0
957 1
958 1
959 1
960 0
961 1
962 0
963 0
964 0
965 1
966 1
967 1
968 1
969 1
970 1
971 1
972 0
973 1
974 1
975 0
976 1
977 0
978 1
979 0
980 1
981 0
982 1
983 1
984 1
985 1
986 0
987 1
988 0
989 1
990 1
991 0
992 0
993 0
994 0
995 0
996 1
997 0
998 1
999 0
1000 0
1001 1
1002 0
1003 0
1004 0
1005 1
1006 0
1007 1
1008 0
1009 0
1010 1
1011 0
1012 1
1013 1
1014 0
1015 1
1016 0
1017 1
1018 1
1019 1
1020 1
1021 1
1022 1
1023 0
1024 0
1025 0
1026 0
1027 1
1028 1
1029 0
1030 1
1031 1
1032 0
1033 0
1034 1
1035 0
1036 1
1037 1
1038 0
1039 0
1040 1
1041 1
1042 1
1043 0
1044 1
1045 1
1046 1
1047 1
1048 0
1049 0
1050 1
1051 1
1052 0
1053 1
1054 0
1055 1
1056 0
1057 0
1058 1
1059 1
1060 1
1061 1
1062 1
1063 0
1064 1
1065 1
1066 0
1067 0
1068 1
1069 0
1070 1
1071 1
1072 1
1073 0
1074 1
1075 1
1076 0
1077 1
1078 1
1079 1
1080 1
1081 1
1082 1
1083 1
1084 1
1085 0
1086 1
1087 1
1088 0
1089 0
1090 0
1091 1
1092 1
1093 0
1094 1
1095 1
1096 0
1097 1
1098 0
1099 0
1100 1
1101 1
1102 0
1103 1
1104 0
1105 0
1106 0
1107 1
1108 1
1109 1
1110 0
1111 1
1112 1
1113 0
1114 0
1115 1
1116 1
1117 1
1118 1
1119 1
1120 0
1121 1
1122 1
1123 0
1124 1
1125 1
1126 1
1127 1
1128 0
1129 0
1130 1
1131 0
1132 1
1133 0
1134 0
1135 1
1136 1
1137 1
1138 1
1139 1
1140 0
1141 1
1142 1
1143 1
1144 1
1145 1
1146 0
1147 0
1148 0
1149 0
1150 0
1151 0
1152 1
1153 1
1154 1
1155 1
1156 0
1157 0
1158 1
1159 0
1160 1
1161 0
1162 0
1163 1
1164 1
1165 1
1166 0
1167 1
1168 1
1169 1
1170 0
1171 1
1172 1
1173 1
1174 0
1175 1
1176 0
1177 1
1178 0
1179 1
1180 0
1181 0
1182 0
1183 0
1184 1
1185 0
1186 1
1187 1
1188 0
1189 1
1190 0
1191 1
1192 1
1193 1
1194 1
1195 1
1196 1
1197 0
1198 1
1199 0
1200 0
1201 0
1202 1
1203 1
1204 1
1205 1
1206 0
1207 1
1208 1
1209 1
1210 0
1211 0
1212 0
1213 0
1214 1
1215 1
1216 1
1217 0
1218 0
1219 0
1220 1
1221 1
1222 1
1223 1
1224 1
1225 1
1226 1
1227 0
1228 1
1229 1
1230 1
1231 0
1232 0
1233 0
1234 0
1235 0
1236 0
1237 0
1238 1
1239 1
1240 1
1241 0
1242 1
1243 1
1244 1
1245 1
1246 1
1247 0
1248 0
1249 0
1250 0
1251 1
1252 1
1253 1
1254 0
1255 0
1256 0
1257 0
1258 0
1259 0
1260 0
1261 1
1262 1
1263 0
1264 1
1265 1
1266 1
1267 0
1268 0
1269 0
1270 0
1271 1
1272 0
1273 0
1274 0
1275 1
1276 1
1277 0
1278 0
1279 0
1280 1
1281 0
1282 1
1283 0
1284 1
1285 1
1286 1
1287 1
1288 1
1289 1
1290 1
1291 1
1292 0
1293 1
1294 1
1295 1
1296 0
1297 1
1298 0
1299 0
1300 1
1301 0
1302 1
1303 0
1304 1
1305 1
1306 0
1307 1
1308 1
1309 1
1310 1
1311 0
1312 1
1313 0
1314 0
1315 0
1316 0
1317 1
1318 1
1319 1
1320 0
1321 0
1322 0
1323 0
1324 1
1325 0
1326 0
1327 0
1328 1
1329 1
1330 1
1331 1
1332 1
1333 1
1334 0
1335 1
1336 0
1337 0
1338 0
1339 0
1340 0
1341 0
1342 1
1343 1
1344 1
1345 1
1346 0
1347 1
1348 1
1349 1
1350 1
1351 1
1352 0
1353 1
1354 0
1355 1
1356 1
1357 0
1358 1
1359 1
1360 0
1361 0
1362 0
1363 1
1364 0
1365 1
1366 0
1367 0
1368 1
1369 0
1370 0
1371 0
1372 1
1373 1
1374 1
1375 1
1376 0
1377 0
1378 0
1379 1
1380 0
1381 1
1382 1
1383 1
1384 1
1385 1
1386 1
1387 1
1388 0
1389 0
1390 1
1391 1
1392 1
1393 0
1394 1
1395 1
1396 0
1397 0
1398 1
1399 1
1400 0
1401 0
1402 0
1403 1
1404 1
1405 0
1406 1
1407 1
1408 1
1409 0
1410 1
1411 1
1412 0
1413 1
1414 0
1415 0
1416 0
1417 1
1418 0
1419 0
1420 1
1421 1
1422 0
1423 0
1424 1
1425 1
1426 0
1427 0
1428 1
1429 1
1430 1
1431 1
1432 0
1433 0
1434 0
1435 0
1436 1
1437 1
1438 0
1439 1
1440 0
1441 0
1442 0
1443 1
1444 0
1445 1
1446 0
1447 1
1448 0
1449 1
1450 0
1451 0
1452 1
1453 0
1454 1
1455 0
1456 1
1457 1
1458 1
1459 0
1460 0
1461 0
1462 1
1463 0
1464 1
1465 1
1466 0
1467 1
1468 1
1469 0
1470 0
1471 0
