1 0
2 0
3 0
4 0
5 1
6 0
7 1
8 1
9 0
10 0
11 0
12 0
13 0
14 1
15 0
16 0
17 0
18 1
19 1
20 0
21 1
22 1
23 1
24 1
25 0
26 0
27 0
28 0
29 0
30 1
31 0
32 1
33 0
34 0
35 1
36 1
37 0
38 1
39 0
40 1
41 0
42 0
43 0
44 1
45 0
46 0
47 0
48 1
49 0
50 1
51 0
52 1
53 0
54 1
55 1
56 1
57 1
58 1
59 0
60 1
61 1
62 0
63 1
64 1
65 0
66 0
67 0
68 1
69 0
70 0
71 1
72 0
73 0
74 1
75 0
76 0
77 0
78 0
79 1
80 0
81 0
82 0
83 0
84 0
85 1
86 0
87 0
88 0
89 1
90 1
91 0
92 1
93 0
94 1
95 1
96 1
97 0
98 0
99 0
100 1
101 1
102 0
103 1
104 1
105 0
106 0
107 1
108 1
109 0
110 1
111 0
112 0
113 1
114 1
115 0
116 1
117 0
118 1
119 1
120 1
121 1
122 0
123 1
124 1
125 1
126 0
127 1
128 0
129 0
130 0
131 0
132 1
133 1
134 1
135 0
136 0
137 1
138 0
139 0
140 0
141 0
142 0
143 1
144 0
145 0
146 1
147 1
148 1
149 1
150 0
151 0
152 0
153 0
154 1
155 0
156 1
157 1
158 0
159 0
160 1
161 0
162 0
163 0
164 0
165 1
166 0
167 0
168 0
169 0
170 0
171 0
172 1
173 0
174 0
175 1
176 1
177 0
178 0
179 0
180 1
181 1
182 0
183 0
184 0
185 0
186 1
187 0
188 1
189 1
190 0
191 0
192 0
193 0
194 1
195 0
196 0
197 1
198 0
199 1
200 0
201 1
202 1
203 0
204 1
205 0
206 1
207 1
208 1
209 0
210 1
211 1
212 0
213 0
214 1
215 0
216 0
217 1
218 1
219 0
220 0
221 0
222 0
223 0
224 1
225 1
226 1
227 1
228 0
229 1
230 1
231 1
232 0
233 0
234 1
235 0
236 0
237 0
238 0
239 1
240 1
241 0
242 1
243 1
244 1
245 1
246 1
247 0
248 0
249 1
250 1
251 1
252 1
253 0
254 1
255 0
256 0
257 0
258 1
259 0
260 0
261 0
262 0
263 1
264 0
265 1
266 1
267 1
268 1
269 0
270 0
271 0
272 1
273 1
274 1
275 0
276 1
277 0
278 0
279 1
280 0
281 0
282 1
283 0
284 1
285 1
286 1
287 1
288 0
289 1
290 1
291 1
292 0
293 1
294 0
295 0
296 0
297 1
298 0
299 1
300 1
301 1
302 1
303 1
304 0
305 1
306 1
307 1
308 0
309 0
310 1
311 0
312 0
313 1
314 0
315 0
316 0
317 1
318 1
319 1
320 1
321 0
322 1
323 0
324 1
325 1
326 1
327 0
328 1
329 1
330 0
331 0
332 1
333 1
334 0
335 0
336 1
337 1
338 0
339 0
340 1
341 0
342 1
343 1
344 1
345 1
346 1
347 1
348 1
349 1
350 0
351 1
352 0
353 1
354 1
355 1
356 1
357 0
358 1
359 0
360 0
361 0
362 0
363 1
364 1
365 0
366 1
367 1
368 1
369 0
370 1
371 0
372 1
373 0
374 1
375 0
376 0
377 1
378 0
379 1
380 0
381 1
382 0
383 1
384 1
385 0
386 1
387 1
388 1
389 0
390 1
391 1
392 0
393 0
394 1
395 1
396 0
397 0
398 0
399 1
400 1
401 0
402 1
403 1
404 1
405 1
406 1
407 1
408 1
409 1
410 0
411 0
412 1
413 1
414 0
415 0
416 0
417 1
418 1
419 1
420 0
421 1
422 1
423 0
424 0
425 1
426 0
427 1
428 1
429 1
430 1
431 1
432 1
433 1
434 1
435 1
436 0
437 1
438 0
439 1
440 0
441 1
442 1
443 0
444 1
445 1
446 1
447 0
448 1
449 0
450 1
451 0
452 1
453 1
454 0
455 0
456 1
457 1
458 0
459 1
460 1
461 0
462 0
463 0
464 0
465 0
466 1
467 1
468 0
469 1
470 1
471 1
472 0
473 0
474 0
475 0
476 1
477 1
478 1
479 1
480 1
481 0
482 1
483 1
484 1
485 1
486 0
487 1
488 0
489 0
490 0
491 0
492 1
493 1
494 0
495 0
496 1
497 1
498 0
499 0
500 0
501 1
502 0
503 1
504 1
505 0
506 1
507 0
508 0
509 1
510 0
511 0
512 0
513 0
514 0
515 0
516 0
517 0
518 1
519 1
520 0
521 0
522 0
523 1
524 0
525 1
526 1
527 0
528 0
529 1
530 1
531 1
532 1
533 0
534 1
535 1
536 1
537 0
538 1
539 0
540 0
541 0
542 1
543 1
544 1
545 0
546 0
547 1
548 0
549 0
550 1
551 0
552 0
553 0
554 0
555 0
556 1
557 1
558 0
559 1
560 0
561 1
562 0
563 0
564 0
565 0
566 1
567 1
568 1
569 0
570 0
571 1
572 0
573 1
574 1
575 1
576 1
577 1
578 0
579 1
580 0
581 1
582 1
583 0
584 1
585 1
586 1
587 1
588 0
589 1
590 1
591 0
592 0
593 0
594 1
595 1
596 1
597 1
598 1
599 1
600 1
601 1
602 0
603 0
604 0
605 0
606 1
607 0
608 0
609 1
610 1
611 0
612 1
613 1
614 1
615 0
616 0
617 1
618 1
619 0
620 0
621 1
622 1
623 1
624 1
625 0
626 0
627 1
628 0
629 0
630 1
631 0
632 1
633 0
634 0
635 0
636 1
637 1
638 1
639 1
640 0
641 1
642 1
643 0
644 0
645 1
646 0
647 1
648 0
649 1
650 1
651 1
652 1
653 1
654 1
655 0
656 1
657 1
658 0
659 0
660 0
661 0
662 1
663 1
664 0
665 1
666 0
667 0
668 1
669 0
670 0
671 0
672 1
673 1
674 1
675 0
676 0
677 0
678 1
679 0
680 1
681 0
682 0
683 0
684 1
685 0
686 1
687 1
688 0
689 1
690 0
691 0
692 0
693 0
694 0
695 0
696 1
697 0
698 1
699 1
700 1
701 0
702 0
703 1
704 0
705 1
706 0
707 0
708 1
709 0
710 1
711 1
712 0
713 0
714 1
715 0
716 1
717 1
718 1
719 1
720 1
721 0
722 0
723 0
724 0
725 1
726 1
727 1
728 1
729 1
730 0
731 1
732 0
733 1
734 1
735 1
736 1
737 0
738 0
739 1
740 0
741 0
742 0
743 0
744 0
745 1
746 0
747 0
748 0
749 0
750 1
751 1
752 1
753 0
754 1
755 1
756 0
757 1
758 1
759 0
760 1
761 0
762 1
763 0
764 0
765 1
766 1
767 0
768 1
769 0
770 1
771 1
772 1
773 1
774 1
775 0
776 0
777 1
778 0
779 1
780 1
781 1
782 0
783 1
784 1
785 0
786 0
787 1
788 1
789 1
790 0
791 0
792 1
793 1
794 0
795 0
796 0
797 0
798 1
799 0
800 0
801 0
802 0
803 1
804 0
805 0
806 0
807 0
808 1
809 1
810 0
811 1
812 0
813 1
814 0
815 1
816 0
817 1
818 0
819 0
820 1
821 1
822 0
823 1
824 1
825 1
826 1
827 1
828 0
829 0
830 1
831 1
832 0
833 1
834 1
835 0
836 0
837 1
838 1
839 1
840 0
841 0
842 0
843 1
844 1
845 0
846 1
847 0
848 0
849 1
850 0
851 0
852 0
853 0
854 0
855 1
856 1
857 0
858 1
859 0
860 0
861 0
862 1
863 0
864 1
865 0
866 0
867 0
868 0
869 1
870 1
871 0
872 1
873 0
874 0
875 0
876 1
877 0
878 0
879 0
880 0
881 0
882 0
883 1
884 0
885 0
886 1
887 0
888 0
889 0
890 1
891 1
892 1
893 0
894 1
895 1
896 0
897 0
898 0
899 1
900 1
901 0
902 1
903 0
904 0
905 1
906 1
907 1
908 1
909 1
910 0
911 1
912 1
913 0
914 0
915 0
916 1
917 0
918 1
919 0
920 1
921 1
922 1
923 1
924 0
925 0
926 1
927 1
928 1
929 0
930 0
931 1
932 0
933 1
934 0
935 0
936 0
937 1
938 0
939 1
940 1
941 0
942 0
943 1
944 0
945 1
946 0
947 0
948 1
949 0
950 1
951 1
952 0
953 0
954 1
955 0
956 0
957 0
958 0
959 0
960 0
961 0
962 1
963 1
964 0
965 0
966 0
967 0
968 1
969 0
970 0
971 0
972 0
973 0
974 1
975 0
976 0
977 0
978 1
979 1
980 1
981 0
982 1
983 0
984 1
985 1
986 1
987 0
988 1
989 1
990 0
991 0
992 0
993 1
994 1
995 1
996 1
997 1
998 0
999 0
1000 0
1001 1
1002 1
1003 0
1004 0
1005 1
1006 1
1007 1
1008 0
1009 1
1010 1
1011 0
1012 1
1013 0
1014 1
1015 1
1016 1
1017 0
1018 1
1019 1
1020 1
1021 1
1022 0
1023 1
1024 0
1025 0
1026 1
1027 0
1028 1
1029 1
1030 1
1031 1
1032 0
1033 0
1034 0
1035 1
1036 1
1037 1
1038 0
1039 1
1040 0
1041 1
1042 0
1043 0
1044 1
1045 1
1046 1
1047 0
1048 1
1049 0
1050 1
1051 0
1052 0
1053 1
1054 1
1055 0
1056 1
1057 1
1058 0
1059 1
1060 0
1061 0
1062 0
1063 0
1064 1
1065 1
1066 1
1067 1
1068 1
1069 1
1070 0
1071 1
1072 0
1073 0
1074 1
1075 0
1076 1
1077 0
1078 0
1079 0
1080 1
1081 1
1082 0
1083 0
1084 1
1085 0
1086 1
1087 1
1088 0
1089 1
1090 0
1091 0
1092 1
1093 0
1094 0
1095 1
1096 0
1097 0
1098 1
1099 0
1100 1
1101 1
1102 1
1103 0
1104 0
1105 0
1106 1
1107 1
1108 0
1109 0
1110 1
1111 0
1112 0
1113 0
1114 1
1115 0
1116 1
1117 0
1118 1
1119 1
1120 0
1121 0
1122 1
1123 0
1124 0
1125 1
1126 1
1127 0
1128 1
1129 0
1130 1
1131 0
1132 1
1133 1
1134 1
1135 1
1136 1
1137 1
1138 1
1139 1
1140 0
1141 0
1142 0
1143 1
1144 1
1145 1
1146 0
1147 1
1148 0
1149 0
1150 0
1151 1
1152 0
1153 0
1154 1
1155 1
1156 1
1157 1
1158 1
1159 0
1160 0
1161 1
1162 1
1163 1
1164 1
1165 0
1166 0
1167 0
1168 1
1169 0
1170 1
1171 0
1172 0
1173 1
1174 0
1175 0
1176 1
1177 0
1178 0
1179 1
1180 1
1181 1
1182 1
1183 1
1184 0
1185 0
1186 0
1187 0
1188 1
1189 0
1190 1
1191 1
1192 0
1193 0
1194 0
1195 0
1196 0
1197 0
1198 0
1199 0
1200 1
1201 0
1202 0
1203 1
1204 1
1205 1
1206 0
1207 1
1208 0
1209 1
1210 1
1211 0
1212 0
1213 0
1214 0
1215 0
1216 1
1217 0
1218 0
1219 0
1220 0
1221 0
1222 0
1223 0
1224 0
1225 0
1226 0
1227 1
1228 1
1229 0
1230 0
1231 1
1232 0
1233 0
1234 0
1235 1
1236 0
1237 0
1238 1
1239 0
1240 0
1241 1
1242 1
1243 1
1244 0
1245 0
1246 1
1247 1
1248 0
1249 1
1250 0
1251 0
1252 1
1253 0
1254 1
1255 1
1256 1
1257 1
1258 0
1259 0
1260 1
1261 0
1262 1
1263 0
1264 1
1265 1
1266 1
1267 1
1268 0
1269 0
1270 0
1271 0
1272 0
1273 1
1274 1
1275 0
1276 0
1277 0
1278 0
1279 1
1280 1
1281 1
1282 0
1283 1
1284 0
1285 0
1286 1
1287 1
1288 0
1289 1
1290 0
1291 0
1292 1
1293 1
1294 1
1295 1
1296 0
1297 1
1298 1
1299 1
1300 0
1301 1
1302 1
1303 0
1304 0
1305 1
1306 0
1307 0
1308 1
1309 0
1310 0
1311 0
1312 0
1313 0
1314 0
1315 0
1316 0
1317 1
1318 1
1319 1
1320 1
1321 1
1322 0
1323 0
1324 1
1325 1
1326 0
1327 1
1328 1
1329 1
1330 0
1331 0
1332 0
1333 1
1334 0
1335 0
1336 0
1337 0
1338 1
1339 0
1340 0
1341 1
1342 1
1343 0
1344 0
1345 1
1346 1
1347 0
1348 0
1349 1
1350 0
1351 0
1352 1
1353 1
1354 0
1355 1
1356 1
1357 1
1358 0
1359 1
1360 0
1361 0
1362 0
1363 0
1364 1
1365 1
1366 0
1367 0
1368 0
1369 1
1370 0
1371 0
1372 0
1373 1
1374 0
1375 1
1376 0
1377 0
1378 0
1379 1
1380 1
1381 0
1382 1
1383 1
1384 0
1385 0
1386 1
1387 0
1388 0
1389 0
1390 1
1391 0
1392 0
1393 0
1394 0
1395 0
1396 0
1397 1
1398 0
1399 1
1400 0
1401 1
1402 1
1403 0
1404 1
1405 0
1406 0
1407 1
1408 1
1409 0
1410 1
1411 1
1412 1
1413 0
1414 1
1415 1
1416 0
1417 1
1418 0
1419 1
1420 0
1421 0
1422 1
1423 1
1424 0
1425 1
1426 0
1427 1
1428 0
1429 0
1430 0
1431 0
1432 1
1433 0
1434 1
1435 0
1436 0
1437 0
1438 1
1439 1
1440 1
1441 0
1442 1
1443 1
1444 0
1445 1
1446 0
1447 1
1448 0
1449 1
1450 0
1451 1
1452 0
1453 0
1454 0
1455 0
1456 0
1457 1
1458 0
1459 1
1460 0
1461 0
1462 1
1463 1
1464 1
1465 1
1466 0
1467 1
1468 1
1469 0
1470 1
1471 0
