1130
1143
222
2591
1832
2423
147
1216
2416
1000
1217
732
1946
1616
2415
2844
2315
1620
2000
1665
2302
1883
925
2805
2889
687
1938
1569
1480
35
2536
1362
970
1154
86
1220
1313
443
1298
1844
580
1607
1207
2821
63
2122
31
2938
1395
543
2359
2710
1058
1459
562
1751
1200
2062
183
2833
2607
2025
1275
828
216
1415
1083
2754
2705
722
2019
1385
2289
2765
2473
124
912
2563
1080
1144
2420
753
2309
1447
1925
2094
2803
1276
2225
1888
1090
207
1717
2151
354
1103
1967
135
2606
743
1394
1965
860
2929
339
2550
134
1381
921
1066
2464
504
603
2146
2899
1492
2264
231
252
2731
1211
1988
2166
749
2470
26
951
870
150
2715
1628
2029
681
1398
369
1222
1735
850
2884
427
1800
1328
395
2382
201
2574
1727
2339
1260
1990
189
1840
1959
2254
2020
1017
1955
2726
2539
257
1818
720
1038
1672
866
2598
686
1813
840
1715
1648
2885
2557
1587
717
98
2863
2619
182
1562
456
2457
609
1623
2375
238
995
378
2686
401
2589
2463
2497
2466
1359
79
2194
507
482
1110
1357
1589
2283
1016
419
2219
277
2168
1905
2909
2361
2357
46
2140
24
2777
15
1185
2446
116
194
1198
651
593
71
1745
2296
2010
2691
670
2163
2307
2044
1792
2616
2778
283
545
633
2241
1977
1947
1491
1529
1702
2702
2747
1541
412
2469
2517
281
1759
113
2879
2373
88
1588
487
1214
1329
2111
984
665
913
773
159
2234
1920
955
843
476
2178
2390
300
2012
2332
566
2091
701
230
1117
2114
714
1316
1657
2236
952
1493
464
2673
1638
2558
2762
1075
565
2635
1284
2666
2753
2637
225
1224
1471
2220
206
2802
1703
1079
2147
1805
1902
2932
2128
39
779
1854
128
2704
627
2530
1496
2498
2300
2531
312
404
1134
1342
1034
642
486
2210
2825
1561
1557
2393
83
1724
631
361
683
1904
2406
2645
2330
429
2672
2386
1145
2421
53
1506
2580
2930
1411
2750
2383
1880
357
1520
2294
57
477
2809
636
1139
1107
1266
2103
1733
1429
769
72
1178
242
1645
1346
169
1708
698
885
478
2588
2554
796
1508
601
2523
229
1807
282
1201
1907
1577
1599
22
417
983
535
898
2582
2325
1747
2030
2724
2353
517
2059
91
2906
919
1566
2295
2804
1387
1442
2786
2074
423
48
808
929
2120
298
2195
2784
264
1500
2319
1825
2247
2797
1062
1989
1279
483
439
2723
425
430
2233
539
1322
2847
747
1430
2081
2270
590
1845
570
552
647
437
1067
2871
1032
704
2167
2569
1283
388
163
2160
152
1338
360
14
2792
106
2358
2285
1826
2402
2495
390
1513
485
90
1917
270
602
1957
204
2255
1100
1634
1453
2521
2467
336
594
311
327
600
1545
988
2250
1663
1049
165
1092
586
2490
1673
1540
1572
2694
510
1296
577
2145
130
2780
1153
2570
1748
700
1763
818
2011
736
801
1393
2867
2282
569
1730
6
1678
2013
695
1238
1771
2850
2856
906
2640
384
1788
397
1307
1694
1932
820
2509
2099
932
1923
1537
2286
2776
73
1501
2374
1554
1258
2508
2371
1782
987
2657
1301
1633
1677
1009
146
2256
1166
1148
70
2096
2263
271
393
2035
1360
328
200
466
1142
2785
1188
1604
394
1951
2098
1876
2159
2430
498
2764
156
2852
208
2849
1997
1711
2677
2671
2405
2526
27
667
2870
2663
2916
688
1693
1334
2596
1204
1908
2045
220
356
2904
646
217
1094
102
1112
2143
2624
645
956
797
1525
380
1635
1361
2572
2639
279
1048
2438
1873
1862
16
946
816
2417
496
2687
461
381
2154
2468
1242
391
1150
1612
2592
1162
2552
263
1536
2115
239
969
1686
2161
1339
911
2106
709
2004
2631
178
1348
825
1243
1464
2759
1345
2534
514
2877
1135
967
1341
758
1466
1906
1196
1325
1976
2334
441
332
2171
979
2389
1056
2127
1140
396
2303
2071
1534
1158
1528
2840
2237
2783
2689
879
1859
883
1723
958
2027
2275
458
2646
1789
901
2641
2708
2661
2431
2935
2882
190
136
2224
2142
1524
2360
383
1764
1380
2622
558
131
1003
2213
511
122
2050
1434
1780
1069
465
2291
2138
1798
1388
34
1926
180
350
664
424
1131
1918
2924
2915
2123
1897
725
1125
1668
1116
1573
992
1850
1305
550
457
1546
529
2855
2087
2240
581
1924
1229
1011
2812
653
837
2693
2350
58
2053
1498
931
591
1593
2292
610
499
1613
1310
2042
2228
1151
232
2893
299
1647
1021
574
233
675
2807
2604
619
802
1621
2306
1119
680
2450
1831
534
340
2681
1122
2841
13
414
626
2493
1605
2100
1755
418
2790
923
2621
2328
1922
737
629
2740
2934
2441
682
548
2535
2835
2626
1039
2232
588
1776
762
685
2545
1903
1821
2627
1949
2845
1928
1384
2890
2442
638
2169
2709
663
2632
138
1321
1193
289
255
2678
2066
2520
2049
2274
215
676
2244
2077
2346
1544
2487
488
246
428
2781
249
1059
845
658
227
2633
1539
1614
1366
2808
1695
713
1618
1881
1766
101
1753
2522
1692
2806
853
2191
1137
1318
402
1535
2034
1609
874
1404
2562
2738
2853
1875
2559
1810
1837
1097
398
1458
1189
2206
2501
1379
1811
768
643
795
1916
756
44
1793
2543
723
2262
314
2775
1740
641
1625
1812
1929
1744
1567
74
993
2941
2684
1396
2683
2869
718
25
1262
2084
1320
1779
671
1827
622
2814
1297
889
149
997
2134
572
809
1104
2734
1179
2214
690
2611
1970
538
1682
2584
1052
2655
1445
1808
2175
915
1352
247
916
374
1406
505
8
2587
2032
954
1631
1232
924
1456
2472
1024
67
1448
2744
1460
652
1426
1343
2527
1389
1495
1637
2259
1121
738
108
2599
2857
506
1564
2440
228
835
606
1027
2933
2068
451
1486
595
2458
1008
1424
2685
1013
1187
445
1132
2872
171
1403
1869
1308
387
1304
1330
1670
1420
555
2
2436
479
711
750
2718
528
1758
1253
677
1161
1532
2660
2418
567
692
1051
1115
1477
2064
2629
716
195
960
174
296
2156
2516
1212
2913
640
1583
2801
2618
616
2720
707
1579
1514
1026
1332
1227
2226
655
2815
1698
1999
80
10
882
2363
1337
2005
366
2898
1656
2566
727
107
1043
851
1806
268
2424
2729
1047
1128
1186
221
778
1960
968
1770
536
585
1998
2189
2590
142
524
2630
763
1071
1240
2403
1312
2868
491
2603
1494
1251
2110
179
1030
1199
829
2277
1438
839
2205
1674
827
1257
2832
1190
1402
1036
502
103
2568
989
1732
1699
2400
2811
1315
986
1956
1007
1061
2690
2101
1481
1440
2609
1254
352
2647
2200
1469
45
2496
2017
1848
1675
1111
1235
1552
1475
1778
49
1725
2519
2377
1417
123
2008
525
1504
1392
104
945
942
454
2104
897
1349
324
673
2280
1436
2615
1247
2333
2058
2266
1662
266
2349
161
857
943
316
120
1018
2324
1175
1478
1684
2118
1213
1650
1218
1081
2502
819
1750
2481
2819
2601
261
1256
1655
568
1076
2625
1487
385
1055
2007
815
1986
2460
563
2089
639
1012
2824
2711
1834
2362
547
2822
977
331
1294
1377
2544
1720
2696
1355
1451
693
1683
1173
160
726
1376
1581
1935
1576
29
910
2218
2719
2743
2771
847
865
495
1102
1527
869
1749
2717
472
368
32
1368
78
2327
371
38
2474
1781
315
854
2908
1099
342
409
1980
453
2279
1164
2411
741
1422
2041
1488
1963
1754
689
2174
2304
426
1891
1441
2698
2434
1729
976
2834
1842
605
2597
59
1855
739
2653
2369
856
1353
799
1585
623
1828
199
2623
1786
2593
285
349
607
1799
994
578
1777
1096
467
117
1425
1731
2040
2410
990
871
2876
1940
341
1390
2735
2636
1105
1669
2028
909
2936
1391
1802
2512
2874
1538
2198
1412
612
2741
1127
47
804
2348
248
2162
2774
1303
2714
1408
2486
920
69
878
1651
2820
881
234
250
2381
2397
933
1124
1851
2900
608
1565
1101
1823
82
2730
2298
2365
286
118
66
2355
1596
1194
2384
1930
280
1765
1370
1895
2658
1687
2394
2376
771
2537
873
975
2238
2675
1497
1700
1830
2321
806
965
484
757
863
1795
705
2033
2082
2310
2186
2181
452
1714
1571
218
2547
2320
2199
1443
2532
2281
413
501
2155
407
2290
2864
19
2152
11
1070
1367
2921
187
648
2471
258
2758
1680
2197
1046
2448
2180
265
2242
61
2880
2793
836
1409
1689
900
731
459
1945
2065
2184
335
1065
2669
51
905
1511
2518
1317
776
2060
99
868
2015
2489
2052
1987
1773
1636
2700
2067
1248
1019
1591
338
557
109
2085
2829
2567
105
370
2600
2117
75
1278
742
1853
1738
1982
1787
1382
164
782
1796
1078
1601
1375
1300
2494
589
1898
2529
1356
930
1968
1879
551
4
1335
678
922
614
2341
1660
440
2798
876
1586
2216
154
310
1996
181
1152
1756
1168
2251
659
2813
1952
2287
1378
1594
1861
1452
1363
1874
1710
2828
2125
764
991
2192
1866
1432
1863
2453
170
1584
798
3
2680
1815
2578
2003
2654
1839
2826
2429
715
2078
1993
1249
893
1728
2443
2931
353
1841
807
1455
95
2351
2231
5
1264
1169
2335
1523
2055
2575
1246
1182
167
1912
2800
2851
1221
1259
2546
971
661
2901
1281
2642
1794
1531
2009
2022
1870
243
832
333
326
344
2823
2408
1838
444
20
1688
2733
803
364
471
1449
2342
2827
56
2235
198
1661
2221
2838
2245
442
2525
2541
814
1015
373
2927
308
290
937
811
1769
284
1664
2766
351
531
245
2260
2153
2057
1450
523
1347
28
1400
1331
1644
1919
2515
2670
1975
635
824
2039
421
173
787
2354
317
2331
1467
1843
684
2404
2538
2048
583
2712
1410
386
1197
516
1041
2080
1136
2301
2475
2021
513
2830
2810
1120
1225
125
114
17
1551
1690
1824
2063
133
235
2121
936
1031
1014
1155
1428
561
554
214
2917
400
1835
785
2132
1833
309
2271
468
1973
1774
740
363
694
2252
2272
792
584
2092
760
2043
490
2141
2727
347
1268
1023
377
1203
617
1726
1526
877
2037
1126
1505
64
613
303
1671
1050
2799
598
2551
1705
1697
489
2148
1836
1416
781
1373
140
1910
2668
2612
1972
1369
2379
2533
2257
2643
2249
1829
1884
211
1274
132
62
927
1054
587
2888
2789
1592
982
2170
84
1521
40
1995
2651
2093
656
2650
236
733
446
244
1849
786
821
1950
822
1299
436
1517
321
2102
1760
2422
2435
291
2848
2620
615
1716
959
2130
2364
2419
1176
2340
2398
1239
2514
1485
2920
2839
1846
2157
307
2086
810
766
634
1597
2461
18
1615
886
767
1847
2433
1752
1600
712
96
1658
2455
219
2772
939
329
294
710
515
1439
410
1820
2204
92
1028
1939
980
94
1085
1877
2172
1775
978
1371
2202
755
1423
1857
2728
2926
2112
87
256
2923
892
162
2787
2215
2610
2560
1937
2491
1860
1882
2253
184
1233
168
197
1433
2345
546
2679
1419
302
210
85
1652
1718
961
2227
1010
375
2316
1582
1005
1915
831
1719
157
1889
37
624
1598
846
1236
345
205
389
2368
800
941
320
497
2409
460
777
751
435
319
2116
2794
2843
12
1679
559
1507
1510
237
110
2299
1984
251
2312
632
469
2506
1892
981
166
2261
522
1427
191
1295
1095
1237
1568
962
2748
1899
1421
7
434
503
1397
1617
2399
2428
1474
112
2749
2561
2676
1707
895
1156
2108
867
2001
52
2628
2505
1519
323
2047
2462
2014
287
463
288
1444
2401
2513
950
119
2761
1484
1231
100
2276
2447
2459
903
512
2002
2912
1911
2445
1333
2903
2773
1871
2396
2476
2605
2119
185
1611
2842
2540
2164
1574
1783
305
964
1241
1630
1803
292
2549
1547
2185
744
1804
2896
1896
1063
1413
1784
359
1575
1953
330
1087
1004
1462
1900
2229
2026
186
2751
748
1971
1113
325
703
1722
2736
2595
2258
480
1286
2144
68
2674
36
1548
1894
1530
1643
858
1195
224
2752
209
1550
2018
450
765
431
2079
719
597
89
841
1206
630
337
2613
699
1109
752
1177
2196
1921
1272
1263
2024
2692
1123
1273
2387
151
126
1887
2485
582
625
2649
1555
894
1864
1856
1578
519
2662
2503
1184
537
2223
2051
2583
904
2070
422
1223
2207
708
1255
938
1868
654
2925
2177
2395
1138
2664
0
2129
2016
540
618
1285
696
2928
2883
1002
1291
1964
2701
2356
1226
575
1974
406
1418
1867
794
1512
1627
334
2499
1624
1405
544
2136
724
2344
571
1489
2479
2860
1209
1072
2109
301
2056
637
1741
1667
2318
2105
1407
2940
473
2795
1961
855
2380
2892
2788
1172
9
2887
2579
2313
2217
1374
2861
812
2193
449
772
2031
1608
1060
1969
43
2083
2388
2652
888
1293
2187
518
1437
2846
691
549
1350
1314
1681
1570
2278
2507
1893
1035
273
2480
532
604
1981
1252
253
475
2831
1037
1734
2073
940
2697
1602
2608
2267
241
1250
1503
1230
1819
2484
2865
1277
2131
1739
2437
875
2268
155
2322
2173
880
2454
139
2760
2779
849
1985
313
2817
985
1319
500
2866
1762
887
527
1261
1086
2366
2905
817
947
542
97
2573
2352
306
649
2504
1288
2006
1269
1114
76
1265
1431
77
55
1890
2367
1626
2426
774
2036
2165
2326
1074
1180
972
1468
1271
1228
1302
1704
2873
2721
2246
1210
1885
1666
1816
50
2107
2297
2336
2902
2046
127
790
1149
2090
33
2323
2571
175
1472
1022
1159
2372
899
1267
1499
1165
734
1721
1463
902
293
1518
620
1170
346
1994
2816
830
621
1654
2695
2201
2648
2308
1470
2478
1482
669
121
2038
2139
1354
1192
2688
2894
1435
579
1106
553
1290
674
1761
145
1992
1324
2500
728
1473
1948
564
556
23
1865
963
679
560
1878
2097
2343
761
275
2188
2770
2293
1191
2212
2072
1089
884
355
521
1053
576
1809
492
2076
1326
405
1344
65
1282
176
2667
2836
348
379
172
60
1676
2617
730
2746
1701
153
1962
2492
1042
1093
2659
2414
1208
2439
274
2722
935
2577
1943
420
2891
2907
1640
1858
1167
2054
1553
1515
780
254
1020
2586
1033
1941
1549
1533
644
2716
1944
1446
1205
1157
844
1401
1743
2023
813
745
783
1270
1465
297
54
1696
864
1933
2243
1983
1691
212
470
1414
1181
143
1287
1649
1629
2176
1383
2179
1289
2452
1709
1091
1632
1622
838
1822
914
2305
2910
2133
2886
1045
2511
721
433
1790
2858
1772
660
2875
1476
650
1160
1454
966
2391
2911
278
706
1543
2203
2311
1785
411
322
448
596
1068
1713
1797
21
1129
823
852
2644
415
41
2329
2739
1886
1927
399
1202
2602
343
416
447
1736
1219
2756
1351
2742
141
848
2135
2088
1311
2656
30
891
1146
1610
611
1044
2465
2725
2528
1737
948
746
1365
1914
269
2859
2665
1323
2183
1064
2248
949
2939
192
1306
1483
144
2564
573
1942
362
666
2818
2269
196
862
372
1461
2796
1936
1084
2158
493
2542
1542
996
111
42
2881
520
1619
735
541
2150
2556
1791
788
998
526
2288
1522
770
2095
2614
672
2737
188
2338
2755
918
148
1309
2782
295
842
2837
1358
1639
592
2553
2548
697
508
392
462
509
1088
1183
953
872
530
2451
1560
1457
1174
1646
2337
1029
1040
177
358
1801
2638
1934
81
2919
2444
2412
262
365
2211
926
1901
1327
2524
137
1641
1147
2914
793
1292
2594
2222
1509
408
1118
1073
259
438
1280
628
2768
859
1490
754
260
1712
1098
1966
1133
1653
2239
2190
202
2265
2284
2407
2149
1852
318
2449
2699
1913
2585
2565
1386
2682
805
2347
1746
2182
2209
1814
944
2069
2413
2713
2937
833
2745
2918
826
2769
2137
2075
934
2208
1399
2370
2757
1931
1642
403
1558
1245
974
226
999
1336
1954
1685
2488
455
662
2707
1108
1991
1706
702
957
2425
432
1556
2555
494
1979
129
223
382
1141
2126
2314
973
908
2273
890
2895
1603
1006
1757
1872
1340
789
2767
834
1372
907
1
1909
784
1767
1077
2854
791
93
240
533
2427
1978
1580
896
2378
2791
213
2385
2897
759
2703
203
1001
657
2432
2581
1817
2113
276
2392
2706
1659
267
304
474
1516
1234
1559
367
1958
1606
928
158
1244
1595
1479
2634
1082
2576
2878
2483
2477
2510
668
115
272
1171
1025
2124
729
861
2862
2482
2317
2230
2763
2456
2061
1502
1364
599
193
1057
376
1590
2922
917
1215
481
1768
2732
1563
1742
1163
775

