1 1
2 0
3 0
4 1
5 1
6 1
7 0
8 0
9 0
10 1
11 1
12 0
13 0
14 0
15 1
16 1
17 0
18 0
19 0
20 1
21 1
22 0
23 0
24 1
25 1
26 1
27 0
28 0
29 0
30 1
31 0
32 1
33 1
34 1
35 0
36 1
37 1
38 0
39 1
40 0
41 1
42 0
43 0
44 1
45 0
46 1
47 0
48 1
49 1
50 1
51 1
52 0
53 1
54 1
55 1
56 0
57 0
58 1
59 0
60 1
61 1
62 0
63 1
64 1
65 0
66 0
67 1
68 0
69 1
70 1
71 1
72 1
73 0
74 0
75 1
76 1
77 1
78 1
79 1
80 1
81 0
82 1
83 1
84 1
85 0
86 0
87 0
88 1
89 1
90 0
91 0
92 0
93 0
94 1
95 0
96 1
97 0
98 0
99 0
100 1
101 0
102 1
103 0
104 0
105 0
106 1
107 0
108 0
109 1
110 1
111 0
112 0
113 1
114 0
115 0
116 1
117 0
118 1
119 0
120 0
121 1
122 1
123 0
124 0
125 1
126 0
127 0
128 1
129 0
130 1
131 0
132 1
133 0
134 1
135 0
136 1
137 1
138 0
139 1
140 0
141 0
142 1
143 1
144 0
145 1
146 0
147 0
148 0
149 1
150 0
151 0
152 0
153 1
154 0
155 0
156 1
157 0
158 1
159 0
160 1
161 0
162 1
163 0
164 1
165 0
166 0
167 1
168 0
169 0
170 0
171 0
172 1
173 1
174 0
175 1
176 0
177 1
178 0
179 1
180 0
181 0
182 0
183 0
184 1
185 0
186 1
187 1
188 0
189 1
190 0
191 1
192 1
193 1
194 1
195 1
196 1
197 0
198 0
199 0
200 0
201 1
202 0
203 1
204 1
205 0
206 0
207 0
208 0
209 0
210 1
211 1
212 1
213 0
214 0
215 1
216 1
217 0
218 1
219 1
220 0
221 0
222 1
223 1
224 1
225 1
226 0
227 0
228 0
229 1
230 0
231 1
232 0
233 0
234 1
235 0
236 0
237 0
238 1
239 0
240 0
241 1
242 0
243 1
244 1
245 1
246 0
247 0
248 1
249 1
250 1
251 0
252 0
253 0
254 0
255 1
256 1
257 1
258 0
259 0
260 1
261 1
262 0
263 1
264 1
265 0
266 0
267 0
268 1
269 0
270 1
271 0
272 1
273 1
274 1
275 0
276 0
277 1
278 0
279 0
280 1
281 0
282 0
283 1
284 1
285 1
286 0
287 1
288 0
289 0
290 1
291 0
292 1
293 1
294 1
295 1
296 1
297 1
298 1
299 1
300 1
301 1
302 0
303 1
304 0
305 1
306 1
307 1
308 0
309 1
310 1
311 0
312 0
313 0
314 1
315 0
316 1
317 0
318 1
319 0
320 0
321 1
322 0
323 1
324 0
325 1
326 0
327 0
328 0
329 1
330 0
331 1
332 0
333 1
334 1
335 1
336 0
337 1
338 1
339 0
340 1
341 0
342 1
343 0
344 1
345 0
346 1
347 0
348 1
349 1
350 1
351 0
352 1
353 0
354 1
355 0
356 1
357 0
358 1
359 0
360 0
361 1
362 0
363 0
364 0
365 0
366 0
367 1
368 0
369 0
370 1
371 0
372 1
373 0
374 0
375 0
376 1
377 1
378 1
379 0
380 0
381 0
382 0
383 0
384 1
385 1
386 0
387 1
388 1
389 1
390 0
391 0
392 0
393 1
394 1
395 1
396 1
397 1
398 1
399 1
400 0
401 1
402 1
403 1
404 1
405 0
406 0
407 1
408 0
409 0
410 0
411 1
412 0
413 1
414 0
415 1
416 0
417 1
418 1
419 0
420 0
421 0
422 1
423 0
424 0
425 0
426 0
427 1
428 0
429 1
430 0
431 0
432 1
433 1
434 1
435 0
436 1
437 0
438 0
439 1
440 0
441 1
442 0
443 0
444 1
445 1
446 1
447 1
448 0
449 1
450 0
451 0
452 0
453 1
454 1
455 1
456 1
457 0
458 1
459 0
460 0
461 1
462 0
463 0
464 1
465 0
466 1
467 0
468 0
469 0
470 0
471 0
472 1
473 0
474 1
475 0
476 1
477 1
478 1
479 0
480 1
481 0
482 0
483 0
484 0
485 0
486 0
487 0
488 1
489 1
490 1
491 1
492 1
493 0
494 1
495 0
496 0
497 0
498 0
499 0
500 1
501 1
502 1
503 1
504 1
505 1
506 0
507 1
508 1
509 1
510 1
511 1
512 1
513 0
514 0
515 1
516 1
517 0
518 0
519 1
520 0
521 0
522 0
523 1
524 0
525 1
526 0
527 1
528 0
529 1
530 0
531 0
532 0
533 0
534 1
535 1
536 1
537 0
538 0
539 0
540 0
541 1
542 0
543 1
544 1
545 0
546 0
547 1
548 0
549 0
550 0
551 1
552 1
553 1
554 1
555 0
556 1
557 1
558 1
559 1
560 1
561 0
562 0
563 0
564 1
565 1
566 0
567 0
568 1
569 0
570 1
571 1
572 0
573 1
574 1
575 0
576 0
577 1
578 1
579 0
580 0
581 0
582 1
583 1
584 1
585 0
586 0
587 0
588 0
589 0
590 0
591 0
592 0
593 1
594 0
595 1
596 0
597 0
598 0
599 0
600 0
601 1
602 1
603 1
604 1
605 1
606 1
607 0
608 0
609 0
610 0
611 1
612 1
613 0
614 0
615 0
616 1
617 1
618 1
619 0
620 0
621 1
622 1
623 1
624 0
625 1
626 0
627 1
628 1
629 1
630 1
631 0
632 1
633 0
634 0
635 1
636 1
637 1
638 0
639 0
640 0
641 1
642 1
643 1
644 1
645 0
646 1
647 0
648 0
649 1
650 0
651 0
652 1
653 1
654 1
655 0
656 1
657 1
658 1
659 0
660 1
661 0
662 1
663 0
664 1
665 0
666 0
667 0
668 0
669 1
670 0
671 1
672 0
673 1
674 1
675 1
676 1
677 0
678 1
679 1
680 0
681 1
682 0
683 0
684 1
685 0
686 1
687 0
688 0
689 1
690 0
691 0
692 0
693 1
694 0
695 0
696 0
697 1
698 0
699 1
700 0
701 1
702 1
703 1
704 0
705 1
706 1
707 1
708 1
709 0
710 0
711 0
712 1
713 1
714 1
715 1
716 1
717 0
718 1
719 1
720 0
721 1
722 1
723 0
724 0
725 1
726 0
727 0
728 0
729 1
730 0
731 0
732 0
733 1
734 1
735 1
736 0
737 0
738 1
739 0
740 0
741 0
742 0
743 1
744 0
745 0
746 0
747 0
748 1
749 1
750 0
751 0
752 0
753 0
754 1
755 0
756 0
757 0
758 0
759 1
760 1
761 0
762 0
763 0
764 0
765 1
766 0
767 0
768 0
769 1
770 0
771 0
772 1
773 0
774 1
775 0
776 0
777 1
778 0
779 1
780 0
781 1
782 0
783 0
784 1
785 0
786 0
787 0
788 0
789 0
790 0
791 1
792 0
793 0
794 0
795 0
796 1
797 0
798 0
799 1
800 0
801 1
802 1
803 1
804 1
805 0
806 1
807 0
808 1
809 1
810 0
811 0
812 0
813 1
814 0
815 1
816 0
817 0
818 1
819 0
820 1
821 0
822 1
823 0
824 0
825 1
826 1
827 0
828 0
829 1
830 0
831 0
832 0
833 0
834 1
835 0
836 0
837 0
838 1
839 1
840 0
841 1
842 0
843 1
844 0
845 1
846 1
847 1
848 1
849 0
850 0
851 0
852 1
853 0
854 0
855 1
856 0
857 1
858 0
859 1
860 0
861 1
862 1
863 0
864 1
865 0
866 0
867 0
868 1
869 1
870 0
871 1
872 0
873 0
874 1
875 0
876 1
877 0
878 0
879 0
880 0
881 1
882 1
883 1
884 1
885 1
886 0
887 1
888 1
889 1
890 1
891 1
892 1
893 1
894 1
895 1
896 1
897 1
898 0
899 1
900 0
901 0
902 1
903 1
904 1
905 1
906 1
907 0
908 1
909 0
910 1
911 1
912 0
913 1
914 1
915 0
916 1
917 1
918 1
919 1
920 1
921 0
922 1
923 0
924 0
925 1
926 0
927 1
928 0
929 0
930 1
931 0
932 0
933 1
934 0
935 0
936 0
937 0
938 1
939 1
940 0
941 0
942 1
943 0
944 1
945 0
946 1
947 1
948 0
949 0
950 0
951 1
952 0
953 1
954 0
955 0
956 0
957 1
958 0
959 0
960 0
961 1
962 1
963 1
964 0
965 1
966 0
967 1
968 1
969 1
970 1
971 0
972 1
973 0
974 1
975 1
976 1
977 0
978 1
979 0
980 1
981 0
982 0
983 1
984 1
985 1
986 1
987 1
988 1
989 0
990 0
991 0
992 1
993 0
994 1
995 0
996 1
997 1
998 1
999 0
1000 0
1001 1
1002 1
1003 1
1004 1
1005 1
1006 1
1007 1
1008 1
1009 1
1010 0
1011 1
1012 0
1013 1
1014 1
1015 0
1016 0
1017 1
1018 0
1019 1
1020 0
1021 0
1022 0
1023 0
1024 1
1025 0
1026 1
1027 1
1028 0
1029 1
1030 0
1031 0
1032 0
1033 0
1034 0
1035 0
1036 0
1037 0
1038 1
1039 1
1040 0
1041 1
1042 1
1043 1
1044 0
1045 1
1046 0
1047 0
1048 0
1049 1
1050 0
1051 0
1052 1
1053 1
1054 1
1055 1
1056 1
1057 1
1058 1
1059 1
1060 0
1061 0
1062 0
1063 0
1064 1
1065 1
1066 1
1067 1
1068 0
1069 0
1070 0
1071 0
1072 0
1073 1
1074 1
1075 1
1076 1
1077 1
1078 0
1079 1
1080 0
1081 0
1082 0
1083 0
1084 1
1085 1
1086 1
1087 1
1088 1
1089 1
1090 0
1091 0
1092 0
1093 1
1094 1
1095 1
1096 1
1097 1
1098 0
1099 0
1100 0
1101 1
1102 0
1103 0
1104 0
1105 0
1106 1
1107 1
1108 0
1109 0
1110 1
1111 0
1112 1
1113 0
1114 0
1115 1
1116 0
1117 0
1118 0
1119 1
1120 1
1121 1
1122 0
1123 1
1124 1
1125 0
1126 0
1127 0
1128 0
1129 0
1130 0
1131 1
1132 1
1133 1
1134 0
1135 0
1136 0
1137 0
1138 1
1139 1
1140 0
1141 1
1142 1
1143 0
1144 1
1145 0
1146 1
1147 0
1148 0
1149 0
1150 0
1151 0
1152 0
1153 1
1154 1
1155 0
1156 1
1157 1
1158 1
1159 1
1160 1
1161 1
1162 1
1163 1
1164 1
1165 0
1166 1
1167 0
1168 0
1169 1
1170 0
1171 1
1172 0
1173 1
1174 0
1175 0
1176 1
1177 0
1178 1
1179 0
1180 1
1181 1
1182 0
1183 1
1184 0
1185 0
1186 1
1187 1
1188 0
1189 0
1190 0
1191 1
1192 1
1193 1
1194 1
1195 1
1196 1
1197 1
1198 1
1199 1
1200 1
1201 0
1202 0
1203 0
1204 0
1205 0
1206 1
1207 1
1208 1
1209 0
1210 0
1211 1
1212 0
1213 1
1214 0
1215 1
1216 1
1217 1
1218 1
1219 1
1220 0
1221 1
1222 1
1223 0
1224 1
1225 0
1226 0
1227 0
1228 0
1229 0
1230 1
1231 1
1232 1
1233 1
1234 0
1235 0
1236 1
1237 0
1238 1
1239 1
1240 1
1241 1
1242 1
1243 1
1244 1
1245 1
1246 1
1247 0
1248 0
1249 0
1250 1
1251 1
1252 1
1253 0
1254 1
1255 0
1256 0
1257 0
1258 1
1259 0
1260 0
1261 1
1262 0
1263 1
1264 1
1265 0
1266 1
1267 0
1268 1
1269 1
1270 1
1271 1
1272 1
1273 0
1274 0
1275 0
1276 1
1277 0
1278 0
1279 0
1280 0
1281 0
1282 1
1283 1
1284 0
1285 0
1286 0
1287 0
1288 1
1289 1
1290 1
1291 1
1292 0
1293 0
1294 0
1295 0
1296 1
1297 1
1298 1
1299 0
1300 0
1301 1
1302 1
1303 1
1304 1
1305 0
1306 0
1307 0
1308 1
1309 1
1310 1
1311 0
1312 1
1313 1
1314 1
1315 0
1316 0
1317 0
1318 0
1319 0
1320 1
1321 1
1322 1
1323 0
1324 0
1325 0
1326 0
1327 0
1328 1
1329 0
1330 1
1331 1
1332 0
1333 1
1334 1
1335 1
1336 0
1337 1
1338 1
1339 0
1340 1
1341 1
1342 0
1343 0
1344 0
1345 0
1346 1
1347 0
1348 1
1349 1
1350 0
1351 1
1352 0
1353 0
1354 1
1355 0
1356 1
1357 0
1358 0
1359 0
1360 0
1361 1
1362 0
1363 0
1364 0
1365 1
1366 0
1367 1
1368 1
1369 0
1370 1
1371 1
1372 0
1373 1
1374 0
1375 0
1376 1
1377 0
1378 1
1379 1
1380 1
1381 0
1382 1
1383 0
1384 0
1385 0
1386 0
1387 1
1388 1
1389 1
1390 1
1391 0
1392 0
1393 1
1394 1
1395 1
1396 1
1397 0
1398 0
1399 1
1400 1
1401 1
1402 0
1403 1
1404 0
1405 0
1406 0
1407 0
1408 1
1409 1
1410 1
1411 0
1412 0
1413 1
1414 1
1415 1
1416 0
1417 0
1418 0
1419 1
1420 1
1421 0
1422 1
1423 0
1424 1
1425 1
1426 1
1427 0
1428 1
1429 1
1430 1
1431 1
1432 0
1433 0
1434 0
1435 1
1436 0
1437 0
1438 0
1439 0
1440 1
1441 0
1442 1
1443 0
1444 0
1445 1
1446 1
1447 1
1448 0
1449 1
1450 0
1451 0
1452 0
1453 1
1454 0
1455 0
1456 1
1457 0
1458 1
1459 0
1460 0
1461 0
1462 0
1463 0
1464 0
1465 1
1466 0
1467 0
1468 1
1469 0
1470 0
1471 1
