2503
1145
568
2446
1266
2222
575
1466
2878
1455
1969
1774
1501
190
446
1677
2274
1517
1111
1944
1874
2920
2863
2872
1520
291
115
1606
2136
1627
569
1323
403
1468
2659
2303
2188
1913
1720
2685
19
137
2934
1923
2465
1974
2578
1602
757
1938
1154
811
2356
593
17
1907
664
1640
2862
2388
1332
142
1807
61
1629
262
1085
2311
2242
1458
2886
112
535
1848
495
2146
1674
2496
577
576
1417
1076
2904
2163
1658
2307
2736
241
1472
1586
603
959
2191
1564
596
177
2324
1664
870
1574
2129
1569
2053
2074
2611
1916
2415
738
2046
1572
1316
1248
1095
2510
2078
1190
1495
2752
1199
1600
2371
894
1685
1894
1176
2675
1928
1859
2501
712
2716
2162
2010
2093
1766
1675
407
2179
2821
479
433
1137
1047
342
1882
2861
62
464
1730
2492
2653
1794
1917
570
2718
2566
2449
2647
413
213
933
2337
443
1161
1421
1693
1551
1900
366
893
700
2546
2568
2412
2590
2154
2702
898
1179
2706
1026
2143
2912
454
1864
2110
681
1540
2529
1343
166
183
1435
1615
869
1447
475
1037
1471
1682
205
2880
1582
1467
2544
1536
2536
1906
2452
227
2832
2115
1124
973
2631
2712
255
2200
1748
2695
991
1478
1287
463
2576
581
1690
613
1805
2312
491
1000
2673
2050
2797
1667
1934
174
1177
1728
2341
1216
1718
424
1519
2727
1881
1604
133
2850
2540
800
716
2472
1612
1810
930
97
2238
1857
744
1473
2916
57
2173
1169
1727
2391
1679
846
2411
1163
2352
1043
2020
1171
2384
2516
372
2602
1232
1697
289
2333
1663
245
565
1475
909
138
2383
353
520
843
2618
947
351
1289
2440
2273
2776
610
120
2202
2517
1023
1897
490
2377
1341
2554
1144
1260
346
2499
2688
1747
69
1797
2315
1498
2372
1571
2802
1925
2560
46
1280
1780
2216
218
44
160
2535
2721
2757
2931
1652
820
2709
1505
1434
1494
31
1184
2101
2781
32
423
2434
1976
2538
590
2305
1626
580
1886
1733
1523
2514
702
1279
1006
1804
2120
2159
2026
2304
644
936
1880
889
724
880
1379
2604
2910
2278
1966
1490
768
477
2870
1883
770
439
1791
1508
510
2827
859
2121
481
2344
2033
2066
1873
639
1293
502
2181
181
1803
35
1259
531
75
1224
2493
2184
2482
988
2583
2023
1296
1856
708
1858
2703
2379
1822
2380
885
2924
1302
1191
1890
1451
247
1317
519
1706
1128
1001
882
2597
1315
1099
2819
2927
2678
1288
2767
2594
1358
1049
4
2520
2810
1003
347
453
1361
2067
774
2574
2284
1516
39
1541
1183
2917
645
1079
437
1084
722
275
2939
1537
2103
1075
2207
2626
77
1559
2551
2172
1065
1158
2051
2655
295
828
322
1628
1871
1608
1666
905
71
1018
2907
2579
523
956
1272
331
2683
1383
961
2625
1737
1125
1350
1147
825
2401
269
1732
1205
1583
2270
1160
1198
414
2266
976
1410
298
2137
1566
1757
964
121
1215
1635
216
1876
2345
2498
2323
168
1844
1941
1891
487
1415
602
426
212
2668
290
1087
1164
1741
2897
2198
537
1369
1576
707
2756
2288
2837
2328
2885
2321
1702
1331
2477
1220
1053
1042
1258
785
998
1109
840
2325
2487
2853
802
1588
76
2007
1211
2677
1443
2553
2409
1322
748
2884
556
1987
2481
709
908
1268
2758
2921
1688
470
2294
279
211
815
1148
1487
848
1760
1818
2809
419
2445
2909
307
33
425
2130
2714
1052
1170
2008
2234
1245
1817
806
860
832
427
2359
1609
906
831
2185
336
50
1691
1937
1382
1585
2140
1786
566
85
1282
1127
91
1
313
823
165
2929
261
1225
141
1320
1442
2775
2522
2856
2745
469
2689
550
2358
2799
765
2812
1634
925
2443
2765
1484
1021
1993
2808
904
1462
29
329
1618
687
1953
1792
2100
1503
1267
1892
1603
1328
2177
1827
2124
1548
330
36
2552
1758
2564
2601
465
1535
1139
715
2389
2047
2107
855
193
2155
2057
1362
173
1450
1868
737
2187
237
819
1614
1008
493
1978
808
2900
1970
718
2507
184
1014
392
2890
1991
2906
739
2353
746
1952
2605
109
1877
952
958
2275
2747
1744
87
70
2044
999
452
2524
1845
578
2382
482
123
810
321
2009
400
706
187
740
390
1754
158
1389
879
440
1256
2247
394
538
1573
1446
2483
1530
1425
1244
421
571
192
2260
1778
204
623
2741
518
30
2634
1920
1597
2830
741
1214
2118
1004
2612
2420
759
1581
2794
2887
2058
2319
1022
2221
691
2374
1492
2829
957
2581
1364
1855
1401
673
1739
1554
2035
927
1773
841
2773
1110
2760
1531
2141
2195
1480
634
248
214
2559
2476
106
938
235
2491
2836
1955
2899
1821
1347
1262
660
18
2031
2735
1299
1943
2194
548
735
736
2423
1337
1432
1759
1367
1735
1595
903
155
1829
1463
2545
254
105
2293
984
1776
374
2127
917
1596
448
2806
1795
1105
540
1867
411
761
15
2182
492
1298
2643
2056
900
1344
406
1902
2585
2400
201
1294
1788
1365
2779
2025
1031
2246
103
88
2926
714
585
2623
1032
822
1656
1112
1474
1081
2316
1488
2858
345
2370
386
151
2469
2414
1278
727
643
812
1671
609
2332
1336
670
412
49
2690
1088
96
2286
1610
2901
1957
136
2231
399
803
517
1863
2254
2793
2158
2896
1645
114
642
2650
2563
818
2454
1716
1253
2719
2438
1375
572
1251
592
1005
488
1911
1914
319
382
476
2509
684
1743
2820
514
1028
833
2557
1692
1605
1799
1309
697
449
251
1843
1319
2692
807
2640
99
2262
259
2281
230
225
1460
888
397
1368
146
2361
171
1647
2497
573
1767
1351
1761
1607
2196
1532
2521
849
1613
139
1476
2530
527
2257
1644
1929
2403
1528
2354
618
1134
1300
2106
2190
2724
442
303
131
2123
2620
364
2642
1213
1866
200
1044
611
1940
1622
1515
2461
2467
2282
1579
1247
2662
1565
762
918
788
1276
2144
2186
1624
649
734
1601
2378
2511
2160
1499
2663
135
1453
2264
2088
996
1496
868
2686
2914
2418
2882
499
2660
357
86
626
992
2330
2854
1414
1242
2526
447
297
1172
2458
2011
2169
2658
78
1673
533
147
2348
2691
2622
850
2442
2451
2708
2937
418
1074
2784
605
2208
1374
2734
511
1029
777
84
2175
186
1188
1464
1304
334
680
1219
928
162
1878
2119
2664
1550
1402
594
2666
2019
2532
64
2933
153
1007
666
2077
2241
2584
1305
305
317
2209
2054
2117
866
299
2012
993
817
172
2367
1973
1802
2818
1334
1311
780
1121
557
1440
1441
620
2694
2825
326
1962
1371
1140
2847
2428
2638
2723
2814
2347
1335
271
1273
669
2515
498
2131
2165
953
310
2577
189
2484
314
92
2627
534
54
2253
1195
358
934
2898
2743
772
985
2879
935
1091
2097
1506
2432
37
1156
2090
1643
144
2801
943
107
1686
2360
1252
1265
1339
1329
222
2823
941
398
1073
1888
2000
1935
1255
1189
1814
2565
521
2455
43
396
24
637
450
327
72
2609
2223
316
1461
355
1388
1968
1713
27
2763
646
2846
119
2852
2161
1625
589
1428
360
1853
658
2386
616
1875
1525
2039
1165
2789
677
489
1972
2017
1039
1352
2355
2860
704
749
2363
2340
2225
1201
553
152
1961
2038
3
1683
1657
2592
243
1497
1922
1072
2045
1717
167
1999
1502
56
2448
809
2811
1926
1151
1838
1665
2676
1678
2228
1354
2153
1522
1984
773
474
2471
1303
929
1784
1529
1835
1851
1813
1948
1393
1064
1965
236
1234
1114
1230
127
1746
1533
2750
2375
2855
654
878
2494
2940
47
124
1469
528
2399
472
504
1701
257
755
595
2385
280
897
1800
701
1903
161
373
821
1950
2235
648
2720
1781
1061
2864
861
2309
2615
987
742
745
2831
1933
2624
2680
2339
1009
2166
1430
1149
2006
1209
1193
1250
1326
2089
1762
1192
830
2098
2402
564
1708
1131
1910
747
769
2732
1639
90
2508
1670
110
2761
2506
2460
1539
1353
2376
1899
296
1152
1919
506
2488
2365
2733
1330
549
2528
775
164
461
337
1277
685
636
1271
2149
198
1227
1787
2407
962
2096
14
1180
1985
2176
2329
272
2133
926
134
1975
20
1493
839
2607
2518
1159
794
320
640
2935
1989
408
2674
826
1020
2693
80
2464
1269
1951
2224
915
920
130
1349
771
341
2072
389
2287
635
1840
954
2331
1310
1465
12
1842
2938
2599
2473
921
2753
38
1699
1348
1485
1200
837
1013
1932
1704
563
457
2595
674
2849
1206
1314
1823
2701
663
1980
352
2320
2596
380
2652
2762
58
1386
2142
98
2336
966
547
1066
302
1233
1631
1710
2112
1524
1751
404
910
2049
2156
2656
1836
2397
1752
1722
508
2229
2637
2043
2558
1100
653
1542
834
215
732
2684
422
1033
2338
1197
2635
1083
1896
1949
939
1908
2075
2834
286
2240
2738
2085
1459
1011
1130
2062
1750
388
1391
2061
2052
1445
1048
1930
1027
970
1510
431
2657
1594
2923
1397
1175
65
692
968
829
723
2792
1808
513
362
1513
370
2466
1372
1479
1481
1143
2580
1470
430
2891
2014
1071
2343
1755
335
149
53
1736
2778
2015
383
805
2048
2682
2178
2027
2210
1097
1241
2470
405
1239
986
2059
1553
2759
2936
1046
586
1801
1359
1725
574
582
1684
456
128
838
102
1782
1194
2881
1117
1655
2381
145
2749
93
1895
2308
529
2424
2239
2571
2227
858
1449
1012
2783
1418
2220
1325
2646
1204
2292
2236
478
66
2249
1971
2698
1834
1090
1589
2791
22
2843
876
1118
1954
1830
217
1651
2079
899
494
560
2244
13
2888
1549
116
1738
719
2265
2327
219
657
2777
2715
1104
1724
1924
2334
246
267
624
1636
1146
2632
764
1093
2739
2874
361
614
1557
496
2841
2280
721
1286
2835
1707
2298
867
1558
278
1723
914
2084
622
2204
125
776
2037
2669
2296
2189
2272
1982
2291
2654
2883
1222
1749
851
2932
1086
1763
2941
2232
588
40
1102
1338
1263
1381
10
1290
2431
441
1318
1054
924
2302
2930
2629
1561
1715
982
1509
2768
1798
1839
1512
2667
942
249
1783
2796
23
377
2150
221
1593
1203
266
79
1992
197
1412
2065
391
781
1094
515
561
552
2091
256
1030
695
2842
791
2697
2617
2408
367
1731
2742
2815
294
911
2531
2394
122
2060
338
2549
2533
1672
208
2687
1413
1295
853
1719
2122
1996
132
2426
661
253
1770
1238
199
378
1983
1884
963
332
16
1429
178
1927
801
1313
1035
2357
1228
2082
1436
7
693
2704
583
1986
630
1779
1407
48
1695
250
1570
1846
328
2513
633
872
2610
2771
2463
2780
73
2502
1045
2029
42
2731
2845
2267
1034
2925
2474
1833
1909
220
163
1648
2413
1577
26
1988
281
1918
1912
1659
2928
625
175
2369
969
59
2211
509
733
2295
2427
717
2903
2279
244
655
1826
2541
2005
324
2318
1096
1120
1527
766
2490
1016
792
111
2913
2567
270
1116
2746
1753
1500
395
1587
288
1285
1068
1945
604
1142
1133
260
1563
1709
524
2475
779
667
949
1157
2398
1964
814
751
2258
1852
579
1942
1775
2588
1642
301
912
228
2108
68
500
1123
202
782
2769
325
1067
1077
2441
948
2711
2619
816
94
2489
2795
1115
2128
638
798
2076
1017
1637
2105
2730
1889
2125
2132
2614
2700
2857
1562
1653
975
2404
1815
1599
2069
2608
1575
599
1811
1384
1831
2871
1231
2433
1426
2539
1567
675
1392
1448
1136
1356
2636
629
2410
333
252
2405
2644
1869
1051
1847
641
1254
2764
2425
1186
2138
2805
2116
2393
2485
2342
1229
2003
789
209
2152
2364
689
1860
2911
1456
2114
1182
631
1069
1555
2
1590
728
703
2095
990
567
2042
265
541
2104
2255
1015
1424
2633
277
2126
348
2226
1444
1633
2848
2817
1560
2203
1696
2641
428
612
1694
950
536
2197
2135
113
1002
1646
864
2645
1832
2593
455
2648
1514
555
2299
1861
971
1960
1994
2893
2651
274
1483
1312
2905
2628
2457
1207
2787
932
2193
2822
997
1887
2080
2022
875
2754
1431
52
312
1377
384
63
835
2261
438
2167
2586
1939
995
901
2525
977
1931
1010
1457
587
2070
195
877
2237
2828
1705
916
350
758
1089
2013
480
1153
1689
1181
2459
1395
2134
2313
507
1620
1997
1113
444
2301
2001
1173
2034
1292
25
2548
2572
1059
1518
2086
2519
1812
1872
659
2859
2570
1584
874
2600
1841
1398
2290
1617
416
2813
11
1019
1070
194
978
2707
185
483
931
459
2902
1591
2867
1592
676
678
2148
1438
1284
1630
283
2844
368
371
2002
1616
1816
2243
2453
919
1547
1187
1611
1406
2083
2289
393
1098
1036
1411
1274
238
512
2679
2504
1370
2230
1578
1849
2213
2362
2277
2087
989
1212
1771
1534
1283
1218
1650
2833
1060
526
922
2889
1850
2421
2366
754
2392
1340
937
1202
284
2505
387
2349
359
1698
1217
1226
2543
2922
467
1270
2603
170
2728
1543
1703
1235
2350
1901
503
108
545
2004
679
1580
2212
1998
156
983
730
409
2214
2755
1038
1681
2068
293
665
376
2894
1477
1221
344
2199
2562
1327
1680
1437
1257
2573
2168
2589
651
1275
865
2297
2537
385
1486
300
1103
793
1240
1556
2387
415
852
2512
2456
1711
2866
1324
967
1399
1236
2790
1135
539
591
229
2041
191
2430
2523
1237
268
2527
1155
2751
682
1409
713
148
55
1281
104
647
873
2206
1756
756
365
169
2439
1745
28
1669
2317
960
763
2705
340
2672
1082
1452
1122
1765
1404
559
1726
2785
2699
827
525
1958
323
601
159
2838
2908
2245
705
584
1249
2717
2725
2099
2713
2748
1092
2826
1454
501
2591
690
946
2021
9
1721
2671
726
468
381
1439
951
223
2868
1246
486
1056
234
1649
1041
790
1167
2205
1357
1174
318
89
2094
375
143
2788
2018
154
95
6
232
2437
2915
845
258
1641
974
2670
2217
401
1058
1714
1126
1360
1862
2351
621
2661
2300
895
1333
1261
890
1308
2877
126
1119
2875
1373
2171
543
21
652
1307
1132
619
1772
2322
2306
2180
854
436
435
1777
2092
1546
2102
1793
2036
1306
1638
485
2233
1433
1025
5
2390
2824
720
2681
2170
140
1108
2276
1712
1879
551
2582
1963
2639
484
2071
2271
1885
694
1824
451
923
2219
1162
2145
1619
2063
2550
1870
471
2055
2462
2839
884
1946
402
965
1141
972
542
656
2770
2722
607
2606
981
856
2269
731
263
913
1538
615
2157
1959
516
1366
1024
2800
2587
1898
2737
907
711
1346
2435
2429
2268
1210
2598
1769
1729
2649
2285
150
473
1545
2183
129
1355
2151
1668
304
339
2892
2542
2726
787
354
309
2840
1243
979
2803
179
1544
2468
1740
67
2192
2873
2555
544
1050
82
276
1301
671
2263
1400
617
698
1915
600
1687
1080
1482
1178
2326
786
2248
795
729
1806
2081
862
81
1138
180
824
2030
203
2804
2064
2111
1676
2919
1223
2201
696
606
287
356
725
458
1825
796
2534
1796
844
892
2816
1865
562
628
2444
2480
1854
1106
2613
887
239
2865
2766
784
2876
1185
847
896
2478
1947
2547
1981
1408
51
2500
1422
1394
2786
2215
2710
1168
2869
554
940
2744
2395
2024
597
753
2740
2314
1420
2396
662
632
497
1062
369
902
1764
627
598
558
2250
686
226
1526
1662
1101
2164
1507
1057
1995
2016
176
2665
1921
1789
1378
688
1837
1291
460
2406
1419
273
871
101
1403
60
886
883
2252
1055
1956
306
420
2416
1905
157
994
417
434
1416
1345
2774
2368
1785
1150
778
2218
1828
2918
1078
783
1040
1427
2310
760
1390
857
206
891
2895
1936
210
532
100
432
1297
264
1321
311
881
2028
1990
315
2621
1264
41
363
2346
1063
505
231
530
1552
1621
2422
799
1598
1661
308
2040
8
1129
188
1809
546
1568
2139
118
379
1166
1967
1387
182
813
1363
196
2419
668
1893
2373
2851
2616
2772
2450
1405
285
349
2335
2729
1376
2556
1734
650
1979
2417
2569
2032
410
2109
1380
224
743
842
699
1819
233
1396
1385
2447
242
2696
1423
1521
2575
117
1196
863
836
2495
1342
2479
980
445
2283
2251
74
944
1491
240
0
672
1632
466
752
2073
1742
1820
2798
522
750
1623
804
945
1208
1660
83
1700
45
1489
2561
1107
2259
282
429
292
608
2113
1511
2436
2174
797
955
1977
207
2630
2256
34
710
343
683
767
462
1768
1654
2782
2147
2486
2807
1904
1790
1504

