1805
345
1521
515
1340
1294
2262
1207
394
924
186
1172
145
2561
2485
1483
2613
752
1272
1476
2900
842
1997
1743
2294
2528
1346
2121
888
239
1747
2534
412
2011
2524
2799
2460
2751
90
529
2338
127
2699
460
1186
2878
511
602
28
1048
281
53
1712
2415
1359
316
730
293
2522
1765
1723
1987
714
2834
2325
2669
1722
2499
1376
258
543
182
2061
2276
1545
620
1252
1555
202
123
1955
2892
1288
1432
1325
30
1834
1716
2329
1948
2853
1234
2597
2439
2924
805
2303
1220
2889
70
2894
803
1038
2911
336
1472
1868
1644
1271
2148
1275
2173
2284
2105
733
1699
947
1909
1659
1465
707
1427
2621
789
2136
1878
1486
973
2833
1516
1372
1497
2532
545
2895
2851
1236
1142
122
819
1691
2229
2816
1301
1480
810
144
1530
1045
2435
1132
1149
45
791
2331
1838
1103
1943
639
555
2881
2513
2543
2728
1273
1737
2407
2685
1540
2680
1454
2179
835
376
715
2274
11
1070
242
2216
342
1992
2554
1194
415
279
2177
1721
174
35
1715
1027
1958
92
2339
1025
1031
851
1511
960
2668
833
869
2184
2323
2719
2660
989
209
877
2629
1526
1680
2805
648
829
2143
2466
982
2712
2100
1622
635
396
652
1452
1638
1388
2790
585
228
1195
2271
2252
2496
206
470
522
373
2457
1490
1278
1068
2529
2939
731
180
1719
443
99
349
2170
2142
2377
981
911
2232
273
1646
2443
1857
265
1906
20
890
2880
1648
479
126
907
1681
148
2468
245
761
1225
318
290
710
2750
503
1309
197
802
572
1200
2396
238
812
2243
1705
1256
2291
2260
1434
448
1259
1580
2649
1131
1347
922
1107
67
203
1713
899
362
619
1915
1308
2877
2369
1137
2068
600
2742
756
571
1967
2286
742
1144
2273
586
1795
275
1106
2473
997
2095
723
2831
231
1081
2709
208
437
2865
1556
1816
2206
2283
798
2070
2317
153
1782
1936
864
1082
995
2909
2412
2531
2606
49
957
1533
1352
2366
2353
561
34
2164
1923
1174
96
2692
2647
2459
826
469
391
2917
2287
1891
2906
2370
2769
64
1730
2665
2023
2636
54
1013
972
1360
848
959
551
2071
2754
2476
1087
1835
2767
2419
296
1558
604
2741
1351
2595
2024
2860
2694
37
931
1093
72
1608
1916
280
987
1114
201
606
2472
2036
1708
2151
1263
1643
974
1100
1283
2787
2426
1063
942
1956
2576
1720
746
762
2862
2348
2530
1960
2374
2738
2664
780
807
97
288
2859
1084
1160
1809
420
1752
2313
1762
2861
701
284
2729
2846
2414
307
2237
1514
1342
2060
656
1029
1004
576
1395
1812
2384
2395
430
840
2146
622
1018
650
1599
588
2849
1128
5
518
1872
1605
1633
191
900
1244
2047
2931
1660
630
2255
235
977
769
2032
690
2297
1821
1223
2516
681
2428
103
1056
1400
2815
1962
1040
2154
1113
2388
2147
2579
41
616
1091
667
2155
1500
2607
2638
1171
1591
371
2418
623
903
2568
361
1381
1123
2280
2640
1946
559
2761
157
2467
2512
1134
2765
949
1390
1621
1425
993
250
1862
255
647
2674
2341
1279
1396
1985
788
2288
1971
2064
8
1512
2540
453
1647
158
2163
355
729
1216
2030
27
193
2739
2156
234
965
2768
1328
1367
369
118
2004
1402
2631
1211
2938
2551
984
525
2733
2097
2138
1060
1896
2391
1230
881
1071
341
2103
195
532
1707
1438
1863
170
2618
589
2500
697
2745
2012
2658
1986
173
287
796
1336
1740
125
1179
873
2172
651
1187
2300
1845
759
386
2907
1312
190
2616
2818
1026
451
885
2885
1900
2242
540
2905
1295
2819
194
1748
1551
456
1162
2350
1631
862
2465
1210
1306
436
1044
39
2758
784
2586
162
1799
1684
2005
1494
976
2406
2390
1049
2545
2319
1135
794
757
366
991
1214
12
1509
1581
1466
6
2514
138
327
813
708
472
2556
2802
2096
2028
2437
1420
1292
1843
1058
1330
1247
940
583
1675
1019
2681
1941
1349
2598
2059
930
447
211
468
895
795
1600
1444
1030
1518
505
1934
480
146
2701
1996
2574
2495
618
2693
2371
459
621
1485
580
1163
2567
1974
223
2182
1836
1078
2381
2918
207
1313
2458
683
2919
1344
1012
1241
2299
229
2812
2544
159
1424
62
1373
950
2634
1788
787
1262
75
1565
1505
1586
967
112
2676
2708
1814
2697
537
2548
1982
1595
399
806
2486
638
185
2661
1168
1733
2129
2654
2930
149
1097
1897
744
1759
1361
134
1146
1243
2228
1792
2891
910
142
2253
1467
358
1789
2378
1825
1371
2781
662
917
1756
2839
2162
1908
718
961
1015
1815
76
934
1664
953
1260
1448
1104
735
1440
1020
1994
2438
1547
1965
1813
478
1641
1311
89
517
356
721
25
378
2292
1781
2231
331
484
1785
2619
252
1310
1927
1042
2901
1299
26
2577
2077
1778
58
2075
549
2434
2225
2696
1729
2501
1300
1232
1627
645
1961
2592
16
2326
230
379
2870
1338
2104
1175
1820
500
302
1047
233
1218
2087
2780
172
782
2785
2453
751
818
2857
1741
531
2727
283
1176
2355
1998
2117
2048
1672
2646
613
1122
855
2563
939
244
1726
777
2776
736
1304
2537
1538
839
1348
2304
1075
93
2102
726
2134
1213
1006
2037
2714
1410
2611
1832
1563
2218
1177
2937
2209
1248
1848
2207
1418
569
1358
108
326
2211
1945
2076
1579
1095
1527
1734
1977
633
1881
458
2346
1543
2791
1988
2279
348
2734
1422
2667
2120
1077
547
240
1709
1209
1249
1624
2856
804
1584
241
1561
2538
1251
1337
1430
696
100
883
996
1803
77
1995
1368
1824
1921
1973
2482
1423
2583
872
2883
385
2088
2469
684
247
1154
1059
217
188
254
661
2935
2550
2774
2902
698
846
2600
1141
2904
2432
1050
111
135
1320
1118
2868
1531
1582
1542
1233
2628
102
1700
57
2594
1479
2359
2635
1335
403
2411
1866
1689
1460
699
2689
2539
914
1658
1829
2928
673
80
1072
786
324
2515
799
1970
2431
1949
1318
1615
1606
1484
2933
2798
169
1169
2759
994
59
2569
2176
2246
1219
1124
1767
1702
274
2593
767
1798
2119
78
2132
1510
1173
2673
1074
2029
1890
2085
1333
2296
2137
1892
422
2256
2753
1655
2311
2238
520
2335
893
317
2730
912
1954
1242
22
2688
2013
1791
614
232
4
65
557
597
568
1441
2442
512
928
875
975
1090
1285
2194
2322
2584
2463
2572
2041
925
966
2210
1983
980
2247
1083
2444
2305
488
314
1861
2897
1991
2383
1618
852
248
380
495
2847
1573
1613
1522
1517
766
1690
2840
2133
988
374
351
598
539
772
2603
2803
720
2308
771
574
7
2630
1331
1548
1698
901
1780
1786
1913
1384
2056
1159
891
2678
1130
1626
2773
2560
2093
2248
601
204
2941
344
2585
1253
1666
404
713
152
2800
2715
963
1757
2002
269
2289
1966
2874
841
1830
2772
1711
712
1571
218
424
739
1001
575
1265
1475
354
321
2000
1585
2723
1404
1884
2195
2236
1461
2265
781
357
898
1817
2203
1917
2553
1801
2542
328
338
2837
2014
1837
1451
1938
2491
719
2602
2653
2086
464
1398
2356
2342
1935
926
702
442
433
1147
863
300
475
332
853
2864
2910
1462
2417
499
1307
299
765
1143
1688
2749
2214
1099
2410
2564
2783
556
2782
2478
1447
1686
1602
625
1397
1492
695
95
816
393
969
2212
1774
2007
1678
1701
309
1401
797
2872
1189
1184
755
1850
2267
554
2196
1640
439
43
306
783
2139
1779
2266
1693
2069
2422
2227
1167
2257
163
654
1888
2420
2487
1094
1450
1596
2160
2336
445
496
291
9
521
2372
1419
640
94
2570
17
775
1604
2521
935
1846
1008
2127
1506
2879
1642
266
605
2604
2614
2511
822
2185
1761
1844
1776
1224
1993
431
844
1435
2310
1727
2589
2470
1963
937
1696
2427
2775
663
2612
1515
2157
1269
1324
363
1910
2198
2770
2737
199
1365
1054
418
1901
2822
1192
2131
1028
119
2065
2140
407
711
297
1039
333
562
1178
1668
2413
2875
948
200
414
1601
2645
760
1138
1403
1656
1769
2145
1227
1212
724
2110
2626
541
2762
224
2270
2197
709
1493
71
1302
63
1728
79
2855
1221
392
2026
2627
2306
1014
15
429
1112
591
1590
1417
1827
607
2717
2360
330
2601
637
823
1760
1504
2115
1101
104
2259
2084
2153
916
2049
2044
1125
1673
308
2720
2795
2373
2850
446
632
1284
2873
944
1826
2008
105
513
2659
1926
1566
1744
2587
670
743
47
1382
2328
502
365
2057
2062
485
954
2072
400
2281
2914
2793
257
2896
1793
1445
1145
2193
1999
440
1150
1110
455
685
492
2167
259
1481
2523
550
1191
1022
425
2354
2666
2824
1787
1578
508
906
1662
2215
1746
2174
2446
566
444
141
2549
999
1570
809
546
884
1066
1453
2316
68
2404
1775
1968
2920
1469
793
1933
693
2111
2400
1607
2244
405
1182
1597
360
2494
669
2092
2079
2899
2504
2199
1670
1482
594
1329
728
955
1496
2405
1592
1990
466
2591
774
1823
1612
2046
319
1164
1536
1889
2392
2113
2670
2488
175
2706
641
1202
2022
359
504
1735
2573
2483
870
1593
985
367
2192
1562
1270
1069
2888
527
1706
31
2852
2367
116
1121
2169
2756
1502
295
879
236
2838
2234
2425
1011
1326
828
2854
2686
1619
687
322
1768
2441
1587
824
2684
1984
832
2509
2533
1732
2923
409
1634
2871
2324
2778
1876
577
1415
227
1770
2662
2385
490
113
2430
2489
382
1345
2936
2168
2796
128
1904
2455
56
1289
2536
1282
2809
1635
563
1870
189
2333
2747
311
305
423
1978
857
745
428
676
1386
837
644
1790
1583
1810
2732
1364
2186
465
1704
800
87
1651
1854
2672
1016
608
1002
2866
706
2671
2268
1245
1498
1231
353
1855
1568
507
958
1637
2424
1140
1886
1609
1437
501
896
1085
1859
323
2340
1267
971
1911
1319
461
192
1894
763
246
653
1819
1439
2343
2657
1105
1487
0
2557
2345
82
1356
983
1079
732
815
2416
1201
740
55
1369
831
1115
2804
979
964
2826
2698
260
1794
943
2440
1156
256
1380
205
536
1932
1323
2277
1355
552
610
1667
642
29
2019
838
2126
858
1630
919
32
1552
920
2599
168
704
1929
2527
2205
1969
2035
768
1226
2314
1560
579
1549
738
1671
1930
2382
1867
2039
2409
50
2006
1303
2254
1489
2471
2222
1771
1951
1632
727
419
1724
1925
2125
1895
2401
1856
909
2771
1316
1023
471
1005
874
1874
1464
2615
1458
2454
1628
2020
2358
1772
261
131
243
2021
377
1217
1296
2321
1980
2027
2565
725
1567
2118
44
147
850
691
1080
19
2128
1822
692
449
921
1750
990
489
1229
1477
411
2239
1853
1136
705
2811
401
347
2043
1067
1046
2152
1165
581
1428
1766
1739
2841
992
130
294
665
716
629
2755
18
1858
98
1021
2743
2644
2208
2788
276
313
2752
2272
1000
2474
578
894
2882
871
2792
1907
1409
1148
2817
1190
941
2421
2307
2144
611
497
2201
10
2827
908
395
535
454
1639
595
1972
1393
658
1096
2033
1009
1852
1055
785
1942
2842
1010
1920
516
2863
754
226
435
538
178
1529
519
2123
1764
2
1679
1297
1777
2926
1610
2130
2235
2447
866
1290
533
1471
2639
2915
1883
73
1061
364
2365
2575
2241
2578
2181
106
2876
565
1818
1649
2290
2801
441
2748
1550
368
2368
2779
426
1183
1076
2250
1869
1412
38
2908
101
886
1947
1880
1589
482
2109
2541
1117
876
1887
1327
1
1783
1317
1246
1280
1650
1849
1203
1725
2934
1228
1442
2045
2315
1416
2003
14
2650
792
1736
1257
1577
1470
1503
2718
2808
2349
312
1569
486
237
660
40
320
1003
2397
21
272
2518
220
350
1293
836
2451
1918
753
2703
1749
2101
1379
2282
2320
859
612
2114
1763
214
2221
902
1468
2922
81
679
177
1808
1208
1088
506
2507
2648
2099
747
2725
154
1685
2141
60
264
2054
2344
1677
1885
2571
1499
892
649
2724
262
221
2893
114
285
1392
847
1928
1457
2929
2051
749
548
1127
646
1804
2810
1098
2700
1032
2623
303
1377
434
1513
2124
2017
1839
160
2159
1193
2821
1239
1170
1537
2566
2240
593
493
2220
626
48
2082
410
1718
524
2399
1989
1623
1459
1703
970
2497
1298
164
2112
2596
570
310
109
1073
282
107
450
2107
968
1064
560
1034
2760
880
936
381
2641
2679
825
1343
304
2828
137
1274
1851
2744
2309
267
1625
253
717
2547
165
1572
335
615
1811
136
1598
2643
120
452
1370
2735
2264
2510
1751
23
764
2190
1731
2031
2477
2691
2726
1129
121
2351
1387
2797
2789
2832
1912
2380
867
69
509
2042
567
2916
1753
918
3
196
2445
1981
2393
2845
124
1041
2379
491
634
2848
1564
352
2887
631
878
467
700
1017
2652
473
1024
599
498
677
778
849
2843
2559
2492
1264
1841
1495
1944
1354
463
1847
790
808
1268
13
946
1334
1108
1151
1692
337
861
1120
346
2705
1222
686
1065
2683
2204
1053
2921
932
91
1652
703
2582
1873
737
1959
1588
2001
722
821
2258
155
2898
1152
375
2386
2642
905
1086
51
2081
2913
2063
1611
1166
2053
2493
1603
2450
167
2330
387
2620
1406
1676
2508
526
2637
1240
2682
481
2058
882
2080
2158
2867
1378
2223
2784
951
225
2122
2740
1519
2517
215
2175
542
2091
1871
2375
1161
84
1133
2016
750
962
590
1802
2716
1694
1314
263
1426
1443
2677
1507
2552
2890
929
530
2293
476
61
1657
1350
2484
2202
1864
1902
2580
2389
2166
176
2094
1683
2786
927
1535
2777
2940
2352
2462
1188
1185
2083
2456
483
854
1616
776
2387
2766
2312
811
834
779
1389
2555
1255
2116
1937
2464
1322
534
1520
1204
2763
1391
2106
1433
1745
143
1773
2707
1594
1898
523
2362
845
1429
1206
2200
2376
2925
2187
1865
1102
383
2695
592
1523
860
680
1914
187
1399
2015
2757
1940
628
1875
340
1180
2806
682
2525
1126
1353
2149
1877
1116
1661
2055
1674
938
1037
1478
487
1576
66
865
1957
1717
1842
2327
2711
748
913
2736
1797
2261
770
1784
1979
1153
2275
678
1541
2040
1653
1833
659
2820
1446
672
2332
1197
1411
339
1663
978
1544
2675
856
1111
1714
432
1215
1394
643
1575
897
1645
1158
945
1840
1266
2073
2269
2165
596
2605
83
2823
1919
268
129
2825
2844
74
2402
2836
2721
674
1456
2835
1254
271
183
286
110
1155
219
1258
1421
2337
1879
384
181
2932
741
2230
2590
210
2588
1157
213
1924
388
1321
1532
2624
2448
1665
1806
2656
2078
2490
933
558
2731
179
117
573
277
887
1953
1796
1939
156
582
1617
2245
2927
2807
1905
1043
1474
1697
1463
2886
389
1051
2651
1237
986
1363
1057
1559
2050
161
2452
334
1950
315
2224
2233
2498
668
1975
758
1534
998
2702
2609
2610
52
2213
956
2301
2625
814
843
1553
1261
1922
85
609
427
904
1488
2191
1754
2251
528
1357
2403
1405
1413
1952
325
1629
923
1238
184
2361
2298
133
1119
2398
617
734
1449
2461
2503
198
2052
2188
1501
2178
2364
1614
1525
553
2502
2066
1431
1831
406
2713
1181
1931
2394
603
1557
398
2074
1620
2171
2025
1374
1287
2217
397
2814
1199
270
1807
2617
1092
2519
675
2423
2813
1286
2655
2067
1366
2090
1109
2481
2034
42
1473
1341
2830
212
1436
2089
1281
1139
46
1291
421
2363
773
329
2433
689
2829
2704
222
2018
544
1899
140
2098
1305
2135
1339
636
216
438
2520
1414
801
1277
2449
2475
1524
2535
1235
2663
2710
86
1491
1383
1964
2581
1089
474
666
2764
390
171
2189
1033
278
1250
2506
2608
2884
115
2219
1710
2295
2180
1636
2722
417
1554
166
671
1758
2480
1315
2632
2562
1408
1738
2357
413
2183
2408
817
408
694
688
627
1062
1976
1669
1385
289
343
1198
402
150
1332
657
292
2278
2334
2226
462
477
1007
952
2038
1035
1276
132
2903
457
36
889
2546
2687
2249
510
2009
587
2746
1455
868
416
2858
2912
298
1036
1882
2108
2869
2436
151
1742
2526
1893
88
2302
1196
1407
372
2622
915
139
584
24
33
830
1539
1546
2285
1800
2479
1052
2794
1205
1528
249
2558
2347
2318
1687
1828
1755
301
2690
494
2429
2505
1654
564
370
1860
2263
2010
827
1903
820
2633
1574
1695
655
1362
624
251
1508
514
1682
1375
664
2161
2150

