84
2768
742
65
1032
435
318
667
2140
993
1126
2249
678
267
175
1270
1735
1942
1297
1271
2319
1340
514
2363
1705
2146
2745
1153
1464
1731
2934
1328
2131
1182
1416
468
2546
1932
1405
1946
259
836
2360
1816
1167
331
856
1378
2435
3
246
1938
88
1132
690
698
2711
902
2200
2757
1687
749
2044
790
1997
120
235
533
2006
1894
427
1892
605
395
1578
760
1315
1544
1927
42
2908
2514
2434
2311
2609
1237
2862
967
2629
857
270
1281
1334
632
2877
911
2730
573
979
642
2597
1968
1516
1064
1246
1377
2608
953
1656
1808
62
2374
957
759
2074
2347
1326
2396
551
51
90
1617
1957
646
484
1562
1100
2786
2244
1426
2682
2289
1455
2151
1954
2226
2941
2571
1365
1956
2454
1444
2620
2670
2161
1939
145
2145
745
2927
2218
1668
1897
787
123
81
245
747
2642
2588
1278
2344
294
218
1711
2096
1672
1982
2817
683
2089
50
792
720
2135
2383
1724
269
862
526
1707
495
1397
896
910
2798
2162
1588
244
2811
820
2382
2735
1989
2494
2397
2505
1654
43
2401
2837
980
2844
2848
314
2644
571
397
2159
1611
2071
1294
1800
847
1467
481
2372
2743
937
117
118
1568
2468
1848
1561
2882
2504
2011
1011
1781
1263
2306
970
2232
174
474
1608
215
805
2461
655
2384
2586
2233
1142
1043
2774
1792
1978
1908
1398
2562
1203
2055
1833
1909
1936
771
1532
361
1330
1653
2309
1779
2329
264
1172
1091
917
2325
1834
2391
663
93
546
59
1469
961
1657
860
538
2676
2886
921
80
2652
2508
1088
1548
680
178
977
2869
1712
2137
1420
2455
1577
1101
1540
2639
1567
162
2005
1526
1020
765
2853
584
1728
1863
696
2875
53
668
76
2763
2108
1798
448
1730
2487
2664
1566
249
982
796
1292
251
2358
1772
321
1678
976
1788
317
817
2595
2906
1143
1485
2879
2678
2260
1116
2500
2894
160
27
2173
34
2852
370
2889
1428
1216
60
340
2083
899
1500
2318
2624
1666
2705
545
1221
2124
2080
227
1643
1034
2209
1430
681
985
2445
1048
92
1736
880
1856
2136
147
1440
1039
344
2375
1496
1164
223
509
1662
172
126
385
362
491
2930
2257
37
2809
243
2530
628
1545
2386
2404
1306
1386
2599
1846
981
575
2896
1010
472
1855
2646
1715
2037
1658
1915
2539
2651
473
2770
1869
1366
1638
2673
607
2540
1966
2615
203
1667
2826
157
2496
8
812
1036
1074
932
844
2918
881
1384
2223
2072
689
1006
2185
2371
2180
433
936
68
1640
1937
1335
1443
923
1831
2237
2018
2474
1972
2569
2424
2778
1087
2322
1184
578
2784
1406
2091
517
603
2592
2795
1236
1371
1489
1148
2513
725
14
1108
1076
232
2346
638
1357
2172
1059
1531
2243
242
2587
2296
630
577
369
1962
1511
1194
1499
1859
1229
841
969
866
2849
2563
762
2868
2729
1240
2734
268
718
2389
1778
1697
1811
1991
1041
1930
1447
2535
2902
825
2369
1733
2073
1400
1352
2684
1683
2265
2026
2163
1204
1879
1097
2555
2093
2420
2282
811
2128
1308
2000
2619
56
1018
1791
1249
2528
2600
2075
2645
2936
1099
699
2649
2160
1298
769
2497
2890
1887
1103
2152
1094
2416
74
560
1595
2507
2082
512
874
213
434
959
2553
2897
619
1755
1432
2715
2772
859
2697
2303
85
905
1158
2564
2839
1552
2090
2170
2669
2915
1421
1614
1361
1145
1185
622
1367
1881
2419
1376
775
186
1111
995
220
563
2602
590
988
2666
863
550
616
2725
2870
1012
2640
1304
850
1564
2004
1411
1710
2478
1807
2366
1081
1579
438
1490
343
173
1391
1251
1585
1252
2746
2824
129
241
1269
2328
588
263
2300
1242
2764
510
134
2086
1743
661
1027
1628
2726
164
2668
261
1505
2150
1825
1102
724
417
2331
1372
852
2008
1523
924
1445
119
1115
2332
633
2482
737
1851
1509
2104
1704
1529
2348
1646
304
2350
2225
828
140
757
1923
1790
1934
406
1317
2202
826
2610
311
1319
2541
1581
2388
2488
2518
1740
892
2713
1539
1253
2266
1674
1514
342
2898
407
1594
1137
1685
948
2537
2165
1046
1557
1501
325
555
1812
816
2754
2723
10
1622
309
2017
946
387
893
703
207
2405
191
1151
1607
2207
1958
324
403
2111
846
114
1984
2780
1369
1591
24
585
467
345
2222
26
752
2041
2196
2577
2456
440
2490
2281
1642
599
124
1394
583
2856
1876
532
1267
2007
1138
736
2662
2061
913
1629
48
38
100
2219
113
502
2227
2045
139
128
1136
2031
1684
971
886
1701
2692
2660
392
570
2827
341
1732
2799
1382
384
5
2700
2188
79
2199
1118
1358
2892
1669
2353
1679
398
432
41
1870
258
1459
519
167
1408
70
1596
248
2703
542
1659
1512
2522
1550
1563
310
2179
226
2808
271
1556
2661
279
2759
2462
2781
1840
1949
2613
1584
544
1677
1752
2447
1799
1130
2926
1987
292
1719
641
1896
1828
1645
2865
2701
1898
2290
644
1370
200
2059
539
1303
834
423
611
1413
394
32
1225
715
617
2542
2109
711
926
206
1290
2361
1767
831
602
2035
1171
2439
89
1058
1878
1347
1565
2867
278
1218
1841
972
1199
1233
1114
337
2033
855
2821
908
1945
2337
2268
876
2493
1899
2816
2940
1476
1926
363
534
2675
2516
1574
470
965
2511
2381
1920
1272
832
2359
2758
2628
2192
494
443
2689
1971
1821
332
1030
477
761
1472
728
233
275
2117
2458
2543
450
625
518
1060
2081
2105
766
2909
1243
2648
2549
1613
2336
135
1873
1404
2582
199
591
16
1295
71
712
1001
1409
1002
1446
497
2261
390
2334
2596
2190
352
2721
2769
2130
2228
808
1603
1702
1829
1983
768
185
1147
1975
2132
2654
791
429
941
2617
2048
1625
693
315
2717
949
669
2679
950
665
166
2621
1424
2709
1527
2790
1359
785
1547
110
1071
707
2671
2442
2727
1891
2293
2460
2830
1026
2029
2782
2841
1113
2394
2450
2339
620
1813
2264
187
2659
2690
2583
1008
1107
1200
1814
806
1168
2921
1698
1219
1785
871
813
1874
2913
1131
368
772
476
2418
1780
415
2804
240
1504
102
1886
347
809
2480
2412
2308
486
2084
461
247
1554
1487
554
1287
2291
2433
1977
1609
339
2217
1483
1741
2656
939
1264
2801
353
326
302
112
1839
2632
2052
1822
537
541
2924
776
2186
1706
256
2919
1342
2854
1222
947
691
2428
692
610
2154
731
1912
1112
925
1154
152
1188
1931
1986
2330
2580
604
2835
1849
2395
487
253
1478
2302
2533
2874
1761
1722
2747
1530
1872
1436
421
2749
2704
86
1717
1809
2239
365
1558
767
774
2616
909
1865
2133
1261
2050
2333
449
131
2895
2706
15
543
1900
556
845
2650
7
2707
2274
1917
2201
2861
2872
2672
1471
1709
289
295
1716
2278
2695
1826
1139
1515
2506
1035
2871
726
2267
1007
2712
1186
2578
873
2236
964
1700
1651
1165
654
1633
376
1040
1890
2423
614
1017
2601
2699
740
2576
1140
2342
1329
1620
2271
1066
2321
1320
1057
2696
1095
154
687
106
1765
717
994
997
1314
1093
2584
2062
2551
377
1380
848
657
1905
463
75
389
483
674
2842
704
2857
2178
2280
973
2155
209
733
1122
2034
2169
2253
2920
1275
402
1063
1727
1069
2658
885
2112
2184
1067
2380
1586
1589
2731
1014
297
764
1794
2166
2510
2299
1212
779
412
478
2611
1652
1757
436
2448
2357
1770
13
1787
1307
2134
1773
2269
2623
1955
2579
1302
600
705
656
931
565
960
1837
1864
755
1815
2901
1587
55
520
2641
1723
889
1992
2127
660
709
1177
1862
823
2425
1737
273
915
298
1703
2785
1211
2647
2356
2866
562
442
393
2099
1434
441
553
137
2320
212
1373
1442
2158
686
1854
1993
777
2138
647
2878
1933
1918
851
1019
2732
882
839
2215
1694
601
1681
1793
1053
1924
2585
1256
1718
513
978
188
2829
2627
1438
1089
1882
1037
2815
1375
1266
1867
2088
1180
2431
176
615
465
201
1166
2691
2118
2470
2820
1156
564
1259
1141
2181
1830
224
734
1616
2880
2259
2298
1818
884
1223
1729
1075
676
645
1119
2436
2520
2677
2252
2121
2807
2403
2279
2187
2796
1024
1234
334
400
1502
1422
1745
1965
1553
499
1104
2392
2246
211
2212
2242
1914
95
2777
1316
837
1919
1686
1210
2415
2094
2481
1322
159
367
2604
1231
141
1189
2079
2272
677
695
2123
1777
1013
511
313
282
225
1895
364
1465
2557
418
666
35
183
168
1507
897
1960
2929
2736
1117
1313
169
1782
2547
1947
1461
746
1462
1871
1517
1671
272
2900
2888
2548
989
148
1348
293
1491
1929
1383
875
1664
2231
2744
2733
445
2056
1764
77
464
2457
901
375
688
1146
2390
229
2216
208
1804
2832
784
2910
1427
2032
521
613
1580
2932
161
2622
643
1510
1665
194
57
1473
2204
1663
1593
1981
608
1820
508
2409
1661
2472
252
2315
1082
2189
451
1691
2273
0
2195
649
1085
1144
165
1631
125
835
658
1451
2720
1827
998
338
485
507
1605
549
1521
1277
2413
2285
284
1857
2625
942
121
1
1149
2307
1524
1268
574
2524
713
1907
2810
163
833
879
1125
2762
277
1599
954
2843
336
2567
2503
1624
1425
1079
2156
587
907
802
2114
1590
1336
1086
582
1162
1338
2876
1070
2612
1127
2171
1576
2248
635
679
493
66
2526
916
1746
410
1173
1756
1650
819
2149
1388
2722
1801
1056
2515
894
33
2805
136
2846
1560
1354
2377
1458
843
1877
2027
133
1284
1339
266
1363
810
150
290
2607
2402
2370
411
2078
144
1974
358
2453
1247
262
255
2589
2740
714
83
2115
382
1193
2092
2100
64
2379
30
2838
829
1157
1519
1538
1387
1031
2101
1525
2834
1641
1441
566
1747
778
2760
1795
1789
1847
2558
391
653
301
1021
1403
2485
1023
1985
360
1970
132
2802
1806
1518
2197
2022
1215
373
2693
1084
2238
1175
906
1191
824
1911
414
2443
1546
2213
2836
2126
216
492
1192
1750
2110
2076
580
1109
524
1257
2208
1695
2718
1083
1468
286
2020
109
1009
1332
782
2475
2427
230
530
621
958
503
1235
1889
1884
854
798
2904
975
1676
2752
527
1875
250
1481
300
684
1213
1374
609
2509
2653
2858
6
929
1817
1201
1187
17
702
1680
1999
864
1356
2203
455
25
1176
1051
2939
202
2881
1498
454
872
2581
96
1214
1536
840
116
2935
2789
968
2255
2120
308
1725
44
800
838
1494
2887
1327
662
2845
2326
2362
1207
190
2254
626
2283
596
700
1289
2922
890
2893
281
1196
2164
801
2211
579
2198
2728
1202
2491
2775
2014
2687
2003
951
2327
1155
482
287
19
918
359
1903
814
597
2756
2251
1368
1159
2224
2626
501
2566
515
821
940
299
1618
1333
1390
31
2476
557
2529
945
1528
1805
2800
2532
12
710
2411
488
2657
1337
751
419
2028
2057
522
2681
72
594
319
28
2819
2351
898
2422
1835
572
138
1904
1431
2931
2767
1312
1349
2765
489
1344
920
763
104
1452
1482
1810
274
2440
2742
842
567
2276
2928
1393
2043
2
2855
1935
1893
708
2277
2191
2484
992
1572
2702
1381
383
664
1045
2916
2521
2636
479
822
1948
2256
1003
2064
758
2095
2234
444
786
2143
2410
260
1238
830
2220
2554
1379
1265
399
1486
2087
2598
1239
1670
2683
1630
1925
2797
1623
682
305
2766
1208
1754
730
2914
2258
581
773
2498
956
67
1520
756
437
569
2792
307
457
2591
231
536
2483
2719
82
2502
2338
1823
2065
239
1028
254
794
1205
196
2221
1951
612
1973
1696
2593
2387
181
2630
1392
2527
1077
2471
1449
2323
408
701
1054
496
1549
2054
2738
330
903
922
1274
2573
498
2024
439
2058
2605
586
1979
306
1244
1866
1734
153
627
694
2741
670
1513
807
1460
2907
1055
36
127
2046
1503
1062
2270
2230
2051
1209
1457
453
748
105
1751
2512
2069
636
1771
2345
329
1720
2813
20
1004
1072
1325
171
1402
2565
1583
2025
618
1880
49
91
2674
1952
1660
2235
1258
146
1484
1052
1401
2905
1106
559
722
2783
2489
2665
2085
2655
716
328
1217
505
1508
2638
1293
1883
170
1606
1181
1885
2618
1842
1634
2141
2559
2446
205
1648
108
2466
1673
1492
1120
184
984
1749
2174
2923
2637
1005
180
2139
1994
883
475
1682
1044
1466
122
1569
2556
2102
1844
548
2643
366
356
2525
1522
849
803
1224
1688
2451
2376
2142
69
2473
1415
2047
1888
1350
974
1824
535
1324
401
409
73
2885
1610
1819
2414
1061
1980
379
1152
651
1296
1470
2737
1399
721
2860
2049
2036
1288
697
1161
2688
156
1341
781
1902
1311
1964
650
2340
1206
2750
1738
1038
1619
2119
1995
732
2205
1763
1850
1692
1433
386
1029
2098
986
739
204
1050
2594
1049
1169
887
1708
22
2840
1232
723
1998
888
413
1123
1555
58
357
380
142
935
2193
2365
634
98
285
1644
1901
1245
2429
63
46
1321
323
2407
2103
2883
1832
2568
198
1796
458
424
1134
1636
1760
2313
818
2864
999
1541
1456
1600
1845
1190
1573
1230
2125
914
1721
288
1759
552
1602
955
1959
930
2938
2437
1497
561
900
2680
416
2572
1582
490
1343
2851
1559
1996
447
1647
1353
430
540
1480
1906
101
648
2519
1543
2106
1178
1073
2937
671
2561
2040
2016
291
595
177
2859
2042
531
2755
2517
1726
719
2499
446
2793
1635
2019
1250
2685
195
1195
1477
1345
354
1612
1412
2667
877
111
1988
2545
895
1273
420
217
350
2297
2794
853
1860
222
2899
2317
927
589
2316
743
265
631
2635
1475
904
1575
1129
23
257
2305
238
158
2560
2214
1254
372
4
2324
189
1323
2486
1463
1632
374
2787
2698
673
938
1016
1163
9
469
780
1802
404
1305
2010
2229
783
462
1570
1858
1042
1418
2116
952
322
1096
919
652
1637
2314
2070
1090
1861
1537
151
1291
1198
2911
2452
405
1262
2077
99
629
2432
858
1961
637
1025
471
1160
2788
2063
1627
2806
2153
1783
2287
2021
182
1454
1414
381
2614
2694
2479
2247
576
983
1248
639
1135
333
2398
1963
2107
2464
1080
320
1535
1479
1423
371
2776
2393
558
867
78
1226
1506
1105
2459
2803
675
2791
2039
593
1220
1078
2739
466
500
2304
2686
39
2310
2469
1928
115
2814
1241
1396
276
2812
990
934
2250
2863
2891
192
2426
827
1976
966
2714
11
2009
2544
2833
2349
1453
1047
348
799
2449
2884
2590
2477
2240
738
2147
2925
2066
2206
795
18
2421
1439
1068
2603
1488
2341
316
1197
770
1913
2301
2364
2060
29
1598
2933
396
1170
1838
1121
2710
228
388
2002
2850
1604
2294
1286
1943
2825
2097
234
516
606
2367
878
2523
1174
1868
793
741
2385
1744
2771
963
1385
2245
1360
659
727
525
2399
962
280
2352
2873
45
1133
1967
1300
349
1843
2441
1775
706
1098
61
2210
2430
1748
1389
2634
2241
2113
197
933
312
1448
1784
865
1410
210
1285
2534
2167
1551
2144
912
327
1950
2716
891
1450
2177
52
2182
1128
1279
1092
2354
2574
1260
1597
1774
2552
1309
623
1435
346
815
237
1803
2536
1033
1776
2406
2495
2708
2068
1916
2575
1910
598
2263
2438
991
155
1015
672
1940
506
1310
2175
1853
2417
729
460
2633
2053
870
1542
1282
547
944
2463
528
2492
685
1922
592
1615
2531
452
2373
193
1417
2001
868
2262
1742
1283
1150
1836
2023
2724
2288
504
296
987
94
624
1797
1626
2157
1766
1255
1065
2823
744
1768
21
87
1280
1124
2631
1655
2129
1762
2275
2903
2748
2030
1921
1533
130
351
753
456
2284
149
1179
2335
1407
943
1693
2286
1301
2822
529
2378
459
1474
1493
1395
2570
1571
219
425
797
1437
2753
2355
1758
2012
2467
1601
2550
2038
2828
2751
1753
2183
1022
750
996
788
2847
2148
1331
928
2779
523
2408
221
355
2194
2400
1429
1769
2818
303
283
422
1690
1689
426
789
1000
1318
754
1739
2465
378
97
47
735
1944
103
1649
1364
431
869
1953
2292
2501
1362
640
2606
480
1276
1621
1299
2176
2343
2312
2917
40
2773
1786
1534
54
1639
1355
107
2444
335
861
1351
2663
1592
1675
1852
428
568
1227
1969
2015
1714
179
1346
1419
1110
236
143
2912
1699
1713
2761
2368
804
2538
1183
1228
1495
2013
2295
1941
2168
2067
2122
1990
2831
214

