1 0
2 1
3 1
4 0
5 1
6 1
7 1
8 0
9 1
10 1
11 1
12 0
13 1
14 0
15 0
16 1
17 0
18 0
19 0
20 1
21 1
22 1
23 0
24 1
25 0
26 0
27 1
28 1
29 0
30 0
31 0
32 0
33 0
34 1
35 0
36 0
37 1
38 1
39 1
40 0
41 1
42 1
43 0
44 0
45 1
46 0
47 1
48 1
49 0
50 0
51 1
52 1
53 0
54 1
55 1
56 1
57 1
58 1
59 0
60 1
61 1
62 0
63 0
64 1
65 0
66 0
67 0
68 1
69 1
70 0
71 1
72 1
73 0
74 0
75 0
76 1
77 1
78 1
79 0
80 1
81 0
82 0
83 0
84 1
85 0
86 0
87 0
88 1
89 1
90 0
91 1
92 1
93 0
94 0
95 0
96 1
97 0
98 0
99 1
100 1
101 1
102 0
103 0
104 1
105 0
106 1
107 1
108 0
109 1
110 1
111 1
112 1
113 0
114 1
115 1
116 0
117 0
118 0
119 1
120 1
121 1
122 0
123 0
124 1
125 1
126 0
127 1
128 1
129 0
130 0
131 0
132 0
133 1
134 0
135 0
136 0
137 1
138 1
139 1
140 0
141 1
142 1
143 0
144 1
145 1
146 0
147 0
148 1
149 0
150 0
151 0
152 1
153 0
154 0
155 0
156 0
157 1
158 1
159 0
160 0
161 1
162 1
163 0
164 1
165 0
166 1
167 0
168 0
169 1
170 1
171 0
172 0
173 0
174 1
175 0
176 1
177 0
178 0
179 1
180 1
181 1
182 1
183 1
184 1
185 0
186 0
187 0
188 0
189 1
190 1
191 1
192 0
193 0
194 1
195 1
196 1
197 0
198 0
199 0
200 0
201 1
202 0
203 1
204 0
205 1
206 1
207 1
208 0
209 0
210 0
211 0
212 0
213 0
214 1
215 1
216 1
217 0
218 1
219 0
220 0
221 1
222 0
223 1
224 1
225 0
226 0
227 1
228 0
229 0
230 0
231 1
232 0
233 1
234 1
235 0
236 1
237 0
238 0
239 0
240 0
241 1
242 0
243 0
244 1
245 1
246 0
247 0
248 0
249 0
250 0
251 0
252 0
253 0
254 0
255 0
256 0
257 0
258 0
259 0
260 0
261 1
262 0
263 1
264 0
265 1
266 0
267 0
268 1
269 1
270 1
271 0
272 0
273 1
274 1
275 1
276 1
277 0
278 1
279 0
280 0
281 1
282 1
283 0
284 0
285 1
286 1
287 1
288 0
289 0
290 1
291 0
292 0
293 1
294 0
295 0
296 1
297 1
298 0
299 1
300 1
301 0
302 0
303 1
304 1
305 1
306 1
307 1
308 0
309 0
310 0
311 0
312 0
313 0
314 1
315 1
316 0
317 1
318 0
319 0
320 0
321 1
322 0
323 0
324 0
325 1
326 1
327 1
328 0
329 0
330 0
331 1
332 1
333 0
334 1
335 0
336 0
337 1
338 1
339 0
340 0
341 1
342 1
343 0
344 1
345 0
346 1
347 1
348 0
349 0
350 1
351 0
352 0
353 1
354 0
355 1
356 1
357 0
358 0
359 1
360 1
361 1
362 0
363 0
364 1
365 0
366 0
367 1
368 1
369 0
370 1
371 0
372 1
373 1
374 1
375 0
376 1
377 1
378 0
379 0
380 1
381 0
382 1
383 0
384 1
385 0
386 1
387 0
388 0
389 0
390 1
391 0
392 0
393 1
394 0
395 0
396 0
397 0
398 1
399 0
400 0
401 1
402 1
403 1
404 1
405 1
406 0
407 1
408 0
409 1
410 1
411 0
412 0
413 1
414 0
415 0
416 0
417 1
418 0
419 0
420 0
421 0
422 0
423 0
424 1
425 1
426 1
427 0
428 0
429 1
430 1
431 0
432 1
433 1
434 0
435 0
436 1
437 0
438 0
439 1
440 1
441 0
442 0
443 0
444 1
445 0
446 0
447 0
448 1
449 1
450 0
451 0
452 0
453 1
454 0
455 0
456 0
457 1
458 0
459 0
460 0
461 1
462 1
463 1
464 0
465 0
466 1
467 0
468 1
469 0
470 0
471 0
472 1
473 0
474 0
475 1
476 0
477 0
478 1
479 0
480 0
481 1
482 1
483 1
484 1
485 0
486 1
487 1
488 1
489 0
490 1
491 1
492 1
493 0
494 1
495 1
496 0
497 0
498 1
499 1
500 1
501 0
502 0
503 0
504 1
505 0
506 0
507 0
508 0
509 0
510 0
511 0
512 1
513 1
514 0
515 0
516 0
517 1
518 0
519 0
520 1
521 1
522 0
523 1
524 1
525 1
526 1
527 0
528 0
529 0
530 0
531 0
532 1
533 0
534 0
535 0
536 0
537 1
538 0
539 0
540 0
541 0
542 0
543 1
544 0
545 1
546 1
547 0
548 0
549 1
550 1
551 1
552 0
553 0
554 0
555 1
556 0
557 1
558 0
559 0
560 0
561 0
562 1
563 0
564 0
565 1
566 1
567 1
568 0
569 1
570 1
571 0
572 0
573 1
574 1
575 0
576 0
577 0
578 1
579 0
580 0
581 0
582 1
583 1
584 0
585 0
586 1
587 0
588 0
589 1
590 0
591 0
592 0
593 1
594 0
595 1
596 1
597 0
598 0
599 0
600 1
601 1
602 0
603 1
604 0
605 1
606 0
607 0
608 0
609 1
610 1
611 0
612 1
613 1
614 1
615 1
616 0
617 0
618 0
619 1
620 0
621 0
622 1
623 0
624 0
625 1
626 0
627 0
628 0
629 1
630 1
631 1
632 0
633 1
634 0
635 0
636 1
637 0
638 0
639 0
640 1
641 1
642 0
643 1
644 0
645 1
646 0
647 1
648 1
649 1
650 0
651 0
652 1
653 0
654 0
655 0
656 1
657 0
658 0
659 0
660 1
661 0
662 0
663 0
664 1
665 1
666 0
667 0
668 0
669 1
670 0
671 1
672 1
673 0
674 0
675 1
676 1
677 1
678 1
679 0
680 0
681 1
682 1
683 0
684 1
685 1
686 0
687 1
688 0
689 0
690 1
691 1
692 1
693 0
694 1
695 1
696 0
697 0
698 1
699 1
700 0
701 1
702 0
703 0
704 0
705 0
706 0
707 1
708 1
709 0
710 0
711 0
712 1
713 0
714 1
715 1
716 1
717 0
718 1
719 1
720 0
721 1
722 1
723 0
724 0
725 0
726 1
727 1
728 1
729 0
730 0
731 1
732 1
733 0
734 0
735 1
736 0
737 1
738 1
739 0
740 0
741 0
742 1
743 1
744 1
745 0
746 0
747 1
748 1
749 1
750 1
751 0
752 0
753 1
754 0
755 1
756 1
757 1
758 1
759 0
760 0
761 0
762 1
763 0
764 0
765 0
766 1
767 0
768 0
769 1
770 1
771 0
772 0
773 1
774 0
775 0
776 0
777 0
778 1
779 0
780 1
781 1
782 0
783 0
784 1
785 1
786 1
787 0
788 0
789 0
790 0
791 0
792 1
793 0
794 0
795 0
796 0
797 1
798 0
799 1
800 0
801 1
802 0
803 1
804 0
805 0
806 0
807 0
808 0
809 0
810 1
811 1
812 0
813 0
814 1
815 0
816 0
817 0
818 1
819 1
820 0
821 1
822 0
823 0
824 0
825 1
826 0
827 0
828 0
829 0
830 1
831 0
832 1
833 0
834 0
835 0
836 1
837 1
838 0
839 0
840 0
841 0
842 0
843 0
844 0
845 0
846 1
847 1
848 0
849 0
850 1
851 0
852 1
853 1
854 0
855 0
856 0
857 1
858 1
859 0
860 0
861 1
862 0
863 1
864 0
865 0
866 1
867 0
868 0
869 0
870 1
871 1
872 0
873 0
874 1
875 0
876 0
877 0
878 1
879 1
880 0
881 1
882 0
883 0
884 0
885 1
886 0
887 0
888 0
889 1
890 1
891 1
892 0
893 0
894 1
895 0
896 1
897 1
898 1
899 0
900 1
901 1
902 0
903 1
904 1
905 0
906 1
907 0
908 1
909 1
910 0
911 1
912 0
913 1
914 1
915 1
916 0
917 0
918 0
919 1
920 0
921 0
922 0
923 1
924 1
925 1
926 0
927 1
928 0
929 1
930 0
931 1
932 0
933 0
934 1
935 0
936 0
937 0
938 1
939 1
940 0
941 0
942 1
943 0
944 0
945 0
946 1
947 0
948 1
949 0
950 0
951 0
952 1
953 0
954 0
955 0
956 1
957 0
958 0
959 0
960 1
961 0
962 1
963 1
964 1
965 0
966 0
967 1
968 0
969 0
970 0
971 1
972 1
973 0
974 0
975 1
976 1
977 0
978 1
979 0
980 0
981 0
982 1
983 0
984 0
985 1
986 0
987 1
988 1
989 1
990 0
991 1
992 1
993 0
994 1
995 0
996 0
997 0
998 0
999 0
1000 0
1001 0
1002 1
1003 0
1004 1
1005 0
1006 1
1007 0
1008 1
1009 1
1010 0
1011 1
1012 1
1013 1
1014 0
1015 0
1016 0
1017 0
1018 0
1019 1
1020 1
1021 1
1022 0
1023 0
1024 0
1025 1
1026 0
1027 1
1028 0
1029 0
1030 0
1031 0
1032 0
1033 1
1034 0
1035 0
1036 0
1037 1
1038 0
1039 1
1040 1
1041 0
1042 0
1043 1
1044 1
1045 0
1046 1
1047 1
1048 1
1049 0
1050 1
1051 1
1052 0
1053 1
1054 0
1055 1
1056 0
1057 0
1058 0
1059 1
1060 0
1061 1
1062 1
1063 1
1064 1
1065 0
1066 1
1067 1
1068 1
1069 1
1070 0
1071 1
1072 0
1073 0
1074 0
1075 1
1076 1
1077 1
1078 1
1079 0
1080 0
1081 1
1082 0
1083 0
1084 0
1085 1
1086 0
1087 1
1088 0
1089 1
1090 0
1091 0
1092 0
1093 1
1094 1
1095 1
1096 1
1097 1
1098 0
1099 0
1100 1
1101 0
1102 0
1103 0
1104 0
1105 1
1106 0
1107 0
1108 1
1109 1
1110 0
1111 0
1112 0
1113 0
1114 1
1115 1
1116 0
1117 0
1118 0
1119 0
1120 0
1121 1
1122 0
1123 0
1124 1
1125 1
1126 1
1127 1
1128 1
1129 0
1130 1
1131 1
1132 1
1133 0
1134 0
1135 1
1136 0
1137 0
1138 0
1139 1
1140 0
1141 0
1142 1
1143 0
1144 1
1145 0
1146 0
1147 1
1148 1
1149 0
1150 1
1151 1
1152 1
1153 0
1154 1
1155 1
1156 0
1157 1
1158 0
1159 0
1160 0
1161 0
1162 0
1163 0
1164 1
1165 0
1166 0
1167 1
1168 0
1169 0
1170 0
1171 1
1172 1
1173 0
1174 1
1175 1
1176 0
1177 1
1178 1
1179 0
1180 0
1181 1
1182 1
1183 1
1184 0
1185 0
1186 0
1187 0
1188 1
1189 0
1190 0
1191 1
1192 0
1193 1
1194 1
1195 1
1196 0
1197 1
1198 1
1199 1
1200 0
1201 1
1202 1
1203 1
1204 0
1205 1
1206 1
1207 0
1208 1
1209 0
1210 1
1211 1
1212 0
1213 1
1214 0
1215 0
1216 0
1217 0
1218 1
1219 0
1220 0
1221 1
1222 0
1223 0
1224 0
1225 0
1226 1
1227 1
1228 0
1229 1
1230 1
1231 0
1232 1
1233 1
1234 0
1235 1
1236 0
1237 1
1238 0
1239 0
1240 1
1241 0
1242 1
1243 1
1244 0
1245 1
1246 1
1247 1
1248 0
1249 0
1250 0
1251 0
1252 0
1253 1
1254 0
1255 0
1256 1
1257 1
1258 0
1259 0
1260 1
1261 1
1262 1
1263 1
1264 0
1265 0
1266 1
1267 0
1268 1
1269 0
1270 0
1271 1
1272 1
1273 1
1274 0
1275 1
1276 1
1277 1
1278 1
1279 0
1280 1
1281 0
1282 1
1283 1
1284 1
1285 0
1286 1
1287 1
1288 1
1289 1
1290 0
1291 1
1292 0
1293 0
1294 0
1295 1
1296 1
1297 1
1298 0
1299 1
1300 0
1301 0
1302 0
1303 1
1304 0
1305 0
1306 1
1307 0
1308 0
1309 0
1310 0
1311 1
1312 0
1313 0
1314 0
1315 0
1316 1
1317 0
1318 1
1319 0
1320 0
1321 0
1322 0
1323 0
1324 0
1325 1
1326 0
1327 0
1328 1
1329 1
1330 0
1331 1
1332 1
1333 0
1334 0
1335 0
1336 1
1337 0
1338 0
1339 0
1340 1
1341 0
1342 0
1343 1
1344 0
1345 1
1346 0
1347 0
1348 0
1349 1
1350 0
1351 0
1352 0
1353 1
1354 0
1355 0
1356 0
1357 0
1358 0
1359 1
1360 0
1361 1
1362 0
1363 0
1364 0
1365 0
1366 0
1367 1
1368 1
1369 1
1370 0
1371 0
1372 1
1373 0
1374 0
1375 0
1376 1
1377 0
1378 0
1379 0
1380 1
1381 1
1382 1
1383 0
1384 0
1385 1
1386 0
1387 1
1388 0
1389 0
1390 0
1391 0
1392 1
1393 0
1394 0
1395 0
1396 0
1397 0
1398 1
1399 1
1400 0
1401 1
1402 0
1403 1
1404 0
1405 0
1406 1
1407 0
1408 0
1409 1
1410 0
1411 0
1412 0
1413 1
1414 1
1415 0
1416 1
1417 0
1418 0
1419 1
1420 0
1421 0
1422 0
1423 0
1424 1
1425 0
1426 1
1427 1
1428 0
1429 0
1430 1
1431 1
1432 0
1433 0
1434 0
1435 1
1436 0
1437 1
1438 1
1439 1
1440 1
1441 0
1442 0
1443 1
1444 1
1445 1
1446 0
1447 1
1448 1
1449 0
1450 1
1451 0
1452 0
1453 1
1454 1
1455 1
1456 0
1457 0
1458 1
1459 1
1460 0
1461 0
1462 0
1463 1
1464 0
1465 1
1466 0
1467 0
1468 1
1469 1
1470 0
1471 1
