1 0
2 0
3 1
4 0
5 1
6 1
7 0
8 0
9 1
10 1
11 0
12 1
13 0
14 1
15 1
16 1
17 1
18 1
19 0
20 0
21 0
22 1
23 1
24 1
25 1
26 0
27 1
28 0
29 0
30 1
31 1
32 1
33 0
34 0
35 1
36 1
37 1
38 0
39 1
40 0
41 1
42 0
43 0
44 1
45 0
46 1
47 1
48 1
49 1
50 0
51 0
52 0
53 0
54 0
55 1
56 1
57 0
58 0
59 1
60 1
61 1
62 0
63 0
64 0
65 1
66 0
67 0
68 1
69 1
70 1
71 0
72 0
73 1
74 1
75 1
76 1
77 1
78 0
79 1
80 1
81 0
82 1
83 1
84 0
85 1
86 0
87 1
88 0
89 1
90 0
91 1
92 0
93 1
94 0
95 0
96 1
97 0
98 1
99 1
100 0
101 1
102 1
103 1
104 1
105 0
106 0
107 0
108 1
109 1
110 1
111 0
112 1
113 0
114 1
115 1
116 1
117 0
118 1
119 1
120 0
121 1
122 0
123 0
124 0
125 0
126 0
127 1
128 1
129 0
130 0
131 0
132 0
133 1
134 1
135 1
136 0
137 1
138 1
139 1
140 1
141 1
142 1
143 0
144 0
145 1
146 0
147 1
148 1
149 0
150 0
151 0
152 1
153 0
154 1
155 0
156 1
157 1
158 0
159 1
160 1
161 0
162 0
163 0
164 0
165 0
166 1
167 0
168 0
169 0
170 0
171 0
172 1
173 0
174 1
175 0
176 1
177 1
178 0
179 1
180 0
181 1
182 1
183 1
184 0
185 0
186 0
187 1
188 1
189 0
190 0
191 0
192 0
193 1
194 0
195 1
196 0
197 0
198 0
199 1
200 1
201 0
202 1
203 0
204 0
205 1
206 0
207 0
208 0
209 1
210 0
211 1
212 0
213 0
214 0
215 0
216 0
217 0
218 0
219 0
220 1
221 1
222 0
223 0
224 1
225 0
226 0
227 1
228 0
229 1
230 1
231 0
232 0
233 1
234 1
235 1
236 0
237 1
238 1
239 0
240 1
241 1
242 0
243 0
244 0
245 0
246 1
247 0
248 1
249 0
250 1
251 1
252 0
253 0
254 1
255 0
256 1
257 0
258 0
259 1
260 1
261 1
262 0
263 0
264 0
265 0
266 0
267 1
268 0
269 0
270 1
271 0
272 1
273 1
274 1
275 1
276 1
277 1
278 1
279 0
280 1
281 0
282 1
283 1
284 1
285 0
286 0
287 1
288 0
289 0
290 1
291 1
292 1
293 0
294 1
295 0
296 0
297 0
298 1
299 1
300 1
301 1
302 0
303 1
304 0
305 1
306 0
307 0
308 0
309 0
310 1
311 1
312 1
313 0
314 1
315 1
316 1
317 0
318 0
319 1
320 0
321 1
322 0
323 0
324 0
325 0
326 1
327 1
328 1
329 0
330 1
331 1
332 0
333 0
334 0
335 1
336 0
337 0
338 1
339 1
340 1
341 0
342 1
343 0
344 1
345 1
346 0
347 1
348 1
349 0
350 1
351 1
352 1
353 0
354 1
355 1
356 1
357 1
358 1
359 0
360 1
361 0
362 0
363 1
364 1
365 1
366 1
367 0
368 0
369 1
370 1
371 1
372 1
373 1
374 0
375 1
376 1
377 0
378 0
379 1
380 0
381 1
382 0
383 0
384 1
385 1
386 1
387 1
388 0
389 0
390 1
391 0
392 1
393 0
394 0
395 1
396 0
397 1
398 0
399 0
400 1
401 0
402 1
403 1
404 0
405 0
406 1
407 1
408 1
409 1
410 0
411 0
412 1
413 1
414 0
415 0
416 1
417 0
418 1
419 1
420 1
421 0
422 1
423 1
424 0
425 1
426 1
427 0
428 1
429 1
430 1
431 1
432 0
433 0
434 1
435 0
436 1
437 0
438 0
439 1
440 1
441 1
442 1
443 1
444 0
445 0
446 1
447 1
448 1
449 0
450 0
451 1
452 0
453 1
454 0
455 1
456 1
457 1
458 0
459 1
460 0
461 1
462 0
463 1
464 1
465 0
466 1
467 1
468 0
469 0
470 1
471 0
472 0
473 0
474 1
475 0
476 0
477 1
478 1
479 0
480 1
481 0
482 0
483 0
484 1
485 0
486 0
487 0
488 0
489 1
490 0
491 0
492 0
493 1
494 1
495 1
496 1
497 1
498 1
499 1
500 1
501 0
502 0
503 0
504 1
505 1
506 1
507 1
508 0
509 1
510 1
511 0
512 1
513 1
514 0
515 1
516 1
517 1
518 0
519 0
520 1
521 0
522 1
523 1
524 1
525 1
526 1
527 1
528 1
529 0
530 0
531 1
532 1
533 0
534 0
535 1
536 0
537 1
538 1
539 0
540 0
541 1
542 1
543 0
544 0
545 1
546 0
547 0
548 1
549 0
550 0
551 1
552 1
553 0
554 0
555 1
556 0
557 1
558 1
559 1
560 0
561 1
562 1
563 0
564 1
565 0
566 0
567 0
568 1
569 1
570 1
571 1
572 0
573 1
574 1
575 0
576 1
577 0
578 0
579 1
580 1
581 1
582 1
583 1
584 1
585 1
586 1
587 0
588 0
589 1
590 1
591 0
592 1
593 1
594 1
595 1
596 1
597 1
598 1
599 0
600 1
601 0
602 1
603 0
604 1
605 1
606 1
607 1
608 0
609 1
610 0
611 0
612 0
613 0
614 0
615 1
616 1
617 1
618 1
619 1
620 1
621 1
622 1
623 1
624 0
625 1
626 1
627 0
628 0
629 1
630 0
631 0
632 1
633 1
634 1
635 0
636 1
637 0
638 1
639 1
640 1
641 1
642 0
643 1
644 0
645 0
646 1
647 0
648 1
649 1
650 1
651 1
652 1
653 0
654 1
655 0
656 0
657 1
658 1
659 0
660 0
661 1
662 0
663 1
664 0
665 0
666 0
667 0
668 1
669 1
670 1
671 1
672 0
673 1
674 1
675 0
676 1
677 0
678 0
679 0
680 0
681 0
682 1
683 1
684 1
685 1
686 0
687 0
688 0
689 0
690 1
691 1
692 0
693 1
694 0
695 0
696 0
697 0
698 1
699 1
700 0
701 1
702 1
703 1
704 0
705 0
706 0
707 0
708 0
709 0
710 0
711 0
712 0
713 0
714 1
715 1
716 0
717 1
718 0
719 0
720 1
721 1
722 1
723 0
724 0
725 0
726 1
727 1
728 1
729 0
730 0
731 0
732 0
733 0
734 0
735 1
736 1
737 0
738 0
739 1
740 0
741 1
742 0
743 1
744 0
745 1
746 0
747 1
748 0
749 1
750 1
751 1
752 0
753 1
754 0
755 1
756 1
757 1
758 0
759 1
760 0
761 1
762 0
763 1
764 0
765 1
766 1
767 1
768 1
769 1
770 1
771 1
772 1
773 1
774 1
775 0
776 1
777 0
778 1
779 0
780 0
781 1
782 0
783 1
784 1
785 1
786 0
787 1
788 1
789 1
790 1
791 1
792 1
793 0
794 0
795 1
796 1
797 0
798 1
799 1
800 1
801 1
802 1
803 1
804 1
805 0
806 0
807 0
808 0
809 1
810 0
811 1
812 1
813 0
814 0
815 1
816 1
817 1
818 0
819 1
820 0
821 0
822 0
823 0
824 1
825 1
826 0
827 0
828 0
829 1
830 0
831 0
832 0
833 0
834 0
835 0
836 0
837 0
838 1
839 0
840 0
841 0
842 1
843 0
844 0
845 0
846 0
847 0
848 0
849 1
850 1
851 0
852 1
853 0
854 0
855 0
856 1
857 1
858 0
859 0
860 0
861 1
862 0
863 0
864 1
865 0
866 1
867 1
868 1
869 0
870 1
871 1
872 0
873 1
874 0
875 1
876 1
877 1
878 0
879 1
880 0
881 1
882 0
883 0
884 0
885 0
886 0
887 0
888 1
889 1
890 0
891 0
892 0
893 0
894 1
895 1
896 1
897 1
898 1
899 1
900 1
901 1
902 1
903 1
904 1
905 1
906 1
907 1
908 0
909 0
910 1
911 0
912 1
913 1
914 0
915 1
916 0
917 0
918 1
919 0
920 1
921 1
922 1
923 1
924 1
925 1
926 0
927 1
928 1
929 1
930 0
931 1
932 1
933 1
934 1
935 1
936 1
937 0
938 1
939 1
940 1
941 1
942 1
943 0
944 1
945 0
946 1
947 1
948 1
949 1
950 1
951 1
952 1
953 0
954 1
955 0
956 1
957 1
958 1
959 1
960 1
961 1
962 1
963 1
964 1
965 1
966 1
967 1
968 0
969 1
970 0
971 1
972 1
973 0
974 1
975 1
976 1
977 0
978 0
979 1
980 0
981 0
982 1
983 0
984 0
985 0
986 0
987 0
988 0
989 1
990 0
991 0
992 0
993 1
994 1
995 1
996 0
997 1
998 1
999 0
1000 1
1001 1
1002 1
1003 1
1004 1
1005 0
1006 1
1007 0
1008 1
1009 0
1010 1
1011 0
1012 1
1013 1
1014 1
1015 0
1016 1
1017 0
1018 0
1019 0
1020 0
1021 0
1022 0
1023 1
1024 0
1025 0
1026 1
1027 0
1028 0
1029 1
1030 1
1031 1
1032 1
1033 1
1034 0
1035 1
1036 1
1037 0
1038 0
1039 0
1040 1
1041 0
1042 1
1043 0
1044 1
1045 0
1046 1
1047 1
1048 1
1049 0
1050 1
1051 1
1052 1
1053 1
1054 1
1055 1
1056 1
1057 1
1058 1
1059 1
1060 1
1061 1
1062 1
1063 1
1064 1
1065 1
1066 1
1067 1
1068 1
1069 1
1070 0
1071 1
1072 1
1073 1
1074 0
1075 1
1076 1
1077 1
1078 1
1079 1
1080 1
1081 0
1082 0
1083 1
1084 1
1085 0
1086 0
1087 1
1088 0
1089 1
1090 1
1091 0
1092 1
1093 1
1094 1
1095 1
1096 0
1097 1
1098 1
1099 0
1100 0
1101 1
1102 0
1103 1
1104 1
1105 1
1106 0
1107 1
1108 1
1109 1
1110 1
1111 1
1112 1
1113 0
1114 1
1115 0
1116 1
1117 1
1118 0
1119 1
1120 0
1121 1
1122 1
1123 1
1124 1
1125 1
1126 1
1127 0
1128 1
1129 1
1130 0
1131 1
1132 0
1133 1
1134 0
1135 0
1136 1
1137 1
1138 0
1139 1
1140 0
1141 0
1142 1
1143 1
1144 0
1145 0
1146 1
1147 1
1148 1
1149 1
1150 1
1151 0
1152 1
1153 0
1154 0
1155 1
1156 0
1157 0
1158 0
1159 1
1160 0
1161 1
1162 1
1163 0
1164 1
1165 1
1166 0
1167 1
1168 1
1169 1
1170 1
1171 0
1172 0
1173 0
1174 1
1175 1
1176 0
1177 0
1178 1
1179 1
1180 1
1181 1
1182 1
1183 1
1184 1
1185 1
1186 1
1187 1
1188 0
1189 0
1190 0
1191 1
1192 0
1193 1
1194 1
1195 1
1196 0
1197 1
1198 0
1199 0
1200 0
1201 0
1202 0
1203 1
1204 0
1205 1
1206 1
1207 0
1208 1
1209 0
1210 0
1211 0
1212 1
1213 1
1214 1
1215 0
1216 1
1217 0
1218 0
1219 0
1220 0
1221 0
1222 0
1223 0
1224 1
1225 1
1226 0
1227 1
1228 1
1229 1
1230 1
1231 0
1232 1
1233 1
1234 1
1235 0
1236 1
1237 0
1238 0
1239 1
1240 0
1241 0
1242 1
1243 1
1244 1
1245 1
1246 1
1247 1
1248 1
1249 0
1250 0
1251 1
1252 0
1253 0
1254 1
1255 1
1256 1
1257 1
1258 1
1259 1
1260 1
1261 1
1262 1
1263 1
1264 1
1265 1
1266 0
1267 0
1268 1
1269 1
1270 0
1271 1
1272 0
1273 1
1274 0
1275 0
1276 1
1277 0
1278 0
1279 1
1280 1
1281 1
1282 1
1283 1
1284 1
1285 0
1286 0
1287 0
1288 0
1289 0
1290 0
1291 1
1292 1
1293 0
1294 1
1295 1
1296 1
1297 1
1298 1
1299 1
1300 1
1301 1
1302 1
1303 1
1304 0
1305 1
1306 1
1307 1
1308 0
1309 1
1310 1
1311 1
1312 0
1313 1
1314 1
1315 0
1316 0
1317 1
1318 1
1319 0
1320 0
1321 0
1322 0
1323 0
1324 0
1325 1
1326 0
1327 0
1328 0
1329 1
1330 1
1331 0
1332 1
1333 1
1334 1
1335 1
1336 1
1337 1
1338 0
1339 1
1340 1
1341 1
1342 1
1343 1
1344 1
1345 1
1346 0
1347 0
1348 0
1349 0
1350 1
1351 0
1352 1
1353 1
1354 1
1355 1
1356 1
1357 1
1358 1
1359 1
1360 1
1361 0
1362 0
1363 1
1364 0
1365 1
1366 1
1367 0
1368 0
1369 1
1370 1
1371 1
1372 1
1373 1
1374 1
1375 0
1376 1
1377 0
1378 1
1379 0
1380 1
1381 1
1382 1
1383 1
1384 1
1385 1
1386 1
1387 1
1388 0
1389 1
1390 1
1391 0
1392 1
1393 1
1394 1
1395 0
1396 1
1397 1
1398 0
1399 1
1400 1
1401 1
1402 1
1403 1
1404 1
1405 1
1406 0
1407 1
1408 1
1409 1
1410 1
1411 1
1412 0
1413 1
1414 0
1415 1
1416 1
1417 1
1418 1
1419 1
1420 1
1421 1
1422 1
1423 1
1424 1
1425 0
1426 1
1427 0
1428 1
1429 1
1430 1
1431 1
1432 1
1433 1
1434 0
1435 0
1436 1
1437 1
1438 1
1439 0
1440 1
1441 1
1442 1
1443 0
1444 1
1445 0
1446 1
1447 0
1448 1
1449 1
1450 1
1451 1
1452 1
1453 1
1454 1
1455 1
1456 0
1457 0
1458 0
1459 1
1460 1
1461 1
1462 0
1463 1
1464 1
1465 1
1466 1
1467 1
1468 1
1469 1
1470 1
1471 1
