1 0
2 1
3 0
4 1
5 1
6 1
7 0
8 1
9 1
10 1
11 1
12 1
13 0
14 1
15 0
16 0
17 0
18 1
19 1
20 1
21 0
22 0
23 1
24 0
25 0
26 0
27 0
28 0
29 0
30 0
31 0
32 0
33 0
34 0
35 0
36 0
37 0
38 0
39 0
40 0
41 0
42 0
43 0
44 0
45 0
46 0
47 0
48 0
49 0
50 0
51 0
52 0
53 0
54 0
55 0
56 0
57 0
58 0
59 0
60 0
61 0
62 0
63 0
64 0
65 0
66 0
67 0
68 0
69 0
70 0
71 0
72 0
73 0
74 0
75 0
76 0
77 0
78 0
79 0
80 0
81 0
82 0
83 0
84 0
85 0
86 0
87 0
88 0
89 1
90 1
91 1
92 0
93 1
94 1
95 0
96 0
97 1
98 1
99 1
100 0
101 1
102 1
103 0
104 0
105 0
106 1
107 1
108 1
109 0
110 0
111 0
112 1
113 1
114 1
115 0
116 1
117 0
118 0
119 1
120 1
121 1
122 0
123 1
124 0
125 1
126 1
127 0
128 0
129 1
130 1
131 1
132 1
133 0
134 0
135 0
136 1
137 1
138 1
139 0
140 0
141 1
142 1
143 1
144 0
145 0
146 0
147 1
148 1
149 1
150 0
151 0
152 0
153 1
154 0
155 0
156 0
157 1
158 1
159 1
160 0
161 0
162 1
163 1
164 0
165 0
166 0
167 1
168 1
169 1
170 1
171 0
172 1
173 0
174 0
175 1
176 1
177 0
178 0
179 0
180 1
181 1
182 1
183 0
184 0
185 1
186 1
187 1
188 0
189 0
190 1
191 1
192 1
193 1
194 1
195 1
196 1
197 0
198 0
199 1
200 0
201 1
202 1
203 0
204 1
205 1
206 0
207 0
208 1
209 0
210 0
211 0
212 0
213 1
214 1
215 0
216 0
217 0
218 1
219 0
220 1
221 1
222 0
223 0
224 1
225 1
226 0
227 1
228 0
229 0
230 1
231 1
232 1
233 0
234 0
235 1
236 1
237 1
238 0
239 0
240 0
241 1
242 1
243 1
244 1
245 0
246 1
247 0
248 1
249 0
250 1
251 1
252 0
253 0
254 1
255 0
256 1
257 1
258 0
259 0
260 1
261 1
262 0
263 0
264 1
265 1
266 1
267 0
268 0
269 1
270 0
271 1
272 0
273 1
274 1
275 0
276 0
277 1
278 1
279 1
280 1
281 0
282 1
283 1
284 0
285 0
286 0
287 1
288 1
289 0
290 0
291 1
292 0
293 0
294 0
295 0
296 1
297 1
298 1
299 0
300 0
301 0
302 1
303 1
304 0
305 1
306 0
307 1
308 0
309 0
310 0
311 1
312 1
313 1
314 0
315 0
316 0
317 1
318 1
319 1
320 1
321 0
322 1
323 0
324 0
325 1
326 1
327 0
328 1
329 0
330 1
331 1
332 0
333 0
334 0
335 1
336 0
337 1
338 1
339 1
340 1
341 1
342 0
343 1
344 1
345 1
346 1
347 0
348 0
349 0
350 0
351 0
352 1
353 1
354 1
355 0
356 1
357 0
358 0
359 1
360 0
361 1
362 1
363 0
364 0
365 1
366 0
367 1
368 1
369 0
370 0
371 0
372 1
373 1
374 1
375 1
376 1
377 0
378 0
379 0
380 0
381 1
382 1
383 1
384 1
385 1
386 1
387 0
388 0
389 0
390 1
391 0
392 1
393 0
394 1
395 0
396 0
397 0
398 0
399 1
400 1
401 1
402 1
403 0
404 0
405 0
406 1
407 1
408 1
409 1
410 1
411 0
412 0
413 0
414 1
415 0
416 0
417 1
418 0
419 1
420 1
421 1
422 0
423 0
424 0
425 0
426 0
427 1
428 1
429 1
430 1
431 0
432 0
433 0
434 1
435 1
436 1
437 0
438 1
439 0
440 0
441 1
442 1
443 0
444 0
445 0
446 1
447 0
448 1
449 0
450 0
451 1
452 0
453 1
454 0
455 0
456 0
457 1
458 1
459 0
460 1
461 1
462 1
463 1
464 0
465 0
466 0
467 0
468 0
469 0
470 1
471 1
472 1
473 1
474 0
475 0
476 0
477 1
478 1
479 1
480 1
481 1
482 0
483 1
484 0
485 1
486 1
487 0
488 0
489 1
490 1
491 1
492 0
493 0
494 1
495 1
496 1
497 1
498 0
499 0
500 0
501 0
502 1
503 1
504 1
505 1
506 1
507 0
508 0
509 1
510 0
511 1
512 1
513 0
514 0
515 0
516 1
517 1
518 1
519 1
520 0
521 1
522 0
523 1
524 0
525 1
526 0
527 1
528 1
529 1
530 1
531 0
532 1
533 1
534 0
535 0
536 1
537 1
538 0
539 1
540 1
541 0
542 0
543 1
544 1
545 0
546 1
547 0
548 1
549 0
550 1
551 0
552 1
553 0
554 1
555 0
556 1
557 0
558 1
559 0
560 1
561 0
562 1
563 1
564 1
565 0
566 0
567 1
568 1
569 0
570 0
571 1
572 0
573 0
574 1
575 0
576 0
577 0
578 0
579 1
580 1
581 1
582 0
583 1
584 1
585 1
586 1
587 1
588 1
589 1
590 0
591 1
592 0
593 0
594 1
595 0
596 1
597 1
598 0
599 0
600 1
601 1
602 1
603 1
604 1
605 0
606 1
607 1
608 0
609 1
610 0
611 1
612 0
613 1
614 0
615 0
616 1
617 1
618 0
619 0
620 0
621 0
622 0
623 0
624 1
625 1
626 1
627 0
628 0
629 0
630 1
631 0
632 1
633 1
634 0
635 0
636 1
637 1
638 0
639 1
640 1
641 1
642 0
643 1
644 1
645 1
646 0
647 1
648 0
649 0
650 1
651 1
652 0
653 0
654 1
655 1
656 0
657 0
658 1
659 1
660 0
661 0
662 0
663 0
664 0
665 1
666 0
667 0
668 0
669 0
670 1
671 0
672 0
673 1
674 0
675 0
676 1
677 0
678 1
679 0
680 0
681 1
682 0
683 0
684 0
685 0
686 1
687 1
688 1
689 1
690 1
691 0
692 1
693 1
694 0
695 0
696 1
697 1
698 1
699 1
700 0
701 0
702 0
703 1
704 1
705 0
706 1
707 0
708 1
709 1
710 0
711 0
712 1
713 1
714 0
715 1
716 0
717 1
718 0
719 1
720 0
721 1
722 0
723 1
724 0
725 0
726 1
727 1
728 0
729 0
730 0
731 0
732 0
733 0
734 0
735 0
736 0
737 1
738 1
739 0
740 1
741 0
742 0
743 1
744 0
745 1
746 1
747 0
748 1
749 0
750 0
751 1
752 1
753 1
754 1
755 0
756 0
757 0
758 1
759 1
760 0
761 1
762 1
763 1
764 0
765 0
766 1
767 1
768 1
769 0
770 0
771 1
772 0
773 0
774 1
775 0
776 0
777 1
778 0
779 0
780 0
781 1
782 0
783 1
784 0
785 1
786 0
787 0
788 0
789 0
790 0
791 0
792 1
793 0
794 1
795 0
796 1
797 0
798 1
799 1
800 0
801 1
802 0
803 1
804 1
805 0
806 0
807 1
808 1
809 0
810 0
811 0
812 1
813 1
814 0
815 1
816 0
817 0
818 1
819 1
820 1
821 1
822 1
823 0
824 0
825 0
826 0
827 0
828 0
829 0
830 1
831 1
832 1
833 0
834 1
835 0
836 1
837 1
838 0
839 1
840 0
841 0
842 1
843 1
844 0
845 1
846 1
847 1
848 1
849 0
850 0
851 0
852 0
853 1
854 0
855 1
856 0
857 1
858 0
859 0
860 1
861 0
862 0
863 1
864 1
865 0
866 0
867 1
868 1
869 0
870 0
871 1
872 1
873 1
874 0
875 1
876 0
877 0
878 0
879 1
880 0
881 1
882 1
883 1
884 1
885 1
886 0
887 0
888 0
889 0
890 0
891 1
892 0
893 1
894 1
895 0
896 1
897 0
898 0
899 0
900 0
901 0
902 1
903 1
904 0
905 0
906 1
907 1
908 0
909 1
910 0
911 0
912 1
913 0
914 0
915 0
916 1
917 1
918 0
919 0
920 0
921 1
922 0
923 0
924 1
925 0
926 1
927 1
928 0
929 0
930 0
931 1
932 0
933 0
934 1
935 1
936 0
937 0
938 1
939 1
940 0
941 1
942 1
943 1
944 1
945 0
946 0
947 0
948 1
949 1
950 1
951 1
952 1
953 1
954 0
955 0
956 1
957 0
958 0
959 0
960 1
961 0
962 1
963 1
964 0
965 0
966 0
967 0
968 1
969 0
970 1
971 1
972 1
973 0
974 0
975 1
976 0
977 0
978 1
979 1
980 0
981 0
982 0
983 1
984 0
985 0
986 0
987 1
988 1
989 0
990 0
991 1
992 1
993 1
994 0
995 1
996 0
997 1
998 1
999 1
1000 1
1001 1
1002 0
1003 0
1004 0
1005 1
1006 1
1007 1
1008 1
1009 1
1010 0
1011 0
1012 0
1013 0
1014 1
1015 1
1016 1
1017 1
1018 0
1019 1
1020 0
1021 0
1022 1
1023 1
1024 1
1025 1
1026 0
1027 0
1028 1
1029 0
1030 0
1031 1
1032 0
1033 1
1034 1
1035 0
1036 0
1037 1
1038 1
1039 1
1040 1
1041 0
1042 0
1043 1
1044 1
1045 0
1046 0
1047 1
1048 0
1049 0
1050 0
1051 1
1052 1
1053 1
1054 0
1055 1
1056 1
1057 0
1058 1
1059 1
1060 0
1061 1
1062 0
1063 0
1064 0
1065 1
1066 1
1067 1
1068 1
1069 1
1070 0
1071 1
1072 0
1073 0
1074 0
1075 1
1076 0
1077 1
1078 1
1079 1
1080 0
1081 1
1082 0
1083 0
1084 1
1085 1
1086 0
1087 1
1088 1
1089 1
1090 0
1091 1
1092 1
1093 0
1094 1
1095 1
1096 1
1097 1
1098 1
1099 0
1100 1
1101 1
1102 0
1103 1
1104 1
1105 0
1106 1
1107 0
1108 1
1109 0
1110 1
1111 0
1112 1
1113 0
1114 1
1115 0
1116 0
1117 1
1118 1
1119 0
1120 1
1121 1
1122 1
1123 1
1124 0
1125 0
1126 0
1127 1
1128 1
1129 1
1130 0
1131 0
1132 1
1133 1
1134 1
1135 1
1136 0
1137 0
1138 0
1139 0
1140 1
1141 0
1142 0
1143 0
1144 0
1145 1
1146 1
1147 1
1148 1
1149 1
1150 1
1151 0
1152 0
1153 0
1154 0
1155 0
1156 1
1157 1
1158 1
1159 1
1160 0
1161 0
1162 1
1163 0
1164 1
1165 1
1166 1
1167 1
1168 1
1169 1
1170 0
1171 1
1172 0
1173 1
1174 1
1175 0
1176 0
1177 1
1178 1
1179 1
1180 0
1181 1
1182 0
1183 1
1184 0
1185 0
1186 0
1187 1
1188 0
1189 1
1190 0
1191 0
1192 0
1193 1
1194 0
1195 0
1196 1
1197 0
1198 1
1199 0
1200 0
1201 1
1202 1
1203 0
1204 1
1205 0
1206 0
1207 1
1208 1
1209 0
1210 0
1211 1
1212 1
1213 0
1214 0
1215 1
1216 1
1217 1
1218 1
1219 1
1220 0
1221 0
1222 1
1223 1
1224 1
1225 1
1226 1
1227 1
1228 0
1229 1
1230 0
1231 0
1232 0
1233 1
1234 1
1235 1
1236 1
1237 1
1238 1
1239 1
1240 0
1241 0
1242 0
1243 1
1244 1
1245 1
1246 0
1247 0
1248 0
1249 0
1250 1
1251 0
1252 1
1253 1
1254 0
1255 0
1256 0
1257 0
1258 1
1259 0
1260 0
1261 0
1262 0
1263 1
1264 0
1265 0
1266 1
1267 1
1268 1
1269 1
1270 0
1271 0
1272 0
1273 0
1274 1
1275 1
1276 1
1277 1
1278 1
1279 0
1280 0
1281 0
1282 0
1283 0
1284 1
1285 1
1286 0
1287 0
1288 0
1289 1
1290 1
1291 1
1292 1
1293 0
1294 0
1295 0
1296 1
1297 1
1298 0
1299 0
1300 0
1301 0
1302 0
1303 0
1304 0
1305 1
1306 1
1307 1
1308 1
1309 0
1310 0
1311 0
1312 1
1313 0
1314 0
1315 1
1316 1
1317 0
1318 1
1319 1
1320 0
1321 0
1322 1
1323 1
1324 1
1325 0
1326 0
1327 0
1328 0
1329 0
1330 0
1331 1
1332 0
1333 0
1334 0
1335 1
1336 1
1337 1
1338 1
1339 0
1340 1
1341 1
1342 1
1343 1
1344 1
1345 0
1346 1
1347 1
1348 0
1349 0
1350 1
1351 1
1352 0
1353 0
1354 1
1355 1
1356 1
1357 1
1358 1
1359 1
1360 0
1361 0
1362 1
1363 0
1364 1
1365 0
1366 1
1367 0
1368 0
1369 0
1370 0
1371 0
1372 0
1373 0
1374 0
1375 0
1376 0
1377 0
1378 1
1379 1
1380 1
1381 0
1382 1
1383 1
1384 1
1385 1
1386 1
1387 0
1388 0
1389 0
1390 0
1391 0
1392 1
1393 1
1394 0
1395 0
1396 0
1397 1
1398 1
1399 1
1400 1
1401 0
1402 0
1403 0
1404 1
1405 0
1406 0
1407 0
1408 0
1409 0
1410 1
1411 0
1412 1
1413 0
1414 1
1415 0
1416 1
1417 0
1418 1
1419 1
1420 0
1421 1
1422 0
1423 0
1424 1
1425 1
1426 0
1427 1
1428 1
1429 0
1430 0
1431 1
1432 0
1433 0
1434 0
1435 1
1436 1
1437 0
1438 0
1439 1
1440 1
1441 1
1442 1
1443 0
1444 0
1445 0
1446 1
1447 1
1448 0
1449 0
1450 0
1451 1
1452 1
1453 0
1454 0
1455 1
1456 0
1457 0
1458 0
1459 0
1460 0
1461 0
1462 0
1463 1
1464 1
1465 0
1466 0
1467 1
1468 0
1469 0
1470 1
1471 0
