171
1168
2773
583
414
2021
1719
18
766
2494
1881
1930
1725
1390
1558
331
2745
455
1953
7
2643
1704
1699
1849
2241
1329
717
2016
1934
2696
1621
1642
651
1208
2563
2308
1332
612
2514
658
2064
1389
504
2759
1490
2285
2053
850
218
1918
693
540
1303
2167
1209
2160
2545
11
1376
1965
1750
1797
1762
1437
923
586
266
2692
96
942
1985
1744
2326
1163
2480
796
2778
321
691
1732
252
372
1807
2245
2425
138
38
1840
1055
1737
1954
2008
2162
1623
1334
584
1569
871
602
430
371
2655
1610
906
1698
2901
454
2613
1310
1606
1470
2333
109
1793
108
690
2813
2465
2093
764
2806
2852
1370
657
1277
1510
2637
2698
1909
955
2177
142
1915
1856
2767
2672
1091
1262
2571
2408
2887
1850
2122
1986
1457
2899
2257
560
2317
1292
334
1500
597
1217
98
959
1083
510
735
1651
2325
240
259
2081
151
1295
474
1207
622
851
989
168
2074
2398
1805
393
2730
213
953
185
726
2248
694
1837
571
102
710
180
1551
2503
556
1832
2879
1921
2619
2270
1012
2196
692
1322
1375
837
44
1983
849
2533
1146
1825
1111
2002
733
1382
2050
460
426
1951
1485
1853
2804
1278
2799
209
104
2710
1894
2765
1008
210
1320
2350
553
2581
1917
378
1517
2353
1646
2636
91
2529
445
1504
1716
1213
233
863
1654
820
2455
538
2089
617
17
1392
2092
610
980
508
234
579
1508
2823
364
133
145
1671
1836
452
1578
1570
2188
1713
1092
673
1357
1272
1386
2426
1161
1495
1202
1958
760
2213
479
2892
1936
2474
80
655
1351
2841
1229
1435
1940
1860
329
1318
910
1269
2664
539
2207
306
2180
1251
2176
1528
2485
637
107
2531
1042
816
2595
379
2845
148
1442
2577
1566
1905
1990
342
117
1124
2371
2012
2662
1068
1883
1086
490
1843
1205
1493
2444
1289
1418
47
1846
2866
1446
2261
2442
1803
362
742
1162
1274
1299
1686
238
101
63
1156
1176
1755
2742
327
2319
295
2323
2298
1203
1497
1857
120
1098
1907
1354
215
720
383
1831
2526
27
2172
626
1076
761
2756
33
2794
2365
1345
1509
1427
256
712
937
2846
1736
1766
9
289
2222
999
825
714
436
2469
1935
1125
1717
412
1889
783
199
2519
1421
302
1253
1231
2814
1476
2600
2881
795
1978
663
339
2363
2659
1226
2702
566
2843
685
2504
669
1132
397
2791
2746
172
2329
68
2484
781
1875
1367
1256
1388
892
1180
422
1672
757
1993
697
154
1371
1250
983
806
73
1609
2161
60
309
1548
1844
1994
450
2453
996
1655
839
563
1626
501
475
1474
1236
1873
2054
453
2134
1294
1721
2667
1001
193
1009
2639
1243
417
695
2731
1961
797
286
1605
2585
2334
1160
2240
684
2734
2820
1152
492
311
606
2779
798
2212
2541
569
1984
1407
1397
1683
2332
1761
901
1638
2117
2644
1248
2420
1608
230
1178
2904
554
782
2011
1893
1734
262
2282
1319
1552
2863
432
2564
93
2106
1748
2273
1519
2521
1714
769
2440
528
2232
1282
1458
391
2738
2507
505
468
509
2220
1559
2628
1252
1054
530
1760
807
1128
794
1053
195
596
2658
167
1584
1038
410
2910
1543
893
2223
1587
521
2688
1771
623
192
161
291
1636
1774
2915
1031
2392
1723
752
2342
37
2757
2152
1640
2133
1151
243
10
1964
1900
1968
2900
2432
835
354
2085
2633
2543
1080
2752
1321
1971
1912
793
1758
2753
1722
1556
2884
2936
2522
466
1815
1246
157
1627
245
1087
546
577
2409
2097
985
754
1186
2601
2874
2029
13
1228
287
1233
951
2596
631
1036
866
1891
1553
386
2603
305
2612
2132
858
72
398
1603
1082
961
2838
2610
2412
1046
1081
1524
1120
1296
2004
2678
2918
2923
1872
1141
1630
2387
1192
1095
1657
1136
324
652
1709
2905
1862
2717
290
1694
2091
1861
6
1011
531
2652
821
592
451
1919
713
437
1673
1143
281
1604
2030
1707
402
1339
1827
1706
156
1066
377
2882
2143
903
827
2144
1729
2115
605
2278
639
2513
280
2312
1366
283
1190
325
220
1822
1877
1073
1179
2026
2825
2510
1533
225
1538
1950
448
688
1941
1895
2647
2835
587
89
1781
1240
747
647
926
1557
1307
1137
880
328
564
34
2272
2225
2046
730
913
1503
1441
1451
1344
1216
703
2766
425
2472
581
1072
2606
2169
1288
1270
1403
2793
1879
2006
1945
188
841
946
1317
520
940
2705
1478
2411
1399
322
1864
696
1802
110
1420
2146
1221
593
2534
467
2576
1405
2608
699
2210
236
1349
1923
2205
2230
2707
170
314
2136
1649
972
461
1579
2937
1710
2202
533
2383
715
2077
2769
2558
1502
2888
513
2641
2391
1411
2878
1003
1304
2477
671
2086
653
736
1574
2313
2028
1726
2047
1374
1423
1911
413
1902
1410
1015
1264
1201
2611
638
2216
2337
473
1445
1991
2663
2556
2255
2586
559
369
483
1925
2221
340
555
260
2671
1576
1041
288
2584
394
2410
1989
1878
1183
141
534
137
2890
1021
65
24
2933
1507
201
1472
1391
1527
97
486
2376
994
2306
2632
1070
382
1692
361
2396
2721
934
488
1019
2098
1350
2911
1325
2381
316
2615
1810
618
2847
1352
1380
2239
456
964
2057
829
2509
1377
2433
2921
346
90
1575
2156
1298
1823
1691
2101
2042
300
2183
965
1005
609
1580
969
2864
2850
2559
494
743
527
1967
2022
775
447
1581
2090
2194
2137
1048
1506
1123
2660
2260
1852
2488
2782
123
1992
1946
1763
1782
1887
2897
2208
207
444
2111
2147
1409
902
512
562
1099
2275
2388
774
86
1536
1537
1540
2019
385
2072
1347
146
2416
1884
1641
2681
922
1842
388
169
963
2431
433
2777
890
1751
205
1943
1602
978
2800
1835
1695
1424
2517
326
2344
686
1395
1342
25
832
2139
370
299
938
661
2867
1937
2712
292
1515
889
1976
565
1069
2893
1364
1931
2493
1230
2276
2126
2192
247
129
2095
2818
1939
318
2061
2437
127
1514
2896
1037
2010
2328
2063
2785
2530
2264
2164
2138
150
2803
1245
2366
477
1191
883
2283
2861
677
575
173
1267
840
2018
343
1523
1067
1167
784
976
1237
2135
1212
244
2380
174
1674
1629
2786
1172
1105
613
2686
838
1819
100
1356
532
2673
2448
2496
878
1643
1769
2357
1102
126
2258
59
2872
1492
1383
861
2557
1194
1693
599
2501
891
2599
323
1469
1916
400
1440
1669
14
2653
732
1211
2715
115
2826
630
2197
348
2062
1014
1670
1225
2538
1484
2624
2670
1242
1341
2259
128
2858
2078
159
2590
634
2932
3
1197
1338
158
2343
1560
2359
2168
518
1589
573
2447
2382
1786
545
203
2424
221
2929
2291
333
2844
1149
2495
525
2281
1065
2676
2385
576
30
1463
2186
489
2817
1817
746
411
1006
2524
2539
1661
588
2100
629
852
2084
804
389
1290
2719
1541
1204
2191
28
2755
481
2075
2542
2587
1784
216
700
313
2726
803
1947
76
950
2748
429
1724
636
1460
408
1898
226
2661
1903
2438
1362
2267
1987
2099
265
1885
1477
1466
2728
2336
823
582
2597
616
1115
499
2102
933
1239
2645
1637
1896
2407
2352
1977
2449
1639
2320
643
1516
2346
2287
1185
1634
2665
607
888
1597
1232
2544
654
894
1384
1447
1929
995
1308
876
1241
810
2935
2048
2059
298
2457
1206
2304
1117
0
2417
2666
2483
1130
1316
1486
217
135
578
1063
2532
960
1431
1590
2148
1814
62
649
95
2251
1218
2163
1740
514
1871
2310
668
1090
2654
1017
2435
1413
344
991
1145
1542
982
1101
2807
2113
2041
1848
480
1511
2131
2231
2096
2926
2649
8
2204
162
1785
2801
2311
179
966
1312
1004
2263
2023
147
2422
2189
2642
395
2219
768
723
358
1275
1659
1601
297
1200
1847
1496
2775
824
1328
1326
2321
2579
853
877
1561
1096
915
1198
2739
1480
1980
2885
261
186
2582
2916
2569
2155
2520
1113
36
2675
271
1093
139
873
1811
708
1775
2293
984
356
1175
1028
2537
1624
54
670
312
82
1071
2938
409
1059
2107
1794
2445
1532
1830
1254
87
1821
2574
1615
153
1436
435
744
1214
228
1434
12
1034
2305
1449
2941
367
2355
1828
515
1665
1703
164
1154
2902
255
1408
2870
2629
2572
1379
594
600
819
1765
1882
2214
2345
53
2816
1913
958
2150
94
2290
745
458
1195
1494
2356
791
2931
1268
2909
2657
78
2481
659
273
919
826
2758
2693
1970
2604
2045
627
2928
2049
1406
948
1265
897
2427
899
2771
812
2118
557
2618
2832
56
656
2562
349
1261
392
84
2917
1306
2187
1404
1625
2450
2819
50
2200
868
1355
2242
1756
46
2119
867
2236
706
818
1385
2875
293
916
1715
2925
1164
1783
1650
2523
2265
2288
1089
920
1074
1196
739
529
1501
1482
269
1816
1697
2908
1016
672
330
2722
2497
149
2292
1040
2518
1301
1549
1622
561
2393
431
1235
143
917
1033
2459
2939
294
190
2375
2828
737
2589
2348
399
360
2499
497
2554
112
734
1148
1974
304
1880
2687
35
2609
1645
29
716
1910
2468
2617
1757
368
440
1448
2379
1565
184
1778
1020
75
748
239
442
1323
1363
988
1443
347
1779
61
2446
962
2555
2682
805
1592
558
2201
270
993
1346
828
21
927
1488
1700
2127
1607
1708
1023
1522
2919
465
2640
424
756
2362
1378
1746
407
1866
1801
1029
847
1471
979
268
2527
1215
836
724
506
2246
212
1752
1534
374
2733
1572
2680
2876
1281
1402
118
2003
1400
2395
1333
2720
973
548
2855
191
2723
773
2300
859
1562
2834
921
1247
2165
338
2506
1870
2764
1858
2634
1684
1596
498
235
2103
1808
1425
2038
547
2076
2568
1612
767
1773
1473
487
831
1498
936
2797
219
2462
2790
2528
2441
366
1138
2415
817
105
2056
2289
552
2105
2535
1359
2007
2235
152
681
2525
771
2650
1759
1731
1372
2540
1663
1632
32
2602
2470
1616
1922
1813
523
864
2616
2679
2024
1599
931
189
2193
615
1705
1865
1660
2831
194
2699
1047
580
2224
1841
2025
665
200
2830
2203
2631
1818
2218
1513
2630
1901
1022
1738
1108
1764
650
814
40
705
144
1459
396
472
2452
842
2588
1745
1499
2711
2868
307
567
2116
644
815
1088
914
251
2114
2754
1100
2776
1293
2704
1863
537
267
1973
2573
1689
2827
2277
1956
2401
1677
1283
446
2079
365
1199
2349
1057
1428
2130
438
463
2920
2822
543
2178
648
1157
1475
1468
2250
865
1521
2833
2035
2157
886
930
1567
2809
79
2548
1942
1702
2244
1077
1193
2384
359
503
2071
645
1839
2211
740
1834
2067
1369
875
1981
947
45
1754
683
1742
457
1658
1085
1285
2500
954
1868
2824
351
2087
249
941
2068
770
2760
74
1583
549
2895
664
2840
2080
1396
275
1617
2940
909
2749
317
2849
590
2430
2478
2724
2789
2810
1144
1780
2154
813
2880
727
611
516
41
2638
2295
1874
1796
2179
642
718
944
1010
1348
776
2414
1412
2226
1588
2591
2930
1453
2065
196
416
1315
495
2088
2781
674
1845
2199
601
702
2109
2718
43
2451
2294
2249
1184
997
2314
2473
2400
2058
762
284
1430
208
2467
1134
662
2014
2253
419
66
1701
2700
2811
285
572
778
2094
1966
2761
682
1739
1520
2423
177
536
2464
763
1227
85
1337
2013
2027
49
568
443
1888
1833
1585
1733
464
1892
2039
1313
1550
1116
1171
1505
1189
2418
2404
1529
1676
1804
780
526
165
2175
1106
1343
844
830
1284
484
1174
939
2335
1600
2327
160
31
2454
882
2429
753
1454
1330
1563
71
2622
70
1479
1049
2373
241
308
1030
759
132
2549
224
1097
1962
113
2674
698
887
1855
1276
957
485
1586
929
1668
2195
418
2020
130
2552
2743
1051
2428
1791
1747
2233
2770
1078
2338
1335
2763
2511
738
332
2181
874
2121
896
1104
1776
2351
2560
1311
2736
2060
2780
16
1963
439
1620
2853
2784
952
2247
1432
1591
2741
2070
1851
500
1790
907
872
604
315
1210
353
799
341
1595
131
1419
2922
2374
1867
52
2055
589
1644
1300
632
274
2051
380
2725
2620
728
355
1050
2316
2370
2303
570
2578
258
1361
2158
1539
231
1926
722
2851
1280
660
679
232
250
1142
2173
2476
1222
1928
335
895
1854
26
2460
282
2284
2286
2031
2171
1062
1969
1415
945
1060
741
2421
2898
2190
777
1798
2815
1526
787
998
1150
1133
403
1456
2439
2570
1952
2339
1972
1518
211
1121
2907
977
755
628
421
1996
1417
2651
1656
2151
869
1422
1026
2924
1452
2266
1238
2036
1139
1153
2228
214
357
932
469
2492
1806
2378
2436
1401
846
854
2369
1187
1173
2140
2505
1598
666
1114
1467
789
1908
1948
303
345
1266
2458
2227
2669
2032
1826
64
2683
1462
2697
2515
384
1358
176
1730
595
2389
237
55
2052
2536
2360
227
257
2274
1465
2280
2252
2626
1039
2829
2891
1512
2073
81
1000
2625
1546
2170
2646
2842
1678
1166
2614
2593
1007
598
1727
646
918
704
2358
2883
1314
801
2296
119
987
2856
2623
2262
2419
2330
363
1555
2390
77
809
1271
2837
1647
276
1800
524
2110
420
1324
1876
449
2405
2413
1340
1182
2735
2768
1696
459
1667
2592
751
124
1052
2475
253
121
2471
1899
2372
2256
373
2149
125
834
1735
1126
57
635
1631
2812
1720
1058
1718
1234
376
2889
2174
2000
2034
1258
390
1662
862
122
2009
2740
1743
2567
1118
2913
223
2751
2836
1675
1979
1938
1426
278
99
1932
2550
1633
1999
2302
924
2706
2402
1957
974
337
1429
462
1792
2399
2083
103
1433
2877
2307
493
2788
254
2166
242
2044
1387
2906
619
1959
2508
2
2862
405
2005
1712
811
1680
750
550
187
471
5
721
1464
1084
2821
633
1593
2869
1481
2865
541
58
2271
1920
725
2145
2482
1368
1688
2859
2894
1648
2583
1949
1653
22
2703
2551
1075
1886
69
522
1353
1820
2386
319
2324
1439
1799
2301
106
296
2516
1414
1244
2243
2128
2708
1530
1416
83
2037
1257
1131
279
620
1890
4
2627
904
911
2772
624
2406
1327
1035
2547
2361
2120
2607
729
1224
603
1998
1032
885
1988
542
1681
1544
406
949
1159
1450
2279
2857
1679
1777
701
772
2001
175
183
181
1859
912
2142
1393
2732
67
1573
707
905
1924
1789
375
310
1331
802
2461
1611
2108
1398
2695
1491
2934
2322
1618
2805
1690
2502
517
1767
1260
2912
2043
2860
1547
1112
1982
140
507
731
2580
1438
990
2237
2397
1554
1955
2886
709
88
1220
845
229
792
1219
114
2206
2914
1103
2403
2701
975
470
971
1169
1906
1365
2873
491
785
1614
1170
2713
967
511
2792
640
2209
2269
881
2690
1933
136
591
248
1772
2340
423
2315
689
2621
749
1177
1787
2553
1571
1110
676
2684
928
1904
2561
1753
2598
719
1127
2808
1728
2762
2727
277
19
992
1140
1869
2182
2783
1812
1056
790
1809
1394
204
197
1309
202
482
908
925
800
320
879
2491
898
1687
111
1535
206
2015
1685
551
2347
2854
496
1155
51
2565
2234
2033
1455
1291
2434
2487
1147
2394
765
2479
163
2685
92
808
428
1302
1013
1044
39
900
680
263
2268
1223
2466
2903
981
1263
2069
843
1336
1461
2605
2354
1682
1582
1619
2141
519
2368
1749
352
2802
833
870
2331
2747
2512
856
2215
15
1927
178
1768
544
574
1279
585
641
2575
1043
2750
1995
1897
667
1079
788
1109
1045
2490
434
2729
1975
614
1188
441
2774
2254
1259
2217
1577
1487
1770
2848
2691
1824
2594
2456
2463
1181
2927
2787
404
1741
42
2066
786
2668
182
1
2635
1287
1061
1564
2229
625
1094
860
23
935
1666
246
1249
2798
1788
502
2737
1025
2716
1297
2677
1002
2744
535
2198
855
2299
134
401
621
2656
427
272
2498
222
2040
1997
1165
2159
1594
2796
1373
2486
48
822
2489
2714
1135
2297
336
884
264
476
478
2129
2367
1158
1107
1483
20
2017
1305
2123
1914
2839
198
2795
1027
857
848
1024
2185
1635
2364
2124
1064
2341
1545
2082
2694
687
675
155
1122
678
350
387
1711
1795
2309
1018
116
1255
608
2125
2377
2871
1628
1531
301
711
2112
1489
986
2153
1129
970
1568
1652
1360
1838
758
381
956
1119
1613
2546
1525
2104
415
968
1664
943
2238
1286
2318
2566
2709
166
1944
2443
779
2689
2184
2648
1381
1829
1273
1960
1444

