433
1344
1592
1056
2452
794
2480
606
1508
324
516
2816
1926
386
644
1325
861
2383
2802
425
624
2567
1960
1489
2445
392
712
1688
1767
560
680
569
2602
2306
536
2488
819
2856
2576
2088
1131
60
2286
2577
997
1758
2714
2796
10
9
434
1050
2843
1218
1532
1716
534
2046
2568
1948
1320
338
2801
1945
423
1661
1540
1549
2834
2641
2839
282
82
683
2329
2775
2044
2095
2644
1942
2265
594
1372
2012
2879
1854
1189
2888
2145
2812
1538
1455
1060
2291
190
2653
858
2509
2746
223
1383
1765
2506
709
1880
1282
1652
261
267
2515
1827
690
104
862
486
339
1286
76
2379
1502
1798
1409
2811
93
726
1000
2373
117
1403
1163
374
197
818
889
1812
2334
540
687
1142
1500
1411
906
582
571
986
376
1566
302
761
200
2002
1223
2747
688
2339
77
795
1832
756
780
269
2308
1709
16
2455
1290
641
2585
314
905
2014
876
578
1911
2016
316
864
2739
2134
245
172
1160
473
715
2389
2933
2185
38
419
1575
995
584
1155
1588
1253
440
1734
1789
1242
852
1482
361
122
1349
2015
2882
349
2550
2773
1418
2420
1938
2799
2278
278
2854
2761
1250
1173
1853
835
2637
2546
2538
1117
2227
2435
2385
2252
730
2655
1093
478
1247
393
2910
145
2065
1133
1221
1123
130
866
2207
865
2677
1079
1516
135
352
1013
941
935
131
1184
2250
2150
2858
2039
439
1428
783
2030
132
1087
2534
2649
1924
2348
2264
1887
533
36
2777
2877
371
44
441
229
474
2165
153
1675
2569
1780
1280
673
1530
317
1028
1557
2206
1470
144
758
1965
458
363
2895
1137
2477
1477
2678
2254
2091
583
368
67
2828
331
343
1237
1046
1278
1005
209
2243
1063
1821
996
2749
1861
1401
2226
468
274
288
2930
2804
193
1067
733
1416
977
1090
2597
2398
843
703
921
358
2652
321
2679
616
1535
2004
676
422
2643
228
1626
2062
1985
2438
2518
2490
1848
1805
399
446
481
634
1332
2772
34
1737
1715
1903
118
2589
2778
2361
1519
741
2142
2905
2017
1094
2155
2901
2578
2313
2564
1129
1698
2213
1435
1656
1590
2728
2200
832
2661
2508
158
2603
2190
1493
736
2784
1986
1102
1643
2551
2203
2469
1582
898
1989
2170
1826
210
842
2625
2688
1494
259
2794
1912
2315
2611
515
2439
1690
1463
664
2631
901
1373
524
2106
2006
2060
2304
1116
2192
2098
1620
1034
491
2766
725
167
954
1059
2174
1870
1602
178
2472
1648
1351
2432
678
23
1658
1348
5
2352
347
326
509
2365
499
43
69
1152
1122
353
2013
1569
1016
2786
380
1957
49
2344
1177
1889
2293
1249
646
1895
2392
1774
1419
1872
2240
984
2441
148
2767
188
2217
1052
2697
2428
752
1361
978
2205
1461
1799
236
705
981
372
2826
2138
2444
2388
626
573
580
1721
2574
2459
2431
856
1291
766
378
64
1359
2473
2027
2704
894
2115
189
1273
693
685
328
2847
2029
2819
1355
20
37
2316
2662
2797
547
351
2136
1180
2453
1018
203
1181
52
2201
281
952
1615
2269
2275
960
939
227
2820
1653
2873
1806
662
1589
1151
1457
1395
1057
552
1655
1762
2418
2384
735
198
1918
2822
219
932
248
309
1285
1697
1271
2832
1701
311
1124
334
1815
55
1092
2463
2648
2717
567
2386
2394
1388
2295
2238
1429
1393
1072
461
1425
164
2800
180
2562
2768
2738
2229
2309
731
1198
2321
625
2563
2123
762
1466
2234
2864
2841
1781
1726
1704
1523
2474
1202
2523
2809
296
1979
1490
988
2330
398
3
2902
1651
243
914
1294
105
410
1134
990
910
1546
1576
147
689
1440
908
1795
816
2600
1213
1244
2189
2489
1814
1552
859
1755
2890
2872
2215
2073
2202
2584
4
768
2415
2852
196
2696
2355
657
1228
2937
2919
2391
2311
2408
1917
287
1673
1464
383
1304
2526
2066
2913
283
2880
1214
2531
1743
1994
362
755
191
182
890
15
1729
1756
1556
2443
1193
435
2657
1559
1579
2139
1276
2302
2716
2695
247
1447
1053
1114
874
115
2934
66
2793
2932
2566
1850
1971
1397
2143
2718
2276
1381
959
1553
659
2878
1879
1955
92
2724
2565
2126
1324
1029
215
2559
2486
275
1069
355
1033
1432
2251
1232
359
1883
460
59
1300
2596
2554
2070
1525
298
754
1730
1187
2707
1011
1722
1272
1121
1977
948
558
1763
346
2615
596
26
483
1191
1695
600
1042
1331
2672
1666
2849
845
1167
801
342
1315
1363
1076
62
1281
1528
79
1969
503
2409
2884
1840
220
2378
1074
1287
1113
2158
2287
2818
1225
2152
1340
2224
873
1583
406
1394
537
216
424
495
2476
2434
1809
2708
1
942
2303
1390
2658
1454
1415
2019
169
617
2931
337
548
2367
1638
1904
635
1420
1782
273
2900
1621
1539
785
2393
1353
414
2496
1949
1170
2528
1054
1611
853
268
1451
1968
2616
295
998
1843
531
2859
1766
728
1165
2465
1205
149
697
2160
2875
2414
2855
1733
96
370
1593
1940
2411
139
802
467
2527
2356
2896
2487
2064
881
615
2382
714
1637
375
426
1665
444
1976
2314
2233
1512
2164
2208
846
830
1997
1024
1301
2920
788
1754
2503
2280
2634
2827
2376
2341
1014
2194
2288
2127
2860
1735
1025
2000
2921
2133
449
1337
2268
764
975
1580
1384
636
1967
2400
250
464
1292
983
1844
2402
838
1472
19
566
1846
648
1962
2147
809
206
1738
1492
2633
1019
753
1507
1379
1012
1200
2103
1606
923
2100
2343
1462
1111
450
181
53
896
2299
2821
2033
2656
934
586
2543
166
1954
1972
1126
2175
1927
929
1311
1448
1414
2642
2682
2700
1631
2328
492
2222
194
526
2112
2525
692
388
2753
2940
2430
2246
577
2450
2390
751
1362
1645
84
87
2423
1689
2083
1679
1627
81
1739
1996
1125
226
2022
2505
1526
1259
168
2380
940
2360
1345
555
1266
2845
653
333
2887
1377
892
2220
2130
522
1233
937
539
1306
2045
1849
1987
2719
1100
140
412
2374
1618
1619
116
1375
1158
2542
1128
1392
1162
1483
1794
1635
1796
1791
1874
782
1595
2904
732
1923
186
501
666
421
2573
640
1252
2813
696
623
769
306
475
428
1350
973
2755
2927
1959
565
1622
2646
2003
1568
2292
1953
2362
2871
2248
2742
1156
1835
150
1318
2285
2307
1352
476
2917
1002
1139
1449
2636
1728
841
1744
1305
211
2774
2081
2609
1567
1662
2635
1514
792
1288
2221
1260
1385
329
1906
2881
11
1316
470
408
396
2536
232
1295
1650
2332
632
2338
2706
2258
264
1421
1837
45
1741
822
442
2381
2712
1908
289
1534
1524
2333
2054
2169
913
1670
1439
710
840
1120
27
1633
665
2310
364
645
510
1731
2354
1922
312
2429
1932
2733
2048
1713
72
739
1322
2665
2745
1106
627
677
2925
448
719
129
2721
1330
1091
2467
1893
699
2861
836
463
2613
581
1584
1616
1851
1664
771
1380
2674
2327
1382
1263
2270
403
590
2780
1511
2094
1577
1032
1497
310
1182
924
2671
1036
1101
654
1950
1021
1400
955
2407
2074
1039
6
427
561
222
1297
1640
2699
523
1829
1518
1314
599
360
407
1178
225
1047
597
1871
1048
963
1836
8
88
493
2593
2668
1338
0
2
2907
805
195
877
2166
1211
2399
238
1992
804
2916
2101
2466
320
1084
798
47
2640
2047
1788
2228
46
550
2041
863
605
2125
2176
2579
487
1215
119
514
285
1496
1834
1226
1533
2294
33
559
2831
2028
2690
2703
1296
2516
2865
2522
700
2918
2011
2085
618
2580
2876
1423
17
2651
1771
1503
1875
2075
855
1083
918
885
2857
1216
300
217
1974
965
2894
1003
535
1510
564
2052
1930
318
2783
32
2018
1433
2172
2685
750
592
1565
2570
1020
723
1009
628
315
2607
686
1405
851
2594
48
2705
1822
987
631
1913
431
244
1346
1474
2092
471
1146
633
964
834
1757
1920
1929
1501
1319
2549
80
1166
717
915
826
706
989
490
2760
240
672
1051
2938
2612
979
949
1095
1886
2885
1358
255
2241
2687
2090
1450
1479
113
2267
1685
1747
1004
325
2591
622
2833
1169
2067
591
2038
155
850
1682
1842
1442
1230
2108
967
1547
1786
1323
2524
1628
895
1206
455
30
1825
459
2079
1065
1838
2935
2093
823
2068
576
601
2824
884
1255
2628
504
1810
1236
2787
1257
2290
745
28
668
1824
2129
1277
902
2239
1434
740
1066
799
2034
2848
772
1238
587
1023
121
2926
2010
519
1813
1790
667
2582
1143
1946
2433
2071
1307
760
1784
2504
1867
813
445
1341
1185
212
1585
2929
2116
2770
2924
2162
2097
579
160
1105
2897
2693
620
2096
1491
2364
521
2196
179
2908
2245
2076
2751
54
1907
1793
2575
234
1245
126
1703
2359
867
1707
1555
2351
2173
2647
239
462
2791
1078
127
2089
1391
1644
2737
2005
831
2262
1660
776
417
1573
2892
1607
2167
2702
1881
1632
814
1366
2211
1545
1136
1536
2404
1521
348
1604
136
1777
1699
2153
1118
985
786
1150
174
2752
2621
159
1649
2823
612
1022
2198
2939
279
2026
98
650
1705
1636
950
1742
945
2118
1975
2040
1396
1657
839
2639
2008
553
65
2055
2082
1336
2271
2581
2058
1481
2049
1104
2842
2024
674
2914
2734
447
679
2514
465
927
2535
1659
2659
871
420
779
1570
763
2406
2461
2197
391
488
170
233
415
199
1919
1878
133
595
2723
1877
2482
2425
1991
2214
2792
2140
1408
2511
24
2358
2795
292
299
1674
1256
110
2903
647
1828
1943
187
1694
185
1465
1629
2475
1898
154
2369
1422
527
2042
2606
2105
293
1543
479
1413
1768
2874
1410
2357
2660
2744
854
545
1597
1935
2898
538
2296
1204
1335
1071
1869
2722
2405
2923
903
1144
611
2598
1354
2586
2521
202
100
1438
1896
2941
2497
1487
570
322
2210
938
829
68
2340
1613
141
429
2610
2021
221
1387
253
1081
2053
2837
142
2529
472
912
1654
629
951
2553
1251
2137
2781
1857
2771
1818
2056
2893
1680
161
589
1554
2072
1174
2835
1103
630
2592
2057
1686
743
2259
2020
2620
313
2256
1062
747
2571
946
1141
2622
2500
2448
357
734
2886
301
477
1195
108
2223
2110
262
379
1574
385
784
1073
1031
42
961
2036
1925
1371
498
207
2782
1070
2159
323
944
1855
502
1399
1572
1601
1933
1864
183
529
652
466
2825
1424
1026
1068
1217
1486
1459
767
971
2366
1171
39
518
2397
50
1183
1865
1436
83
2491
340
2449
1267
1599
1873
2247
327
2807
2558
35
1445
936
1369
395
681
1944
1333
2862
2183
656
1882
684
2867
883
103
778
1312
897
1745
1937
893
112
2460
966
1274
1625
2199
2371
1055
1909
2891
163
2788
837
137
1376
1612
2177
1444
1671
1684
1098
1542
1339
2851
2798
2253
2181
453
1035
1714
2114
1717
1179
1241
505
2113
1732
1941
2283
2298
1706
1639
443
1441
1356
2629
1687
1779
1119
151
541
2149
1096
369
943
1044
670
2132
669
2711
1769
1264
1504
2124
2541
1135
1833
969
2492
2838
2715
176
1915
1678
2512
1254
1452
607
1641
1164
2698
857
1473
2154
1199
2370
2484
1999
2249
2184
2325
1727
2289
1468
887
2372
1038
1787
2684
2519
773
1807
812
231
1235
2009
2377
2501
2119
2471
2483
1947
517
413
1564
1239
18
2456
2936
872
2237
1736
1860
982
2713
2109
1220
1839
551
909
2086
828
454
1499
128
1196
2219
1040
1049
1386
1858
437
922
528
2218
1900
2078
1723
704
824
1598
291
1672
1475
708
451
1476
2282
123
930
899
1868
2912
2436
252
1130
1370
1313
900
1692
1720
1437
2188
91
1764
2495
2419
2754
496
1404
2447
2212
1258
2426
2417
748
75
1506
655
1531
2590
1089
2318
272
2517
1469
2396
1329
2442
1208
237
2322
660
2764
1537
2244
651
793
1427
1587
931
58
682
1952
2732
2368
2193
157
1708
2806
1467
2663
803
1212
511
218
1308
230
2810
2446
1398
1343
2790
1360
2151
2604
827
1082
603
265
1928
2510
1430
242
1624
2168
2401
146
729
869
2037
1417
208
546
1746
1761
2230
1488
1608
1064
1317
2624
2805
2638
1646
1186
405
2063
970
7
808
1831
1610
1847
1498
727
1561
738
557
713
2335
2468
2552
1520
1681
833
789
2312
1132
303
916
1138
213
556
1998
1017
790
2260
2231
2617
1480
962
2421
1485
1406
718
2736
2301
1888
192
663
781
2324
1505
2836
397
2675
2619
777
1112
1389
1668
2583
97
1712
920
2758
1030
1936
1749
1367
1219
1563
1973
1902
2595
994
544
746
29
201
1159
2457
2069
205
1772
2128
1753
993
134
125
2676
2481
860
335
2171
2416
13
2608
957
1623
430
925
1773
2336
2437
2413
173
2281
1037
2236
2187
868
757
2349
2104
2300
1231
1061
791
775
968
2261
2272
658
2025
562
2051
1792
2863
2557
848
2694
2178
507
381
63
177
1298
1990
2273
1876
2681
390
821
1748
304
671
2148
2667
1970
21
2725
542
2683
1513
1892
1008
1894
614
249
980
350
759
1801
500
1964
1517
1207
365
2061
2345
1364
1299
1342
1402
1594
484
849
506
2899
695
71
2889
2146
2317
1710
1696
1478
742
1495
2729
1617
720
1819
270
1740
1811
2156
749
1347
1509
271
2654
770
2846
639
277
1859
2347
1203
1303
1808
2050
1243
1246
2757
485
1683
1711
2548
2547
886
2182
1905
1453
724
2084
1515
2769
1110
1804
1460
2627
2776
926
2277
2216
73
2498
2765
2163
2556
1015
1669
1663
2680
722
394
2464
1890
810
94
554
1862
1201
2023
1760
2743
489
2537
257
2080
1863
825
2403
875
609
1548
1192
2911
642
2284
2479
1268
1544
1045
2232
2470
911
2630
2623
1326
497
919
1378
1334
1107
2545
568
1958
956
416
1724
512
2424
1719
530
2320
2180
78
2686
401
621
1197
774
1993
40
418
2605
280
1980
2618
991
2454
992
480
2331
2120
1914
162
86
1931
1752
1458
721
2043
1816
2117
1145
796
109
888
51
214
2412
2915
256
1702
2279
1978
1856
1077
61
1265
2375
106
2750
737
891
2853
532
114
2909
613
266
643
2710
184
2144
2814
1676
1194
2840
1086
1289
307
263
284
2808
1099
494
701
999
2225
806
800
1983
1586
2235
1776
175
2726
2692
2883
2077
2645
787
409
1750
1357
880
382
2544
319
797
2779
585
882
1981
1446
2099
400
404
2305
1240
928
2350
1529
1283
2255
2555
452
1691
2850
2928
563
2922
1759
1600
254
224
1578
344
124
1614
143
637
286
1961
2266
1891
1845
1176
698
2111
2601
2532
602
70
2451
1802
1581
2204
2191
525
2257
2762
610
276
152
171
2297
2844
1783
89
2650
661
85
947
1175
1309
1149
2817
12
246
156
1148
2323
354
2626
1605
2561
90
1596
411
2462
165
2735
14
2803
2157
1007
2507
1841
2001
1956
1279
1431
2161
1224
1302
2669
1700
575
2689
1558
1725
1407
907
384
2759
235
2458
694
2830
305
99
2785
2502
2353
1551
31
1327
588
1085
294
1269
1293
1647
1097
1088
1190
1817
1885
2440
1374
604
593
2007
1823
933
2135
373
1001
2263
1210
508
1229
2186
870
387
1916
1984
1591
549
1310
356
1075
138
2520
1797
1043
22
2741
543
1456
1412
1248
1058
2691
1127
2209
974
56
2410
675
1778
107
744
976
57
482
330
2179
1884
2422
1080
345
1803
2906
817
2032
1541
2530
332
1785
1161
1108
972
1109
2614
1147
1041
2242
765
41
367
1188
1667
1939
1157
1718
2572
241
436
691
102
1982
2673
2346
1820
1262
2664
2829
2122
1677
1522
1988
2599
1852
2731
1222
2815
2866
2748
456
878
1830
1800
1443
402
432
2337
2730
1630
2560
1270
2868
1901
1550
1172
513
25
1284
572
815
1995
2427
1209
716
2632
341
2102
2709
2533
1571
1866
1966
2740
2789
958
1328
101
2319
1115
377
1140
251
574
1261
1642
2387
95
1471
2587
1775
2031
2756
469
520
2087
1010
1562
204
702
953
1609
2720
290
2869
1484
366
1560
1321
1910
2701
879
1006
1921
807
2342
1027
1527
2727
1751
2131
711
120
2121
2588
1934
1770
2494
1897
1899
308
2670
438
1365
1234
258
2485
111
917
1693
608
2763
649
598
2499
2107
389
1153
2035
2493
1603
2326
457
1275
260
811
2274
820
847
1154
1426
844
2540
2478
74
1368
1951
2195
707
1168
1634
2059
2870
619
2666
1963
2395
1227
336
2363
638
2539
297
904
2141
2513

