1680
2315
1365
187
255
1428
23
1594
1154
1928
1952
555
2442
1276
1542
891
1371
2119
2632
2910
1115
1574
223
792
2686
1753
2935
1233
1003
1926
2044
1676
1394
2523
2029
1053
1780
2478
80
889
1259
2255
427
1010
1028
869
1356
1355
2325
369
1689
351
2055
1943
2737
941
2851
946
2346
1480
1467
513
1211
2108
1913
1097
1664
1110
899
604
2439
804
657
2372
279
525
1794
2068
1376
2410
469
1494
2380
1374
1500
497
2772
1803
826
1284
807
2937
915
1290
391
2314
95
2646
1024
1866
2666
2438
2248
1660
2623
857
1728
1364
2650
256
1444
669
2133
1085
236
211
1373
828
2200
1533
693
2894
973
2087
495
1013
487
2341
933
2231
389
2752
1137
376
2617
2383
2828
288
1934
1141
254
2524
1160
15
2441
698
41
2903
2510
2022
2061
2115
762
2018
1508
2511
2503
1065
1549
2598
357
1491
897
926
1291
1811
2613
1679
2378
819
296
310
1143
1107
2141
2434
837
2866
1217
2116
2024
1810
608
2542
1124
1859
579
1199
267
1294
1417
27
2184
368
2905
285
576
958
744
2275
260
1665
1236
2852
629
47
2447
1188
2079
2744
721
1750
2257
2004
1162
1793
1108
2698
1990
383
440
266
436
831
2008
1057
561
746
272
2615
353
1938
2570
728
623
2917
694
1841
2211
544
216
1001
399
72
1042
1646
1658
1446
2144
2307
2581
923
1511
2861
1708
755
1016
2357
2205
2113
316
1472
2580
411
2214
1621
46
1559
319
2862
757
651
1539
758
747
2689
2925
2680
2492
2573
883
2337
2543
1639
354
2502
2807
1288
2547
97
423
340
2782
463
1077
277
681
2739
1632
1452
2397
2169
786
685
532
1277
2243
966
591
2369
553
720
482
2889
637
2765
1787
2404
570
648
1748
886
1175
1271
1482
313
2497
2353
1847
403
2280
2740
1538
2078
1300
1507
1842
1623
624
571
31
2710
2750
475
1140
245
2067
754
1056
1879
1513
176
1324
2759
978
2465
125
1305
60
1919
293
893
2060
2648
1641
461
1512
680
559
859
479
121
109
1650
1682
301
327
565
1022
788
1093
908
1945
550
875
1381
753
2105
1638
675
1898
53
1872
810
667
872
1234
374
2874
1997
670
1649
2781
574
1191
1675
248
1341
2160
152
590
1327
2933
1712
931
2114
2816
397
1126
1654
2271
44
151
1790
452
1761
742
1981
821
1132
738
542
1795
2370
11
208
294
2717
2229
1561
1048
2692
851
416
105
924
1531
655
181
1317
1018
2636
2793
1920
947
348
1633
221
1786
2429
1186
900
123
942
174
785
54
2137
882
42
921
1368
1614
1697
2871
1218
2000
1339
1296
2654
1080
2287
2176
2333
2278
607
501
603
1819
1471
444
588
207
205
345
999
6
2328
1563
1469
1450
32
666
1198
142
1329
1343
1806
901
2608
1547
2714
2399
1331
1844
976
2032
415
894
250
1564
2835
2073
740
2706
793
2424
2463
1166
1692
2318
2674
434
1493
1991
258
2009
2907
1617
888
2401
2313
1904
2798
1778
567
1667
1280
76
1304
1988
1890
737
1955
963
2259
1163
1345
2922
484
2532
1415
1895
1423
1358
527
217
2831
2039
1982
2661
2846
2555
1970
597
1691
534
429
2872
2359
2185
1900
2681
654
2172
2301
1781
413
2568
401
2005
2845
1644
1722
2628
2676
766
2848
1949
2620
249
375
1698
426
2525
541
1019
2484
830
689
28
2221
1026
55
998
2356
1516
1402
838
971
2104
643
1011
1535
1308
320
129
1608
2854
2604
26
1215
661
1052
1455
89
827
514
2089
2110
1134
2572
2215
2470
493
1612
1826
107
2007
636
1265
2653
150
1532
2001
2605
743
2097
1670
257
149
1555
1000
1967
1038
2136
2455
2522
2249
2777
430
902
7
1596
683
980
925
1850
2602
2546
2746
103
2875
506
1133
2659
995
2472
794
446
1103
329
2375
130
2879
1721
2679
110
2204
2385
1541
1599
2694
2500
767
122
1421
2657
2612
1875
510
1912
326
1223
849
1907
2223
2350
120
1014
2725
1321
330
515
2489
2364
1983
1502
2784
953
1082
2847
1109
2412
1098
1854
2297
373
2348
1860
1653
226
177
776
2701
2123
2611
1023
337
1033
404
867
2535
533
2285
281
1635
1349
1473
1799
1505
2548
1805
686
414
56
1254
2191
1916
2175
460
2182
1148
628
193
1344
1352
2939
1730
2551
911
2201
1580
969
61
1292
2320
324
1607
2277
1445
1173
2296
1814
271
701
2317
1822
1984
841
1313
2323
2876
2490
447
2011
957
2878
1672
1517
496
1091
1177
1105
1978
367
302
2565
133
1553
2528
2093
331
1738
870
2685
1060
2556
2406
2028
1128
672
664
90
2232
2389
2117
2092
180
2207
2267
1687
2724
1453
2002
352
71
2836
625
801
1643
2626
86
2098
363
1353
1529
1012
1289
2107
2445
1930
1286
581
2639
2407
1871
649
437
94
898
833
2481
2583
2703
1167
1923
864
2075
2330
1935
2373
1577
306
186
2904
1662
2056
227
1625
2414
1530
2312
2453
1360
965
844
1540
1905
2771
2501
276
1855
468
494
2076
356
1960
1438
1946
1562
1605
832
892
1418
987
1145
605
1340
1008
2134
2885
10
2810
2276
213
964
2393
970
299
633
2338
322
726
18
1885
2838
1581
1422
2025
137
2487
318
197
1409
732
2003
811
1726
2080
2507
2695
2767
1084
543
2621
1857
868
1176
265
36
1777
813
2819
132
359
2554
2062
781
2705
191
2826
1882
464
1448
1953
1733
1372
2476
342
1694
1179
1442
2707
478
2064
600
1036
1031
1878
877
298
1944
2859
814
989
991
503
2562
45
2112
1146
2435
2649
1727
673
847
1604
516
1740
2665
395
2304
2426
621
2344
1933
1924
1449
1545
2637
52
517
1734
2057
1264
2208
101
601
609
1710
676
1020
1849
1757
230
573
2292
2432
2606
264
295
1587
1816
1715
1661
2584
2387
1232
1414
822
280
1246
622
524
1588
2529
583
566
398
179
2027
1432
1779
341
645
467
1274
890
1401
382
2245
138
1671
2599
950
871
455
986
1125
866
558
2886
1182
1006
1238
552
850
2128
2508
2423
2336
2709
2834
465
2466
118
1735
984
1451
1094
521
115
2235
321
912
224
2279
312
1113
808
2693
378
275
511
2656
1874
1642
1069
2311
956
25
2857
311
1637
1466
2754
700
93
1071
1947
2179
2142
2638
2291
2013
366
471
1756
1853
1784
2411
612
334
634
1686
2159
595
2708
2030
2324
554
1758
1965
1123
81
2736
78
981
2540
2086
1584
1050
1602
710
2252
2436
916
1764
2921
2377
113
2351
1903
582
2012
626
2425
1351
1808
1716
756
2143
2367
204
1999
2230
1759
239
1979
829
858
2262
1030
385
2882
332
2923
435
1994
1971
2591
453
765
270
407
1575
2483
1406
2587
1386
1663
937
490
1285
1206
1950
2286
1214
635
2633
802
1534
1683
157
164
2813
586
1170
530
708
2270
572
960
1959
2785
232
1333
2130
1268
1510
1771
1940
1378
803
620
1348
2170
1742
1828
2928
1552
518
2811
2299
2934
1755
2829
741
2842
1613
2146
2066
982
1569
8
2210
853
1640
709
2054
2809
1017
538
944
106
317
2224
522
458
20
1201
2664
2873
1929
114
791
2519
1070
736
2033
2569
668
1041
474
2560
2643
1429
1515
1966
1301
2163
1431
290
1840
1729
126
139
2926
2343
1250
2094
1889
1153
1460
1279
592
996
952
983
1800
2800
988
1066
2289
602
2571
2553
1112
2218
2236
1702
1746
2820
1809
1765
787
2459
240
2464
2345
2091
2258
977
1776
2753
598
1298
2538
2616
323
2319
1833
722
1868
1257
770
2912
2
1390
1157
2715
1152
1044
2187
650
1266
2390
39
2415
1917
1262
779
22
1751
2190
2138
2096
1973
1075
795
2272
2552
1655
2849
1297
1636
2158
1704
2899
2059
1546
231
662
449
2902
817
1361
733
545
1391
1117
1769
739
448
371
100
1216
972
2533
903
1796
568
2557
380
1174
2034
225
1490
1586
1571
1404
1492
1843
1705
1362
1681
584
2733
102
1099
1073
1503
2366
2395
2658
799
2458
1248
5
840
556
1837
2864
1576
1634
546
905
1244
268
2651
2449
1168
365
2260
2457
473
2474
1821
2647
14
2347
682
575
2198
2391
2808
1812
549
885
1420
616
504
641
745
500
945
714
2052
729
2735
2804
993
630
196
1278
251
1067
2801
751
1481
927
2673
1609
1465
2863
2334
67
711
1111
2891
1747
1495
848
2321
618
1792
1447
200
974
2495
1189
1951
1948
1228
2274
1714
21
1370
1303
909
526
2418
2563
2738
2844
2506
2855
2088
35
49
1631
773
1883
2362
1739
283
1119
2743
456
1601
2856
247
2197
2041
1865
1049
1610
1893
1387
2268
929
1998
2576
1846
2217
1074
1258
2561
823
2597
1468
2913
1323
1207
1870
539
860
153
2642
58
2513
2843
1628
1838
1591
2514
2368
439
2074
2731
1957
862
1711
1439
1169
2635
2920
1630
74
2896
854
1086
2462
2775
1005
842
300
2932
2631
2265
1695
874
1497
206
1101
192
2181
2475
185
2363
967
408
2890
2100
442
1910
2352
2180
1836
2883
2585
2135
2437
1463
421
2196
66
2239
158
2261
2165
834
489
985
2069
2906
335
1484
2440
1079
523
2663
2493
37
1310
1881
2379
1159
2806
2166
1985
1972
2358
1522
560
1737
2233
1239
2082
69
1096
663
949
432
73
259
1192
1375
1222
632
2127
1818
2610
961
1969
1190
1700
2796
930
1657
2394
1509
381
943
2614
1648
2047
1851
1731
1045
210
2589
917
2095
2512
619
1058
725
1307
1037
951
1183
1856
1326
314
410
2516
2446
920
784
1064
2294
580
1158
2803
2288
914
2422
1114
2202
644
578
1424
1035
1204
2600
2713
535
1336
2147
2331
2684
2101
428
2496
476
887
2624
1332
273
92
372
783
2282
2897
1063
1334
2339
1346
749
377
1054
2451
2887
333
2582
1335
505
748
531
1322
155
1252
40
1309
1072
483
1161
2237
1624
1526
1062
1832
2480
2870
1477
1459
1925
1684
1524
1550
750
1441
719
1506
706
2909
2471
1877
1193
2783
1212
589
1138
2640
1202
1995
1139
2254
2769
881
1645
1789
2868
146
1585
154
2037
2505
16
386
1572
1243
420
1619
355
520
2102
1337
189
1791
536
1359
128
564
2077
2111
450
734
1521
1939
1801
1845
2915
1464
1906
2517
2329
1915
778
839
1736
1039
1231
2017
1964
173
2153
1367
2467
771
1116
346
2667
990
1918
979
2171
2131
2083
2787
1434
215
1433
855
2058
806
563
1884
1774
2858
1922
2788
1647
140
1962
1909
2413
2901
2409
2340
1261
222
2454
462
171
611
1127
178
2727
219
922
631
1762
2940
2302
2428
1316
1861
1589
2837
2036
865
2365
2264
727
2290
1320
246
1518
1914
1673
1770
2641
43
1488
2063
1911
2521
379
2908
303
145
1195
392
2780
315
2697
2016
1961
2567
1862
1299
1142
2762
2157
992
1519
1478
1652
2919
1606
1382
715
24
488
1155
2121
1295
2814
2537
617
1164
1618
1666
1582
1496
2527
2601
1485
884
2644
242
2183
2040
638
2699
852
2386
2006
1554
350
244
1350
642
1121
2877
1788
2544
2419
2020
1015
0
338
2309
480
2688
2405
1302
752
1616
2194
48
2825
2293
1685
1483
627
1357
1270
1306
1813
2335
1992
2310
406
1677
688
2734
1901
2269
798
1986
805
528
2070
263
1678
2592
2306
907
691
2645
2797
2941
1852
2050
1744
1537
284
12
904
2316
2284
1626
692
2799
684
2209
59
1668
1820
2023
1543
2726
492
2869
2818
1100
209
2791
1131
948
2712
2911
2150
935
1474
2213
234
1620
540
1954
2700
2444
2609
2154
2530
775
1293
1187
166
955
1440
2349
1400
305
1674
1120
1824
252
343
2723
2867
253
1247
913
1798
2384
652
409
2880
2515
939
1766
339
307
2720
2711
2815
1579
2167
1047
2718
856
2085
2509
1669
519
1732
1456
141
2326
569
1413
370
878
198
88
2534
2747
1767
1615
1470
2234
1723
1412
1021
1208
2491
2247
63
1593
2594
167
1383
2122
83
879
789
577
2758
2660
297
65
124
1815
547
2242
809
2719
671
774
400
2749
2014
2482
135
1427
2382
704
2251
2518
2193
1025
2461
2354
1479
2084
1783
229
585
289
1009
2670
716
459
2203
2729
2051
2504
1927
29
2924
928
557
2140
2936
1701
2212
646
2303
1891
70
835
199
2106
1181
2250
1377
2155
2152
1627
1283
2888
2342
218
2392
1135
2824
1436
1282
2227
104
507
1958
2662
718
2371
2930
2219
660
1523
2188
537
1573
2774
695
127
936
1717
1696
1087
2388
1551
1741
800
2865
1527
2751
1385
2244
1848
1897
1690
2696
1804
2431
919
2178
502
1220
2622
2071
1379
2668
918
1237
1462
2682
1136
707
287
2469
347
2545
2790
108
1597
2162
1281
2683
2938
703
659
2618
1869
1724
2575
2327
2566
2427
2627
1823
1858
679
1029
2408
2779
188
2456
653
2564
349
2485
2174
1863
1556
760
2120
2189
2764
1210
2823
2246
1171
639
2015
1411
2220
168
1425
96
1932
2361
2026
1931
2900
184
485
2468
2035
2634
1867
1886
796
402
2619
2273
2206
1224
2322
846
723
2593
2360
1476
551
677
2161
262
1076
2853
1405
1081
1416
1457
2595
1773
2103
1568
1817
2398
2048
2145
1437
2860
2452
2240
780
2473
687
2498
1989
175
1083
2895
2228
182
2850
1558
2578
1027
1454
143
438
119
1921
2045
472
1046
2745
286
183
2722
2770
441
85
38
1040
761
658
1896
2577
2186
1226
702
2559
1892
2226
1051
17
2596
1287
717
491
764
1504
1565
2042
68
1315
1592
2778
696
84
843
384
763
274
2263
2677
1902
1830
2430
713
2671
1435
1899
2081
2652
509
1068
1407
1219
1743
1410
1144
1829
396
2402
1229
2283
64
433
3
1319
2109
269
148
2300
1501
1318
364
1034
1629
906
2195
2687
508
1611
1595
2929
730
1797
419
1499
1603
2295
134
2216
2118
1760
2760
2177
1185
1600
1525
62
2526
30
2625
1095
2755
1106
161
1996
1831
1942
117
2839
825
172
241
237
1149
2931
2802
1090
1230
1937
328
162
824
1061
1240
2381
562
1102
1260
1408
975
358
1745
1993
1200
238
1475
235
1196
422
144
845
2821
1709
2256
1825
1567
1043
2477
2794
1209
1172
1273
1256
665
2795
424
499
2443
1078
674
1688
1598
1221
87
782
2099
9
1347
997
2531
1242
818
228
2164
1118
1384
362
932
2702
1403
2253
201
2756
454
1725
1147
477
1719
2588
2225
2400
2021
697
1388
2773
1389
1007
2655
1703
2757
2308
790
111
1772
1088
2881
873
1894
1151
131
278
1864
2766
2830
699
1908
417
1197
1205
82
587
613
1749
2433
2914
2892
1834
2690
470
1369
606
1129
116
2678
2732
640
880
1267
1656
405
1397
820
1560
2139
2298
2776
2374
2479
2156
1255
1956
1566
57
2488
2742
156
2549
1314
2728
1269
1528
2630
1180
1312
529
769
2761
2173
1936
498
1
712
304
1754
481
2805
2574
777
1122
1249
1059
261
1976
1150
2241
2558
2792
876
1104
2918
690
2691
1622
1213
968
1426
678
2281
1380
75
2536
1398
466
2332
190
1130
724
1590
954
1194
1395
861
1461
2355
962
1699
2675
2266
1458
2125
1430
1968
2748
1032
2126
1363
1807
2494
1328
2148
1570
2832
1272
863
2539
1583
309
344
1520
220
1659
594
2586
91
136
50
2222
1713
2817
2786
1802
214
759
1489
2590
361
896
1002
815
1651
1768
2132
34
451
593
19
2038
387
1263
2417
1399
2763
2065
360
1227
388
1693
934
1839
1876
1089
910
1396
1498
2827
2448
1253
614
2520
2396
1536
1245
512
2893
147
797
1827
1718
212
656
77
1977
2460
2603
33
2840
112
735
159
336
233
4
2822
1785
393
2916
2730
2420
1443
2672
1004
1941
292
994
195
291
2031
1888
2305
1354
1514
731
1987
1338
1752
2927
1165
99
2898
599
2541
2450
2090
1251
1782
282
169
2416
816
1487
959
1156
2192
2049
2550
2704
394
1178
1392
2716
79
1235
1835
647
445
194
2199
1092
1578
1342
2238
13
1544
425
2421
2376
2841
2151
202
2486
486
418
1880
170
457
2053
1366
2833
2884
938
98
2072
1393
431
2812
2124
163
325
2721
596
1707
2629
2043
1311
1275
1963
1763
1325
1775
2768
2741
243
412
308
203
768
895
1706
836
1330
940
1557
615
1975
1486
2019
160
1241
1980
2010
165
1184
2046
2129
2149
1974
2168
443
548
2499
1203
1720
812
2789
2579
1887
2669
1548
1225
2607
51
1419
772
1873
1055
705
390
610
2403

