1 1
2 0
3 1
4 0
5 0
6 1
7 0
8 0
9 1
10 1
11 0
12 1
13 1
14 0
15 0
16 0
17 1
18 1
19 0
20 1
21 1
22 1
23 1
24 1
25 0
26 1
27 0
28 1
29 1
30 1
31 0
32 0
33 1
34 1
35 1
36 1
37 1
38 0
39 1
40 0
41 0
42 0
43 0
44 0
45 0
46 0
47 0
48 1
49 1
50 1
51 1
52 1
53 0
54 1
55 1
56 1
57 0
58 0
59 1
60 0
61 0
62 1
63 0
64 1
65 0
66 1
67 1
68 1
69 1
70 1
71 1
72 1
73 1
74 0
75 1
76 0
77 0
78 1
79 0
80 1
81 1
82 1
83 0
84 0
85 0
86 0
87 1
88 0
89 1
90 0
91 0
92 0
93 1
94 0
95 1
96 0
97 1
98 1
99 0
100 1
101 1
102 0
103 0
104 1
105 1
106 0
107 0
108 1
109 0
110 0
111 1
112 0
113 1
114 1
115 0
116 0
117 1
118 0
119 1
120 1
121 0
122 1
123 1
124 0
125 0
126 1
127 1
128 1
129 1
130 0
131 1
132 0
133 0
134 1
135 1
136 0
137 0
138 0
139 0
140 1
141 1
142 1
143 1
144 1
145 0
146 0
147 0
148 0
149 0
150 1
151 0
152 0
153 0
154 1
155 1
156 1
157 1
158 1
159 1
160 0
161 0
162 0
163 1
164 1
165 1
166 0
167 1
168 0
169 1
170 0
171 1
172 0
173 0
174 1
175 1
176 1
177 1
178 0
179 1
180 1
181 1
182 1
183 0
184 0
185 0
186 0
187 1
188 0
189 1
190 0
191 1
192 1
193 1
194 1
195 0
196 0
197 0
198 0
199 1
200 0
201 1
202 1
203 0
204 0
205 1
206 0
207 0
208 0
209 1
210 1
211 1
212 1
213 0
214 0
215 0
216 1
217 1
218 1
219 1
220 0
221 1
222 1
223 0
224 0
225 0
226 1
227 1
228 0
229 0
230 1
231 0
232 0
233 1
234 1
235 1
236 0
237 1
238 1
239 0
240 1
241 1
242 0
243 0
244 1
245 0
246 1
247 1
248 0
249 0
250 1
251 0
252 0
253 0
254 0
255 0
256 0
257 0
258 0
259 0
260 0
261 0
262 0
263 1
264 1
265 0
266 1
267 1
268 1
269 1
270 1
271 0
272 0
273 0
274 1
275 0
276 0
277 0
278 0
279 1
280 0
281 1
282 0
283 0
284 0
285 1
286 0
287 1
288 1
289 1
290 0
291 0
292 0
293 1
294 1
295 1
296 0
297 1
298 1
299 1
300 1
301 0
302 0
303 1
304 1
305 1
306 1
307 1
308 0
309 0
310 1
311 0
312 1
313 1
314 0
315 1
316 0
317 1
318 0
319 0
320 1
321 1
322 1
323 0
324 0
325 1
326 0
327 0
328 0
329 1
330 0
331 0
332 0
333 0
334 1
335 1
336 1
337 1
338 1
339 0
340 0
341 1
342 1
343 1
344 1
345 1
346 0
347 0
348 0
349 1
350 0
351 1
352 0
353 0
354 0
355 0
356 0
357 0
358 1
359 0
360 0
361 0
362 0
363 1
364 0
365 1
366 1
367 0
368 1
