550
849
987
125
2915
1429
224
2749
2223
1504
2559
2486
2864
1311
546
138
1176
265
2197
873
802
2012
1703
1280
890
1755
2480
1880
2162
815
1348
1359
312
658
1672
1673
1750
1849
1024
340
2377
1090
474
929
1266
2029
2560
189
184
828
238
791
982
2906
2738
52
512
744
536
213
482
320
1092
1048
1070
1166
1369
1345
1739
565
1351
1532
329
2803
207
647
2113
535
146
1081
2825
520
1255
2908
584
1110
1059
2350
1146
2656
1067
2244
698
1054
2047
2065
2055
1858
1651
1147
1394
1224
2751
1436
1100
49
706
2831
1847
1344
2384
525
2239
1760
2666
2444
131
1201
1439
920
472
2865
277
36
2518
2917
2872
1302
255
2594
1089
128
338
1798
92
1981
501
2850
1736
1291
2856
999
1188
2876
1397
156
415
1189
169
2456
2786
2520
518
2570
916
1702
2583
847
811
2204
1949
2290
603
75
2005
2374
502
44
194
1862
2465
521
702
887
692
2640
2726
2157
1381
532
581
925
1319
2152
1752
421
1973
1003
88
1080
711
2354
1082
2105
688
1142
2572
327
428
1216
1323
1881
986
2398
354
2390
895
1238
2812
1221
813
2359
1628
2045
2870
2457
1764
846
1686
745
1347
577
1212
1807
1128
2442
2344
2855
2215
2369
1012
2333
899
2862
2430
549
1564
172
1756
1476
1107
1933
1868
1123
905
1851
1488
46
2685
897
519
148
264
1305
481
1447
0
1712
394
1891
2553
994
220
1571
66
1276
2634
1730
2806
1164
2766
2048
2380
2852
163
2148
2805
597
908
1530
2622
2675
2646
434
718
1328
2314
1106
2794
788
589
1182
2382
1740
2056
120
2605
1572
58
324
1331
42
1115
936
2761
1779
143
2075
676
2821
2160
1906
2194
621
376
1592
117
2716
1575
2308
2844
569
76
281
808
892
1920
1649
1451
2819
2725
2587
1727
1938
2625
2689
585
26
522
401
547
1763
1759
420
2863
503
2588
2211
2453
1765
2368
2172
1373
2294
1438
938
2924
2534
1537
1619
2155
851
1120
1494
2381
212
2497
2890
1139
1820
2798
775
1366
2285
211
1272
95
2151
2403
372
1567
1593
2524
1994
1396
1277
682
665
2176
2579
595
2287
2593
2315
1565
2756
526
1882
180
1626
2723
2323
2357
1502
1695
1545
406
81
2416
2009
1056
1406
379
672
2252
458
2150
2845
1010
1445
570
363
1693
758
1209
2006
544
1621
364
827
1404
1312
1516
2903
126
853
803
1555
253
1871
2279
2617
1357
1086
1304
739
727
1492
2234
1028
1306
783
2878
2728
1861
1944
2165
316
2789
2817
2220
2292
251
707
302
326
1008
1051
2459
1497
62
571
2375
2102
926
137
1637
1213
1470
2642
2360
1875
1087
191
1237
1991
59
1320
1597
2001
1932
154
1175
1887
677
388
1666
1783
845
435
1127
2562
2847
1013
2069
858
2227
263
839
1376
2460
1441
174
2156
2895
1249
2044
1050
1699
116
2080
2736
2745
1029
997
2202
1904
2558
1797
1160
110
2589
614
2411
1617
542
1561
262
2840
1102
2598
1636
2
837
2779
2110
1683
1372
16
2580
1079
2298
155
475
1817
1356
1615
919
1483
1049
657
259
777
1424
2096
483
2848
985
510
2770
2505
1350
2899
2836
1731
2653
1039
2682
1622
903
135
2533
1775
1942
888
274
588
953
445
1677
299
1927
2195
2421
679
2082
1071
1066
1074
2134
348
1025
1002
1538
1655
1975
2059
656
1662
826
563
2735
882
2265
812
2921
2466
1608
578
2229
911
1897
646
2712
2809
639
1077
615
2129
2694
643
703
2137
6
2645
945
655
2004
2788
531
1355
442
607
1354
1458
2599
2516
1199
2177
171
2938
1378
1799
1778
70
1856
1968
1623
2003
417
1432
2143
2386
199
2270
1874
801
927
1206
2564
1786
2081
201
1126
951
1329
674
337
1062
2198
1203
645
2136
2274
1747
2423
1409
1423
2042
2255
516
193
100
1324
1840
1486
2511
352
1233
2408
2773
2636
2479
859
946
490
1602
831
2530
1386
580
465
1569
843
2661
2329
2445
2259
1757
689
1260
1228
771
104
1477
1934
2499
998
2782
1484
2106
1510
2196
2013
506
2060
346
1960
1648
1694
1313
2117
2018
1526
2002
2413
200
2910
2552
393
1453
402
1517
1669
1767
699
590
2932
710
663
1893
1084
1566
2824
2328
1254
2417
1455
2555
409
129
226
1534
2785
1524
2657
230
1083
1598
157
1170
989
1141
246
282
610
1505
829
1117
1428
1800
1392
395
917
823
2930
2306
874
12
2658
122
1888
1185
2341
1969
2346
1250
1371
1253
1989
2758
1270
2626
2687
2888
2774
2169
2046
266
632
818
27
2331
1383
2857
1385
737
2051
94
2214
2512
2581
800
2744
1173
1715
345
2146
2174
2928
786
1687
1754
1491
2125
2043
2747
1886
222
2023
1645
1883
2207
968
344
1613
1803
436
1834
287
431
2230
1716
1283
995
1793
1370
904
832
373
188
293
2154
1936
2652
1461
637
2900
697
1365
487
1122
2801
2813
1155
2062
605
1400
1816
2775
2053
1762
1377
691
966
833
1499
1528
158
1202
638
2691
965
2630
1591
871
178
2400
1639
2937
1368
1158
2452
2665
2752
1570
308
1019
2070
2603
2491
2291
127
1500
2904
1129
2122
591
2468
1326
2406
2182
2225
2477
2385
485
1108
1131
1261
355
2678
2022
119
1184
2621
390
290
267
1200
636
385
2216
730
1889
704
755
1611
1016
244
1605
404
2613
939
342
1612
1337
2662
1469
1714
1148
1317
2764
2551
2684
249
508
2881
759
1204
217
1878
1867
2332
2426
596
680
1307
2208
2720
2319
1916
958
1690
2278
2885
317
2815
1267
1910
2064
2873
1560
1403
2336
1557
1450
564
780
1361
1190
28
1822
2280
559
2711
2790
2138
816
2126
425
1493
1125
132
2861
1294
2370
624
1138
1744
1514
2717
419
934
2089
315
1205
954
1119
1257
2891
1929
2651
963
1044
411
1001
687
1309
1924
242
2158
2905
1825
1443
1330
1251
1872
93
291
1709
2834
471
1114
766
208
1667
384
841
1638
760
2755
416
2340
56
258
257
2108
650
1554
1632
1720
209
1243
165
1996
216
231
1481
1327
2256
2935
455
2000
2567
2699
1222
360
2867
913
1830
748
1684
448
283
2431
2362
1388
177
2816
2355
1069
1753
723
495
387
2031
765
1419
1390
1647
140
2347
2144
234
1036
1954
2578
491
2814
1951
2681
1274
1431
1417
1848
1389
179
466
1405
943
1055
60
2324
233
2422
34
1600
2633
426
915
1711
2722
245
2462
2363
960
252
1163
152
1899
1788
1244
1143
1967
284
1094
106
1691
2443
1620
2351
2179
2503
2020
1349
642
2090
2718
2040
1979
2508
1780
1706
1852
1689
2765
1614
65
1026
1547
700
2732
2543
947
1766
160
2901
2135
2145
2133
2808
2404
1234
594
2166
2236
1663
2733
762
973
1231
429
910
9
98
453
918
2922
1992
1535
2142
635
1101
1583
1198
575
524
405
71
840
422
1853
1700
2352
2500
2547
2049
560
2618
190
1588
2507
809
2100
666
870
1401
2914
709
2140
2025
136
1393
1286
979
795
604
769
2776
2251
1811
380
2880
2517
576
1178
1186
553
701
1784
479
306
2469
1956
2708
747
1641
1096
1314
732
67
1737
2554
2425
1974
1552
292
1187
2364
504
633
2030
2284
1282
1040
534
1879
2410
1395
1446
2748
1801
2447
2737
2894
497
311
250
511
2093
109
1890
1362
87
855
901
2713
1664
1947
1410
2879
457
1661
2396
1342
1980
2670
1452
2233
1325
2557
661
1256
382
2833
22
461
333
144
1241
2575
2869
1610
1278
2161
2574
538
1913
2299
18
2496
2650
2566
1022
716
1772
407
486
664
1785
1644
15
1299
572
1855
349
2853
726
877
2289
1846
2941
2288
72
2493
1235
289
83
1845
1676
906
1367
1595
1459
1197
1269
5
933
181
1724
1838
2441
2124
514
1809
996
223
1303
2085
541
2342
2067
749
844
2828
2868
1580
1442
79
2795
2846
197
493
2639
507
1023
2641
1806
1140
2068
1336
2173
956
2529
623
2221
319
2632
2412
111
2492
1625
1777
1037
649
2159
370
1986
962
1946
1360
626
969
2276
20
1041
2118
427
1670
1346
2061
2519
2877
2063
1271
2576
618
662
1607
2690
309
756
1741
2283
949
2190
1279
2120
1999
2742
271
944
2109
1144
696
2193
2123
2506
1965
1379
1833
579
1896
2577
1262
2091
2463
2939
537
1219
1343
774
1937
1034
1501
981
715
741
2218
2875
1150
1742
1948
1495
972
612
1480
722
151
2033
2606
724
992
2316
2542
1167
1227
2219
1467
2464
2498
2032
616
1743
1290
1220
2163
2181
2707
153
2269
2706
2301
218
318
513
1864
480
2628
1168
1841
2481
1230
1813
1674
389
1549
2526
2929
1955
460
235
2296
2874
2387
2366
1057
432
350
1529
2015
822
2335
2433
599
1656
2307
268
2309
2591
1226
2835
40
2353
115
2535
2568
2167
1671
848
403
446
2854
2224
884
2226
2405
2185
1870
1745
2807
1426
1804
772
1563
215
1301
2839
2563
423
793
1095
57
797
1821
2673
2541
2086
2635
2254
1546
2050
2475
2740
2513
1735
1268
1961
113
278
285
1774
1917
1518
1562
2677
2822
2088
112
2026
2078
2041
82
2514
1463
356
2178
2769
1088
776
2851
1098
2933
2637
1665
322
2612
527
29
1854
1475
924
1042
50
817
1826
303
280
983
533
2320
2487
147
852
2184
1171
35
773
2811
2074
1465
2305
2655
1116
205
2659
175
2823
276
1032
2525
1696
540
2623
2729
300
1521
1053
2830
1925
1556
1843
1790
1998
1898
2897
2669
32
561
1679
1771
2054
1456
988
2715
1085
418
261
2391
2440
2522
1420
652
48
2680
1112
1576
1983
2763
2180
347
1837
2448
408
1382
1402
1596
1109
2209
1923
1627
1990
2648
2450
1959
2373
970
731
2415
2488
162
805
1310
102
53
1065
2286
1884
2458
1728
1726
1769
2698
856
2446
931
1136
1341
1601
980
1130
1590
950
600
1791
1905
2527
2267
866
498
2260
1604
1542
2066
1245
1507
227
2028
236
2419
1208
1000
1005
804
2266
807
2918
10
2201
1004
1407
63
1544
1831
173
3
1579
2253
1885
2232
539
1318
2827
1987
2302
2365
1520
1966
825
2893
2538
2036
746
1717
2896
1454
961
2073
1866
1473
2672
2702
196
2531
909
976
2186
288
2083
2804
957
1072
2245
41
2549
713
492
2242
38
2171
2313
54
307
2349
361
1338
2565
150
761
2098
1232
2614
1006
25
30
85
2586
606
2132
2439
473
2249
2424
675
1297
89
2014
2454
1908
1030
1922
728
1043
2472
500
2378
2609
1063
681
2076
993
1773
2772
2838
1931
2911
1971
1007
1287
1642
2688
69
1618
1211
2909
1411
1
103
2327
2608
898
433
1713
399
705
91
1259
2008
1705
1902
2791
798
781
1315
2420
2616
1895
2544
2509
2820
941
2927
1183
321
1413
1263
2127
397
932
1984
2849
573
1511
2367
796
991
1594
1194
1582
161
202
2886
1490
2871
876
367
1634
1193
1099
2482
430
1707
1550
2257
1732
2521
357
794
2222
1513
1333
2297
921
1035
907
369
240
1340
2199
77
2130
1027
206
107
1659
1616
735
834
2097
2092
1824
192
2796
974
628
885
914
1058
1685
1805
2139
73
586
1682
977
1248
2389
488
396
2303
2837
690
609
2317
2705
248
2490
1052
2597
889
1113
930
528
1606
39
1509
2695
2395
2920
684
366
2826
1479
1810
879
2164
835
275
554
2714
752
323
1285
1643
23
2528
84
447
1489
2485
1387
239
1496
1508
902
2627
1111
2818
14
789
1210
2427
298
260
2189
2295
792
712
1275
353
2654
1503
1174
2709
2407
2556
1770
964
2470
1145
1335
1823
2601
2141
2515
168
61
1252
310
2293
842
2663
330
2643
975
2730
940
717
1536
1020
301
2619
2757
2438
1657
1482
1157
863
2778
763
2321
2624
2649
651
683
2701
2282
1017
654
685
2361
714
468
644
400
2393
456
2356
1295
31
1151
1812
2858
1487
1046
464
133
790
869
1236
1181
1435
305
2916
1196
1457
477
928
1471
1506
1045
857
1815
8
2432
2590
328
452
269
2277
2647
377
2149
2793
1288
660
1246
1568
2231
1907
1701
304
145
1722
478
462
1892
2300
1603
1921
2273
2841
2686
814
770
2039
272
2461
1675
1559
2451
4
21
1292
810
469
2213
1551
1265
114
2345
2338
1412
2112
782
336
1264
2212
1945
627
1300
1121
386
787
2676
2311
1723
2760
517
1668
740
74
1427
297
2539
2743
164
2071
1794
2739
2168
1132
123
821
463
2759
861
2275
1646
1217
2268
1339
241
2523
2394
1911
314
1721
2679
923
725
1710
1835
2436
24
602
2153
1135
2573
243
1876
764
454
1522
2237
2104
2802
229
820
96
2147
1161
494
2783
2936
912
1589
2116
2582
1515
391
593
937
1398
1958
2248
1218
424
1894
2401
1068
1587
1692
2455
1462
1584
2611
1873
1748
2210
2263
1995
2777
2931
734
2629
2545
450
413
2610
587
742
2115
971
286
2330
830
2183
410
1399
2940
1180
441
2007
470
2024
2700
2866
1512
1678
13
11
1962
2489
2540
860
203
622
611
2334
2121
617
708
1169
1408
2602
900
159
1421
2437
47
1334
1015
1912
221
1787
2246
2188
2128
693
2228
1149
2907
2887
90
686
1531
721
1844
2607
134
1215
185
1449
2510
1733
1943
139
1789
439
2537
176
1660
1540
362
1738
97
2771
864
1543
2792
883
1104
182
1134
2318
2719
566
2131
437
378
922
2693
2620
1061
374
1384
2079
2810
1776
2696
398
880
130
1914
1478
2644
673
210
43
2052
1558
273
505
2057
1415
2205
142
2595
2671
2192
1097
1153
1782
1977
124
694
2358
1970
515
1223
1152
552
2103
555
1930
2016
2017
2337
2206
219
1581
2674
365
1162
2501
1076
620
867
1444
942
952
1374
2114
751
1195
86
562
489
256
2281
2264
2912
1688
2175
1137
55
2604
881
1422
1654
2322
629
768
313
2027
1466
1903
1258
850
1418
2494
678
99
1021
19
2402
1091
7
1358
1154
2418
383
1819
204
2241
2397
1519
2409
1296
1433
1653
1857
1498
1761
935
167
753
959
668
1038
2473
1758
80
2191
2095
754
1988
894
785
1533
198
779
1681
1179
1985
1240
2483
2843
1118
2235
729
1926
955
1289
2746
2842
499
1828
2312
1829
1952
2271
444
2502
2111
2683
1940
1332
1078
529
2561
341
641
1836
893
984
1749
1863
2019
339
1229
2474
1464
545
1031
45
2667
381
1060
2829
2692
1918
1073
2721
33
2372
2926
1796
1192
1430
1624
2449
2596
1472
335
631
1599
1860
750
2272
1978
1781
1321
1460
2495
551
2787
2784
2035
1093
214
2767
1718
2037
279
1527
1308
653
1928
105
582
78
2902
2727
225
2710
1901
334
343
1814
608
2476
1658
2697
574
375
2376
1915
1909
1165
1525
1214
1574
476
2569
64
2243
2379
2550
2753
1437
1719
1425
669
990
2429
1631
449
2200
1832
1842
1247
2882
359
1680
978
896
1652
2923
2660
1474
1704
2584
332
1768
784
412
2754
1242
865
1698
1939
351
1448
2889
1708
371
2925
1935
568
1850
2638
1725
1103
1818
1014
1919
2428
1009
1982
1865
2339
451
875
2119
1105
270
2934
1375
1322
819
2919
2892
438
51
1133
228
141
166
2797
2781
862
496
2187
2731
1363
1900
2262
1018
1523
68
2010
1751
640
509
2392
720
2101
670
443
1281
368
2310
667
183
1364
1993
1585
659
1440
523
118
619
2780
2467
2859
613
1468
2546
2536
2087
767
1191
37
556
2898
1964
1859
671
2832
543
736
1011
891
2348
2077
1827
1976
170
2399
1746
548
187
1963
2615
2478
886
1225
601
1633
824
414
1635
2471
440
2170
1808
630
1972
2258
1353
2548
2860
719
2800
567
331
1839
1577
2704
1573
1640
778
294
2058
2762
2664
2484
1177
1293
1630
2434
2504
838
2084
530
799
2240
2325
1586
1207
625
1156
2724
2383
2703
2571
1792
1541
854
2883
2261
2038
2600
592
2326
2435
738
325
2247
1802
108
1629
1434
2631
2884
1957
2099
1578
1298
1950
237
1650
2585
2203
254
1414
806
558
2034
2343
2768
1159
1548
484
2094
247
1075
557
1997
232
1941
2414
2799
648
1734
2750
186
1729
836
1795
1869
2741
743
2021
1064
967
1316
2304
757
101
1047
634
1485
1953
2238
2532
2011
2217
2107
2668
1380
1416
1172
1391
1273
2250
17
1124
195
2072
1877
295
1239
2592
1539
1284
392
1352
868
1697
149
878
467
2734
121
2913
2371
583
459
2388
598
358
733
872
1553
1033
1609
948
695
296

