1 0
2 1
3 1
4 0
5 1
6 0
7 1
8 0
9 1
10 0
11 0
12 1
13 1
14 0
15 0
16 1
17 0
18 0
19 1
20 1
21 0
22 1
23 1
24 1
25 0
26 0
27 1
28 0
29 0
30 0
31 0
32 1
33 0
34 0
35 1
36 1
37 0
38 1
39 1
40 1
41 1
42 0
43 0
44 1
45 0
46 1
47 1
48 1
49 0
50 0
51 1
52 1
53 1
54 0
55 0
56 0
57 0
58 1
59 1
60 0
61 0
62 0
63 1
64 1
65 0
66 0
67 1
68 1
69 0
70 1
71 1
72 0
73 1
74 1
75 0
76 0
77 1
78 1
79 1
80 0
81 1
82 1
83 1
84 0
85 0
86 1
87 0
88 1
89 1
90 1
91 1
92 1
93 0
94 0
95 0
96 0
97 1
98 1
99 1
100 1
101 1
102 1
103 0
104 1
105 0
106 0
107 0
108 1
109 1
110 0
111 1
112 0
113 0
114 0
115 1
116 0
117 0
118 0
119 1
120 1
121 1
122 1
123 1
124 0
125 0
126 1
127 0
128 0
129 0
130 0
131 1
132 1
133 1
134 0
135 1
136 0
137 1
138 1
139 1
140 1
141 1
142 1
143 0
144 1
145 0
146 1
147 1
148 0
149 0
150 1
151 1
152 1
153 1
154 1
155 0
156 1
157 1
158 0
159 1
160 0
161 0
162 1
163 0
164 0
165 1
166 0
167 0
168 0
169 1
170 1
171 1
172 1
173 1
174 1
175 1
176 0
177 0
178 0
179 0
180 0
181 1
182 0
183 0
184 1
185 0
186 1
187 0
188 1
189 0
190 1
191 0
192 1
193 1
194 0
195 1
196 0
197 1
198 0
199 0
200 1
201 0
202 0
203 0
204 0
205 0
206 0
207 0
208 0
209 1
210 1
211 0
212 1
213 1
214 1
215 1
216 1
217 1
218 0
219 0
220 0
221 0
222 0
223 0
224 1
225 0
226 1
227 1
228 1
229 0
230 1
231 0
232 0
233 0
234 1
235 1
236 0
237 1
238 1
239 1
240 0
241 1
242 1
243 0
244 0
245 1
246 1
247 0
248 1
249 0
250 1
251 0
252 0
253 1
254 0
255 1
256 0
257 1
258 1
259 1
260 0
261 1
262 1
263 1
264 1
265 0
266 0
267 0
268 0
269 0
270 0
271 0
272 0
273 1
274 1
275 1
276 1
277 1
278 0
279 0
280 0
281 0
282 1
283 0
284 0
285 1
286 1
287 0
288 0
289 0
290 1
291 0
292 0
293 0
294 1
295 0
296 0
297 1
298 0
299 0
300 0
301 0
302 0
303 0
304 1
305 0
306 0
307 1
308 1
309 1
310 1
311 1
312 0
313 0
314 0
315 0
316 1
317 1
318 1
319 0
320 0
321 1
322 1
323 1
324 0
325 0
326 1
327 1
328 0
329 0
330 1
331 1
332 0
333 1
334 1
335 1
336 1
337 1
338 0
339 0
340 1
341 0
342 1
343 0
344 1
345 0
346 0
347 1
348 1
349 0
350 1
351 1
352 1
353 0
354 1
355 1
356 0
357 1
358 1
359 0
360 1
361 1
362 1
363 0
364 1
365 1
366 1
367 1
368 1
369 1
370 0
371 0
372 0
373 0
374 1
375 1
376 0
377 1
378 0
379 1
380 0
381 0
382 1
383 1
384 0
385 1
386 1
387 1
388 1
389 1
390 1
391 1
392 0
393 0
394 0
395 0
396 1
397 0
398 1
399 0
400 0
401 0
402 1
403 0
404 0
405 1
406 0
407 1
408 0
409 0
410 0
411 0
412 1
413 0
414 0
415 0
416 1
417 0
418 1
419 0
420 1
421 0
422 0
423 1
424 0
425 1
426 1
427 1
428 0
429 1
430 1
431 1
432 0
433 0
434 0
435 0
436 0
437 0
438 1
439 1
440 0
441 1
442 1
443 0
444 1
445 1
446 1
447 1
448 1
449 0
450 1
451 0
452 0
453 0
454 0
455 1
456 1
457 1
458 0
459 1
460 0
461 0
462 0
463 1
464 1
465 0
466 0
467 0
468 1
469 0
470 0
471 0
472 1
473 1
474 1
475 0
476 1
477 0
478 0
479 1
480 0
481 0
482 0
483 0
484 0
485 1
486 0
487 0
488 1
489 0
490 1
491 1
492 1
493 0
494 1
495 1
496 1
497 1
498 0
499 0
500 1
501 0
502 0
503 1
504 1
505 1
506 0
507 1
508 1
509 0
510 1
511 1
512 1
513 1
514 1
515 1
516 0
517 0
518 1
519 1
520 1
521 1
522 1
523 0
524 1
525 1
526 0
527 0
528 0
529 0
530 1
531 1
532 0
533 0
534 0
535 0
536 1
537 1
538 0
539 1
540 0
541 0
542 1
543 1
544 1
545 1
546 0
547 1
548 0
549 0
550 0
551 1
552 1
553 0
554 1
555 0
556 0
557 0
558 1
559 0
560 0
561 1
562 1
563 1
564 0
565 1
566 1
567 0
568 0
569 0
570 0
571 0
572 0
573 1
574 1
575 0
576 1
577 1
578 1
579 1
580 0
581 1
582 1
583 1
584 0
585 1
586 1
587 0
588 0
589 1
590 1
591 1
592 0
593 0
594 0
595 1
596 1
597 0
598 0
599 1
600 0
601 1
602 1
603 0
604 0
605 0
606 0
607 1
608 0
609 0
610 0
611 0
612 0
613 0
614 1
615 1
616 1
617 0
618 0
619 1
620 0
621 0
622 0
623 0
624 1
625 1
626 1
627 1
628 0
629 0
630 0
631 0
632 1
633 0
634 1
635 1
636 1
637 0
638 1
639 1
640 1
641 1
642 1
643 0
644 1
645 1
646 0
647 1
648 1
649 1
650 0
651 1
652 1
653 1
654 0
655 0
656 0
657 0
658 1
659 0
660 1
661 0
662 0
663 1
664 0
665 1
666 0
667 0
668 1
669 1
670 1
671 1
672 1
673 0
674 0
675 1
676 1
677 1
678 1
679 0
680 0
681 1
682 0
683 0
684 1
685 0
686 0
687 0
688 1
689 1
690 1
691 0
692 1
693 0
694 1
695 1
696 0
697 0
698 1
699 1
700 1
701 0
702 0
703 0
704 1
705 1
706 0
707 1
708 1
709 0
710 1
711 0
712 0
713 0
714 0
715 1
716 1
717 1
718 0
719 1
720 0
721 1
722 1
723 1
724 0
725 0
726 0
727 0
728 0
729 1
730 1
731 1
732 1
733 1
734 1
735 0
736 0
737 0
738 1
739 0
740 1
741 1
742 1
743 0
744 1
745 0
746 1
747 1
748 1
749 1
750 1
751 1
752 0
753 1
754 1
755 0
756 1
757 0
758 1
759 1
760 1
761 0
762 1
763 0
764 1
765 0
766 1
767 0
768 0
769 1
770 1
771 0
772 0
773 0
774 1
775 0
776 0
777 0
778 1
779 0
780 0
781 0
782 0
783 0
784 0
785 1
786 1
787 1
788 1
789 1
790 1
791 0
792 0
793 0
794 1
795 1
796 0
797 0
798 0
799 1
800 0
801 0
802 1
803 0
804 0
805 0
806 0
807 0
808 0
809 0
810 1
811 1
812 0
813 1
814 1
815 1
816 0
817 0
818 1
819 0
820 0
821 1
822 0
823 0
824 1
825 0
826 1
827 1
828 1
829 0
830 0
831 0
832 1
833 0
834 1
835 1
836 1
837 1
838 1
839 0
840 0
841 1
842 1
843 1
844 1
845 0
846 1
847 1
848 1
849 0
850 0
851 1
852 1
853 1
854 0
855 0
856 1
857 0
858 1
859 0
860 0
861 1
862 1
863 0
864 1
865 1
866 0
867 1
868 1
869 0
870 0
871 1
872 0
873 1
874 1
875 0
876 0
877 1
878 0
879 0
880 0
881 1
882 1
883 0
884 0
885 0
886 1
887 0
888 1
889 0
890 1
891 1
892 0
893 0
894 1
895 0
896 0
897 1
898 0
899 1
900 0
901 1
902 1
903 1
904 0
905 0
906 1
907 1
908 0
909 0
910 1
911 0
912 1
913 0
914 1
915 1
916 0
917 1
918 0
919 1
920 0
921 0
922 1
923 1
924 0
925 0
926 0
927 0
928 1
929 1
930 0
931 1
932 1
933 1
934 1
935 0
936 1
937 0
938 0
939 0
940 1
941 1
942 0
943 1
944 0
945 0
946 1
947 1
948 1
949 0
950 0
951 1
952 0
953 1
954 0
955 0
956 1
957 0
958 0
959 1
960 0
961 0
962 0
963 1
964 0
965 0
966 1
967 0
968 1
969 0
970 1
971 1
972 0
973 1
974 0
975 1
976 0
977 1
978 1
979 1
980 0
981 1
982 1
983 0
984 0
985 0
986 1
987 0
988 1
989 1
990 0
991 1
992 1
993 1
994 0
995 1
996 1
997 0
998 0
999 1
1000 1
1001 0
1002 1
1003 1
1004 1
1005 0
1006 1
1007 1
1008 0
1009 1
1010 1
1011 0
1012 1
1013 0
1014 1
1015 1
1016 0
1017 0
1018 1
1019 0
1020 1
1021 0
1022 0
1023 0
1024 1
1025 0
1026 0
1027 0
1028 1
1029 0
1030 0
1031 1
1032 0
1033 1
1034 0
1035 0
1036 1
1037 0
1038 0
1039 0
1040 1
1041 0
1042 0
1043 1
1044 0
1045 1
1046 0
1047 1
1048 1
1049 0
1050 0
1051 1
1052 1
1053 1
1054 1
1055 1
1056 0
1057 1
1058 1
1059 0
1060 0
1061 1
1062 1
1063 1
1064 1
1065 0
1066 0
1067 0
1068 1
1069 0
1070 0
1071 1
1072 0
1073 1
1074 1
1075 0
1076 0
1077 1
1078 0
1079 0
1080 0
1081 0
1082 1
1083 0
1084 1
1085 0
1086 0
1087 1
1088 0
1089 1
1090 1
1091 0
1092 1
1093 0
1094 1
1095 0
1096 1
1097 0
1098 0
1099 0
1100 0
1101 0
1102 1
1103 1
1104 0
1105 0
1106 0
1107 1
1108 1
1109 0
1110 1
1111 1
1112 0
1113 1
1114 0
1115 0
1116 0
1117 1
1118 0
1119 1
1120 0
1121 1
1122 1
1123 0
1124 1
1125 1
1126 0
1127 0
1128 0
1129 0
1130 1
1131 0
1132 0
1133 1
1134 0
1135 1
1136 0
1137 1
1138 1
1139 0
1140 0
1141 0
1142 0
1143 0
1144 1
1145 1
1146 0
1147 1
1148 1
1149 0
1150 0
1151 0
1152 0
1153 1
1154 1
1155 0
1156 0
1157 1
1158 0
1159 1
1160 0
1161 0
1162 0
1163 0
1164 0
1165 0
1166 1
1167 0
1168 0
1169 0
1170 1
1171 1
1172 1
1173 0
1174 1
1175 0
1176 0
1177 0
1178 0
1179 0
1180 0
1181 0
1182 1
1183 1
1184 1
1185 0
1186 0
1187 1
1188 1
1189 0
1190 0
1191 1
1192 0
1193 1
1194 0
1195 0
1196 1
1197 1
1198 0
1199 1
1200 0
1201 0
1202 0
1203 0
1204 0
1205 0
1206 0
1207 0
1208 1
1209 0
1210 1
1211 0
1212 0
1213 1
1214 0
1215 1
1216 0
1217 0
1218 0
1219 1
1220 1
1221 1
1222 0
1223 0
1224 1
1225 1
1226 0
1227 0
1228 0
1229 1
1230 1
1231 1
1232 1
1233 0
1234 1
1235 0
1236 0
1237 1
1238 0
1239 0
1240 0
1241 0
1242 0
1243 1
1244 0
1245 1
1246 0
1247 1
1248 0
1249 0
1250 0
1251 0
1252 0
1253 1
1254 0
1255 0
1256 0
1257 0
1258 1
1259 1
1260 0
1261 1
1262 1
1263 1
1264 0
1265 0
1266 1
1267 0
1268 1
1269 0
1270 1
1271 0
1272 1
1273 1
1274 0
1275 0
1276 0
1277 1
1278 0
1279 1
1280 0
1281 1
1282 0
1283 0
1284 1
1285 0
1286 0
1287 0
1288 0
1289 0
1290 1
1291 1
1292 0
1293 1
1294 0
1295 1
1296 1
1297 0
1298 0
1299 0
1300 0
1301 1
1302 1
1303 0
1304 0
1305 0
1306 0
1307 0
1308 1
1309 1
1310 0
1311 1
1312 0
1313 1
1314 1
1315 0
1316 0
1317 0
1318 0
1319 1
1320 1
1321 0
1322 0
1323 0
1324 0
1325 1
1326 0
1327 0
1328 1
1329 1
1330 0
1331 0
1332 0
1333 1
1334 1
1335 0
1336 0
1337 1
1338 0
1339 0
1340 0
1341 0
1342 1
1343 0
1344 1
1345 0
1346 0
1347 0
1348 0
1349 1
1350 0
1351 0
1352 1
1353 0
1354 1
1355 0
1356 0
1357 1
1358 1
1359 1
1360 1
1361 0
1362 1
1363 0
1364 0
1365 1
1366 0
1367 1
1368 0
1369 0
1370 1
1371 0
1372 1
1373 0
1374 1
1375 0
1376 1
1377 1
1378 1
1379 0
1380 0
1381 1
1382 1
1383 0
1384 0
1385 0
1386 0
1387 0
1388 0
1389 1
1390 1
1391 0
1392 1
1393 0
1394 0
1395 1
1396 0
1397 1
1398 0
1399 1
1400 0
1401 0
1402 0
1403 0
1404 0
1405 0
1406 1
1407 1
1408 0
1409 0
1410 1
1411 0
1412 1
1413 0
1414 1
1415 0
1416 1
1417 1
1418 1
1419 0
1420 1
1421 0
1422 0
1423 1
1424 0
1425 0
1426 0
1427 0
1428 1
1429 0
1430 0
1431 1
1432 0
1433 0
1434 1
1435 1
1436 0
1437 1
1438 1
1439 0
1440 0
1441 1
1442 0
1443 1
1444 0
1445 0
1446 0
1447 0
1448 1
1449 0
1450 1
1451 0
1452 0
1453 0
1454 1
1455 0
1456 0
1457 1
1458 0
1459 0
1460 1
1461 0
1462 0
1463 0
1464 0
1465 0
1466 0
1467 1
1468 0
1469 1
1470 1
1471 0
