98
364
1313
304
2784
2199
1399
1644
2707
1767
2635
1501
2325
2187
999
1306
369
506
1250
1152
1462
1195
174
504
2125
1437
393
2511
818
2229
1988
1583
2353
335
2261
1385
1394
2901
995
711
586
900
1697
486
1170
2834
1536
1326
886
2480
1425
1546
447
2479
2395
528
2452
755
72
700
929
2477
27
1331
687
1441
826
503
1258
1348
2092
1628
1605
2361
2093
715
269
2364
1472
1434
1229
591
505
2595
2021
1723
1205
1115
299
2336
2630
2427
237
972
2585
1698
920
133
2751
835
2417
2086
2193
632
867
1120
2349
1335
224
1157
1998
1242
164
849
1429
969
205
1419
2057
1222
804
2508
1631
325
2868
2677
1370
1382
1213
2914
2410
201
819
2765
379
1897
1327
421
1144
1978
2876
980
1344
434
869
885
606
2919
1574
1722
444
1820
2683
1607
2226
845
1676
1621
1071
1452
1887
1577
1272
489
430
2478
918
105
2376
1099
1780
2486
1682
2858
803
1146
171
2882
1134
1874
2344
960
1732
2069
1020
82
296
54
1924
2578
213
791
1903
2593
169
2270
1293
735
1
774
1889
2801
2073
1006
1983
1103
1711
1642
2724
2663
2392
1330
2210
825
2418
2218
2557
2245
1267
2222
4
1599
359
2204
2482
1823
2531
2668
1806
262
2134
2398
2734
2208
1731
2540
2761
636
1811
2606
559
1561
1059
540
1746
2371
219
2373
2709
1542
2233
1734
2157
2195
2897
2624
977
823
1557
2823
2805
719
1107
1848
2231
1504
2892
1832
1396
919
2845
2645
314
2591
2363
1688
1489
1581
2131
2782
2434
2167
1794
416
2727
693
1163
757
2038
1618
844
1090
2408
2150
1552
2306
1937
544
748
1154
2627
1271
1893
1028
163
809
2383
2264
1349
428
2205
2437
1603
510
1890
2016
1505
120
993
401
400
703
740
1142
452
303
871
2000
1497
571
1261
341
1301
1588
859
324
2301
1926
1184
1401
70
12
974
1675
760
648
1187
2581
18
339
2738
2144
2154
497
2243
119
329
348
2346
2653
1849
1287
1503
1140
1070
991
2661
2785
2687
639
1256
779
994
2285
2223
2501
1476
665
1571
2519
2832
2781
2775
1842
1499
661
925
890
2316
1324
2423
2925
1523
1116
949
19
420
2324
1766
1096
2160
2682
1275
1975
178
2431
1851
724
681
1649
1488
1602
2191
1526
1721
230
1172
1896
1712
1601
2163
698
1474
2173
2904
2656
958
1770
2733
2135
2484
2537
543
1129
107
713
1831
1340
618
2472
156
2315
2123
2083
2496
612
701
2873
1376
277
92
707
2594
569
2328
362
709
60
1266
930
2667
2011
2045
2850
2726
801
2847
1065
1685
584
865
917
2647
1990
674
876
268
1392
585
1323
723
1393
2386
2671
2813
69
2279
2446
531
312
130
2553
2255
1744
467
966
1941
2524
2867
1812
901
2603
1627
2192
1249
939
1950
1072
1012
568
1389
150
520
1639
1254
257
2588
1308
1495
1118
1223
1435
466
582
691
2465
2821
1312
1940
77
2422
549
162
2343
2206
1039
1954
342
357
1775
2156
185
1587
214
1610
2776
1362
402
659
28
1716
2271
1524
617
350
1862
429
2028
2119
769
1984
1295
1737
2937
627
2219
409
1725
2569
1169
2780
2034
770
286
982
2314
463
1899
1000
199
1982
211
2254
0
146
215
944
1159
457
1161
2256
2441
879
221
1310
2874
431
2249
561
1265
2179
1410
2756
2926
1815
367
2026
1554
910
954
2877
2018
383
33
530
1137
1894
343
1717
2894
1684
2838
2556
2546
347
658
2754
951
305
1564
2518
1413
1438
1726
894
2493
2494
523
1672
7
1967
155
1478
1415
422
2114
1585
1755
2499
1969
228
62
26
850
56
1081
2432
2368
1358
1859
641
1951
1964
139
1428
380
2716
1651
2458
1624
780
2291
203
1991
290
649
2375
396
2340
234
2428
1291
1387
626
1318
2420
601
1383
807
2701
1122
448
926
2366
2374
2795
1068
1460
1600
2648
1416
2563
1456
2503
1710
1963
2842
1309
1556
2872
121
1537
622
631
2022
1976
244
2814
2251
2152
2407
893
1280
2932
2586
2612
1332
2216
2576
1360
218
2746
2005
480
2169
2639
2095
1650
1753
113
2250
1690
686
963
2278
243
2140
947
2129
875
2252
1938
2719
1593
345
2426
1483
922
16
2731
271
1073
1168
2679
1418
47
490
2918
1727
1342
1398
2463
2640
2035
1408
742
495
239
25
1043
1701
90
2530
2087
68
2287
1448
1720
2197
2779
710
862
485
899
2485
320
2481
1691
1314
2159
1657
593
802
424
1202
2127
938
117
2875
1484
1791
1916
458
1736
2326
682
151
2619
2297
2607
2464
2928
868
1431
38
1872
273
2833
2723
933
2822
2085
1882
962
2579
2787
1350
2796
1177
1959
1735
2883
2810
2122
397
912
2248
1057
2649
777
1914
2854
1004
2058
50
352
2424
689
1708
640
1781
956
1303
2652
870
46
511
1904
676
738
2611
1123
1305
1259
1804
856
1273
1175
2389
1768
2749
928
2299
2703
753
2927
2138
1563
2421
2896
2367
2414
2411
697
2161
360
1365
1548
1643
375
1197
2799
135
2605
385
306
2294
2459
1390
1758
1873
692
1759
2419
2924
2461
1572
1443
1457
1490
240
2938
1664
2194
1783
1092
2130
2855
2104
1575
1084
712
1614
2350
1531
175
1245
2460
2865
208
227
2185
1397
1795
94
2302
1952
2042
1077
226
2747
1035
279
1439
2234
1417
118
840
727
1915
1879
1996
2939
274
1145
403
459
671
43
973
1048
311
1224
310
2915
1285
2827
1219
1158
1294
799
2425
2121
167
2470
2454
1925
967
509
2189
2798
1455
1025
2705
406
2354
576
1494
1226
2053
1076
1527
137
1743
1112
74
1241
149
941
2584
519
931
1325
2879
408
1655
1935
1058
2891
1185
984
2525
891
2609
2742
2717
433
1933
2902
1372
2215
157
438
2412
104
1681
41
1102
2265
2739
1683
2735
2713
212
1095
2753
1567
1749
1411
1756
1521
1361
881
1819
2200
2257
832
2091
102
2267
2385
2669
2061
1555
501
1040
415
645
2783
2920
328
816
1909
1669
2240
2272
1446
2767
1127
190
2573
1320
216
116
418
222
2791
1665
896
1884
1869
1700
866
1030
307
1131
462
1805
1516
2280
766
2100
1625
2274
1089
153
443
2406
450
837
451
186
660
1481
602
517
1519
2290
2246
1034
2030
1745
2615
2296
597
1263
124
1436
1364
2288
1106
1836
1400
496
266
2365
1866
81
1060
1828
2676
990
1704
2320
2878
2769
1829
23
1042
508
2335
2824
2625
880
2043
128
2362
643
1608
220
1713
1534
2900
2128
1444
2841
1559
2476
1143
126
2158
291
2616
2923
2728
2056
2535
2816
2681
1974
194
1514
653
2241
2190
103
2247
1176
2153
940
336
2111
246
873
1648
2757
2171
1228
1217
603
2797
2075
1440
1515
2221
1486
2415
1054
1977
1728
2283
2675
258
1589
248
2089
1281
1085
1678
2646
733
2400
1850
461
981
1198
1892
2866
2788
436
2523
2090
134
1353
1809
233
2308
2019
176
2020
2514
788
2526
14
2007
842
2118
373
1955
1715
1473
1414
1126
2520
1612
1156
2571
2504
1027
78
1369
664
1409
1724
2590
1101
2760
1719
1833
332
1986
1403
2538
1026
2391
577
1374
1917
2913
2380
1019
574
908
1807
1930
628
1652
1276
263
2175
2622
2450
76
2203
654
91
2467
276
1166
1840
1640
1901
2674
694
924
1598
2396
800
2067
789
1579
2475
1148
2912
792
1786
20
979
1299
2372
2650
1824
620
445
784
223
2037
1317
538
2602
2262
2103
1150
136
1502
772
1454
814
1694
2852
555
366
2497
313
2076
596
2618
1931
781
2004
1232
483
1268
1617
1968
1215
1036
2589
765
2698
578
1032
2064
1316
878
138
2381
1953
1296
790
115
378
2390
548
594
927
112
188
1149
2803
1883
583
2014
2435
2442
252
231
1449
1927
2507
2033
2551
614
1424
1895
1570
1346
24
2830
2333
2730
2794
468
2638
423
2397
1345
1147
1124
1105
2329
2555
887
1689
1958
1535
2495
1465
1209
1277
2720
589
390
537
1433
351
395
1464
2884
1354
2745
144
1616
2940
245
978
2587
2510
1024
1619
1739
580
363
1069
1513
1451
2101
39
300
1045
1493
1453
872
1702
1900
668
1827
2536
284
699
1957
662
1003
338
204
2778
2529
680
1776
2818
159
88
1934
2003
2378
2146
1336
2835
2098
2506
1928
2039
783
202
1696
983
2394
141
2447
1971
1482
1551
1553
111
1022
1545
1363
1932
1730
389
1695
2662
1751
847
275
581
1808
1343
1671
1769
2289
1686
2567
165
2436
2162
2319
1178
1189
575
2112
66
122
730
846
2921
2292
2225
793
2106
1064
187
478
206
1853
1479
1117
488
2487
127
1015
1936
2048
675
570
1847
2443
2917
198
1066
1761
2081
1160
2851
1186
1138
247
1774
607
1961
1151
1357
1962
2741
2592
2604
44
965
2017
2839
1018
2253
2909
1912
2771
1421
1653
683
599
255
2864
2029
812
229
1661
100
1854
183
2307
1010
2513
2379
619
1511
73
1622
1660
2174
1629
2626
454
1760
1333
754
1606
2807
2931
2430
610
1386
725
2164
2224
623
2664
283
1367
1532
997
365
752
2597
1459
2690
2577
2643
2688
391
2177
1860
2773
2715
1623
1292
2836
301
1520
2826
2097
475
2558
2673
2695
148
1500
388
1973
2312
600
1041
638
1338
1351
2856
2642
514
407
1297
1825
2544
1050
1111
897
309
1865
782
2711
439
2107
2893
2269
473
1918
442
287
2051
1800
64
2388
1856
720
2861
2318
532
1638
1611
2710
1560
986
2113
957
775
1206
1125
394
2088
1240
2889
608
1549
2126
968
841
51
1692
1666
1787
1283
985
2517
370
1779
2139
2840
48
154
2403
749
744
1662
2637
1680
1082
2725
1347
1300
729
1200
1540
2575
1673
2804
746
1053
2116
8
2451
2633
1576
996
2655
2001
1837
976
572
340
767
1830
2916
1480
1584
2136
2888
2809
1877
471
142
1620
2935
1220
36
2608
2275
1188
2074
1236
197
2015
1380
2180
796
853
1381
108
732
1506
1868
2686
739
1264
2658
553
1079
635
2359
2172
1604
2298
297
2282
741
2183
750
1507
736
1569
2580
2377
477
507
1002
355
705
2721
2317
1864
1841
2188
2903
1405
1630
923
747
839
521
181
529
728
1948
411
2729
745
2820
1253
2631
327
260
1645
2198
2572
2439
487
1087
1765
1508
1214
377
1742
2182
170
2237
2905
71
1547
2445
2440
264
2384
1541
2232
539
2310
721
906
1005
1406
798
663
1568
2819
1636
946
1538
13
1960
1475
542
2786
2505
1703
2094
2641
2623
1647
2766
1509
2549
1274
17
1947
3
2151
2303
642
563
811
1094
656
1512
2455
1373
498
2542
326
1243
189
315
1750
1141
1379
2466
1772
2692
771
2802
392
2184
1826
892
298
2268
630
669
1814
516
877
1247
192
1858
1591
1677
1956
797
1182
1180
1366
1803
491
2550
579
702
2456
1420
2181
921
590
1992
1922
2409
604
785
731
722
2347
2044
161
2147
1098
1646
79
295
758
399
1771
382
1525
2322
1801
935
2548
193
515
101
1793
1467
560
1075
37
158
652
2552
319
787
704
2906
527
2277
2534
525
2474
1191
426
522
308
1615
1269
2078
322
1113
294
2304
1498
2849
1654
414
685
251
2693
2055
554
902
1173
1855
2702
1799
2704
512
1056
1566
2509
1880
2521
2239
764
356
465
647
611
1981
2387
564
372
988
337
143
2168
1046
2528
2259
1510
482
1017
1359
2696
2806
1047
1375
225
2887
61
1562
2082
1384
830
2133
2345
2079
943
547
2491
195
1911
481
874
1757
1088
2890
1329
1204
1738
716
58
410
2568
2143
1921
1139
1356
629
2560
2235
1337
573
2629
895
2672
32
558
293
2077
1586
288
1517
2755
535
2543
2260
1994
147
1190
1543
2360
1496
1592
1529
2554
1788
717
1469
2263
376
1086
810
726
2413
2610
2063
2708
794
1707
1876
87
1565
2736
831
1231
200
1470
398
15
2024
1906
2433
2516
1304
289
1919
1898
822
2444
898
474
2468
751
2227
863
1659
129
2678
2217
11
1970
1875
778
2050
1442
2449
67
975
2370
2680
861
2789
2473
455
1656
1668
2065
405
677
292
834
1487
670
2666
65
259
545
2176
1167
743
1905
1114
1987
1461
932
998
2110
2740
1709
820
1929
1995
2382
6
1237
688
714
387
2871
2907
412
565
2828
1049
93
2145
827
1658
655
1796
172
427
1822
2258
1902
435
371
45
2930
1407
2800
1626
911
368
1262
2201
2657
53
2759
2829
1404
533
2764
734
2628
453
2490
953
440
417
1609
179
1913
2311
316
441
2273
1430
1471
344
1594
2857
280
2670
1210
1328
1174
1679
1218
57
1784
1966
1752
1302
1193
49
1816
536
2338
592
1136
1014
1093
83
2286
1718
1813
2117
2881
2148
196
1013
1194
1582
615
334
2533
2337
2186
132
2
2763
1029
795
905
888
1663
1235
2032
2023
2862
552
1943
2284
1199
1165
278
696
2684
1423
964
2792
1550
2054
2323
1857
678
1580
2108
1352
2006
1763
2614
556
1810
2772
737
2305
1339
1255
236
2041
1754
1225
2565
384
1920
695
109
2566
2008
609
2843
472
1762
2202
2620
2124
2300
330
1740
2617
1870
1171
2621
2214
2933
145
915
470
2281
1427
2309
166
1289
914
232
718
2332
934
2825
80
961
2341
2870
1260
2072
857
1135
1693
1196
31
2844
1080
2080
2012
2600
706
1687
1466
768
2706
2230
1844
2220
813
843
2416
331
1284
2831
684
469
1016
2562
2722
1985
358
265
2462
1001
2402
1907
1613
2561
1635
2096
1802
1251
625
1052
2743
936
1834
1533
2488
2718
238
2483
2052
21
1773
425
836
2009
2541
1315
2429
2331
456
2068
86
2196
1747
1097
651
2027
40
1192
1307
1278
1211
160
5
493
2811
2025
1230
449
182
1817
2694
882
1288
2812
1633
2358
2636
621
1164
838
761
2502
1378
2885
1558
1279
55
1838
2469
541
1078
63
1885
2046
1528
22
1999
1108
2178
1132
1789
907
666
1871
1121
42
616
2815
2547
2040
317
903
1119
2532
1234
1468
267
381
2774
1797
566
855
2276
1100
959
904
557
1852
413
2911
2898
848
1067
1322
1878
2790
1993
2515
2691
889
2399
1038
2334
1699
970
75
2853
852
1402
1946
1008
2929
184
2582
2859
1939
1785
1818
1221
1298
1945
499
2596
1395
673
349
2632
2228
1130
1590
2165
2685
1334
937
1764
1867
2732
2748
1233
261
1881
2697
96
2860
84
2762
1153
864
1286
1422
173
2062
808
2539
270
1212
1201
2498
2438
1021
2238
524
1031
513
851
690
404
1491
2166
318
1238
2768
1061
1782
913
2574
1023
464
2936
2211
806
763
1667
1216
2837
446
2448
217
2793
2244
1355
644
2758
2099
353
1244
2047
168
1162
1270
1979
1972
971
1861
2559
2356
2002
955
598
1319
1949
1426
2401
1257
1674
1155
562
235
1573
131
1055
756
2689
624
2817
2066
209
773
1044
2070
2036
1980
989
2808
948
1778
2744
883
1891
1391
534
2060
1923
2393
518
588
272
2071
2910
1637
2613
2570
479
2598
1128
860
302
2599
123
1578
1597
9
2137
2342
672
637
605
1777
1252
432
1110
241
821
2010
759
210
2471
2059
1843
2330
500
2105
1450
613
2863
1641
2207
2236
824
114
2750
191
1944
2369
1910
2770
1729
476
2489
1207
2564
909
2654
2212
587
2545
2601
250
1485
29
89
2712
1492
828
1248
1522
2895
945
1227
1748
833
1063
2149
1790
2351
2699
679
2031
805
207
1341
2644
2634
1539
2348
1104
1051
2453
2013
708
1845
2313
95
85
1821
551
1432
567
2084
1037
2109
595
152
282
1368
2908
494
254
817
667
992
884
323
281
2886
253
59
437
1835
1412
346
854
2899
2242
633
2500
2266
34
285
762
2404
361
1074
106
1846
2357
1458
2665
1595
97
1997
2049
2492
2880
354
2295
1282
546
786
2339
858
2700
916
1083
1321
460
1133
1445
1530
1888
30
1377
1208
1706
1544
2321
2115
1886
35
125
550
2512
2583
1733
2132
776
484
2934
492
2941
1989
2848
333
1705
1239
1179
829
1908
1477
1714
2209
2141
987
2714
1447
2102
1741
815
950
177
1290
2405
1388
502
1371
2659
180
2327
2737
2651
2752
249
650
386
10
2170
1634
2922
52
1246
1839
242
140
2355
256
2155
1062
2142
1965
634
1009
1311
1109
526
321
1792
2660
2846
646
1632
99
2457
1091
1183
1798
2120
1670
2869
2527
1011
657
2293
110
1942
1596
1203
2352
1463
374
1863
419
1007
952
2213
1518
2777
2522
1033
1181
942

