1 1
2 0
3 0
4 0
5 1
6 1
7 0
8 0
9 1
10 1
11 0
12 1
13 0
14 1
15 0
16 1
17 0
18 1
19 0
20 1
21 1
22 0
23 0
24 1
25 1
26 1
27 1
28 0
29 0
30 1
31 1
32 0
33 1
34 0
35 0
36 1
37 1
38 1
39 1
40 1
41 1
42 0
43 0
44 1
45 1
46 1
47 0
48 1
49 0
50 0
51 1
52 1
53 0
54 1
55 0
56 1
57 1
58 1
59 1
60 0
61 1
62 0
63 1
64 0
65 1
66 0
67 1
68 1
69 0
70 0
71 1
72 1
73 1
74 0
75 1
76 0
77 0
78 1
79 1
80 0
81 1
82 1
83 1
84 1
85 1
86 0
87 0
88 0
89 0
90 1
91 0
92 0
93 0
94 1
95 0
96 1
97 1
98 0
99 0
100 1
101 0
102 1
103 1
104 0
105 0
106 1
107 1
108 0
109 1
110 1
111 0
112 0
113 1
114 1
115 0
116 1
117 1
118 1
119 0
120 1
121 1
122 1
123 0
124 1
125 1
126 0
127 1
128 0
129 1
130 1
131 0
132 1
133 0
134 1
135 1
136 0
137 1
138 1
139 0
140 0
141 0
142 1
143 1
144 1
145 1
146 1
147 1
148 0
149 0
150 0
151 1
152 0
153 1
154 0
155 1
156 0
157 1
158 0
159 1
160 0
161 0
162 0
163 1
164 0
165 1
166 0
167 1
168 1
169 1
170 0
171 1
172 1
173 0
174 1
175 1
176 1
177 0
178 1
179 1
180 0
181 1
182 1
183 1
184 1
185 1
186 0
187 0
188 0
189 1
190 1
191 0
192 0
193 0
194 1
195 0
196 0
197 0
198 1
199 1
200 1
201 0
202 1
203 1
204 0
205 0
206 1
207 1
208 1
209 0
210 0
211 1
212 0
213 0
214 1
215 1
216 1
217 1
218 0
219 0
220 1
221 1
222 1
223 0
224 1
225 0
226 1
227 0
228 0
229 0
230 1
231 1
232 0
233 1
234 1
235 0
236 0
237 1
238 1
239 0
240 0
241 1
242 1
243 0
244 0
245 0
246 1
247 0
248 1
249 0
250 0
251 0
252 0
253 0
254 0
255 0
256 1
257 0
258 0
259 1
260 1
261 1
262 1
263 0
264 0
265 0
266 1
267 1
268 1
269 0
270 1
271 1
272 1
273 1
274 0
275 0
276 1
277 1
278 1
279 1
280 1
281 0
282 0
283 0
284 0
285 1
286 1
287 1
288 1
289 0
290 1
291 0
292 0
293 0
294 0
295 1
296 1
297 0
298 1
299 1
300 0
301 1
302 0
303 1
304 1
305 0
306 1
307 0
308 1
309 0
310 0
311 1
312 1
313 1
314 0
315 1
316 0
317 1
318 0
319 1
320 1
321 1
322 1
323 1
324 0
325 1
326 1
327 0
328 0
329 1
330 0
331 1
332 0
333 1
334 1
335 1
336 1
337 0
338 1
339 0
340 0
341 1
342 1
343 1
344 0
345 1
346 0
347 1
348 1
349 0
350 1
351 1
352 0
353 0
354 1
355 1
356 0
357 0
358 0
359 1
360 0
361 1
362 1
363 0
364 1
365 1
366 1
367 0
368 0
369 0
370 0
371 1
372 1
373 1
374 0
375 1
376 0
377 0
378 0
379 0
380 1
381 0
382 0
383 0
384 1
385 1
386 1
387 1
388 0
389 1
390 0
391 0
392 1
393 0
394 1
395 1
396 0
397 1
398 1
399 0
400 0
401 1
402 1
403 1
404 1
405 1
406 0
407 1
408 1
409 0
410 0
411 1
412 1
413 0
414 1
415 1
416 1
417 1
418 1
419 0
420 0
421 0
422 1
423 1
424 1
425 0
426 1
427 1
428 0
429 0
430 0
431 0
432 1
433 0
434 1
435 1
436 1
437 0
438 1
439 0
440 1
441 1
442 1
443 1
444 1
445 1
446 0
447 0
448 1
449 1
450 0
451 0
452 0
453 0
454 0
455 1
456 1
457 0
458 0
459 1
460 1
461 0
462 0
463 1
464 0
465 1
466 0
467 0
468 1
469 1
470 1
471 0
472 1
473 0
474 0
475 0
476 1
477 1
478 1
479 1
480 0
481 1
482 1
483 0
484 1
485 1
486 1
487 1
488 1
489 1
490 1
491 0
492 1
493 0
494 1
495 0
496 1
497 0
498 0
499 1
500 0
501 0
502 0
503 0
504 1
505 1
506 1
507 1
508 0
509 0
510 1
511 1
512 1
513 1
514 0
515 0
516 1
517 1
518 1
519 0
520 0
521 1
522 0
523 1
524 1
525 0
526 0
527 0
528 0
529 0
530 0
531 1
532 1
533 0
534 1
535 0
536 1
537 1
538 0
539 1
540 1
541 1
542 0
543 1
544 0
545 0
546 0
547 1
548 0
549 1
550 1
551 0
552 0
553 1
554 1
555 0
556 0
557 1
558 0
559 1
560 1
561 1
562 1
563 0
564 0
565 0
566 0
567 1
568 1
569 1
570 1
571 0
572 0
573 1
574 0
575 1
576 0
577 1
578 0
579 0
580 1
581 0
582 0
583 0
584 0
585 1
586 1
587 0
588 1
589 0
590 0
591 0
592 1
593 1
594 0
595 0
596 0
597 0
598 1
599 1
600 1
601 1
602 1
603 0
604 1
605 0
606 1
607 0
608 1
609 0
610 1
611 0
612 1
613 1
614 1
615 0
616 0
617 0
618 0
619 1
620 0
621 0
622 1
623 1
624 0
625 0
626 0
627 0
628 0
629 1
630 0
631 1
632 1
633 1
634 0
635 1
636 0
637 1
638 1
639 0
640 0
641 0
642 1
643 0
644 1
645 1
646 0
647 1
648 0
649 1
650 0
651 1
652 0
653 1
654 0
655 0
656 0
657 0
658 0
659 1
660 1
661 1
662 1
663 1
664 1
665 1
666 0
667 1
668 1
669 1
670 0
671 1
672 1
673 1
674 1
675 0
676 0
677 0
678 0
679 0
680 0
681 0
682 0
683 0
684 0
685 0
686 1
687 1
688 1
689 0
690 1
691 0
692 1
693 1
694 0
695 0
696 1
697 1
698 0
699 1
700 1
701 0
702 0
703 0
704 1
705 1
706 0
707 0
708 0
709 1
710 0
711 0
712 0
713 1
714 1
715 0
716 0
717 1
718 1
719 0
720 0
721 0
722 1
723 0
724 0
725 1
726 0
727 0
728 0
729 0
730 0
731 1
732 1
733 0
734 0
735 0
736 1
737 0
738 1
739 0
740 0
741 1
742 0
743 1
744 1
745 1
746 0
747 1
748 0
749 0
750 1
751 1
752 0
753 1
754 0
755 1
756 1
757 1
758 0
759 1
760 1
761 0
762 0
763 0
764 0
765 0
766 0
767 0
768 0
769 1
770 1
771 0
772 1
773 1
774 1
775 0
776 0
777 0
778 0
779 1
780 0
781 1
782 0
783 0
784 0
785 1
786 1
787 0
788 0
789 0
790 0
791 1
792 0
793 1
794 0
795 1
796 1
797 0
798 0
799 0
800 1
801 1
802 1
803 0
804 0
805 1
806 1
807 0
808 0
809 1
810 0
811 1
812 1
813 0
814 1
815 1
816 0
817 0
818 0
819 0
820 0
821 0
822 0
823 1
824 1
825 0
826 0
827 0
828 1
829 1
830 1
831 0
832 1
833 1
834 1
835 1
836 1
837 0
838 1
839 0
840 0
841 0
842 0
843 1
844 1
845 1
846 1
847 1
848 1
849 0
850 0
851 1
852 1
853 1
854 1
855 1
856 1
857 1
858 0
859 1
860 1
861 0
862 1
863 1
864 1
865 1
866 1
867 1
868 0
869 0
870 1
871 0
872 1
873 0
874 1
875 1
876 1
877 1
878 1
879 0
880 0
881 0
882 0
883 1
884 0
885 1
886 0
887 1
888 0
889 0
890 0
891 1
892 1
893 0
894 0
895 0
896 0
897 0
898 0
899 0
900 0
901 1
902 1
903 1
904 1
905 0
906 0
907 1
908 1
909 0
910 1
911 1
912 1
913 0
914 0
915 1
916 1
917 1
918 1
919 0
920 0
921 0
922 1
923 1
924 0
925 0
926 1
927 0
928 0
929 1
930 0
931 0
932 0
933 0
934 0
935 0
936 1
937 0
938 0
939 1
940 1
941 0
942 1
943 0
944 0
945 1
946 0
947 0
948 1
949 0
950 0
951 0
952 1
953 1
954 0
955 0
956 1
957 0
958 0
959 0
960 0
961 0
962 1
963 0
964 1
965 0
966 1
967 1
968 1
969 1
970 0
971 0
972 0
973 0
974 0
975 1
976 0
977 1
978 0
979 1
980 1
981 1
982 1
983 0
984 1
985 0
986 1
987 1
988 0
989 0
990 0
991 0
992 1
993 0
994 0
995 1
996 1
997 1
998 0
999 1
1000 0
1001 0
1002 1
1003 1
1004 0
1005 1
1006 0
1007 0
1008 0
1009 1
1010 0
1011 0
1012 1
1013 0
1014 0
1015 0
1016 1
1017 1
1018 1
1019 0
1020 0
1021 0
1022 1
1023 0
1024 0
1025 0
1026 0
1027 1
1028 0
1029 0
1030 1
1031 0
1032 1
1033 1
1034 1
1035 1
1036 1
1037 1
1038 0
1039 1
1040 0
1041 1
1042 1
1043 0
1044 1
1045 0
1046 0
1047 0
1048 0
1049 1
1050 1
1051 0
1052 1
1053 0
1054 0
1055 0
1056 1
1057 0
1058 1
1059 0
1060 1
1061 0
1062 1
1063 1
1064 0
1065 1
1066 0
1067 1
1068 0
1069 1
1070 1
1071 1
1072 1
1073 0
1074 1
1075 0
1076 1
1077 0
1078 0
1079 1
1080 1
1081 1
1082 0
1083 1
1084 0
1085 1
1086 1
1087 1
1088 0
1089 0
1090 1
1091 0
1092 1
1093 0
1094 0
1095 1
1096 1
1097 0
1098 1
1099 0
1100 0
1101 1
1102 0
1103 0
1104 0
1105 1
1106 1
1107 0
1108 1
1109 0
1110 1
1111 0
1112 0
1113 0
1114 0
1115 1
1116 0
1117 1
1118 0
1119 1
1120 0
1121 0
1122 1
1123 0
1124 0
1125 1
1126 0
1127 1
1128 1
1129 1
1130 1
1131 0
1132 0
1133 1
1134 0
1135 0
1136 0
1137 1
1138 1
1139 0
1140 0
1141 0
1142 1
1143 0
1144 1
1145 1
1146 0
1147 1
1148 0
1149 1
1150 0
1151 1
1152 0
1153 1
1154 0
1155 1
1156 0
1157 0
1158 1
1159 1
1160 0
1161 1
1162 0
1163 1
1164 1
1165 0
1166 0
1167 0
1168 1
1169 0
1170 0
1171 1
1172 0
1173 1
1174 1
1175 1
1176 0
1177 0
1178 1
1179 1
1180 1
1181 1
1182 1
1183 0
1184 0
1185 1
1186 0
1187 0
1188 0
1189 1
1190 1
1191 0
1192 1
1193 1
1194 0
1195 0
1196 0
1197 1
1198 0
1199 0
1200 1
1201 0
1202 1
1203 1
1204 1
1205 0
1206 0
1207 0
1208 1
1209 0
1210 0
1211 0
1212 1
1213 0
1214 0
1215 0
1216 1
1217 0
1218 0
1219 0
1220 1
1221 0
1222 1
1223 0
1224 0
1225 0
1226 0
1227 1
1228 1
1229 0
1230 1
1231 1
1232 0
1233 0
1234 1
1235 1
1236 1
1237 0
1238 1
1239 1
1240 0
1241 0
1242 1
1243 1
1244 0
1245 1
1246 1
1247 0
1248 0
1249 1
1250 1
1251 0
1252 1
1253 1
1254 0
1255 1
1256 0
1257 0
1258 1
1259 1
1260 0
1261 0
1262 0
1263 1
1264 0
1265 0
1266 1
1267 1
1268 0
1269 0
1270 0
1271 0
1272 0
1273 0
1274 1
1275 1
1276 1
1277 0
1278 0
1279 1
1280 1
1281 1
1282 0
1283 1
1284 0
1285 0
1286 0
1287 0
1288 0
1289 0
1290 0
1291 1
1292 1
1293 1
1294 1
1295 0
1296 0
1297 0
1298 0
1299 0
1300 1
1301 1
1302 1
1303 1
1304 1
1305 1
1306 0
1307 1
1308 1
1309 1
1310 1
1311 0
1312 0
1313 1
1314 0
1315 1
1316 0
1317 1
1318 1
1319 1
1320 1
1321 1
1322 1
1323 1
1324 0
1325 0
1326 1
1327 1
1328 0
1329 0
1330 1
1331 0
1332 1
1333 0
1334 1
1335 0
1336 0
1337 1
1338 0
1339 1
1340 0
1341 0
1342 1
1343 1
1344 1
1345 1
1346 1
1347 0
1348 0
1349 0
1350 0
1351 1
1352 1
1353 1
1354 0
1355 1
1356 1
1357 0
1358 0
1359 1
1360 1
1361 1
1362 0
1363 1
1364 1
1365 0
1366 0
1367 1
1368 0
1369 0
1370 0
1371 1
1372 0
1373 0
1374 0
1375 1
1376 0
1377 1
1378 1
1379 1
1380 1
1381 0
1382 0
1383 0
1384 0
1385 0
1386 1
1387 0
1388 0
1389 0
1390 0
1391 0
1392 1
1393 1
1394 1
1395 1
1396 1
1397 1
1398 0
1399 1
1400 1
1401 1
1402 0
1403 1
1404 0
1405 1
1406 0
1407 1
1408 0
1409 1
1410 0
1411 0
1412 1
1413 0
1414 1
1415 1
1416 0
1417 1
1418 1
1419 0
1420 0
1421 0
1422 0
1423 1
1424 1
1425 0
1426 0
1427 1
1428 0
1429 0
1430 0
1431 0
1432 1
1433 0
1434 1
1435 0
1436 1
1437 0
1438 1
1439 0
1440 0
1441 1
1442 1
1443 0
1444 0
1445 0
1446 1
1447 1
1448 0
1449 1
1450 1
1451 1
1452 1
1453 1
1454 1
1455 0
1456 1
1457 1
1458 0
1459 1
1460 1
1461 1
1462 0
1463 1
1464 0
1465 1
1466 0
1467 1
1468 1
1469 1
1470 1
1471 1
