1178
1838
1031
1253
337
1796
1609
1491
591
2143
788
2281
1326
1878
88
356
115
1765
1067
2203
1855
537
349
1413
2870
2456
2893
691
846
679
777
2486
2693
2650
2700
888
2107
1526
1221
1922
2286
65
2901
1103
2524
703
1787
1839
2407
2154
2359
838
524
1565
2882
1166
565
2797
1339
1682
570
1759
238
92
1127
1286
1167
619
2177
2907
1629
1538
2170
1632
1139
1295
1832
1958
2267
1445
1921
2215
1781
1390
1273
456
1698
1105
2686
2176
2484
1509
372
2826
947
2326
1984
965
128
689
172
512
2626
477
952
606
1405
884
575
1156
300
877
1596
2350
1782
2860
567
2809
1800
1624
1635
384
376
216
1003
1012
220
811
2409
1859
413
1766
2607
859
2386
2680
2238
1550
373
2114
1494
929
287
2040
2147
714
1383
985
2062
592
1818
322
2295
2349
1551
147
1815
187
1128
2803
1183
2875
390
550
2416
2666
255
362
712
1124
2782
545
1981
1044
1811
2105
2460
1499
213
2273
2807
2636
127
1842
339
548
1967
1881
1865
366
177
2927
748
2164
585
843
2649
1119
43
587
2847
2726
191
321
1189
1930
1613
1230
2529
528
1611
458
643
2057
320
1289
1621
2370
772
436
2505
1353
673
767
901
1715
555
1246
720
2805
2844
1618
2276
1545
156
228
2547
2044
1209
2616
469
2337
1372
1284
56
1572
1768
198
2225
2255
999
2008
2504
2703
1305
1792
906
954
1825
2892
717
852
108
1398
2561
2259
158
2776
2290
875
2085
1810
829
446
2184
253
675
2178
2795
1352
1591
1627
2453
798
79
2509
919
2485
2771
2933
934
1883
325
1440
1291
2832
2353
1641
192
2631
836
1954
1317
2417
1679
2159
708
527
2926
0
352
1101
2015
529
2916
1164
2001
2887
549
2090
2632
323
2061
1285
1625
644
1647
1418
2231
590
2365
514
498
244
380
2318
2211
2928
830
2319
722
179
1274
231
733
2750
1884
2315
654
2674
2102
1725
600
2733
1017
2414
1738
2921
924
2613
781
2643
1431
752
1471
1025
29
319
2217
2092
2285
176
1544
610
1857
1324
2681
2158
2732
2780
1653
99
2548
1162
992
2580
1088
1014
1008
699
2798
2376
2303
2324
1130
2426
1634
408
2896
1858
1927
279
918
1161
2497
2833
660
272
803
482
1680
173
2778
2304
2562
2430
1350
775
72
507
1452
2124
2372
2793
1255
2021
2131
1539
657
2038
1798
1804
2011
2118
326
248
771
2051
651
2655
728
2104
778
794
856
110
453
1673
2442
1758
1320
1114
563
447
267
1493
2534
1333
977
1026
881
2813
964
129
2490
825
1520
880
2209
2838
2731
625
974
90
2852
2142
2277
224
1138
1903
13
2502
2766
1599
776
1175
2800
2175
2322
1666
418
2689
1085
2711
665
162
1671
1968
222
2886
938
14
2246
1943
1696
636
1498
460
188
1908
615
700
1937
2287
2761
959
1027
170
121
1797
2938
2609
2153
1407
466
751
2836
1637
2302
697
2364
1000
932
618
800
1244
1047
783
2592
470
1163
2683
2429
766
2716
1745
1540
2043
1699
2498
2096
1387
2427
2470
2518
1821
1788
1126
2384
1648
2675
2577
1936
1863
2340
2172
526
1966
759
966
438
1136
2612
1731
1688
847
2487
2210
805
2373
2081
442
1102
2739
1874
1386
1933
2685
102
1051
1689
2560
434
1254
1986
214
1949
1168
245
2868
2288
743
221
662
1433
2572
2466
1560
744
2768
2536
871
1829
1033
395
464
546
428
1885
1262
1290
2380
1728
2510
2623
1392
66
1292
2258
19
2145
1072
1683
931
2627
698
1417
98
2070
2301
2929
1277
991
950
1622
2645
2545
1963
2013
2520
2362
2804
1096
1789
810
379
883
1640
394
61
1824
1749
841
2328
505
716
2312
533
35
513
1505
1914
2789
1690
862
2790
1497
301
1916
1729
2212
1848
2783
1973
1681
1990
639
2898
1142
2672
996
1795
2762
561
1382
2712
1356
1451
2569
2578
971
2532
2331
1338
2828
1872
414
2729
850
2300
2677
684
893
347
276
1931
2098
91
1993
2679
93
1877
2368
1304
2934
692
1374
84
486
1563
2588
1144
2822
2506
579
2864
2449
566
1029
1987
1361
2381
773
1487
1817
997
1971
2720
1754
496
445
2911
2332
2330
2363
2311
1717
2483
2694
2874
822
2371
2786
845
145
2202
2249
1534
2603
448
696
940
1503
580
105
1173
1456
878
2571
415
1742
2662
40
206
1362
472
1893
2821
2859
1403
1436
354
1334
2806
1605
1379
103
1315
2451
2048
667
499
1080
237
2936
2401
2568
641
2574
887
2396
1463
1112
262
2025
2437
419
573
911
398
1694
2309
1672
886
1120
1655
478
2856
784
2419
1110
1995
2619
1190
1009
2123
1495
2181
1969
895
2108
1746
2682
219
1134
768
1172
53
2814
1664
1236
1302
571
1064
1584
2699
1310
2227
484
369
1122
779
515
2192
916
306
1501
186
1293
1441
124
393
2546
1346
1507
1043
375
2293
1662
1668
554
2410
2294
410
943
519
2846
2155
271
827
1309
2148
1147
333
1298
2590
1822
1535
1776
1541
1384
1775
2824
431
1214
544
780
2757
229
1721
2722
1771
1761
710
2247
839
1169
2895
1097
1700
2690
1035
1393
1578
604
2698
81
2834
452
1082
577
1586
21
2046
646
455
2163
2601
2508
209
1786
2169
1601
1022
32
1467
1185
37
956
1989
54
1177
1421
403
1675
1941
1879
2708
504
273
2559
2495
210
1639
1056
1233
2606
1558
543
2742
2425
1948
15
2533
2459
923
1528
483
2134
819
2537
1882
622
2872
2587
2307
116
2890
1490
1157
1985
2126
787
541
801
677
278
2538
1962
2151
1462
299
2695
23
2869
2336
1201
2240
1837
454
381
1430
2917
713
1318
695
525
350
2808
150
503
2161
1055
377
1061
2610
2335
2827
1826
2644
1297
998
2499
1238
1615
346
2361
1552
1109
860
1707
1402
939
762
2073
2433
149
510
1437
1424
2521
2476
905
589
765
831
2837
2576
1220
1121
2825
2517
136
796
386
284
1299
2383
2599
2842
2772
837
2659
2567
558
1923
2799
2251
1252
655
1341
2
539
1155
2501
632
365
1523
1823
47
169
2455
2641
1778
1332
2084
351
1553
2637
2513
1704
1506
286
645
85
1268
239
826
1999
1385
1137
2291
148
57
2435
2756
1887
17
987
1616
2841
2474
1677
1104
1515
902
2758
1723
1972
2667
2604
1548
1590
1880
2527
1351
2385
502
1216
2006
1408
1469
1329
1063
1400
1814
1458
86
574
471
1803
2197
1429
2030
2630
741
2216
652
1585
2237
1086
155
1464
2393
2077
2010
594
1241
2614
834
450
616
423
2922
1912
1691
140
1751
437
2851
2891
1363
2885
218
576
2299
889
2076
1141
2924
797
392
817
427
2229
2282
2648
1934
842
584
1564
2877
1780
1561
2235
2039
1314
718
564
1205
77
1896
16
34
1536
2553
1303
1143
2581
642
487
1117
268
46
1412
2469
1444
2748
2369
2415
2298
1011
1118
2676
1010
473
1191
404
922
734
681
656
879
2709
1282
640
1871
2855
36
2738
715
1278
2913
1939
2113
1084
2206
761
2140
2351
118
808
2250
1638
621
1331
2752
27
1875
736
556
444
1940
1270
786
1271
1711
1658
1422
605
2218
159
1907
2737
2360
2594
866
2329
960
1531
405
2930
1340
338
491
1522
596
2263
1202
2400
2047
416
212
1736
756
686
480
2905
2443
2185
598
2640
2230
1730
51
2157
1582
114
2932
832
2194
196
465
1401
341
2940
331
500
2078
125
1461
1594
2839
2253
892
769
1946
2447
1850
1650
2749
2020
2480
2563
745
1489
1726
1556
2673
178
2183
309
908
1376
1484
694
131
2678
2765
2310
123
451
914
1757
316
2535
2746
861
1644
1217
2117
1195
1991
945
135
653
1686
2530
1337
2653
2226
746
963
910
20
49
927
2094
2205
1886
1488
1358
1793
2074
1473
1925
2436
1960
735
157
2515
2912
195
1953
1115
2034
2334
1661
1892
1419
1251
1614
329
647
2544
972
1199
1807
2343
166
683
374
2244
799
2066
2794
1181
876
1193
1013
899
1360
864
2880
2471
1554
2900
2338
795
2017
976
993
1425
1094
1040
1861
1306
2541
568
1567
2352
1722
1769
261
1354
967
1841
133
167
2710
1784
44
1909
994
1160
1820
2564
2093
1589
1843
1979
2863
593
258
2150
1514
1573
2754
2087
139
494
2668
433
2397
1833
2820
1950
266
980
1733
1256
2696
2193
2845
2056
1894
1521
430
2840
1396
2706
2266
1902
2923
328
2388
2403
2199
420
3
194
1576
1911
523
2412
2156
968
869
2171
1851
2261
2262
816
670
2139
2730
1669
1510
2292
2382
659
1446
1448
1132
2584
1042
1734
1802
1071
2602
1774
63
1542
1643
1557
680
282
75
1294
298
1975
2099
1581
1237
973
2341
731
468
2308
904
867
2036
485
1900
1801
463
1240
2747
2801
2475
1427
2432
2477
1827
1524
2236
1856
758
724
1470
1345
1135
1477
2566
1485
2366
2819
2697
1381
2639
1212
97
501
508
33
184
22
1610
1777
740
1182
2052
1024
1106
2394
1265
1316
1834
1281
130
2005
2865
2233
459
1371
100
2736
1571
2195
1513
2583
1593
1206
2254
202
2342
58
1543
1313
2116
1335
1075
1862
119
270
1996
2663
2741
120
2445
678
2024
986
1227
1763
2127
1732
2014
343
1760
1447
443
2325
2479
490
2769
1073
1482
2554
1228
1920
1665
2344
60
538
1889
2883
52
2083
2787
1525
1791
1261
400
48
334
739
141
2473
2908
547
2086
1415
1555
241
1465
2434
2018
2264
2297
107
1547
2688
557
1667
1453
2622
1180
1247
658
2858
813
41
760
246
2054
2354
634
1194
42
168
1866
1994
1575
360
252
551
1663
2494
2004
1705
1794
1657
1321
304
1323
1079
1030
682
2095
2063
2539
1231
2316
1747
1701
2257
1982
2317
234
1816
1703
1442
727
1032
1577
1312
1188
1355
1684
2862
917
1308
1727
1756
1395
1006
2406
2065
1806
1150
1357
1718
870
2528
1846
25
2646
2829
2605
2027
303
1174
217
2628
492
2402
891
2274
2764
1129
2707
2888
2391
476
2500
536
2523
1770
1052
1439
1092
1369
259
1951
227
1706
2160
995
2669
1083
1504
1269
2770
951
754
440
144
2196
2472
96
297
2135
1713
67
2345
2556
1207
516
2526
2106
1654
1125
315
2112
2724
2189
824
240
1449
1612
1423
251
2849
2144
2321
335
208
804
782
2625
2219
1057
2734
89
2785
1328
1844
517
828
1737
1232
1608
1213
274
1537
409
1394
265
815
928
1197
706
975
151
2867
617
358
578
2585
1279
1108
1486
2128
1406
2072
1636
11
138
207
2346
1258
2552
531
2305
1628
2579
812
581
1235
2223
2723
2792
2064
2467
2033
2652
955
1813
1380
1060
2058
2608
602
840
637
205
2876
2621
344
1970
874
1574
269
197
1597
1186
2446
1891
1404
165
2593
2109
80
1478
1342
2704
371
855
2248
424
2519
907
509
68
1432
367
1938
1077
1455
853
312
676
1997
1200
1081
146
291
2779
1054
1457
935
1617
1264
2265
1058
1307
2268
143
2387
949
1830
936
820
2491
2119
1466
1066
2543
1947
467
1790
2053
396
2313
719
1901
417
305
2355
1336
2861
586
1239
288
1928
898
630
1038
2395
1472
627
2187
2728
2149
457
164
2713
2919
2514
2597
725
1944
2327
2182
378
764
104
163
2557
1533
1435
1942
930
2347
1583
388
664
2389
1389
2422
2444
2121
2424
2399
1708
1070
2810
1187
569
2420
183
2180
2214
2751
702
2935
2843
2152
1153
2899
73
1100
2357
1888
1275
2482
215
1260
74
1322
1559
1983
913
1245
1091
2489
2173
449
55
2660
897
2256
588
6
307
2492
844
1849
553
2222
391
2242
1370
2781
1248
872
1604
789
1208
1783
190
770
2188
2910
106
2082
1868
2464
1234
1592
806
1805
535
1562
2743
1348
2103
2296
2314
1773
2271
626
76
497
302
1481
814
2714
2032
2168
1606
2802
109
1388
296
2531
257
666
1743
978
511
1687
2555
2925
2232
383
2049
1226
2198
1809
1359
1799
1710
308
2421
281
1330
774
1176
518
1603
2101
1819
1779
2022
1468
1511
2132
412
2906
2375
1720
1633
1623
603
2745
295
823
1965
1325
2080
411
1952
2617
672
2600
1517
926
1568
2019
2941
263
2525
1021
1530
2767
2367
152
2016
363
2411
1532
2871
705
1588
738
2097
50
2903
1249
2260
1890
1519
1165
1378
402
474
2457
2201
1222
1219
2377
317
4
2573
650
1853
1546
2440
732
18
983
236
1215
1196
406
988
601
2438
1046
2136
1204
534
1500
1211
171
387
1089
1149
1906
2701
161
2618
340
833
2811
755
909
204
461
669
1113
668
915
132
2091
2615
2041
1397
750
582
2512
2611
753
1349
2404
1740
1296
1409
30
283
2320
78
2067
2270
223
2069
1002
401
1225
1198
137
382
868
1587
2784
1709
1580
2691
1692
1151
1992
2243
2920
2735
368
1651
921
1719
94
1065
2937
2791
5
313
946
1045
2939
2060
638
2130
1116
345
2431
2454
1620
112
2894
113
1420
1945
1959
1752
1998
1074
1460
1976
2075
2633
2465
2507
629
1566
1631
1243
990
285
2289
835
294
2595
785
342
1095
2629
1280
324
1910
749
2542
2468
1702
821
1932
1007
2252
160
1860
2213
2817
1059
2045
1347
1502
948
327
2773
2088
2333
521
2439
2450
1626
7
2166
937
970
211
2624
1607
62
648
1926
2228
687
1267
2174
962
863
2138
1854
1438
1873
2272
2003
620
2141
562
425
1018
925
979
1767
2379
1918
361
45
2037
2488
920
1840
2120
1266
2428
2204
2620
1090
2657
1276
2390
2002
873
1479
2661
953
540
1257
631
462
2853
1897
612
1516
479
2245
493
2423
1492
256
2721
1864
28
1152
332
2705
2850
1579
2478
2575
1895
1301
1785
64
2831
1753
1210
522
182
2775
2904
154
1659
542
933
1287
142
1955
791
1913
2000
1416
790
2725
1005
2115
475
763
1069
2007
225
520
941
757
635
1131
82
1904
882
912
230
2589
2658
1300
1250
726
1111
1656
2744
2275
530
1870
2897
2550
310
628
623
1652
2029
1099
1869
2759
2671
59
247
364
2279
385
807
2125
984
2009
1915
2830
2777
1847
2071
39
1426
71
958
1410
2221
624
24
481
397
1685
2413
2815
2207
885
264
2670
254
336
608
1078
2727
900
1744
1496
711
2774
1762
1508
95
180
2664
2760
1062
2179
1145
2878
693
31
277
1676
2687
1366
1023
1218
1748
2283
1831
2902
2570
134
1935
2280
1367
858
2339
260
506
2881
704
2481
2915
1649
961
2031
2835
200
1876
199
2146
1518
2931
1899
203
802
607
2848
1133
2522
2496
1288
1039
1716
1600
2654
1098
2162
2665
1068
8
1203
690
1327
2122
1602
12
982
1988
2306
2059
2461
2110
957
235
2493
969
2812
2854
2823
2418
2208
661
2718
1570
232
730
981
1037
1093
2503
407
1050
890
1646
2050
389
441
701
1373
663
721
552
1475
432
737
709
2540
38
2884
117
1263
422
851
226
1001
193
70
1229
2348
2079
2511
1595
10
1772
1224
2068
1107
1905
1414
2462
1474
290
1391
280
595
854
1735
435
1697
1450
572
1919
2635
1434
2796
1377
233
2638
1956
2755
1527
729
1454
311
674
429
649
426
1343
439
1812
1459
69
2586
611
2551
2405
1645
1016
2378
2873
747
2358
2458
1714
1724
1964
532
809
2408
1750
1845
2035
2634
2909
1977
793
903
2269
1041
421
685
2089
370
353
2278
2323
2740
1828
2398
1283
2191
560
1272
1957
83
2012
1980
1020
1319
1476
2028
1087
2549
111
1549
2241
1148
1154
1076
1364
1512
1483
2055
848
2284
849
1159
2788
153
2565
1852
1344
250
87
2857
894
189
2448
2133
2356
1049
2753
181
2715
201
122
2023
1368
399
792
2441
1898
2596
1712
559
2651
742
185
2224
359
2918
2763
2816
599
2186
2702
1678
348
275
2100
1598
1917
1695
688
293
1399
488
2717
2516
2866
1978
1004
942
1028
2452
1170
1529
2111
2129
289
1179
896
2684
1053
1034
2879
1146
1242
1974
1015
671
243
857
1311
2656
1674
2582
2137
1184
2220
2889
1428
2598
633
1171
1670
1808
1929
1630
818
1867
1375
2026
2239
1411
174
1924
989
1642
865
1192
1755
1660
1569
292
2165
101
2719
583
1764
318
26
2818
613
242
597
1739
2591
495
1259
1443
1741
2392
1158
249
2463
489
314
1836
1019
1048
1365
1
2647
1693
355
1223
2042
1036
9
1619
609
1480
1140
2200
357
614
1961
2914
1835
2234
707
1123
723
2558
2167
126
2692
944
2642
2190
330
175
2374

