2844
628
2484
977
227
1871
249
1693
396
2807
1966
1878
2326
2421
767
2545
2407
2914
2315
1213
340
928
862
759
153
850
1741
2098
1080
1186
1269
2346
1204
226
821
854
1816
1155
639
2483
1363
1537
1819
2764
439
2813
1723
2106
520
1866
2876
1917
518
670
2766
1906
1071
506
2529
2257
955
1860
2100
654
2330
2730
175
2548
534
738
470
224
2117
1980
59
1707
1780
718
135
2597
475
1473
2035
618
1152
2917
723
2643
1640
1426
1108
108
930
2110
1694
262
1151
237
2124
948
2066
883
2424
2906
509
1787
899
1908
771
2215
947
2932
2371
2234
2912
582
1525
1199
2696
488
1284
2717
2204
1026
263
1350
2103
863
1804
101
1068
1924
402
1549
1703
2031
1984
40
1440
56
1701
2869
2075
2941
2102
1416
824
2602
2451
703
749
454
2827
896
1013
32
1931
294
1122
62
593
362
1653
561
1585
413
1650
140
1601
1550
2889
2263
1258
706
2884
1856
250
1093
197
2709
976
752
2667
133
232
1922
1297
16
223
2804
452
2792
1042
2692
1135
401
1910
2898
2883
1879
1400
1637
2090
1035
1468
2181
2247
673
845
614
1562
2852
692
785
2855
74
1006
2183
2007
1530
1020
1559
1338
66
1852
538
2065
1974
1383
2521
229
2712
1201
2564
98
115
2198
2179
640
2582
215
1605
403
375
1362
808
995
1334
2314
445
1934
2157
2390
329
1517
2790
1253
102
31
1486
1933
2642
777
1294
1624
45
1902
984
1570
50
1862
2789
2893
1049
279
1319
2054
1345
1589
1397
482
2360
2825
79
2777
1189
2221
1488
2850
1619
234
1618
386
268
2206
1462
1325
310
2173
291
817
2649
124
551
621
1483
511
2937
943
1107
2160
2615
1200
2121
2925
2018
2638
2238
1761
2348
1449
2828
740
866
1712
1828
1546
1193
2532
380
2334
14
2938
603
2689
1087
1656
1403
2216
1909
144
2486
2511
1490
2256
630
1737
225
355
726
1434
1062
971
469
1645
193
2599
1217
2419
1982
2327
841
1454
209
1065
2601
1105
1614
2561
2032
2808
1634
1487
1103
410
1051
2150
2374
2705
1755
2340
20
2605
1719
351
2654
800
1989
1868
462
1911
1146
1374
443
1418
1348
1689
453
2166
1278
751
547
2341
2841
2463
183
2279
2356
1225
1697
352
829
532
634
1398
645
1968
1007
1139
500
1662
2233
2763
709
1485
2368
2871
1172
1211
2192
2861
597
2240
951
1094
2123
2930
746
1895
147
162
2190
875
929
806
420
1124
2701
457
960
244
1715
1395
931
2634
2860
2727
300
2352
2636
2759
2375
1423
1118
2345
393
1771
1446
2081
2211
23
2316
169
430
897
990
2235
1739
794
712
1548
1671
1646
974
1086
2596
2768
1938
1469
2099
1391
617
242
1941
2570
2663
961
2618
935
303
546
1281
2878
2686
775
2910
900
385
1165
2201
848
612
2655
515
235
724
311
819
1424
893
1869
2312
953
1244
836
2522
83
2931
1865
1842
171
2916
602
2877
2576
1190
1717
2357
400
2264
2000
2077
106
2772
1732
1327
2735
2246
1533
2927
1156
2894
2598
2637
2308
1259
2485
1799
846
2838
1957
1901
450
1809
627
326
1414
1730
1242
638
2431
876
1117
1758
2003
939
1853
1050
2331
2748
1280
2650
198
615
1271
1169
1134
611
807
24
1638
1846
210
945
1867
1877
2395
2119
2467
2379
2594
1858
280
905
155
2273
2136
802
2639
613
1612
1053
467
10
610
550
1102
1249
1806
1287
299
2092
1565
122
907
2761
2837
1439
778
2418
78
320
1299
2249
1763
2902
94
128
1005
28
1815
1882
1529
1505
869
2531
2859
2153
1304
1353
1892
222
1951
1688
1905
2840
1520
2203
566
864
944
2694
2658
182
179
2494
1484
796
2104
1255
296
918
2734
2731
1254
1221
2262
2627
2224
1988
1625
363
2133
2501
2172
2268
1408
1101
1838
623
1274
2387
1307
206
2695
609
1038
2411
574
97
1921
2436
837
857
214
1721
1379
1075
2432
2577
2515
1652
936
1264
1396
2572
1097
1046
96
1078
88
1839
1663
2899
2674
1675
1351
1234
527
874
2409
624
1226
2617
261
2461
849
1043
1060
1367
548
661
1282
1219
1030
2186
1314
969
2900
994
1503
322
1926
2606
1040
331
85
2275
1409
742
1555
1937
2680
855
1289
2608
65
1083
688
163
2846
2218
1526
440
1480
2367
2446
2874
1569
2939
47
2868
504
2474
2220
473
564
1744
1215
63
1547
1453
1699
1188
13
1471
721
80
203
600
1412
1489
389
460
476
2158
1277
2720
2342
1465
1467
2921
1678
76
1474
818
705
353
2001
213
1679
2933
273
2480
1168
120
766
2514
1166
1070
1735
1330
1936
208
2310
2261
555
1382
508
2670
590
438
2131
779
2779
33
1769
536
2146
1027
43
579
992
172
1709
1729
2185
1511
376
2516
1302
336
2672
1827
2580
2384
1148
1628
1475
398
1182
1022
1792
2635
765
763
708
1532
1466
1672
2067
2138
158
464
872
2134
915
492
191
1119
2810
1682
2662
1586
921
2282
152
327
1058
1306
2613
666
1180
2154
1891
2656
780
418
1144
1257
2029
2112
1899
635
1349
2538
892
456
1573
1768
1295
481
2058
1680
451
367
2835
731
461
2802
825
949
2070
1591
1541
1341
1171
109
1002
2781
239
2420
2915
2929
2845
2076
1082
2708
1246
2571
1339
2510
3
1850
1641
1749
2254
53
2251
1159
2344
2171
557
1261
2512
1154
2372
1198
2814
381
998
1310
1821
1422
479
1315
2584
733
986
212
839
2311
174
1985
933
271
1655
2482
923
2366
1794
290
221
497
1443
980
1291
700
2307
644
2728
2377
577
2671
2767
882
73
1220
946
1003
996
789
2281
1275
1177
2895
1765
2004
559
2468
1378
1607
1592
958
868
2019
2795
660
1621
934
2600
474
2457
1664
1237
1216
1150
1162
2885
1778
2156
589
2476
91
2210
2508
507
867
2339
2266
2780
1554
231
316
522
873
2442
2574
663
424
1069
1385
2429
1639
2812
1497
220
858
103
1014
2815
1811
2212
143
483
2685
2684
61
2497
1782
141
2253
2178
2770
549
671
200
1025
919
1870
186
435
799
72
1896
2459
1845
1805
2288
1643
1956
335
1631
2733
257
1286
2651
1023
2165
2679
583
433
2909
1476
1885
348
697
2645
1113
2217
442
1316
1946
834
736
1009
576
478
2897
218
2435
2290
1206
157
2646
710
1649
1584
1430
1705
747
233
2752
2660
795
1814
1553
1836
2879
1031
2303
99
591
2033
735
1690
247
2135
39
1037
1021
1447
281
344
2631
2926
2358
2250
852
1700
1644
2101
1208
539
674
1174
788
1495
1019
1044
2539
2085
1265
274
1691
1753
1884
2922
1
4
272
2413
2175
1564
1072
164
2011
2365
484
36
797
196
685
993
2473
2397
1538
1368
388
2540
1847
1772
2389
1205
1231
2797
2376
720
365
657
1472
1647
2499
2287
1187
2109
419
1629
1851
1279
1428
1558
513
1054
2541
2504
2084
1504
2079
2587
1536
1066
2500
2718
1962
727
2248
719
714
1969
1762
2306
2610
2892
2507
2147
2053
2882
185
1661
2836
2381
952
190
2842
1918
2243
1248
2843
1508
2394
2622
2337
2391
2083
2137
606
1373
2006
189
2152
1840
1577
2839
884
2928
2562
1750
2750
2590
2741
1595
1563
2464
1510
1493
757
938
1116
1415
1390
2854
254
126
1544
390
748
87
732
1283
2036
2553
1523
2414
425
2114
1218
265
377
1859
605
301
1407
2678
2519
1633
2715
1366
904
1648
2551
651
1702
93
2908
1935
1580
505
750
584
1140
1380
459
2049
2323
2697
1191
408
2301
2324
1611
387
245
2239
2051
2862
2624
2359
1706
1659
1365
107
2533
1173
1482
448
258
42
1642
2530
1925
2034
1357
595
1708
1181
827
2304
2847
1501
1609
2047
1076
2169
1401
1354
1674
1332
2174
1096
314
2170
333
2589
2280
598
699
1387
494
313
1057
1222
2801
270
2089
25
622
1939
2738
1194
1015
1561
702
2440
1513
2454
694
1461
2736
2586
1602
2683
1498
360
979
334
366
908
2213
810
2479
596
1919
2450
466
1999
228
1067
132
2823
1123
2788
2888
2901
2276
264
1575
2426
1684
2863
2195
1568
166
2607
136
2903
626
653
1551
956
782
58
1499
1081
113
1728
2881
1718
1875
2682
1106
2853
2520
2441
361
379
1578
1251
2412
1137
578
2657
2543
2229
2725
1972
1241
90
1229
2518
2666
1459
741
112
2012
2167
1574
2502
1018
1100
554
1731
1997
75
2028
255
1413
2496
1243
2299
1419
1818
1359
754
2207
1016
2062
616
2477
983
501
35
1343
2039
2393
885
2822
2283
2205
1594
898
372
942
490
1115
1844
1704
2603
2343
2005
826
252
535
2294
260
1317
394
1262
2652
2320
2458
2700
1266
2161
243
119
1099
2318
2566
54
2493
116
2681
2644
2027
2244
468
480
1727
1825
1623
669
9
2831
2834
553
428
528
1252
6
330
1370
2270
586
347
1889
2087
926
1874
1774
2726
1163
537
823
1438
1358
667
2591
2140
1593
84
1126
2762
2848
1654
1074
1685
2408
2616
1894
2523
816
2612
1766
2849
342
1110
404
2385
2806
1406
2527
2305
207
7
847
2380
2579
38
2447
2226
178
121
2037
1514
838
2800
2296
2702
988
1442
676
2462
2126
2222
1598
1207
1916
1686
717
129
2851
2528
2569
192
1056
2148
325
1775
809
57
1073
637
761
682
1210
170
696
2228
309
1733
648
12
100
1786
1900
571
1203
1209
1175
1855
105
427
1322
146
2648
2737
973
383
1830
1393
1410
2456
2427
284
1045
2417
1632
1802
1793
2614
1270
2187
2719
2524
114
760
962
1658
2064
2924
573
620
1405
503
1008
2466
1230
2405
5
2143
399
1212
729
2020
1011
1320
2338
1369
2560
814
684
1036
339
298
588
1301
2313
1328
131
288
1285
1364
1386
2015
161
308
41
1233
1138
913
2721
458
384
1557
1881
2401
1052
1596
2194
664
683
2122
2873
2072
2492
2286
1534
1898
1481
1803
1927
2078
1681
2225
1394
1132
879
901
715
987
2936
2444
1776
1531
2647
2332
251
982
1095
216
2609
2094
1227
1540
1388
581
2742
64
1041
315
1883
1777
793
2821
423
2410
2209
1571
1039
2045
2751
2664
1606
587
2585
1340
1516
1000
2783
137
2096
552
2017
2025
1142
647
2713
266
840
903
965
968
762
407
259
125
1576
1666
405
2369
662
1854
431
2465
2449
1651
909
1331
2630
1583
1130
698
1843
1329
2265
2824
1837
2707
1829
2774
2177
1791
2351
1539
2071
2048
1272
2452
2398
201
2293
1603
787
2620
832
1250
1742
295
2787
1323
1587
278
2434
240
2093
1267
2626
2887
1247
293
2886
1683
859
60
2097
2223
371
1759
530
1450
774
880
2743
1752
604
650
341
55
2583
642
2202
1133
2242
2536
791
1184
1970
608
230
2423
2469
1991
1907
2023
1527
1425
822
756
1627
118
267
1636
2688
728
2746
2068
1458
1743
499
2729
1608
1202
1313
392
2471
887
655
2272
783
2255
2402
1308
1092
2008
1711
417
246
1336
1616
1506
1876
2588
2144
1240
1436
1293
2632
187
1448
1143
1863
1965
981
689
2231
1857
672
2706
338
1880
675
510
843
11
2611
1590
2082
2176
1196
1402
2506
2775
2723
2552
856
151
811
585
2934
1431
2904
2091
881
2765
1028
1796
665
2799
154
2433
180
1993
776
2710
2350
2241
830
194
1670
395
2556
2858
1235
2309
656
695
2549
2803
52
1324
447
1746
2080
678
1677
2820
1457
2074
1479
619
1981
374
2399
2478
2259
373
1104
1355
2128
2319
2776
2498
2568
2661
1747
104
2629
1785
1912
2517
652
256
1435
2105
2274
1077
370
1773
472
831
1745
1451
2592
471
1566
317
545
910
820
1224
2745
643
1954
691
889
2430
1136
434
1543
2370
2557
1147
1841
1061
2890
888
110
345
354
954
2771
632
19
681
2830
1740
1179
477
1797
1832
1756
2329
305
2676
1004
2335
1660
1667
1089
1088
2668
1914
594
2786
2698
2168
790
1556
1932
2872
2043
2559
920
2061
524
792
2252
2756
1460
781
248
2269
1582
1141
217
1047
1975
2193
2739
139
356
2127
269
2086
1129
2669
894
2403
2347
844
991
1463
1822
493
2336
253
1456
289
1010
2491
1085
1810
601
1757
1613
167
2875
111
1971
1886
1722
302
2355
2297
1950
1399
870
2425
912
932
941
1953
168
768
2490
890
123
1238
2267
1626
1545
1500
1239
2118
69
1033
2396
1292
1228
2088
2754
1029
1913
2055
489
2755
2896
937
2328
975
1195
358
1751
1153
716
1790
2164
1657
2060
764
978
1620
2505
1795
677
2227
2760
2563
2891
570
2833
1059
276
2108
1599
1429
1167
2489
1955
1963
1263
1507
491
2832
2437
543
2819
851
2911
1098
318
1767
2052
426
813
17
1518
1673
1356
1170
18
1983
701
359
1826
2237
236
304
2317
1342
1944
421
556
922
523
877
368
37
541
1734
1615
1372
966
1713
517
1441
2791
2453
686
2880
2289
1817
2554
2445
1948
2443
739
1309
753
485
1470
391
495
156
204
1273
2913
2050
1808
343
68
176
2460
1091
188
722
2481
1417
283
2400
1990
1572
514
1063
1276
1861
48
1515
1890
2793
1337
2547
1872
828
415
2416
659
521
1994
241
1864
711
2180
2870
526
2057
1125
2016
378
2641
414
730
2277
277
2935
1502
649
1710
853
432
2325
2714
1942
1149
2550
455
1831
2200
1996
1764
444
2129
306
1958
429
159
1714
512
1157
1114
86
2578
1223
2905
2258
895
1987
1344
804
2199
2141
1335
1312
2073
1055
1522
2021
2009
1288
516
680
2038
2544
2026
641
2542
1256
1760
963
997
211
2230
2633
89
2565
2699
2363
2940
2677
2042
1001
2188
1976
181
2125
275
1161
1360
1437
82
1090
1404
687
2159
734
906
2691
2472
693
2448
1477
1377
1421
1389
1696
21
531
437
1305
382
575
2145
92
307
2115
558
1303
861
184
985
1668
2923
758
2353
2805
1783
346
871
409
1214
2575
1032
902
2439
1017
2162
30
1392
2232
422
772
770
449
1112
1943
1887
8
2285
2184
1738
1669
1888
798
580
891
2758
2284
1992
1736
1622
2628
812
1748
1445
1610
1720
1604
533
592
2470
1897
71
2711
959
924
1494
1835
743
886
2349
2809
2163
2321
2829
1726
1535
319
26
502
0
568
2022
2386
1491
911
773
2769
2487
833
51
1127
2063
1145
964
463
1346
2113
486
160
567
2404
801
1024
560
2732
725
2041
127
2581
1185
1581
1998
1183
1455
2907
972
658
2298
2782
1695
2866
332
2014
2753
2120
1903
607
2703
925
2040
1973
2236
1381
1300
1120
916
1158
1496
1986
1779
1579
1800
1949
1600
755
2271
2534
2475
27
2826
1260
2024
1904
2291
2438
1160
2428
2535
2354
1121
1352
1979
44
2107
2300
625
397
2665
679
2503
1820
1432
219
2704
2132
2675
2798
2558
441
1128
1824
1995
2794
1433
1930
2095
2056
860
2292
2816
195
540
917
2111
323
436
1524
2030
29
914
165
1692
297
629
2513
1347
2362
2593
713
2010
2757
2619
1311
2778
2322
1371
1333
2002
2196
1725
2865
1961
205
1298
2573
745
2142
416
138
134
1665
22
1788
569
1131
2364
1012
81
1964
282
1630
1512
636
1893
1111
631
1617
1064
1048
1560
1635
173
2659
2920
1940
737
1176
411
2046
2687
1521
1178
957
2740
519
1245
350
1296
786
2495
2595
1192
865
1232
1109
1967
572
842
1492
2208
2182
2382
999
1812
2155
2044
2546
2455
2295
2219
704
2537
337
324
2151
544
1807
1724
1552
1034
15
1427
2811
285
2918
1915
406
2139
34
2856
542
2191
238
2406
563
1597
815
1947
1444
1542
498
2149
148
1079
117
784
2069
2526
967
2302
2857
2333
1478
1384
321
2388
1770
2919
77
364
690
2373
2116
202
1164
1801
2361
2013
1676
525
130
199
2392
1834
2693
1789
940
2796
599
707
1290
2716
2749
835
2278
286
2784
1928
1978
46
1784
2260
1509
1236
292
2864
177
2567
2625
2383
2
2059
2214
1528
2817
70
562
1823
646
1411
1452
1945
2130
1798
2245
744
2773
465
67
487
1716
2785
989
950
2673
287
2744
2604
349
2197
446
2621
2488
2818
1197
369
1923
529
2690
2189
142
2653
2623
1873
2415
1960
1959
357
1321
2525
2724
2747
1813
1698
668
150
565
803
1464
805
1519
1977
1929
1952
1268
1920
1849
1326
2378
633
1781
1848
2422
149
769
328
412
1588
1687
1375
95
2509
1376
49
1833
2867
1754
1567
927
878
145
496
1084
970
2722
1361
2555
2640
312
1318
1420

