1 1
2 0
3 1
4 0
5 0
6 1
7 0
8 1
9 0
10 1
11 1
12 1
13 1
14 0
15 0
16 0
17 1
18 1
19 0
20 1
21 1
22 1
23 0
24 0
25 0
26 1
27 1
28 0
29 1
30 0
31 1
32 1
33 1
34 1
35 0
36 1
37 0
38 0
39 1
40 0
41 0
42 0
43 0
44 0
45 0
46 0
47 1
48 1
49 1
50 1
51 1
52 1
53 1
54 1
55 1
56 1
57 1
58 0
59 0
60 1
61 0
62 1
63 0
64 1
65 0
66 1
67 1
68 1
69 1
70 1
71 0
72 1
73 1
74 0
75 0
76 0
77 1
78 1
79 0
80 1
81 0
82 0
83 1
84 0
85 1
86 0
87 0
88 1
89 1
90 1
91 1
92 0
93 1
94 1
95 1
96 0
97 0
98 1
99 1
100 1
101 1
102 1
103 1
104 1
105 0
106 1
107 1
108 0
109 1
110 1
111 1
112 1
113 0
114 0
115 1
116 1
117 0
118 0
119 0
120 0
121 0
122 0
123 0
124 1
125 0
126 1
127 1
128 0
129 0
130 1
131 0
132 0
133 0
134 0
135 1
136 0
137 1
138 1
139 0
140 0
141 0
142 0
143 1
144 0
145 0
146 1
147 1
148 0
149 1
150 1
151 0
152 1
153 1
154 0
155 0
156 1
157 1
158 0
159 0
160 1
161 0
162 0
163 1
164 1
165 0
166 0
167 1
168 1
169 1
170 1
171 1
172 1
173 0
174 0
175 0
176 0
177 0
178 1
179 0
180 1
181 0
182 0
183 0
184 0
185 0
186 0
187 1
188 1
189 1
190 0
191 0
192 0
193 0
194 0
195 1
196 1
197 0
198 1
199 0
200 0
201 0
202 1
203 0
204 0
205 0
206 1
207 0
208 1
209 0
210 1
211 0
212 1
213 0
214 0
215 0
216 0
217 0
218 1
219 0
220 1
221 0
222 1
223 1
224 1
225 0
226 0
227 0
228 1
229 0
230 0
231 0
232 0
233 1
234 0
235 1
236 0
237 1
238 1
239 1
240 0
241 1
242 1
243 1
244 0
245 1
246 1
247 1
248 0
249 1
250 1
251 0
252 0
253 0
254 0
255 0
256 0
257 1
258 0
259 1
260 1
261 1
262 1
263 0
264 0
265 0
266 0
267 0
268 0
269 0
270 0
271 0
272 0
273 0
274 0
275 1
276 1
277 1
278 0
279 0
280 1
281 0
282 0
283 0
284 0
285 1
286 0
287 1
288 0
289 0
290 0
291 1
292 1
293 0
294 1
295 0
296 0
297 0
298 0
299 0
300 1
301 0
302 1
303 0
304 0
305 1
306 0
307 1
308 0
309 0
310 0
311 0
312 1
313 0
314 1
315 0
316 1
317 0
318 0
319 1
320 0
321 1
322 0
323 0
324 0
325 0
326 0
327 0
328 1
329 0
330 0
331 0
332 1
333 0
334 0
335 1
336 0
337 0
338 1
339 0
340 1
341 1
342 1
343 1
344 1
345 1
346 0
347 1
348 0
349 1
350 0
351 0
352 0
353 1
354 0
355 0
356 0
357 0
358 0
359 0
360 0
361 1
362 0
363 1
364 1
365 1
366 1
367 1
368 0
369 1
370 0
371 1
372 1
373 0
374 0
375 1
376 1
377 1
378 1
379 1
380 1
381 0
382 1
383 1
384 1
385 1
386 1
387 0
388 1
389 1
390 1
391 1
392 1
393 1
394 1
395 0
396 0
397 1
398 0
399 0
400 1
401 1
402 1
403 0
404 0
405 1
406 0
407 0
408 0
409 0
410 1
411 0
412 0
413 1
414 0
415 0
416 1
417 0
418 0
419 0
420 0
421 1
422 0
423 1
424 1
425 1
426 0
427 1
428 0
429 1
430 1
431 0
432 0
433 1
434 0
435 0
436 0
437 1
438 0
439 1
440 1
441 0
442 0
443 0
444 0
445 0
446 0
447 0
448 1
449 1
450 0
451 0
452 1
453 1
454 1
455 0
456 1
457 1
458 1
459 1
460 0
461 0
462 1
463 0
464 1
465 1
466 0
467 0
468 1
469 0
470 1
471 0
472 0
473 1
474 1
475 1
476 0
477 0
478 1
479 0
480 0
481 1
482 1
483 1
484 1
485 0
486 0
487 1
488 1
489 1
490 0
491 0
492 0
493 1
494 1
495 0
496 0
497 0
498 1
499 1
500 0
501 1
502 1
503 1
504 0
505 1
506 1
507 0
508 0
509 0
510 0
511 0
512 0
513 1
514 0
515 0
516 0
517 1
518 0
519 0
520 0
521 0
522 1
523 1
524 1
525 1
526 1
527 0
528 1
529 0
530 0
531 1
532 1
533 1
534 0
535 1
536 1
537 0
538 1
539 0
540 1
541 1
542 0
543 1
544 0
545 0
546 1
547 1
548 1
549 0
550 1
551 0
552 1
553 0
554 1
555 1
556 0
557 1
558 0
559 0
560 0
561 0
562 0
563 0
564 1
565 1
566 0
567 1
568 0
569 0
570 0
571 1
572 1
573 0
574 0
575 1
576 1
577 1
578 1
579 0
580 1
581 0
582 1
583 1
584 0
585 0
586 0
587 1
588 0
589 0
590 1
591 0
592 0
593 0
594 0
595 1
596 0
597 0
598 0
599 1
600 1
601 0
602 0
603 1
604 1
605 1
606 0
607 1
608 1
609 1
610 0
611 0
612 1
613 1
614 0
615 0
616 1
617 1
618 0
619 1
620 0
621 1
622 0
623 1
624 1
625 0
626 0
627 1
628 1
629 1
630 1
631 1
632 1
633 0
634 1
635 1
636 1
637 0
638 0
639 0
640 0
641 0
642 1
643 0
644 0
645 0
646 0
647 0
648 0
649 0
650 1
651 1
652 1
653 0
654 1
655 0
656 0
657 0
658 0
659 0
660 0
661 0
662 1
663 0
664 0
665 0
666 0
667 0
668 0
669 1
670 1
671 0
672 1
673 1
674 0
675 0
676 0
677 0
678 1
679 0
680 1
681 0
682 0
683 0
684 0
685 0
686 0
687 0
688 1
689 0
690 0
691 0
692 0
693 0
694 0
695 0
696 1
697 0
698 1
699 0
700 0
701 0
702 0
703 1
704 0
705 1
706 1
707 0
708 1
709 0
710 0
711 1
712 0
713 0
714 0
715 1
716 0
717 0
718 1
719 1
720 0
721 0
722 1
723 0
724 0
725 0
726 1
727 0
728 0
729 1
730 1
731 0
732 0
733 0
734 1
735 0
736 1
737 0
738 0
739 1
740 0
741 1
742 0
743 0
744 1
745 0
746 0
747 0
748 0
749 0
750 1
751 0
752 1
753 0
754 1
755 0
756 1
757 0
758 0
759 0
760 0
761 1
762 0
763 1
764 1
765 0
766 0
767 0
768 0
769 1
770 0
771 1
772 1
773 1
774 1
775 1
776 0
777 0
778 1
779 1
780 1
781 0
782 0
783 1
784 1
785 0
786 1
787 0
788 1
789 0
790 1
791 1
792 1
793 1
794 0
795 1
796 1
797 1
798 1
799 0
800 0
801 0
802 0
803 0
804 1
805 0
806 1
807 1
808 0
809 0
810 1
811 0
812 1
813 1
814 0
815 0
816 0
817 1
818 1
819 1
820 0
821 0
822 1
823 0
824 0
825 0
826 0
827 1
828 1
829 0
830 0
831 1
832 0
833 0
834 1
835 1
836 0
837 1
838 1
839 1
840 0
841 1
842 0
843 1
844 1
845 0
846 1
847 1
848 1
849 0
850 0
851 1
852 1
853 0
854 0
855 1
856 0
857 1
858 0
859 0
860 1
861 0
862 0
863 1
864 1
865 0
866 0
867 1
868 1
869 1
870 1
871 1
872 0
873 1
874 1
875 0
876 1
877 1
878 0
879 0
880 0
881 0
882 1
883 0
884 1
885 1
886 0
887 0
888 1
889 1
890 1
891 1
892 0
893 1
894 0
895 0
896 0
897 1
898 1
899 1
900 1
901 1
902 0
903 1
904 1
905 1
906 1
907 0
908 0
909 1
910 1
911 1
912 0
913 0
914 0
915 0
916 1
917 1
918 0
919 0
920 0
921 1
922 0
923 0
924 1
925 1
926 0
927 1
928 0
929 1
930 0
931 1
932 0
933 1
934 0
935 1
936 0
937 0
938 0
939 1
940 1
941 0
942 0
943 1
944 1
945 1
946 0
947 1
948 1
949 0
950 0
951 0
952 0
953 0
954 0
955 1
956 0
957 1
958 1
959 1
960 1
961 1
962 0
963 0
964 0
965 0
966 1
967 1
968 0
969 1
970 1
971 0
972 0
973 0
974 0
975 0
976 0
977 0
978 1
979 0
980 1
981 0
982 0
983 1
984 0
985 1
986 1
987 1
988 0
989 1
990 0
991 0
992 1
993 1
994 0
995 1
996 0
997 1
998 1
999 0
1000 1
1001 0
1002 1
1003 0
1004 1
1005 0
1006 1
1007 0
1008 0
1009 0
1010 1
1011 0
1012 1
1013 0
1014 0
1015 0
1016 1
1017 0
1018 0
1019 1
1020 1
1021 0
1022 0
1023 0
1024 1
1025 0
1026 1
1027 0
1028 1
1029 0
1030 0
1031 1
1032 0
1033 0
1034 1
1035 0
1036 1
1037 1
1038 1
1039 1
1040 0
1041 1
1042 1
1043 1
1044 0
1045 1
1046 0
1047 1
1048 0
1049 1
1050 0
1051 0
1052 0
1053 1
1054 0
1055 1
1056 0
1057 0
1058 0
1059 1
1060 0
1061 0
1062 0
1063 0
1064 1
1065 0
1066 1
1067 1
1068 1
1069 0
1070 1
1071 0
1072 1
1073 0
1074 0
1075 1
1076 1
1077 1
1078 0
1079 0
1080 0
1081 0
1082 0
1083 0
1084 1
1085 0
1086 1
1087 1
1088 1
1089 0
1090 0
1091 0
1092 0
1093 1
1094 1
1095 1
1096 0
1097 0
1098 1
1099 1
1100 1
1101 0
1102 0
1103 0
1104 0
1105 0
1106 1
1107 1
1108 1
1109 0
1110 0
1111 1
1112 0
1113 0
1114 1
1115 1
1116 1
1117 0
1118 0
1119 1
1120 0
1121 0
1122 1
1123 0
1124 0
1125 1
1126 1
1127 0
1128 1
1129 0
1130 1
1131 1
1132 1
1133 0
1134 0
1135 1
1136 0
1137 0
1138 1
1139 0
1140 1
1141 1
1142 1
1143 1
1144 1
1145 0
1146 0
1147 1
1148 0
1149 0
1150 0
1151 0
1152 0
1153 1
1154 1
1155 1
1156 0
1157 0
1158 0
1159 1
1160 1
1161 1
1162 1
1163 1
1164 0
1165 1
1166 1
1167 1
1168 1
1169 1
1170 0
1171 0
1172 0
1173 1
1174 1
1175 1
1176 0
1177 0
1178 0
1179 0
1180 1
1181 0
1182 1
1183 0
1184 1
1185 1
1186 1
1187 1
1188 0
1189 1
1190 0
1191 1
1192 1
1193 1
1194 1
1195 0
1196 0
1197 1
1198 1
1199 1
1200 0
1201 0
1202 1
1203 0
1204 1
1205 0
1206 0
1207 1
1208 0
1209 0
1210 1
1211 0
1212 0
1213 1
1214 1
1215 0
1216 1
1217 0
1218 1
1219 0
1220 1
1221 0
1222 0
1223 1
1224 1
1225 0
1226 0
1227 0
1228 0
1229 1
1230 1
1231 0
1232 1
1233 0
1234 1
1235 1
1236 0
1237 1
1238 0
1239 1
1240 0
1241 0
1242 0
1243 1
1244 0
1245 0
1246 1
1247 0
1248 1
1249 1
1250 1
1251 1
1252 1
1253 0
1254 0
1255 0
1256 0
1257 0
1258 0
1259 0
1260 1
1261 1
1262 0
1263 0
1264 0
1265 0
1266 1
1267 1
1268 0
1269 1
1270 0
1271 1
1272 1
1273 0
1274 1
1275 1
1276 0
1277 0
1278 0
1279 0
1280 0
1281 1
1282 0
1283 1
1284 0
1285 1
1286 1
1287 0
1288 1
1289 1
1290 1
1291 0
1292 1
1293 1
1294 1
1295 1
1296 0
1297 0
1298 0
1299 0
1300 0
1301 1
1302 0
1303 0
1304 0
1305 0
1306 0
1307 1
1308 1
1309 0
1310 0
1311 1
1312 0
1313 1
1314 0
1315 1
1316 0
1317 1
1318 1
1319 0
1320 0
1321 1
1322 1
1323 0
1324 1
1325 1
1326 0
1327 1
1328 0
1329 0
1330 1
1331 1
1332 1
1333 0
1334 1
1335 1
1336 0
1337 0
1338 1
1339 1
1340 0
1341 1
1342 0
1343 0
1344 0
1345 1
1346 1
1347 0
1348 1
1349 0
1350 0
1351 1
1352 1
1353 0
1354 1
1355 1
1356 1
1357 1
1358 1
1359 0
1360 1
1361 1
1362 0
1363 1
1364 0
1365 1
1366 0
1367 1
1368 1
1369 0
1370 1
1371 0
1372 1
1373 1
1374 0
1375 1
1376 1
1377 1
1378 0
1379 0
1380 1
1381 0
1382 0
1383 0
1384 1
1385 0
1386 1
1387 0
1388 1
1389 0
1390 1
1391 0
1392 1
1393 1
1394 1
1395 1
1396 1
1397 1
1398 1
1399 1
1400 0
1401 1
1402 0
1403 0
1404 0
1405 1
1406 0
1407 1
1408 0
1409 1
1410 0
1411 1
1412 0
1413 0
1414 0
1415 1
1416 1
1417 1
1418 1
1419 0
1420 1
1421 0
1422 1
1423 0
1424 1
1425 0
1426 1
1427 0
1428 0
1429 0
1430 0
1431 1
1432 1
1433 0
1434 0
1435 1
1436 0
1437 0
1438 1
1439 1
1440 1
1441 1
1442 1
1443 1
1444 1
1445 1
1446 1
1447 1
1448 1
1449 0
1450 1
1451 1
1452 1
1453 0
1454 1
1455 1
1456 0
1457 1
1458 0
1459 0
1460 1
1461 1
1462 0
1463 1
1464 0
1465 1
1466 0
1467 1
1468 0
1469 1
1470 0
1471 0
