225
902
1784
819
1502
1120
1261
1242
451
1742
732
281
533
2415
947
1690
1145
1000
1139
1656
371
1410
2284
1131
949
1966
1117
1594
561
1478
2625
2455
1674
1069
646
897
81
2232
884
2196
1296
392
2313
2353
147
2708
834
2010
1049
490
1279
1636
2740
2343
827
2081
359
2781
945
2197
1253
1039
2311
2755
795
1722
1375
2629
2867
407
2511
523
2330
742
2169
1637
2336
1268
666
322
534
1770
704
2110
553
1034
865
334
1511
115
47
1181
989
2907
1219
973
919
2810
2694
51
2257
419
2541
2084
2041
459
2767
674
725
385
1532
2594
1596
1322
520
245
361
1023
1481
1094
831
1246
227
448
2643
2821
1353
1871
2074
2725
540
635
473
841
2299
50
2127
2433
9
836
1909
620
2588
601
1965
1585
668
1128
2315
1541
1798
2792
850
2076
1301
2479
1691
1062
2144
2682
1064
1973
905
735
755
2858
1059
783
1925
2281
2724
314
1439
814
1775
187
2542
1015
1419
1290
1595
1994
153
1477
1374
1745
689
2576
2698
1366
1096
1898
1879
2394
426
790
360
1672
1118
1553
1912
410
2191
2939
1068
641
364
977
0
2350
547
2841
1916
4
2080
1655
2620
216
562
1476
1025
908
497
62
2650
251
1614
1440
1086
312
178
1103
1218
907
955
109
535
569
377
1680
1737
1471
1685
756
1695
1424
1877
308
2465
1801
180
2624
1864
323
1669
2429
1393
2332
2199
2248
229
2217
1188
2303
940
1466
2716
2079
2302
794
292
2914
409
996
505
57
1308
488
1900
2482
2053
21
445
2507
966
2216
2741
1409
1605
1710
118
353
2564
2034
19
1749
2388
1300
761
1559
194
2177
822
1530
2893
12
2132
1857
2162
931
1028
1104
1193
39
1724
1897
1995
708
2582
2732
1040
2605
2148
839
825
1981
1168
1497
321
567
2210
1298
2157
316
2467
483
2235
2214
73
2363
1959
1638
927
2466
1340
1157
66
1215
76
2301
2017
868
1173
1568
1317
290
821
1728
1910
1905
1935
23
1503
877
762
754
2211
870
186
2888
1600
2425
2493
1416
2258
1335
1956
1616
521
1665
2900
455
1716
538
2201
2068
1411
2304
2158
740
683
2278
824
2327
774
2831
2526
697
1241
942
492
1711
627
2099
2685
2615
1324
1293
1895
885
2223
685
2795
282
1033
1132
250
1234
1294
1823
2399
2393
1776
1713
802
2472
2680
1362
1263
1433
1285
785
388
1081
2189
1591
2555
1668
2688
2870
1248
479
526
2181
2308
2874
1644
2305
315
2769
203
2259
853
1557
221
2636
1150
1112
1799
995
133
2648
2100
72
2630
979
1400
2400
1819
1494
1119
1382
2791
720
1102
297
579
69
672
355
1498
823
126
2082
260
2896
863
2860
901
201
2552
2452
2338
1420
1723
1878
2174
65
156
1632
2878
852
625
958
2170
797
2296
1515
1827
1204
2784
663
299
915
862
1850
1097
855
2628
2101
236
1178
104
2714
1126
1054
1186
1810
53
2612
2898
2261
1751
108
71
6
1755
1337
2328
2607
2357
2668
713
2658
1729
2675
1101
99
346
70
1718
1922
2256
258
1582
2227
174
141
2309
2862
1872
1165
2186
1587
981
1846
811
2048
934
751
1377
1057
2891
903
2839
1175
2102
2547
1351
124
226
610
432
2920
2000
481
2602
2861
122
2339
2368
1679
2750
2815
339
274
1697
1278
1986
1698
1489
231
2676
1189
1822
1996
878
2910
2574
959
1624
1485
571
2499
1398
1681
748
1396
511
2228
171
1480
1700
1699
706
2487
85
1676
1404
1619
1964
2091
611
2016
2641
1705
768
438
1580
2316
1160
2801
1868
1816
1203
2912
2417
2894
1199
1295
1523
400
710
2175
2090
962
34
1812
2446
628
1024
1052
2873
1843
204
2006
435
2166
1646
1761
2720
1732
2925
1536
143
882
2530
2825
1639
1554
132
22
1645
183
1092
158
241
844
2437
2046
2686
35
1167
1016
1507
264
935
2515
2002
1626
1029
484
2025
1070
2572
1647
2254
461
2930
1243
1109
1031
217
1183
1847
1063
532
623
2779
2586
1207
2019
880
990
2345
336
2106
1060
2058
2384
464
58
698
2004
477
1911
724
2661
1013
2797
2522
2509
2037
1521
1762
1917
1184
2237
199
320
140
1318
1496
1884
1174
2854
1540
2869
127
1783
244
1147
1010
1356
1862
437
2760
2318
1628
2015
1266
1988
1056
537
1196
1018
1813
2075
2514
1804
1257
2005
2665
224
295
2372
440
1588
293
1692
657
1970
667
1727
1526
918
2609
1960
2266
2528
2077
584
636
2584
1818
1197
93
198
2411
1949
1796
1220
764
1152
137
2224
411
1137
2864
2774
2762
1635
2818
2789
2859
135
2463
1176
1683
1209
1538
2531
1289
1808
2024
1457
2154
60
27
904
161
843
875
1633
2520
2623
861
2152
246
889
909
2757
2342
1087
613
2419
2775
2718
950
1406
2087
1032
2249
1361
2359
2905
2396
1233
2221
1391
1707
301
266
2065
417
2798
272
2911
1505
784
2485
2556
43
2670
431
2618
1115
2626
75
2941
358
1452
1848
17
1621
2468
712
2086
2229
858
1138
1230
1876
112
181
1464
2142
2687
924
2558
691
1765
723
1555
539
2765
808
350
1088
191
105
494
1035
1673
2634
1079
1093
1561
1500
2220
2842
2329
493
2130
462
1392
2722
1401
113
1083
694
1957
2713
2498
469
1545
1346
404
8
2746
2717
1517
2613
2285
255
1972
41
1270
816
1151
1641
370
184
700
442
1926
1815
2405
2054
1829
2352
2644
2631
859
2204
506
779
1773
197
801
2187
416
2011
1913
2156
1575
2544
608
2361
2457
2193
2553
2816
2389
2763
1386
2273
1993
1036
554
1045
2171
406
48
402
1688
2147
522
1955
757
449
854
2123
215
1467
2899
2657
1528
1969
61
2146
1869
1022
912
349
1403
2782
365
2715
630
2632
1885
2800
2892
1741
1273
2173
1038
565
2449
424
1438
2598
1756
680
729
2381
832
810
2178
529
2543
472
2277
1390
307
1044
1237
52
1513
2847
2748
1250
318
116
2092
632
102
2728
120
886
2727
2155
2432
2932
265
1861
1162
2922
1287
1928
2310
366
1945
1430
1717
1235
249
648
2887
678
1462
2915
2386
2356
515
2239
2344
277
2835
1825
220
403
1887
686
55
614
2701
1376
2745
1802
1599
541
2866
1426
463
1226
2838
2756
2253
606
2242
170
2885
2031
214
2794
1227
2209
1161
2833
2243
2621
2348
160
2225
1620
304
1080
2726
219
152
639
59
1111
259
1534
2689
168
2562
999
944
503
2422
2649
1306
2683
2385
2819
638
1549
781
510
2398
1451
1958
1664
1458
343
208
542
1881
1563
56
722
524
1370
649
792
1836
765
1383
2326
953
2591
1954
2459
1943
2055
248
1746
2126
726
1826
2719
162
1803
2377
14
1344
512
325
1192
2279
103
830
2300
2879
2583
310
1558
2678
2850
867
146
528
530
2830
332
2901
2491
2550
888
1412
1902
673
2039
618
1506
331
1202
772
2265
864
563
92
599
716
2093
650
384
2495
2759
998
1748
1951
617
2802
2539
840
2622
1140
833
2380
1650
1256
374
583
1470
491
2423
2003
926
1009
1492
1989
2105
766
1251
428
1078
782
443
604
1240
1870
1543
2721
2655
2114
1228
2652
324
1652
2863
767
306
993
2734
2793
2736
2853
1449
1067
2768
474
773
1670
2168
763
1247
1331
2233
1315
2448
2883
1332
2360
2
597
749
2578
1706
591
1121
2506
2260
508
2653
1017
963
1277
2108
1073
2902
1859
1201
2478
969
596
2440
382
2934
1283
1019
557
1027
655
1733
957
2369
1735
2664
718
2882
2637
1520
142
182
2778
279
405
289
1778
1468
967
2456
676
2450
2826
487
10
501
271
2403
2619
175
2236
893
1413
1666
1349
872
1355
16
2205
883
2673
2323
986
2508
2849
286
2549
32
594
738
733
1689
1211
1730
1453
1431
2172
68
943
1255
1326
2427
2692
665
2023
1863
1537
2575
1771
2414
439
2365
1892
1830
2568
688
2112
2317
2660
1923
2587
786
848
1567
2651
2138
1310
2601
1
2633
200
1602
1606
1992
1180
881
2805
2611
746
709
1012
2804
988
1347
2567
15
1519
574
2690
2679
1866
1794
1194
2600
425
799
1380
294
342
1182
1169
2569
536
2844
2040
851
125
507
1947
1441
1953
965
800
876
273
2391
2840
1415
1171
2164
1292
36
788
86
150
2297
136
2876
1020
2150
2247
2447
856
2663
2421
1384
2770
2848
2510
556
2131
1915
2212
1763
2027
1432
352
2366
2906
2481
887
110
468
679
896
1357
1254
1985
798
1004
2674
2111
525
2545
1608
1979
2439
656
1736
1474
1408
2534
399
176
1634
1134
2213
26
1001
2502
1719
1948
1975
585
1154
1720
2428
2492
1297
589
1777
309
2812
96
619
1076
423
1613
1212
1694
1839
1661
1649
2115
2401
1328
192
1686
1811
2375
1611
1893
2616
276
2059
131
1712
744
818
2813
2537
1671
256
651
319
1343
2929
2241
1744
2758
28
2195
1824
2410
486
974
97
2473
1082
985
642
347
159
252
391
2519
2488
517
2462
2610
1066
2895
972
647
543
1312
414
5
2202
496
1316
2709
1882
1164
1443
1061
682
196
871
644
1789
1170
658
2035
2379
2149
1999
2443
1703
1920
2121
100
2505
1367
2580
1590
982
1205
1258
1434
719
1387
1190
2274
654
829
815
2931
1288
1264
1527
1564
2215
1239
770
1002
1766
44
1122
598
1583
373
2739
677
1788
83
1597
2460
595
1358
470
2751
807
1153
2246
478
835
1572
164
2117
2292
1486
2160
313
452
545
1573
659
1704
2645
2062
2009
138
1853
1321
2667
239
1570
2409
2909
1460
692
1548
363
1479
1844
1095
2426
2700
1195
845
1179
804
828
1565
1601
1456
842
2516
394
2593
2180
1232
932
544
11
555
2044
1224
2141
1252
2445
2903
2056
1206
2370
1444
2480
2603
427
502
1873
1113
1271
387
2438
139
2145
415
1123
2608
2283
2128
1768
1148
715
2503
2282
2532
2525
1589
263
2324
1048
2681
513
179
1610
335
1929
1937
847
590
376
1684
2852
354
2856
916
2521
1643
457
2771
38
753
1006
911
2916
631
572
2151
1225
1099
910
1058
2442
1544
1581
2286
2118
857
285
1499
2884
2095
2469
2868
2083
2420
1833
2828
341
2096
954
869
262
337
257
1330
80
760
592
2540
2364
2245
1832
1547
499
1764
652
1037
2293
1319
1921
2497
2376
2936
1050
356
389
305
117
837
664
2669
412
420
621
2557
238
1342
1304
1625
1998
747
1303
330
2662
235
1229
1874
2192
2088
873
2489
1598
1708
2865
2013
1933
2476
2294
1800
1865
2387
2776
2190
1100
2262
971
1578
1817
253
408
1546
937
1642
1942
548
1231
703
1146
1149
1552
2021
471
1469
64
2163
1329
2711
629
1509
2742
1429
460
2045
2846
1259
1787
1855
1663
1531
185
2638
1854
1282
1834
1759
787
1388
2043
1236
564
2808
2596
2559
2737
1738
1144
2614
1725
1906
500
941
42
1418
2533
348
1421
1715
1071
1484
739
106
1077
1378
465
2535
2198
466
946
275
1244
2494
2829
1569
2042
37
2832
1276
1795
2136
1051
1442
151
2052
789
866
2097
1899
514
2938
450
684
1359
846
1941
600
2743
2735
1651
1586
900
2382
1041
1427
1042
588
1125
1341
2271
2089
242
504
1701
2050
2188
1305
111
441
575
2406
79
2073
1402
1136
1525
2434
2402
2551
1141
77
2333
928
675
1721
2705
1702
453
2604
1284
2413
2517
1781
29
616
1299
2275
2268
134
634
1888
107
2390
2672
232
476
2477
2592
1501
1891
2871
1414
1091
994
1617
326
130
458
992
2255
247
1524
145
1944
849
1805
207
2430
1302
731
2824
1021
1842
2796
49
2677
2124
167
745
2730
730
1472
2018
1622
2749
2351
121
1904
2061
1551
771
2354
2269
906
25
2337
1003
210
1267
2640
687
2347
1005
987
1753
2063
1217
2165
2803
2435
970
1448
1731
1454
2606
2927
1437
1577
1262
193
1562
2919
1473
2408
2693
737
2699
2536
434
701
1172
1350
1314
1108
2120
2923
2733
2691
1495
20
2378
1907
1896
793
1428
1838
2753
2451
383
1774
1011
1856
1352
1026
380
163
2766
1556
1338
2579
791
2599
386
2230
2695
351
7
209
447
2071
1809
741
2107
2484
202
1089
2475
2635
1369
1213
195
1435
329
1978
1522
367
1782
1482
2109
2738
2656
892
2822
2566
1275
128
1187
1098
640
2404
1550
1769
2454
1860
1223
2527
233
421
1345
2319
2639
1961
1828
2843
930
1166
1618
1984
393
2341
482
2490
2270
1110
1997
1533
1014
2697
1465
669
609
413
205
894
1510
1709
1889
1901
560
1835
1983
1946
1385
1394
2666
82
2513
2251
702
2140
2512
939
1790
54
1372
2823
1767
1177
1463
607
154
895
920
552
1114
2322
2659
976
2397
114
1395
119
1158
1963
2289
1779
2827
2028
2790
1272
2470
2334
1535
1417
467
2453
775
2723
519
1867
2857
2538
2032
1903
2890
74
2007
1043
362
2298
1579
2418
206
2703
582
2889
2731
2137
165
190
2441
1654
456
2654
1313
1841
2913
975
1508
838
372
1883
1363
820
705
1084
46
1977
95
2571
1849
189
1660
480
144
2374
2595
2051
1488
991
1516
653
1648
89
1072
30
2288
980
1280
1987
2684
422
2807
1381
1379
2267
2560
1493
2752
2355
2335
303
311
699
40
2104
1539
280
693
2529
1407
188
2881
317
2875
2290
243
2921
261
2817
223
149
2500
1286
101
860
2252
936
2030
1436
2226
1939
1269
1693
1658
123
94
2263
401
222
13
155
1483
212
302
1047
1135
2321
549
300
1991
671
2872
1490
573
1504
344
2008
298
228
268
581
593
454
1653
558
750
1976
2349
1914
2524
1249
357
1542
1820
1780
267
2331
925
2207
1130
1623
983
711
1952
806
1757
1894
213
929
1214
173
624
2486
1806
1831
1791
1932
2139
1106
717
1640
1238
612
2811
1446
296
2585
2706
1116
234
1455
728
1785
2222
1518
577
2203
1980
2581
1260
2561
291
690
1604
1365
1576
2799
2219
1740
1657
956
397
1758
1065
1291
1221
2788
1612
938
157
777
24
2264
2167
430
1971
2234
1090
978
2554
769
18
2754
2908
2185
780
495
1311
1603
2928
826
913
516
287
2563
2504
1571
1425
605
2103
1938
531
2194
2067
2362
269
2038
2474
2416
2933
1851
2573
98
1129
1739
2787
1924
602
2133
921
2119
2471
1459
88
1667
2546
637
475
1127
2036
727
2880
586
1566
1880
2627
31
803
2897
1786
890
2702
254
2176
1327
550
891
2464
2710
2642
2436
211
270
87
1046
707
2272
1475
2704
2707
2072
643
498
2806
1918
615
2307
879
218
33
914
91
778
375
2918
396
345
418
1008
2094
369
736
2325
2280
1354
951
662
489
1609
3
2836
551
390
67
2590
1967
2747
660
2570
2047
1940
1936
2617
2785
1447
1950
1886
2461
2022
1185
2026
518
2786
1682
2729
570
1216
546
1198
2340
1687
2153
1371
78
166
714
1124
2646
759
1974
2014
1105
1927
645
283
288
1631
1743
1990
2134
1445
2647
2143
2764
961
45
1747
2483
2548
1930
2761
2069
922
2129
1696
2834
1245
1797
1491
721
1852
809
2001
2924
734
587
2020
2744
485
1055
2444
1163
2855
2696
898
1752
2244
2671
2772
1592
1210
2577
2295
2012
1405
603
2049
444
2060
1360
752
2346
1487
1309
2206
964
2291
1734
1512
2809
63
2057
2238
2371
2135
2780
429
1772
2161
1659
2183
2218
1792
1754
2424
278
2597
2837
381
1793
1629
1461
2412
1333
2116
1334
2078
2940
230
1336
2392
805
1615
433
2820
626
1422
1982
333
1858
328
1339
1159
2231
1662
2306
2886
172
446
2276
1030
2501
1364
1807
395
1107
933
2565
1630
379
917
1593
2589
681
2367
1265
1760
2029
1133
2458
2240
2814
923
1875
2373
812
1142
2496
1323
2935
378
84
899
2407
1677
2064
129
148
576
1840
2312
559
796
284
2783
1320
813
1890
1627
2904
1200
2523
338
340
1919
1281
1325
960
1053
1373
2066
580
2314
1714
566
1075
984
1389
1399
1726
1607
2320
1675
1397
2926
743
1307
622
2125
1423
2917
368
2518
1750
776
1368
1274
527
1908
633
1348
1143
1962
2182
2208
1156
948
2383
1222
1560
661
997
1208
758
817
952
1514
695
177
1085
1968
509
2851
1074
2113
90
1814
670
237
327
1574
1529
578
1837
169
2070
2184
2159
2287
2773
1845
2395
2179
568
874
968
2877
2845
436
1821
1191
2033
2937
1584
2358
1155
2098
2122
398
1450
240
2085
2712
1934
2250
2431
1931
2777
696
1007
2200
1678

