1 1
2 0
3 0
4 1
5 1
6 0
7 1
8 0
9 0
10 1
11 1
12 0
13 0
14 1
15 1
16 1
17 0
18 1
19 1
20 0
21 1
22 0
23 1
24 0
25 0
26 0
27 0
28 1
29 0
30 1
31 0
32 1
33 0
34 1
35 0
36 1
37 0
38 1
39 0
40 0
41 1
42 1
43 1
44 1
45 1
46 1
47 1
48 1
49 1
50 1
51 0
52 1
53 1
54 0
55 0
56 1
57 1
58 0
59 0
60 1
61 0
62 1
63 1
64 0
65 1
66 1
67 1
68 1
69 1
70 0
71 1
72 1
73 1
74 0
75 1
76 1
77 0
78 0
79 1
80 0
81 1
82 1
83 1
84 1
85 1
86 0
87 0
88 0
89 0
90 0
91 1
92 1
93 0
94 1
95 0
96 0
97 1
98 1
99 0
100 1
101 0
102 1
103 1
104 1
105 1
106 1
107 0
108 0
109 0
110 1
111 0
112 1
113 1
114 0
115 1
116 1
117 0
118 0
119 1
120 0
121 0
122 1
123 0
124 1
125 0
126 1
127 1
128 1
129 1
130 0
131 0
132 1
133 0
134 1
135 1
136 0
137 1
138 0
139 0
140 1
141 0
142 1
143 0
144 1
145 0
146 0
147 0
148 0
149 1
150 0
151 1
152 1
153 0
154 0
155 0
156 1
157 1
158 0
159 0
160 1
161 0
162 0
163 0
164 0
165 1
166 0
167 0
168 0
169 1
170 1
171 0
172 1
173 0
174 0
175 1
176 0
177 0
178 1
179 0
180 0
181 0
182 0
183 1
184 0
185 1
186 1
187 1
188 1
189 0
190 1
191 1
192 0
193 0
194 0
195 1
196 0
197 1
198 0
199 0
200 0
201 1
202 1
203 0
204 1
205 0
206 1
207 0
208 0
209 1
210 1
211 0
212 0
213 1
214 1
215 1
216 1
217 0
218 0
219 0
220 0
221 0
222 0
223 1
224 1
225 1
226 0
227 0
228 1
229 0
230 1
231 1
232 0
233 0
234 1
235 0
236 1
237 1
238 0
239 1
240 0
241 1
242 1
243 1
244 0
245 0
246 0
247 1
248 1
249 1
250 0
251 1
252 1
253 0
254 1
255 0
256 0
257 0
258 0
259 1
260 1
261 1
262 1
263 0
264 1
265 1
266 0
267 0
268 1
269 0
270 0
271 0
272 0
273 1
274 0
275 0
276 0
277 0
278 1
279 0
280 0
281 1
282 0
283 0
284 0
285 0
286 0
287 0
288 1
289 0
290 0
291 1
292 1
293 0
294 0
295 1
296 0
297 1
298 1
299 0
300 1
301 1
302 0
303 0
304 1
305 0
306 0
307 1
308 0
309 0
310 0
311 1
312 0
313 0
314 1
315 1
316 0
317 1
318 0
319 0
320 1
321 0
322 1
323 1
324 1
325 1
326 1
327 0
328 1
329 0
330 1
331 1
332 0
333 1
334 1
335 0
336 1
337 1
338 1
339 1
340 1
341 0
342 1
343 0
344 1
345 1
346 1
347 0
348 0
349 1
350 0
351 1
352 0
353 0
354 0
355 1
356 0
357 1
358 0
359 1
360 0
361 1
362 1
363 0
364 1
365 0
366 0
367 1
368 0
369 1
370 0
371 0
372 1
373 0
374 1
375 1
376 1
377 0
378 0
379 1
380 0
381 0
382 0
383 1
384 0
385 0
386 1
387 1
388 1
389 0
390 1
391 1
392 1
393 1
394 0
395 0
396 1
397 0
398 0
399 0
400 0
401 0
402 0
403 0
404 0
405 1
406 1
407 0
408 0
409 0
410 1
411 1
412 1
413 0
414 1
415 1
416 1
417 1
418 0
419 1
420 0
421 1
422 1
423 0
424 0
425 0
426 0
427 1
428 0
429 1
430 0
431 0
432 1
433 1
434 0
435 1
436 1
437 0
438 0
439 1
440 1
441 0
442 0
443 1
444 1
445 1
446 1
447 0
448 1
449 1
450 0
451 1
452 1
453 1
454 0
455 1
456 0
457 1
458 0
459 0
460 0
461 0
462 0
463 0
464 0
465 1
466 1
467 1
468 1
469 1
470 1
471 0
472 0
473 0
474 1
475 1
476 1
477 0
478 1
479 0
480 1
481 0
482 0
483 1
484 0
485 1
486 1
487 0
488 1
489 0
490 1
491 1
492 1
493 1
494 1
495 0
496 0
497 1
498 1
499 0
500 0
501 0
502 0
503 0
504 1
505 1
506 1
507 0
508 0
509 0
510 0
511 0
512 1
513 1
514 0
515 0
516 1
517 0
518 0
519 1
520 1
521 0
522 1
523 1
524 1
525 0
526 0
527 0
528 1
529 1
530 0
531 0
532 1
533 0
534 1
535 1
536 1
537 0
538 0
539 1
540 0
541 1
542 1
543 1
544 1
545 0
546 0
547 0
548 1
549 0
550 1
551 1
552 1
553 1
554 1
555 0
556 0
557 1
558 1
559 1
560 1
561 0
562 0
563 1
564 0
565 0
566 0
567 0
568 1
569 1
570 0
571 0
572 0
573 0
574 0
575 1
576 0
577 1
578 1
579 0
580 1
581 1
582 0
583 0
584 1
585 0
586 1
587 0
588 1
589 0
590 1
591 0
592 0
593 1
594 1
595 0
596 1
597 1
598 0
599 1
600 0
601 0
602 1
603 0
604 0
605 1
606 1
607 1
608 1
609 1
610 1
611 0
612 1
613 1
614 1
615 0
616 1
617 1
618 0
619 0
620 1
621 0
622 0
623 0
624 0
625 1
626 0
627 1
628 1
629 1
630 1
631 1
632 0
633 0
634 1
635 0
636 0
637 0
638 0
639 1
640 0
641 0
642 0
643 0
644 1
645 1
646 1
647 1
648 1
649 1
650 0
651 0
652 1
653 1
654 0
655 1
656 0
657 1
658 1
659 0
660 1
661 1
662 1
663 0
664 0
665 0
666 0
667 0
668 0
669 1
670 1
671 1
672 0
673 1
674 1
675 1
676 0
677 0
678 1
679 1
680 0
681 1
682 1
683 1
684 0
685 0
686 0
687 0
688 0
689 0
690 0
691 0
692 1
693 0
694 0
695 0
696 1
697 0
698 0
699 1
700 0
701 0
702 1
703 1
704 1
705 0
706 1
707 0
708 1
709 0
710 1
711 0
712 0
713 1
714 0
715 1
716 1
717 1
718 1
719 1
720 1
721 0
722 1
723 0
724 0
725 1
726 1
727 1
728 0
729 1
730 1
731 1
732 0
733 1
734 0
735 0
736 0
737 1
738 0
739 1
740 1
741 0
742 0
743 1
744 1
745 0
746 0
747 0
748 0
749 1
750 0
751 1
752 0
753 1
754 1
755 0
756 0
757 1
758 1
759 1
760 0
761 0
762 0
763 0
764 1
765 1
766 1
767 0
768 0
769 1
770 1
771 0
772 1
773 0
774 0
775 0
776 0
777 0
778 1
779 1
780 0
781 0
782 0
783 1
784 1
785 1
786 1
787 1
788 0
789 0
790 1
791 1
792 0
793 1
794 1
795 0
796 0
797 0
798 0
799 1
800 0
801 1
802 0
803 0
804 1
805 0
806 1
807 1
808 1
809 0
810 0
811 1
812 1
813 0
814 0
815 1
816 1
817 0
818 0
819 1
820 0
821 1
822 0
823 0
824 0
825 0
826 1
827 1
828 1
829 1
830 0
831 0
832 0
833 0
834 1
835 1
836 0
837 1
838 1
839 1
840 1
841 1
842 0
843 1
844 0
845 1
846 1
847 1
848 1
849 1
850 1
851 1
852 1
853 1
854 0
855 1
856 1
857 1
858 0
859 0
860 0
861 1
862 0
863 1
864 1
865 1
866 0
867 0
868 1
869 1
870 0
871 1
872 1
873 1
874 0
875 1
876 1
877 1
878 1
879 0
880 0
881 1
882 1
883 1
884 1
885 1
886 1
887 0
888 1
889 0
890 0
891 1
892 0
893 1
894 1
895 0
896 0
897 0
898 1
899 0
900 0
901 0
902 0
903 1
904 1
905 0
906 0
907 1
908 0
909 0
910 1
911 0
912 1
913 0
914 1
915 0
916 1
917 0
918 1
919 0
920 1
921 1
922 1
923 1
924 1
925 0
926 1
927 0
928 0
929 0
930 1
931 0
932 0
933 0
934 1
935 0
936 0
937 0
938 0
939 1
940 0
941 0
942 1
943 0
944 1
945 1
946 0
947 0
948 1
949 1
950 0
951 1
952 0
953 0
954 0
955 1
956 0
957 1
958 0
959 0
960 1
961 0
962 1
963 1
964 0
965 0
966 0
967 0
968 0
969 1
970 1
971 1
972 0
973 0
974 0
975 0
976 0
977 1
978 1
979 1
980 0
981 1
982 1
983 1
984 0
985 1
986 0
987 1
988 1
989 0
990 0
991 0
992 1
993 0
994 1
995 1
996 0
997 0
998 0
999 0
1000 1
1001 0
1002 1
1003 0
1004 0
1005 0
1006 0
1007 1
1008 1
1009 1
1010 1
1011 0
1012 0
1013 0
1014 1
1015 1
1016 1
1017 1
1018 0
1019 1
1020 1
1021 0
1022 0
1023 0
1024 1
1025 1
1026 0
1027 0
1028 1
1029 1
1030 0
1031 1
1032 0
1033 1
1034 0
1035 1
1036 0
1037 1
1038 1
1039 0
1040 0
1041 0
1042 0
1043 1
1044 1
1045 0
1046 0
1047 1
1048 0
1049 1
1050 1
1051 1
1052 1
1053 1
1054 0
1055 0
1056 1
1057 1
1058 0
1059 0
1060 0
1061 0
1062 1
1063 0
1064 1
1065 1
1066 0
1067 1
1068 0
1069 1
1070 1
1071 1
1072 0
1073 0
1074 1
1075 1
1076 1
1077 0
1078 0
1079 0
1080 0
1081 0
1082 0
1083 0
1084 0
1085 1
1086 0
1087 0
1088 0
1089 0
1090 1
1091 0
1092 0
1093 0
1094 1
1095 0
1096 0
1097 1
1098 0
1099 1
1100 1
1101 0
1102 1
1103 1
1104 1
1105 0
1106 1
1107 1
1108 0
1109 0
1110 1
1111 1
1112 1
1113 1
1114 1
1115 1
1116 1
1117 0
1118 0
1119 0
1120 0
1121 1
1122 1
1123 1
1124 1
1125 0
1126 1
1127 1
1128 0
1129 1
1130 0
1131 0
1132 1
1133 1
1134 0
1135 1
1136 1
1137 1
1138 1
1139 0
1140 1
1141 1
1142 1
1143 0
1144 1
1145 1
1146 1
1147 0
1148 1
1149 1
1150 0
1151 0
1152 0
1153 0
1154 1
1155 0
1156 0
1157 1
1158 0
1159 0
1160 0
1161 0
1162 0
1163 1
1164 1
1165 1
1166 0
1167 0
1168 0
1169 1
1170 0
1171 0
1172 0
1173 0
1174 1
1175 0
1176 1
1177 1
1178 1
1179 0
1180 1
1181 0
1182 1
1183 0
1184 0
1185 1
1186 0
1187 1
1188 0
1189 1
1190 1
1191 1
1192 1
1193 1
1194 0
1195 0
1196 1
1197 0
1198 0
1199 0
1200 0
1201 0
1202 1
1203 0
1204 1
1205 0
1206 0
1207 1
1208 0
1209 1
1210 1
1211 1
1212 0
1213 0
1214 1
1215 0
1216 1
1217 1
1218 1
1219 1
1220 0
1221 0
1222 0
1223 0
1224 1
1225 0
1226 0
1227 0
1228 1
1229 0
1230 0
1231 1
1232 0
1233 0
1234 0
1235 1
1236 1
1237 1
1238 0
1239 1
1240 1
1241 1
1242 0
1243 0
1244 1
1245 1
1246 1
1247 0
1248 0
1249 1
1250 1
1251 1
1252 0
1253 0
1254 1
1255 1
1256 1
1257 1
1258 1
1259 0
1260 0
1261 0
1262 0
1263 0
1264 0
1265 1
1266 0
1267 0
1268 0
1269 1
1270 0
1271 1
1272 0
1273 1
1274 1
1275 0
1276 1
1277 0
1278 0
1279 1
1280 0
1281 1
1282 1
1283 1
1284 0
1285 1
1286 0
1287 1
1288 0
1289 0
1290 1
1291 1
1292 1
1293 0
1294 0
1295 0
1296 1
1297 0
1298 1
1299 1
1300 0
1301 1
1302 1
1303 0
1304 1
1305 1
1306 1
1307 1
1308 1
1309 1
1310 1
1311 0
1312 0
1313 1
1314 0
1315 1
1316 0
1317 0
1318 1
1319 0
1320 0
1321 1
1322 0
1323 1
1324 0
1325 0
1326 0
1327 0
1328 1
1329 0
1330 1
1331 0
1332 0
1333 1
1334 0
1335 0
1336 1
1337 0
1338 1
1339 1
1340 0
1341 1
1342 1
1343 1
1344 1
1345 0
1346 1
1347 0
1348 1
1349 1
1350 0
1351 1
1352 1
1353 1
1354 1
1355 1
1356 0
1357 0
1358 1
1359 1
1360 1
1361 1
1362 1
1363 1
1364 1
1365 0
1366 1
1367 1
1368 1
1369 1
1370 0
1371 0
1372 0
1373 1
1374 0
1375 1
1376 1
1377 1
1378 1
1379 0
1380 1
1381 0
1382 1
1383 1
1384 1
1385 1
1386 1
1387 1
1388 0
1389 0
1390 0
1391 1
1392 0
1393 1
1394 1
1395 1
1396 0
1397 0
1398 1
1399 1
1400 0
1401 0
1402 1
1403 0
1404 0
1405 1
1406 0
1407 0
1408 1
1409 1
1410 1
1411 1
1412 1
1413 0
1414 1
1415 1
1416 1
1417 1
1418 1
1419 1
1420 0
1421 0
1422 1
1423 1
1424 0
1425 0
1426 1
1427 0
1428 0
1429 1
1430 1
1431 0
1432 0
1433 0
1434 0
1435 0
1436 0
1437 1
1438 1
1439 1
1440 1
1441 0
1442 1
1443 1
1444 1
1445 0
1446 1
1447 0
1448 0
1449 1
1450 1
1451 0
1452 1
1453 0
1454 0
1455 0
1456 0
1457 0
1458 0
1459 1
1460 1
1461 0
1462 1
1463 0
1464 1
1465 0
1466 0
1467 0
1468 1
1469 0
1470 0
1471 1
