1 0
2 0
3 1
4 1
5 1
6 0
7 1
8 0
9 1
10 1
11 1
12 0
13 1
14 1
15 1
16 1
17 1
18 1
19 1
20 0
21 1
22 0
23 0
24 0
25 1
26 0
27 0
28 0
29 1
30 1
31 0
32 0
33 1
34 1
35 0
36 0
37 1
38 0
39 1
40 0
41 0
42 1
43 0
44 0
45 1
46 0
47 1
48 1
49 0
50 0
51 1
52 1
53 1
54 0
55 0
56 1
57 1
58 1
59 1
60 0
61 1
62 0
63 0
64 0
65 1
66 0
67 0
68 0
69 1
70 1
71 0
72 1
73 0
74 0
75 0
76 0
77 1
78 1
79 1
80 1
81 1
82 1
83 1
84 0
85 1
86 0
87 0
88 1
89 0
90 0
91 1
92 1
93 0
94 1
95 0
96 0
97 0
98 0
99 0
100 0
101 0
102 1
103 1
104 0
105 1
106 0
107 0
108 0
109 0
110 0
111 0
112 1
113 0
114 1
115 1
116 0
117 1
118 0
119 1
120 1
121 0
122 1
123 1
124 1
125 1
126 0
127 0
128 0
129 0
130 0
131 1
132 0
133 1
134 1
135 1
136 0
137 1
138 1
139 0
140 0
141 1
142 1
143 0
144 0
145 0
146 0
147 1
148 0
149 1
150 0
151 0
152 0
153 0
154 0
155 0
156 0
157 1
158 0
159 0
160 1
161 1
162 0
163 0
164 1
165 0
166 1
167 0
168 0
169 0
170 0
171 0
172 1
173 1
174 0
175 1
176 0
177 1
178 1
179 0
180 1
181 1
182 0
183 1
184 1
185 0
186 0
187 0
188 0
189 1
190 0
191 0
192 1
193 1
194 0
195 0
196 0
197 1
198 1
201 0
202 1
203 1
204 1
205 0
206 0
207 0
208 1
209 0
210 0
211 1
212 0
213 1
214 1
215 0
216 1
217 1
218 1
219 0
220 1
221 0
222 1
223 0
224 1
225 0
226 1
227 1
228 0
229 0
230 0
231 0
232 1
233 0
234 1
235 1
236 1
237 0
238 0
239 1
240 1
241 0
242 1
243 1
244 1
245 0
246 1
247 1
248 1
249 1
250 1
251 1
252 0
253 0
254 0
255 0
256 1
257 0
258 0
259 0
260 0
261 1
262 0
263 1
264 0
265 0
266 1
267 0
268 0
269 0
270 0
271 1
272 1
273 0
274 0
275 1
276 0
277 1
278 1
279 0
280 1
281 0
282 1
283 0
284 1
285 0
286 0
287 0
288 1
289 0
290 0
291 0
292 1
293 0
294 0
295 0
296 1
297 1
298 0
299 0
300 0
301 0
302 1
303 1
304 1
305 1
306 0
307 0
308 1
309 1
310 0
311 0
312 1
313 1
314 1
315 0
316 1
317 1
318 0
319 1
320 1
321 1
322 1
323 0
324 0
325 1
326 1
327 0
328 1
329 0
330 0
331 1
332 1
333 1
334 0
335 1
336 0
337 1
338 1
339 1
340 1
341 1
342 0
343 1
344 0
345 1
346 1
347 0
348 0
349 0
350 0
351 1
352 0
353 1
354 0
355 1
356 1
357 1
358 0
359 1
360 0
361 1
362 1
363 1
364 1
365 1
366 0
367 0
368 0
369 0
370 0
371 0
372 1
373 0
374 1
375 1
376 0
377 1
378 0
379 0
380 1
381 1
382 0
383 1
384 1
385 0
386 1
387 0
388 0
389 1
390 0
391 0
392 0
393 1
394 0
395 0
396 0
397 0
398 1
399 1
400 0
401 0
402 0
403 0
404 1
405 1
406 0
407 1
408 0
409 1
410 1
411 1
412 0
413 0
414 0
415 1
416 0
417 0
418 1
419 1
420 1
421 0
422 1
423 0
424 1
425 0
426 0
427 1
428 0
429 1
430 0
431 0
432 1
433 0
434 1
435 1
436 0
437 0
438 0
439 0
440 0
441 0
442 0
443 1
444 0
445 0
446 0
447 0
448 0
449 1
450 0
451 0
452 1
453 0
454 0
455 1
456 0
457 1
458 1
459 1
460 0
461 1
462 1
463 1
464 1
465 1
466 1
467 0
468 0
469 1
470 1
471 0
472 1
473 0
474 1
475 0
476 0
477 0
478 0
479 1
480 1
481 1
482 0
483 0
484 1
485 1
486 1
487 0
488 1
489 1
490 1
491 1
492 1
493 1
494 1
495 1
496 0
497 0
498 1
499 0
500 1
501 0
502 0
503 0
504 1
505 1
506 1
507 0
508 0
509 0
510 0
511 1
512 0
513 1
514 1
515 0
516 0
517 0
518 0
519 0
520 0
521 0
522 0
523 1
524 0
525 1
526 1
527 1
528 1
529 0
530 0
531 0
532 0
533 0
534 0
535 1
536 0
537 0
538 0
539 0
540 0
541 1
542 1
543 0
544 0
545 1
546 0
547 1
548 0
549 1
550 1
551 0
552 1
553 0
554 1
555 1
556 1
557 0
558 0
559 0
560 0
561 1
562 1
563 0
564 1
565 0
566 0
567 0
568 0
569 0
570 0
571 0
572 1
573 0
574 1
575 0
576 0
577 1
578 0
579 1
580 1
581 0
582 0
583 1
584 1
585 0
586 0
587 0
588 0
589 1
590 1
591 0
592 0
593 1
594 0
595 1
596 0
597 0
598 0
599 0
600 0
601 1
602 1
603 1
604 1
605 0
606 0
607 0
608 0
609 0
610 1
611 0
612 1
613 1
614 1
615 0
616 0
617 0
618 0
619 1
620 0
621 1
622 1
623 1
624 1
625 0
626 0
627 1
628 0
629 0
630 1
631 1
632 0
633 0
634 0
635 1
636 1
637 0
638 1
639 1
640 1
641 0
642 0
643 0
644 1
645 1
646 1
647 0
648 1
649 1
650 0
651 1
652 1
653 0
654 1
655 1
656 0
657 0
658 0
659 0
660 1
661 0
662 0
663 0
664 0
665 1
666 1
667 1
668 0
669 0
670 1
671 0
672 1
673 1
674 1
675 1
676 1
677 0
678 0
679 1
680 0
681 1
682 1
683 0
684 0
685 1
686 1
687 1
688 0
689 1
690 1
691 0
692 0
693 0
694 1
695 1
696 1
697 0
698 0
699 1
700 0
701 1
702 1
703 0
704 1
705 0
706 0
707 0
708 0
709 0
710 0
711 0
712 0
713 0
714 0
715 1
716 1
717 0
718 0
719 1
720 1
721 1
722 1
723 1
724 1
725 0
726 0
727 1
728 1
729 0
730 0
731 0
732 0
733 0
734 0
735 0
736 0
737 1
738 0
739 0
740 1
741 1
742 0
743 0
744 0
745 1
746 1
747 0
748 0
749 0
750 1
751 0
752 0
753 0
754 1
755 0
756 0
757 0
758 0
759 0
760 1
761 0
762 0
763 1
764 0
765 1
766 0
769 1
770 0
771 0
772 1
773 1
774 0
775 0
776 1
777 0
778 0
779 0
780 0
781 0
782 0
783 1
784 1
785 1
786 1
787 1
788 1
789 0
790 1
791 1
792 0
793 1
794 0
795 0
796 0
797 1
798 0
799 1
800 1
801 1
802 1
803 1
804 1
805 1
806 1
807 0
808 1
809 1
810 1
811 0
812 1
813 1
814 0
815 1
816 1
817 1
818 1
819 0
820 0
821 0
822 0
823 1
824 1
825 0
826 1
827 1
828 0
829 0
830 1
831 1
832 1
833 1
834 1
835 1
836 1
837 0
838 1
839 0
840 1
841 0
842 0
843 0
844 1
845 1
846 0
847 0
848 1
849 1
850 0
851 0
852 0
853 1
854 0
855 0
856 0
857 0
858 0
859 1
860 1
861 0
862 0
863 0
864 1
865 0
866 1
867 0
868 1
869 0
870 0
871 0
872 0
873 0
874 0
875 1
876 1
877 0
878 0
879 1
880 1
881 1
882 1
883 0
884 0
885 1
886 1
887 1
888 0
889 0
890 1
891 1
892 1
893 0
894 1
895 1
896 0
897 0
898 0
899 1
900 1
901 0
902 0
903 0
904 1
905 0
906 0
907 0
908 0
909 1
910 1
911 0
912 0
913 1
914 0
915 0
916 0
917 1
918 1
919 0
920 1
921 1
922 0
923 0
924 0
925 0
926 0
927 0
928 0
929 0
930 0
931 1
932 1
933 0
934 0
935 1
936 1
937 1
938 1
939 0
940 1
941 1
942 1
943 1
944 1
945 1
946 0
947 1
948 0
949 0
950 0
951 0
952 1
953 1
954 1
955 1
956 1
957 1
958 1
959 1
960 1
961 1
962 0
963 0
964 1
965 0
966 0
967 0
968 0
969 0
970 0
971 1
972 0
973 0
974 0
975 0
976 1
977 0
978 1
979 1
980 1
981 1
982 1
983 0
984 0
985 0
986 1
987 1
988 0
989 1
990 0
991 1
992 1
993 1
994 0
995 1
996 0
997 0
998 1
999 1
1000 0
1001 0
1002 1
1003 0
1004 1
1005 1
1006 1
1007 1
1008 0
1009 1
1010 1
1011 0
1012 1
1013 0
1014 0
1015 0
1016 0
1017 1
1018 0
1019 0
1020 0
1021 1
1022 1
1023 0
1024 0
1025 1
1026 0
1027 0
1028 0
1029 0
1030 0
1031 0
1032 1
1033 1
1034 0
1035 0
1036 1
1037 1
1038 0
1039 1
1040 0
1041 0
1042 1
1043 1
1044 1
1045 1
1046 1
1047 1
1048 1
1049 0
1050 0
1051 1
1052 1
1053 0
1054 0
1055 1
1056 1
1057 0
1058 0
1059 1
1060 1
1061 1
1062 1
1063 1
1064 1
1065 1
1066 1
1067 0
1068 0
1069 1
1070 0
1071 0
1072 1
1073 1
1074 0
1075 1
1076 1
1077 1
1078 1
1079 1
1080 1
1081 1
1082 1
1083 1
1084 0
1085 1
1086 1
1087 0
1088 0
1089 1
1090 1
1091 0
1092 1
1093 1
1094 1
1095 1
1096 0
1097 1
1098 0
1099 1
1100 1
1101 0
1102 1
1103 0
1104 0
1105 1
1106 0
1107 0
1108 0
1109 0
1110 1
1111 0
1112 0
1113 1
1114 1
1115 1
1116 1
1117 0
1118 1
1119 1
1120 1
1121 1
1122 1
1123 1
1124 1
1125 1
1126 0
1127 1
1128 1
1129 1
1130 1
1131 1
1132 1
1133 0
1134 0
1135 0
1136 0
1137 0
1138 0
1139 0
1140 1
1141 1
1142 0
1143 1
1144 1
1145 0
1146 0
1147 1
1148 0
1149 1
1150 1
1151 1
1152 0
1153 1
1154 1
1155 1
1156 1
1157 1
1158 0
1159 0
1160 1
1161 1
1162 0
1163 1
1164 0
1165 1
1166 1
1167 0
1168 0
1169 1
1170 1
1171 1
1172 1
1173 0
1174 1
1175 0
1176 1
1177 0
1178 1
1179 0
1180 1
1181 0
1182 1
1183 0
1184 1
1185 0
1186 1
1187 1
1188 0
1189 1
1190 0
1191 1
1192 0
1193 0
1194 1
1195 0
1196 0
1197 1
1198 1
1199 0
1200 0
1201 1
1202 0
1203 1
1204 0
1205 1
1206 1
1207 1
1208 1
1209 0
1210 0
1211 1
1212 0
1213 0
1214 0
1215 0
1216 1
1217 1
1218 1
1219 0
1220 1
1221 0
1222 1
1223 0
1224 1
1225 0
1226 1
1227 1
1228 1
1229 1
1230 1
1231 0
1232 0
1233 1
1234 0
1235 0
1236 0
1237 0
1238 0
1239 1
1240 0
1241 1
1242 0
1243 0
1244 0
1245 0
1246 1
1247 0
1248 1
1249 0
1250 0
1251 1
1252 1
1253 0
1254 1
1255 0
1256 0
1257 0
1258 0
1259 1
1260 1
1261 0
1262 1
1263 0
1264 0
1265 0
1266 0
1267 1
1268 0
1269 1
1270 1
1271 1
1272 0
1273 0
1274 1
1275 1
1276 1
1277 1
1278 1
1279 0
1280 1
1281 0
1282 1
1283 1
1284 0
1285 1
1286 0
1287 1
1288 1
1289 1
1290 1
1291 0
1292 0
1293 0
1294 0
1295 0
1296 0
1297 0
1298 0
1299 0
1300 1
1301 1
1302 1
1303 0
1304 1
1305 1
1306 0
1307 1
1308 1
1309 0
1310 0
1311 0
1312 0
1313 0
1314 0
1315 0
1316 1
1317 1
1318 0
1319 1
1320 0
1321 0
1322 0
1323 1
1324 0
1325 1
1326 0
1327 1
1328 0
1329 0
1330 0
1331 0
1332 1
1333 1
1334 1
1335 0
1336 1
1337 0
1338 0
1339 0
1340 1
1341 0
1342 0
1343 0
1344 1
1345 0
1346 1
1347 0
1348 1
1349 1
1350 1
1351 1
1352 1
1353 1
1354 1
1355 0
1356 0
1357 1
1358 1
1359 1
1360 0
1361 1
1362 0
1363 1
1364 0
1365 1
1366 0
1367 1
1368 0
1369 1
1370 1
1371 0
1372 1
1373 1
1374 0
1375 1
1376 1
1377 0
1378 0
1379 1
1380 0
1381 1
1382 1
1383 0
1384 0
1385 0
1386 0
1387 1
1388 0
1389 0
1390 0
1391 1
1392 1
1393 0
1394 0
1395 1
1396 1
1397 0
1398 1
1399 1
1400 0
1401 1
1402 0
1403 1
1404 0
1405 0
1406 1
1407 0
1408 1
1409 0
1410 0
1411 1
1412 1
1413 0
1414 0
1415 1
1416 1
1417 0
1418 1
1419 1
1420 1
1421 0
1422 0
1423 0
1424 0
1425 0
1426 1
1427 0
1428 0
1429 1
1430 1
1431 1
1432 1
1433 0
1434 1
1435 0
1436 0
1437 0
1438 1
1439 1
1440 0
1441 0
1442 0
1443 1
1444 0
1445 0
1446 0
1447 1
1448 1
1449 1
1450 0
1451 0
1452 0
1453 1
1454 1
1455 0
1456 0
1457 0
1458 1
1459 0
1460 0
1461 0
1462 0
1463 0
1464 1
1465 1
1466 1
1467 1
1468 0
1469 1
1470 1
1471 1
