799
874
1824
2323
2138
1924
2511
1321
1988
2435
998
737
291
690
2462
1915
121
2486
1706
1349
793
204
1447
2690
2176
1980
225
2702
650
526
1667
2772
1448
705
2021
84
51
1522
539
1302
1249
169
1295
2771
1193
2937
2169
568
1092
1969
1390
716
2676
2140
2133
902
2627
671
2543
2569
2475
2249
2529
916
1518
803
755
1736
1486
1143
1227
1318
984
1651
681
581
2294
2841
118
2064
2752
1168
2916
676
510
1605
2057
2291
2127
1492
736
927
544
2637
2235
1008
1587
2733
1497
2446
2094
1939
2392
478
1978
2061
2929
2757
2241
767
1154
614
2933
137
1228
1953
2006
1406
558
1022
2940
760
2312
42
1551
1041
358
1198
529
1479
2416
1300
333
684
280
993
1656
1590
2247
2722
2634
595
1122
610
798
152
1176
2554
2619
2602
496
2259
2787
2531
399
613
2498
2398
2328
2178
905
2184
1853
356
2879
2218
1829
1018
534
724
1342
456
353
538
2636
2837
308
2518
1286
890
2403
432
728
2123
8
1460
1386
12
1929
149
218
1864
2158
1393
1891
281
1418
343
2326
2762
1583
165
1607
481
997
560
1131
656
2823
1019
2908
943
1672
1702
2641
2895
1698
240
836
108
2434
395
408
1931
999
1234
345
184
1337
1894
449
1081
1365
596
2795
1616
2485
952
72
1120
1674
586
1636
2463
900
392
85
1967
1099
150
1875
907
2228
2165
2444
1061
32
293
1750
1845
216
1956
439
804
885
1219
403
49
1237
807
2894
238
292
2409
1202
1123
315
1278
380
2734
1611
1415
1049
2775
1772
1740
19
1058
1512
2651
1826
124
2755
1602
2093
39
1065
1941
1601
1269
1385
964
1129
1902
1723
1425
2309
1006
64
1489
635
1125
2276
65
2849
1495
288
2224
2892
2540
55
2327
2749
1195
2520
400
1745
1726
2260
892
1276
1565
1040
222
937
2805
188
968
352
1381
2411
1190
2024
1713
1892
1920
228
1923
1364
611
2370
2066
206
1556
1456
1571
1659
2271
1306
326
820
469
2669
256
751
24
2300
96
1596
991
1280
1291
349
897
1060
701
464
790
419
2003
585
1292
1557
324
146
2476
1747
2715
2528
1946
167
1809
393
2753
542
2659
1821
1078
2478
1186
1116
1142
1360
330
2321
1848
1581
2535
1310
513
1396
444
2928
2350
2861
1222
1709
2913
2147
2279
2080
775
2581
2107
68
2455
2736
1630
852
2555
364
1253
576
2784
2366
573
1637
2320
1965
1354
2103
1704
1144
507
630
619
179
2299
1255
2155
2827
235
1976
2790
2646
1367
1949
2716
2231
2709
2343
2604
1398
2490
2855
2706
2783
2484
2583
1289
1699
2034
1998
1903
66
299
398
2704
2368
318
200
1776
1545
589
2786
2773
2930
1158
759
2412
1666
1066
1862
979
2860
1764
2718
2018
2109
2382
463
2183
933
2785
2817
1457
1650
1594
552
245
2594
1948
1566
161
628
622
901
2512
1660
537
300
1576
2617
1064
1994
2354
1192
2853
2453
2290
2492
2285
1261
2120
2534
1169
255
1411
1839
196
2277
2237
889
2200
1420
623
2443
2418
1136
2083
276
879
2118
583
1913
1794
2033
2672
1644
2541
1850
2748
1748
781
2429
2493
1670
861
2069
838
1936
1161
951
2587
1500
232
1442
1082
1109
2201
2205
632
957
1910
584
588
1822
369
2122
776
1842
2564
1080
1392
301
640
282
2341
2232
971
1179
2873
1716
1329
946
765
2491
2711
30
1455
2261
1896
2469
132
1812
973
729
2584
1481
938
2902
2516
2616
2407
1665
424
183
1852
190
1025
2645
321
2439
1013
468
512
2862
2210
2647
1063
844
1635
2348
2473
2106
858
1528
658
1970
1535
1023
1166
2910
754
420
1394
185
499
97
71
2560
2878
2031
1117
88
339
2692
1981
2046
2051
1992
2079
1308
1615
2593
1225
2001
1090
2129
2363
2931
1430
1899
2740
859
1763
1743
0
543
2377
251
2325
1014
1251
1840
2538
254
569
365
62
1562
1680
1768
1084
2150
1686
1211
1628
100
1604
1638
1525
2871
896
1397
2542
1926
805
2317
1806
924
1416
2743
641
390
797
2322
91
195
139
2712
1759
2342
827
2876
413
1067
1320
1293
2865
925
2263
1968
540
2142
490
2086
2207
942
1932
492
2481
1206
2703
1073
2630
1957
559
2724
2050
1466
2174
1299
498
985
2234
1401
740
209
415
1887
891
77
835
2836
547
2808
1962
82
1000
227
1816
406
1141
2404
1461
2886
1346
1835
1215
2217
1803
2162
1244
1024
459
634
1272
944
1412
2334
713
505
1077
899
2638
910
1290
2833
757
52
1934
180
720
2060
1985
1093
67
2017
2022
1588
1767
2273
2903
2800
2847
882
1820
2316
1344
648
1800
960
796
73
1603
262
1832
609
2474
536
2754
802
2628
2781
903
1755
1505
1155
2076
2846
535
2698
1361
133
2367
546
1586
2480
418
597
554
524
579
74
1333
2857
1323
1893
837
103
2449
1707
2667
1128
732
1
2592
102
1104
2447
551
1610
1443
2097
1657
263
2814
2727
2059
350
279
702
2063
2283
1742
2036
2426
629
162
2566
173
117
978
387
1429
2499
1017
955
130
259
980
516
2881
1339
1098
1520
2025
1757
948
1778
783
2505
442
2483
1451
1580
1410
2410
1069
2204
1746
2393
824
2663
2441
2014
2090
908
80
2809
826
214
672
397
2452
830
2906
2329
322
2801
2664
2168
7
2884
2468
2917
1294
329
1538
2507
1156
402
747
2303
2729
163
1273
2286
725
2230
913
2472
1521
548
2665
470
81
1399
1541
99
2007
2137
177
693
2295
2464
1811
2361
2445
2089
2818
2500
932
1094
2385
1325
608
2595
1101
1624
848
2269
1943
493
1238
774
2357
2675
911
458
297
2352
314
1717
312
2782
1305
1079
47
3
1377
1187
644
860
1859
15
2742
1752
1833
320
2346
664
475
2477
194
651
862
2442
2562
1724
1678
992
1908
710
683
1546
2135
806
386
223
2417
278
433
2842
1002
258
1952
2914
2324
2737
2114
341
1909
1216
2055
147
605
1730
1621
1855
1389
1789
1928
284
482
2799
2642
2683
57
695
2305
2618
1986
2503
2610
615
2572
855
1548
1627
111
1530
1404
2223
2588
479
2810
2877
1888
1059
409
2336
2206
1467
1424
2829
570
816
2172
795
1558
1579
95
2907
2549
521
1086
1532
912
1072
1933
2401
680
274
2173
2008
1977
1645
193
587
1771
1403
2632
2682
1867
1213
1419
2780
2546
1030
2912
2639
2213
981
744
2208
234
2585
241
1499
1226
580
2897
871
2242
2333
35
1449
1170
375
2924
1095
267
1171
29
2304
2654
1560
1275
2661
1480
134
319
2769
2470
237
888
787
2648
2678
625
13
2608
2730
1955
1782
1703
1026
261
2919
791
2030
109
1042
995
2113
1345
779
1378
2058
1172
151
2834
509
2043
626
45
2739
1224
976
2049
2508
1691
886
119
1285
691
2251
1677
1188
1491
2270
1284
2048
421
1268
1715
178
441
487
379
715
136
675
290
2510
811
253
2345
1841
2297
145
2255
631
514
26
1646
1423
159
1989
2428
553
2016
126
746
1547
2789
452
1527
252
2845
1375
1432
2747
1091
2681
1015
2166
653
2238
2899
706
127
1513
2802
2436
1975
842
688
2830
1544
666
2197
1363
2840
1907
1828
1937
1882
825
692
1450
2378
2819
2
748
1221
1047
1671
962
1326
1409
1927
2559
50
624
2525
448
2146
1817
2794
1999
1113
2613
2882
2195
834
2680
1834
2939
2935
545
176
447
1209
112
846
1232
435
2000
1334
158
961
2281
407
2598
506
2461
2164
2163
1696
2821
2552
841
1503
1243
1282
1982
2887
1554
1904
239
722
876
2364
334
2691
1130
2553
1180
1825
1685
2028
963
1900
1088
965
2656
1618
244
2713
1529
21
817
2839
344
1869
1942
2695
1162
2731
495
243
762
895
1045
1436
1351
1564
1279
1655
2402
1987
2629
323
1369
1199
83
1584
768
1690
2759
1732
1444
2811
1319
385
2495
1608
1200
2874
1376
182
739
2390
1793
1561
594
2423
1445
404
689
1315
996
2408
2558
2532
1687
2577
440
2679
1353
718
2246
567
987
2355
2573
832
79
2004
727
1744
388
473
2720
1483
818
181
1039
1152
497
2029
1283
1164
260
2389
2240
1585
107
2889
1167
1801
1358
1157
325
1697
1177
416
2379
1250
1459
819
2301
2369
2257
2571
809
2603
2767
678
2832
155
970
2717
1676
16
1427
2331
518
958
1076
148
1805
1048
1220
977
2454
101
2599
1391
2222
1458
813
1654
2900
2523
242
270
1648
2662
600
1324
1954
1880
2657
1508
2760
1356
726
1127
192
1230
1700
1118
1314
1241
340
451
1830
327
219
18
2011
1695
1196
2023
1553
14
2815
777
2406
1010
383
1567
2375
156
2622
2875
56
673
723
593
2438
582
1212
1997
703
143
1599
989
2888
577
2941
2738
1664
749
2612
1052
2078
2548
714
305
1979
2372
2156
423
2621
2032
1110
2430
1053
2517
1004
1858
731
800
268
1194
1626
2419
1009
2544
698
677
307
1609
2371
660
377
54
2335
25
2575
920
2139
2009
2289
428
1270
1640
2400
1642
1097
1214
294
856
2181
2126
1085
372
2776
2479
533
2298
1889
2145
287
1475
2909
2545
1267
1298
2778
2828
550
2735
2268
224
2710
2864
1663
2741
2576
2465
2880
2190
2192
2302
1675
1831
565
1534
1898
1563
2652
769
2870
1054
840
541
2399
1103
1619
175
1620
2614
828
1428
1984
2339
1011
2770
2796
1307
1813
1007
1132
1083
5
2182
2579
233
1037
2383
1001
1231
604
2193
788
2424
770
2851
1990
363
1507
1973
2501
1844
2194
1111
607
906
472
1380
2911
667
128
2872
1478
412
2143
357
1612
1150
2509
2296
833
1035
368
2117
2110
2199
2287
1033
1784
2229
1595
2539
2042
2065
2040
994
36
1779
2726
2002
2649
2482
172
138
2806
2812
199
417
1264
1304
1139
104
1488
561
246
135
1431
2590
959
654
1526
86
2362
460
1741
1863
1165
562
2159
2432
1384
923
2488
295
694
945
2358
1246
1510
2092
2112
1540
1542
1207
1729
1036
296
1885
1203
2236
812
1951
1252
310
1514
283
361
829
2330
1147
1439
1100
2013
2797
2640
2777
2108
761
191
1343
1625
269
1966
847
2170
2685
756
2831
2591
1012
709
1331
1641
285
915
2081
106
2180
2338
704
1652
1160
1878
391
2934
928
1760
2858
226
264
2557
1787
2019
2227
1336
1330
2761
687
866
898
2360
2045
1765
831
1341
2655
502
2932
566
1114
2381
1003
144
555
453
1256
1810
1296
972
1719
1577
366
1087
2179
488
1236
2891
480
511
2396
2732
213
1440
1434
873
105
990
1175
1446
1148
1062
2547
864
2848
1963
2196
2763
1783
1622
46
1107
2272
603
2883
1313
1877
823
883
2530
1600
1785
1818
685
1348
2072
1163
2070
2666
2597
2779
904
2245
2189
346
2278
2037
2052
1606
2822
332
1044
2026
2121
1647
1890
1496
1781
2425
1964
2020
2233
9
1470
1135
2615
734
1897
1138
1452
2221
2920
1692
1770
1189
2451
2506
2359
1649
2792
894
2745
875
462
2310
773
839
371
1205
519
1734
1921
1218
328
273
59
2570
2596
1201
2027
2056
1593
1836
503
865
954
311
1769
1493
1089
272
1027
378
1792
2744
1846
1383
1823
742
2605
354
248
1373
877
2387
1974
2098
1865
639
186
1851
2751
1673
1623
940
31
1766
969
2087
2487
2643
437
2467
1798
1947
2203
1490
780
2721
869
1482
612
2611
591
1245
771
1184
1960
1413
1991
2904
1958
1919
335
1464
477
438
988
1102
1795
1400
2708
2620
2671
2938
434
1775
1881
1043
2673
381
881
2600
373
2635
1533
2308
17
853
627
131
317
446
1133
2901
1516
23
229
1173
342
1463
2134
1866
918
1426
2047
1639
1876
1711
1570
1718
649
1631
914
1408
949
2015
1807
1260
303
2893
2807
1149
230
2250
1555
2450
1240
2154
1274
2386
1476
2868
70
1340
1137
1912
2687
870
2119
2365
2471
784
1223
396
11
171
2167
1572
645
443
166
1808
1753
2010
2347
1335
1051
168
120
1288
1773
2084
1506
1589
116
2202
1271
1749
58
2660
2258
2826
655
1355
2607
2226
1204
53
1417
1297
1895
1277
220
1248
1872
2160
2494
1191
2293
563
1860
2422
1614
564
1312
2282
808
2701
1106
1108
2225
2053
87
909
27
1140
1287
1689
1996
1471
215
1502
2791
2344
572
2758
2288
643
164
2556
646
2149
950
982
1873
1701
1756
2111
2898
1728
231
405
2148
2243
1856
1414
2421
1847
1733
1366
221
1504
465
2574
2388
2012
474
743
98
2161
1550
617
2918
2925
2521
75
1519
2631
2448
1523
122
2696
157
1350
1791
1266
1574
2313
2041
1591
2927
1485
2115
2262
1146
355
843
2456
1911
1751
1679
2280
2239
814
1265
187
286
2440
1181
1874
637
2915
1916
2253
1819
2684
1469
919
2561
2188
2536
2644
1837
1124
2101
2504
782
851
48
1694
2074
786
531
2209
857
266
1387
2427
2838
2131
1484
1879
494
1057
926
1515
1925
2567
154
351
471
2719
22
2413
1372
2623
1433
1683
2062
10
849
2039
1474
2132
257
2153
2803
489
2890
674
1281
207
389
2374
362
532
289
2219
2765
2854
1338
2606
2522
2601
2420
2171
1071
359
1031
2582
1229
1761
2707
1886
939
801
679
2264
2244
63
2859
2100
956
370
1524
2125
1959
302
2414
1327
1884
1028
1549
815
1301
455
1468
2457
1543
2515
1849
661
868
854
1454
2466
1633
2437
917
203
2609
1407
2186
590
1688
2256
1870
1682
2750
1134
422
2866
277
642
89
1472
1944
1145
1303
1922
347
1661
1613
426
657
670
1735
1559
2082
983
174
1710
1258
93
662
2397
2793
2044
2746
2275
522
1316
1662
1814
2252
34
887
1598
431
599
2380
741
2266
123
1262
476
1494
652
1126
752
2067
2198
2175
1016
1854
304
1629
1552
160
2580
1441
528
1995
60
738
1197
845
1758
28
1901
1578
778
1774
2215
578
1068
1370
601
1754
197
2677
467
2104
707
2102
1945
189
1658
309
427
2756
792
94
2394
1725
2578
2885
523
1112
1074
659
598
592
2813
2926
515
1796
2038
789
2688
2624
1983
1257
6
606
1247
2459
1395
2035
1575
2867
2315
1722
2533
1038
733
665
1487
772
2091
1838
1705
2537
1075
1437
40
669
2725
1573
2340
967
2658
2788
466
618
636
2088
1871
1935
2292
1322
921
1788
1714
527
1720
2723
2905
2589
1242
2513
429
2314
2496
129
2395
810
1105
1731
719
766
730
878
298
2856
33
2136
750
616
934
557
2391
530
1050
2356
1972
500
1210
61
1681
556
306
2095
1940
699
822
275
445
414
668
1183
508
1357
2274
1259
41
1993
2586
1005
2265
212
697
1777
1151
2527
1362
2124
880
1096
2054
1511
620
425
2650
2626
1046
410
4
2141
1435
1034
1328
1537
1388
1121
974
517
2152
2187
331
2311
2804
1708
142
1790
721
2514
2415
1379
411
2625
153
2130
1684
2824
712
2835
1263
1208
43
249
2728
1737
1597
2850
2922
2768
78
2005
1029
374
1055
2863
271
2816
2105
1804
2825
2869
1643
2177
1536
205
1174
1917
2565
2212
1971
76
1861
217
1477
2431
2689
2852
2077
208
348
367
1473
1883
1914
44
867
316
947
2096
483
457
2798
893
114
1347
2705
1797
2284
1739
2085
2936
2697
2075
2332
2211
2376
247
1905
265
37
2923
1693
2460
1634
872
884
930
929
454
2151
1721
2073
401
941
491
2686
2921
198
486
337
1517
1185
621
2319
2349
1309
1332
201
1632
2068
2519
1786
202
484
1374
1032
1056
1727
1070
1382
602
1453
2766
1961
785
1422
140
1311
1799
936
2116
2700
571
1405
2157
1857
1815
69
764
735
1509
638
2307
92
2433
1352
2563
2896
1802
2820
1020
2653
549
1371
1021
2774
1938
2254
2764
2670
525
700
211
1918
986
922
141
1827
2214
384
1368
1159
90
1531
1539
113
1317
1582
1421
504
1950
2524
376
1465
115
763
210
1868
633
485
953
1498
430
2144
38
753
1617
647
1239
1569
436
1119
313
1712
2699
2128
1568
686
966
1178
2497
1254
1233
520
1235
1780
110
696
863
2099
2384
2693
794
931
574
2353
236
2714
2267
821
758
708
501
336
2550
1462
2489
2551
1843
663
2191
1402
1738
20
2502
1906
170
1153
935
450
1438
2248
711
250
1592
2337
2306
2220
717
2071
850
2633
1217
2373
1359
1182
125
338
2843
1762
2216
2351
1930
1501
2405
2674
1115
2526
2318
1653
2844
382
745
394
682
461
360
975
1668
2694
2568
575
2185
2458
1669
2668

