1 1
2 0
3 0
4 0
5 0
6 0
7 1
8 1
9 0
10 1
11 0
12 1
13 0
14 1
15 1
16 0
17 1
18 0
19 0
20 1
21 1
22 0
23 1
24 1
25 0
26 1
27 1
28 0
29 0
30 0
31 0
32 1
33 0
34 1
35 1
36 1
37 0
38 0
39 1
40 1
41 0
42 1
43 1
44 1
45 1
46 1
47 0
48 0
49 1
50 0
51 0
52 1
53 0
54 1
55 0
56 1
57 0
58 1
59 1
60 1
61 0
62 0
63 1
64 1
65 1
66 0
67 1
68 1
69 1
70 1
71 1
72 1
73 1
74 0
75 1
76 1
77 1
78 1
79 1
80 1
81 0
82 0
83 0
84 1
85 1
86 1
87 1
88 0
89 1
90 1
91 0
92 1
93 0
94 1
95 1
96 0
97 0
98 0
99 0
100 1
101 0
102 1
103 1
104 1
105 0
106 0
107 0
108 0
109 0
110 0
111 0
112 0
113 0
114 0
115 1
116 0
117 0
118 0
119 0
120 1
121 0
122 0
123 0
124 0
125 0
126 1
127 1
128 0
129 0
130 1
131 0
132 1
133 0
134 1
135 1
136 1
137 1
138 1
139 1
140 1
141 0
142 0
143 1
144 1
145 0
146 0
147 1
148 1
149 1
150 0
151 0
152 0
153 0
154 1
155 1
156 1
157 1
158 1
159 0
160 0
161 0
162 0
163 0
164 0
165 1
166 1
167 0
168 1
169 1
170 1
171 1
172 1
173 1
174 1
175 1
176 1
177 0
178 0
179 1
180 1
181 1
182 0
183 1
184 1
185 0
186 1
187 1
188 0
189 0
190 0
191 0
192 0
193 0
194 1
195 0
196 1
197 1
198 1
199 1
200 1
201 0
202 1
203 0
204 0
205 1
206 0
207 0
208 0
209 1
210 1
211 1
212 1
213 1
214 1
215 0
216 0
217 0
218 0
219 1
220 1
221 1
222 1
223 0
224 0
225 1
226 0
227 1
228 1
229 1
230 1
231 0
232 1
233 1
234 1
235 0
236 1
237 0
238 0
239 0
240 0
241 0
242 0
243 0
244 0
245 0
246 1
247 1
248 0
249 0
250 1
251 1
252 0
253 0
254 0
255 0
256 1
257 0
258 1
259 1
260 1
261 0
262 1
263 0
264 1
265 1
266 1
267 1
268 1
269 1
270 1
271 0
272 1
273 0
274 1
275 0
276 1
277 0
278 1
279 0
280 0
281 0
282 0
283 1
284 1
285 1
286 0
287 1
288 1
289 1
290 1
291 0
292 1
293 1
294 0
295 0
296 0
297 1
298 0
299 0
300 1
301 1
302 0
303 0
304 0
305 0
306 0
307 0
308 1
309 0
310 0
311 0
312 1
313 0
314 0
315 1
316 1
317 1
318 0
319 1
320 1
321 0
322 0
323 1
324 1
325 1
326 0
327 1
328 1
329 1
330 1
331 1
332 1
333 1
334 1
335 1
336 1
337 0
338 1
339 1
340 1
341 1
342 1
343 1
344 0
345 0
346 0
347 1
348 1
349 0
350 1
351 1
352 1
353 1
354 1
355 1
356 1
357 0
358 1
359 1
360 1
361 1
362 1
363 1
364 1
365 1
366 1
367 1
368 1
369 1
370 1
371 1
372 0
373 0
374 1
375 1
376 0
377 0
378 0
379 1
380 0
381 0
382 0
383 0
384 1
385 0
386 1
387 1
388 0
389 0
390 0
391 0
392 0
393 0
394 1
395 0
396 0
397 1
398 1
399 0
400 0
401 1
402 0
403 0
404 1
405 1
406 1
407 0
408 1
409 1
410 0
411 1
412 1
413 1
414 0
415 0
416 0
417 0
418 0
419 1
420 0
421 0
422 1
423 1
424 0
425 0
426 0
427 0
428 0
429 0
430 0
431 0
432 0
433 1
434 0
435 1
436 1
437 0
438 1
439 1
440 0
441 0
442 0
443 0
444 0
445 0
446 0
447 0
448 0
449 0
450 0
451 0
452 0
453 1
454 0
455 1
456 0
457 1
458 1
459 1
460 1
461 1
462 1
463 0
464 1
465 0
466 1
467 1
468 0
469 1
470 1
471 0
472 0
473 0
474 1
475 0
476 0
477 1
478 0
479 1
480 0
481 1
482 0
483 1
484 0
485 1
486 0
487 1
488 0
489 1
490 0
491 1
492 1
493 0
494 1
495 0
496 0
497 1
498 0
499 0
500 0
501 1
502 0
503 1
504 1
505 0
506 1
507 1
508 1
509 1
510 1
511 1
512 0
513 1
514 1
515 1
516 1
517 0
518 1
519 0
520 0
521 1
522 1
523 0
524 1
525 0
526 1
527 0
528 1
529 1
530 0
531 0
532 1
533 1
534 1
535 0
536 1
537 1
538 1
539 1
540 0
541 0
542 1
543 1
544 0
545 0
546 0
547 0
548 1
549 0
550 0
551 0
552 1
553 1
554 1
555 1
556 0
557 0
558 0
559 0
560 0
561 0
562 0
563 0
564 1
565 0
566 1
567 0
568 1
569 1
570 1
571 0
572 1
573 1
574 0
575 1
576 1
577 1
578 1
579 1
580 1
581 0
582 1
583 1
584 1
585 0
586 1
587 1
588 1
589 0
590 0
591 0
592 0
593 0
594 0
595 0
596 0
597 0
598 1
599 1
600 1
601 1
602 1
603 1
604 1
605 1
606 0
607 0
608 1
609 1
610 1
611 0
612 0
613 0
614 1
615 1
616 1
617 1
618 0
619 1
620 1
621 0
622 0
623 1
624 1
625 0
626 0
627 0
628 0
629 0
630 0
631 1
632 0
633 0
634 1
635 1
636 1
637 0
638 1
639 0
640 1
641 1
642 0
643 1
644 1
645 1
646 1
647 0
648 1
649 0
650 1
651 1
652 1
653 1
654 1
655 1
656 1
657 0
658 0
659 0
660 1
661 1
662 1
663 0
664 1
665 1
666 1
667 0
668 1
669 1
670 1
671 1
672 0
673 0
674 0
675 1
676 0
677 0
678 0
679 0
680 1
681 1
682 0
683 0
684 0
685 1
686 0
687 1
688 1
689 0
690 0
691 0
692 1
693 0
694 1
695 0
696 1
697 1
698 1
699 1
700 1
701 0
702 0
703 0
704 0
705 0
706 0
707 0
708 0
709 0
710 0
711 0
712 1
713 0
714 0
715 1
716 1
717 0
718 1
719 0
720 0
721 0
722 1
723 1
724 1
725 1
726 1
727 0
728 1
729 0
730 0
731 1
732 1
733 0
734 0
735 0
736 1
737 0
738 1
739 0
740 1
741 0
742 1
743 0
744 0
745 1
746 1
747 0
748 0
749 0
750 0
751 1
752 1
753 1
754 1
755 1
756 0
757 1
758 0
759 0
760 0
761 1
762 0
763 0
764 0
765 1
766 0
767 1
768 1
769 1
770 1
771 0
772 1
773 0
774 1
775 1
776 0
777 1
778 0
779 0
780 0
781 0
782 0
783 0
784 0
785 0
786 1
787 0
788 1
789 0
790 1
791 0
792 0
793 0
794 1
795 0
796 1
797 1
798 0
799 1
800 1
801 1
802 1
803 0
804 0
805 0
806 0
807 1
808 0
809 0
810 1
811 1
812 0
813 1
814 0
815 1
816 0
817 0
818 0
819 0
820 0
821 0
822 0
823 1
824 0
825 0
826 1
827 1
828 0
829 1
830 0
831 1
832 0
833 0
834 1
835 0
836 0
837 0
838 0
839 0
840 0
841 1
842 0
843 0
844 0
845 1
846 1
847 0
848 0
849 1
850 0
851 0
852 1
853 1
854 1
855 1
856 0
857 1
858 0
859 1
860 0
861 1
862 1
863 0
864 1
865 1
866 1
867 1
868 0
869 0
870 0
871 1
872 0
873 1
874 0
875 1
876 0
877 0
878 0
879 1
880 0
881 1
882 0
883 0
884 1
885 1
886 1
887 0
888 1
889 1
890 0
891 0
892 0
893 1
894 1
895 0
896 0
897 0
898 1
899 0
900 0
901 1
902 1
903 0
904 0
905 1
906 1
907 1
908 1
909 0
910 0
911 1
912 1
913 1
914 0
915 1
916 1
917 1
918 0
919 0
920 1
921 1
922 1
923 1
924 1
925 1
926 1
927 0
928 1
929 0
930 1
931 1
932 1
933 1
934 1
935 1
936 1
937 0
938 1
939 1
940 1
941 0
942 1
943 1
944 1
945 0
946 1
947 0
948 1
949 1
950 0
951 1
952 1
953 1
954 1
955 1
956 1
957 1
958 1
959 0
960 1
961 1
962 1
963 1
964 1
965 1
966 1
967 1
968 0
969 0
970 1
971 1
972 0
973 0
974 0
975 1
976 0
977 0
978 1
979 1
980 1
981 0
982 0
983 0
984 1
985 0
986 0
987 0
988 0
989 1
990 1
991 1
992 1
993 1
994 1
995 1
996 1
997 1
998 0
999 1
1000 1
1001 1
1002 0
1003 1
1004 0
1005 1
1006 1
1007 1
1008 1
1009 1
1010 1
1011 1
1012 1
1013 1
1014 1
1015 1
1016 1
1017 1
1018 1
1019 1
1020 1
1021 0
1022 1
1023 0
1024 1
1025 1
1026 0
1027 1
1028 1
1029 0
1030 0
1031 0
1032 0
1033 0
1034 1
1035 0
1036 1
1037 1
1038 0
1039 1
1040 0
1041 0
1042 0
1043 0
1044 0
1045 0
1046 0
1047 1
1048 0
1049 0
1050 0
1051 0
1052 0
1053 0
1054 0
1055 0
1056 0
1057 0
1058 0
1059 1
1060 0
1061 0
1062 0
1063 1
1064 0
1065 0
1066 1
1067 0
1068 0
1069 0
1070 0
1071 0
1072 1
1073 0
1074 0
1075 1
1076 1
1077 0
1078 0
1079 1
1080 0
1081 1
1082 1
1083 1
1084 0
1085 1
1086 0
1087 0
1088 1
1089 0
1090 1
1091 0
1092 1
1093 1
1094 0
1095 1
1096 1
1097 1
1098 1
1099 1
1100 0
1101 1
1102 1
1103 0
1104 0
1105 0
1106 0
1107 0
1108 0
1109 1
1110 1
1111 1
1112 1
1113 1
1114 0
1115 0
1116 1
1117 1
1118 0
1119 0
1120 1
1121 1
1122 0
1123 1
1124 0
1125 0
1126 0
1127 0
1128 0
1129 0
1130 0
1131 0
1132 0
1133 1
1134 1
1135 0
1136 0
1137 0
1138 0
1139 1
1140 1
1141 1
1142 0
1143 0
1144 1
1145 0
1146 0
1147 0
1148 0
1149 1
1150 1
1151 1
1152 1
1153 0
1154 0
1155 0
1156 0
1157 0
1158 1
1159 0
1160 1
1161 0
1162 0
1163 1
1164 0
1165 1
1166 0
1167 0
1168 0
1169 1
1170 1
1171 0
1172 1
1173 0
1174 0
1175 0
1176 0
1177 1
1178 1
1179 0
1180 1
1181 1
1182 1
1183 0
1184 1
1185 0
1186 0
1187 0
1188 0
1189 1
1190 1
1191 1
1192 1
1193 0
1194 1
1195 1
1196 1
1197 0
1198 1
1199 0
1200 1
1201 0
1202 0
1203 0
1204 1
1205 0
1206 1
1207 1
1208 0
1209 1
1210 1
1211 0
1212 1
1213 0
1214 1
1215 1
1216 1
1217 1
1218 0
1219 0
1220 1
1221 1
1222 1
1223 1
1224 0
1225 0
1226 1
1227 0
1228 1
1229 0
1230 1
1231 0
1232 0
1233 0
1234 1
1235 1
1236 1
1237 0
1238 1
1239 1
1240 1
1241 0
1242 1
1243 1
1244 0
1245 1
1246 1
1247 0
1248 1
1249 0
1250 1
1251 0
1252 1
1253 1
1254 1
1255 0
1256 0
1257 1
1258 0
1259 1
1260 1
1261 0
1262 1
1263 1
1264 1
1265 1
1266 1
1267 0
1268 1
1269 0
1270 1
1271 0
1272 1
1273 0
1274 0
1275 0
1276 0
1277 1
1278 0
1279 0
1280 0
1281 0
1282 0
1283 0
1284 1
1285 1
1286 0
1287 0
1288 0
1289 0
1290 0
1291 0
1292 0
1293 1
1294 0
1295 0
1296 1
1297 0
1298 0
1299 1
1300 0
1301 0
1302 1
1303 0
1304 1
1305 0
1306 1
1307 0
1308 1
1309 0
1310 1
1311 1
1312 1
1313 0
1314 0
1315 1
1316 0
1317 0
1318 1
1319 1
1320 1
1321 0
1322 1
1323 1
1324 1
1325 1
1326 1
1327 1
1328 1
1329 1
1330 0
1331 0
1332 0
1333 1
1334 1
1335 0
1336 0
1337 0
1338 1
1339 1
1340 0
1341 0
1342 0
1343 1
1344 1
1345 0
1346 0
1347 1
1348 1
1349 0
1350 1
1351 1
1352 0
1353 0
1354 1
1355 1
1356 1
1357 1
1358 1
1359 0
1360 0
1361 0
1362 0
1363 1
1364 0
1365 0
1366 0
1367 0
1368 1
1369 1
1370 0
1371 0
1372 1
1373 0
1374 0
1375 1
1376 1
1377 1
1378 0
1379 0
1380 1
1381 1
1382 1
1383 0
1384 0
1385 1
1386 0
1387 0
1388 0
1389 1
1390 0
1391 1
1392 0
1393 1
1394 0
1395 1
1396 0
1397 0
1398 0
1399 0
1400 1
1401 0
1402 0
1403 0
1404 0
1405 1
1406 1
1407 1
1408 0
1409 1
1410 0
1411 1
1412 1
1413 0
1414 1
1415 0
1416 1
1417 0
1418 1
1419 0
1420 0
1421 0
1422 0
1423 0
1424 0
1425 1
1426 0
1427 0
1428 0
1429 0
1430 1
1431 0
1432 1
1433 1
1434 1
1435 0
1436 0
1437 0
1438 0
1439 1
1440 0
1441 0
1442 0
1443 0
1444 0
1445 1
1446 0
1447 1
1448 1
1449 0
1450 0
1451 1
1452 0
1453 0
1454 1
1455 1
1456 0
1457 0
1458 0
1459 0
1460 0
1461 0
1462 0
1463 1
1464 0
1465 0
1466 1
1467 0
1468 0
1469 1
1470 1
1471 1
