1 1
2 0
3 1
4 1
5 1
6 0
7 1
8 0
9 1
10 0
11 1
12 0
13 1
14 0
15 0
16 1
17 0
18 1
19 1
20 0
21 1
22 1
23 0
24 1
25 1
26 1
27 1
28 0
29 1
30 1
31 0
32 1
33 1
34 1
35 0
36 1
37 1
38 0
39 1
40 0
41 1
42 0
43 1
44 0
45 0
46 1
47 0
48 1
49 0
50 1
51 1
52 0
53 0
54 1
55 1
56 0
57 1
58 0
59 1
60 0
61 1
62 1
63 1
64 1
65 1
66 0
67 1
68 1
69 0
70 0
71 0
72 0
73 1
74 0
75 1
76 0
77 1
78 1
79 0
80 1
81 1
82 0
83 1
84 1
85 0
86 0
87 1
88 0
89 1
90 0
91 1
92 0
93 1
94 1
95 1
96 0
97 0
98 0
99 0
100 1
101 1
102 0
103 1
104 0
105 1
106 1
107 1
108 0
109 1
110 0
111 1
112 1
113 1
114 1
115 1
116 0
117 1
118 1
119 1
120 0
121 1
122 1
123 0
124 1
125 1
126 1
127 0
128 0
129 1
130 1
131 0
132 1
133 1
134 0
135 1
136 0
137 1
138 1
139 0
140 1
141 0
142 0
143 1
144 1
145 1
146 0
147 0
148 0
149 1
150 1
151 0
152 0
153 0
154 0
155 0
156 0
157 0
158 0
159 0
160 1
161 1
162 0
163 0
164 0
165 1
166 0
167 0
168 0
169 0
170 1
171 1
172 0
173 0
174 1
175 1
176 1
177 1
178 0
179 0
180 1
181 0
182 1
183 0
184 0
185 1
186 1
187 1
188 0
189 0
190 1
191 0
192 1
193 1
194 0
195 0
196 0
197 0
198 0
199 1
200 0
201 1
202 1
203 0
204 1
205 0
206 0
207 0
208 0
209 0
210 0
211 1
212 0
213 0
214 1
215 1
216 0
217 1
218 1
219 0
220 0
221 0
222 1
223 0
224 0
225 1
226 0
227 1
228 0
229 1
230 1
231 1
232 1
233 1
234 1
235 1
236 1
237 1
238 0
239 0
240 1
241 0
242 0
243 1
244 1
245 0
246 1
247 1
248 1
249 0
250 1
251 1
252 0
253 1
254 0
255 1
256 1
257 1
258 0
259 1
260 0
261 1
262 0
263 1
264 0
265 1
266 0
267 0
268 0
269 1
270 1
271 1
272 0
273 1
274 1
275 1
276 1
277 1
278 0
279 0
280 1
281 1
282 0
283 1
284 0
285 0
286 1
287 1
288 0
289 1
290 1
291 0
292 1
293 0
294 1
295 0
296 1
297 1
298 0
299 0
300 1
301 1
302 1
303 1
304 0
305 1
306 0
307 1
308 1
309 0
310 0
311 1
312 1
313 1
314 1
315 1
316 1
317 0
318 1
319 1
320 1
321 1
322 1
323 1
324 0
325 1
326 0
327 1
328 0
329 1
330 1
331 1
332 0
333 0
334 1
335 0
336 1
337 1
338 1
339 0
340 1
341 0
342 1
343 1
344 0
345 1
346 1
347 1
348 1
349 1
350 1
351 1
352 0
353 1
354 0
355 0
356 1
357 0
358 1
359 0
360 0
361 0
362 1
363 0
364 1
365 0
366 1
367 0
368 0
369 1
370 0
371 0
372 1
373 0
374 1
375 1
376 0
377 1
378 0
379 1
380 0
381 0
382 1
383 0
384 0
385 1
386 0
387 1
388 1
389 1
390 0
391 0
392 0
393 0
394 0
395 0
396 0
397 1
398 0
399 0
400 1
401 0
402 0
403 0
404 0
405 1
406 0
407 0
408 0
409 1
410 1
411 0
412 0
413 1
414 1
415 0
416 1
417 0
418 1
419 1
420 0
421 1
422 0
423 1
424 0
425 0
426 0
427 1
428 1
429 0
430 1
431 0
432 1
433 1
434 0
435 0
436 1
437 0
438 0
439 1
440 0
441 0
442 1
443 1
444 1
445 0
446 1
447 1
448 1
449 1
450 0
451 1
452 1
453 0
454 1
455 0
456 1
457 0
458 1
459 1
460 1
461 0
462 0
463 1
464 1
465 1
466 0
467 1
468 1
469 0
470 0
471 1
472 0
473 0
474 0
475 1
476 1
477 1
478 1
479 0
480 0
481 1
482 0
483 0
484 1
485 1
486 0
487 1
488 1
489 0
490 0
491 0
492 0
493 1
494 0
495 0
496 1
497 1
498 1
499 1
500 0
501 1
502 1
503 1
504 1
505 0
506 0
507 1
508 0
509 0
510 0
511 0
512 1
513 0
514 1
