2474
749
2080
2785
148
2621
406
737
1658
883
1354
263
2717
1284
98
9
95
1692
2933
1018
2088
2888
1491
2860
471
2467
2406
1982
320
158
966
739
1696
913
2081
1794
1439
161
475
774
940
1330
1179
2844
117
1424
2214
2428
2582
1093
909
1639
2831
2729
1803
1635
1710
1926
1466
581
2804
2750
1859
1512
254
2574
1452
2565
87
664
1725
1222
1204
78
2178
1433
1357
1231
1027
2852
1661
2634
1253
524
644
1516
1223
192
1554
1186
246
1040
160
2025
2395
1264
1933
2497
576
60
1394
51
2106
1647
1053
2493
1108
904
2217
1383
2760
1641
1121
2289
394
881
2058
40
1078
2606
294
533
2256
2686
1911
1295
436
1009
779
1088
730
1484
529
2420
512
127
1379
166
586
61
1541
1392
1609
1200
2777
252
417
1858
585
2139
2337
1737
2491
2284
1496
1721
2045
2440
2571
1025
2163
377
545
346
36
2085
260
1798
1522
2560
198
1155
2625
2693
1505
1768
1298
2631
2434
1895
1718
2111
1649
1321
2233
937
2401
1592
2202
1126
621
1925
1637
2076
2715
1738
1810
2115
1979
2156
2492
600
2836
1929
1688
1095
2362
333
1271
325
220
132
1086
1998
1299
1509
1015
31
80
1876
858
1786
1154
1080
1860
2924
1886
1228
503
1664
1992
25
1205
995
1726
735
390
2790
494
1115
2051
1476
205
1885
656
1914
1892
1118
2891
2925
1586
2238
2231
1033
1211
1087
2095
2244
1104
1152
2578
1117
1338
221
1523
15
2129
2799
83
1174
2418
2512
2841
710
2733
2
2573
2010
2015
2696
1619
1004
1242
504
925
2099
2128
1024
1111
1927
992
1389
1410
2670
204
1552
1381
726
278
1526
2558
580
2220
479
2166
884
2412
868
62
2658
2820
2416
1430
1538
803
1196
2507
732
2881
1669
2791
746
2278
2323
2587
2009
849
1462
115
2778
511
538
981
2895
41
2605
979
295
2592
77
1269
1763
1954
680
2140
1005
155
112
2056
891
1928
2052
1826
1973
2524
1610
727
2309
2897
2259
1026
106
1890
2134
806
2137
2764
984
2227
2097
819
1014
461
2168
635
2838
2698
747
172
1273
932
2027
454
1706
1333
408
2103
525
1881
293
183
2677
2488
1600
264
2181
450
2077
2046
173
1266
1176
2132
668
2758
2593
2559
1501
690
2941
1492
1265
2827
1529
1634
1839
935
920
1684
326
2473
2773
1650
1846
2354
457
2371
946
168
1000
2349
1932
1221
601
215
1042
1206
2130
133
2576
2898
2834
2442
770
2039
16
323
2730
1037
2510
2675
1666
2325
1642
114
605
88
1827
551
2147
433
1077
1548
2123
1796
1615
2024
1685
2654
1750
1861
2382
1470
1380
1133
438
2894
184
91
1189
1783
1286
1648
950
1626
877
1431
1687
2856
2247
782
2674
1323
2819
393
942
2842
2885
653
1963
165
230
482
1940
2689
764
1408
788
723
2249
2889
196
642
2074
1427
1840
67
2254
673
708
1432
1256
548
1244
2541
2706
1168
1114
894
1817
758
1816
1372
2623
2581
1987
384
2438
2742
2755
2665
33
599
890
2537
1776
2880
1919
1577
2882
1988
1220
1624
1044
2014
407
1524
1518
2388
892
2373
1016
666
2518
1339
255
2252
1319
2752
2594
2666
593
559
1412
2210
2174
742
1659
681
1851
2329
1038
398
2347
1599
1428
1627
1011
353
1017
870
1274
1673
1415
2826
401
2908
2197
2550
1665
1588
2489
2260
2905
2728
1878
1324
1102
838
1551
427
2511
3
623
2701
1668
1436
1456
691
1569
218
2065
136
1257
578
536
2780
495
1158
2172
81
468
1515
111
2184
2476
2460
1756
2667
2340
2453
2135
134
2767
1448
2021
847
1702
1374
676
1761
1255
65
2671
310
1950
1574
1376
2116
105
777
1327
2003
2066
100
1391
2277
1199
360
1865
2878
2086
2328
2802
2374
23
2431
1230
587
1644
2793
1923
2359
2441
757
1112
2067
1079
1467
2445
2443
1906
954
1823
2835
2206
10
1416
2700
86
1447
143
2769
591
2454
1270
1793
886
1201
2093
957
2234
1440
2398
712
2146
2557
1382
1209
2896
1616
2237
638
1288
1036
1341
1924
5
2487
2555
1268
48
1772
2646
1968
1957
1679
2235
1096
929
2031
1656
2047
1073
37
1539
369
1446
815
1695
2037
2011
876
1952
2026
2660
1813
2365
1463
1046
2530
885
208
227
1468
1714
1894
1579
2465
508
2280
2883
1157
1883
697
1483
622
1185
2681
1326
2187
1751
2768
1363
709
1862
1213
2761
1825
1717
2170
1542
175
1597
1535
447
2000
372
2683
1573
1128
1962
1809
231
2176
2367
2620
951
2117
1215
1790
1127
364
225
1842
1173
66
1130
1001
282
1766
1293
1450
1990
1170
654
953
2533
2177
903
2936
958
319
2927
791
2712
206
2321
1106
2287
2379
1283
831
2142
1958
1301
1347
2668
2633
509
1465
1674
2743
555
1821
307
2433
2685
2429
22
214
2678
2368
2386
2318
2449
2267
1789
878
1125
2028
1764
1870
945
2721
2821
449
1184
814
1778
1413
1970
1233
1513
1411
744
783
1759
1781
2282
347
1629
2109
2350
570
1715
566
1762
374
698
418
2551
1459
1499
2616
1320
2455
1069
917
2805
375
1951
857
52
565
606
922
2054
442
2069
1482
1978
2914
2303
1352
2200
126
941
650
1310
2377
45
2874
1912
760
169
2384
1329
2281
1899
535
1054
960
934
2091
1557
2772
505
1234
1478
4
882
2229
531
1356
2432
1149
297
517
1359
247
2477
2610
2682
2847
2500
1603
1393
2351
1743
2042
2499
2853
203
142
2326
1729
2273
2741
2676
302
1442
2345
1686
2334
1655
140
579
1920
1977
812
667
1942
2112
1901
2013
837
237
2739
589
2245
980
489
216
28
527
1938
665
552
2030
189
2158
703
1156
2645
961
1745
1607
2719
2314
2596
2886
859
2124
1866
311
526
1948
772
1917
1678
671
1094
341
619
893
1029
2299
2118
2858
2849
139
272
1511
2638
1713
2427
2370
424
2383
1941
258
1570
116
790
688
238
2846
2241
315
485
2765
2731
2718
1898
1808
854
2713
707
241
1643
2526
2609
1318
270
1145
716
2040
2877
1291
871
918
2402
2603
499
120
1368
789
539
1731
1680
2911
2317
1250
1420
1571
1547
562
2879
2590
990
1105
973
2291
2414
1611
1863
2629
1300
502
2366
1856
376
602
498
2276
2630
2916
2185
865
2702
2316
2263
2737
898
1028
1740
2333
2162
122
808
1943
564
994
2375
2825
90
1267
786
1275
163
253
1638
1150
480
1904
486
1489
431
1240
2726
1332
1864
135
2649
2155
728
675
49
1891
1514
1956
250
1218
1337
435
1348
1045
43
1217
1263
397
948
1378
484
249
1285
1144
1700
1494
1907
1366
549
1034
1531
1590
1488
180
2179
1604
2126
402
2873
850
2248
947
1984
879
1694
164
2422
352
2466
652
2171
59
2833
574
2749
337
239
1308
7
182
713
2543
2251
474
430
2407
207
900
645
2687
159
2236
1620
2257
2872
2940
2136
2875
1377
2444
1183
1971
328
1292
2624
2108
906
2411
768
1566
2348
902
2527
151
1736
2751
643
751
851
2817
1454
423
1709
754
2083
657
2803
1712
419
1351
2298
1909
2036
469
2084
2213
344
759
911
1071
2542
2262
1585
1216
2568
2869
2408
276
1625
2863
300
13
1358
861
1373
1132
2458
2608
2562
1082
2425
558
2313
197
1910
125
1704
2855
240
287
2828
2296
2890
2937
1414
835
96
1583
318
541
283
2145
787
1837
2341
332
1371
2410
971
965
1194
1294
822
798
2182
1191
89
1833
914
972
1084
1946
476
939
1402
1146
1900
2779
2918
1804
797
2548
2806
2723
2762
1824
382
2018
339
1061
101
2930
1612
99
721
2059
2808
2735
547
1769
2549
1101
1683
334
2748
2935
2292
974
592
2186
2400
1134
2798
2643
1961
358
1720
82
30
219
2430
1621
281
610
2268
2784
752
288
2931
2595
1830
409
1560
1780
2926
2690
1407
1930
796
1346
1110
662
1247
210
2409
2857
785
2607
1939
540
2294
2868
1388
1875
2907
2221
2376
897
1486
1779
2295
1276
1122
1974
350
944
1143
2850
1562
2008
2514
1705
2657
705
1399
345
515
1981
1434
2201
1365
2324
1072
2921
2283
2159
2867
1994
2539
149
256
1752
2073
1166
2242
985
187
804
563
1315
144
2789
269
2714
2528
1671
387
1305
1792
1872
845
2747
2224
1730
1312
1931
1008
57
84
588
1123
1822
1587
1261
1868
1755
399
1934
1502
1226
2697
389
2531
794
2470
1966
841
1353
594
410
1677
1469
649
720
2469
1397
2495
2903
2232
1879
2575
1375
912
2812
2829
2075
2216
775
1818
2792
404
2586
567
1549
626
839
267
103
2007
2865
930
2071
1969
1555
1753
1395
795
351
895
1241
257
1207
506
1662
977
1735
678
1801
2922
1893
1568
1451
2934
1449
521
1697
1485
2240
342
2892
477
1471
537
2119
1559
2061
568
304
1589
1202
466
1983
2795
2164
2272
1631
824
1238
381
157
2029
874
1487
2484
686
1493
2520
108
1019
1521
2871
2602
1248
1546
1805
1613
2016
354
2463
487
1225
813
2545
2196
248
553
846
1922
1161
2823
444
1854
655
2154
1160
807
2211
188
1472
687
1682
520
290
2399
2899
2396
771
2190
2505
2435
1425
748
1175
317
20
223
584
42
1693
2063
443
422
277
2378
2253
1791
2680
2699
663
329
1103
1882
2688
234
1739
2339
1067
2360
745
1182
908
265
2797
483
987
335
2523
2100
2650
415
1075
18
1458
1056
823
1690
2149
1732
682
1249
1246
2534
1949
2311
32
685
2525
956
1367
2708
1065
1081
2811
2394
1164
2183
2451
1055
2915
1314
756
1422
1581
843
2092
670
1733
2017
2563
74
2161
573
137
71
186
2424
2636
1908
232
2577
2364
2456
2902
396
969
2034
924
1404
590
2222
683
963
2516
1306
684
453
2048
2393
556
510
2090
2801
763
1085
2494
864
1575
2452
178
1853
2207
1960
1370
583
343
2570
989
50
24
1617
222
1916
1640
1844
1672
725
2810
1429
1996
2901
1334
2191
2120
191
753
1074
1828
1871
85
1481
414
193
1142
575
1335
1289
2225
2160
312
928
2002
1064
648
2663
1503
2436
2569
701
2226
689
781
2854
392
19
1169
1976
2381
860
2832
1831
1030
1698
1178
2230
598
273
109
1212
1806
2330
2759
921
2320
274
604
1572
1198
613
1540
609
975
1530
2692
2626
2661
692
2363
998
2753
1187
2754
988
2508
93
348
289
2580
2655
2774
1139
2584
1278
1153
693
388
1405
1151
1344
1849
2413
195
792
1297
2672
968
1506
899
694
363
2818
1177
2652
2461
131
1576
2464
1089
595
2695
1180
1997
1896
2745
863
321
1832
463
554
445
47
26
2023
805
2615
1734
875
2814
719
582
943
1497
2064
1558
2757
1461
2554
190
603
261
1748
2861
867
123
1010
1944
2788
2104
2110
629
2644
2079
1409
478
1369
1277
1785
933
27
1477
2588
1385
1829
465
1800
816
2912
2567
1519
303
2913
1426
490
1
2385
1545
2519
308
1788
546
2310
1302
2807
880
2032
2151
491
2583
2600
2212
94
2776
405
174
817
809
245
2756
299
432
2637
413
1418
2195
1050
1097
1527
1192
1520
118
1091
2486
829
2684
68
2279
2101
1657
2724
2939
314
571
2300
866
181
2738
224
473
97
2923
711
1741
2165
331
2496
997
2121
1229
2536
2266
2338
2082
2122
349
1032
1645
2794
743
244
1744
1727
1905
2734
1812
560
2597
2932
1651
1136
129
2094
1423
1500
2391
2125
2446
1058
557
1062
2457
2005
2482
291
472
2691
1252
102
1553
776
828
1039
608
1565
2286
672
799
628
715
1135
2720
46
2157
2285
58
1995
2346
2506
448
1770
2617
952
896
1109
2219
523
1985
2369
736
306
855
1251
213
2138
651
778
1403
1561
1728
967
1100
2722
2372
2766
660
1092
569
1445
2589
2824
2327
386
910
1815
955
35
1747
1708
1235
802
1107
2194
1400
1006
1874
633
500
2437
1510
2800
2732
1350
128
1848
2707
259
1967
441
1438
887
1953
733
2144
1867
2057
2189
916
507
2305
1022
425
2843
2127
1847
2837
1417
2271
1775
1584
2770
2204
130
729
2599
856
982
2703
1195
2622
1214
970
313
528
2297
34
440
1537
2203
1654
1528
1099
2840
2614
1814
1777
1965
1163
185
801
1797
1722
1667
1343
357
1799
336
2041
2403
170
2938
2423
1490
1897
1059
359
2199
167
0
2893
1147
1782
1116
322
2218
121
2070
2361
2335
1593
385
769
1260
2561
2290
2293
2336
211
1802
2448
2265
905
371
2640
2540
2501
14
233
1210
2910
919
1190
1441
2585
1787
1608
145
986
2312
734
1435
1021
2479
1296
1508
1699
1534
2043
1219
1567
2513
2639
1159
2705
1498
2078
2288
704
1316
452
2632
1850
2102
2167
1773
2133
380
2307
2315
1601
1605
2358
2020
488
55
44
2439
1652
56
999
412
1364
1070
243
627
1325
2822
996
202
1317
92
1141
2775
630
492
400
766
1043
1390
1421
2223
2105
79
1396
1774
153
873
1066
1845
646
2906
842
2830
1460
2173
661
365
2472
2478
1063
1536
641
1834
2468
2006
1473
2556
2783
714
2509
2601
2529
1724
761
2532
1239
1689
821
962
1754
2515
927
2553
717
959
2859
2813
2656
2193
1237
826
1162
69
1623
1203
1852
1578
1113
1681
1304
1041
731
848
194
2243
1889
124
200
1959
251
2114
724
1227
2198
1140
1437
2490
2618
2904
2342
201
1563
519
550
923
1884
514
316
695
2209
368
2900
2598
1342
2246
1258
2175
2653
1947
1322
2521
762
1660
2709
1254
2001
639
1707
780
2004
2651
1495
1767
458
1049
1784
1048
2839
2050
2143
242
428
1002
1035
2612
1807
2270
2845
1148
305
2481
2611
530
501
2694
284
2356
119
451
936
2462
1193
993
632
73
2815
1819
1902
338
1602
1262
750
1259
915
518
1453
1303
1020
1622
2704
1921
544
266
1533
1131
825
1703
2604
455
2864
811
2917
2344
2740
2851
285
2302
938
355
612
150
2096
1340
403
217
2113
1504
1167
543
699
696
11
1398
991
1120
2628
39
1137
2055
1007
1280
869
292
1444
1843
2141
1023
1711
1245
2746
434
199
1060
327
367
2727
420
456
2648
2498
416
2659
70
2308
616
2188
460
301
2483
1903
1633
2502
2862
1362
2331
2417
171
1355
624
2404
2929
64
17
2062
1888
2679
1913
362
976
280
2544
2475
1507
1820
1052
1701
1855
2089
2919
810
2736
2035
773
21
113
2343
1328
1937
226
755
2107
1993
2098
330
1936
833
679
439
496
636
1935
784
907
577
2180
1614
2641
2504
1742
2564
1047
631
702
722
1232
2480
2405
836
607
2304
2619
2566
212
2332
2049
1031
1989
901
820
2228
615
2579
1188
2022
1076
235
597
2538
718
2796
1083
298
658
1012
1387
1051
2485
493
1119
209
2782
1282
1760
2781
1313
2763
2322
1836
2613
532
625
2352
2169
2258
1646
888
818
2301
2264
983
426
154
2920
1013
2517
2275
2261
1057
1550
2087
2387
1835
2392
2250
177
1279
2205
513
617
1349
2787
229
1991
340
2150
411
1401
1719
1582
1653
361
872
379
1124
1945
2152
640
296
467
1628
2450
2148
700
421
1138
2390
2591
2274
1309
54
2471
2269
262
378
2131
2662
2572
561
834
1887
1691
1765
110
522
1841
1972
366
1663
2887
2426
1406
462
1580
2419
2415
2044
1384
2459
1236
840
38
1181
2711
162
497
373
156
2522
6
1517
2153
2355
1676
596
2744
1606
765
1287
2357
1171
1746
830
1475
2786
2669
1281
542
1331
2068
1591
141
152
1632
271
228
1172
2642
2038
429
1098
844
1457
2380
669
2876
1964
2503
1480
1857
1443
1386
2552
572
2421
1795
275
1272
2012
618
793
147
1361
1618
534
1556
2397
2866
1479
862
1595
1455
236
516
383
852
1165
1757
738
1525
72
1243
1290
2389
2239
1749
2255
470
107
1877
2072
767
611
2884
2647
1771
2208
1880
1675
2060
1307
2673
1544
356
2547
1208
2019
1630
634
1596
931
1869
706
1419
614
620
1873
370
1360
2192
2546
324
740
2771
464
1670
2816
659
949
1564
29
1975
1594
853
268
637
2725
2033
1224
179
647
1336
481
63
2809
1543
309
76
391
2353
2319
832
146
827
1636
2447
1980
12
1068
2716
2870
2627
53
2215
446
677
104
1464
1090
1811
1915
1598
1716
1003
1918
2053
1345
926
138
889
1999
75
1758
1311
2710
2635
1532
2848
176
1474
1838
2535
674
437
459
1129
8
1197
1986
286
1723
2909
2664
741
395
2306
964
800
1955
279
2928
978

