152
2298
1963
246
2856
292
2883
1245
1007
2352
1840
321
2321
550
884
2611
338
367
1357
2272
1140
2752
2390
164
1972
2018
32
1558
2612
2921
441
1520
1321
645
2010
233
582
2669
1836
1032
2339
1059
1203
876
771
2116
2525
2301
97
2488
1427
455
1320
2712
1228
975
1043
1149
165
2599
2613
279
3
2842
2111
2880
895
1130
977
901
1324
2061
757
813
2689
2697
1776
2455
889
1285
2355
2890
1822
733
1883
46
752
2221
1488
2373
755
213
1565
1741
1252
1982
385
1498
1865
2500
1443
1487
1391
788
1298
2829
841
36
269
1621
797
2001
158
1635
1744
1171
2777
2338
2904
1095
2081
2881
929
1271
1187
276
287
799
2481
728
626
1645
1029
1192
1202
993
692
545
1921
2930
580
1094
464
1585
717
778
1300
210
792
2638
1240
1319
1262
1676
315
182
851
1312
324
1102
2023
1484
2885
159
2379
328
2906
280
1268
1241
194
2067
1373
2397
643
105
211
325
1841
505
2123
597
2534
1413
2424
1253
530
2533
1769
69
1307
926
683
724
1257
2008
723
2380
2219
712
923
2607
446
2066
1767
1800
1575
388
661
1107
314
155
1422
2408
2626
1110
2200
1795
1027
235
953
1469
1890
1920
2591
2800
1915
123
1636
2056
969
860
436
2449
825
1313
766
1655
2563
2155
48
1394
1680
1667
775
2547
632
1601
2884
2237
1952
1916
2318
1638
2677
1349
2902
1724
2505
2864
2744
684
1494
2280
27
1471
2675
2574
1151
864
566
2314
791
2498
86
1868
90
1848
916
2435
2388
1369
1806
1965
695
1552
991
2450
2695
2236
824
169
1783
686
2253
2621
2771
741
1583
473
1674
790
151
1748
911
1943
1825
810
2073
2542
904
800
2757
1576
2257
1431
2429
2758
1170
2549
1082
2456
1620
1788
2043
2759
312
623
1144
44
375
689
2426
577
539
185
1254
599
698
2142
2
948
2353
2886
768
1229
506
517
2077
1483
610
2755
429
479
2812
2826
1251
2113
1720
1463
2934
2401
950
1017
1507
2791
130
2550
2823
839
296
1127
2630
2733
100
2897
2053
2446
2223
2494
2159
748
1684
75
2819
780
258
2179
2193
593
1332
2773
1553
658
1354
1314
2207
2702
2592
2914
2511
1579
1097
1629
1069
2442
1643
2595
1862
2015
1400
2325
2296
1879
351
2101
984
858
1598
2868
2261
2937
494
1134
2553
2459
2226
29
2531
1374
2279
2239
2686
1808
1260
961
1165
2485
1076
2594
2896
308
2241
1556
1606
2895
2125
1397
2666
581
392
1204
2767
224
1109
510
657
2869
1115
1625
1058
721
2083
444
1950
1813
2783
1847
789
2738
1092
1156
1528
326
267
874
1521
2463
2135
319
2659
2103
2840
1666
2057
2629
1389
910
1287
2721
387
1843
1159
167
1087
232
846
253
70
2698
140
61
1161
680
836
832
1406
1904
2378
2112
1878
1421
271
2604
2788
1436
2374
1216
1710
64
2371
2258
23
1409
222
967
1737
1062
2618
1396
2082
2366
1702
273
1105
1649
818
386
1735
207
1984
981
2425
2270
305
815
55
2756
1992
573
614
2616
531
1123
2655
694
6
571
907
2898
1064
2068
1122
1273
1462
2418
212
2117
13
2157
772
885
1066
1997
787
919
2162
475
1173
1541
2251
1266
2025
1618
1534
1334
2704
1009
2211
2575
1980
162
1562
540
2661
400
1003
521
2517
524
2215
1221
2731
2900
1381
268
2383
2477
1346
181
230
2606
2365
499
2565
95
957
2662
1008
2901
942
1405
763
584
2011
2005
2174
2348
828
1511
613
1650
1780
1174
28
408
1798
1279
1399
184
2854
618
131
62
2187
2512
2337
2678
1989
1322
767
1410
821
2492
652
117
298
2030
1805
1232
1139
175
2168
2703
2784
1654
309
2924
434
1902
1120
445
2128
2384
2443
1485
331
1548
1523
1270
1882
98
2049
2368
1634
2176
2507
636
2311
1703
1060
244
2775
1057
1479
1340
732
1119
1875
2658
2086
718
1350
1938
2072
1475
2100
1249
782
74
1995
999
1896
845
1317
1078
1005
1481
1337
373
1901
1709
1749
511
1857
620
2224
2170
275
2445
8
225
360
1759
221
1146
2483
978
2312
2447
2438
2204
54
925
2003
2690
1743
487
681
127
1517
1377
655
2161
2154
1046
515
908
2091
1699
2411
1566
2402
2192
501
1935
608
1886
2598
146
2252
377
2180
2561
1292
1188
541
703
2147
1208
945
2713
2790
2357
2622
2874
1478
476
427
1294
2642
2299
1183
277
1038
1515
2820
551
1603
520
82
558
2009
45
2104
865
2441
2572
548
2033
2475
638
561
2825
560
2816
68
2737
1425
283
239
2792
1233
2264
1525
2190
2334
2286
1918
2246
1758
2324
1766
985
2420
1407
2222
1761
2432
696
113
2440
739
863
500
2461
423
65
1264
1673
2152
2381
2395
2205
2769
132
1753
2413
2729
2929
607
1587
1775
2074
2647
342
2830
2048
1742
644
419
410
1451
18
700
2584
2509
1544
1193
2681
2173
2129
2460
1849
1437
1593
1215
1158
459
2803
1426
568
2480
1198
1460
2772
402
247
2839
2307
1031
1930
1280
1746
236
1723
2582
702
1404
1205
2130
341
2573
2652
264
2007
2400
1117
2188
556
992
862
1201
2428
619
2292
2888
927
902
2849
2027
407
2367
1185
31
2640
354
2422
2039
1265
956
888
67
1000
544
1379
2866
847
1446
611
291
33
806
1697
2140
2602
603
2319
1033
1689
1600
2349
2163
1877
1315
1571
1863
906
2090
2136
1705
2833
2417
963
781
1820
498
866
779
964
1336
2545
226
2699
1345
2169
22
1842
101
814
2892
349
405
1496
451
229
2444
2133
1006
1482
2915
2484
2285
2326
600
873
1013
786
1026
401
2114
1194
332
2474
2523
270
875
1854
2927
1147
442
1309
844
921
1061
1341
2936
1505
1551
1439
796
2451
1725
439
502
2762
2730
1731
1850
559
2452
116
2181
2596
612
355
223
2088
1093
2166
2514
1195
2745
2557
2437
1217
1417
2070
1024
1047
1310
2333
2741
2650
1658
2578
1398
1051
1452
1304
2106
2593
1480
1103
595
719
784
172
2468
903
557
2822
1687
2149
2870
368
1561
537
1948
1981
2811
1289
1142
930
371
348
1777
2644
2875
2903
2229
1071
2814
1557
1106
1678
1218
1940
1852
20
666
2186
2732
1937
954
2433
2581
970
837
153
737
228
602
2014
1489
734
859
2746
412
759
94
594
2289
1946
493
2243
483
1716
282
460
2776
765
195
79
2668
1276
421
1792
2329
2515
2041
570
621
1608
2282
2524
761
317
2845
1616
959
1256
344
2031
783
1591
590
2728
335
1351
2124
2569
704
1237
2605
2486
289
2691
2860
1020
1412
2774
596
1671
1380
1864
359
1652
1045
1054
1956
2372
1293
2364
2609
208
1179
1998
1504
1382
699
2807
1663
1432
454
2342
1368
1367
1495
1050
1991
1361
542
2643
1490
1108
1042
592
350
2510
1728
1178
1371
2386
756
99
1016
57
2911
2228
674
871
1041
1568
1132
536
218
2102
1595
278
1326
1299
166
497
190
1453
890
1429
1467
204
50
1390
201
1888
2838
670
546
10
2423
1633
2405
691
1880
24
2719
2763
1712
1145
2672
495
1212
2910
2171
1181
403
513
1814
2837
2893
1065
830
1248
2273
73
34
1909
2431
2262
84
714
678
2175
1385
1628
261
1401
1416
1962
1034
709
2566
1824
416
1626
363
1817
827
705
2527
2653
915
1246
1612
9
2797
2354
2491
2933
1986
1617
1277
962
183
2935
2700
1497
512
365
1344
336
1957
1118
2754
2693
1199
379
715
2905
1136
2882
1113
2913
2522
1785
1538
2419
2858
935
1928
1166
2347
1979
1803
2479
1907
504
1953
1347
382
1025
1947
966
1999
850
255
1816
1700
2052
1994
114
1418
2391
1599
2632
2590
2513
2761
1993
2588
1037
1964
735
1461
2925
1770
2160
2717
848
2664
51
1609
831
823
804
2497
2076
486
456
59
1235
478
2216
370
415
1867
304
1342
2560
746
951
1225
136
2217
576
1932
589
2394
2941
574
1077
2291
2244
572
1827
877
716
77
144
562
2743
2473
2295
2851
2164
1545
1330
2046
1615
307
899
2789
209
2917
187
2322
274
2863
1124
339
1259
673
1983
1172
310
2548
2504
2556
1602
2412
1509
1696
2202
37
586
2233
1098
605
2255
1801
650
1492
917
1153
458
2345
952
2121
26
816
1973
2528
1331
1301
770
943
649
1456
990
1318
2019
80
306
1514
2439
1518
1214
2138
1830
2107
1846
2487
1448
2167
729
1234
1641
395
347
322
2725
481
177
2715
71
1656
1519
1823
1730
2238
2760
2546
687
1044
2267
2080
1651
2153
637
1415
947
1834
206
2344
854
1873
361
362
2305
982
5
648
2448
665
2835
955
450
1701
2938
905
1893
2727
805
290
1829
601
121
1693
2709
2665
725
1662
891
414
976
869
432
690
2476
1402
168
1190
2040
1619
2519
138
200
552
1586
1714
265
2749
2558
480
2855
2872
706
588
35
1640
437
1779
2212
1740
2370
2269
11
1056
104
1141
2600
1275
198
1011
2195
1755
78
1500
394
2619
262
1395
1282
1539
1160
2603
313
72
1913
1631
219
1125
186
485
1988
1070
2144
1447
2799
1670
1072
1604
477
575
2248
1267
2562
1335
1844
2499
932
148
376
1365
358
2029
2363
263
912
1526
1083
1403
157
2706
60
2836
1677
1644
2283
2277
2714
707
1892
1838
2541
1207
1856
2740
639
2597
2247
1499
838
1729
1768
2889
776
1866
1718
662
1272
663
1430
381
2808
1547
979
1486
1290
2387
1683
294
107
2274
1637
2922
1546
2089
1860
898
352
1570
2570
1771
16
1200
134
2506
2098
81
1184
1079
565
2646
1555
1197
547
1444
1906
316
1540
1023
417
980
2132
1762
2004
2038
1449
1596
2671
2108
760
567
2026
1175
66
1885
2060
794
1584
472
433
482
1316
1966
418
900
2332
2178
2920
1176
1639
2802
397
1530
1450
2877
1150
2201
711
2392
1148
1990
2805
1646
2118
1659
231
654
1281
751
660
471
2861
2126
740
1739
1089
425
526
1513
1597
1333
1977
188
2608
179
53
808
1944
1464
2656
1393
1559
627
1457
2530
807
798
849
667
1899
2271
1030
295
1772
2625
272
519
2909
2376
2850
1960
2362
2765
2300
887
237
758
2782
1191
1910
2810
2409
2551
1787
1196
1945
753
2679
795
1967
529
2340
1466
609
2185
633
1291
641
671
1428
2158
2150
2778
1874
1923
2720
115
2834
353
634
738
2313
535
1794
2779
424
1804
1560
1074
2636
1516
2795
2489
2828
343
1826
892
1590
998
2293
422
1627
1949
949
2183
170
2694
440
983
2648
527
2818
1477
1537
2294
2768
591
1791
1363
1325
449
2589
2087
2184
933
2209
1975
42
1647
920
1040
2032
2780
2297
2852
2415
2242
1048
2034
2210
2871
163
2306
1751
1247
931
1706
2654
2062
2177
809
2628
1929
2490
285
2521
2045
1738
1129
918
173
656
1704
2610
708
1912
2708
2623
2750
2660
1789
1338
2571
1958
972
938
2817
1833
242
1358
260
853
2688
2793
1752
1210
1090
303
496
688
2742
2458
1778
2865
1392
842
730
461
1630
202
128
2520
378
1781
2670
1887
2396
2751
937
909
1924
731
996
1747
1243
453
2454
2350
1219
19
40
872
2359
640
2857
301
2940
2537
1695
484
143
1708
2288
1623
803
1648
2716
1550
1230
624
1445
2529
2873
2472
120
1510
598
2674
1933
203
2206
2932
1574
390
2287
1889
1793
1435
2657
2627
1305
1531
2867
52
2351
30
2148
1797
1974
1665
2586
91
744
2382
1931
2912
2747
2503
2809
2501
2137
1001
2559
2213
2316
880
2887
1209
569
2540
1387
406
2617
2093
1283
463
2020
1554
87
585
1213
197
1563
1375
2493
1133
489
2787
2928
1782
1954
726
1329
1614
1278
840
2055
1386
1543
404
1527
2434
2198
2369
2615
587
2343
1493
2028
1607
769
682
2931
2058
2199
2831
989
466
2844
1535
1978
399
1154
2227
631
302
2482
968
1036
234
2013
1573
447
750
149
393
2495
1588
2462
1951
1765
2327
944
2471
469
1859
2649
1987
1465
129
1908
679
2119
2356
713
1211
736
2328
651
934
286
2268
311
2923
1019
1100
1085
2044
2770
240
364
1686
834
2097
922
801
2139
2407
2467
2012
777
330
1533
941
995
1968
2416
2360
2084
1719
1362
340
1721
2054
762
2141
1594
372
2131
1015
1238
817
391
2631
914
1672
793
1419
110
1339
2208
12
1440
1255
2145
1502
1858
1811
693
2634
2196
345
467
465
1239
878
380
293
1796
1757
2134
2939
2624
2794
1861
1790
1922
318
1099
525
2051
2042
579
1053
2576
2303
1073
749
2843
617
2281
997
533
2278
867
220
727
2059
994
1799
1018
4
1039
2002
625
1733
2172
1288
773
329
2427
189
238
142
2821
297
2539
1524
2711
357
886
2841
774
1408
1284
1522
1622
2110
2218
2726
2465
946
835
2346
538
1370
2587
147
2580
2724
1327
2554
411
1832
1476
2096
241
125
1812
677
2092
1581
41
1164
1707
2259
430
543
1611
1433
710
2275
1669
88
1224
1927
1491
491
254
109
216
2753
1692
1713
58
141
2234
161
819
2071
2552
63
2308
17
1698
564
1297
1442
2876
2502
1162
1734
1081
2685
1675
1303
1851
413
1328
2024
1186
1971
668
2453
2385
2862
1642
2099
2250
2734
1086
7
2804
1388
2639
2047
2908
1727
1876
1532
171
249
2894
1348
14
2469
1592
893
2667
1022
2260
1002
2516
1084
1821
1227
857
1895
1028
93
1383
685
2064
2203
2436
1784
1096
1900
199
2786
119
1508
474
2050
563
553
2194
2430
156
1810
642
96
2065
785
1182
2526
2544
1101
205
2466
1091
2245
409
1694
1423
2109
1063
965
2095
180
1624
2403
2389
1384
518
108
2404
1236
1589
2543
1837
1569
43
514
861
1969
2410
2722
669
1163
829
1356
1004
1378
428
1632
522
1542
1177
1926
1831
2079
843
1067
2684
578
1258
1104
1068
448
2231
2926
1
2614
1891
150
1438
1664
2021
2739
516
2375
2265
1774
1128
2518
191
1131
508
2323
1786
1414
124
764
2735
2796
1049
1138
2827
2263
882
1167
227
2538
1359
2532
323
1302
135
2143
2361
1872
894
443
2331
145
215
1911
2579
856
2197
2663
2637
49
2633
534
1668
1818
747
1152
160
1372
2146
320
133
1506
1269
1411
826
1052
2692
1717
1459
122
555
1223
1470
2358
470
2710
1286
532
1764
855
2398
174
2421
1763
1580
1936
896
2848
2878
1679
259
1605
2069
245
1121
2916
1839
1137
2535
2191
396
629
2707
1564
1905
2907
38
2718
2577
2813
1014
1296
248
1681
252
647
1869
1750
1112
243
868
139
2156
1135
137
1035
257
1685
299
106
1976
2094
384
2601
1898
1306
2673
1126
1914
722
1955
2536
615
1250
1577
1231
1985
284
913
2189
176
812
2764
928
2859
457
1660
2120
2620
1458
2696
1815
745
2035
39
2457
664
1903
1222
1894
89
288
383
1653
1732
2676
1220
881
1454
1226
1754
2330
1578
2568
2214
1567
1736
1726
2723
1610
83
1434
398
2063
2687
1807
958
85
2315
820
852
2508
1180
369
1682
1745
701
1261
628
327
1474
2806
1355
2496
2918
2302
939
126
2414
2879
986
2564
1855
111
1582
2798
822
2232
438
2682
2341
2846
468
1088
452
389
1942
940
646
25
2335
2310
2254
960
1819
2284
1244
154
2651
1845
2022
2766
118
2266
622
1366
92
1809
883
1871
2585
1613
1473
742
333
1441
1352
2680
2151
2781
2464
2304
1424
1925
196
974
266
1143
21
1536
2225
102
1021
509
2801
112
870
1155
754
802
1360
346
1263
1970
2182
2705
507
1376
528
2115
523
250
1455
2683
879
1169
1111
1274
217
2036
2165
1114
2824
2919
1773
76
1722
420
2017
1959
833
2701
2832
2847
672
2276
1503
1996
2220
337
492
488
15
630
47
1075
214
1420
1802
1884
356
2567
2309
2336
697
987
2583
426
1323
2317
1657
1343
2230
2399
1168
606
1853
604
1661
1711
2256
1919
2641
251
2240
192
2016
1756
2899
1010
103
503
971
676
2006
2127
2377
2645
2406
2085
2105
635
178
1688
659
374
366
1308
256
1012
1828
2249
490
1934
1690
1055
1353
973
1512
897
1472
1941
936
2235
1961
2470
2320
1529
1572
193
462
1760
2635
1080
743
1917
334
1549
281
2785
2736
1468
1897
616
1116
720
1311
1501
1364
1242
1691
549
653
1206
1939
2393
56
2290
2478
2078
300
1295
2075
1835
431
2748
1157
435
2815
0
1870
811
2000
2853
2555
1189
1881
554
2891
2122
583
2037
675
1715
924
988

