414
969
2615
2761
809
993
1590
2673
2244
2872
2512
2059
926
695
1194
730
819
77
2800
1182
1046
2712
1969
1694
877
950
1998
254
2618
1576
515
1843
1394
2387
2588
2072
2733
741
1067
359
15
40
2308
2241
1695
193
1575
1274
1000
2039
827
377
433
1034
28
2694
774
2855
1745
1784
532
2356
905
510
2225
1273
2908
2279
1285
804
2784
2797
1353
833
2318
2189
832
2319
958
209
503
314
2128
1025
1611
293
2603
22
220
1955
2770
1815
1821
2416
2315
1772
2747
925
215
442
428
376
1521
751
344
738
1801
1052
2665
621
814
2914
878
2032
1916
577
2835
1534
954
2408
2498
71
2884
1085
1536
2679
1900
692
2173
1500
693
2275
2701
1923
1232
1332
1541
1128
394
407
1447
1509
1736
2287
578
753
581
1954
2866
2338
918
897
1367
1316
1133
1937
464
287
326
1629
1912
423
982
1732
411
820
436
1901
1841
2002
485
2018
701
2396
773
805
1804
2274
1443
2078
674
1789
2919
1728
761
2253
548
2933
1621
822
1065
894
1890
171
2282
2137
1213
1485
2931
996
2081
2682
1239
1818
1349
1866
999
1531
2578
2696
849
1306
1819
2149
2216
998
1190
2513
557
1669
2677
1547
1872
935
2511
1210
2894
2563
1579
861
1822
663
2456
409
146
1908
568
1188
1039
1614
1936
2393
282
2106
1787
2248
1250
2500
1338
2475
2644
1429
353
662
920
2124
463
752
2769
1243
799
2223
149
749
62
2370
1457
2794
2172
2418
12
1543
449
188
2531
1427
2432
1475
2472
2158
707
2153
615
2050
2180
181
1920
1248
1800
1775
1986
1867
1094
2489
2602
1592
2036
2219
1022
702
1808
525
779
2515
1454
138
1685
1116
145
2671
1581
2390
2921
1082
1161
1089
429
2648
84
611
490
2434
551
879
882
259
952
1688
593
230
420
1519
1528
985
190
384
2521
2811
2910
462
2012
1719
1246
909
479
1786
2709
1153
217
2631
841
202
169
1069
782
1594
2576
140
2028
2218
2860
739
2928
483
1233
1317
1146
1376
2939
1739
1092
2703
2893
696
2237
1647
1401
1947
2507
2891
1282
324
689
19
1591
2799
513
1501
610
1735
838
891
2843
1585
529
2632
106
2810
1304
2738
168
1497
2480
1687
2782
2136
2574
1876
2048
1904
750
1453
1299
2295
1599
1196
870
2717
916
823
319
1151
303
1344
422
1689
928
2047
2264
1941
504
1605
1177
1978
2589
826
2823
655
1707
2776
89
1554
840
607
352
2716
653
677
50
1959
402
2922
144
2833
563
970
2839
544
2934
713
1674
2001
321
976
1081
2585
306
116
1184
915
2808
1502
20
1379
1542
1217
2788
248
472
967
224
222
567
2182
1342
666
2911
900
90
1366
29
1858
2342
1147
1829
2927
945
1143
1676
2394
2623
25
2795
1697
1096
2664
120
122
1778
1469
2271
929
2789
1619
277
1725
2024
2851
1290
2627
2842
2634
281
104
2309
2268
2463
2040
2174
1906
186
2249
489
1701
2766
597
1104
2539
788
845
2506
1810
934
1445
2845
1488
1070
1893
1228
58
2752
857
2729
786
369
52
1535
335
1733
2897
2817
63
2215
533
2141
351
886
2138
2568
1750
1418
2007
1985
1005
2847
1032
1214
1474
1371
2461
1117
2586
184
498
481
292
1723
1989
676
2438
1966
2102
38
1389
1292
1280
1319
2548
366
2727
1565
1833
2265
205
801
2178
824
1131
2402
221
1570
2135
2849
454
2312
1180
2736
748
800
1716
2238
36
1588
2625
2924
2626
2041
307
143
285
1623
2742
1212
1675
318
2240
1392
1618
2690
2838
2094
2657
1918
1477
92
620
682
2834
260
871
1780
252
1600
2107
2341
1546
2399
1564
2708
2088
1606
2354
1751
1839
1337
1086
1204
1580
35
2367
315
2830
162
2006
1154
2168
1399
4
1931
1172
1743
896
940
1354
1563
1538
67
2255
21
195
1407
1071
2557
813
1643
2236
1083
517
1991
1073
2785
80
480
1238
2561
736
726
1946
2397
2913
972
288
590
2207
2846
1650
680
2751
1018
362
1504
2187
2147
1790
2649
365
2562
2873
1137
1397
2455
668
1854
1529
2528
635
455
2254
2530
448
2258
2707
246
1279
473
789
1227
1209
2217
2321
1440
1825
1374
142
167
757
2347
1495
1166
521
2327
1702
385
452
588
2614
1478
793
1888
1211
2391
7
1577
1603
2651
2526
825
1711
1351
2895
1644
539
1256
2003
514
851
1185
1050
2533
906
1284
1249
1055
1223
1997
740
1795
2212
1844
1539
41
1962
225
2510
536
2612
1287
2257
2502
2590
1902
850
1977
2166
33
1942
1730
2497
2339
1983
924
2793
2739
1523
783
910
1134
2693
1705
378
1754
2328
2757
295
760
100
768
700
2185
495
583
82
484
2734
936
2750
1365
49
2278
645
78
2096
1982
771
922
1234
1560
1574
2647
2352
1053
724
812
1224
2079
298
571
618
2392
456
1995
1162
1416
1205
117
2427
1659
475
2783
1814
688
2452
2203
534
265
2314
1722
718
1242
516
2613
45
419
1748
1924
2051
396
2372
1356
1300
1503
176
482
1387
987
2091
445
2317
444
1943
1028
1396
231
808
1334
1301
1652
253
2292
460
1314
2555
1361
70
2155
1007
2725
1856
1628
524
1832
1442
1431
474
1203
2444
1651
2852
380
2161
2821
1045
1088
2386
629
566
1186
2105
2195
1075
1221
2123
31
1036
1476
1268
1700
1411
1670
1979
2348
270
519
23
1816
1220
1667
2288
2186
2109
2688
541
2403
1136
2098
458
13
848
310
2114
125
1562
772
278
2840
404
2653
133
1862
582
1114
659
2077
1913
975
2034
652
2669
10
2815
440
731
1640
1561
255
888
2806
2405
412
1970
1679
2379
2454
115
1713
2060
2584
1907
931
1919
1152
1437
1706
349
1421
333
2645
2122
1975
1889
2420
1664
1602
1127
496
2900
2167
494
1413
327
399
1805
901
1021
1080
1341
1019
2499
74
2554
1929
1752
1123
1884
656
2373
2038
2064
1793
556
2865
1558
604
2646
914
791
2724
2307
1663
2606
2357
2697
697
1001
617
1589
2371
2685
1403
2019
2743
397
1410
192
2542
1828
2459
1298
944
1251
2706
1199
1940
2680
1613
2000
2856
325
1860
1680
430
2016
2661
2425
2801
1545
1048
1369
450
2132
6
1569
1999
191
322
240
511
634
249
2163
27
1877
994
2876
776
2344
2346
1794
208
1617
2524
968
2374
531
573
1498
2675
1336
14
1948
1415
1756
2228
1595
24
2259
2601
792
2382
1426
1894
2798
957
2082
2478
1398
1391
2125
2728
1110
1364
869
393
165
299
2892
890
672
2190
2672
2778
646
1063
114
1981
96
2065
491
623
2887
1179
1468
585
323
1885
39
1967
1373
746
2171
2430
580
1878
2630
502
1320
2889
0
447
2325
1219
2431
1345
1917
2349
698
2591
2825
1449
2191
1428
1296
1620
2920
290
1197
2057
912
99
694
2670
1132
1571
770
1293
2885
636
2878
75
128
2684
2558
439
1122
2719
2025
1627
2638
1492
837
443
1295
644
234
649
873
466
389
960
1953
778
2862
348
1661
341
2540
2020
734
499
2622
159
1961
2552
1261
1057
2413
79
1649
1333
42
2175
917
2881
651
1922
1377
1456
2906
2791
2304
589
1305
949
2869
1149
1930
535
470
576
965
1448
358
797
153
2426
854
699
1173
2730
2436
2305
1325
1372
1432
650
2045
2202
1824
367
1811
2903
2419
2676
2916
2687
2473
2567
2570
747
251
2302
3
2824
296
2890
2290
2126
1813
2652
1105
9
183
1840
279
239
401
606
386
1845
1974
2421
103
354
553
1446
2641
2850
1608
2152
2042
2015
1869
2148
784
1935
1183
766
1681
867
1797
1662
2879
884
2280
1956
1753
1886
2446
1438
2269
2011
361
210
2449
2909
2704
1265
60
2447
59
105
559
1435
1823
2131
1390
992
565
2010
196
1555
1530
1882
1124
284
1169
1870
1163
1310
1267
2251
2232
732
2049
1972
172
540
545
937
831
1360
2803
594
2340
2395
1582
1015
2322
542
1499
1237
687
1042
1382
1157
213
2732
258
794
709
1027
1422
2144
991
2062
586
2692
1763
981
1014
874
1004
161
1275
817
2442
889
1193
2737
46
1329
434
1095
881
2864
1636
798
1615
2358
875
453
802
2441
418
2686
2763
962
2486
1091
1526
2705
2564
2210
2744
1144
787
1802
2143
2193
759
561
2146
1255
1656
1170
835
134
206
1859
244
2337
1466
1112
2566
2792
844
2583
562
2779
570
2722
1633
2101
330
1425
1762
2874
2643
1409
1980
947
1646
2230
1470
1768
1703
1993
2345
2070
109
2086
218
506
523
1229
574
2871
1294
2912
2266
2483
1990
2832
612
2762
1405
2514
866
1596
154
226
1678
119
216
2637
2377
1012
2224
197
2745
2741
2491
113
207
157
2520
1473
660
765
2301
1693
919
1062
403
47
1013
1665
1138
166
1259
2699
2183
1949
1031
338
1755
465
1861
1260
2544
1525
1434
305
1347
1556
2620
2594
1803
112
2790
2355
2813
1690
87
1788
2221
2285
1297
2276
1201
2759
1515
1868
2204
1003
328
1984
790
1881
1054
685
1271
245
364
2495
2117
1671
1512
1909
2575
1578
2303
2139
438
1107
2527
2467
1026
1452
141
1635
1734
745
930
1549
268
2222
2332
291
2054
1871
2541
2343
223
1436
2005
2326
637
345
2306
1461
241
267
2110
1458
1887
237
665
97
1865
2284
1632
2854
2205
1798
1430
1257
1269
1939
1852
1740
2206
93
124
671
550
257
1323
2504
2476
633
876
2624
1226
2546
388
1286
763
2247
2828
509
185
1462
2720
1513
1465
2904
938
1552
2474
2617
201
1927
2836
2754
1971
139
1522
2074
2829
2289
2159
151
2026
1198
311
1771
549
1343
1712
2451
2460
810
272
356
250
2735
2621
398
721
1195
1911
294
614
830
2508
91
1874
1357
2598
1963
152
1375
1638
1847
1831
441
1773
569
1494
194
1084
1598
57
1072
199
626
989
228
1746
2263
1992
121
1277
686
1721
1704
2805
892
415
2270
2450
446
1601
2831
375
2868
189
2608
2100
643
1597
1765
2004
856
1381
1672
1008
2103
847
1511
2780
2177
512
2844
1783
520
1079
269
1720
286
2899
560
2234
1362
613
1125
1517
1820
263
2596
986
2545
706
948
1181
834
1388
951
2090
2121
2267
2120
102
1516
1002
2488
2877
988
1423
2211
966
2046
1098
297
2116
2214
309
2760
2170
2160
332
1024
2827
1792
2330
320
2150
2027
2056
829
1178
2496
1308
777
2771
2297
203
2083
608
2537
714
1383
2331
1037
373
2246
1899
2198
1566
54
2550
622
932
30
374
942
2547
2814
2604
887
2055
2888
101
601
836
130
81
1830
2902
605
2883
2179
1484
2299
1584
1914
1433
2619
2917
2313
2929
2194
421
379
1848
828
1791
1864
853
1641
2104
2666
2017
86
2165
1108
238
1653
2807
1
858
1637
1544
1244
1764
1142
764
526
355
1487
839
1883
723
803
683
68
2063
2
381
2200
1774
2233
923
1113
18
1759
1370
2918
2422
554
1938
811
83
2411
76
1115
1796
1175
372
1187
742
2368
1363
8
301
2033
1508
852
690
717
1683
1880
599
1451
467
2256
1926
1709
669
1030
2252
1612
2457
2816
2196
2749
1976
148
2353
1281
2468
1666
2415
1331
1673
1479
2142
658
1309
1928
1167
2273
175
1988
2896
2378
842
370
2937
229
1006
1156
1760
2857
2726
2571
1047
675
1879
1060
711
2668
1486
187
592
1412
2635
1817
304
2861
1140
1135
1355
2907
963
500
2448
2551
735
2753
2383
471
2445
1699
179
2683
2781
1657
818
2162
872
2503
2115
1724
2639
435
1921
1252
2428
2501
1809
408
769
2400
2529
468
2329
2767
1944
2364
2080
2492
705
2926
1610
2804
815
339
1359
1964
1891
266
2209
598
1915
2573
1785
2464
383
2261
1987
1350
256
274
990
43
85
2592
564
2410
2470
758
1348
1313
2519
995
1692
2044
670
1322
2479
1100
2565
1419
2113
459
2157
2417
1068
2336
2242
331
2235
518
2283
661
2543
864
2334
2084
2151
1654
1968
2424
862
2572
1444
1441
98
262
2465
336
1011
1892
2220
486
1165
691
2169
264
2593
2199
334
2384
946
959
2388
2184
2130
2640
2376
61
2462
2404
492
1263
1158
2118
347
1875
1139
1849
1264
2250
868
1059
1393
865
1639
2786
1609
2021
2293
1925
1225
2366
2605
2702
537
2031
94
744
390
1303
283
720
2052
2633
1742
417
1352
983
2087
1842
2067
427
1863
108
2156
2659
1189
280
182
1087
156
2941
2662
178
1996
2581
961
174
2111
340
1467
1717
2333
647
1568
1346
978
904
907
716
1236
56
2517
302
2796
1328
859
382
2516
2176
1368
211
2518
781
1231
1960
2714
2523
1729
243
1586
2433
1241
127
1480
1040
2272
2260
2812
2535
289
1851
2076
180
158
2936
2718
729
2068
329
722
2108
1910
2119
2296
2435
461
387
1023
2582
437
1051
2197
2365
684
1853
899
1715
2628
806
1827
2915
955
1218
2538
902
2477
1106
1933
1208
1806
2134
1130
1463
1758
933
317
214
1288
2841
628
1191
638
2660
1120
2385
980
487
110
164
312
1121
2681
1744
1311
1253
2030
426
2029
807
2112
2674
1160
1731
1686
308
72
1747
1682
276
1126
2642
431
2471
2905
1738
727
400
880
493
1895
1846
678
44
679
1276
1873
863
410
219
2536
1812
600
1417
2629
1493
953
95
363
2698
584
2359
32
1278
1058
2490
2389
596
337
2071
2243
1439
1460
522
2239
1400
2580
1254
1402
1339
1245
1192
703
595
1770
2095
911
1164
247
451
51
1807
1455
233
2423
1932
796
147
357
2316
2401
1958
1660
1424
1799
743
2775
927
2069
129
1573
111
2715
1307
1897
1951
2863
2066
1148
1150
2886
1648
2658
405
632
416
1118
2335
1262
2577
1318
1330
997
1035
1952
2579
1289
898
2654
1378
1559
2381
2469
2935
895
710
1761
973
2227
2013
1718
704
1838
1567
1159
1857
1714
371
1291
2940
908
855
1043
275
395
964
2880
630
170
1835
1090
2458
1737
1532
883
350
69
2600
1109
271
780
756
2154
2093
547
603
974
2009
1324
368
1491
160
2740
5
2320
2380
2560
1749
1420
1898
1216
1202
477
2867
2509
2710
391
885
1093
2819
1481
2298
2092
2466
625
342
2406
1626
2569
2286
1020
2870
1283
648
1101
1684
2414
587
627
1583
2848
135
1551
575
977
2875
2231
2043
2711
2597
979
2932
728
123
1625
1029
242
775
2809
2494
2700
1604
816
1726
508
66
602
118
2755
1471
941
1710
903
2145
795
1326
2362
1658
2310
1826
1129
755
2291
1044
1550
2229
1950
1302
1741
34
132
1540
2099
2487
2323
2764
762
1483
2616
1038
2085
2493
1017
1781
1215
1527
2208
155
1200
1834
725
1335
1078
1077
2663
1240
616
1782
1642
2505
1557
2901
2802
177
53
413
1414
527
846
1464
2691
1406
1905
2721
2723
227
2294
1482
2277
673
2053
2201
2058
2925
1266
2409
1272
664
2532
55
1049
2595
1384
1850
1518
2587
163
2695
984
712
2037
640
2826
737
232
1616
821
2363
497
1965
2553
1176
642
2324
2853
631
2768
2859
476
2930
469
37
1155
2607
1145
2656
1896
2822
2774
173
1235
2073
2898
1459
360
1593
212
1041
73
2440
1903
591
478
2097
2089
1386
2361
2375
2765
543
2127
1321
2443
1230
1766
2429
2022
1548
1171
16
1668
654
343
2023
1066
1395
2453
1510
2300
2678
2281
2522
1141
1380
785
2360
1691
1489
1327
546
2484
432
236
150
1111
64
1836
1514
2611
609
2481
507
1645
505
1837
1505
1472
538
126
1934
530
1102
1779
300
1174
2061
2818
457
2351
2731
131
1009
1168
1315
1777
939
1631
1056
1537
1312
657
1655
2636
893
2482
346
921
619
681
2773
2485
1064
2667
1358
2599
2923
2525
943
2858
2437
1496
1698
2192
719
2938
555
1630
424
406
2412
971
198
552
1074
1258
1222
956
2549
392
1776
2746
1945
1973
2075
2609
2655
107
488
2014
708
1247
1533
17
2262
2650
1727
754
1769
1622
2689
235
1033
2748
1016
1677
136
1587
1490
313
2559
2556
1408
48
1119
913
1506
1572
1450
2035
204
1270
2610
2188
843
2398
2164
667
641
1076
2140
860
137
2758
2350
1206
2787
26
316
2181
1099
1207
1994
1385
273
1757
2213
2882
425
1061
1010
2534
11
88
1340
639
1103
2772
2820
1708
2837
572
2439
1404
2777
1855
1624
2311
2008
1553
65
261
1524
2129
2756
200
2226
1507
715
767
1767
624
501
1520
1607
2407
2713
1097
733
579
1696
2133
1634
2369
1957
2245
558
528

