1 1
2 0
3 1
4 0
5 0
6 1
7 0
8 0
9 0
10 0
11 1
12 0
13 1
14 1
15 0
16 1
17 1
18 1
19 1
20 0
21 1
22 0
23 0
24 1
25 1
26 0
27 0
28 0
29 1
30 0
31 0
32 1
33 0
34 1
35 1
36 1
37 0
38 1
39 1
40 0
41 1
42 0
43 1
44 1
45 0
46 1
47 1
48 0
52 1
53 0
54 1
55 1
56 0
57 1
58 0
59 0
60 1
61 0
62 0
63 1
64 0
65 1
66 0
67 0
68 0
69 1
70 0
71 1
72 1
73 0
74 1
75 0
76 0
77 0
78 1
79 1
80 1
81 0
82 1
83 1
84 1
85 0
86 1
87 1
88 0
89 1
90 1
91 0
92 0
93 0
94 0
95 1
96 0
97 0
98 1
99 0
100 1
101 0
102 1
103 1
104 0
105 1
106 1
107 0
108 0
109 1
110 1
111 0
112 1
113 1
114 0
115 1
116 0
117 0
118 1
119 1
120 0
121 0
122 0
125 0
126 1
127 0
128 1
129 0
130 1
131 0
132 0
133 1
134 1
135 1
136 1
137 0
138 1
139 0
140 0
141 0
142 1
143 0
144 1
145 0
146 1
147 0
148 1
149 1
150 0
151 1
152 1
153 1
154 1
155 0
156 0
157 0
158 0
159 0
160 1
161 0
162 0
163 0
164 1
165 0
166 1
167 1
168 0
169 0
170 0
171 1
172 0
173 1
174 1
175 1
176 0
177 0
178 0
179 1
180 0
181 0
182 0
183 1
184 0
185 1
186 1
187 0
188 1
189 1
190 1
191 0
192 1
193 1
194 0
195 0
196 1
197 0
198 0
199 0
200 1
201 1
202 0
203 1
204 0
205 1
206 0
207 1
208 1
209 0
210 1
211 0
212 0
213 0
214 1
215 1
216 1
217 0
218 0
219 1
220 0
221 1
222 0
223 0
224 0
225 1
226 1
227 0
228 1
229 0
230 1
231 0
232 1
233 0
234 0
235 1
236 1
237 0
238 0
239 1
240 0
241 0
242 1
243 0
244 1
245 0
246 0
247 1
248 1
249 1
250 0
251 1
252 0
253 0
254 1
255 0
256 0
257 1
258 0
259 1
260 1
261 1
262 1
263 0
264 1
265 1
266 1
267 0
268 1
269 1
270 1
271 0
272 1
273 1
274 1
275 1
276 0
277 1
278 0
279 1
280 1
281 1
282 0
283 1
284 0
285 0
286 0
287 1
288 0
289 1
290 1
291 1
292 0
293 1
294 0
295 0
296 0
297 1
298 0
299 1
300 1
301 0
302 1
303 1
304 1
305 0
306 1
307 1
308 1
309 0
310 1
311 1
312 0
313 0
314 1
315 0
316 1
317 0
318 0
319 1
320 0
321 1
322 0
323 1
324 1
325 1
326 1
327 1
328 0
329 1
332 1
333 0
334 1
335 0
336 1
337 1
338 1
339 0
340 0
341 1
342 0
343 0
344 1
345 0
346 0
347 0
348 0
349 1
350 1
351 0
352 1
353 1
354 0
355 1
356 0
357 0
358 0
359 0
360 0
361 1
362 0
363 1
364 1
365 0
366 1
367 1
368 0
369 1
370 0
371 0
372 1
373 0
374 0
375 1
376 0
377 1
378 1
379 1
380 0
381 0
382 1
383 0
384 0
385 1
386 0
387 0
388 1
389 0
390 1
391 1
392 0
393 0
394 0
395 0
396 1
397 0
398 1
399 0
400 0
401 0
402 0
403 1
404 0
405 1
406 1
407 1
408 0
409 1
410 0
411 0
412 0
413 0
414 0
415 1
416 1
417 0
418 1
419 1
420 1
421 0
422 1
423 0
424 0
425 0
426 1
427 0
428 1
429 1
430 1
431 0
432 1
433 0
434 0
435 0
436 1
437 1
438 0
439 0
440 1
441 1
442 0
443 1
444 1
445 1
446 0
447 1
448 1
449 1
450 0
451 1
452 1
453 0
454 0
455 1
456 1
457 1
458 0
459 0
460 0
461 0
462 1
463 0
464 1
465 0
466 0
467 0
468 0
469 1
470 0
471 1
472 1
473 0
474 1
475 0
476 1
477 0
478 1
479 1
480 0
481 1
482 0
483 1
484 0
485 0
486 1
487 1
488 1
489 0
490 1
491 0
492 1
493 1
494 1
495 0
496 0
497 1
498 1
499 0
500 0
501 1
502 1
503 0
504 0
505 1
506 1
507 1
508 1
509 1
510 0
511 1
512 1
513 0
514 0
515 0
516 0
517 0
518 0
519 0
520 0
521 1
522 0
523 0
524 0
525 1
526 0
527 1
528 1
529 1
530 1
531 0
532 1
533 1
534 0
535 1
536 1
537 1
538 1
539 0
540 1
541 0
542 0
543 0
544 1
545 0
546 0
547 0
548 0
549 1
550 0
551 0
552 0
553 0
554 0
555 0
556 0
557 0
558 1
559 0
560 0
561 0
562 0
563 1
564 0
565 0
566 0
567 1
568 1
569 1
570 0
571 0
572 1
573 0
574 0
575 0
576 1
577 0
578 0
579 0
580 1
581 0
582 1
583 0
584 1
585 1
586 1
587 0
588 0
589 0
590 1
591 0
592 0
593 1
594 1
595 1
596 0
597 1
598 0
599 0
600 0
601 0
602 0
603 1
604 0
605 1
606 1
607 0
608 1
609 1
610 0
611 0
612 0
613 1
614 0
615 1
616 1
617 1
618 1
619 0
620 0
621 1
622 0
623 0
624 0
625 0
626 1
627 0
628 1
629 1
630 1
631 0
632 1
633 0
634 0
635 1
636 0
637 1
638 1
639 0
640 1
641 1
642 0
643 1
644 1
645 1
646 0
647 1
648 0
649 1
650 1
651 0
652 0
653 1
654 0
655 0
656 1
657 0
658 0
659 1
660 0
661 1
662 1
663 0
664 0
665 1
666 0
667 0
668 0
669 0
670 0
671 1
672 0
673 1
674 0
675 1
676 1
677 0
678 1
679 0
680 0
681 1
682 0
683 0
684 0
685 0
686 0
687 1
688 0
689 0
690 0
691 1
692 0
693 0
694 0
695 0
696 0
697 1
698 0
699 0
700 1
701 1
702 0
703 1
704 1
705 1
706 0
707 0
708 0
709 1
710 1
711 0
712 0
713 1
714 1
715 0
716 0
717 1
718 0
719 1
720 0
721 0
722 0
723 0
724 0
725 1
726 0
727 0
728 0
729 1
730 0
731 0
732 1
733 1
734 0
735 0
736 1
737 0
738 0
739 1
740 0
741 0
742 0
743 1
744 0
745 0
746 0
747 1
748 0
749 0
750 0
751 1
752 0
753 0
754 0
755 1
756 0
757 0
758 1
759 0
760 1
761 0
762 0
763 0
764 0
765 1
766 0
767 1
768 1
769 0
770 0
771 0
772 0
773 0
774 0
775 0
776 0
777 0
778 0
779 1
780 0
781 0
782 1
783 1
784 0
785 1
786 0
787 1
788 1
789 0
790 0
791 0
792 0
793 1
794 1
795 0
796 1
797 0
798 0
799 0
800 0
801 0
802 0
803 1
804 0
805 0
806 0
807 1
808 0
809 0
810 0
811 0
812 0
813 0
814 1
815 0
816 0
817 0
818 1
819 0
820 0
821 0
822 1
823 0
824 0
825 1
826 0
827 0
828 0
829 0
830 0
831 0
832 0
833 1
834 1
835 1
836 0
837 1
838 0
839 1
840 0
841 1
842 0
843 1
844 0
845 1
846 1
847 0
848 1
849 1
850 0
851 0
852 0
853 0
854 0
855 1
856 0
857 0
858 1
859 0
860 0
861 0
862 1
863 0
864 0
865 1
866 1
867 1
868 1
869 0
870 0
871 0
872 0
873 1
874 0
875 0
876 1
877 0
878 0
879 0
880 1
881 0
882 0
883 0
884 1
885 1
886 1
887 0
888 1
889 0
890 0
891 1
892 0
893 0
894 0
895 0
896 1
897 1
898 0
899 0
900 1
901 1
902 0
903 1
904 0
905 1
906 0
907 1
908 1
909 0
910 0
911 1
912 0
913 0
914 0
915 0
916 1
917 1
918 0
919 0
920 0
921 0
922 0
923 1
924 0
925 0
926 0
927 1
928 1
929 0
930 0
931 0
932 1
933 1
934 0
935 1
936 1
937 0
938 1
939 0
940 0
941 0
942 1
943 0
944 1
945 0
946 0
947 1
948 0
949 1
950 1
951 0
952 1
953 0
954 1
955 1
956 0
957 1
958 1
959 0
960 0
961 0
962 1
963 0
964 0
965 0
966 1
967 0
968 0
969 0
970 0
971 0
972 1
973 1
974 0
975 0
976 0
977 1
978 1
979 0
980 0
981 0
982 0
983 1
984 0
985 0
986 0
987 0
988 0
989 0
990 0
991 1
992 0
993 0
994 0
995 1
996 0
997 1
998 1
999 0
1000 0
1001 1
1002 1
1003 0
1004 0
1005 0
1006 0
1007 0
1008 0
1009 0
1010 0
1011 0
1012 1
1013 0
1014 1
1015 0
1016 0
1017 1
1018 0
1019 0
1020 0
1021 0
1022 1
1023 1
1024 0
1025 0
1026 0
1027 1
1028 0
1029 0
1030 0
1031 1
1032 0
1033 0
1034 0
1035 1
1036 0
1037 1
1038 1
1039 0
1040 1
1041 1
1042 0
1043 0
1044 1
1045 0
1046 0
1047 1
1048 1
1049 0
1050 1
1051 0
1052 0
1053 1
1054 0
1055 0
1056 0
1057 1
1058 0
1059 0
1060 0
1061 0
1062 1
1063 0
1064 1
1065 1
1066 1
1067 1
1068 0
1069 0
1070 1
1071 0
1072 0
1073 1
1074 1
1075 1
1076 0
1077 1
1078 1
1079 1
1080 0
1081 1
1082 0
1083 0
1084 1
1085 0
1086 0
1087 0
1088 1
1089 1
1090 1
1091 0
1092 1
1093 0
1094 0
1095 0
1096 1
1097 0
1098 1
1099 0
1100 0
1101 0
1102 0
1103 1
1104 0
1105 1
1106 1
1107 1
1108 1
1109 0
1110 0
1111 1
1112 0
1113 1
1114 1
1115 0
1116 0
1117 0
1118 0
1119 0
1120 0
1121 1
1122 0
1123 1
1124 0
1125 0
1126 1
1127 1
1128 0
1129 1
1130 0
1131 0
1132 0
1133 0
1134 1
1135 1
1136 0
1137 0
1138 1
1139 0
1140 0
1141 0
1142 0
1143 0
1144 0
1145 0
1146 0
1147 0
1148 0
1149 0
1150 1
1151 0
1152 1
1153 1
1154 0
1155 1
1156 1
1157 1
1158 0
1159 0
1160 1
1161 1
1162 1
1163 0
1164 1
1165 0
1166 1
1167 1
1168 1
1169 0
1170 0
1171 0
1172 0
1173 1
1174 1
1175 0
1176 0
1177 1
1178 1
1179 0
1180 0
1181 0
1182 1
1183 1
1184 1
1185 1
1186 0
1187 0
1188 0
1189 1
1190 0
1191 0
1192 0
1193 1
1194 1
1195 0
1196 1
1197 1
1198 0
1199 0
1200 1
1201 0
1202 0
1203 0
1204 1
1205 0
1206 0
1207 0
1208 0
1209 0
1210 1
1211 0
1212 0
1213 0
1214 1
1215 1
1216 0
1217 1
1218 0
1219 0
1220 0
1221 1
1222 1
1223 1
1224 0
1225 0
1226 1
1227 0
1228 1
1229 0
1230 0
1231 1
1232 1
1233 0
1234 0
1235 1
1236 1
1237 0
1238 0
1239 0
1240 1
1241 1
1242 1
1243 1
1244 1
1245 0
1246 0
1247 0
1248 0
1249 1
1250 1
1251 0
1252 1
1253 1
1254 1
1255 0
1256 0
1257 0
1258 1
1259 1
1260 1
1261 0
1262 1
1263 1
1264 1
1265 1
1266 0
1267 0
1268 0
1269 0
1270 0
1271 1
1272 1
1273 1
1274 0
1275 0
1276 1
1277 1
1278 0
1279 0
1280 0
1281 1
1282 1
1283 1
1284 0
1285 0
1286 1
1287 0
1288 0
1289 1
1290 1
1291 0
1292 1
1293 1
1294 0
1295 0
1296 1
1297 1
1298 0
1299 1
1300 0
1301 0
1302 0
1303 1
1304 0
1305 1
1306 0
1307 1
1308 0
1309 1
1310 0
1311 0
1312 0
1313 1
1314 0
1315 0
1316 0
1317 1
1318 0
1319 1
1320 0
1321 0
1322 1
1323 0
1324 0
1325 1
1326 0
1327 1
1328 0
1329 0
1330 1
1331 0
1332 0
1333 0
1334 1
1335 1
1336 1
1337 0
1338 0
1339 1
1340 1
1341 0
1342 0
1343 0
1344 1
1345 1
1346 0
1347 0
1348 0
1349 0
1350 1
1351 0
1352 0
1353 1
1354 1
1355 0
1356 0
1357 1
1358 1
1359 0
1360 0
1361 0
1362 1
1363 0
1364 0
1365 1
1366 0
1367 0
1368 1
1369 1
1370 0
1371 1
1372 0
1373 0
1374 1
1375 0
1376 0
1377 0
1378 1
1379 0
1380 0
1381 1
1382 0
1383 0
1384 1
1385 1
1386 0
1387 0
1388 0
1389 0
1390 0
1391 0
1392 1
1393 1
1394 1
1395 0
1396 1
1397 1
1398 0
1399 0
1400 1
1401 0
1402 0
1403 1
1404 0
1405 0
1406 0
1407 1
1408 1
1409 0
1410 0
1411 1
1412 1
1413 1
1414 1
1415 1
1416 1
1417 0
1418 0
1419 0
1420 0
1421 0
1422 0
1423 1
1424 0
1425 0
1426 0
1427 1
1428 1
1429 0
1430 1
1431 1
1432 1
1433 0
1434 1
1435 0
1436 1
1437 1
1438 0
1439 0
1440 1
1441 1
1442 0
1443 1
1444 1
1445 1
1446 0
1447 1
1448 0
1449 0
1450 1
1451 1
1452 0
1453 1
1454 1
1455 0
1456 0
1457 0
1458 1
1459 1
1460 1
1461 0
1462 1
1463 0
1464 1
1465 1
1466 1
1467 1
1468 1
1469 0
1470 0
1471 1
