1314
663
1618
1736
2168
1454
2086
1777
226
840
2667
1872
1524
1022
2684
2645
2424
703
404
395
482
1683
1489
1796
276
2085
674
1056
1260
164
814
1988
1359
1466
1903
1819
154
2920
2613
334
2276
2012
2460
2383
847
1936
2134
556
1746
1982
2240
2135
1750
1301
137
2064
1501
1994
753
2167
1209
972
2294
1654
1406
2026
787
1420
347
2497
2745
2492
1366
1631
865
1401
2397
2459
2597
1389
838
2541
2758
317
2328
414
1094
1896
148
2685
1898
1319
2392
2508
761
2761
321
1419
693
1802
579
2602
413
2732
1616
2748
2343
2075
1892
2764
651
2599
1411
2288
2068
1008
1856
2769
1176
2139
777
644
135
553
2830
1634
569
1665
2840
79
1182
2478
255
322
974
611
2084
1308
493
2163
487
160
325
2371
1565
1910
2046
2449
2252
593
1202
301
437
346
1020
2419
461
1975
577
2760
2341
749
2673
2714
2115
257
823
274
2846
1247
1106
65
1388
1338
1735
582
853
2267
988
492
172
1948
158
2638
1038
423
2277
720
1568
2458
2305
780
2852
2053
214
1078
1110
449
2563
1870
21
2087
975
2689
846
2140
2308
2365
499
25
386
863
906
266
624
1350
2323
1657
1009
576
2156
948
2608
829
517
871
1061
1549
1179
462
1382
2681
2614
1025
1400
1404
2581
41
1859
2010
2128
826
2406
1902
880
1242
1114
2386
2169
2740
2868
668
1464
2519
2622
2211
2321
595
2079
355
2837
2335
122
19
2647
2246
1007
1423
2517
2568
1285
1613
1015
2820
969
861
117
1510
234
827
561
1658
1354
1469
2525
920
316
1667
557
1173
1949
1232
1399
1186
131
1442
2078
1049
1183
1458
547
700
2878
897
842
888
293
1362
84
1839
2387
2781
2107
2148
2498
2238
993
1509
1052
1505
1755
1449
1543
273
2793
441
2047
1415
1964
397
384
1450
1073
1067
2723
978
564
350
1907
2142
1488
2300
367
49
409
95
737
1153
2158
2709
283
2192
594
512
1069
1580
949
702
87
42
754
213
2400
2296
950
1418
174
192
2481
1216
797
2125
2059
730
223
2011
2662
76
2062
1542
439
552
2687
794
2808
2821
697
1416
1582
1715
1917
758
2663
2674
2170
1144
1743
1344
470
2741
1197
416
2607
2499
1989
2546
356
24
2000
1899
380
2153
1607
1956
262
1544
1361
1927
2542
1193
1205
2131
2660
1283
2375
2869
2697
812
15
464
1342
1969
2368
390
677
1730
256
2530
1887
398
635
2382
217
1741
940
1296
2133
2446
2285
2849
2385
1808
862
786
639
563
2346
445
2891
488
987
2061
1535
144
2194
2407
1572
751
1204
2653
2314
1829
2649
294
181
1721
495
2705
850
2307
2014
2283
97
2925
2491
1331
892
489
2817
706
858
2833
1252
1977
1325
619
1705
2281
265
2770
2771
1330
1143
1700
740
2358
1317
527
738
1180
2845
1220
2201
112
1570
1217
1997
1723
1521
1137
2700
985
1434
1586
2535
2639
1129
1756
2855
1528
23
2706
841
2251
222
1070
1507
2558
2454
1630
376
435
2537
680
1832
229
655
1133
1696
1728
2391
2253
896
2534
930
1996
1959
2083
1656
2521
391
2527
153
2580
1913
2409
1245
2737
2553
1289
736
1476
2881
998
1860
2736
1897
1125
2787
300
1101
1685
1032
1323
1626
1980
551
315
898
2105
650
69
27
2347
2444
1422
5
2937
1451
1533
1758
2025
558
600
2132
953
1030
2824
417
1955
1031
1142
331
465
1004
2179
2106
571
1360
431
555
2223
1393
1172
1571
1226
1443
2020
1463
2636
1239
2004
2583
1280
2298
1196
933
1055
1192
1047
1494
2326
2429
1436
458
277
608
2908
1775
1862
2856
2272
2593
1402
533
37
805
1355
1776
411
2247
1972
1146
2712
911
2312
905
2095
2404
1100
2854
621
2559
348
1762
1564
1648
2380
525
1472
505
2726
1849
1632
2555
2041
1123
1063
832
1391
59
468
1334
2861
960
2408
1175
2670
2415
1340
917
2730
1012
1883
968
2644
304
481
1911
2071
318
2275
1974
1615
2465
50
1893
258
1118
2683
2388
922
68
503
825
2595
372
743
1212
179
250
424
2112
1772
2320
2401
1557
2282
1915
2292
2536
2389
456
893
729
96
52
1490
1684
2847
410
2428
1848
2894
2013
1339
574
951
752
1938
1286
1397
201
1559
242
2905
287
145
1302
184
1594
1306
2776
518
491
2733
1447
1084
2814
900
520
2363
2166
851
790
2738
1099
2503
1923
1181
2858
1676
471
2792
774
997
1027
712
2757
1555
1947
1573
319
2471
2489
2688
2669
1953
195
1516
2679
1970
1678
2702
2331
2624
1460
1120
2872
1468
1050
937
198
2690
894
2909
370
332
1958
1773
887
2567
2505
1962
1703
1643
1928
1534
1900
2634
264
1107
2483
1304
1121
2399
1444
2422
2899
1261
1625
246
748
46
2585
882
2384
784
516
687
221
162
1219
2019
1332
2054
2215
2907
1732
2278
1154
168
723
2364
1868
2710
2456
1906
599
2629
1188
2648
165
2235
2877
415
1691
1267
2784
2120
2332
2237
2108
236
2080
2656
1692
1502
545
1986
427
1376
353
1491
2591
2034
538
2255
2566
2304
83
2301
1262
1577
215
1553
2007
1257
1587
2704
2205
2633
1880
1605
891
1787
524
1249
2049
2149
278
2577
2342
244
1960
1307
1918
284
1652
2420
2643
0
1167
1322
1817
760
104
429
1151
908
686
2616
1210
1430
1085
1294
2904
290
689
1890
943
1686
375
2462
433
92
885
1724
1614
852
2092
1840
421
1480
2918
1266
2532
528
2618
343
1109
43
106
641
1668
1043
2699
1729
671
1228
2813
2354
2831
789
2051
867
2576
1649
1617
2651
111
1174
2677
2933
1529
2775
1396
62
7
189
190
2070
116
89
2902
1940
2658
1291
1788
2219
2625
1116
18
1281
926
562
2890
2249
366
45
755
418
1761
1941
2827
440
2122
591
2828
157
2598
2373
359
412
1320
1104
2819
171
2395
1943
764
2457
1720
2600
1292
2928
407
1718
2243
1034
1603
1826
120
2490
2529
2640
1850
1627
2884
1608
2734
443
399
228
2027
1071
1757
2188
992
241
2923
2791
2157
2826
771
529
2803
1477
152
342
1701
1384
2623
2033
1518
2773
1585
297
2317
2024
672
2057
28
155
339
1569
864
653
1021
878
330
540
2767
537
452
218
509
2569
2361
466
2587
1385
268
2528
2393
947
793
522
2910
904
625
923
497
420
744
1459
186
2286
194
1024
1412
2800
1583
1098
1198
1127
496
490
916
613
859
357
629
2325
931
1674
1513
2162
610
1271
1877
2185
682
711
835
2152
2921
1002
1790
1417
311
12
507
1912
2510
434
1145
1303
494
146
1641
1256
1610
2076
473
1511
735
1905
2562
715
1425
2804
1082
98
22
1651
833
1013
1083
126
766
854
2844
724
1987
659
1003
1734
472
338
2410
459
1879
1357
1765
1235
2626
2487
1984
1504
1265
1782
1426
2698
4
239
2785
2466
2892
377
1006
2141
597
2463
2353
2556
139
1282
1329
2009
704
2324
442
2862
2203
1111
2357
1010
584
2627
1254
542
560
596
60
80
848
550
646
776
1749
2655
1673
2806
731
2729
626
628
1847
1486
2659
205
654
1946
1375
721
81
310
630
163
156
208
178
508
554
559
1884
1035
1663
2547
983
1818
2093
914
698
2348
1213
1199
1854
1335
314
692
868
2786
1029
1236
1313
1602
149
477
2500
2851
1875
691
531
57
1881
1378
962
101
44
100
1251
1694
1644
1858
2103
1250
1246
2091
425
539
2181
2056
2543
2495
64
2316
231
1791
2938
801
2028
1190
1270
1933
1985
2611
2352
438
39
1356
1166
2295
444
34
2661
971
1093
2287
2178
1345
2176
2118
836
2652
2720
1435
722
2138
2023
2467
1655
1653
1159
1051
1222
932
2263
2789
976
2081
1372
2160
1820
1284
2207
2482
1115
161
2488
2442
1921
383
2279
2284
253
2177
1606
1408
1821
2496
469
211
2754
16
1628
326
307
2257
1365
450
457
336
958
351
352
2788
1479
2914
1672
2154
1036
1876
2065
93
396
2374
925
2418
2052
298
485
901
1457
2349
1243
1506
1784
1207
2452
2589
1011
570
1324
2130
374
2123
2322
810
1297
614
839
612
1785
1574
2713
2774
1708
232
1424
2630
1371
2147
2394
1792
2513
1945
1097
713
2507
860
177
954
1767
1076
133
1675
1833
1351
2883
945
2006
2077
2038
1081
1309
1279
984
327
2538
2351
2218
818
2440
292
2082
2228
1377
1364
2601
1275
1710
1993
670
2753
2355
1846
2369
601
1448
1379
134
188
2885
227
3
1804
1867
967
2829
934
1409
212
1126
1844
1695
1312
824
656
899
2672
476
159
2262
756
1090
1046
1452
514
1922
1287
1712
1733
53
1316
759
2268
381
1211
2520
1512
55
685
1873
633
2174
1495
1995
2225
1177
2430
2799
498
281
1541
1135
2359
2333
1963
1752
2719
884
124
2866
620
267
623
2571
927
2755
1670
1438
1780
634
387
773
2476
719
305
1131
2715
2017
1961
1048
2234
1725
1178
2227
779
368
548
2722
2922
2372
2143
2042
2137
1508
1812
2008
2798
6
2711
2370
2189
511
2334
2280
2759
2540
2003
1139
2099
10
762
1161
2208
1754
1838
2100
2360
2230
90
1102
638
2213
388
1237
2313
1321
2477
130
2506
2790
660
29
2437
1041
2926
886
1208
1562
486
2124
2366
982
1066
681
2871
2451
389
991
1483
1273
2411
763
363
2306
2058
2545
1979
952
2311
1622
2765
20
843
1836
2439
2377
196
2701
2708
2338
1274
405
2637
1885
2405
1579
1642
1410
1042
1604
2362
746
2504
2727
2911
1191
2254
519
2390
245
2191
1040
2676
263
2
2696
782
817
2797
1863
1827
768
669
1763
664
35
216
2552
1433
2104
1924
2250
82
1156
1328
328
2039
802
2470
2818
808
259
781
1392
454
819
1014
769
1768
240
73
1079
2414
1878
705
2811
1532
2445
484
816
1798
572
1593
910
1939
2635
141
1080
2686
2074
2882
657
1871
684
994
209
2875
2441
2448
2222
1713
220
1499
2879
176
549
1185
2339
961
1886
206
632
248
590
811
2739
2101
426
2264
589
2117
2259
1026
2431
944
269
658
2073
207
1894
2939
2266
622
876
696
1456
1233
955
2413
2794
2550
546
1253
605
1998
2621
2127
1843
1957
618
1318
1842
1095
2575
1075
996
2220
575
2121
1781
1990
2472
91
136
1874
970
1347
1590
1973
309
1091
94
778
2838
2402
732
61
31
977
890
1779
1578
1864
302
1698
303
2187
2596
2570
1119
1117
1147
2136
1263
912
1514
1991
765
2468
2747
2927
2802
2494
2893
2512
2780
1481
1891
2514
103
1394
1492
1498
1825
2901
607
1722
1471
237
2035
2475
2172
182
2088
1461
2895
2114
2378
536
1908
2795
225
2293
1523
108
2515
2224
1647
1800
2155
675
964
2584
1155
2005
1745
378
2565
1598
1539
1054
2810
306
1865
1588
99
1882
1497
935
2590
63
510
695
1484
1738
107
344
2417
1455
2229
709
598
2691
1152
879
2412
2557
1473
2931
739
1224
831
1337
2271
565
815
592
1134
67
1353
1000
1112
1709
1855
615
1677
909
474
1311
379
1597
1944
8
455
364
504
903
1916
2248
1169
2836
1978
2935
1065
1679
428
2021
197
2217
2173
604
1258
1437
2841
1140
86
602
2469
1059
526
830
77
1310
2693
128
2473
803
1731
1
2356
583
2310
2245
942
1432
2533
2859
1407
1023
2102
1221
78
2857
2579
2815
1045
502
2744
800
1951
1298
1525
2850
637
2001
2195
1747
2551
233
580
1786
1635
2917
2564
523
2612
870
1815
2586
2350
436
2089
640
1645
1001
1600
2202
1809
2880
530
2605
1136
289
1834
1244
2433
2617
1538
1774
2423
1370
1203
1841
1540
710
2474
1619
1811
333
2502
2889
1374
2632
14
567
1373
2801
1346
9
2778
1778
345
883
2241
1440
271
501
2069
1327
1704
699
1053
2119
2805
340
2209
2175
1537
587
129
166
1714
2718
2725
2256
965
2671
2501
2573
1482
1901
419
320
1018
1599
1639
1914
676
329
788
2330
2111
857
1201
1861
1158
313
1367
1966
2063
2273
1248
58
2072
1609
2193
2231
2628
288
1037
741
365
183
2554
1315
2190
252
2574
1931
151
1558
2924
66
102
187
185
349
718
2016
2226
995
1976
140
1748
701
938
2898
2913
734
1751
643
1149
2594
2044
2731
1659
1909
403
337
2812
585
792
85
2668
544
1795
2146
1189
708
1453
1168
1967
728
1336
1719
478
767
285
2750
448
2145
1637
2030
2888
54
2509
2751
873
2523
1028
2766
1005
2606
392
1799
2204
2724
1633
2834
2549
1044
1769
2453
1405
1801
573
2381
2479
1968
1794
2239
2886
2561
1527
795
1264
1930
1803
1428
1305
1395
627
2782
406
1689
203
2486
1806
2728
2768
2631
1333
2678
191
2900
1937
312
2620
1837
1072
2615
2165
2002
1551
855
2040
2572
1824
1218
921
167
1485
568
609
1671
2421
1546
2210
2906
1163
1828
716
373
1888
1493
1278
2315
2756
2588
324
2182
2184
929
807
1170
1682
1421
254
1576
1697
1068
1646
180
688
941
169
2526
323
798
1566
1983
1380
726
1160
725
2434
2180
2650
1241
13
110
2929
1556
2692
1552
175
2144
1889
249
2302
1965
1427
2443
1288
2874
2707
2455
966
2186
1536
856
127
1950
402
936
2183
2485
238
2825
588
1770
1387
1797
1759
2436
2772
837
799
2094
2043
1783
2578
173
56
875
2742
2682
2216
2126
2941
2604
631
483
1369
295
2654
1805
1530
679
844
1487
1636
335
1171
1766
1560
1223
2835
652
2779
1680
2610
479
1293
796
2876
1561
2822
2843
1869
2848
2233
32
275
1290
1711
2664
446
1981
919
785
809
1640
1277
1596
2242
1060
382
1390
2544
979
2274
2749
88
132
1326
1016
1240
2303
2641
1851
1810
1620
2036
2548
2912
1816
371
872
247
2199
1215
2416
821
2151
280
114
2206
71
791
1584
1057
463
2221
142
541
1830
1822
361
1660
566
1624
1522
1857
2236
453
1086
1064
1128
500
673
1515
1693
1638
1662
1255
1088
170
299
986
1925
1793
1554
928
1386
714
889
2159
1664
1666
2432
1187
360
1739
2919
272
694
2037
1231
200
770
47
1141
2403
447
121
467
1200
1039
1727
956
2915
2524
707
2066
750
616
2260
1368
1122
913
2746
1446
2097
2464
2853
1470
1276
1760
1230
1845
2870
1103
586
957
354
645
881
2018
2319
1299
2299
1789
251
2197
959
2055
1517
2807
2539
1904
532
193
1681
521
2379
2150
70
1581
1952
1087
2582
2067
118
1548
2291
296
1300
665
834
2450
2244
422
2657
662
1164
2269
1413
2447
2212
2200
2337
1742
1699
2309
2522
1439
105
1092
678
2427
1441
1162
1124
2340
33
1478
667
1503
2873
506
150
1831
939
2531
1591
2480
918
2665
747
2703
1999
515
2161
1227
1567
1823
1550
2398
362
2396
1341
1358
260
1852
581
783
1807
642
1895
1062
2110
2232
2695
341
1352
1935
2484
1932
2796
2839
1349
2832
2752
2164
2129
2867
1398
2113
1919
1813
2903
1744
2022
1381
999
1954
123
2270
2327
1706
1403
1414
1096
36
603
2675
1814
1992
1195
2318
119
1690
2646
1592
2864
989
1058
1074
877
219
270
1926
224
1547
243
286
2116
683
199
775
745
125
1431
1853
2842
820
17
543
74
210
1688
2096
2694
2290
2897
115
2560
757
895
2603
1150
2438
1445
432
2863
849
648
1194
72
38
1108
202
1669
2930
649
138
661
1019
1612
430
2425
204
907
1737
535
40
2048
1017
2721
230
980
1033
113
1623
2518
1621
1589
2860
2060
2666
1077
143
460
1717
1130
1429
1702
1259
480
1225
2516
1971
2932
1272
2809
813
369
717
109
308
1726
1105
2777
1520
1771
1496
1157
772
2592
1740
2344
401
2680
2171
2261
2196
1269
845
2511
1462
2763
2258
1474
1132
2376
2031
51
981
1238
2090
1563
2717
2029
2329
1650
866
30
2743
2345
1866
2336
874
282
2735
1206
1661
1138
385
2642
727
828
1113
2289
2015
1348
279
2045
2214
1687
2823
2426
578
2198
1229
1920
2297
1629
804
1214
742
1601
1526
1268
1575
2896
1929
1595
2865
990
147
534
393
1934
1500
636
733
1295
2887
394
2940
1611
666
2435
2936
1707
475
1467
1184
235
2783
924
690
400
869
2619
2050
261
822
2265
806
902
2816
1531
2762
1148
48
2716
1753
1545
647
1764
2032
1835
2916
1363
26
513
75
1475
358
1942
2461
1234
1383
2109
2493
946
617
1519
915
291
11
2098
1165
2934
1343
2609
973
1089
1716
408
2367
606
1465
451
963

