1818
1775
2555
2870
2627
2756
2551
1587
976
1950
603
2028
1275
285
1030
2285
1937
2198
2305
2087
1814
1317
452
1010
2903
1020
333
1484
2656
23
1057
1106
4
1428
2343
152
381
1151
1741
2170
1754
1770
47
293
980
1166
1362
1350
2273
2690
204
1320
1743
2058
571
160
516
2428
2874
831
1667
2388
1377
837
1440
802
168
290
1603
800
2272
2352
303
2512
669
1470
2652
1998
2015
2024
514
301
1724
2727
197
2641
2361
238
1243
2277
2223
1376
260
820
662
2604
2127
1901
1335
1425
695
2494
566
230
884
473
1997
1984
1298
231
343
796
1410
117
2783
2067
1076
847
2480
2091
2060
635
882
70
130
2084
2306
2858
2705
1748
2866
903
546
2777
2709
1729
1252
2492
1116
2751
1798
964
205
2267
1093
706
2043
1331
1383
2728
11
1196
37
235
1150
1125
1725
2320
925
121
900
102
2503
2125
299
1592
2354
1826
1836
1208
2142
1244
2025
2664
2077
364
1527
2340
2215
2452
112
2813
291
1323
382
135
1878
2532
2266
2194
2590
2416
1461
771
2055
2420
1152
726
1525
2587
1500
490
1781
2878
1398
2107
2057
679
2345
100
2166
67
1734
774
388
1488
1439
1829
372
2818
1430
2553
579
1753
1447
2246
913
1338
2754
1409
173
1972
2530
517
1904
239
1172
1606
588
627
57
1053
979
512
894
1660
2687
1324
2196
2582
245
1043
2659
2046
944
318
714
2372
83
2502
1198
2702
1538
1082
97
1148
2033
2375
2700
556
1815
1471
353
1469
2812
1284
2748
1092
813
2019
1735
1314
180
2313
2735
970
2002
552
508
2415
1867
549
911
2304
2710
249
1546
2386
536
1220
2829
1547
2610
1363
910
1058
1810
1199
1101
2293
506
302
1035
952
2737
342
1750
2478
1823
789
1881
2643
2249
773
2453
1970
2445
1473
1861
2469
1084
2886
28
2282
2820
2300
280
2762
12
2378
638
178
699
2549
1040
1340
393
1804
445
2938
1727
270
2838
1173
1663
383
1657
2481
1159
1462
202
2788
725
855
111
1510
1801
2108
2725
2195
2580
212
2495
1627
2862
2185
386
767
2667
161
2376
1000
2940
1341
2523
1511
1359
243
1356
1334
999
84
616
2138
2275
1851
1800
460
1047
120
2262
1098
474
1819
2411
768
2615
2920
1111
626
857
1820
1187
2295
367
1790
1522
996
59
2165
2803
2132
982
1270
156
840
2620
2154
1946
2436
19
2397
2298
2440
2739
1134
1394
2806
2518
2085
667
1358
702
2473
2547
1764
848
2598
1414
89
2358
2505
2248
2583
1762
2561
1688
1107
629
1079
1486
68
1373
2337
527
2433
2868
2244
886
1664
2359
2876
1269
1481
1752
1959
2491
1702
1344
1694
1003
1570
154
2823
1119
2116
2355
1830
2081
598
264
2504
2764
1530
2018
1164
115
2789
2484
2379
920
2176
550
1336
1234
1749
2609
2670
2905
1386
705
2119
1988
2163
2380
722
1480
580
2160
1132
1767
143
2393
744
2164
1613
1013
1045
2095
2778
688
538
1506
2831
250
1568
585
2907
2318
909
255
793
1582
907
2309
2466
895
1711
2197
1322
509
1441
2042
1112
1061
1210
1839
1018
868
1623
2485
680
1029
1332
276
1626
327
1218
1162
2890
511
2827
948
2065
2106
2513
1268
1834
478
2078
308
1004
806
2403
1089
1266
2200
966
1465
1554
2721
2720
1387
1036
2591
482
778
322
2310
151
2695
1351
2613
709
1491
361
1306
956
901
2134
163
1186
2790
723
640
2100
1601
27
1892
881
1200
2082
491
1608
1837
2319
2278
1540
1339
947
56
1027
1774
2180
259
1793
400
827
1584
811
1796
500
2153
2694
1910
2222
1131
2808
732
955
1382
1444
2322
487
2460
2706
2915
2076
2092
1374
433
1160
1625
247
2007
1644
876
1519
923
1280
1509
2822
2209
1687
1524
872
2236
2787
263
311
991
878
2548
728
2218
1330
2193
486
2270
2699
2228
415
2426
2051
1703
672
114
694
360
1803
1681
784
1994
1256
1699
2573
1536
1969
1537
928
1114
569
439
2541
2161
1368
2113
1990
1577
2840
1654
1942
1297
547
748
1240
1783
1840
814
489
206
737
1400
614
2926
713
1566
1562
1616
2257
871
2101
2499
1008
497
2240
533
1871
608
1515
2663
866
1418
676
786
888
1262
2333
2514
1761
399
1879
218
880
1145
1464
2738
1133
573
889
1595
1809
1041
798
1615
1022
1920
734
1653
630
1668
849
2143
96
2563
1241
658
782
176
1059
984
1745
1110
690
671
2597
1423
2056
1413
397
692
2382
1683
1357
891
939
125
1434
2429
438
64
2208
2177
1475
2570
455
369
2588
1002
1127
652
419
1991
562
1628
639
2883
428
277
317
1557
815
2348
1828
700
124
1102
449
2053
2529
879
2405
2190
2607
1769
2848
481
1372
2235
953
810
2224
1301
137
2435
1222
2169
2833
91
2791
856
362
821
127
2263
1967
2749
646
1549
331
262
2612
211
2328
1290
2638
1096
1248
2539
2606
1467
466
341
1327
1062
76
1907
632
2835
2828
1599
1242
2528
844
2619
309
908
232
965
431
2417
1438
2899
1919
41
2181
1158
724
348
933
1016
2427
1489
2707
1095
643
390
624
1391
703
950
1856
611
601
1552
1090
1821
1239
421
2488
2326
2296
2544
432
1397
1227
1569
292
1307
1468
2765
1872
1593
1935
352
2880
1714
1291
1947
875
591
1293
1128
2017
1678
1454
1023
2846
1842
370
1395
2924
384
937
541
2201
153
131
2050
1964
934
1882
93
1503
551
1329
2689
1156
922
418
2455
2877
2736
1782
1044
2371
518
166
2602
874
983
2909
2586
305
2759
801
735
0
2006
2329
2691
1989
1717
2902
1137
310
286
1647
1499
193
2083
1556
2537
1651
974
2672
1682
2781
636
2713
1666
2487
2564
654
2145
2140
274
1944
2852
2346
1560
1915
2074
420
1529
1048
2542
414
673
355
2079
2819
1916
2001
2054
128
1153
1679
2399
17
1296
1517
2156
1108
1396
2496
2454
392
2857
2658
443
1914
1184
977
2734
565
71
2471
2172
1850
2365
2227
2847
2117
75
1228
58
2565
1174
1968
2531
1416
981
324
402
1917
1857
2425
441
164
1876
1960
534
1319
2037
990
2844
444
344
2839
701
729
1140
893
595
741
2214
503
962
2188
859
1206
2758
1276
281
109
1463
106
73
2202
809
394
2477
515
1726
1980
2500
1999
2772
1310
2900
994
1006
2324
1691
2173
412
2913
1113
92
2716
659
2287
2364
2910
1589
171
2675
1675
887
315
200
1875
1448
2234
830
2526
1732
1019
1417
1963
613
2854
567
2045
2723
2476
779
2872
2063
1369
2510
1312
2408
2052
1843
2594
1333
730
548
469
2817
524
727
1014
1289
1300
1534
1459
1639
2431
2654
2697
1705
183
1393
2515
755
2575
266
2120
2617
777
2673
2030
877
1311
2771
268
1167
1677
2684
2636
2841
2212
1251
196
2653
1896
2199
99
351
1259
1646
1902
902
1230
1115
1765
2424
2265
2892
2676
150
2776
2851
2112
1123
1497
1504
220
535
403
1889
2584
1868
1295
2283
2648
1203
269
1548
1384
756
1704
2901
1401
2432
1933
1169
1121
1791
921
2889
2483
1532
51
583
1063
2912
1274
1869
2470
1070
2782
1435
854
912
2367
2855
1909
1658
62
812
2317
1659
1636
1831
1346
2284
1640
2366
1637
799
2292
2741
1965
2314
2865
2370
2401
2508
1109
2896
227
225
88
2718
718
320
586
148
1763
298
926
823
2175
2171
628
2536
233
858
1995
463
1229
2533
623
1594
1364
833
461
1670
2341
940
2916
834
2599
2276
2418
2826
2507
1237
330
2038
2805
668
2895
1313
684
492
427
234
376
1072
745
2927
33
542
2836
2867
2179
440
1550
1805
1426
1286
2579
2929
329
2090
2157
1728
1170
2525
251
864
2897
2094
610
656
2404
1738
2271
77
2472
450
1905
1516
14
2622
426
2413
1179
2630
248
2360
278
1361
1453
861
1585
2059
792
1255
776
1788
1012
2258
1205
885
1641
892
1415
2289
1692
2543
80
989
1452
1436
79
2634
2356
2241
54
2834
1388
2303
1811
2301
216
1719
2693
1193
1419
563
678
1987
177
2683
1161
35
1250
2814
1381
123
607
560
949
2558
107
1195
545
199
805
1347
198
2593
2657
642
119
2464
2040
2243
1055
2191
2093
2696
1565
2334
207
375
2621
275
1656
1813
2757
919
2294
2459
241
1449
72
1574
972
451
142
2461
1924
689
995
1949
1740
1739
1551
2545
2780
2316
496
954
103
1978
69
1931
87
905
334
321
5
770
2708
2032
1846
132
558
2809
1146
1885
2879
2098
617
1
2389
2062
429
686
2540
992
26
1880
2109
785
1432
1622
1260
1219
2704
484
2446
1934
2136
462
1993
1083
1712
116
226
423
1652
1718
2315
1253
1360
1573
587
842
215
1884
165
184
2925
139
1037
1802
55
2810
677
2608
1962
2815
1611
1028
2344
1928
2489
2605
1017
1407
935
655
2798
1908
256
2475
2392
2873
1411
596
1903
16
1277
637
1343
1832
1572
764
743
1246
2860
890
1443
644
2795
2639
1847
1874
2603
2260
2640
561
2149
345
313
457
2550
172
599
2412
1191
425
862
618
1760
2129
1785
2137
1171
1080
2755
2281
1723
442
1567
1478
1263
2381
791
641
48
2226
2114
1209
1281
1888
1288
2655
407
1404
2351
312
385
746
2307
2724
300
1144
179
1094
396
1700
1086
2231
693
82
2623
316
326
1402
1580
1731
1617
1168
752
650
499
2887
2647
2439
159
2409
2349
380
354
1513
2021
504
841
572
2501
337
2086
1212
1669
2821
2811
1141
2715
2633
2698
2595
2102
1299
1305
2384
1213
2400
2614
346
766
2552
389
2801
2585
2162
1183
2422
1951
747
625
1011
2264
34
2451
1126
1662
2419
653
1948
1927
822
1091
2474
1897
2816
50
2760
1661
1621
2562
1744
2031
2387
2321
2168
15
1544
2070
2068
697
2770
1685
81
1561
2141
2701
2516
742
45
1175
2856
2377
78
2398
522
2686
781
1456
897
2131
1776
2144
253
1302
816
2035
2462
2071
43
371
2220
2336
2785
1873
1746
2110
1201
1460
1431
1838
1777
2039
1348
531
2843
1730
2255
289
2554
2589
780
1267
2247
284
85
2799
772
1941
2442
1272
1354
1855
1498
2402
660
46
1981
1940
539
2118
1779
1930
1427
808
49
2261
1563
1001
2911
985
899
1182
615
479
787
1932
2011
1487
237
2407
1974
1225
2717
2245
2935
1278
2064
1279
2616
1088
2338
2680
8
2745
931
36
683
1521
1482
2290
1747
472
1214
1304
1860
1708
1862
363
758
1271
2103
2711
2596
2357
2147
405
86
2450
409
1973
328
29
417
378
2013
1308
1136
2849
1555
863
2242
2906
2135
2479
319
1596
1863
1607
1853
1736
2441
2362
2722
2939
1789
1221
1618
605
1952
657
175
1926
883
1912
2022
221
1722
2522
1232
2767
1579
1046
1442
368
2649
258
365
824
1953
2342
1345
2421
1378
2744
2073
2635
1772
2126
2467
2863
2390
2254
485
1642
2538
2373
1605
739
307
2339
1680
2651
634
108
2779
1496
973
846
1157
1710
1399
359
1451
147
1450
2568
272
2519
406
357
2268
2888
185
1756
493
664
1129
2308
1366
1609
1025
1494
2775
1502
1118
1204
1986
2666
467
2642
2875
104
521
951
2311
592
852
1757
1211
252
2937
1185
101
2238
941
94
576
1052
416
1265
736
1559
434
1249
1689
350
1380
1650
1624
1224
619
122
670
1922
2904
1192
675
195
377
2368
757
733
477
819
1643
851
1827
2331
710
1520
138
760
2152
2297
1913
917
606
2229
759
21
2794
1067
836
865
1149
2335
1602
1673
2837
1898
1421
2347
2922
1583
1979
2891
2406
904
2192
2692
943
1087
1655
993
1586
2644
2463
192
2369
769
223
1807
2769
134
2325
1194
2773
2323
2917
2252
1833
2712
2750
468
1233
480
2520
2921
1938
2928
804
2080
1056
788
325
53
2624
2506
167
2330
1797
1512
2581
349
213
1315
1531
169
335
593
2130
817
2016
1495
1825
1122
1806
1778
2448
1985
2567
1245
1737
191
2576
1676
749
2569
519
2072
867
2458
1817
32
783
2577
2468
564
398
136
543
2898
1236
2216
1294
2753
2374
2669
597
110
2269
2
1105
2566
2825
1117
2259
2230
1634
186
65
304
1864
1135
395
967
2632
2219
510
631
1870
2923
1007
2881
494
1235
1124
843
1906
356
1992
1458
838
1971
505
157
1822
790
1768
129
1824
1424
2661
366
454
2768
1690
1911
2677
860
1786
2394
988
2237
1477
2023
1309
2482
1590
339
2534
1671
74
1835
1207
978
1841
1405
663
1645
2447
1866
2187
1038
1576
2099
133
2919
338
1318
2465
1929
1049
118
2286
835
1893
1472
1939
620
458
158
1792
828
621
39
1795
1505
90
1039
113
2069
1638
1751
1701
570
1545
2557
1542
594
649
1282
1564
557
1558
2747
1143
2203
2719
2014
1353
146
2155
1518
2434
2410
188
38
1865
2183
222
40
1983
296
2784
2731
1197
52
2631
2933
1033
2845
1707
2279
306
1571
1097
2650
1794
1054
1385
762
257
2618
2628
930
1923
2733
347
2688
2941
1120
1155
750
437
2026
2139
495
555
1217
1958
674
2121
2908
647
1982
530
1261
2291
2327
918
1178
2232
2885
401
2395
870
2786
2802
288
446
1713
661
2742
1887
1493
2008
958
1370
1176
685
574
916
144
411
645
229
1321
2681
1075
1859
2438
568
2010
553
1629
2546
2211
24
1501
2004
681
1479
2559
2332
1226
9
1138
1337
2714
1069
1034
1899
7
1575
1709
997
582
2752
1446
279
2685
2601
1921
155
1918
1787
775
1247
267
738
2861
2850
1716
578
682
873
2383
501
2029
2150
2184
1720
1693
2020
2350
1009
1808
945
448
1508
242
1021
2253
2115
2493
63
1758
898
228
413
2625
589
182
2660
187
2280
698
2729
282
1085
208
946
711
1403
1891
1474
1766
2239
1759
765
2671
2233
1514
387
224
829
1483
98
1326
2637
1352
2830
6
761
2000
2859
2740
2864
968
2414
373
581
2034
271
1780
261
2842
2824
1130
2509
513
1142
971
2766
2122
2123
1553
763
1051
1429
1698
340
1966
1614
2832
1485
1081
2743
126
2682
471
2437
2075
2932
1325
869
1648
391
2498
475
1733
2629
2931
2005
1455
2178
2146
1755
927
2936
297
896
1895
1103
209
2703
520
666
1591
1412
2167
2730
2560
825
1073
609
721
189
2934
2535
651
1389
2763
584
2097
295
691
2213
1026
2133
246
1816
2204
1223
853
2571
2256
3
2574
1074
140
1342
1633
1303
1597
2556
2443
975
957
1490
336
961
1812
1526
379
839
1649
1849
1539
1541
720
483
162
2207
2205
422
465
1064
2592
2884
1706
2003
1977
1620
1900
1189
2665
1771
219
2678
2430
794
2044
18
2572
523
537
2893
436
2611
1848
1390
2746
2009
906
2096
2111
2288
2250
932
2882
1784
1578
453
1257
2221
2210
236
2726
719
577
2527
2497
66
1890
498
936
559
60
1216
1936
1375
170
145
1852
832
751
704
1180
2626
1845
2274
1078
665
1287
1190
1349
2444
25
1264
1071
2853
1024
194
13
408
2124
210
1975
633
1099
1956
1721
818
602
430
1696
1068
476
214
1976
1543
2299
1365
1031
244
2088
217
2061
1285
2918
1945
544
2189
1799
716
456
1273
1466
1600
987
2036
2490
2186
1957
2251
2914
1433
273
1635
2578
265
707
807
1612
914
797
2423
2524
2793
1581
1328
1445
374
2047
1060
2391
532
2217
963
1316
1422
998
1163
929
1367
1050
240
174
2486
1139
2804
105
22
1695
2158
1231
1420
2048
149
254
1392
459
447
969
1955
1961
795
410
1104
10
1066
1408
717
1604
2128
2104
2646
1215
753
424
2089
1292
1619
42
2182
2012
1883
2457
1854
20
575
502
1674
1355
1742
1588
2363
2302
1886
740
696
1371
358
2600
1686
590
2225
2517
1715
470
1523
959
731
1844
924
1943
2679
712
529
95
1535
2869
1077
2521
2159
2807
1894
1100
1181
1258
1632
2206
1665
526
938
2774
1598
915
2871
2761
2041
2148
2674
1528
540
2396
201
850
1457
31
1015
2151
2174
528
826
314
1697
2796
960
190
464
1042
1065
1147
1154
332
1858
754
2385
612
1406
1437
1684
2797
600
1672
1954
1188
2662
203
435
2353
2066
1925
287
1032
942
2792
2105
1773
141
2732
507
404
1533
44
708
1996
283
2645
803
323
1254
1610
1165
845
2511
1631
1630
1202
1507
622
2930
2456
2668
30
488
648
1476
1492
1177
294
1283
2894
525
2449
1238
687
554
1379
2312
715
1877
2049
181
604
2800
2027
1005
986
61

