601
1952
721
227
679
1312
462
2811
1468
608
2132
463
2826
2008
1916
1873
2286
1596
2459
760
1544
2100
958
1243
78
2269
652
357
1909
1754
1456
2836
1504
2190
2483
1564
1159
2572
957
139
142
1846
1081
2059
1069
1613
1260
2244
1802
2400
2147
2304
1956
1373
2865
964
469
367
2552
392
1053
292
1478
2853
326
1626
2211
344
2611
398
2722
2365
557
308
439
716
1487
670
2491
606
1773
356
1777
134
1415
1523
411
2138
705
2078
1637
756
2158
2742
2823
2083
2789
1472
1880
722
2633
1443
2114
2616
576
222
2203
1471
483
1344
2587
622
712
1085
2575
1123
740
540
2209
1352
531
1841
2800
1926
532
1078
1844
872
158
646
733
1882
1628
2537
2326
1957
1614
1655
1429
1061
2116
1391
1002
2617
1360
1563
2691
1199
2936
236
819
2242
2529
1811
2393
2782
655
1467
596
130
1942
1869
2926
1163
2879
1292
639
2461
2620
2654
2392
195
1967
921
578
2264
1362
916
1508
2597
1484
1686
541
1077
2540
1065
2887
843
2431
1494
2748
1935
1073
416
895
389
1025
2258
2941
485
1131
2801
2108
724
603
2039
312
559
2216
111
1617
1438
2238
324
2837
2109
2176
401
1018
810
1072
2696
1354
1303
472
491
2256
2350
940
2584
1144
2930
1581
729
1936
651
747
1130
1410
1310
287
2648
544
2927
637
452
839
193
129
1941
1840
2812
889
2308
989
688
1636
1160
1367
25
2154
1020
2653
2693
167
762
2756
1807
65
568
49
2446
322
985
865
2041
2912
1168
794
742
1574
1413
2591
127
455
565
2240
1355
745
1711
1230
2204
2178
1039
823
436
2845
2851
1265
2336
2383
2020
2457
1462
442
157
320
1607
2210
1827
304
1568
2671
2644
1434
1735
1693
2751
1187
635
2439
2924
2443
209
219
2730
2320
1309
2218
2915
1765
1097
636
2467
364
2743
1917
141
1385
208
370
2372
1295
687
1819
2387
328
929
476
2069
2017
2934
2249
1215
230
1011
1014
831
2740
1150
919
2299
625
1526
2254
2359
2395
1535
1399
1662
667
1324
1194
2180
1005
1727
399
657
570
1575
2074
2670
1457
1442
2202
1453
1320
1650
2606
569
1621
1222
1086
2643
2822
699
2662
2640
2901
692
2632
1524
1388
2047
1975
421
1516
798
2339
2876
707
560
1715
1733
1166
1870
1977
2521
2346
1579
2052
2830
616
623
1505
1611
2309
818
630
2327
546
2824
1985
1961
2201
2229
1547
2544
901
1531
2028
949
1739
2728
2731
2541
2485
2045
1781
2048
395
1978
384
2464
355
656
215
1313
750
1256
519
1106
1639
1239
1843
210
1664
2315
2605
1499
212
1603
842
1418
880
417
1341
897
993
1769
1250
863
2749
2278
106
2938
1137
102
832
91
2579
825
878
1206
1162
297
62
2161
1060
1627
172
359
241
1804
1420
1902
1480
1623
1634
1466
1284
799
811
844
2306
1653
1972
2668
1225
27
1392
1108
801
2559
2881
624
1689
1798
2761
2113
1198
1808
1559
939
2767
23
2770
2935
2524
2152
282
792
1326
874
726
1134
264
1409
2712
1013
877
523
2598
838
1027
1987
1170
1188
1270
200
2472
1394
2092
316
2452
1059
1998
1080
2647
941
1704
2123
2820
2341
410
1264
904
1120
1208
350
2340
77
2195
223
675
1522
518
2868
136
1375
1342
2361
1125
1175
60
2174
422
975
2063
990
775
2679
2488
1189
529
151
1854
1962
2614
32
2411
2886
1423
1860
2777
772
1493
71
2581
1304
1963
962
2169
1768
100
2680
2225
1248
674
579
2156
1580
1358
1825
1427
224
2434
1895
803
466
1646
2095
1638
294
2276
2735
1924
2432
2624
119
994
1723
2384
374
1495
76
443
1294
479
1401
1254
2029
327
2318
2588
1800
971
966
92
1670
93
1289
2813
318
2854
346
2757
385
2231
610
1244
2342
828
247
910
840
2314
2207
1797
807
291
2856
1536
255
104
2252
2135
1721
2816
6
913
406
1376
339
1019
2394
956
1988
2184
1591
1133
459
1000
1970
1793
1036
446
296
2091
1910
1758
1684
133
553
1600
1690
1228
781
2625
1734
2514
1960
1848
2888
1330
1417
1530
2261
959
125
2583
448
2098
1009
754
1257
814
2442
2899
885
249
588
2778
1361
1938
396
2429
645
1412
2904
150
213
429
2067
1872
976
39
961
482
2102
471
1527
362
732
2297
2367
2331
2246
1762
267
2151
513
2758
911
1835
768
1864
2516
2405
2511
1925
262
870
1470
1912
1158
1205
2107
614
2764
1729
2337
2279
1482
2716
2236
2871
619
690
2710
53
1539
2290
1728
1370
1001
2316
1741
2519
693
2672
2589
597
147
510
192
830
1724
2398
2688
2130
2804
1115
66
2448
1578
1699
2215
1492
470
2419
671
2543
2234
1197
2007
817
234
881
599
1421
198
2504
1129
1677
1879
372
647
550
2781
868
1332
2171
43
642
453
2507
2667
2580
1091
783
19
1654
2243
1803
1507
934
252
1695
1824
1587
381
1450
2344
1584
612
114
1757
2282
1551
782
2775
2475
265
2894
1266
1842
808
2477
1982
1012
555
1259
313
480
536
196
2094
1051
70
1738
574
1135
1736
497
2709
1451
2841
217
1236
1463
1669
822
680
2388
1994
511
1153
1659
235
2292
1369
888
270
2663
432
594
430
2787
917
906
284
1668
2415
1440
2266
2189
57
915
2000
827
908
109
1838
2791
484
1651
438
12
813
1386
1280
1238
26
1907
1928
1372
1090
1127
749
2600
1103
1245
156
191
542
2656
2744
648
1616
1017
386
1602
1400
382
1949
566
2806
1894
1319
1016
2253
1271
349
431
2784
2864
1046
2747
33
2427
2628
834
577
122
737
1034
2780
371
1498
2869
1658
925
1301
2821
303
174
643
2364
2530
2585
58
2186
696
1021
2330
1278
552
2198
2629
168
1007
2714
1746
1121
2817
2834
1836
1515
1888
984
2112
664
1697
254
2641
1923
1075
1229
1088
2608
1918
590
1630
277
815
2910
274
403
2293
354
2532
2082
1279
2763
666
1288
309
824
607
735
1405
1595
841
1605
2187
2014
1866
2197
2739
2858
850
1
492
353
1201
2386
761
2296
684
1436
132
2001
2873
1958
604
515
1331
1890
2221
2829
1809
812
1329
1675
2480
2689
1441
454
2057
589
2396
791
408
708
1396
554
711
1517
1056
698
857
2615
2050
1774
467
602
2558
2430
1404
1486
723
1380
2199
2838
1219
1663
2567
286
2916
2612
995
1533
2560
2310
2922
928
2376
1893
420
2036
2241
2449
176
475
1999
1940
61
2604
1557
1861
2051
1213
1377
1459
1218
2898
2030
779
678
2223
2281
1543
618
793
2897
2426
2482
2155
271
1283
700
506
1068
465
2815
311
2785
2906
2913
1951
1983
2493
1293
434
1814
649
1296
1117
336
2450
1490
2518
944
2081
40
8
2019
2235
2471
1855
593
153
2465
306
1066
2185
2373
1859
514
563
1944
1969
289
776
983
1335
1074
1548
2500
2762
2002
1093
951
527
2520
2891
1750
2494
229
2523
1822
1751
1246
2807
2875
879
1656
1449
1550
1929
2301
1252
1785
1821
1251
2451
2248
955
2213
1164
1311
2196
2134
1430
2808
1606
1263
942
1185
1558
1348
1214
598
464
2683
1029
1719
1725
1976
2038
1241
2659
1076
2273
13
1706
1569
319
558
2040
1900
38
2420
361
152
3
1226
488
1145
232
790
1116
2049
1633
2908
1532
2771
1023
2490
2814
1884
2527
2599
1995
1694
718
785
899
784
1010
2900
2144
2476
2024
2345
1899
89
2627
363
2510
2917
2251
2257
331
2037
2729
1338
149
2349
1868
2839
2862
997
2515
1748
2883
2550
1629
1545
789
1347
46
1782
1305
2009
2496
2676
50
1035
583
2
987
2401
2547
1195
2066
113
2548
2799
330
14
1932
2056
105
2809
2752
1083
575
2436
216
9
2177
1906
2435
2738
47
847
584
1799
2425
1915
1064
1114
2646
2212
123
973
2271
1588
1393
1363
1862
1780
2798
1973
1419
1624
1610
2818
537
662
715
1210
1520
1707
1571
1950
2639
2022
2044
1795
24
2294
2118
161
2191
2093
343
2746
278
1708
321
2734
1087
727
199
1964
473
1502
221
661
81
1322
2438
2792
763
1113
496
2902
530
923
746
96
1560
2578
1287
1876
1645
2192
1426
1190
259
206
1965
2852
2918
1521
1877
165
758
246
1435
855
1763
2661
2371
2226
2601
377
2255
1997
2380
2539
2549
2687
1760
2140
2495
2568
2136
2733
1276
633
4
2355
1402
1383
1712
237
1098
2389
2214
658
1771
1722
1513
2855
2545
1124
950
1743
2774
1181
1171
1856
1223
2247
1555
2700
2272
1359
1112
587
1008
2416
2928
894
1747
360
1318
1805
121
1458
1407
629
1702
1070
1682
2533
2410
1911
2133
1211
2481
837
2362
2754
1100
2933
226
1737
2686
2805
927
2769
613
108
2499
424
21
524
20
55
415
345
2890
1585
924
2630
148
561
138
2582
1356
731
702
709
1966
1191
2564
468
2032
1829
2637
945
706
2354
2295
2447
2655
2893
567
51
164
1316
244
2289
1937
1674
2124
404
325
461
285
2673
260
1692
628
2205
1518
2478
1887
1167
2121
1666
269
2168
2595
2150
2844
2657
2072
1796
2848
1448
1981
2652
1110
2090
1908
2131
1101
1105
2412
2690
1337
2287
1660
405
852
626
2194
2708
1148
85
522
2553
1986
1789
75
1439
1334
1592
883
849
1107
305
1943
2065
2724
1671
1340
1491
2084
1644
1604
181
2445
84
2046
1615
805
2012
1389
2531
2726
2403
1261
2874
1953
2305
352
1165
115
1891
1687
2193
2233
1772
2300
2321
1281
853
528
171
1255
2397
1274
1597
86
1084
1826
1247
116
719
460
1043
2847
1556
804
1058
2621
1428
1732
52
240
1382
2027
293
30
35
1217
258
2333
251
1881
2352
144
2602
1216
1562
2115
1488
1642
2363
2570
1716
1142
238
505
128
2284
1534
450
1037
585
1831
862
2075
1948
2695
299
1901
1290
535
1528
725
257
1959
2358
2576
1631
1151
2870
2458
177
2634
1286
45
169
290
1955
1783
2566
2343
74
937
2571
2797
2250
268
2479
943
2635
2313
1026
1350
1506
2015
1845
2070
1678
2929
2796
2356
1749
376
2137
2551
1834
967
15
2885
2302
2872
1779
2408
1791
2697
2914
263
1945
281
261
494
2239
1178
1991
631
1546
256
2859
1752
892
764
1317
2406
1852
1272
1816
440
1041
978
780
2810
710
387
691
1601
739
2586
1542
1432
1759
2613
1231
388
1921
1609
348
1146
884
2843
1810
1753
2165
526
551
2937
2080
1720
1390
1582
564
1474
2312
2882
117
2120
333
1971
1262
1042
2160
2895
581
1454
2324
1886
820
2618
509
1561
2126
366
2649
1104
1207
80
2939
1006
644
220
1598
1111
2423
2157
935
273
1176
182
2562
2086
533
2713
2795
334
2437
2706
2146
2227
2385
1853
1549
197
188
1452
2920
1179
1232
2486
2840
1119
397
1776
869
178
2033
2468
1679
1540
609
1031
1200
135
1136
2827
5
2727
2122
131
2143
2905
2719
1767
2741
2422
730
2528
979
1857
2636
665
2508
2298
1477
573
2542
1620
2592
2849
1015
2053
2077
2503
1529
1673
225
2703
2737
1685
2863
1447
2016
394
451
829
2884
17
767
1619
2506
931
954
2164
1240
2073
2594
1095
2772
1989
2596
2455
2004
1905
890
2068
1155
948
2715
2110
1501
2788
534
682
2677
1710
2650
2569
1045
2283
315
538
2603
2832
458
1143
2501
1867
2940
2232
751
689
427
2260
858
743
2645
846
1161
79
7
2497
2736
2219
1177
1922
207
896
1411
1640
2704
2228
1149
433
1172
517
1063
1567
893
859
2462
1593
701
1784
338
1366
1787
1186
1433
1444
752
332
2222
654
947
673
1138
56
380
2303
248
871
124
2565
953
2237
1992
1345
668
1672
887
477
1476
920
1792
2399
999
2010
2274
1299
525
972
1755
2087
2323
2556
2563
375
218
1381
1092
2181
2270
2664
2369
1920
2025
2642
2230
2513
977
402
2623
1099
118
423
2698
2846
329
1307
194
95
2760
1770
882
866
1237
697
2669
1291
1927
1833
1648
617
2319
695
907
748
1465
173
203
1004
2417
786
703
407
2489
2428
146
774
615
2332
605
806
1865
2878
1718
734
586
2675
2473
1455
2526
1885
1979
982
856
2835
1511
2573
1049
777
1577
2682
2522
426
90
2932
2923
861
736
498
1954
2105
1828
1665
2288
162
2280
335
185
918
2378
2179
1481
672
1398
833
1538
2291
2381
1740
1742
2773
441
640
73
773
2460
323
685
1537
37
1904
1052
802
44
2031
873
980
2117
1813
88
2866
1984
1067
59
1460
1277
2035
2779
1139
1180
1071
1589
1054
900
2892
2013
1094
501
912
1874
1327
500
2409
2085
2660
1282
300
1082
1652
502
22
1040
495
2153
592
867
1599
2055
714
390
342
1897
922
2889
2678
2188
1823
1038
1566
1688
2060
1858
1425
1705
1680
2554
2721
2217
298
1297
1820
2368
99
960
202
2149
2921
2707
2170
2861
242
205
1328
418
1947
2104
580
187
393
1141
1184
821
2259
2263
769
2466
1387
1698
211
1022
771
317
2753
2783
988
2220
400
2353
2414
571
1632
1570
310
974
1731
2793
2685
681
1643
1974
163
456
1525
909
120
591
449
233
1552
1048
2802
1483
1913
2877
1339
1055
1790
1132
2786
1128
1572
419
1183
28
1701
189
595
1683
2097
2119
68
1349
2404
1667
1553
1647
1812
770
2145
1079
2099
1818
2658
638
1889
2370
1657
140
2139
201
1573
67
243
1351
2206
369
669
845
2555
489
2536
998
2335
1933
82
1306
1368
365
1196
1863
1173
933
753
2765
694
2651
2903
717
1766
1395
1892
2021
826
1744
279
137
1541
487
876
2456
444
493
1235
145
1365
2732
800
1594
548
898
1996
796
2128
659
2374
2079
445
620
1815
1980
1794
166
757
1384
183
1422
2183
2360
2043
545
2142
507
1514
2701
632
1118
1336
266
2759
2418
1424
504
368
2375
547
143
2525
94
2268
2692
18
744
938
1903
1479
1414
72
2096
301
2857
1273
2042
2745
1713
1635
63
1220
2831
1203
621
69
1583
2470
969
373
351
1437
54
457
932
447
676
1775
992
1806
1032
1212
2172
1850
2167
946
1871
2474
1221
936
2699
2711
1416
36
42
1357
1233
2557
1192
1089
2402
1397
11
341
634
272
314
1500
1461
2018
1756
358
1323
499
1649
307
759
1445
1044
2106
1249
48
2325
2347
2622
2058
2034
2880
1403
891
2720
1939
2666
963
2103
1406
1851
2175
562
378
1028
1473
1321
2717
1152
490
1122
2311
126
1174
2141
2768
2702
179
2379
413
1778
1565
2390
1268
1993
1931
1033
683
1930
1786
2440
1096
1968
2535
2919
778
41
1275
795
520
2182
486
2538
107
1140
1469
228
239
2006
2842
2089
337
1661
2631
2574
864
2607
1269
2850
409
738
2162
2267
283
1830
2329
1431
1554
2593
2828
2638
87
2005
1003
1126
2469
1764
2424
1832
64
1625
1590
2819
2245
1847
160
1267
34
2665
1898
2391
101
2011
97
1990
2907
970
155
2277
2925
103
1496
2328
2794
340
2718
704
952
1512
686
788
2322
1761
663
1503
2208
1024
1510
981
914
1182
428
930
1714
383
1374
2619
10
582
926
2062
543
2166
2463
1408
2200
1030
797
2610
1622
2723
170
741
302
2101
650
2061
905
2492
437
2931
2776
1586
412
2023
2026
2125
2275
2590
1608
347
2413
1371
379
98
276
391
1258
1509
1730
2755
2338
2129
0
836
1333
1298
1325
1464
1817
1691
755
2896
1109
1934
204
2487
2909
2498
2454
1202
2088
1285
1696
875
2674
295
245
414
1837
425
539
787
765
1896
2725
1209
1346
1745
1300
253
1227
1147
2684
1612
2790
1102
766
184
1343
1169
2561
886
1946
1308
1047
1489
1379
521
250
2444
1156
2111
677
508
2833
2159
2509
2348
1641
2317
2441
2705
1676
1485
2351
2307
809
1849
2377
2453
728
2071
1717
2285
816
902
611
1788
2803
2546
2265
2407
2076
16
1364
2512
2064
159
1681
986
996
1050
627
112
572
2127
1234
2433
1618
2694
175
2484
713
275
903
186
641
288
1302
1919
1204
2148
1801
1914
1314
860
1703
1224
1700
2825
1878
854
851
720
154
83
556
31
1726
1475
2003
1062
1519
1057
1446
478
2224
991
474
2681
1576
2262
1154
968
190
549
2577
2609
2054
2334
110
512
600
481
503
1242
2163
2357
2382
1253
2366
1883
29
2867
1378
1709
2173
516
1875
2860
965
1497
660
2421
1157
2534
280
180
2505
835
435
1193
2766
653
2517
2750
1315
2626
231
2911
848
1839
1353
2502
214

