918
734
1216
648
1999
344
1525
1207
364
71
341
2567
1876
1477
731
1943
2938
1195
456
2754
829
1386
1203
785
95
1314
1743
2077
582
471
1163
1860
2355
225
1819
2356
712
183
1809
1370
1178
1804
1685
2305
1145
359
1670
1443
1222
1958
1338
2834
1285
2677
1781
2684
1478
862
1428
252
330
1609
1740
2772
1982
2308
298
1653
2290
1022
2186
1157
878
1780
2396
1205
2731
2120
705
2282
952
642
704
2101
2531
495
2696
2129
2923
2809
1757
2928
741
2017
2899
375
1593
2498
848
766
1258
822
1582
2360
2451
1721
968
2154
2198
268
69
2399
307
440
778
2554
1895
2109
1707
2150
1107
2027
2618
885
1090
247
2255
2510
1531
1806
2600
598
2932
2872
2476
2615
1401
1962
355
2157
230
2411
2212
1701
634
2935
1534
2420
1371
2057
2796
1087
2105
1253
2786
1230
2343
2725
2053
40
686
1014
1188
1986
133
2431
2735
2240
1268
2921
972
566
74
1626
1496
676
2152
458
1552
1336
522
112
725
2533
716
107
2022
2413
2839
1520
115
418
1802
203
1431
2412
1298
1985
2026
1739
1050
2082
2368
2269
2242
575
239
1734
1568
299
1219
351
2504
1845
2525
2314
1815
1291
2118
2046
67
1561
1410
151
1194
2628
934
1112
1950
1920
853
2797
793
2461
2672
1771
1475
2705
1791
2847
1130
497
1491
1247
2546
971
1052
802
1585
332
614
554
33
1315
2463
1888
2742
1885
1762
1580
2039
545
1068
941
2688
1557
781
609
532
599
750
2259
156
1812
1529
990
2931
577
834
1316
1567
2784
1942
2459
1462
1890
2334
672
1543
2056
1839
1192
1128
2374
321
652
1099
2602
1794
1650
963
1722
2276
1760
2538
400
1393
2321
202
2745
739
2063
1792
2651
366
1294
338
2894
1828
2098
2442
868
1065
472
1352
1504
2115
2144
1916
2010
2565
2370
747
1569
1400
2569
311
106
2207
1859
1683
1929
1526
1718
432
1210
2016
1547
306
1576
2707
2265
154
1966
1887
864
991
2691
2564
2479
2781
2202
2853
736
540
396
1387
52
2093
1182
1796
1638
2404
2213
2512
1096
386
190
425
697
1385
192
999
18
696
2648
1835
1341
651
1451
823
1058
1003
2627
880
1152
2066
2632
2732
1466
1542
1949
2494
620
1226
1169
2868
275
1388
1816
749
2256
681
2668
882
464
1362
1067
745
726
271
1039
925
2061
2403
1125
2192
1755
1515
2681
1749
869
413
1280
902
887
1833
2249
2799
2436
2502
1103
2690
1951
1209
1904
85
1957
1681
1954
1447
819
1236
1340
933
31
2230
2324
1265
2509
1930
1497
2011
32
1748
1242
273
1714
1867
88
851
730
2747
4
956
87
1944
2361
1899
27
1657
2060
1581
1038
1029
2078
1947
1427
1286
538
1965
1882
606
536
2864
860
543
2236
1269
662
405
2622
86
2836
436
1349
1266
1144
1500
2159
1889
1946
2667
1897
466
2064
54
2793
2211
1544
23
2471
1514
561
795
562
796
2487
1713
1551
454
2124
1262
742
1872
954
808
494
779
235
2596
2201
2883
623
369
1648
2542
865
1640
1918
1602
2816
124
362
1333
422
945
1998
1368
447
1495
2434
303
688
937
1111
920
2859
958
1590
1381
2901
927
1243
267
2741
1473
743
1974
2620
1700
2843
448
281
2170
1778
717
1165
2842
2709
2521
2728
1396
1281
1124
1851
1909
1263
526
1697
2792
350
1115
1556
1907
631
328
1702
35
2892
1919
1938
482
417
2251
1784
290
2439
2897
806
2284
2835
1608
1156
2217
728
1016
884
1251
2341
2704
2128
2147
812
803
2692
1846
434
2047
2304
181
553
798
234
1453
374
978
387
2548
2708
2164
1413
1925
2848
1072
674
1508
2229
1723
1643
1841
50
282
64
1827
81
21
1991
305
1055
56
1483
2331
2560
244
82
1412
291
858
77
2589
2387
1939
938
324
1184
1220
1218
223
2861
590
2445
2428
1356
1252
309
1409
1335
2281
489
847
890
409
1967
1373
2543
613
1290
1415
1256
2724
907
48
2933
78
70
1687
1327
2787
694
2317
2054
2860
1948
2823
1724
1600
508
404
1035
286
2024
571
2145
2110
1817
2634
104
2729
2524
1624
187
1002
1926
152
967
2887
297
2084
1425
1536
2489
1689
946
685
433
2325
2185
2042
1312
720
1411
1355
843
1560
2555
1564
1334
1598
683
1139
2234
2310
1405
2215
1865
1736
1928
2345
2462
1822
2220
1805
1840
2264
2453
1715
172
1379
2087
1436
1311
1558
1610
2885
167
300
2800
2613
2663
233
800
2841
357
2443
1001
2073
2481
1651
1855
2015
1571
469
2358
1435
97
1121
857
1274
2371
2005
1786
1750
1798
1811
390
388
166
2288
2296
1187
1660
138
1639
760
2435
2189
194
479
919
420
2482
846
1858
2880
2828
1692
1997
169
2340
36
1011
1763
2112
1550
1158
2106
2135
2156
2556
2386
2813
1963
137
2698
2646
1959
1630
639
2801
929
1559
1202
2009
116
2520
2194
1503
238
1628
2275
397
2937
560
249
2179
1470
38
1350
2432
565
455
1273
1764
2090
2366
384
1960
1572
838
820
706
1
959
879
274
910
46
2906
1419
1189
1015
2318
2629
664
1081
2033
2398
1074
2166
2243
2070
266
1421
1830
63
2856
1463
2785
597
2038
1329
922
840
2003
157
1758
2717
517
764
361
759
2083
1363
1866
2291
1597
1060
2204
714
982
1084
2659
2104
1678
1588
2782
201
1510
1378
2499
2117
34
2871
1292
99
2197
1456
2086
2161
2557
232
699
1094
542
1578
1969
2697
2513
2365
928
2846
1971
2191
320
1996
1377
2065
1437
1766
1978
1057
997
19
2351
625
1020
2884
622
383
2529
1570
1091
1716
1694
325
2647
1238
940
641
732
343
1622
1894
2429
1358
2674
1034
888
1810
693
675
2508
530
1800
1492
1797
845
2382
1770
210
761
256
1616
905
288
1357
2049
784
135
1834
1455
2469
2778
2225
1085
809
2669
1487
668
534
1433
1232
1719
1086
2693
724
170
2394
424
1821
1820
610
1682
2373
354
2350
2088
2930
607
2736
60
1332
2788
2631
2091
2393
1788
2315
2285
2814
2562
1180
1365
550
1051
827
2890
924
1270
2347
2624
1151
1228
1831
218
1528
216
844
2021
1516
936
2216
2517
964
195
2312
1328
1594
915
666
242
584
1344
2278
1446
891
746
2298
512
2753
1221
2327
222
2900
2096
120
2059
1201
1589
2505
1160
2140
2850
695
2581
1768
308
1395
462
2539
2196
689
636
129
363
1772
2352
304
660
955
2630
510
2235
604
1940
411
1807
635
1705
59
2844
134
391
1403
1994
1010
90
398
2902
2119
951
1688
2055
2878
2702
2862
624
2907
2114
1083
1479
477
961
528
1004
2062
2706
2306
429
62
380
2473
2679
451
1863
318
1351
219
1173
2654
2576
262
1208
638
572
2206
1248
1101
2199
1255
1426
2815
58
2857
2936
2822
989
2825
2041
1738
437
468
2274
738
578
1901
1575
1592
2155
2611
438
289
2231
2136
1680
1574
2678
160
1553
277
1114
1850
2694
2142
2738
126
2414
1343
2571
866
2019
1745
463
1176
316
718
856
2372
1109
1729
2867
2940
475
514
1009
2214
1406
1088
976
874
1522
1604
1013
1261
2250
1623
2774
587
768
2803
2239
89
2614
1914
769
930
473
2483
2888
2430
1710
2123
1674
762
1927
178
1040
2601
1562
772
1852
729
1364
592
410
2151
26
1934
513
2530
900
176
149
1318
1361
1935
1541
2470
2380
1565
162
974
2633
1073
2751
1747
1129
423
2506
2578
1459
1264
1061
593
1509
212
2363
2532
814
2071
748
1813
1693
435
1964
2018
2178
1637
546
1673
2609
1968
1023
842
2599
2316
2544
2289
1849
2583
1307
2598
531
673
533
1629
217
2917
1330
2176
2383
2744
570
360
1246
1069
260
1992
470
1008
2326
373
2573
2023
2664
2625
2143
1372
1699
722
2068
911
2174
977
1848
1322
832
633
1896
2252
1666
102
679
684
2626
1676
2553
84
603
2840
346
2344
1432
1469
707
2052
1607
1154
1442
1803
520
103
2146
2587
2475
1104
1956
744
1829
1735
1583
2623
1530
1225
1404
1753
1698
771
442
2008
1709
2687
484
2922
114
2794
2582
315
1326
493
2390
1814
483
419
1441
1746
1614
1984
8
2467
395
131
314
2329
376
11
2873
331
895
1229
285
1924
1308
1127
2246
2739
407
1720
2903
2715
294
368
1460
1870
2811
2149
1299
295
2248
2511
2568
1000
2926
2058
1394
2425
1606
935
2402
509
1183
2319
2915
1191
337
12
2160
2050
1633
243
1097
727
1434
2723
1422
1234
953
1945
121
123
122
406
1275
1641
1200
445
2748
813
975
1512
199
1880
1468
2593
515
835
1448
100
9
335
2572
1397
881
904
76
1767
2258
17
2798
73
2437
629
821
1063
1741
2606
2474
1906
2500
1761
65
680
1601
446
1647
2750
2357
66
912
153
91
836
1505
2680
173
310
2770
711
2805
1931
1973
2137
1756
393
2224
196
1100
1605
1521
789
55
2328
2829
1912
1893
2006
1857
2566
2378
2247
612
2233
1533
1175
1106
1752
1080
2522
227
336
1339
2904
2389
2699
1283
2585
2919
144
2203
1212
2397
1295
2138
1135
947
987
1642
1241
2656
656
1480
2072
2455
2549
2941
263
1862
415
2226
111
7
1204
2497
1303
2752
500
399
2237
1126
893
220
2182
246
1360
1783
2493
2874
2590
1030
1665
2102
1703
2209
1302
161
913
132
650
329
1304
1054
175
1776
2277
1119
191
22
1077
2758
1324
2424
605
283
775
1026
2665
1078
602
177
2270
1661
2241
1983
2775
579
492
1383
1240
794
25
899
142
555
957
209
998
265
1305
47
37
831
2604
1654
855
2584
2375
1146
1979
2701
1032
939
2444
10
1025
2205
2518
691
601
563
414
1369
2095
1908
205
1486
2934
1006
2559
478
2766
2849
1773
692
2720
830
1102
2730
2415
663
2661
2869
279
2586
1955
2032
1708
2449
171
2187
430
2761
518
2516
1408
2406
1105
1461
2927
163
916
2148
873
586
1193
1655
653
2879
2020
2838
2407
608
403
301
2913
2652
1527
2718
2492
1538
2139
2791
877
2260
2577
2045
643
1658
349
2080
224
2535
1284
863
139
988
1884
119
871
1031
970
130
1878
2810
2193
2550
2891
1970
1732
2710
503
2713
2769
2768
1089
1886
1774
2014
1823
1573
2712
1972
2409
2863
110
79
783
2169
1071
1239
444
43
2287
499
140
2671
1546
1110
1566
2222
2031
2254
502
270
2367
1133
2877
1481
61
165
1695
2896
505
1730
6
2920
1842
2765
159
1166
556
1649
1024
2376
1627
2228
485
1843
701
1037
2491
2804
1474
948
1012
645
2685
547
1879
342
898
2908
2666
825
2759
2381
1677
2820
872
2000
2141
2422
184
1993
2541
2545
2866
2385
1075
588
1911
698
723
1042
2496
188
1669
147
1953
2069
984
765
2438
2534
2660
1271
1485
1172
1873
981
949
457
1837
2200
2121
1467
811
715
1548
143
313
1869
1545
1506
1245
2238
385
544
2898
449
1045
2552
1517
2523
1313
710
412
908
481
1644
2417
805
182
377
2456
2377
1282
365
1554
1293
2040
1537
1975
1143
2426
932
465
2388
791
965
1046
1881
709
1472
1579
487
2858
1591
2219
594
1321
2790
776
2447
2711
1066
2929
15
632
2221
1366
1164
1306
1465
254
1725
516
476
995
2349
2007
1494
557
618
1259
1727
2551
1310
2421
2851
1430
2757
2852
1043
979
276
1923
317
2563
1147
2670
1577
125
207
1398
1423
2190
896
2452
490
197
1235
986
2870
1079
1779
1523
108
352
57
2608
1254
1787
486
2537
2257
1170
719
1167
255
1402
917
1704
498
1502
2165
1019
141
506
221
2865
1793
2817
2802
2764
1027
2262
1452
2408
2286
2400
92
2918
443
2812
44
1458
1429
1391
2639
2514
1041
1662
1684
401
2595
2610
2037
1048
1587
2845
2939
983
552
1883
453
1141
2515
2826
1116
2034
2292
2737
2662
2477
1359
326
402
1952
1149
427
1320
1374
2433
2740
1489
1122
491
511
931
146
669
2025
1018
1277
501
45
2490
3
1028
1033
2789
1036
5
1555
644
2617
2507
1198
30
257
439
416
787
627
1711
226
973
2716
1155
2448
2427
1484
1596
1765
1751
339
158
1296
2478
2013
2125
2122
2335
2591
2485
264
2339
2263
1064
519
2771
2323
51
174
1211
1871
780
2540
1742
600
2440
2594
527
292
29
1095
474
1493
2332
1288
208
231
269
2405
1250
883
2579
1671
2267
754
1382
1118
2657
721
1789
1563
559
2301
1438
0
2689
678
2313
2188
774
2092
370
2300
1775
2756
1257
1331
272
903
1535
2244
2642
356
615
1150
2172
2719
1215
1132
619
72
1142
14
1513
1652
2721
1686
2103
630
2362
677
2683
649
2501
2911
186
1375
702
1301
1759
583
179
549
215
2423
616
1679
322
2837
2369
2320
229
1120
1782
2640
2195
2643
1902
1464
2158
906
28
236
1123
1980
839
1217
2743
1826
2807
2876
1868
2722
1836
1424
334
1279
2280
2359
278
926
211
1790
1941
1376
2175
870
585
180
41
2348
1309
2893
2762
2100
1659
1733
980
1267
1399
2561
2311
2700
2458
2099
735
617
969
524
1021
2044
1108
2450
189
421
876
1260
985
1619
1440
1731
2526
901
2466
567
621
770
293
206
740
251
1323
461
2379
2302
2294
1482
459
944
1416
101
378
1113
13
379
2460
2832
340
1917
568
2830
1420
1488
1549
2162
345
2733
214
992
1174
2673
2795
1995
828
2484
2519
2297
1237
2637
1297
441
1439
1990
1818
535
1625
2454
1717
708
1159
626
1190
897
2675
1646
2755
408
1937
942
1539
2650
817
1603
2134
894
1532
2035
2821
1117
2299
1636
1134
118
1903
2580
155
1137
1389
763
284
136
2827
496
1347
2081
1613
1795
148
2303
2223
1615
2464
2338
758
751
521
2641
1342
2184
1832
576
1961
1186
1518
1444
591
541
109
302
1936
2107
450
2882
1177
2029
2227
1507
94
773
1712
690
2181
849
790
213
2528
797
2293
1138
2079
661
241
2441
2168
1196
2268
93
1844
358
525
1635
564
667
2295
353
1595
700
2734
2309
1059
2783
875
2108
1706
1197
810
914
2831
2914
2126
1617
1586
1667
204
1289
892
1153
1599
2592
2131
2127
1407
654
2714
923
1231
807
1801
128
2488
2337
382
2085
185
1337
75
1162
2916
1864
1664
2
2875
2607
2726
2676
16
2638
2418
1317
2495
1414
248
2333
394
392
2924
2644
1696
2283
994
319
2416
98
1278
921
1672
1905
1584
1824
2833
2097
1224
777
658
2330
852
1214
460
841
245
1136
1345
2167
2808
1490
1754
1206
1728
1380
1861
646
833
381
804
1445
2818
2395
2322
1981
551
682
628
1524
2130
1854
2653
1276
296
993
2364
113
2004
1612
2208
323
2210
2777
261
348
2180
2346
1076
753
480
2695
837
1354
2658
529
1093
20
1223
2419
2905
1140
1148
1454
1799
2457
569
367
1989
2895
1161
488
1082
2855
1663
1875
96
1227
1005
1631
867
2603
2183
1131
943
372
426
42
2746
1185
826
68
2410
2075
2597
539
2012
1092
2881
1933
1976
782
537
1457
49
1249
2094
327
1499
523
428
671
2682
2353
1777
2536
1070
1501
2635
815
960
2605
2575
1892
1171
117
756
2558
2028
1825
655
2218
596
228
198
589
2472
80
2272
389
1471
1987
647
640
53
854
2588
755
1856
2574
2173
2116
1808
611
1838
312
1384
1785
713
168
659
2245
2468
801
1053
2486
962
1056
2132
1418
250
886
1392
145
558
1910
2036
1690
333
1847
1620
2619
1632
573
2384
1611
1737
2392
431
1044
818
1179
2727
2819
966
861
2703
816
1047
24
2048
950
237
2177
2391
1244
1417
1498
2912
1668
1325
2889
2446
733
1450
2547
824
2616
2636
792
799
2076
1287
574
1913
200
859
1540
2089
2925
2113
1921
193
1656
1621
1744
1062
909
1346
2649
2067
2686
1675
786
2307
1476
2854
2780
2773
2051
657
1634
1348
2527
1988
2776
2002
2749
703
1353
2030
2570
1891
2621
1449
452
2171
2910
2074
2271
850
2273
2043
1049
467
507
1726
1098
39
1915
637
2655
2612
2886
1511
2779
2465
757
737
2253
1168
1390
2261
687
253
2279
1932
1017
2763
1769
2909
127
2336
1272
2806
1645
2232
371
580
2354
1977
240
1853
670
1233
2001
581
889
752
1319
2342
347
1007
665
287
1691
2760
767
595
280
1898
1874
1900
2767
504
1300
1181
83
258
996
2480
2503
2111
1213
1618
2401
1199
2645
788
1367
2133
1922
2824
105
2163
2266
1519
164
548
1877
2153
150
259

