1 0
2 0
3 1
4 1
5 0
6 0
7 0
8 1
9 0
10 1
11 1
12 0
13 1
14 1
15 0
16 0
17 0
18 1
19 1
20 0
21 0
22 0
23 1
24 0
25 0
26 0
27 1
28 1
29 1
30 0
31 0
32 0
33 1
34 1
35 0
36 1
37 0
38 0
39 0
40 1
41 1
42 1
43 1
44 1
45 1
46 1
47 0
48 0
49 1
50 0
51 1
52 0
53 0
54 0
55 0
56 0
57 1
58 1
59 1
60 0
61 1
62 0
63 1
64 0
65 1
66 1
67 1
68 1
69 1
70 1
71 0
72 1
73 1
74 1
75 1
76 1
77 1
78 0
79 0
80 1
81 0
82 0
83 0
84 1
85 0
86 1
87 0
88 0
89 1
90 0
91 1
92 0
93 0
94 0
95 1
96 0
97 0
98 0
99 1
100 0
101 0
102 0
103 0
104 1
105 1
106 0
107 0
108 0
109 0
110 0
111 1
112 1
113 1
114 1
115 0
116 0
117 0
118 0
119 1
120 1
121 0
122 1
123 0
124 1
125 1
126 0
127 0
128 1
129 0
130 0
131 0
132 0
133 1
134 0
135 1
136 1
137 1
138 0
139 0
140 1
141 0
142 0
143 1
144 0
145 1
146 1
147 1
148 0
149 1
150 1
151 0
152 0
153 0
154 0
155 0
156 1
157 0
158 0
159 1
160 0
161 0
162 0
163 0
164 1
165 0
166 0
167 0
168 1
169 1
170 1
171 1
172 1
173 0
174 0
175 1
176 1
177 0
178 0
179 1
180 0
181 1
182 1
183 0
184 1
185 1
186 1
187 0
188 0
189 1
190 0
191 0
192 0
