1 1
2 1
3 1
4 1
5 1
6 0
7 1
8 1
9 1
10 1
11 0
12 1
13 0
14 0
15 0
16 1
17 1
18 1
19 1
20 1
21 1
22 0
23 1
24 0
25 1
26 1
27 1
28 0
29 0
30 1
31 1
32 1
33 1
34 0
35 1
36 0
37 1
38 1
39 0
40 0
41 0
42 0
43 1
44 0
45 1
46 1
47 1
48 0
49 0
50 0
51 1
52 1
53 1
54 1
55 1
56 1
57 1
58 0
59 0
60 1
61 1
62 0
63 1
64 1
65 1
66 1
67 1
68 1
69 0
70 1
71 1
72 0
73 1
74 0
75 0
76 1
77 0
78 1
79 0
80 0
81 0
82 0
83 0
84 1
85 0
86 1
87 1
88 1
89 0
90 1
91 1
92 1
93 1
94 1
95 0
96 0
97 1
98 0
99 1
100 1
101 0
102 1
103 0
104 1
105 1
106 1
107 1
108 0
109 1
110 1
111 0
112 0
113 0
114 0
115 1
116 0
117 1
118 0
119 1
120 0
121 1
122 1
123 1
124 0
125 0
126 0
127 1
128 0
129 0
130 0
131 0
132 0
133 1
134 1
135 0
136 1
137 1
138 0
139 1
140 1
141 1
142 0
143 1
144 1
145 1
146 1
147 1
148 1
149 1
150 1
151 0
152 1
153 0
154 1
155 1
156 1
157 1
158 0
159 1
160 1
161 1
162 0
163 1
164 1
165 1
166 0
167 1
168 1
169 1
170 0
171 0
172 0
173 1
174 1
175 0
176 1
177 0
178 0
179 0
180 1
181 0
182 1
183 1
184 1
185 1
186 0
187 0
188 1
189 1
190 0
191 1
192 1
193 0
194 0
195 0
196 0
197 0
198 1
199 0
200 1
201 1
202 0
203 1
204 1
205 0
206 1
207 1
208 1
209 0
210 1
211 1
212 1
213 0
214 0
215 1
216 1
217 1
218 1
219 0
220 1
221 1
222 0
223 1
224 0
225 1
226 0
227 1
228 1
229 1
230 1
231 0
232 0
233 1
234 1
235 1
236 1
237 0
238 1
239 1
240 1
241 0
242 0
243 1
244 1
245 0
246 1
247 0
248 0
249 1
250 0
251 0
252 1
253 0
254 0
255 1
256 0
257 1
258 0
259 0
260 0
261 1
262 1
263 1
264 1
265 1
266 0
267 0
268 0
269 1
270 0
271 1
272 0
273 1
274 1
275 1
276 1
277 1
278 0
279 0
280 0
281 1
282 0
283 1
284 0
285 0
286 0
287 1
288 1
289 1
290 0
291 1
292 1
293 0
294 1
295 1
296 0
297 1
298 1
299 0
300 1
301 0
302 1
303 1
304 1
305 1
306 0
307 0
308 1
309 1
310 1
311 0
312 1
313 1
314 0
315 1
316 1
317 1
318 1
319 1
320 0
321 1
322 1
323 0
324 1
325 0
326 0
327 0
328 1
329 1
330 1
331 1
332 1
333 0
334 1
335 1
336 1
337 0
338 0
339 0
340 0
341 0
342 1
343 1
344 1
345 0
346 1
347 1
348 1
349 1
350 0
351 0
352 1
353 1
354 1
355 0
356 1
357 1
358 0
359 1
360 1
361 1
362 0
363 1
364 0
365 1
366 1
367 0
368 1
369 0
370 1
371 1
372 1
373 0
374 1
375 1
376 0
377 0
378 1
379 1
380 0
381 0
382 1
383 1
384 0
385 1
386 1
387 1
388 0
389 0
390 0
391 0
392 1
393 0
394 1
395 1
396 1
397 0
398 1
399 0
400 0
401 0
402 0
403 1
404 1
405 0
406 1
407 0
408 0
409 0
410 0
411 0
412 1
413 0
414 1
415 1
416 1
417 1
418 1
419 0
420 1
421 1
422 1
423 0
424 1
425 1
426 1
427 0
428 1
429 1
430 0
431 0
432 1
433 1
434 1
435 0
436 1
437 1
438 0
439 0
440 0
441 1
442 1
443 1
444 1
445 1
446 1
447 0
448 1
449 0
450 1
451 1
452 0
453 0
454 0
455 1
456 1
457 0
458 1
459 1
460 1
461 0
462 1
463 1
464 0
465 1
466 1
467 0
468 1
469 1
470 1
471 1
472 0
473 1
474 0
475 1
476 0
477 1
478 0
479 1
480 1
481 1
482 0
483 1
484 1
485 0
486 1
487 0
488 0
489 0
490 1
491 1
492 1
493 1
494 1
495 0
496 1
497 0
498 1
499 0
500 1
501 1
502 0
503 0
504 0
505 0
506 0
507 1
508 1
509 1
510 1
511 1
512 1
513 1
514 0
515 0
516 0
517 1
518 1
519 0
520 0
521 0
522 0
523 0
524 0
525 1
526 1
527 1
528 1
529 0
530 0
531 1
532 0
533 1
534 1
535 1
536 1
537 1
538 1
539 1
540 1
541 0
542 1
543 0
544 0
545 1
546 0
547 0
548 1
549 0
550 0
551 1
552 1
553 1
554 1
555 0
556 0
557 1
558 1
559 1
560 1
561 1
562 0
563 0
564 0
565 0
566 0
567 0
568 0
569 0
570 1
571 1
572 0
573 1
574 1
575 0
576 0
577 0
578 1
579 0
580 1
581 1
582 0
583 0
584 1
585 1
586 1
587 0
588 1
589 0
590 1
591 0
592 1
593 1
594 1
595 0
596 0
597 0
598 0
599 1
600 1
601 1
602 1
603 0
604 0
605 0
606 0
607 0
608 0
609 1
610 1
611 1
612 1
613 0
614 1
615 1
616 0
617 1
618 1
619 1
620 1
621 1
622 1
623 1
624 0
625 1
626 1
627 1
628 0
629 0
630 0
631 0
632 0
633 0
634 1
635 0
636 0
637 0
638 1
639 1
640 0
641 0
642 1
643 1
644 0
645 0
646 1
647 0
648 0
649 1
650 0
651 0
652 0
653 0
654 0
655 0
656 1
657 0
658 1
659 0
660 0
661 0
662 0
663 0
664 0
665 0
666 0
667 1
668 0
669 1
670 1
671 1
672 1
673 0
674 0
675 1
676 1
677 1
678 1
679 1
680 1
681 1
682 1
683 1
684 1
685 1
686 1
687 1
688 1
689 1
690 0
691 0
692 0
693 0
694 1
695 1
696 0
697 1
698 1
699 1
700 1
701 0
702 1
703 1
704 1
705 1
706 1
707 1
708 0
709 1
710 1
711 0
712 0
713 0
714 0
715 0
716 1
717 1
718 1
719 0
720 0
721 0
722 0
723 0
724 0
725 0
726 0
727 0
728 0
729 0
730 0
731 0
732 0
733 1
734 1
735 0
736 1
737 1
738 0
739 0
740 0
741 0
742 1
743 1
744 1
745 1
746 1
747 1
748 1
749 1
750 1
751 1
752 0
753 1
754 1
755 1
756 0
757 1
758 0
759 0
760 0
761 0
762 1
763 1
764 1
765 0
766 1
767 0
768 0
769 1
770 0
771 1
772 0
773 0
774 1
775 0
776 1
777 0
778 0
779 0
780 1
781 0
782 0
783 1
784 0
785 0
786 0
787 0
788 1
789 1
790 0
791 0
792 1
793 1
794 0
795 0
796 0
797 0
798 0
799 0
800 1
801 0
802 1
803 1
804 1
805 0
806 0
807 1
808 1
809 1
810 1
811 1
812 1
813 1
814 0
815 1
816 0
817 0
818 0
819 1
820 0
821 1
822 1
823 1
824 1
825 0
826 1
827 1
828 0
829 1
830 0
831 1
832 1
833 1
834 1
835 1
836 1
837 0
838 0
839 0
840 1
841 0
842 1
843 0
844 0
845 1
846 1
847 1
848 1
849 0
850 1
851 0
852 0
853 0
854 1
855 0
856 1
857 1
858 0
859 0
860 0
861 1
862 0
863 1
864 0
865 0
866 1
867 0
868 1
869 0
870 1
871 0
872 1
873 0
874 0
875 1
876 0
877 1
878 1
879 1
880 1
881 1
882 1
883 0
884 1
885 1
886 0
887 0
888 1
889 0
890 0
891 1
892 0
893 1
894 0
895 1
896 1
897 1
898 1
899 1
900 0
901 1
902 0
903 0
904 1
905 0
906 0
907 0
908 1
909 1
910 0
911 0
912 1
913 0
914 1
915 0
916 0
917 0
918 0
919 0
920 1
921 0
922 0
923 0
924 1
925 1
926 1
927 1
928 1
929 0
930 0
931 1
932 1
933 1
934 0
935 1
936 0
937 1
938 0
939 0
940 0
941 0
942 0
943 1
944 1
945 0
946 0
947 1
948 1
949 1
950 1
951 0
952 0
953 0
954 0
955 0
956 1
957 0
958 0
959 0
960 0
961 1
962 0
963 0
964 0
965 0
966 0
967 0
968 1
969 0
970 1
971 1
972 1
973 0
974 1
975 0
976 0
977 0
978 0
979 1
980 1
981 1
982 0
983 1
984 0
985 0
986 0
987 0
988 0
989 0
990 1
991 1
992 1
993 0
994 0
995 0
996 0
997 0
998 1
999 0
1000 1
1001 0
1002 1
1003 0
1004 1
1005 1
1006 1
1007 1
1008 0
1009 0
1010 1
1011 1
1012 0
1013 0
1014 0
1015 1
1016 0
1017 0
1018 0
1019 0
1020 0
1021 0
1022 1
1023 1
1024 0
1025 1
1026 0
1027 1
1028 0
1029 0
1030 1
1031 1
1032 1
1033 0
1034 1
1035 0
1036 1
1037 0
1038 0
1039 0
1040 0
1041 0
1042 1
1043 0
1044 0
1045 0
1046 1
1047 1
1048 1
1049 1
1050 1
1051 1
1052 1
1053 1
1054 1
1055 0
1056 1
1057 0
1058 1
1059 0
1060 1
1061 1
1062 0
1063 1
1064 1
1065 0
1066 1
1067 1
1068 1
1069 1
1070 1
1071 1
1072 0
1073 0
1074 0
1075 0
1076 0
1077 1
1078 1
1079 0
1080 1
1081 1
1082 0
1083 0
1084 0
1085 0
1086 1
1087 0
1088 1
1089 1
1090 1
1091 1
1092 1
1093 0
1094 1
1095 1
1096 0
1097 1
1098 0
1099 1
1100 0
1101 1
1102 0
1103 1
1104 1
1105 0
1106 0
1107 1
1108 1
1109 0
1110 0
1111 0
1112 0
1113 1
1114 0
1115 1
1116 0
1117 0
1118 1
1119 1
1120 0
1121 0
1122 0
1123 0
1124 0
1125 0
1126 0
1127 0
1128 1
1129 0
1130 1
1131 0
1132 1
1133 0
1134 0
1135 0
1136 0
1137 1
1138 0
1139 1
1140 1
1141 1
1142 0
1143 0
1144 0
1145 1
1146 0
1147 1
1148 0
1149 1
1150 1
1151 1
1152 0
1153 0
1154 0
1155 0
1156 1
1157 1
1158 1
1159 1
1160 1
1161 1
1162 0
1163 1
1164 1
1165 1
1166 1
1167 1
1168 1
1169 0
1170 0
1171 0
1172 0
1173 0
1174 0
1175 1
1176 1
1177 0
1178 0
1179 0
1180 0
1181 0
1182 1
1183 1
1184 0
1185 0
1186 0
1187 0
1188 1
1189 0
1190 0
1191 0
1192 0
1193 0
1194 0
1195 1
1196 0
1197 1
1198 1
1199 1
1200 1
1201 0
1202 0
1203 0
1204 0
1205 1
1206 0
1207 0
1208 1
1209 1
1210 0
1211 1
1212 1
1213 0
1214 1
1215 1
1216 1
1217 1
1218 0
1219 0
1220 1
1221 1
1222 1
1223 1
1224 0
1225 0
1226 0
1227 1
1228 1
1229 0
1230 0
1231 1
1232 0
1233 0
1234 0
1235 1
1236 1
1237 0
1238 1
1239 1
1240 1
1241 0
1242 0
1243 1
1244 1
1245 1
1246 1
1247 0
1248 0
1249 0
1250 1
1251 0
1252 0
1253 0
1254 1
1255 0
1256 1
1257 0
1258 0
1259 1
1260 0
1261 0
1262 0
1263 0
1264 0
1265 1
1266 1
1267 0
1268 1
1269 0
1270 0
1271 1
1272 0
1273 1
1274 1
1275 1
1276 0
1277 0
1278 0
1279 0
1280 0
1281 0
1282 0
1283 0
1284 0
1285 0
1286 1
1287 1
1288 0
1289 0
1290 0
1291 0
1292 1
1293 0
1294 1
1295 0
1296 1
1297 1
1298 0
1299 1
1300 1
1301 0
1302 1
1303 1
1304 0
1305 0
1306 0
1307 0
1308 0
1309 0
1310 0
1311 0
1312 1
1313 1
1314 0
1315 0
1316 0
1317 0
1318 0
1319 0
1320 0
1321 0
1322 1
1323 0
1324 0
1325 0
1326 0
1327 0
1328 0
1329 0
1330 1
1331 0
1332 1
1333 1
1334 1
1335 1
1336 1
1337 0
1338 0
1339 1
1340 0
1341 0
1342 0
1343 0
1344 1
1345 0
1346 0
1347 0
1348 0
1349 0
1350 0
1351 1
1352 1
1353 0
1354 0
1355 0
1356 1
1357 1
1358 1
1359 0
1360 1
1361 0
1362 1
1363 0
1364 1
1365 1
1366 0
1367 1
1368 0
1369 0
1370 0
1371 0
1372 0
1373 0
1374 0
1375 1
1376 1
1377 0
1378 1
1379 0
1380 0
1381 0
1382 0
1383 1
1384 1
1385 1
1386 1
1387 0
1388 1
1389 0
1390 0
1391 0
1392 1
1393 1
1394 1
1395 1
1396 1
1397 0
1398 1
1399 0
1400 1
1401 0
1402 0
1403 1
1404 1
1405 0
1406 0
1407 1
1408 0
1409 0
1410 0
1411 0
1412 0
1413 0
1414 1
1415 1
1416 0
1417 1
1418 0
1419 1
1420 0
1421 1
1422 1
1423 1
1424 1
1425 1
1426 1
1427 1
1428 0
1429 0
1430 1
1431 1
1432 1
1433 0
1434 0
1435 0
1436 0
1437 0
1438 0
1439 0
1440 0
1441 0
1442 0
1443 0
1444 0
1445 0
1446 0
1447 0
1448 1
1449 1
1450 1
1451 1
1452 0
1453 1
1454 0
1455 0
1456 0
1457 0
1458 1
1459 0
1460 0
1461 0
1462 1
1463 0
1464 1
1465 0
1466 0
1467 0
1468 0
1469 1
1470 1
1471 1
