521
1053
2926
1352
1969
1939
997
2820
709
1238
86
231
1052
332
2382
1585
1173
1362
113
2143
1927
174
1634
456
2712
1398
941
1682
593
21
1691
619
1711
2094
929
876
1376
1389
2512
68
167
564
995
2468
940
232
2684
83
909
1507
1944
408
2507
2908
69
976
2089
990
942
2940
2101
1281
424
2588
1427
1925
753
1534
1215
2060
399
441
515
2498
118
480
2633
274
1291
1459
2074
133
1670
477
2476
637
37
465
820
2149
1458
1960
2242
1388
1970
2896
2037
1671
2259
1750
2591
2268
105
91
699
2409
1818
1433
425
1808
1404
127
1452
1823
312
5
1107
1268
2821
673
1769
1001
2889
1341
439
2283
494
633
1669
130
736
1741
2768
2664
1472
1217
2126
2694
2442
451
2567
2803
1004
2584
475
1028
1726
1709
939
1127
2376
1380
323
1552
2503
930
1075
2044
1551
1746
1416
880
2829
2367
443
2360
1282
857
2238
2098
2655
1708
2299
2505
2554
87
2610
62
48
2665
1548
697
823
2528
2669
2537
2922
574
194
2411
678
2885
615
2219
648
2397
2724
588
809
567
1896
2672
875
2063
2526
1334
2745
577
2625
1571
2941
331
2148
1954
1888
289
610
1350
1381
2899
908
1636
2493
1897
835
2743
2184
2115
1738
446
124
540
2134
2612
2362
2130
2207
1036
2277
2600
415
1226
1108
1344
2365
1015
463
291
88
1549
2765
1328
2542
158
316
2165
2806
1646
973
223
2309
2474
24
919
122
1372
856
2520
2862
2090
51
2767
1982
1794
1496
255
900
1198
1095
552
1278
2459
270
1522
2330
58
775
1797
1057
2257
512
805
371
1384
117
1950
559
156
1860
1109
1166
1643
2728
1914
2622
282
2755
2523
1349
379
859
657
2688
2513
1072
1073
2213
551
1891
1602
2420
626
1189
1707
2280
2012
2836
2621
591
2351
397
252
1598
2470
1145
2070
1975
705
1048
760
884
42
2353
2480
1342
571
1736
2189
269
448
1935
543
2352
1981
119
1786
1329
1055
977
2114
59
889
2780
249
1704
1813
1115
772
360
1407
1684
140
901
1149
1722
216
2081
1157
1466
2609
554
1926
349
351
1771
2546
1410
1946
0
308
1332
2524
1870
1706
329
224
913
2418
1776
1239
166
1799
2823
1125
924
1257
923
2849
2389
2604
2854
2508
1623
2249
549
1683
695
2939
2370
1725
142
1696
2313
1911
320
2004
1076
946
1183
746
300
2013
2082
1221
306
1627
892
1556
1955
344
1156
2161
2643
1578
2248
2533
2129
203
165
2417
1536
1316
1910
1909
1011
2342
557
1523
1331
2253
1978
1801
1951
2246
2518
2425
2220
472
2054
1274
960
2516
761
1112
2469
917
2603
1336
2393
2262
497
1597
2276
1675
2226
1079
2197
2750
981
608
70
1698
502
1662
1000
2108
2028
1555
1370
2483
968
1828
1497
1306
2601
845
148
2826
1430
714
1885
2687
1917
1779
2196
437
2624
2371
1111
2201
1835
781
658
2648
1182
202
2458
511
1181
1748
2580
2758
1803
2883
2308
918
2050
1518
2391
2318
263
313
2592
2310
2400
1583
2623
1563
2598
1934
950
2152
2065
1265
682
2775
964
1546
2657
660
350
1283
1003
450
1747
1817
367
2853
2023
804
2007
2043
2585
1194
1504
2796
2281
1120
1612
1480
2578
1473
787
724
299
2870
547
666
246
642
1628
2118
1586
1806
1229
1130
1203
541
276
215
1608
2303
728
2072
2900
2385
1204
185
1899
2278
975
421
2368
1103
457
514
778
774
1377
2882
1895
2844
1721
2131
1397
2116
2544
2714
236
2704
2355
1689
471
2494
2034
2088
1517
121
201
2339
2764
440
65
2741
2560
1527
2781
1463
2345
2706
1386
458
1765
413
1114
645
2496
2478
1524
1543
1723
2444
2894
1581
1924
1249
1153
1280
1918
1090
1591
340
2236
1401
1985
330
1539
2711
2557
754
1491
213
872
459
2771
702
2555
411
1195
1973
2891
949
583
1798
860
744
388
2576
612
455
29
1049
1695
2887
1162
2675
962
1141
894
2095
1188
895
297
1900
1668
1413
2497
373
1767
1148
1732
750
1206
1051
2180
2192
2608
120
822
73
624
1258
903
1514
2667
1276
2538
1616
2841
2627
2225
322
1025
132
1056
2229
250
743
1396
1493
2673
1399
374
2799
1295
718
916
1606
1088
2847
2515
1279
716
2510
1179
2106
57
27
266
798
1435
688
914
1065
2919
2183
16
1908
41
2614
1402
358
2447
1005
1761
2295
2872
550
1098
2133
1259
447
1287
192
517
1881
505
363
259
325
432
1983
284
1690
959
290
565
2906
208
479
1085
2102
1686
982
768
1393
811
1932
1838
664
106
2059
221
176
970
2488
2791
2549
2525
603
1593
2632
197
2690
402
625
1357
2677
2194
928
735
2263
34
1629
1180
2291
722
438
2193
1609
963
1788
2784
2715
863
498
1599
2763
258
496
1919
1464
210
1568
1660
318
828
1087
717
1343
1928
2154
729
2227
1588
1471
2545
1138
635
364
1824
2556
1426
1071
1887
662
217
134
108
2390
2064
1358
1822
2017
1735
1303
1032
1476
1938
1656
953
687
1099
838
2856
1118
1977
1047
2181
2617
1991
1658
414
1363
1871
638
2221
758
527
2174
183
136
366
2323
1521
984
38
852
1034
2327
1990
2798
1199
1443
2726
2917
2730
1645
2568
2867
1431
639
1857
2563
1081
1161
1263
1633
1205
2920
815
821
26
2855
711
1560
830
2876
1314
1930
1012
1096
1580
799
2705
2455
789
1465
365
887
2426
396
2162
1733
116
1412
2509
2729
779
1846
2912
2175
1715
1511
826
1193
54
1724
525
2641
1043
710
2937
2810
2616
2398
622
1875
2504
1825
1440
2364
2105
1417
2048
971
2195
2897
406
2234
2019
604
2636
10
570
1859
1622
2816
2674
2266
1241
2869
211
369
2341
2642
2317
2096
2151
2119
6
2852
2099
623
152
2475
2185
1992
1234
614
2587
922
2934
797
1468
881
426
1680
1009
66
2640
2335
1655
186
1676
1438
1144
1167
2703
808
2304
1243
607
1058
2200
1844
2073
74
1432
1254
2733
749
1850
945
453
1998
2881
2270
896
526
535
2461
1411
262
1067
813
2762
1477
1492
43
870
2843
1039
2286
2562
1482
2918
627
2815
196
1207
2035
2936
855
1700
2103
1368
801
2141
507
2069
1488
1576
592
921
1864
2607
579
1877
1705
2015
2495
1963
594
1890
1178
2344
2366
2177
125
601
654
1540
189
792
2756
616
2832
2062
1219
240
2334
172
305
251
2463
428
866
878
1516
1272
1269
766
1395
2484
690
2003
385
1940
2572
370
814
689
2915
2709
912
261
419
2817
1762
1209
361
1321
1734
22
1701
611
1373
256
137
1621
843
947
372
2692
2846
2031
1232
157
2241
1092
2243
668
1782
2740
2559
2191
2322
2663
103
85
435
1033
2274
1008
1020
2697
1139
2435
2182
2535
2422
404
1673
2913
2107
1119
1210
2033
2172
327
2272
1447
1615
2851
2932
2482
2346
524
1814
129
2473
32
1728
2340
2595
1151
1104
2586
161
1351
2157
853
1105
2861
519
933
646
674
1185
1176
1016
478
2208
1902
2778
1
2519
1561
1310
2237
1952
882
1906
218
1901
2410
600
2179
569
1575
1730
1617
605
1174
555
818
1400
925
2680
2757
1974
2597
806
2860
659
2282
503
771
1577
2837
1086
2547
182
890
2091
1587
170
1759
2460
2670
8
613
1920
1006
2736
393
253
2401
2429
304
2
580
2427
2446
2916
1912
756
1172
1778
2779
1619
1509
1069
1423
2769
2935
2121
2358
1246
1121
661
655
2666
1231
1657
2153
1603
53
751
1720
1046
1972
1158
1113
2589
2701
1644
1929
2739
1429
2759
2933
407
943
84
1403
2650
2813
1175
235
2083
2577
2132
2018
1541
2040
931
988
676
260
1084
2848
2199
1745
2878
1654
1222
18
650
2725
1240
965
2631
698
2085
1933
1986
2599
2100
1169
2564
2343
2529
2451
187
1420
307
1415
1190
47
2454
2606
1802
2294
209
2297
403
301
445
780
1094
632
899
1994
1346
144
708
1905
537
2011
1766
1237
2905
1348
1837
1022
2413
2619
2575
353
1805
955
783
2722
879
1710
241
2145
1192
1365
1322
2909
2628
1792
405
391
1681
2531
427
226
868
1102
1639
684
1454
175
2721
1311
1347
2290
2363
436
1572
2378
2436
2448
46
1815
1070
788
1286
2314
1170
20
1080
2536
1227
352
2430
2818
2163
2467
1883
2047
2788
2010
2254
2888
2127
2078
2215
1378
544
643
1579
1501
2596
2329
2539
1607
2827
2002
692
1424
1550
95
2231
1729
294
2828
2776
2574
2097
1260
2038
2744
112
2456
1409
752
523
1584
77
2477
1638
2307
721
785
2245
1146
2858
825
347
2644
992
1290
1916
386
464
1663
2462
2618
145
1904
2830
1061
1595
2075
2471
1867
862
237
61
1235
2449
2032
2683
893
2807
2479
1957
2071
96
275
1333
2173
2710
2550
1854
2777
283
652
1147
1446
1035
2057
2357
1667
336
902
1214
1862
634
1768
2658
1820
2645
2651
563
996
343
1712
509
2541
1449
1740
2466
2630
2570
1354
1893
2561
171
2770
356
1528
2734
1077
14
2056
389
2754
473
2380
2068
195
2384
348
763
25
2383
1355
2273
1513
1764
2328
2737
2814
1078
2289
1547
867
1505
531
2790
39
76
2506
1045
2649
2079
966
1604
1553
1742
2326
807
706
656
2408
700
764
873
468
131
199
1770
92
1665
998
2042
1996
795
2232
732
2292
2164
1220
1315
2244
268
1223
2052
1097
2080
2255
1106
1774
357
1520
958
829
2822
832
149
755
1485
595
2311
1024
704
1945
2348
576
2868
467
983
578
2747
2233
874
927
952
1297
278
1093
280
1984
1218
2402
1863
504
1702
2419
1752
2824
1506
394
2464
2686
858
1878
335
247
1340
123
2486
1129
2865
1872
1852
2492
833
803
2502
2450
2766
1874
1503
1248
1211
2150
2287
1923
2055
1574
1979
2890
219
1244
2637
2500
1187
1755
476
2168
802
2347
1545
2412
1494
1197
222
885
1245
1866
2120
2117
2487
2548
1270
126
864
2014
248
1807
491
1965
2928
562
11
2336
1843
2723
1744
667
2293
790
2794
377
409
1275
229
1641
2921
2514
2171
2024
2895
2135
15
2938
1830
2797
239
2279
2027
1133
2111
1330
1530
1714
1502
620
2735
2893
2176
2009
1296
2551
1392
1961
810
383
483
2140
581
1510
831
1285
1605
932
1391
1481
2719
1717
516
1059
1839
1590
354
679
1915
1007
2260
725
493
1758
2886
2022
979
1647
2638
1309
528
1980
786
1632
2691
1374
1369
2224
767
1044
2020
2005
2850
163
1134
2386
1101
2438
586
243
154
1861
390
2252
920
315
1892
2036
980
2892
759
286
2873
2702
1387
1880
621
1810
817
1640
2170
2582
1713
2611
877
1284
647
111
1995
2285
2613
2573
2786
726
1361
160
1836
1040
381
967
1014
1564
422
398
288
2086
1976
2698
469
738
951
151
2169
1685
2316
82
1827
747
1422
49
1772
164
1678
2927
4
179
2782
948
770
146
2113
2602
2338
2931
205
2825
452
23
1266
2008
691
1661
1508
739
1531
2275
2228
1460
1841
94
1784
1066
1962
793
1760
444
416
2210
794
994
501
1277
1262
225
104
2441
617
2021
346
470
2731
1356
2801
2122
1699
1339
188
2305
2359
1544
1320
1326
969
606
2875
115
2732
1261
675
2910
1448
1515
837
204
1299
368
342
2534
1366
1019
2109
1832
2067
1135
2396
2369
2058
2864
298
500
2835
1943
1385
854
2269
2653
159
2689
1853
257
2167
2695
1889
1002
2321
321
89
2271
2699
412
2320
56
2392
1789
871
1271
2901
400
1117
2166
2239
2718
2217
2137
2128
1253
2039
1731
2125
2521
162
1624
1666
139
2517
1842
63
1132
2465
1462
1323
1456
1131
2634
442
2190
1648
1307
2485
2773
2727
267
2319
1569
2647
886
1406
234
1230
1319
1490
2298
2453
1851
1743
206
2707
2053
978
2155
2061
180
2532
1849
532
2421
961
2491
1474
2240
2452
2214
359
1126
888
279
481
1383
2136
1913
2404
431
1749
1030
1787
985
2159
1300
341
2325
2530
1625
401
1251
777
2738
242
1931
2925
2792
2077
745
1293
2247
2753
1414
846
78
1753
2871
2209
52
495
2216
906
99
79
1873
128
796
1538
2432
314
2880
1110
891
265
2110
429
1697
1737
2605
1635
2158
1537
2146
1947
556
2789
2439
861
1247
1338
1566
12
36
214
310
1637
1796
1529
230
2879
1559
727
1613
1318
936
1382
2716
2615
897
200
1589
1942
680
1964
1775
31
220
1783
382
177
1337
1054
1565
1800
599
2264
560
636
836
2685
2761
2787
2087
2501
1408
2222
100
1196
319
1489
1596
740
2748
2399
1819
317
1165
64
1855
2720
542
2811
2025
169
1060
2635
713
1327
1858
2261
1809
1419
907
665
281
2337
417
30
1437
748
730
558
2558
1143
644
533
2481
841
1136
1267
2332
2204
2205
1610
1242
1693
1831
2301
326
420
2774
1988
609
2594
2104
1360
1793
686
254
1027
1785
800
1152
2652
271
474
584
1533
1600
2751
1987
1325
2819
561
345
418
1031
513
2198
1898
530
1649
2522
1664
784
1833
1777
2660
663
587
1418
2626
1868
1956
28
2434
2805
2016
2066
1228
2001
2857
1594
17
1298
1255
630
1252
1879
1017
434
2443
812
827
693
2374
2395
1042
2203
488
2553
3
1140
1614
147
1562
2403
2230
461
769
1236
273
1444
844
296
1894
1201
672
81
1479
2866
1038
1781
1498
1256
1876
2800
2306
1436
1652
1847
1041
742
972
1790
2267
93
482
839
1154
1922
1791
1650
2188
2838
107
719
847
999
355
2415
40
387
683
2833
585
2783
1848
2375
2212
819
641
2772
1364
2006
293
2859
1512
2742
1484
2202
1089
1250
1212
337
380
1694
2381
2903
910
1390
905
1191
2808
2178
2251
2187
2250
492
1554
848
701
737
757
2877
2372
534
2929
466
1150
2084
1804
295
67
2511
2356
1821
2668
395
1137
33
824
2324
1856
2000
2679
1461
2428
1826
865
45
1233
2565
1063
1907
649
2809
2659
1716
776
292
1812
518
71
1672
1727
114
1573
1375
2431
694
573
490
1010
2671
1884
2760
883
1405
1525
2812
1677
1967
2030
1903
264
1273
773
1483
2552
2258
287
993
173
2300
489
2394
987
1816
1313
2907
1865
1453
1018
378
1021
207
1642
529
935
55
1535
487
1367
60
596
2540
915
720
2752
1200
508
2041
2112
1751
553
190
1208
2571
1941
449
2076
2315
734
1601
109
228
1026
2457
19
2676
1739
484
2373
1968
2147
339
1123
2911
2414
840
2499
1294
782
1455
2923
454
707
7
2361
1630
2884
1811
2424
486
869
2749
2898
2123
669
2046
1224
2406
1499
1470
1451
227
1989
934
1659
2620
384
2593
1345
178
2930
1949
851
338
1993
671
1186
1795
1062
2433
1948
460
2839
703
328
510
181
1301
153
566
1312
2288
2331
2874
155
2793
696
522
2863
2831
212
2840
2924
911
2349
2834
2302
1532
715
1618
1703
238
2235
1171
141
850
1519
2795
2045
1317
572
90
2223
2583
309
1213
1570
1421
506
1304
1457
333
1445
430
44
723
98
849
2489
2708
1359
1500
589
1264
1754
2746
392
1692
285
1379
138
685
1116
499
538
842
485
2656
2842
1029
628
954
1308
2804
244
1921
2437
2379
2312
1439
1064
816
1037
1068
2139
1542
1487
1168
938
9
2138
2186
1626
2654
2092
2440
191
1620
1083
102
2569
568
539
245
2629
2445
1966
991
101
765
1651
2713
2661
2405
2333
302
1679
2049
1756
1450
1100
1302
2700
1869
1718
150
2354
1160
1050
1142
1164
2490
2802
1886
1442
1582
1567
1335
2662
546
1653
1687
791
1557
834
2093
143
1467
1486
1324
2682
2527
1013
193
334
2581
1177
956
1558
1288
1425
311
2646
1674
110
677
1526
989
2377
72
1216
2387
1225
670
2284
898
168
1434
733
651
1845
1688
1611
575
410
462
75
2029
2256
2785
536
1936
2566
1292
2160
1074
1122
2681
1478
1371
937
1394
1592
1757
597
35
712
618
2678
653
2206
1305
598
1428
1202
2156
423
731
2407
1495
1937
2579
184
1159
1719
277
1475
1289
640
1999
2845
926
375
2211
974
1023
1441
2388
2904
590
2902
2124
2543
2144
2296
2590
2639
1155
13
1163
2696
2914
2051
1124
376
233
545
2265
629
2026
1829
50
904
2423
520
1953
631
1469
986
762
2693
433
1959
548
1882
582
1971
1834
1997
2142
2218
135
681
1128
1082
324
1091
272
362
944
303
2350
602
1773
1353
2472
741
198
2416
1763
1631
1840
1958
1184
957
80
1780
97
2717

