1 0
2 1
3 0
4 0
5 0
6 0
7 0
8 1
9 1
10 1
11 0
12 0
13 1
14 0
15 1
16 0
17 1
18 1
19 0
20 0
21 1
22 1
23 1
24 1
25 1
26 1
27 1
28 0
29 0
30 1
31 0
32 1
33 0
34 0
35 0
36 0
37 1
38 1
39 0
40 0
41 0
42 0
43 0
44 1
45 1
46 1
47 1
48 0
49 0
50 0
51 0
52 1
53 0
54 0
55 0
56 0
57 1
58 0
59 1
60 1
61 0
62 0
63 0
64 0
65 1
66 1
67 1
68 1
69 1
70 1
71 1
72 0
73 1
74 1
75 0
76 0
77 1
78 0
79 1
80 1
81 0
82 1
83 1
84 0
85 1
86 1
87 0
88 0
89 1
90 0
91 1
92 0
93 1
94 1
95 0
96 1
97 0
98 0
99 1
100 0
101 1
102 0
103 1
104 1
105 0
106 0
107 0
108 1
109 0
110 0
111 1
112 1
113 1
114 0
115 1
116 1
117 0
118 1
119 0
120 1
121 0
122 1
123 1
124 0
125 1
126 1
127 0
128 0
129 0
130 0
131 1
132 0
133 1
134 1
135 1
136 1
137 0
138 0
139 1
140 0
141 1
142 0
143 1
144 1
145 1
146 1
147 0
148 0
149 1
150 1
151 1
152 1
153 0
154 1
155 1
156 1
157 1
158 0
159 0
160 0
161 0
162 0
163 1
164 1
165 0
166 1
167 1
168 0
169 0
170 0
171 1
172 1
173 1
174 1
175 0
176 1
177 0
178 1
179 0
180 1
181 1
182 1
183 0
184 1
185 1
186 1
187 0
188 0
189 1
190 1
191 1
192 0
193 0
194 1
195 0
196 1
197 1
198 0
199 0
200 1
201 0
202 0
203 1
204 1
205 1
206 1
207 0
208 1
209 1
210 0
211 1
212 0
213 0
214 0
215 0
216 0
217 0
218 1
219 1
220 1
221 0
222 1
223 0
224 0
225 0
226 1
227 0
228 0
229 0
230 0
231 0
232 0
233 0
234 0
235 1
236 0
237 0
238 1
239 1
240 1
241 1
242 0
243 1
244 1
245 1
246 1
247 1
248 1
249 1
250 0
251 1
252 1
253 0
254 1
255 0
256 0
257 0
258 1
259 1
260 1
261 1
262 1
263 0
264 0
265 1
266 1
267 1
268 1
269 1
270 0
271 0
272 1
273 0
274 0
275 1
276 1
277 1
278 1
279 1
280 0
281 1
282 1
283 0
284 0
285 1
286 0
287 1
288 0
289 0
290 1
291 0
292 0
293 0
294 1
295 0
296 0
297 0
298 1
299 0
300 1
301 1
302 0
303 1
304 0
305 1
306 1
307 1
308 1
309 1
310 0
311 1
312 0
313 0
314 1
315 1
316 1
317 0
318 0
319 0
320 0
321 1
322 0
323 1
324 1
325 0
326 0
327 1
328 0
329 0
330 1
331 0
332 0
333 1
334 0
335 1
336 0
337 0
338 1
339 1
340 0
341 0
342 0
343 0
344 1
345 1
346 0
347 1
348 1
349 0
350 0
351 1
352 1
353 0
354 0
355 0
356 0
357 1
358 0
359 1
360 0
361 0
362 0
363 0
364 0
365 1
366 1
367 1
368 0
369 1
370 1
371 1
372 0
373 1
374 0
375 1
376 0
377 0
378 1
379 0
380 1
381 0
382 0
383 1
384 0
385 1
386 1
387 1
388 0
389 0
390 0
391 1
392 1
393 0
394 0
395 1
396 1
397 0
398 1
399 0
400 1
401 0
402 0
403 1
404 1
405 0
406 1
407 0
408 1
409 1
410 0
411 0
412 1
413 0
414 0
415 1
416 0
417 0
418 1
419 0
420 1
421 0
422 1
423 1
424 0
425 0
426 0
427 1
428 1
429 1
430 0
431 0
432 0
433 1
434 1
435 0
436 0
437 1
438 1
439 0
440 1
441 1
442 0
443 1
444 0
445 0
446 1
447 0
448 1
449 0
450 1
451 1
452 1
453 1
454 0
455 0
456 0
457 1
458 0
459 1
460 0
461 1
462 0
463 0
464 0
465 0
466 0
467 1
468 1
469 0
470 1
471 0
472 1
473 0
474 1
475 1
476 0
477 1
478 0
479 1
480 1
481 1
482 1
483 1
484 0
485 1
486 0
487 0
488 0
489 0
490 1
491 1
492 0
493 1
494 0
495 1
496 0
497 1
498 1
499 1
500 1
501 0
502 0
503 1
504 0
505 0
506 1
507 0
508 1
509 1
510 1
511 0
512 1
513 0
514 0
515 0
516 0
517 1
518 0
519 1
520 0
521 0
522 1
523 0
524 1
525 0
526 0
527 1
528 0
529 1
530 1
531 0
532 1
533 0
534 0
535 0
536 0
537 0
538 1
539 0
540 1
541 0
542 0
543 1
544 0
545 1
546 1
547 1
548 1
549 0
550 0
551 1
552 0
553 1
554 1
555 0
556 1
557 1
558 1
559 0
560 1
561 0
562 1
563 1
564 1
565 1
566 0
567 1
568 0
569 0
570 0
571 1
572 0
573 1
574 1
575 1
576 1
577 1
578 1
579 1
580 0
581 1
582 1
583 0
584 1
585 1
586 1
587 1
588 1
589 0
590 0
591 0
592 0
593 0
594 0
595 0
596 1
597 0
598 0
599 0
600 0
601 1
602 1
603 1
604 0
605 0
606 1
607 0
608 1
609 0
610 1
611 1
612 0
613 1
614 1
615 0
616 1
617 0
618 1
619 0
620 0
621 0
622 1
623 0
624 0
625 1
626 0
627 1
628 1
629 1
630 1
631 0
632 0
633 1
634 1
635 1
636 1
637 1
638 1
639 1
640 1
641 0
642 1
643 0
644 1
645 0
646 1
647 0
648 1
649 1
650 1
651 1
652 0
653 1
654 1
655 1
656 1
657 1
658 0
659 1
660 1
661 0
662 1
663 1
664 0
665 0
666 0
667 1
668 0
669 1
670 1
671 0
672 1
673 0
674 1
675 0
676 0
677 0
678 1
679 1
680 0
681 1
682 0
683 0
684 0
685 1
686 1
687 0
688 0
689 1
690 0
691 1
692 1
693 1
694 1
695 0
696 1
697 1
698 1
699 0
700 1
701 0
702 1
703 0
704 1
705 0
706 0
707 1
708 1
709 0
710 1
711 1
712 0
713 1
714 0
715 0
716 1
717 1
718 0
719 1
720 1
721 0
722 1
723 1
724 1
725 0
726 1
727 1
728 0
729 0
730 1
731 0
732 0
733 1
734 1
735 0
736 1
737 1
738 1
739 1
740 0
741 1
742 1
743 1
744 1
745 1
746 1
747 1
748 1
749 1
750 1
751 1
752 1
753 0
754 1
755 0
756 0
757 1
758 0
759 1
760 1
761 1
762 0
