1939
45
1745
120
2398
924
1998
1050
147
2589
97
899
1895
256
658
699
2184
1361
1841
2659
1426
738
432
1041
2756
992
1274
1030
1864
282
1763
418
1272
2274
371
948
1806
2907
2644
1084
628
786
127
1187
2008
2223
1316
364
340
2912
2238
1097
1802
1156
2185
184
1208
1483
107
843
1789
1349
1196
2596
2552
559
2053
2574
2199
91
1885
1447
586
1141
1113
257
2017
2155
65
1730
2296
422
869
247
2473
1456
905
515
2066
621
1801
2281
1391
2109
2513
1261
2368
2687
366
300
1737
1994
1403
1808
1383
460
2045
880
2593
771
2782
2618
1365
2617
1978
1037
908
2571
556
2747
467
1492
2349
2112
1708
609
588
1139
2697
2845
1170
350
1416
1800
2637
2188
1432
2385
1002
890
2450
265
453
2893
2825
1924
1033
672
37
1536
1049
2324
2713
2794
1498
2434
1440
1060
2283
2284
2484
2901
86
2257
2696
1589
2838
1343
2308
174
395
2529
1595
2330
1488
1889
1450
1792
2382
2462
2132
1729
2360
441
1308
2235
2298
2441
36
1094
1417
238
2061
678
2708
753
2255
112
2285
1352
2549
149
2087
744
2657
1336
1053
1164
2850
2020
2920
1764
1438
1688
1478
1830
2392
1022
1821
2014
2422
1135
2578
1973
2813
1793
500
926
2221
2711
2917
356
1441
811
1332
1929
1849
983
1616
1593
804
859
2399
2322
2533
2291
2851
346
1732
2682
812
1065
1118
219
2470
462
872
1636
393
1782
2765
929
1724
1499
1812
2009
1719
489
1110
561
1425
1755
1277
1661
75
2224
156
2733
2802
310
2512
2706
2304
1619
2876
1268
613
1774
1845
605
1861
1312
2363
216
999
2227
2340
250
2866
1400
1784
891
2265
714
2785
2523
736
424
2705
960
2405
2094
2236
784
567
1788
701
1295
2729
2762
917
765
493
1559
2347
1505
949
2229
485
1088
2668
2192
2028
2338
1220
2923
2930
2576
1453
109
537
1574
1380
1222
503
2906
175
1741
2640
1291
1249
1069
1107
1003
758
1142
2775
2522
884
1051
2525
980
1015
918
1988
1966
389
1471
2766
2666
353
2266
809
2505
1027
2413
2679
2530
1260
2001
81
2867
392
1217
263
1452
2502
518
142
2263
2136
1313
2763
2127
2859
2744
1794
2259
2858
2924
1950
1288
245
1026
1713
838
1473
996
2719
2280
1183
2307
570
315
1882
2386
1490
1130
2565
528
22
882
2797
1873
2245
1382
2606
792
2500
1282
249
575
2718
85
887
1871
2835
454
535
1310
2070
1522
751
1270
1543
2024
915
205
1189
1625
99
2451
2110
1013
560
639
1965
2739
1955
2115
2142
866
2870
134
702
2632
63
465
1925
1665
1016
2881
797
477
38
2909
597
668
1888
1150
794
2383
101
1699
1643
1359
684
1048
2487
1702
895
2588
1663
2023
2672
1009
325
1822
698
2670
977
2012
522
490
2921
820
195
2292
1136
2108
1561
293
1265
182
704
202
425
71
1786
1779
488
1541
2927
27
1524
1567
1238
529
2721
1042
1785
1908
1571
16
181
2622
2232
1047
2799
1281
331
192
2404
1233
2373
1813
2244
1560
2777
308
1418
283
2662
987
276
1617
1548
1959
707
922
2904
457
2716
2455
1095
1790
1101
1385
727
95
817
541
1297
113
616
1243
2447
165
1675
180
2900
116
2817
2271
326
1628
1892
2407
2084
339
2518
2202
1876
2560
2873
2358
2480
351
1867
1517
1951
2267
2210
582
1569
317
2940
2664
2384
2741
1342
1021
2754
973
911
1554
1537
1751
502
841
408
670
1462
2367
757
2550
251
709
813
1227
717
630
1184
631
725
1672
1985
2443
1754
2166
1259
222
1161
430
2788
1014
1449
2608
2228
1750
1436
1803
88
33
1742
2215
900
2896
342
404
2795
270
1772
1967
1765
2559
105
413
212
1582
2418
1689
2599
1852
984
2107
2639
1235
1820
429
2856
1477
1435
573
733
602
1090
39
443
2938
1254
1723
271
225
822
1472
2420
2818
2693
1796
2164
2898
239
1562
796
2419
2237
2046
1756
823
2341
166
583
2369
2620
2096
1345
1738
550
1863
1331
70
1356
919
492
1495
396
1419
2040
1787
2222
815
407
1760
383
2488
215
1370
1182
386
1809
981
2564
2807
2811
2792
203
2751
2658
2812
1029
2123
1982
17
681
2853
1468
1709
2922
1529
1018
1704
136
213
2200
2135
446
2189
1932
943
816
1083
2310
540
398
1550
665
1577
669
2209
148
1677
2102
2067
1521
2861
291
1177
2613
2796
2610
1647
2048
2820
989
629
2315
267
361
2457
608
2490
1085
1165
1399
475
1646
1011
907
1467
1340
2129
2101
1327
2128
737
450
874
2603
756
2926
654
1883
1943
543
1651
752
1185
2555
158
2755
2824
2019
2337
2032
2243
1977
1842
126
463
491
514
378
2270
2830
1743
1234
4
599
2688
1413
1797
373
2456
1964
2198
1856
618
1489
2052
135
370
1761
157
2355
1446
363
2701
2847
445
1862
638
2165
2213
1519
1783
119
2769
2089
2401
2282
1944
53
1465
1322
761
336
2033
695
2821
217
253
1568
1927
1131
728
1638
2514
1064
2703
650
657
49
1073
721
2069
416
2925
1443
415
2207
2558
1125
2425
2855
223
2206
1570
137
1496
552
2412
2372
501
692
2013
2411
2162
1716
606
995
2582
2269
1600
469
2735
933
2055
965
1307
1376
694
1494
1817
2563
1191
2623
2717
634
58
1493
298
1706
1263
568
2272
1881
1146
1481
1971
523
48
517
2665
2614
901
505
2783
197
1461
1031
2519
686
2654
321
59
2147
2860
1500
1703
661
2524
385
2759
1257
982
876
564
1429
539
35
2193
2275
2561
1314
2636
1204
2216
433
480
696
2396
1910
1609
689
2050
89
1720
297
902
2483
1
1778
1158
656
1634
1933
328
1969
2328
2551
2444
1766
2689
1934
925
1660
1727
858
988
372
914
1770
295
1044
2302
1715
1777
2544
679
1979
2114
1147
362
230
233
937
1555
961
2252
620
2248
482
2380
690
1043
102
688
942
1305
873
509
2167
1286
1218
2172
1607
1717
2810
1834
2334
2648
2361
1918
2540
1103
563
1480
125
2415
1023
1195
1206
827
2258
972
2643
442
1010
319
527
2331
790
612
24
1378
2536
617
2871
1311
2758
221
1725
176
808
785
2880
726
2656
2481
1171
31
461
40
357
2884
2021
1258
1655
1935
2134
1329
781
2902
755
2218
1869
2144
1618
939
332
1080
1251
799
1553
1318
916
2641
956
1596
1608
1594
2335
2849
2892
2600
860
2410
881
1799
673
1748
2212
1624
2433
1506
1074
1847
2475
90
1178
596
1317
1132
767
169
1946
538
228
778
2914
548
1511
710
2416
2316
1697
322
2628
2771
484
2387
1859
1077
844
292
2432
2609
1497
2619
2864
1407
1076
2539
2306
2862
1728
2250
2863
1824
2278
722
1309
243
2537
2395
834
519
2590
2074
2148
1012
2038
2831
410
1151
1485
1535
2010
958
1228
1667
449
129
683
1832
316
1120
2649
2414
2423
1983
2531
1870
762
1710
1273
2379
2499
335
259
1670
1846
1947
1392
1057
857
374
800
470
2504
2808
2083
2911
352
2065
1527
759
642
840
304
2293
421
592
12
2219
2730
1523
2790
1639
2072
459
2467
595
2251
1981
1605
711
2868
951
2798
2393
2598
2063
2220
667
2891
1986
685
1547
2492
2082
2612
2774
1201
2348
452
938
2889
1930
851
72
1464
2111
941
2653
1721
664
1140
2249
277
2057
1328
1348
124
2809
145
1614
1387
499
1364
1232
1503
1409
329
2607
115
2929
994
2097
2156
111
365
760
2305
2253
1420
700
1501
1640
952
2178
663
1734
1551
2353
1366
1096
2440
314
1851
1190
569
2130
384
1086
138
1599
154
1035
1687
975
2106
2534
2006
1853
624
234
2
2494
1070
1401
578
2727
2143
274
323
2899
850
434
1621
2026
1602
9
1285
32
2669
1909
871
1868
246
2823
164
143
969
2093
1662
391
979
783
2725
577
947
2091
1542
1304
1122
2497
2025
2805
2833
320
677
676
73
622
2406
83
11
19
405
1198
435
2122
558
1627
1807
1330
1284
750
2786
194
579
1448
1693
220
2489
512
2256
269
2295
1514
886
23
1252
2933
1911
2086
2905
1520
2137
2332
554
2506
1411
21
278
1173
2834
1546
2650
193
2177
1598
2262
1855
1325
520
1899
1245
1355
2196
590
144
1877
1341
2465
2041
426
354
2479
244
1213
600
2894
729
931
1922
47
675
468
2941
161
2840
964
2692
1915
580
2645
645
959
835
419
2535
2895
1394
2427
649
302
2652
810
264
1676
121
1068
79
1119
837
52
2486
2761
2073
2695
1632
2684
2806
313
54
536
1601
1008
268
2350
2364
627
3
1256
2680
272
510
1344
2655
1455
1678
1921
140
1052
2113
2453
196
565
2760
1989
1112
1163
940
1534
1024
2047
2581
2011
1301
1642
807
2464
848
553
345
456
2163
743
1167
2336
2677
417
188
2035
2145
551
1431
2208
2240
2936
2511
2311
2345
2031
1381
1804
2176
1854
1652
862
2624
1454
803
2442
1990
1556
2521
2005
1487
2158
2496
1991
150
1410
2029
1539
2604
1880
1858
387
224
910
1962
1502
1388
1231
731
2264
1928
2466
936
1470
2230
2507
2710
163
1148
2822
281
1039
1659
1192
2159
132
2260
1814
187
1898
1620
1581
1279
2454
693
473
2712
2389
1007
861
183
2044
2214
2491
1610
957
974
2246
1957
487
1104
584
1358
946
2709
2376
411
1669
254
666
337
2071
1058
1066
1000
227
2342
1540
660
1372
2928
1744
1203
2194
106
1907
572
1020
2886
2913
2004
1157
1154
2242
525
2646
2289
2728
581
2319
1875
1271
1160
2059
7
2365
2273
1865
2611
2616
301
775
1266
2816
153
1923
1155
2448
2707
1116
2201
1916
1255
1225
2714
1180
2146
56
1781
968
1879
2690
2819
5
18
312
574
380
2343
1458
162
2736
909
1532
1004
1186
200
1575
712
2699
870
1166
1757
562
1941
2154
1287
680
2431
879
1769
1679
2916
1078
2400
1791
1138
2233
2078
2770
829
1590
2557
2469
2678
2294
2312
355
1152
2160
1878
532
1816
294
1940
2493
2848
643
971
2804
845
451
1896
2543
547
611
1890
2852
2039
80
379
789
1837
1740
2346
818
431
944
1839
2116
1339
252
2037
2234
261
945
2402
69
970
1827
1825
2731
231
1960
1404
458
66
954
1952
2567
716
1215
414
521
1397
1032
2874
286
1275
347
2573
2344
1034
1886
723
1604
2241
2556
2463
2826
2586
1954
2426
745
1653
2049
1533
1062
2186
1695
544
67
1434
2377
1970
682
1298
2299
2095
1200
333
1656
2476
255
1509
1592
798
2570
1654
171
15
1650
2542
401
218
1079
2118
44
1193
2548
2015
2676
635
1848
846
747
662
1942
1811
2474
1210
114
46
1466
42
1292
289
2748
777
2753
2626
2169
852
77
2459
343
152
2781
524
2139
2171
1530
1762
1884
1326
1427
1563
1162
2187
1711
1630
2452
2327
2734
1749
1054
2702
2000
299
1457
1557
1153
1059
2179
2828
1613
795
1460
472
1844
1169
739
189
1071
1691
1159
1001
2752
478
1576
601
2203
1115
211
1866
632
2568
262
833
43
1422
1484
1106
1805
1262
1264
2085
2919
406
476
13
2390
877
1333
892
2007
1108
1767
1564
585
997
1221
1362
2003
141
1250
534
1360
2472
821
1626
2675
1294
327
1229
100
828
2191
2439
1321
1374
2290
1836
2585
2663
1302
168
889
1984
773
847
2732
2566
2339
715
1347
248
2621
1857
290
84
2125
2631
1987
1512
2601
1371
626
1149
1230
118
2841
1105
2787
2742
1736
1510
576
506
1906
280
368
2671
2445
1629
648
1056
985
2569
2854
381
2726
2750
2642
1267
1919
2516
1430
934
806
1735
1067
875
2633
1860
2508
1912
2562
1479
557
2478
1114
2897
2438
1075
2501
2317
2890
2879
436
2538
1968
732
2027
1354
593
258
1384
1377
1692
377
735
913
2685
774
388
1306
2903
2846
242
1587
2836
1975
772
998
802
1209
2934
1753
400
1412
209
2362
555
390
814
159
1759
1622
2477
1698
1045
1705
1904
2080
1389
2698
1211
2865
2883
1474
2054
2068
1686
2180
108
1444
1558
1597
604
214
307
68
1338
324
927
1591
1606
2157
2767
1815
179
1949
1631
2409
2043
763
2062
2170
1351
1513
2430
545
1722
1442
1831
309
2325
2605
2553
1408
2098
1674
703
1578
2051
285
2126
2371
1296
2932
1974
2737
93
849
2388
1395
1914
1451
2277
776
172
409
1117
2288
1993
2584
730
1972
1145
2099
978
1335
1893
2832
641
742
201
1671
1491
2329
2301
236
1826
2503
651
2888
2843
229
921
2827
74
2791
530
235
780
34
640
1731
2261
497
615
2495
2119
2081
440
2153
2844
883
2602
1402
2446
1525
2435
2286
906
1276
878
498
2746
912
571
1586
2381
403
1323
1508
1303
1696
1516
30
1902
885
98
61
2704
625
932
993
1823
207
1658
1459
130
2837
1623
96
1089
1701
2638
920
2532
2064
1976
76
511
104
420
2042
1700
2592
2105
1635
713
2034
764
423
2627
1087
653
2140
2231
1091
1641
2773
2673
190
1390
1633
898
1236
344
1175
1771
930
2738
26
2749
2103
903
2417
1290
2326
2485
2674
123
330
305
2800
397
1439
2100
831
204
865
2583
2878
836
779
2615
2681
598
2117
619
2526
288
1580
2546
494
963
198
1615
2460
1579
206
1931
1657
2515
966
2077
1099
1565
633
173
2002
2482
128
2352
2181
856
1992
782
2803
1585
637
516
2885
311
1956
2772
2815
1936
741
2394
1280
382
2694
1833
2591
1414
2437
2577
1019
167
1353
1475
1006
2022
1168
375
1100
2877
1368
2254
399
746
2724
591
1324
1948
1199
507
2587
1017
185
2915
2931
1684
122
928
170
2149
1415
2801
1363
1242
1445
2217
2575
1133
1835
1544
2247
303
1247
199
819
2152
437
1072
2375
1958
1248
770
2780
2634
87
2471
1098
1668
2789
513
358
2461
2547
1938
2449
1819
240
2060
2175
210
1246
29
647
1299
769
734
1406
2510
1283
830
1253
953
1504
2173
740
2572
131
318
603
893
241
1528
2161
2594
2700
646
2520
1278
1028
2768
139
186
1205
1838
1545
1690
471
2778
1780
1682
1126
481
1996
438
2908
1999
863
1733
853
208
1937
338
1531
2374
1683
1768
2629
2545
610
1843
566
1840
2436
2356
1611
1386
402
1334
2842
1269
1423
2195
2686
724
1369
2723
1917
1476
1337
1040
652
151
718
2509
348
2651
78
1905
2428
1025
155
1718
1552
2722
1202
1526
636
2875
1829
2869
1424
2776
1515
2076
1758
1707
427
1373
2793
589
1207
1181
2517
788
1645
962
1219
1223
1093
2468
720
1566
1644
496
842
2647
57
1300
2661
1005
1726
178
2667
1486
2018
2321
1092
791
412
2239
448
28
644
1712
2910
607
1315
1463
705
1237
2357
1810
526
1038
1588
360
826
1664
1188
1776
1055
1945
284
768
2303
1612
464
2318
2429
1549
2378
2872
2918
1961
1405
1319
2937
854
2660
341
103
2309
2351
2579
50
986
1197
1891
1137
950
1828
839
92
466
146
1752
2370
2079
1350
2720
2225
832
2133
1673
1995
824
2887
2190
805
237
2276
1584
474
1649
1437
2421
1897
1396
447
1393
1109
495
1224
1538
1421
2635
1953
2120
2211
2527
1134
287
455
1900
2779
2528
2458
1061
2625
1747
531
486
976
1379
2016
1997
793
359
1980
1433
748
2297
754
1121
275
8
1894
266
2092
1082
2595
2300
2204
1244
1128
232
2498
533
306
191
1428
1469
504
587
1289
376
444
2743
2088
160
1818
2403
659
1063
1872
296
2279
2268
2391
766
2882
623
1694
1648
674
2424
888
904
2287
2314
1850
2182
2359
1129
394
1036
1212
1603
117
864
2366
2141
1920
1482
1320
273
508
1179
14
1680
1127
2323
706
801
1143
1739
2740
260
369
177
1123
1637
1226
1773
1194
2814
1293
2397
1398
479
2151
1346
2030
2935
2226
2580
542
1685
1216
10
439
2745
2183
1518
2075
2541
2320
2124
2857
1795
2150
1746
483
1583
110
1239
62
697
2829
1926
2630
82
1573
226
1887
2784
935
51
1913
1666
749
2104
955
2090
2197
894
1124
64
1357
2554
1176
1102
367
2205
2333
2313
20
1572
687
2715
1111
2597
2354
549
825
2121
133
2036
896
0
2131
1681
1798
2939
1775
94
1903
279
868
991
2757
1963
719
2058
897
1214
594
2174
2764
2138
867
41
1375
990
1874
334
671
2683
1172
1367
787
1901
1241
60
923
1081
855
1046
2839
691
2056
967
55
1507
25
6
655
614
428
2408
1174
349
1240
2691
1714
546
1144
708
2168

