1186
1249
0
917
841
1644
1900
783
1559
380
2036
1441
1883
238
2246
2143
2213
278
2882
2691
986
1060
2756
628
749
1580
839
2613
795
396
1612
2000
1269
1014
1519
922
687
140
1594
2193
1237
713
1049
1513
1454
1869
2658
1564
2158
1236
1408
1077
1601
916
1831
2497
2835
2001
654
1006
1240
2447
608
2169
1532
2278
1957
2711
2365
2484
51
1951
1749
1167
706
504
2504
1965
2927
2669
425
2744
2937
180
2483
352
2080
505
222
345
1009
2642
217
2909
1956
626
2868
421
1426
1487
417
2014
40
1103
1346
2260
290
197
898
143
909
2336
987
38
2444
1294
175
1561
91
2280
2018
2678
1198
1911
2923
1703
787
1719
2106
1427
2811
2313
123
759
725
1213
633
821
1538
1216
2647
1754
388
2916
1531
2936
992
1010
332
135
2506
1418
1992
1338
2829
277
2596
1864
702
838
1933
20
1788
488
2815
790
1810
1276
571
540
692
610
2140
2229
145
1157
2215
1815
525
2627
446
904
2470
1460
483
1527
2389
1664
506
724
2855
77
1597
220
1203
2181
2783
1569
2516
732
2885
231
2836
578
894
36
1368
2154
589
2460
2152
1940
2639
1116
942
579
989
818
2255
1750
1812
2891
2407
1143
1096
2105
1100
1402
613
2382
1446
2635
2608
2671
132
107
1197
995
1046
1455
531
1087
267
747
1709
398
982
2217
2760
1478
767
1591
1718
2327
1980
2466
138
2879
2192
365
75
1606
1396
2808
597
1250
1798
1643
1468
1030
2136
1579
1187
1660
201
1751
1610
1379
2245
1166
272
1391
766
695
1968
2810
1183
923
1857
1476
1671
2859
2130
902
786
1826
1159
1356
2083
2590
1141
1889
458
2051
1909
1137
2618
1652
1636
2462
1175
321
1176
1214
1382
2894
549
2412
418
2303
2350
43
497
950
2915
1571
1503
62
1204
530
1323
785
1692
1961
1118
2046
2637
2866
2816
2164
28
572
570
154
1279
1064
1147
397
269
1434
796
1588
1728
1859
1518
1939
1044
946
2437
1776
348
752
2715
2747
2264
2299
2342
2078
811
2619
964
924
2294
449
890
2434
1800
1484
2867
1194
276
1152
1301
157
1912
1848
808
1886
2705
2159
1292
37
200
2129
90
1746
391
2186
576
2368
805
1138
845
701
473
2049
98
1673
1764
2103
2548
1679
288
2343
2013
1340
649
1146
601
1835
558
1999
1353
2362
1201
1875
969
315
2228
2346
1616
144
50
1729
1557
2539
1436
2076
1184
2861
1016
2068
1089
1715
1876
1266
658
270
1919
1254
940
358
2701
1218
689
1449
17
1733
606
1291
74
544
609
2417
177
1015
778
2804
2074
2174
1040
2320
707
468
1369
2071
2110
2191
1970
541
2604
2111
298
518
2897
1099
573
1918
956
1572
2436
268
618
1205
1011
1058
1061
2814
681
1375
648
514
1890
2478
2687
1555
2440
1975
1359
1613
1067
2628
1376
557
1678
241
476
2044
1575
2279
364
872
2872
1314
18
1360
2
460
2091
1339
2822
2569
513
2792
738
873
86
1002
2831
727
2243
342
248
124
2806
1135
2901
584
1081
211
2208
42
284
450
2749
1399
1829
2874
1701
1330
599
1562
496
1047
1986
22
875
8
2025
1297
2034
1357
2069
1019
754
2508
1837
1384
2665
1656
2396
1054
430
2160
53
2113
988
2321
2369
1704
939
1260
27
500
282
1443
2520
378
2648
2267
440
1724
1830
591
984
1327
2165
152
2784
1814
1706
1822
631
1165
2149
2429
1582
1247
656
1567
2027
1803
1971
575
1224
1790
1993
11
2268
7
1303
2907
2302
1456
881
1734
807
2681
1786
1326
1540
1172
899
1287
2247
19
336
1638
1553
1244
126
2012
1202
389
137
2563
967
1148
2374
1350
1349
195
1598
2273
1262
1374
1445
2422
998
2087
2884
1112
2624
1091
507
546
1573
1263
1773
2004
1949
755
2676
563
2099
1348
2856
1797
81
34
723
843
329
2549
1017
1255
1785
454
1180
2662
1071
147
174
2003
799
2499
1791
2581
2609
2030
130
2746
72
166
1802
2621
176
2577
1239
2904
296
1469
1045
837
400
1248
1433
2767
354
1938
2249
2486
2597
2458
1651
212
1390
2115
2878
2375
1547
2450
1304
1042
2199
1761
1080
1590
1713
1188
2073
2170
2157
2393
2507
2557
2522
2358
2659
2825
2616
444
728
1334
646
888
1628
2226
419
1850
1400
2865
2359
2551
1151
1954
555
2089
1523
2056
479
2090
1174
1828
179
629
1501
693
2512
639
1605
1563
219
1922
1942
1635
2319
2326
1001
825
2053
2896
1457
2330
1024
1730
2354
431
353
2536
1874
794
120
408
703
142
1953
1407
1078
2925
2214
371
2622
2291
2203
416
1560
2540
271
2384
2423
1615
2010
672
156
362
1795
1230
340
2252
1373
1032
1130
2750
466
14
522
2070
1813
1095
1195
1328
770
84
1144
1602
1290
772
2329
1298
2449
41
954
2445
2397
2650
338
2844
914
2464
2632
1005
2322
187
1409
2166
682
233
2145
529
1416
844
2595
2754
1907
2261
2182
2552
1215
2559
21
876
256
1075
386
820
705
461
159
125
2830
299
2719
1226
323
44
2848
2689
2798
2167
945
1549
1154
1525
1437
2250
833
255
1623
1581
2349
1086
645
2543
853
2854
963
1504
2917
2790
1744
1041
2020
1710
952
2852
2876
2363
600
1599
1552
688
1079
1029
574
76
1739
210
1551
308
2387
2200
1494
1098
2712
2819
481
1990
2511
1415
554
2686
2163
1533
1062
1777
375
415
2800
413
1779
951
779
2826
2234
2077
2405
966
1421
2339
2725
1838
2710
1787
311
910
2634
161
2485
363
2702
2801
975
1023
2171
2773
712
1439
412
2120
1585
1090
2887
2779
2593
2232
1609
1229
800
370
317
2805
978
80
857
1277
2238
1608
1448
797
846
1789
1807
1432
307
1371
2183
683
1526
10
2531
2409
686
2663
1584
2207
1149
409
1161
1908
2586
95
1220
1088
149
1577
2314
1648
1792
788
2107
2180
330
2185
2555
471
1524
1891
2381
669
2643
1428
527
1923
252
2666
2388
94
2535
1124
1252
532
2660
304
1804
1805
2489
2803
2475
742
758
1796
953
190
2933
708
1447
1662
191
1929
980
485
2629
1736
1
71
367
2026
1823
1882
1271
406
2644
880
306
2367
1196
1508
1435
88
385
1500
341
2588
1283
816
25
1766
1687
2674
1496
2561
1716
2617
1556
1844
46
2495
652
999
1784
1877
2490
1631
1477
2371
729
1207
2657
2683
1222
1674
760
66
2573
2230
781
1661
60
2239
1686
2144
2758
1223
1714
2737
2285
2592
2524
809
2093
215
2903
962
958
31
774
900
743
2554
501
486
52
2404
1179
2009
2274
2353
2311
1150
1974
1352
642
451
1105
972
1310
1189
877
439
2104
2102
680
1697
1587
339
2415
2202
534
1018
2842
1026
436
2008
102
1878
2442
1843
1681
2448
1169
2286
1663
1627
2096
2481
1121
1474
2544
1039
831
2101
679
2197
2571
911
1683
2204
178
1324
1858
2376
69
2065
1206
2517
2684
1517
2722
2168
189
2066
1259
2892
2869
1394
1962
1568
2498
731
1593
2205
56
392
2474
1048
203
1998
205
996
660
2296
1955
188
1122
2201
1270
54
2832
283
2315
2521
13
1404
1318
2494
2210
1182
1021
1930
1769
2128
510
399
1256
452
1928
2377
1801
1257
1948
99
158
1037
2532
1849
2615
850
710
793
1991
2253
1984
78
301
2059
2038
1473
2898
2742
1921
696
2934
1915
1212
2694
1177
1123
896
717
1004
1717
1809
2928
862
655
607
254
381
2620
928
782
2048
1657
1755
753
1685
2457
1335
457
1818
33
2693
1043
1281
560
1721
2820
108
150
1943
2098
131
1574
1288
2918
2895
812
744
349
139
2690
2446
1398
32
1114
2045
588
2361
472
1737
2308
1958
1284
1906
587
592
1757
155
1944
2043
427
1171
1160
2435
1910
2216
2932
1221
814
1387
676
1173
2153
2714
1711
528
2351
2398
746
2328
2740
1767
577
1063
384
2871
112
1438
1546
1941
1509
562
127
2670
769
1464
1093
2668
2122
369
405
1725
2850
1463
26
905
834
1978
1945
2283
1347
650
2493
1380
1722
2606
1419
1480
897
720
2301
2262
1626
153
106
1669
2940
1516
2424
1924
2853
16
2772
2275
2441
1842
2720
1163
274
777
293
2023
2196
2175
15
280
2817
2254
1625
1600
303
2195
933
647
542
1639
1763
536
459
1231
1629
2150
920
1997
2072
2505
2338
1515
768
552
2148
2799
1521
1083
2913
1246
2791
1611
39
1548
1762
49
2055
1514
1699
420
802
2730
1440
292
1317
266
915
1052
325
1069
526
331
441
791
1003
1383
2846
1780
938
1471
2519
1331
595
1879
1414
2270
2525
636
2908
1781
2310
2138
2920
619
2697
1901
1511
1101
948
482
1825
1603
2914
498
2748
2233
82
617
182
401
2566
122
1068
709
2813
815
2219
2905
2929
2560
935
1280
719
2011
361
737
2614
2576
1645
287
372
477
1358
1983
2218
1129
824
2220
1905
644
2612
243
2231
1604
160
2939
1210
2793
2863
1897
247
1502
2482
2877
229
1355
994
2736
171
926
740
45
1896
1211
373
714
2534
1234
1073
1104
659
2579
1272
2717
1872
1107
1192
2911
116
2411
1296
2309
1366
789
383
1241
2134
1902
1696
89
2430
1126
484
611
2118
2399
394
640
2292
104
2237
1614
346
1624
1976
2523
1329
665
943
2479
2340
263
1708
750
2084
390
2899
1640
991
803
1550
784
2067
2224
2394
2190
2040
1884
1684
199
1225
685
2402
1344
234
1242
2567
2841
2605
1305
249
1774
1059
73
1000
286
2463
2281
1285
2082
1397
1417
2732
661
1985
736
886
1634
545
64
1903
2838
1082
344
2769
1466
2883
492
2179
1316
403
173
133
1462
1320
1760
2348
312
1753
2269
711
763
1926
2787
1726
456
1299
1219
2656
2731
1536
2922
192
2786
1385
376
949
1470
1125
2661
2075
163
780
2655
407
1520
259
2821
1927
2127
1345
630
1702
1351
1485
2124
79
1489
2762
239
2870
515
447
2225
1861
463
1199
2603
2574
612
1583
2379
2131
6
2585
1841
2610
2734
289
2487
480
2121
1541
1845
437
556
970
2244
883
110
1313
2558
715
1617
250
1027
1522
2654
2386
2594
2265
1607
726
1566
2366
2716
2774
2221
70
1913
1630
1370
1530
2738
1495
2721
478
2818
1871
673
2033
2741
333
1873
2032
1824
445
2400
1682
2439
1748
2496
2538
1512
2472
2527
2112
2453
1977
1649
594
2526
2288
1979
2035
616
637
959
667
1995
1450
136
1808
1952
893
1109
68
2290
2438
1097
2037
1483
429
2211
2050
1917
1691
583
113
1654
253
1227
1782
866
279
327
2300
2753
2406
2862
871
2770
521
2598
2277
919
1070
302
509
1740
1690
1621
892
1233
168
1343
2626
828
2651
2360
2334
722
903
1892
2187
1156
1268
1364
516
2060
801
2298
1931
209
2638
2718
1688
1988
2757
262
2432
1413
2465
2873
314
1282
495
912
603
2766
614
426
1668
1308
55
493
2771
2860
918
1752
2703
119
1128
718
512
698
1423
662
2323
1832
2147
1497
2085
2602
2765
944
677
1833
977
925
2100
2029
1868
983
1492
2646
134
9
741
582
748
2492
2155
1020
697
734
59
164
2222
1510
1393
901
2509
533
2924
2704
2428
305
2728
2452
2513
517
2845
434
851
2824
1570
1727
2293
1228
2570
965
2086
1406
913
1362
1389
1325
1666
2256
1066
2156
2780
1989
410
638
2357
236
2304
244
2677
2002
2739
2547
1534
2039
1133
1267
1354
1987
2568
1008
1315
240
1084
67
1735
1950
615
620
757
865
2906
2345
602
2372
733
906
792
2257
2307
2057
2564
1586
1499
1134
1543
1506
48
1554
2151
1273
1505
2795
908
4
2695
2611
508
12
632
121
2706
1336
350
1620
955
1895
202
895
491
879
2177
1619
213
971
1694
2851
2847
604
832
1888
489
1811
511
1444
357
2016
2889
1378
2295
559
643
1333
551
822
264
1865
2919
641
2081
2761
1145
1319
1342
411
2380
57
2763
1658
1576
1377
2306
2418
1092
2325
1894
1676
1410
1529
193
1963
1765
1306
2631
2335
2431
2198
35
2510
186
2240
936
878
947
627
1659
804
1300
2827
973
700
1558
1855
29
762
1851
2514
1181
2672
827
2401
1106
2331
1925
2768
424
2692
2726
1430
2587
2473
218
1732
2759
2709
1035
97
1881
745
716
206
1251
2541
836
1411
932
1834
730
2425
2796
1693
281
2097
382
1898
852
2015
101
887
273
870
2890
2601
224
2297
226
257
885
561
2126
819
1819
1899
2042
2410
1545
1258
1578
907
322
548
2781
1132
840
24
2501
2031
1756
1637
2488
1642
65
246
1820
537
260
1420
1322
335
2912
320
85
2584
1031
1115
2802
2938
666
663
1959
1493
1127
2282
148
2370
699
1190
813
2515
172
2910
318
1243
2178
245
414
2414
864
1164
1595
765
1836
258
1309
151
1429
368
1074
1431
1821
1772
275
671
979
359
96
657
1846
670
1863
2764
2364
105
1367
985
976
1622
1742
882
2227
1381
539
957
1312
997
1935
2875
798
2477
1771
2391
2857
2679
2843
1700
2135
1916
1072
2162
848
1914
438
535
2176
2724
170
2235
462
1544
204
1475
1217
2054
2778
146
2777
2236
2735
2630
1057
2146
721
1827
1507
2745
2528
1920
93
2289
990
2542
2503
2088
2583
467
1672
2530
775
829
295
773
129
2926
2408
183
2266
1289
2880
622
1680
1321
1007
2312
1647
2685
2807
2839
1793
1982
1191
2403
2426
2017
1386
1265
625
1131
826
678
2794
294
2454
2427
1665
1094
1937
1705
1412
2172
469
2840
635
2673
1278
823
355
1050
324
1119
1459
1498
941
2823
550
2212
2456
605
2797
1102
216
2476
285
2828
2344
2022
1481
553
347
2142
596
310
2052
1401
1028
1153
2316
117
404
2251
830
2664
1731
1870
694
664
735
1337
2837
2755
167
1113
874
326
207
856
2139
2572
1840
1274
319
1034
2079
313
1051
1862
2021
2028
651
1783
2578
1759
2355
2421
494
2116
2696
1743
1885
128
2141
1633
974
1293
422
237
87
2024
1200
2546
1936
684
854
889
868
1245
519
1806
2263
2276
593
2707
1208
1646
251
356
2881
100
674
884
2461
1013
2347
2652
360
771
184
1111
2395
185
2058
2625
1775
1491
1592
1542
1839
1677
2930
1670
1465
1738
1482
634
2751
3
2550
598
63
47
2575
2173
1022
1238
2416
1632
2518
1768
1723
1311
2600
111
1946
1264
2580
569
2005
1453
1295
61
2467
691
2061
2317
1966
1232
1695
2785
835
316
2209
2007
847
194
806
2063
2809
162
2921
2161
581
2752
503
927
855
2708
1065
196
474
2041
1880
1960
1641
2733
2194
2723
1361
2332
1589
2653
2469
1458
223
2455
1365
1261
2640
395
523
2223
520
118
817
1653
181
861
2641
538
1816
1155
2188
1076
1675
2318
624
1981
2776
475
1720
1655
1973
2931
2553
867
2390
1778
433
1405
2305
2258
2062
2019
1033
2636
1537
1860
165
2682
2743
2189
2727
2413
208
2556
2591
2468
2259
2849
30
2858
232
1140
92
2419
1947
464
2775
2480
968
1856
2109
1168
1185
109
2064
2688
981
756
739
2392
1852
235
374
423
1486
2645
2812
2324
1854
2888
2500
2095
351
1712
499
1996
1403
2788
2459
1036
1424
2271
435
2108
300
214
1085
1707
2094
291
443
2893
1452
586
863
1794
585
387
690
565
1967
227
2373
751
1565
297
343
2206
2699
1117
1467
23
568
221
334
2713
1442
1650
265
1488
2356
366
764
653
2782
547
566
2675
960
58
2680
580
2491
858
859
2272
564
1120
2133
1479
621
1932
1689
103
668
1596
2137
2667
761
228
2287
2443
225
810
448
2284
1745
1235
1770
2698
2582
487
1053
2529
1108
2184
2125
2378
2119
1388
2352
1055
2006
2886
1994
1698
1490
1747
567
2633
2789
1012
1667
1193
1392
2123
455
1472
1332
242
1539
2833
2537
1286
1535
1741
675
860
2533
776
2341
1139
2337
2451
428
1110
2562
1038
379
2471
1162
2834
309
114
115
2729
1341
590
337
1847
1056
393
1307
2242
1209
930
328
2589
1866
465
1867
1395
931
2333
2599
2623
198
623
2383
1853
453
2700
543
2900
849
2649
470
1025
83
1425
2607
1969
1893
490
2433
2420
2117
929
934
1461
1817
169
5
1136
1372
402
937
1799
1158
1904
2565
993
2941
869
704
432
1451
2902
1178
891
2114
1275
1253
1363
2047
502
2385
261
2092
2502
1972
524
1887
2545
141
2132
230
1170
1528
1422
1618
2248
1964
2935
1142
2864
961
442
1934
1302
921
1758
377
842
2241

