1 0
2 1
3 0
4 0
5 0
6 1
7 0
8 1
9 0
10 1
11 0
12 0
13 0
14 0
15 1
16 1
17 1
18 1
19 1
20 1
21 1
22 0
23 0
24 0
25 0
26 1
27 1
28 1
29 0
30 0
31 0
32 1
33 0
34 1
35 1
36 0
37 1
38 0
39 1
40 0
41 0
42 0
43 0
44 0
45 1
46 1
47 0
48 1
49 1
50 1
51 0
52 0
53 1
54 1
55 1
56 1
57 1
58 1
59 0
60 1
61 1
62 1
63 1
64 0
65 1
66 0
67 1
68 0
69 0
70 1
71 1
72 1
73 1
74 1
75 1
76 0
77 0
78 1
79 1
80 0
81 0
82 1
83 1
84 1
85 0
86 1
87 0
88 0
89 0
90 0
91 0
92 0
93 1
94 1
95 0
96 1
97 1
98 0
99 0
100 0
101 0
102 0
103 0
104 1
105 1
106 0
107 1
108 1
109 1
110 1
111 0
112 0
113 0
114 0
115 1
116 0
117 0
118 0
119 0
120 1
121 0
122 1
123 0
124 0
125 0
126 1
127 1
128 1
129 0
130 0
131 1
132 0
133 0
134 0
135 0
136 1
137 0
138 0
139 0
140 1
141 1
142 1
143 0
144 1
145 0
146 0
147 0
148 1
149 1
150 1
151 1
152 1
153 0
154 1
155 0
156 0
157 1
158 0
159 0
160 1
161 1
162 0
163 1
164 0
165 0
166 0
167 0
168 0
169 0
170 1
171 0
172 1
173 0
174 1
175 0
176 1
177 1
178 1
179 1
180 0
181 1
182 0
183 0
184 0
185 0
186 0
187 1
188 0
189 0
190 1
191 1
192 0
193 1
194 1
195 0
196 0
197 0
198 0
199 1
200 0
201 0
202 0
203 0
204 1
205 0
206 0
207 0
208 1
209 0
210 1
211 0
212 1
213 0
214 0
215 0
216 0
217 1
218 0
219 1
220 1
221 0
222 0
223 1
224 0
225 1
226 0
227 1
228 0
229 1
230 1
231 1
232 0
233 1
234 1
235 0
236 1
237 0
238 1
239 1
240 0
241 1
242 0
243 1
244 1
245 0
246 1
247 0
248 0
249 1
250 1
251 1
252 1
253 0
254 1
255 1
256 0
257 0
258 1
259 1
260 0
261 1
262 0
263 0
264 0
265 1
266 0
267 1
268 1
269 0
270 0
271 1
272 0
273 0
274 0
275 0
276 0
277 0
278 0
279 0
280 1
281 1
282 1
283 1
284 1
285 1
286 0
287 1
288 1
289 1
290 1
291 1
292 0
293 1
294 1
295 1
296 1
297 1
298 0
299 0
300 0
301 0
302 1
303 1
304 0
305 1
306 1
307 0
308 1
309 1
310 1
311 0
312 0
313 1
314 0
315 1
316 0
317 1
318 1
319 0
320 0
321 1
322 0
323 0
324 1
325 1
326 0
327 0
328 0
329 0
330 1
331 0
332 0
333 1
334 0
335 1
336 0
337 1
338 1
339 0
340 0
341 0
342 1
343 1
344 0
345 1
346 0
347 0
348 0
349 1
350 1
351 0
352 1
353 0
354 0
355 1
356 1
357 0
358 0
359 0
360 0
361 0
362 1
363 0
364 0
365 1
366 0
367 0
368 1
369 1
370 1
371 0
372 1
373 1
374 0
375 0
376 0
377 1
378 1
379 0
380 0
381 1
382 0
383 1
384 1
385 1
386 1
387 1
388 0
389 0
390 1
391 0
392 1
393 1
394 1
395 0
396 0
397 1
398 0
399 1
400 1
401 0
402 1
403 1
404 1
405 0
406 1
407 0
408 1
409 0
410 1
411 1
412 1
413 1
414 1
415 1
416 0
417 0
418 1
419 0
420 0
421 0
422 1
423 1
424 1
425 0
426 0
427 0
428 1
429 0
430 0
431 1
432 0
433 1
434 0
435 1
436 1
437 1
438 0
439 1
440 1
441 0
442 1
443 1
444 0
445 1
446 0
447 0
448 0
449 0
450 1
451 0
452 1
453 1
454 1
455 0
456 0
457 0
458 1
459 1
460 0
461 0
462 0
463 0
464 1
465 1
466 0
467 0
468 1
469 1
470 0
471 1
472 0
473 0
474 1
475 0
476 1
477 1
478 0
479 1
480 0
481 0
482 0
483 0
484 0
485 1
486 0
487 1
488 0
489 1
490 1
491 0
492 0
493 1
494 0
495 0
496 0
497 0
498 1
499 0
500 0
501 0
502 1
503 1
504 0
505 0
506 0
507 1
508 1
509 1
510 1
511 0
512 0
513 1
514 1
515 0
516 1
517 1
518 1
519 0
520 0
521 1
522 1
523 0
524 0
525 0
526 1
527 1
528 0
529 1
530 0
531 1
532 0
533 1
534 1
535 0
536 1
537 0
538 0
539 0
540 0
541 1
542 1
543 0
544 1
545 1
546 1
547 1
548 0
549 1
550 0
551 1
552 1
553 1
554 0
555 1
556 1
557 0
558 1
559 0
560 1
561 0
562 1
563 0
564 1
565 0
566 0
567 1
568 1
569 0
570 1
571 1
572 1
573 0
574 0
575 0
576 0
577 1
578 0
579 1
580 0
581 0
582 1
583 1
584 1
585 0
586 0
587 0
588 0
589 0
590 0
591 1
592 0
593 1
594 1
595 1
596 1
597 1
598 0
599 1
600 1
601 0
602 1
603 1
604 0
605 1
606 0
607 0
608 1
609 0
610 1
611 0
612 0
613 1
614 1
615 0
616 1
617 0
618 0
619 0
620 0
621 0
622 0
623 1
624 0
625 1
626 1
627 0
628 1
629 0
630 0
631 0
632 0
633 1
634 0
635 0
636 1
637 1
638 0
639 0
640 1
641 1
642 1
643 1
644 1
645 0
646 1
647 0
648 0
649 1
650 1
651 1
652 0
653 0
654 0
655 0
656 1
657 1
658 0
659 0
660 0
661 1
662 0
663 1
664 0
665 1
666 0
667 1
668 1
669 0
670 0
671 0
672 1
673 1
674 0
675 0
676 0
677 1
678 1
679 0
680 0
681 0
682 1
683 0
684 1
685 0
686 1
687 0
688 0
689 1
690 1
691 0
692 1
693 0
694 1
695 0
696 0
697 1
698 0
699 0
700 1
701 0
702 1
703 0
704 1
705 0
706 0
707 0
708 1
709 0
710 0
711 0
712 1
713 1
714 1
715 0
716 0
717 1
718 1
719 1
720 1
721 1
722 1
723 0
724 1
725 1
726 0
727 1
728 1
729 1
730 0
731 0
732 1
733 0
734 1
735 1
736 1
737 0
738 0
739 0
740 0
741 0
742 0
743 1
744 0
745 0
746 1
747 0
748 1
749 1
750 0
751 0
752 1
753 1
754 0
755 0
756 0
757 1
758 0
759 0
760 1
761 1
762 0
763 1
764 1
765 0
766 0
767 0
768 1
769 0
770 1
771 1
772 0
773 1
774 0
775 0
776 0
777 1
778 0
779 1
780 1
781 1
782 0
783 1
784 1
785 1
786 1
787 0
788 0
789 1
790 0
791 1
792 1
793 1
794 0
795 0
796 1
797 0
798 0
799 0
800 0
801 1
802 1
803 0
804 0
805 1
806 1
807 1
808 0
809 1
810 0
811 1
812 0
813 1
814 0
815 0
816 1
817 0
818 1
819 0
820 0
821 1
822 1
823 1
824 1
825 1
826 1
827 1
828 0
829 0
830 1
831 1
832 1
833 1
834 1
835 1
836 1
837 0
838 0
839 1
840 0
841 0
842 1
843 1
844 1
845 0
846 1
847 0
848 0
849 1
850 1
851 0
852 1
853 1
854 0
855 1
856 0
857 1
858 0
859 0
860 0
861 0
862 1
863 1
864 0
865 1
866 0
867 1
868 1
869 0
870 0
871 1
872 0
873 1
874 1
875 1
876 1
877 1
878 0
879 0
880 0
881 1
882 0
883 0
884 1
885 0
886 1
887 1
888 1
889 1
890 1
891 1
892 1
893 0
894 0
895 0
896 0
897 1
898 0
899 1
900 1
901 1
902 1
903 0
904 1
905 1
906 1
907 0
908 1
909 0
910 1
911 0
912 1
913 1
914 1
915 1
916 0
917 1
918 0
919 1
920 1
921 1
922 0
923 0
924 0
925 0
926 1
927 1
928 0
929 0
930 0
931 1
932 1
933 0
934 1
935 1
936 0
937 1
938 0
939 0
940 1
941 1
942 0
943 1
944 1
945 1
946 0
947 1
948 1
949 1
950 1
951 0
952 0
953 0
954 1
955 1
956 0
957 1
958 0
959 0
960 1
961 1
962 0
963 0
964 0
965 0
966 0
967 0
968 0
969 0
970 0
971 0
972 1
973 0
974 0
975 0
976 1
977 1
978 1
979 0
980 0
981 0
982 1
983 1
984 1
985 0
986 1
987 1
988 0
989 1
990 0
991 1
992 0
993 1
994 1
995 0
996 0
997 1
998 1
999 1
1000 1
1001 1
1002 0
1003 1
1004 0
1005 1
1006 1
1007 1
1008 0
1009 0
1010 1
1011 1
1012 0
1013 1
1014 0
1015 0
1016 1
1017 0
1018 0
1019 0
1020 1
1021 0
1022 0
1023 0
1024 1
1025 1
1026 0
1027 0
1028 1
1029 1
1030 0
1031 1
1032 0
1033 0
1034 1
1035 0
1036 0
1037 1
1038 0
1039 0
1040 0
1041 1
1042 1
1043 0
1044 0
1045 0
1046 1
1047 0
1048 0
1049 1
1050 0
1051 1
1052 1
1053 1
1054 1
1055 0
1056 1
1057 0
1058 0
1059 0
1060 0
1061 0
1062 1
1063 1
1064 1
1065 1
1066 1
1067 0
1068 0
1069 0
1070 0
1071 0
1072 0
1073 1
1074 1
1075 1
1076 0
1077 0
1078 0
1079 0
1080 1
1081 0
1082 1
1083 1
1084 0
1085 1
1086 1
1087 0
1088 0
1089 1
1090 0
1091 1
1092 0
1093 1
1094 0
1095 1
1096 1
1097 1
1098 1
1099 1
1100 0
1101 1
1102 1
1103 0
1104 1
1105 1
1106 0
1107 0
1108 0
1109 1
1110 0
1111 0
1112 1
1113 1
1114 1
1115 1
1116 0
1117 0
1118 0
1119 0
1120 0
1121 0
1122 0
1123 0
1124 1
1125 1
1126 1
1127 0
1128 1
1129 1
1130 1
1131 1
1132 1
1133 1
1134 1
1135 0
1136 1
1137 0
1138 0
1139 1
1140 1
1141 1
1142 1
1143 0
1144 0
1145 1
1146 1
1147 1
1148 1
1149 1
1150 0
1151 1
1152 1
1153 0
1154 0
1155 1
1156 0
1157 0
1158 1
1159 1
1160 0
1161 1
1162 1
1163 1
1164 0
1165 0
1166 1
1167 1
1168 1
1169 1
1170 1
1171 1
1172 0
1173 0
1174 0
1175 1
1176 0
1177 0
1178 1
1179 1
1180 1
1181 1
1182 0
1183 0
1184 0
1185 1
1186 1
1187 0
1188 0
1189 0
1190 1
1191 0
1192 0
1193 1
1194 1
1195 1
1196 0
1197 1
1198 0
1199 1
1200 0
1201 1
1202 0
1203 0
1204 0
1205 1
1206 0
1207 0
1208 1
1209 1
1210 0
1211 1
1212 1
1213 1
1214 1
1215 0
1216 0
1217 0
1218 1
1219 1
1220 0
1221 0
1222 1
1223 1
1224 0
1225 1
1226 1
1227 1
1228 1
1229 0
1230 1
1231 0
1232 0
1233 1
1234 1
1235 1
1236 1
1237 0
1238 0
1239 0
1240 0
1241 1
1242 1
1243 1
1244 0
1245 0
1246 0
1247 1
1248 1
1249 0
1250 0
1251 0
1252 0
1253 1
1254 0
1255 1
1256 1
1257 0
1258 1
1259 1
1260 1
1261 1
1262 0
1263 1
1264 1
1265 0
1266 0
1267 0
1268 1
1269 0
1270 0
1271 1
1272 1
1273 1
1274 1
1275 0
1276 0
1277 1
1278 1
1279 1
1280 0
1281 0
1282 1
1283 1
1284 0
1285 0
1286 1
1287 0
1288 1
1289 1
1290 0
1291 1
1292 0
1293 1
1294 0
1295 0
1296 1
1297 1
1298 0
1299 0
1300 0
1301 0
1302 0
1303 1
1304 1
1305 1
1306 0
1307 1
1308 0
1309 0
1310 0
1311 1
1312 0
1313 1
1314 1
1315 1
1316 1
1317 0
1318 0
1319 1
1320 0
1321 0
1322 0
1323 0
1324 1
1325 0
1326 0
1327 1
1328 0
1329 0
1330 1
1331 0
1332 0
1333 0
1334 0
1335 1
1336 1
1337 0
1338 1
1339 0
1340 1
1341 1
1342 0
1343 1
1344 1
1345 0
1346 1
1347 0
1348 0
1349 1
1350 1
1351 1
1352 1
1353 0
1354 0
1355 1
1356 0
1357 0
1358 1
1359 0
1360 1
1361 1
1362 1
1363 0
1364 0
1365 0
1366 1
1367 0
1368 0
1369 0
1370 0
1371 1
1372 0
1373 0
1374 1
1375 1
1376 1
1377 1
1378 1
1379 1
1380 1
1381 1
1382 0
1383 1
1384 1
1385 0
1386 0
1387 1
1388 1
1389 1
1390 0
1391 1
1392 1
1393 1
1394 1
1395 0
1396 0
1397 0
1398 0
1399 1
1400 0
1401 1
1402 1
1403 0
1404 1
1405 0
1406 0
1407 0
1408 0
1409 1
1410 0
1411 1
1412 1
1413 0
1414 0
1415 0
1416 1
1417 1
1418 1
1419 1
1420 0
1421 0
1422 1
1423 1
1424 1
1425 1
1426 1
1427 0
1428 1
1429 1
1430 0
1431 0
1432 1
1433 0
1434 1
1435 0
1436 0
1437 0
1438 1
1439 0
1440 0
1441 1
1442 0
1443 1
1444 1
1445 0
1446 1
1447 1
1448 0
1449 0
1450 1
1451 1
1452 1
1453 0
1454 0
1455 1
1456 1
1457 0
1458 0
1459 1
1460 1
1461 0
1462 1
1463 0
1464 1
1465 0
1466 0
1467 0
1468 1
1469 0
1470 0
1471 0
