1 0
2 0
3 1
4 0
5 0
6 0
7 1
8 1
9 0
10 1
11 1
12 0
13 0
14 0
15 1
16 1
17 0
18 0
19 0
20 1
21 1
22 1
23 0
24 0
25 0
26 0
27 0
28 1
29 1
30 1
31 1
32 1
33 0
34 0
35 0
36 0
37 0
38 1
39 1
40 1
41 1
42 1
43 0
44 0
45 0
46 0
47 0
48 0
49 0
50 0
51 1
52 1
53 1
54 1
55 0
56 0
57 1
58 1
59 1
60 0
61 0
62 0
63 0
64 0
65 0
66 0
67 1
68 1
69 1
70 0
71 0
72 0
73 1
74 1
75 0
76 0
77 0
78 1
79 0
80 0
81 0
82 0
83 0
84 0
85 1
86 0
87 0
88 1
89 0
90 0
91 0
92 0
93 0
94 0
95 1
96 0
97 0
98 1
99 0
100 1
101 0
102 0
103 1
104 1
105 0
106 0
107 0
108 1
109 0
110 0
111 1
112 0
113 0
114 1
115 0
116 1
117 0
118 0
119 0
120 0
121 0
122 0
123 1
124 0
125 0
126 0
127 1
128 0
129 0
130 0
131 0
132 1
133 0
134 0
135 0
136 1
137 0
138 0
139 0
140 0
141 1
142 0
143 0
144 1
145 0
146 0
147 0
148 1
149 0
150 0
151 0
152 1
153 0
154 0
155 0
156 0
157 1
158 0
159 0
160 1
161 0
162 0
163 0
164 0
165 0
166 0
167 0
168 0
169 0
170 0
171 0
172 1
173 0
174 0
175 1
176 0
177 0
178 0
179 1
180 0
181 0
182 0
183 0
184 1
185 0
186 0
187 0
188 0
189 0
190 0
191 0
192 0
193 1
194 0
195 0
196 0
197 0
198 1
199 0
200 0
201 0
202 0
203 0
204 1
205 0
206 0
207 0
208 1
209 0
210 0
211 0
212 0
213 0
214 0
215 0
216 0
217 0
218 0
219 0
220 0
221 0
222 0
223 0
224 1
225 0
226 1
227 0
228 0
229 0
230 1
231 1
232 0
233 1
234 1
235 1
236 1
237 1
238 0
239 1
240 0
241 1
242 1
243 0
244 0
245 0
246 1
247 1
248 1
249 0
250 1
251 0
252 1
253 0
254 1
255 1
256 1
257 1
258 1
259 1
260 0
261 1
262 1
263 1
264 0
265 0
266 0
267 1
268 0
269 1
270 1
271 1
272 1
273 1
274 0
275 1
276 1
277 1
278 1
279 1
280 1
281 1
282 1
283 0
284 1
285 1
286 1
287 0
288 1
289 0
290 1
291 1
292 1
293 0
294 1
295 0
296 0
297 0
298 1
299 0
300 1
301 1
302 1
303 1
304 0
305 0
306 1
307 0
308 0
309 0
310 1
311 1
312 1
313 0
314 1
315 1
316 1
317 0
318 0
319 0
320 0
321 0
322 0
323 0
324 0
325 0
326 0
327 0
328 0
329 0
330 0
331 0
332 0
333 0
334 0
335 1
336 1
337 0
338 1
339 1
340 1
341 0
342 1
343 1
344 0
345 1
346 0
347 0
348 1
349 0
350 1
351 1
352 0
353 0
354 0
355 1
356 0
357 1
358 1
359 1
360 0
361 1
362 0
363 0
364 0
365 0
366 0
367 0
368 1
369 0
370 0
371 1
372 0
373 0
374 0
375 1
376 1
377 0
378 0
379 0
380 0
381 1
382 1
383 0
384 1
385 0
386 1
387 0
388 1
389 0
390 0
391 0
392 0
393 0
394 0
395 0
396 0
397 0
398 0
399 0
400 1
401 0
402 0
403 0
404 0
405 1
406 1
407 1
408 0
409 0
410 1
411 0
412 0
413 0
414 0
415 0
416 1
417 1
418 1
419 0
420 0
421 0
422 0
423 1
424 1
425 0
426 0
427 0
428 0
429 0
430 1
431 0
432 0
433 0
434 0
435 0
436 1
437 0
438 0
439 0
440 1
441 1
442 0
443 0
444 0
445 0
446 0
447 0
448 1
449 1
450 0
451 0
452 0
453 0
454 0
455 0
456 0
457 0
458 1
459 1
460 0
461 0
462 1
463 0
464 0
465 0
466 1
467 0
468 0
469 0
470 1
471 0
472 0
473 0
474 1
475 1
476 0
477 0
478 0
479 0
480 0
481 0
482 0
483 1
484 1
485 0
486 1
487 1
488 1
489 0
490 0
491 0
492 1
493 1
494 1
495 1
496 0
497 0
498 1
499 0
500 0
501 0
502 1
503 1
504 0
505 0
506 0
507 1
508 0
509 0
510 0
511 1
512 1
513 1
514 1
515 0
516 0
517 0
518 1
519 1
520 0
521 0
522 1
523 1
524 0
525 1
526 0
527 1
528 0
529 0
530 0
531 1
532 1
533 0
534 1
535 0
536 0
537 1
538 1
539 0
540 0
541 0
542 0
543 0
544 1
545 1
546 0
547 1
548 1
549 0
550 0
551 0
552 1
553 1
554 0
555 0
556 0
557 0
558 0
559 1
560 0
561 1
562 0
563 1
564 0
565 0
566 1
567 1
568 0
569 0
570 1
571 0
572 0
573 0
574 1
575 0
576 0
577 0
578 1
579 0
580 0
581 1
582 0
583 0
584 0
585 1
586 1
587 0
588 0
589 1
590 0
591 0
592 0
593 1
594 1
595 0
596 0
597 0
598 0
599 1
600 0
601 0
602 0
603 0
604 0
605 0
606 0
607 0
608 0
609 0
610 0
611 0
612 1
613 0
614 0
615 1
616 0
617 0
618 0
619 1
620 0
621 0
622 0
623 0
624 0
625 0
626 0
627 1
628 1
629 0
630 0
631 1
632 0
633 1
634 0
635 0
636 1
637 0
638 0
639 1
640 0
641 1
642 1
643 0
644 0
645 0
646 1
647 0
648 0
649 0
650 1
651 1
652 0
653 0
654 0
655 0
656 0
657 0
658 0
659 0
660 0
661 0
662 0
663 0
664 0
665 0
666 0
667 0
668 0
669 1
670 0
671 1
672 1
673 1
674 1
675 1
676 1
677 1
678 0
679 0
680 1
681 1
682 1
683 1
684 1
685 1
686 0
687 1
688 0
689 1
690 1
691 1
692 0
693 1
694 0
695 0
696 1
697 0
698 0
699 0
700 0
701 0
702 1
703 0
704 0
705 1
706 1
707 1
708 1
709 1
710 1
711 1
712 1
713 0
714 1
715 0
716 1
717 0
718 0
719 1
720 0
721 1
722 0
723 0
724 1
725 0
726 1
727 0
728 0
729 1
730 1
731 0
732 0
733 0
734 1
735 1
736 0
737 0
738 1
739 0
740 1
741 0
742 0
743 1
744 0
745 0
746 1
747 1
748 0
749 1
750 1
751 0
752 1
753 0
754 1
755 1
756 1
757 0
758 1
759 0
760 1
761 1
762 1
763 0
764 0
765 1
766 0
767 1
768 0
769 1
770 0
771 1
772 0
773 1
774 1
775 0
776 1
777 0
778 0
779 0
780 0
781 1
782 1
783 0
784 1
785 1
786 1
787 0
788 0
789 0
790 1
791 0
792 0
793 1
794 0
795 0
796 0
797 1
798 1
799 0
800 1
801 1
802 0
803 1
804 1
805 1
806 0
807 0
808 0
809 1
810 0
811 0
812 0
813 0
814 0
815 0
816 0
817 1
818 1
819 1
820 0
821 0
822 1
823 1
824 1
825 1
826 1
827 1
828 1
829 1
830 1
831 1
832 1
833 1
834 0
835 1
836 0
837 1
838 0
839 1
840 1
841 0
842 0
843 0
844 1
845 1
846 0
847 0
848 1
849 0
850 1
851 0
852 1
853 0
854 0
855 0
856 1
857 1
858 0
859 0
860 0
861 0
862 0
863 1
864 1
865 1
866 0
867 0
868 1
869 1
870 0
871 0
872 1
873 0
874 1
875 1
876 0
877 0
878 0
879 1
880 0
881 0
882 1
883 1
884 1
885 0
886 0
887 1
888 1
889 1
890 0
891 0
892 1
893 0
894 1
895 0
896 0
897 0
898 0
899 1
900 0
901 0
902 1
903 0
904 0
905 1
906 0
907 1
908 0
909 0
910 1
911 0
912 0
913 0
914 0
915 0
916 0
917 0
918 1
919 0
920 0
921 0
922 0
923 1
924 0
925 0
926 1
927 1
928 0
929 1
930 0
931 0
932 1
933 0
934 0
935 1
936 0
937 0
938 0
939 1
940 0
941 0
942 0
943 1
944 0
945 1
946 0
947 0
948 1
949 0
950 1
951 0
952 1
953 0
954 1
955 0
956 0
957 1
958 0
959 0
960 1
961 0
962 1
963 0
964 0
965 0
966 0
967 0
968 1
969 0
970 1
971 0
972 1
973 0
974 0
975 0
976 0
977 0
978 0
979 0
980 0
981 1
982 0
983 0
984 0
985 1
986 0
987 0
988 0
989 0
990 1
991 0
992 1
993 0
994 1
995 1
996 0
997 1
998 0
999 1
1000 0
1001 1
1002 0
1003 0
1004 1
1005 0
1006 1
1007 0
1008 1
1009 0
1010 0
1011 0
1012 1
1013 1
1014 0
1015 0
1016 1
1017 1
1018 0
1019 1
1020 0
1021 1
1022 0
1023 0
1024 1
1025 0
1026 1
1027 1
1028 0
1029 0
1030 0
1031 1
1032 1
1033 0
1034 1
1035 0
1036 1
1037 1
1038 0
1039 0
1040 1
1041 0
1042 0
1043 1
1044 0
1045 1
1046 0
1047 0
1048 1
1049 0
1050 1
1051 1
1052 0
1053 0
1054 0
1055 1
1056 0
1057 1
1058 1
1059 0
1060 1
1061 1
1062 0
1063 1
1064 0
1065 1
1066 1
1067 0
1068 1
1069 0
1070 0
1071 0
1072 1
1073 0
1074 1
1075 1
1076 0
1077 0
1078 0
1079 0
1080 0
1081 0
1082 1
1083 0
1084 0
1085 0
1086 1
1087 1
1088 1
1089 1
1090 0
1091 1
1092 1
1093 0
1094 0
1095 0
1096 1
1097 0
1098 0
1099 0
1100 0
1101 0
1102 1
1103 1
1104 0
1105 0
1106 1
1107 1
1108 0
1109 0
1110 1
1111 0
1112 0
1113 0
1114 0
1115 0
1116 0
1117 0
1118 0
1119 0
1120 0
1121 0
1122 0
1123 0
1124 0
1125 0
1126 1
1127 0
1128 0
1129 0
1130 1
1131 1
1132 0
1133 1
1134 0
1135 1
1136 0
1137 1
1138 1
1139 1
1140 0
1141 0
1142 1
1143 1
1144 1
1145 1
1146 0
1147 0
1148 0
1149 0
1150 1
1151 0
1152 0
1153 1
1154 0
1155 0
1156 1
1157 1
1158 1
1159 0
1160 1
1161 0
1162 0
1163 0
1164 1
1165 0
1166 0
1167 1
1168 0
1169 1
1170 0
1171 0
1172 1
1173 1
1174 1
1175 1
1176 1
1177 0
1178 0
1179 1
1180 1
1181 0
1182 1
1183 0
1184 0
1185 1
1186 1
1187 1
1188 1
1189 1
1190 1
1191 1
1192 1
1193 1
1194 0
1195 1
1196 0
1197 0
1198 0
1199 0
1200 1
1201 1
1202 1
1203 1
1204 1
1205 1
1206 0
1207 0
1208 1
1209 1
1210 0
1211 1
1212 0
1213 0
1214 1
1215 1
1216 1
1217 0
1218 0
1219 0
1220 0
1221 0
1222 1
1223 0
1224 0
1225 0
1226 0
1227 1
1228 1
1229 0
1230 0
1231 0
1232 1
1233 0
1234 0
1235 1
1236 1
1237 1
1238 0
1239 1
1240 1
1241 0
1242 0
1243 0
1244 1
1245 1
1246 0
1247 0
1248 0
1249 1
1250 0
1251 0
1252 1
1253 0
1254 1
1255 0
1256 0
1257 0
1258 1
1259 1
1260 0
1261 0
1262 1
1263 1
1264 0
1265 0
1266 0
1267 1
1268 1
1269 0
1270 0
1271 0
1272 0
1273 0
1274 0
1275 0
1276 1
1277 1
1278 0
1279 1
1280 1
1281 0
1282 1
1283 0
1284 0
1285 1
1286 1
1287 0
1288 1
1289 0
1290 1
1291 1
1292 0
1293 0
1294 0
1295 1
1296 0
1297 0
1298 0
1299 0
1300 1
1301 1
1302 0
1303 0
1304 1
1305 1
1306 0
1307 0
1308 1
1309 0
1310 0
1311 0
1312 1
1313 1
1314 1
1315 1
1316 0
1317 0
1318 1
1319 0
1320 0
1321 0
1322 0
1323 1
1324 1
1325 0
1326 0
1327 1
1328 0
1329 1
1330 1
1331 1
1332 0
1333 1
1334 0
1335 0
1336 0
1337 0
1338 0
1339 0
1340 1
1341 0
1342 1
1343 1
1344 1
1345 0
1346 0
1347 0
1348 1
1349 0
1350 0
1351 1
1352 0
1353 0
1354 1
1355 1
1356 1
1357 0
1358 0
1359 1
1360 1
1361 1
1362 0
1363 0
1364 1
1365 1
1366 0
1367 0
1368 1
1369 1
1370 1
1371 1
1372 0
1373 1
1374 0
1375 1
1376 1
1377 1
1378 0
1379 0
1380 1
1381 1
1382 0
1383 1
1384 1
1385 0
1386 0
1387 1
1388 0
1389 0
1390 0
1391 1
1392 0
1393 0
1394 0
1395 1
1396 0
1397 0
1398 1
1399 0
1400 0
1401 0
1402 1
1403 0
1404 1
1405 0
1406 0
1407 0
1408 1
1409 0
1410 0
1411 1
1412 1
1413 0
1414 1
1415 0
1416 1
1417 1
1418 0
1419 1
1420 0
1421 0
1422 0
1423 1
1424 0
1425 1
1426 1
1427 1
1428 1
1429 0
1430 1
1431 1
1432 1
1433 0
1434 0
1435 1
1436 1
1437 0
1438 0
1439 0
1440 0
1441 1
1442 0
1443 1
1444 1
1445 1
1446 0
1447 0
1448 1
1449 1
1450 0
1451 1
1452 0
1453 1
1454 0
1455 1
1456 1
1457 0
1458 1
1459 0
1460 0
1461 0
1462 0
1463 1
1464 0
1465 1
1466 1
1467 1
1468 0
1469 1
1470 0
1471 1
