2633
1587
575
2565
1474
1183
374
182
2705
430
910
1
925
2378
2759
1748
2892
1789
1723
2189
927
2642
1551
1968
1248
294
728
2051
2706
1453
803
63
130
2865
2047
2000
170
2202
1760
2601
2823
950
1652
2749
666
1108
148
1563
1898
810
1234
2680
1931
1699
1978
272
2322
1400
1954
2605
2837
1892
2563
822
122
2644
389
2056
2895
1160
2804
641
1800
663
1976
2312
961
2676
1735
1502
2833
1115
573
1541
377
271
2495
1216
1037
1102
1578
2747
965
434
957
114
1048
364
1795
1786
0
1129
475
902
2625
275
1260
169
2714
2191
244
2830
2760
1043
1643
698
699
912
639
1340
1391
141
1764
1701
1540
1817
2787
473
1589
2203
628
484
2512
674
988
1866
2664
1750
133
755
2152
2274
445
2906
972
590
176
1967
53
2561
2074
302
1524
12
2324
2001
1744
2464
824
1634
2280
2148
2646
973
42
1647
1959
785
959
238
1040
2674
855
2270
334
602
2425
742
2205
991
2117
1159
2572
2354
2307
387
1236
1667
1573
371
1755
2126
778
1910
1547
172
1517
291
1041
341
1208
566
2834
1900
1125
192
1313
752
493
791
420
1874
2335
555
1853
1679
2053
93
1161
1283
263
2035
904
1816
1421
1993
1970
613
2651
911
856
1079
1704
2730
1302
2629
1279
2798
25
2084
1621
658
625
2619
605
1027
2200
1601
1445
2536
201
1345
821
111
2349
427
40
1312
1869
1093
27
2405
82
1182
1697
2575
1872
727
1288
293
2329
1306
2469
2306
840
838
1365
2326
2598
2168
1119
753
806
2756
1924
1630
1768
2321
1278
1051
295
888
2373
288
88
1543
1395
1131
477
241
2134
2014
1819
1366
1186
1045
2147
970
2097
1605
409
410
812
1619
2365
2275
1339
398
1741
337
1979
1066
949
1329
1177
2486
2357
1388
820
1202
2058
1369
2446
2775
2041
2825
1664
1546
2187
2266
1521
1661
2164
74
5
469
2828
884
891
1446
1201
2214
1936
588
1274
1608
1622
1843
1061
2697
667
490
103
2226
452
1106
551
2557
857
1082
2901
2305
574
1552
290
635
2374
178
858
679
2311
1464
941
1242
2086
2057
2243
1264
2742
2748
1769
1238
646
18
2555
1566
539
2072
2682
502
2477
1380
144
149
1611
94
2924
2245
2846
1512
2294
1404
2509
1840
2770
818
140
2873
2370
966
2316
384
1941
1228
2860
634
1071
604
2344
378
610
2576
867
2607
442
1008
1170
228
2088
1926
617
226
464
708
1193
788
1350
83
2779
984
2662
152
568
2750
2334
215
2078
2806
2293
906
1791
1488
2017
768
2689
252
2025
1332
492
1375
2018
1097
266
1073
873
649
2688
1465
239
2098
139
146
350
1456
2172
2590
2850
2174
2916
1282
426
1821
1386
292
852
1354
2657
2298
1691
2753
944
825
773
2230
2108
1297
2808
2094
2283
1503
2872
2876
1848
2866
650
694
681
969
695
1983
2793
363
2904
1213
1945
2763
2385
121
2792
2422
2250
1003
1557
780
909
1486
2224
544
1712
2284
528
2184
413
391
2381
989
232
836
1223
417
552
2510
1782
13
1674
1904
1612
284
1006
1211
1362
1852
2028
2278
2733
771
787
517
370
1016
2430
2774
486
1860
2314
598
2740
1142
1847
123
1067
1548
2522
104
1495
308
1205
1219
2218
2210
1254
67
1624
1905
1528
2330
1623
1851
1838
2111
1269
1975
2815
741
2166
2558
72
2129
2778
2002
1683
2377
1378
886
328
616
827
2919
1431
397
1301
2923
1143
1072
1685
526
1323
38
2603
2533
1797
2656
1618
1814
1719
1698
1849
233
2186
1649
1427
813
1014
279
1001
611
1267
2475
2119
50
2157
435
774
2355
262
2826
307
2020
766
2161
1740
2553
257
1165
776
2723
171
2574
1642
2769
1030
1452
1424
2089
454
2624
1991
2183
2453
1564
2783
1507
2004
1141
2618
2535
662
1444
267
896
2700
659
2855
2077
2940
758
2683
208
2263
173
2059
2615
1046
2012
2302
1187
2585
66
692
1523
1372
65
1687
689
990
1175
2538
1995
1295
1743
1107
2831
1803
248
2790
724
488
1533
2295
1197
2069
2359
2871
132
309
1018
1349
1906
2842
1144
237
1820
264
21
77
2272
1875
431
110
1730
19
898
1367
1390
1709
2523
465
394
258
578
748
2155
1773
645
2879
199
2153
1017
722
779
1150
1809
1889
1553
2903
298
1823
1604
1747
498
1311
1413
1181
923
1032
1035
1434
2463
1807
119
688
682
2070
1346
339
480
1116
385
100
313
1726
1206
1883
2914
186
1052
871
494
2115
2877
799
1155
1439
860
301
1603
2479
2856
1065
1627
479
795
1592
305
235
1184
1822
2751
1403
2096
2382
2013
357
870
2118
39
632
1790
393
2303
489
2678
952
318
2602
2239
1947
2861
1671
2438
963
1039
1833
1482
2525
538
2764
652
1101
365
2492
908
1779
2400
500
1315
2839
383
2758
915
2490
903
1572
654
2269
2568
640
1639
15
947
1593
487
1226
106
943
2652
470
1327
163
1241
2634
1761
2818
1837
672
2675
1626
907
660
1392
1584
677
213
2043
1781
48
1422
794
524
2114
1475
2720
2506
1389
2101
2461
760
1229
954
179
636
1333
34
403
754
332
979
474
2447
2835
249
440
680
2207
2878
1862
1203
1770
1326
2256
2034
400
1062
323
685
2193
283
2484
44
2534
1767
1707
1078
2893
762
2090
356
23
189
2048
2902
2209
1412
1952
1441
195
2702
289
2514
2626
637
1922
448
1089
1270
734
2141
2139
467
1850
1110
2551
2886
2409
1493
1455
1459
1583
1581
1224
1805
735
1436
2222
2931
1916
597
1965
2608
1426
558
204
1492
2530
974
1944
1448
2068
877
630
2583
1535
589
1494
399
1490
1121
2741
507
509
1826
36
382
1368
2380
1718
1932
1167
1307
2869
1239
921
1212
533
1371
2532
706
940
73
2848
1281
740
1049
2268
131
2863
705
2616
2165
1895
164
1296
2175
1154
2622
1559
2885
2516
900
2109
2236
161
942
1777
746
946
1629
1641
2313
2939
2511
254
516
2781
2348
1076
2762
2498
1984
153
579
1620
59
883
1519
875
1845
933
425
1884
665
691
2159
1298
1173
1590
1682
367
206
2169
1673
1022
2794
2131
2494
499
2229
2156
180
553
99
1491
101
1004
90
1158
2517
87
2416
2531
2009
647
71
1477
534
580
386
2765
327
980
405
2091
542
2596
514
582
1120
360
2471
901
1192
814
468
1757
2694
1933
893
1214
2669
2328
958
120
2073
1094
717
1994
1504
1923
651
1858
2580
1172
2163
2811
631
2604
115
982
325
336
2238
2062
1330
1756
1827
829
1745
701
24
2630
716
1384
1942
1731
744
2364
2528
1909
2812
1070
1558
2613
1458
1912
2571
523
1299
2063
928
2502
2614
1036
2092
362
1763
2791
2215
1021
890
1268
711
2816
1633
246
894
1408
2146
1196
1250
1881
2067
2776
2244
1804
2755
1556
2673
1896
2537
563
1225
2496
1098
1085
2208
1156
2487
2521
428
956
7
1418
191
2660
1285
2459
2666
329
2450
916
1460
845
2444
1220
2273
835
2023
1663
1974
2123
84
2333
234
540
2736
2122
1616
321
224
2713
287
2485
1273
1579
167
2105
1373
316
1081
1765
2672
1657
2859
1092
876
2100
1930
2864
2045
2007
2351
2264
2413
1485
861
1953
550
2008
1099
118
2709
1846
2443
2389
482
1000
2393
1353
2151
202
1415
596
1328
2920
240
2524
353
2796
2336
2559
96
1409
2414
2440
2929
576
1722
1109
429
2801
1309
1810
2473
869
804
967
1169
998
935
1739
1859
1928
1411
46
2366
583
1720
2898
85
2304
1631
1171
395
1775
418
2247
1337
512
402
108
808
781
1398
37
1063
932
1927
515
1235
2213
1638
2843
1185
1776
608
2248
2276
2080
2038
2318
2667
259
1602
1666
216
2589
2415
2858
2658
250
2803
2457
1539
587
1753
2911
2350
2809
1831
1251
527
1669
1252
4
955
1955
2204
2600
2851
673
2262
207
1725
1086
1467
125
2391
1636
2739
1644
668
407
1374
2301
317
300
629
1163
690
1879
1247
2813
621
977
2645
8
2136
459
1893
2407
150
1188
89
2773
612
1520
2782
2699
261
2562
1864
765
1873
1522
270
2838
2394
1007
2150
546
1538
2372
2797
2246
2342
1920
2065
1509
432
2176
2427
2710
1598
1951
1334
2339
671
714
859
1565
1468
2493
1868
1034
554
2323
2638
1577
1135
2310
154
525
2125
1437
1911
1028
2061
2015
1625
2707
1190
710
2458
2212
349
2784
2452
229
1489
2309
2649
592
2661
1594
782
1498
1200
277
1304
220
135
745
1530
188
1399
2478
1867
2757
423
697
2670
1245
2140
1742
91
866
2560
1939
415
2476
1609
1569
194
458
1899
1262
2154
2890
1024
747
2820
653
2240
1497
2353
1946
483
2727
2331
1318
245
2
1812
1343
1407
2424
1834
414
1342
1130
1429
1472
2032
2891
1060
522
1914
1794
607
190
2884
2225
1347
2508
2814
559
1266
2504
892
2241
2849
1341
2881
116
2852
2684
457
2889
1514
20
2606
2593
2439
678
2289
497
2036
1997
1316
26
2938
1672
2347
1056
772
256
2369
615
51
1496
1721
2690
1451
1370
1596
2628
1525
2194
177
31
826
2941
2686
670
112
547
2701
30
2375
212
1908
330
696
1684
848
918
2743
1677
2095
2132
2340
2691
2867
2112
1394
2434
1771
2636
851
352
2076
2317
2620
32
151
2595
2692
2711
1690
1688
449
2799
1127
2882
1882
1857
2897
1019
2396
1907
1917
885
2296
797
2817
160
1289
1506
1918
726
2290
1157
995
2286
2254
846
1055
1960
1534
2116
1100
2936
1058
2708
1746
453
1545
638
181
843
2300
79
2441
1706
2518
2387
648
165
2026
1841
2780
1382
723
1002
837
1152
2082
2011
368
1300
1015
1987
326
930
2143
1010
1117
1319
687
2376
2005
446
1419
2685
1166
801
2594
975
854
504
2060
2870
107
444
763
1717
518
61
565
2431
899
451
1113
1294
1617
769
2037
2128
1734
1832
1134
1291
1440
2319
1480
2138
2320
2925
1614
1934
471
2896
1132
49
1271
1595
823
1536
655
1410
322
2715
521
1645
732
505
536
2417
52
1802
491
2663
1105
618
743
2363
1450
2234
422
375
2827
251
1880
2807
2731
1136
2010
1457
274
1104
2107
815
1478
2003
2926
976
675
1801
1090
64
1423
1258
2668
142
1484
2582
2403
2767
126
1397
69
798
1660
2693
443
80
476
1969
396
1772
1692
2299
564
2539
55
1550
2265
562
503
1057
424
1949
2177
1379
751
134
1261
2577
1854
2933
1126
1286
1255
2231
2388
2617
614
919
2543
548
1529
2228
2483
1788
2420
2554
996
416
619
2648
1600
1194
14
581
2179
2829
2704
2383
569
731
1890
2196
2279
2922
2158
1325
2029
1754
1828
1469
1198
1414
2327
2771
231
2717
2410
1420
557
2190
1940
879
2178
2632
1320
1733
2404
1929
281
1787
506
2346
1432
2821
609
1473
994
75
3
1736
2315
1463
1570
2195
1277
2099
210
1876
2173
783
872
436
1886
802
2433
2467
2064
1651
2752
1555
1222
1901
230
2360
1376
844
1314
62
2639
2255
951
1710
2592
2398
1839
472
2418
2844
478
1992
1705
2526
1402
1870
2242
2659
1628
127
1582
1653
2719
817
1358
2249
2216
2552
832
2267
265
1732
874
2888
217
1338
1077
1026
627
2587
462
656
1020
1585
560
1560
1571
2627
693
1836
2292
1246
1321
545
1998
1885
770
622
1292
136
1033
1988
2429
830
1303
2343
47
219
1396
2201
2052
1696
1935
591
595
2466
1694
2325
1442
2611
684
86
2567
2927
593
1280
1676
644
2937
571
572
2513
1989
2232
1825
2681
2921
1138
971
1665
792
2725
964
1087
2930
1462
1728
17
280
124
348
2093
2121
2880
1331
937
531
2505
1842
98
1654
433
1513
2544
2550
2738
749
218
905
1711
2841
205
2772
2291
733
2144
2287
2066
1678
463
211
2745
657
1164
1531
185
2145
2545
1189
1713
2472
2071
198
1054
934
437
2149
102
1237
358
1356
2206
2199
2928
242
340
789
1351
450
850
1544
1981
495
1526
1153
2455
520
1012
1542
2907
1516
76
1715
145
1499
223
286
1405
2621
2800
2586
481
2832
2802
661
57
2170
2040
1249
1233
2451
2910
2491
2635
184
2454
709
2120
2462
1580
796
380
311
2696
1168
1122
2259
683
1195
2836
2824
1532
1317
2220
214
1915
193
828
1025
2160
1686
1377
1232
1068
2039
1221
931
109
2540
793
2912
2261
157
880
2362
6
2392
16
260
2277
2519
939
1124
1355
2281
1586
1996
2547
1401
408
361
725
447
2777
2411
2426
1971
303
1435
2549
1013
2219
917
312
853
9
1962
2501
561
1780
2103
2874
2566
1466
388
1766
1310
2623
1999
868
2182
1888
1562
1243
1084
1179
2679
626
2016
1443
1199
1894
895
1749
92
33
1811
324
1178
128
756
376
816
1162
2223
530
2271
2805
1118
1613
162
750
1038
485
1272
948
1114
623
1284
2399
2428
811
1357
720
2338
790
1364
225
1878
2875
1305
1204
2564
1680
862
1561
1957
60
438
953
1640
314
2421
529
2499
209
1438
2087
2049
2716
1716
2361
1080
105
2460
2124
1174
543
2237
686
510
2489
926
143
664
174
2406
1259
1308
2737
2744
2643
1668
2258
2358
1487
2285
158
800
1913
236
920
1702
342
203
1607
255
351
715
2027
831
2181
606
2006
978
2900
247
138
299
2480
1231
2341
2465
441
2456
41
842
2722
1476
2288
2768
501
273
603
2883
929
600
2468
2908
1938
1348
2546
2698
1265
159
1454
310
1675
1799
10
1537
2609
1575
1359
2655
1693
1792
2432
2729
2474
2542
1360
1637
1695
333
2211
537
2647
1253
1433
1428
786
1752
584
1655
183
1597
1518
863
737
2917
985
81
2726
2735
1059
1430
775
1207
43
839
2588
864
1887
643
1210
1393
945
508
712
366
2251
227
1835
2503
1406
2640
1708
297
2085
1137
1324
2899
2695
1009
1148
1703
1336
2412
1689
841
936
633
2297
1293
2235
719
2905
1606
2766
2515
2337
713
2133
373
807
1508
2260
983
914
1139
200
1287
567
168
1470
847
586
2581
1011
703
1783
268
992
1383
2423
1861
2054
881
2918
2102
70
2252
1897
419
2887
285
913
2083
532
767
757
1921
777
197
784
1724
1549
113
2442
1972
2162
344
620
865
833
1133
2734
938
1053
2671
2718
2180
805
809
1425
1218
2436
1727
2445
1123
1387
129
997
2569
2612
2481
2308
1784
1145
1510
155
2055
2853
1215
599
2732
1785
1069
1808
1447
1986
2573
889
960
1681
2847
759
2253
2081
1140
1096
1588
221
1230
1774
2368
511
1950
999
2529
2482
2788
222
2192
1290
2637
1658
78
2653
2650
411
1361
2497
2786
570
2419
1083
849
461
556
1796
1615
1381
2687
412
187
2631
2345
2754
1662
355
304
331
1865
2556
1855
2894
1956
1240
1759
460
1937
1047
243
1919
2935
421
1209
2030
496
2677
1903
455
369
2724
1737
922
156
1877
1567
2599
1031
2665
1891
1128
577
1973
392
549
968
739
2437
1648
2448
2591
594
359
95
1256
2395
736
986
601
2845
2198
535
1958
54
2110
1527
718
1075
2233
401
2031
1813
2021
1751
2862
2367
2022
253
1417
1824
1263
22
541
2135
2909
2435
1830
2913
1964
2227
2578
700
175
1576
1646
1111
404
1515
1863
2379
761
2257
1276
58
1632
2746
1793
1729
1050
2641
1352
2050
2584
1461
137
2137
282
1778
147
2520
2113
2075
702
1471
2282
729
347
878
2597
2371
1650
1966
1416
335
669
2019
1044
1798
897
276
519
2044
2915
439
2401
1856
1902
1554
45
2384
2470
1112
196
962
2408
924
981
1829
2579
2840
343
513
2106
704
2449
1322
2857
354
2042
1963
1501
1670
2868
1257
1844
390
2785
166
707
2810
1385
2079
1818
2819
1925
2386
1948
1023
1977
1217
1191
1064
1599
2703
346
315
2721
2356
2127
1591
2932
882
2104
2185
2332
2500
2188
764
2822
2570
320
1344
2197
2728
68
1483
819
1758
1481
1815
1176
379
987
466
1982
1244
2527
1479
730
1985
1227
1635
1005
1500
2217
338
1574
2171
11
1029
2033
2789
1074
2221
29
345
1091
1151
1980
56
2142
2548
1511
1363
1943
1700
1505
2541
642
117
35
1180
2712
1806
738
1335
834
319
1990
2024
1146
2761
1275
2610
1088
585
269
278
2402
381
1659
296
676
1762
993
1449
1103
1147
2130
1656
406
2397
2795
887
2488
721
1610
2352
2854
2167
2390
2507
1149
1714
2046
1871
97
2934
456
2654
1568
1042
372
624
306
1738
1961
28
1095

