133
1461
2716
1465
2725
1459
1891
23
2863
904
1999
1778
2893
1721
1377
1667
389
2022
2080
1666
948
1264
1196
443
2583
174
2196
408
886
2632
222
1140
1942
1980
2073
2835
1772
2852
2663
2534
1989
470
2613
1827
252
1167
2536
2662
1987
2143
897
2125
2126
724
2646
533
114
169
31
335
746
651
1271
1071
875
390
821
1019
2106
779
2189
1251
1033
1546
196
1771
1646
8
527
851
2056
1533
2228
2622
442
2118
2276
680
92
687
2588
2565
2563
2631
2596
2355
1011
2601
1210
2375
2134
1136
2362
2484
1620
357
1323
1521
1247
1675
77
1566
122
2252
1168
1008
149
453
413
235
2532
277
1460
1958
1241
1373
513
2654
2790
2677
305
1768
1319
381
2052
9
393
2453
816
1794
1444
1639
562
988
1728
2254
1722
487
610
1375
744
2152
901
1157
2195
962
228
2198
1825
942
2684
2119
1368
270
2108
658
2190
1258
2715
21
930
176
857
958
606
2785
343
1273
1602
2419
998
590
798
725
846
1122
1311
2351
719
2763
1512
2013
1990
2726
2224
375
2443
202
2330
1315
2472
1331
2708
993
1830
511
1996
1641
1410
1035
1272
1413
1698
910
2890
483
1610
2372
647
1240
1847
2116
2692
2873
1904
1053
833
2647
200
2278
2820
1924
1537
1120
2558
1905
1268
466
2090
2880
2928
2207
2213
768
671
1800
2168
415
505
1849
1606
666
275
347
1645
2270
1458
2615
2350
209
2925
1630
1214
865
51
1551
1301
828
1354
1514
766
921
801
1845
2813
2717
2264
870
916
1054
1561
78
215
669
1388
70
83
2107
2735
1726
245
2381
1708
1163
418
696
327
2016
447
1355
292
2065
1679
2461
2732
1789
825
1087
1169
2387
1131
1741
1088
2791
2361
1409
353
519
2661
2
2017
2244
1449
683
2015
1697
685
1403
188
1286
839
704
2349
2187
398
2225
2397
2334
841
1424
2322
2303
1325
934
263
2769
697
58
849
2410
2887
1061
213
1709
2660
728
1484
868
1233
1470
2487
917
2210
61
959
2851
1000
279
979
1190
2495
2444
1995
427
2401
944
2540
688
2239
307
184
2496
1773
2031
2491
226
672
42
1785
2449
593
2670
2505
2095
316
1312
1649
2089
1724
1020
2448
894
2685
2185
2837
2092
1382
790
396
561
1541
2027
2122
1274
2712
888
1747
350
879
2675
1609
2693
1906
827
1350
2617
1338
775
762
539
983
1310
1991
2561
636
1695
1894
2680
1076
591
2305
741
1042
1423
758
2363
1851
2672
2197
1947
1988
192
2783
2141
893
543
223
2618
210
695
162
1949
924
1964
655
2792
370
419
265
1960
2500
1953
1385
2101
1223
1588
2007
2910
1348
2645
1644
130
1412
2664
1108
2895
1968
2309
2023
1104
932
1154
2564
1532
985
507
161
1931
417
677
1015
549
653
461
496
880
2846
2365
1427
1327
529
2474
1036
903
1936
523
2335
1263
2138
2060
2749
1109
266
1790
2188
2067
2433
2699
956
1488
1647
2713
290
2507
538
534
1048
1662
872
2832
1093
27
1788
957
2940
772
2321
2904
2512
567
2798
1952
789
1852
2459
285
2687
2774
1868
1869
2700
628
613
1205
656
1185
982
2337
438
1195
1710
1650
1579
2026
2759
289
1217
127
1834
1878
2050
1573
475
193
1511
1172
1364
1365
1976
1259
842
1021
2043
2024
929
2795
2002
1454
2822
3
657
1657
414
1744
2086
954
2902
2492
2906
2128
1500
2053
1245
103
517
175
2891
224
526
2934
2077
1039
2366
1948
2074
1125
295
1398
1879
1568
220
1464
2200
1907
757
2297
2009
2497
1598
262
1758
2753
1691
1032
234
1417
1187
2097
1057
2746
1265
142
1253
693
2312
2255
1914
1086
2482
2872
2137
1654
2284
831
2235
1565
1150
791
464
339
2517
1307
1696
2582
409
1887
718
1816
2285
855
2012
2302
329
1453
412
302
557
991
2311
1529
1809
79
2267
556
1855
1614
2568
2114
853
1284
2452
2111
497
365
1909
385
1571
877
2428
1275
1757
1134
2406
2859
2513
803
2786
1848
599
1523
1056
2051
314
684
1100
2788
860
2451
1218
1735
1861
400
1366
1279
2729
1877
1813
2266
2650
2286
1089
2163
2866
1111
2194
2562
2828
2318
738
1975
2393
2784
439
1843
1919
1734
1681
2819
499
2059
481
2275
2313
2669
734
16
1262
1173
26
344
1972
1320
2011
1738
1441
167
1603
150
2641
1700
137
346
144
1678
2853
2739
1480
62
953
1159
2931
319
2914
469
1278
2829
641
811
2553
2722
146
1743
1435
294
340
271
242
574
1956
2371
1428
2707
1796
2779
905
2045
1893
1569
524
1824
28
845
856
2186
341
1799
387
1549
1875
2551
303
2592
2818
2821
506
2430
1677
1637
1485
429
2709
2164
2150
10
253
2831
1725
2392
1242
1881
1292
65
965
2797
997
2577
631
1591
63
112
241
1693
1857
1793
2261
1590
291
420
11
2241
323
1096
751
1623
1219
1950
1018
558
1713
315
2591
2903
824
804
1659
1287
1718
1450
760
333
1216
650
1106
2400
1230
2156
1627
158
1254
2515
401
1900
2706
1077
674
14
2439
1750
256
949
808
441
530
1496
1513
2546
431
2199
1938
2294
1041
996
537
2167
2354
834
2616
1787
675
2295
2589
1266
622
1520
1542
2817
667
2171
1896
690
379
2454
584
2229
138
2915
1749
2290
2611
2028
2489
402
2048
1058
2935
2103
116
520
2133
632
1201
874
515
2856
778
1959
15
2676
659
806
2105
2503
2667
1381
1687
1477
212
2695
2702
1727
2464
211
2900
39
1443
2296
2541
1178
754
1638
974
605
1397
2776
2918
1113
1102
1148
2473
703
941
1299
654
2585
740
2249
565
1966
472
2471
1222
906
1431
1817
376
2367
1114
2442
1246
1224
38
492
1967
2698
2423
981
2509
883
694
739
2518
809
1237
2386
405
1370
2772
1070
2756
563
759
248
54
2006
1844
1754
2144
1840
555
971
1682
1342
2000
198
2765
2775
2744
1562
56
2595
1234
380
2405
494
2384
2602
594
1380
2478
278
1762
2242
2594
1672
598
325
2554
2766
992
911
1359
2389
1191
2740
2004
132
1530
2344
1362
2127
2136
633
521
2682
938
397
1228
2450
2927
664
1346
2394
1164
512
2211
1406
2929
498
665
2277
1731
2590
1447
2418
2376
1146
2272
1890
2391
160
2325
106
2506
2161
578
2364
885
1564
2720
1742
2638
1419
276
145
105
1981
1633
908
1339
1440
1941
571
2202
2599
1098
2508
1105
637
37
73
468
1303
1821
978
1002
1029
1276
373
2070
2083
1897
426
634
1745
994
1001
1010
454
107
640
1356
732
2847
1117
1349
1883
2135
75
1522
155
1660
2799
181
1506
67
1589
1321
1392
1858
249
1007
1194
1031
2068
2157
1860
1553
2916
1405
310
1296
139
2173
1386
2477
423
2666
367
322
699
2352
1189
2806
1062
792
2655
2825
2867
572
2298
1158
2374
1344
1209
2620
2155
2219
1045
86
2151
2648
1082
2279
2336
2812
261
1554
1624
1706
480
1107
1314
392
2432
199
502
1705
1243
1801
2574
2499
1507
609
817
2329
726
1795
2085
1671
269
2121
2581
2658
1044
2463
1767
2347
2129
1748
430
1143
2042
89
1213
2333
1174
559
41
2627
1149
2035
2066
2578
2358
2233
1729
2047
735
1617
899
963
351
1547
1065
221
1322
2814
1604
48
407
970
1142
2087
1978
1661
445
53
1856
595
2741
608
767
1429
1898
2385
1416
1504
1084
474
2058
1888
1631
2120
1499
69
2894
29
2209
2079
93
1426
2629
2348
274
1399
2113
2427
2360
1091
2815
251
2411
124
1873
836
1027
966
569
1376
2057
2203
7
1244
183
1123
1047
2721
781
477
2117
2280
1944
12
2909
482
2897
1085
546
2269
869
1548
2293
1231
18
1207
2218
395
128
2268
2486
2088
1203
1340
1046
620
1208
2651
603
1489
1782
586
1892
2607
1336
1304
2192
1559
936
478
237
1607
19
2888
1784
455
2635
2642
508
847
1306
748
2876
2184
267
882
607
1927
2353
1899
1090
2612
1269
260
383
2714
2656
1920
1563
2046
1969
800
203
2743
709
2750
1308
1925
297
522
1993
1121
1792
2175
1770
374
1497
2869
324
1030
713
1558
2292
1067
2884
2317
399
177
394
1803
536
493
731
1235
1369
2630
1736
2839
1540
1583
363
1141
2807
682
2416
1902
1402
1170
807
1297
960
2148
1160
1582
1466
1476
1544
686
1448
579
2604
1923
2246
1418
2734
1587
2621
2633
1576
282
1025
1557
2778
1685
82
601
1212
2417
614
2262
386
24
320
1309
2485
1166
280
1463
1186
2260
1110
76
185
887
2040
1889
642
964
2076
1225
1701
700
660
1769
1006
1808
1206
1760
1483
773
1112
309
986
1198
2528
1634
2731
873
1028
898
927
1538
2147
2055
2770
1867
1184
352
1692
2804
2525
2610
2570
1560
797
2781
770
707
2437
1050
359
2571
1535
287
2357
2343
104
2378
148
98
495
2920
2424
2282
576
96
20
2892
299
2572
2326
2415
2346
2634
1977
141
136
1715
1267
794
2169
2174
490
702
1932
2606
785
2236
840
1594
1653
1372
1751
722
1528
1842
618
710
1665
1430
1595
2844
2755
1934
1179
2587
890
1456
1469
2862
913
2874
2805
1026
100
1574
2811
331
1971
2132
945
969
843
2922
818
648
925
239
1064
2530
35
55
1626
2179
1828
1702
596
940
1982
2913
689
433
989
2259
428
2556
784
255
1812
2886
2736
1670
2580
771
909
1358
121
1277
1126
1822
2502
708
1723
2082
2018
2524
2124
2158
2110
1526
4
318
2469
553
2274
2908
1171
50
876
2757
1188
2273
1395
1204
360
626
1866
1156
2836
2003
2310
1669
2345
1652
2827
102
485
2681
2300
2605
1478
2533
1341
1846
46
377
5
2728
2014
1611
2727
1451
52
304
615
2526
2764
410
1516
844
2858
1252
2032
2705
1414
2177
597
117
2490
1407
2084
2737
1081
298
729
471
135
1326
186
2748
1501
895
604
1756
1017
1095
1556
152
1260
1220
1280
2826
1882
1536
2030
2733
1519
218
1807
1625
2165
783
95
2619
2510
182
1601
1288
2146
2809
1152
2193
1777
2538
848
416
2104
1363
1165
923
727
1737
371
1236
912
358
72
2404
2768
204
1901
17
1482
1445
1038
861
850
1755
2567
926
2801
2493
662
1481
2112
2331
1181
2447
2718
551
479
2206
1043
1584
2237
2535
1238
788
2857
59
171
1668
2514
832
1673
838
1255
2938
1051
1072
935
2251
1712
163
1180
884
568
2780
1776
444
1034
1791
2840
793
2912
1917
1895
1779
947
2760
1622
2130
2723
1129
1780
1510
2537
1
1600
197
720
2745
1880
630
1954
504
2575
1774
2625
1518
1629
2653
1378
457
2226
564
1387
2758
2549
284
74
1396
1351
525
712
85
1819
2936
1863
812
2306
473
240
178
110
1885
1635
2421
2475
286
1452
187
1052
2356
652
356
2399
2227
542
2628
915
2149
1467
1592
2479
2905
616
448
881
2429
698
306
166
548
2062
1618
2683
547
2879
755
2398
582
2711
1619
2657
2037
765
432
97
66
2547
0
1733
1293
2545
500
1753
2810
1870
2738
1945
126
2081
554
1183
2573
1676
317
1699
434
44
123
1811
1686
2550
1850
2609
961
2248
1133
575
585
231
2789
2142
435
1118
191
1922
2064
2320
1177
1153
972
1531
131
2883
13
2468
644
1135
2907
2640
939
2078
1707
1079
1839
1492
140
2794
1918
2426
1317
1329
625
902
922
2287
2686
2283
2008
2898
1910
134
2257
984
1865
2019
2690
1913
1983
2614
1347
219
1656
2830
1343
2340
32
2864
976
1305
1162
1577
837
2823
254
1612
2522
2140
301
1468
1371
1911
967
1908
230
920
1345
1432
2652
60
975
1383
2850
462
2403
2154
1145
2314
194
1874
156
2414
2701
1101
2049
819
829
451
2339
2678
951
2115
931
2919
673
1826
2301
1328
1215
1116
716
600
1097
1367
692
1552
403
2921
612
1765
990
2341
2511
2139
1437
2504
1986
1581
1955
2435
714
2470
1621
1841
2636
918
205
552
820
544
172
2395
2598
2445
592
639
264
1175
1746
2250
1486
973
670
802
583
2215
814
1393
540
2093
452
2557
1474
1597
118
1689
2160
1804
2098
382
2923
2240
1928
1694
2307
180
2063
268
2882
780
1005
2036
2245
1764
1935
2523
1818
2771
190
2584
1690
125
2172
1161
1302
259
334
486
2247
638
2281
1239
1316
227
2408
68
643
1182
1508
2289
257
2034
165
2212
154
342
2382
2841
1249
1853
1290
1013
2875
1711
2865
2441
1525
2793
1132
577
2481
232
1663
580
1014
1012
623
2824
2845
1831
34
560
2234
2603
2328
1439
2761
2643
109
243
968
1655
1703
43
2178
1144
2842
1498
355
463
411
2849
1688
2413
2291
2519
1539
2462
2231
1739
1037
528
214
2256
1961
2679
1434
2742
1069
1761
2223
6
1823
2258
1596
458
2467
238
2253
2704
1752
2181
2407
2071
1049
1933
1337
1332
2072
1570
2939
2834
2527
1248
247
756
336
753
1951
90
786
1854
2373
750
1992
2848
2243
1615
368
2456
2896
611
871
1094
2431
1494
1009
2937
173
345
822
2327
87
715
1915
1781
645
425
717
1806
1786
1740
216
2332
2552
1585
2941
1442
459
1078
2697
826
2383
2038
1524
777
1016
914
541
99
233
170
2222
1515
321
1211
1714
1684
2001
272
1862
1527
2838
1658
2166
1232
80
2369
2096
2304
465
1833
815
1473
1599
2170
300
501
1003
2696
955
273
2674
1124
1783
737
1580
1732
1119
1495
745
2315
1374
1227
2930
668
2901
1766
1360
436
2409
796
2787
2868
1605
1829
2877
364
1550
891
1487
761
2860
2751
2560
1939
2204
2854
2566
2123
1864
57
2180
1575
1578
1059
2878
1455
2543
2767
2694
1283
288
1281
1534
2803
2466
384
164
1930
2531
1226
2802
293
863
514
283
1963
2494
619
1555
799
2221
1628
661
566
1421
1379
369
2773
1502
328
681
2183
108
1572
1099
1060
2659
1886
2777
995
1835
2422
2688
1567
2412
1475
535
1128
1680
1404
1704
1390
1270
244
2924
2608
950
2885
999
1352
678
296
2159
1797
763
1720
1683
2623
64
2833
733
2145
1994
349
2455
1022
2388
2597
437
1965
1759
2480
823
2926
1642
723
852
348
2539
1353
2917
864
1330
1199
2109
588
1291
2214
2689
1066
2816
711
111
805
2436
1503
617
854
440
1985
326
2671
1055
946
1884
1115
1921
782
449
2593
1294
2483
1138
2153
2457
157
1929
2460
550
2911
621
532
1024
49
2438
362
1903
866
2668
2542
977
2752
2029
1256
1324
1814
1221
635
858
1940
2205
2100
952
119
581
1446
424
2208
2425
1298
2020
1130
1472
258
2005
602
84
2855
446
892
143
795
2724
2465
2091
1289
2555
1632
1593
1462
2402
2010
764
1664
2747
516
2102
2861
1200
91
1763
1422
2370
1318
1433
2624
2881
2673
421
1815
1970
1285
1127
2691
2843
646
22
736
2061
813
2637
503
2368
1505
36
1151
2265
2569
250
489
2520
207
2710
1616
747
2548
1415
2319
1384
94
742
1391
1282
509
1926
2263
236
2754
25
1080
2559
2501
1613
33
787
113
1859
1648
1479
101
649
1074
1408
510
195
1997
2719
2288
179
2626
769
2232
1063
1674
151
2796
1300
361
2182
1420
1802
2308
1137
2434
388
1068
2338
2176
663
1040
1411
1357
896
2586
2069
907
1640
1957
2217
1023
2162
404
1810
1335
2342
168
476
900
1400
1202
456
2600
1775
1872
2639
1974
570
701
2359
1545
518
1457
246
1943
1636
120
2390
1838
2498
1436
147
1912
1651
1916
1608
627
308
2033
1820
153
2420
391
878
810
40
2025
2476
1139
1438
45
2440
2201
1073
460
2323
1401
589
1193
859
1876
2230
776
1261
1871
573
1103
980
225
676
1805
889
313
1509
1490
30
467
330
2529
545
2377
2075
2800
488
2871
1717
867
2379
229
217
1197
450
1730
2762
679
928
2649
1517
2665
2899
311
2889
1586
2041
2044
1295
2870
624
1493
366
129
1425
1979
88
2730
2094
933
1075
1973
1394
2458
2579
372
338
706
1333
919
337
81
491
2324
2216
2644
531
1491
1155
2271
2808
422
587
2521
752
987
2220
629
1313
1192
749
1543
1361
1998
2782
1092
1719
2238
47
1946
2488
2131
2299
1643
1257
2703
2380
830
2516
2576
1176
332
1798
774
1083
208
2021
1004
2396
2932
1334
354
1250
1147
1832
281
1962
1937
159
2099
115
2544
2446
705
1836
721
743
1984
2039
937
1389
2191
1471
1716
2316
71
1837
943
406
2933
312
862
189
2054
730
1229
835
691
201
484
206
378

