2796
439
2593
2823
916
364
1353
2220
2376
2651
1282
2111
1359
2185
415
1732
1971
2699
1987
2323
2047
1953
2428
1168
2006
1800
345
1683
2905
1613
2641
334
2115
2041
480
2667
1843
2290
1521
2757
2420
2931
1877
925
1508
2918
1025
2493
1711
1110
2719
278
793
2444
1871
1746
287
606
1469
1449
1277
1040
104
2581
755
1895
2527
464
2504
2487
1659
2093
183
2508
1618
918
1726
1979
275
975
1989
728
1432
570
832
2598
696
672
1783
168
737
297
1323
33
1967
1976
1763
852
2700
373
1947
710
859
2720
1500
1005
2716
2674
2234
1424
1876
1143
1786
2266
1453
2856
2310
2887
1402
2412
1004
2449
1029
2228
1525
1598
2225
733
20
930
1411
2373
706
1796
695
469
2393
2601
1883
1825
1447
2043
2013
1534
1392
912
271
1837
2588
1752
390
1667
2941
2030
527
905
1303
1742
1471
2326
1874
926
1522
861
533
2176
355
2782
1728
1241
742
1523
2208
532
121
2158
1214
2246
2281
576
306
848
798
1560
2867
1829
2758
2929
1799
1838
2732
2602
1000
2872
2774
2413
2768
2165
2142
2214
2717
999
2644
1604
2547
251
1223
1842
1257
2563
1183
2558
712
317
2781
2635
2157
2436
2526
2885
2884
2311
1789
493
666
343
2325
2431
1774
1198
1991
2071
615
2418
1893
2442
649
1910
886
1551
2177
777
2286
1280
354
1693
455
59
3
2592
2468
1836
685
1888
378
1723
1456
6
37
350
285
467
818
888
976
515
2871
642
1900
1681
1566
1285
2012
2119
2107
1358
429
1271
284
903
2054
1821
1793
683
2564
822
209
2533
581
245
539
2791
1744
1715
691
791
1697
1219
2482
522
2213
227
2857
2778
2472
866
2582
175
1474
1707
635
267
929
719
100
2818
197
235
291
1439
399
2786
697
1869
1450
1678
1483
72
2686
1699
510
29
2794
620
2105
1106
2742
2362
1832
2893
687
721
418
2273
1075
1072
218
2124
2853
2248
2328
2552
2500
718
1361
609
1959
765
1653
295
2443
1299
215
519
1276
1573
311
1896
2529
2629
377
722
2113
2380
2915
2201
1064
2478
2670
1724
600
1491
1161
1997
773
900
982
1561
970
616
1135
951
610
523
2648
2632
823
1396
112
562
139
2793
1078
2411
1673
265
2765
1103
199
839
2459
2180
618
65
262
1863
1571
2408
2369
2730
962
1322
1295
286
191
1074
2160
1628
2917
1125
1864
779
2461
2299
1567
729
884
2541
2483
2221
804
1360
2838
2660
2344
2873
1338
1927
1188
2467
283
1427
162
2868
2205
1845
2715
1113
977
106
2156
454
1057
1853
78
2501
1782
802
2825
1952
2779
2577
1263
1152
2671
1765
1498
2666
2149
1857
1399
1860
193
2712
1095
169
1261
498
368
602
471
2520
2741
1535
1385
605
2833
198
405
2190
1936
1555
2427
2708
1222
226
1144
968
528
1850
281
1795
95
1621
2390
2683
1405
66
1851
2125
1458
1867
1955
62
893
840
2112
2312
2817
2484
2333
28
1652
409
2367
789
1998
89
269
1627
2169
2624
2034
1130
1844
424
2358
2579
1852
2321
221
1657
1308
2580
2318
128
1690
501
1117
163
1468
2862
2919
2913
599
623
1024
2639
208
1190
2698
932
638
1866
2075
1196
2005
99
1056
1552
2200
1272
931
1248
133
540
2749
446
120
1315
319
2645
2773
2360
67
1122
1855
1254
701
1776
447
1716
1324
2647
2145
484
379
2763
2091
1398
1761
1898
2702
517
986
2798
1395
2801
434
908
2341
1375
952
2463
2603
2015
1228
1036
292
869
294
2395
2611
1179
1019
2098
1365
1737
2832
158
2270
179
858
2819
331
2236
663
2074
1206
1834
1414
84
1906
2366
1107
1974
817
1589
2338
1387
2811
154
637
799
2445
266
612
1202
363
1428
2353
2024
382
2187
2198
2532
2938
246
310
205
1767
960
1246
1084
837
596
2435
1347
1193
920
2531
966
2223
1797
1890
185
1475
1645
2232
431
219
305
2138
1544
2567
220
1662
2224
2733
785
2146
87
1194
2534
1527
39
276
2251
1941
2106
313
2144
1670
1162
1720
2151
1027
2555
1820
1116
2677
1865
2690
792
969
2381
1557
238
1182
371
794
1533
1082
1580
1631
51
1769
1480
165
280
1754
987
1585
2849
626
1097
1273
1445
2415
678
1015
629
1788
1297
178
1958
1714
229
1305
835
1519
1655
458
1938
1607
1115
1609
864
1549
577
2477
347
2620
1265
1862
408
633
658
2068
1355
574
2604
2172
2750
2571
428
989
1963
483
488
703
2037
1654
1925
2368
1178
2922
53
1098
899
1420
466
2421
2406
406
146
1615
1485
2848
1423
2287
2170
222
1912
1771
1902
2570
2689
35
1175
2729
740
2121
783
2386
2747
1924
1091
2718
1899
2874
101
693
503
1897
413
1698
2549
256
2191
233
1008
195
1881
1465
2625
724
1806
1623
910
1576
1240
1499
1187
1093
1807
2354
5
1957
2860
1406
385
1252
1973
1489
1528
2402
2600
1992
2073
2141
1916
2271
1529
2458
1236
234
979
1695
1354
705
2920
2908
1775
1199
1176
938
88
660
1575
867
335
2438
56
2422
389
309
13
325
2491
2134
206
1918
2008
2229
1894
23
149
1484
161
1314
2615
764
1622
293
2303
2680
1515
2622
862
1708
122
2814
1123
573
1326
1859
1401
2875
650
2568
667
111
997
2471
1452
2850
2509
19
1053
1200
2009
124
1813
1180
2626
2322
1085
1981
1118
1068
1061
2851
1133
1327
568
2736
653
1993
1233
2058
2895
1389
1017
2038
1749
611
2283
2498
452
180
2621
784
844
1100
1619
1307
2171
1292
1415
1817
119
1195
621
746
2820
441
2117
2298
544
1138
2933
849
2679
2924
2272
1009
828
115
2126
1502
2020
545
148
421
451
370
1512
675
2760
895
2829
1962
708
826
362
917
2016
232
173
1931
2361
2440
2210
2476
1262
1438
2
1689
2131
990
2195
1264
2448
2455
1136
327
2132
159
2447
1562
1312
255
1266
461
2852
1397
2432
983
778
1975
395
2655
427
1066
1805
437
2869
1729
830
1536
827
1191
57
109
1244
465
1486
1224
2469
2352
604
2537
2576
213
1289
1626
457
2212
1119
2815
2385
2566
1022
2315
125
1839
2255
1808
628
2554
1300
2889
2230
1614
1831
2928
2681
1096
1913
1840
2097
2186
1215
950
1688
2175
2080
726
921
2021
955
2535
1586
873
963
2025
26
2627
868
553
1467
268
1160
771
974
1268
2337
1302
60
372
1253
243
1642
1249
928
132
2216
242
624
894
2834
1691
516
2218
824
1331
891
1373
2767
138
1784
475
1374
1357
1713
2785
388
1451
2505
1777
2822
2634
1985
2217
1909
456
1822
1722
1294
506
411
775
320
2069
2375
107
1514
2497
1497
2150
351
762
1665
1983
1753
340
2033
1048
1339
998
1250
1972
136
1488
1039
1369
1644
419
567
1186
2802
2166
1582
2148
2544
2168
2235
732
369
352
2114
45
556
1780
1170
2904
1220
48
1591
1610
1812
2244
1155
1380
723
253
1060
323
2685
2855
594
2238
2264
481
359
1010
1433
1239
114
1764
670
1309
2640
994
772
315
1663
103
1487
1269
9
303
1970
126
1046
2152
1668
83
2292
1632
160
2446
2707
2219
1856
2374
1849
16
1366
812
971
767
2226
1367
707
2316
2301
1026
145
2001
651
2452
143
2812
657
301
2377
2407
877
360
1166
898
1482
1977
1861
846
589
1340
1950
730
92
1230
2490
2599
2522
2788
450
2556
1159
1661
549
2378
1218
2748
164
2805
914
1221
85
2797
833
1112
2392
142
400
2901
640
1692
2877
1238
810
865
1541
2557
1256
2896
704
1803
22
2489
2561
1911
1470
1229
41
348
1901
375
590
2240
2153
2070
1826
1412
196
1409
811
1496
617
1914
547
492
1948
2694
2590
2721
937
2473
572
847
2664
1055
677
940
476
1982
194
2018
2764
1231
2696
1818
2307
61
240
2135
2672
2652
248
30
282
2425
1126
1969
2619
2464
2731
995
1926
1363
1556
2766
2066
2181
2726
2128
831
1505
2792
1037
1908
1372
727
664
2618
495
2433
410
2485
1185
1021
1584
1778
1550
1134
2086
2085
809
479
1946
1929
2638
200
1996
1592
1006
2858
1067
1306
883
2745
550
75
473
1608
2324
1255
2040
2026
358
2028
1422
190
130
1706
2709
1044
584
2423
1466
2810
204
460
1935
2356
1629
1349
432
774
870
2780
2630
2692
1942
97
140
2880
1684
2916
417
2265
569
2753
2809
1304
1568
2017
2345
801
1033
2094
2078
273
1884
2939
1758
425
82
2891
102
2573
1007
2518
1694
1709
1870
901
1394
17
2835
919
646
260
1679
1242
1419
1572
1444
1205
2755
978
879
2517
2659
1518
692
1011
2334
1751
1065
2192
946
1167
2839
2617
2462
521
2051
806
1094
499
70
1383
1437
2559
1495
1460
1049
1773
1921
1211
11
449
1526
2154
123
1156
440
680
892
1212
2077
587
2701
2710
758
2723
279
1003
2892
725
341
470
766
2209
770
2606
302
2050
1316
1391
1493
588
241
1446
459
374
2530
2035
1766
525
2550
2787
843
2936
668
738
1325
1350
2521
296
1226
1937
2930
1472
647
1435
2572
1124
2055
948
1213
1345
1887
2453
2479
1685
851
2897
1875
2027
698
1462
1951
2583
300
988
58
1640
1747
2076
991
1164
2087
1403
2724
2046
261
1612
2900
1696
1128
2031
2335
904
1939
1647
1163
25
2631
2263
2426
2239
46
1639
2770
819
1593
1516
1154
674
1736
1059
2888
2064
2007
1052
1517
1283
2282
201
1520
2116
2249
981
2637
482
98
911
2806
2528
958
2546
543
2384
1847
1131
2089
782
2092
2879
2023
2678
2082
1058
322
1787
500
1457
1578
1524
2072
1341
2605
1666
1750
2179
1293
254
1650
1332
2370
530
187
338
702
274
21
404
876
2739
1153
176
68
2585
326
1034
2387
393
1889
1986
462
1595
786
1635
1823
1738
1596
2594
546
2691
2394
1012
863
2067
1430
1490
2864
2253
548
1633
152
2927
1337
1674
166
2403
2167
1814
2297
398
2257
2099
1287
1421
2488
1605
40
407
2137
760
1964
2227
1802
1013
1581
2456
1603
1317
2052
592
1192
1756
2837
217
1810
2536
2331
1781
2242
2437
485
2396
896
312
1344
860
2346
636
272
2256
2277
2738
753
780
689
2039
1994
1815
1139
174
2079
750
842
73
1400
815
2104
2003
1235
1735
1089
1824
2340
882
1416
996
2646
673
2164
1772
1868
186
922
1548
1041
1828
961
2866
2515
1382
1260
1121
2010
2343
2703
1565
2512
2109
1597
2516
586
2294
328
2279
2129
1503
361
1542
491
2613
1171
396
189
2540
2643
2243
614
1479
1712
1676
1251
79
797
2519
585
1785
2831
2706
1120
751
24
1207
2466
2481
2327
1384
1734
1298
318
555
2610
1310
2274
1509
2048
1660
2687
671
2494
1569
2332
2842
1352
1426
2405
511
855
1342
2400
181
1333
1801
1476
2711
1413
1830
64
507
1378
2430
2881
1448
1546
1656
423
743
1858
2845
2450
2840
659
2306
1
690
608
2894
289
257
2419
2460
223
1570
781
2846
2909
2684
1770
1070
1543
2492
1141
2807
1988
1638
357
924
2308
188
559
1473
113
1907
366
1904
210
167
1410
2088
2878
2060
250
943
2061
192
2032
627
2746
597
1932
2737
1905
2940
1291
1436
598
2934
1880
2668
560
2830
537
1258
2296
2410
2912
2756
1088
1169
2843
353
381
2507
1606
915
2295
583
661
141
42
344
38
1658
1020
1878
520
1081
790
1054
2275
496
761
1854
1510
1001
741
2036
392
575
558
1819
836
2196
2011
2914
1408
959
2828
2695
1934
1827
2241
829
1045
0
127
2925
679
330
1023
2502
1892
2357
665
1956
1281
1583
2642
1739
512
715
1680
1208
1601
1073
1682
2204
956
1717
1442
2389
1247
536
1882
1076
468
1390
2339
1718
2525
1922
1114
50
2215
542
387
838
1234
2022
759
1158
151
2397
2705
2159
376
2609
985
414
402
247
214
694
2844
1313
2161
1945
1944
1243
342
2416
942
992
1602
1274
580
2254
2865
1157
1917
1949
299
2102
135
1903
850
2937
1425
2722
131
332
613
1879
2926
153
18
2355
270
2511
795
856
2932
2053
2799
2935
307
1579
2649
2608
329
203
1232
1286
2841
1014
2682
349
1149
2019
1891
1617
2772
2584
889
182
1018
2101
1086
1648
1588
1727
211
2398
2795
2607
1381
745
816
2496
902
90
2417
1701
2595
2188
443
1343
641
2740
1090
1809
769
2379
1848
1643
1145
44
144
438
1189
820
2761
2906
2743
1288
1146
1440
2903
563
155
2439
1101
2886
2399
1620
2783
2614
1590
1278
1611
1954
669
565
1965
2197
845
1142
776
231
2059
2762
489
1454
2183
2320
2260
1530
1329
1624
1334
2514
1687
1686
365
2474
1532
1733
634
2693
1259
965
1051
1348
2267
2143
1537
881
445
874
2365
27
2382
1455
686
2096
2475
2110
1968
150
936
2349
2803
2734
31
2202
1703
1760
2827
1933
699
1757
1105
2276
2751
71
171
1961
1600
2404
1538
1346
513
2391
426
1109
2231
1459
796
2777
15
655
422
1379
2049
2623
12
2130
808
2305
1104
2575
1063
2539
700
717
2665
2553
314
1675
534
2650
32
1634
2633
430
1940
2612
2808
244
2329
147
582
1794
684
2247
2538
2597
2364
1356
1431
2470
1664
394
2258
1641
1151
1129
1099
872
933
518
747
1201
2042
524
2045
2675
2923
1504
14
1721
497
939
682
403
2162
2586
2661
2486
2409
652
720
2178
1702
2776
1320
2752
77
1225
1111
2713
813
2317
2371
1043
1547
1725
263
2065
2182
277
2596
435
298
531
252
1886
2081
1559
2657
1978
648
2285
2744
236
526
94
1318
1816
54
2147
1915
1172
346
2206
1478
2727
2616
736
2704
2859
401
2289
1743
1035
288
2363
1741
2688
1371
1173
834
2676
787
1077
2342
2662
2424
1511
607
1165
1062
1636
324
1677
1071
2824
1792
2876
2836
656
566
1042
1441
1418
486
841
1388
2882
34
1700
1108
1031
2499
1335
184
2014
2591
1296
321
172
2543
1531
383
1553
554
472
1494
551
2429
502
1321
1177
1461
2139
2775
880
1646
1386
2319
2735
1032
1990
225
339
1625
2372
923
541
1102
1755
954
1558
1330
909
941
578
814
2359
1980
1811
337
2784
110
2902
2084
949
212
1203
2300
2574
2189
714
1923
69
2237
2222
2336
2569
993
643
622
36
2883
768
514
1184
757
2280
1030
2163
601
412
2002
2173
603
2193
2542
2056
1960
249
1672
177
1919
1275
1492
1594
8
129
1267
709
1513
1540
2063
258
1209
224
2911
1779
2004
1140
825
259
2441
944
2414
1574
1833
2771
763
416
1872
1443
2401
74
1336
927
304
2628
86
2663
477
1002
1047
2309
1846
2861
1319
2250
1132
1083
1150
134
96
1284
386
2108
2062
934
2816
972
1210
1393
2123
1279
2673
662
964
1791
2545
2854
1630
875
1740
1174
1506
967
639
1245
1943
1587
561
2480
391
1227
2870
478
1984
749
2728
10
264
118
878
207
504
1429
2348
1790
1637
947
1370
2754
55
625
2127
1079
2589
2506
595
713
1464
1873
1181
2044
1768
2907
2434
1545
1351
1092
444
1377
2847
593
91
2804
2293
2769
2100
2510
2103
2562
237
748
2636
336
1368
2495
433
2288
1237
579
907
853
1599
1841
645
367
1038
1069
2133
93
2194
2136
2211
4
887
1577
1554
2503
442
739
230
2313
474
509
654
571
1217
2560
52
2302
2284
333
47
1463
308
734
631
1216
1404
2454
552
803
980
2587
1434
2259
2122
1669
2029
1197
676
2890
2203
1290
2821
2347
2457
688
1719
490
2863
157
156
1050
1501
2083
2697
821
2350
681
2759
591
711
752
953
644
80
973
2921
1759
1835
1705
2523
535
731
2578
2118
735
2910
1564
43
1016
1885
1147
1407
228
2090
2725
756
1649
716
1477
2278
1798
1087
1028
2330
754
7
2351
453
63
384
420
2654
557
2000
2207
2245
1762
2790
913
788
1362
108
1137
2656
1204
1301
2548
1507
805
871
2184
1710
1376
2653
632
1730
290
1616
1920
945
529
2451
1270
935
2268
890
1928
1563
1148
137
239
2199
1481
957
2314
105
494
2304
1311
1731
2826
2120
505
538
2714
1745
463
906
508
1966
2789
854
1080
1127
117
2140
2899
630
76
2252
448
1748
2233
2174
2813
1328
885
316
564
81
216
2669
1804
800
2262
1930
1995
2388
202
2658
1999
487
2057
2800
2269
2095
897
2565
356
1539
619
2155
116
170
1671
436
857
380
2291
1704
397
2383
2551
2524
2513
2898
2261
1651
744
807
984
2465
1364
1417
49

