1 0
2 1
3 0
4 1
5 1
6 1
7 0
8 0
9 0
10 0
11 1
12 0
13 1
14 1
15 1
16 0
17 0
18 1
19 0
20 0
21 1
22 0
23 0
24 1
25 0
26 1
27 1
28 0
29 1
30 0
31 0
32 0
33 1
34 0
35 0
36 1
37 0
38 1
39 1
40 1
41 1
42 0
43 0
44 0
45 1
46 1
47 0
48 1
49 0
50 0
51 0
52 0
53 1
54 0
55 0
56 0
57 1
58 1
59 1
60 1
61 0
62 1
63 1
64 1
65 0
66 0
67 1
68 0
69 1
70 0
71 0
72 1
73 0
74 0
75 0
76 0
77 1
78 0
79 1
80 0
81 0
82 1
83 1
84 0
85 1
86 0
87 0
88 1
89 1
90 1
91 1
92 1
93 1
94 0
95 0
96 0
97 0
98 1
99 0
100 0
101 0
102 1
103 1
104 1
105 1
106 1
107 1
108 0
109 0
110 1
111 1
112 1
113 0
114 0
115 1
116 1
117 0
118 0
119 1
120 0
121 0
122 0
123 0
124 0
125 1
126 0
127 0
128 1
129 0
130 1
131 1
132 0
133 0
134 0
135 1
136 0
137 1
138 0
139 0
140 1
141 0
142 1
143 1
144 1
145 1
146 1
147 0
148 1
149 0
150 0
151 1
152 0
153 0
154 1
155 1
156 1
157 1
158 1
159 1
160 1
161 0
162 0
163 0
164 1
165 0
166 1
167 0
168 1
169 0
170 0
171 1
172 0
173 0
174 0
175 0
176 0
177 1
178 1
179 1
180 1
181 1
182 0
183 1
184 1
185 0
186 0
187 0
188 0
189 0
190 0
191 0
192 0
193 1
194 1
195 1
196 0
197 0
198 0
199 0
200 0
201 1
202 0
203 0
204 0
205 1
206 1
207 0
208 0
209 0
210 0
211 1
212 1
213 0
214 0
215 0
216 0
217 0
218 1
219 0
220 1
221 0
222 0
223 0
224 0
225 1
226 1
227 0
228 1
229 0
230 0
231 0
232 0
233 0
234 1
235 0
236 1
237 0
238 0
239 0
240 1
241 0
242 1
243 1
244 1
245 0
246 0
247 1
248 0
249 0
250 1
251 0
252 0
253 1
254 0
255 0
256 0
257 1
258 0
259 0
260 0
261 1
262 0
263 1
264 0
265 0
266 1
267 1
268 0
269 0
270 1
271 1
272 1
273 1
274 0
275 1
276 1
277 1
278 1
279 0
280 1
281 0
282 0
283 0
284 0
285 1
286 0
287 0
288 1
289 0
290 1
291 1
292 0
293 0
294 0
295 1
296 1
297 0
298 1
299 1
300 1
301 0
302 0
303 1
304 0
305 0
306 1
307 1
308 0
309 0
310 1
311 0
312 0
313 1
314 1
315 0
316 1
317 0
318 1
319 0
320 1
321 1
322 1
323 1
324 0
325 1
326 1
327 0
328 0
329 1
330 0
331 0
332 0
333 1
334 0
335 0
336 0
337 0
338 1
339 0
340 0
341 1
342 0
343 0
344 1
345 1
346 0
347 1
348 1
349 1
350 0
351 1
352 1
353 0
354 0
355 1
356 0
357 0
358 1
359 1
360 0
361 1
362 0
363 1
364 0
365 0
366 0
367 1
368 0
369 0
370 1
371 0
372 1
373 0
374 0
375 0
376 0
377 1
378 0
379 1
380 0
381 0
382 1
383 0
384 0
385 1
386 1
387 1
388 0
389 1
390 1
391 1
392 1
393 0
394 1
395 1
396 0
397 1
398 1
399 0
400 1
401 0
402 1
403 1
404 1
405 0
406 1
407 0
408 0
409 0
410 1
411 1
412 0
413 1
414 0
415 1
416 0
417 1
418 1
419 0
420 1
421 1
422 0
423 1
424 0
425 1
426 0
427 0
428 0
429 0
430 1
431 0
432 1
433 0
434 0
435 0
436 1
437 1
438 1
439 1
440 0
441 1
442 1
443 0
444 1
445 0
446 0
447 1
448 0
449 0
450 1
451 0
452 0
453 1
454 0
455 0
456 0
457 1
458 0
459 1
460 0
461 0
462 0
463 0
464 0
465 1
466 1
467 0
468 1
469 1
470 0
471 0
472 0
473 1
474 1
475 0
476 0
477 1
478 1
479 1
480 0
481 1
482 0
483 1
484 1
485 1
486 0
487 1
488 0
489 0
490 0
491 0
492 0
493 1
494 1
495 1
496 0
497 0
498 0
499 1
500 0
501 0
