1387
2485
1371
1053
2788
1305
2794
2901
202
1816
506
257
1310
1810
2690
2637
1622
902
1380
2938
1657
1867
1503
196
2093
566
2813
2432
1414
368
1848
1963
327
2811
1399
2039
1000
2687
1829
1677
2624
1553
1082
310
2222
511
2051
65
1932
1021
815
1915
2560
1945
2756
2371
325
2501
256
2245
2518
2184
1918
1008
1417
2742
2070
1277
1920
293
1906
1077
2248
1369
781
832
2818
745
2075
1656
2910
365
132
531
2741
2696
819
497
429
2505
56
1638
288
762
1004
2165
2281
1332
1427
2711
1580
185
2906
2865
449
2499
608
86
913
1276
1284
1216
786
692
191
331
526
1619
1864
1604
574
1224
1659
1159
1731
2466
2471
1088
442
1846
2342
1081
1161
1283
2893
324
2777
1951
1071
2816
2617
2229
607
1762
1812
1328
766
2530
2740
1178
2550
789
559
505
1404
334
2080
390
228
1892
204
1737
1026
1163
705
2767
1124
151
166
1355
2189
1344
2667
830
2230
2815
1349
2583
1219
1965
2926
625
162
839
1487
67
1205
737
590
2899
2275
1470
942
1546
297
188
951
2573
2879
1372
1494
414
869
2103
17
1448
1055
537
2715
465
1968
1937
1144
1140
2383
236
1148
755
2041
1525
361
2023
2714
1200
573
2447
1862
1286
639
107
1087
2474
2860
2678
1460
2591
383
2792
1123
2682
1521
2867
406
1634
1802
444
514
2852
64
2817
1724
1370
611
131
2524
1958
2084
970
2504
375
308
2895
237
2186
443
1119
329
2821
2564
408
129
518
1934
2329
1195
23
1397
2252
29
1692
1048
1090
1360
2565
2707
2771
837
2193
2077
1725
2152
800
2446
644
662
455
2098
1869
274
1748
2220
1391
562
124
1386
2537
2757
1866
1129
1037
1858
2659
209
404
1939
15
137
535
1678
2387
2364
1699
487
384
1403
2198
1362
1620
2026
31
1853
652
2439
2115
1701
860
1593
697
821
2773
774
2369
1191
2118
886
490
965
567
996
843
2618
1070
1244
113
645
259
2900
163
1708
1863
1820
1686
729
1495
211
1736
241
1105
2517
1323
385
2784
2171
1225
1953
2812
1301
104
1005
2749
589
1122
2346
712
1839
1444
1643
2904
2101
2593
197
1717
438
2473
1317
780
2134
1917
2110
2175
2452
629
1182
2238
2057
1304
1056
287
593
1330
2613
977
2162
1424
2689
570
610
2854
1777
2344
679
1434
2031
2272
2395
2153
2201
2882
650
1702
674
2418
2491
323
432
2001
1856
89
1969
1855
227
2648
1774
498
1585
2327
874
1779
381
613
1750
1473
405
248
239
1164
447
1358
1954
672
1556
396
771
703
2937
1254
148
2060
2330
352
2545
983
1206
2459
1909
2303
1981
925
2843
742
2657
106
48
2562
2722
2654
7
1320
1245
599
2129
2476
1462
1394
1547
32
1669
120
871
730
2437
179
1177
1036
363
1530
1228
995
431
1493
683
2695
2826
894
130
1023
1095
1221
1990
1723
2620
1716
2366
2709
2574
1627
2022
1545
1949
366
2880
421
1929
1541
2600
1834
2832
158
1136
87
2862
1682
2681
1059
2269
1654
353
539
380
1770
1626
1835
1187
1589
71
2470
838
2035
1051
1337
989
2018
2090
1789
2890
2932
1824
314
661
1704
1438
1975
187
1175
2145
114
1842
2921
275
1784
2240
2666
2553
2609
2607
717
45
1836
971
2307
2522
1911
2922
1116
2754
2443
1490
2796
111
402
878
118
1743
1325
2780
546
677
1707
1313
2097
1502
1700
1625
1539
1396
2206
647
1392
77
1629
1616
748
2752
357
2619
439
561
750
580
2785
255
1913
2469
1080
46
1405
2203
294
1302
1930
529
102
665
2157
876
2886
2403
2163
1293
2177
707
1235
1865
150
318
1072
2335
1089
1157
1030
1018
2025
2339
1609
2016
2768
1078
1961
1006
153
797
2139
1457
2758
1468
2494
2244
476
2148
756
2647
1100
1068
1446
620
1064
785
609
115
1661
10
2216
382
83
1256
1527
807
2712
5
276
1914
2235
2340
1881
2478
1220
1318
2273
2246
2065
2929
2454
477
2028
1955
1015
875
1759
847
591
2010
418
1131
43
2064
109
1390
1079
389
2158
2325
2434
1461
2556
1755
1726
2670
138
1345
340
2842
2869
2738
877
262
753
553
1265
18
1870
2011
1012
2351
134
2855
2037
825
2846
295
252
642
170
2496
2538
917
1482
319
1923
223
2578
2187
2653
654
1501
857
200
734
718
2000
1947
1290
155
2677
1114
736
2561
1753
903
1031
922
147
1316
2903
2577
1322
912
206
2514
2336
509
1208
2733
2106
768
1450
2448
2588
1373
759
464
1138
1248
19
1916
2566
1410
97
1698
1988
398
1201
2030
2622
1425
57
1564
1925
2920
2353
721
749
1179
2331
52
2071
2411
2304
1667
1851
214
892
1970
2082
69
990
624
1623
369
376
2042
1841
1246
1890
1287
2533
2176
1132
1133
2763
80
813
2384
2310
1464
823
1715
1243
1966
2630
2629
1423
1597
1274
141
698
39
1032
426
765
1670
1420
2775
78
2415
2549
980
346
2219
2423
99
1754
2124
612
678
1483
2868
1758
1303
1041
2021
879
2215
265
1924
119
2902
2125
1732
2173
1475
2691
2866
2726
271
2048
2150
560
1192
127
2638
2645
1583
636
1568
958
359
1054
1166
2009
1608
474
767
395
424
1551
1861
2525
2894
1013
2407
2766
2584
2170
1683
8
1809
616
225
2847
1922
527
157
1984
1727
1695
1339
2907
2365
1633
164
2575
136
2692
1512
1466
935
2531
82
1173
2155
1554
21
2119
2719
2563
2108
2422
167
2013
1312
355
456
1567
1749
1528
946
1476
1401
1242
94
344
552
1991
603
1850
270
2007
400
1398
747
2241
495
801
472
2406
700
2708
2058
1137
1901
377
1928
222
1435
420
2237
640
2599
289
2838
1663
948
1049
430
2427
660
2636
1830
1327
146
2626
557
2085
1685
309
1771
2555
1009
1974
1184
2208
1096
182
1628
1267
370
1989
2156
460
2870
524
2341
1540
939
2787
1610
991
1481
1264
689
1952
808
2513
952
601
1800
2122
292
410
313
2642
528
88
1602
2887
1740
739
885
581
1946
305
2104
229
2053
264
1985
1115
1729
1522
2428
2939
1491
896
2614
909
1065
517
915
2502
985
337
2875
1987
1926
1040
2359
2801
203
862
2299
2467
2348
2694
2305
1169
2859
2497
1518
284
2195
2908
1815
2805
35
1236
760
583
2511
1402
2328
1611
272
1931
2916
2713
648
2632
727
551
2290
1566
2074
399
2651
2451
1326
2665
693
1459
2032
2343
1093
1098
2841
1231
501
1272
2896
1889
317
1993
1315
1647
961
1453
1543
434
1335
2430
2769
1689
1170
1433
1010
110
2490
1181
24
1962
2909
1844
835
2458
1882
388
358
2292
2
2635
1443
783
466
2878
2260
360
2312
1641
482
1635
79
578
670
2052
2941
2287
2227
863
2532
921
2633
731
938
1348
1255
280
1319
2873
2441
859
1020
341
911
371
2802
1591
1742
176
2589
2523
1034
1113
1598
279
1514
845
1241
4
1411
2405
1705
1933
1615
397
1517
1381
1331
1409
548
822
1899
1510
1936
1152
1781
2720
1680
1935
169
1097
2825
2508
2597
199
391
555
1214
2673
2302
619
777
1343
1209
91
1897
1341
1432
550
407
189
1992
930
1907
728
1891
1672
1646
2934
865
58
230
2274
810
726
1489
792
1342
267
764
1722
2827
416
890
2587
220
598
1062
1110
1211
2410
2280
1017
2386
2143
919
2672
568
2276
1697
2641
1785
2526
782
1160
75
446
2297
2727
2570
945
569
1084
1340
1832
160
659
425
1213
2730
1121
2394
144
210
2313
1605
2265
2803
1101
2676
563
159
1223
14
1258
2576
1712
627
675
1426
1367
701
2012
536
723
1204
1650
2605
2541
2095
499
2056
403
2096
2747
2194
2005
2658
2612
2358
1222
586
2480
1792
638
1690
1533
1799
1888
1885
978
2728
809
50
510
1445
2356
251
906
1384
90
1814
899
1395
1
2433
2190
1818
2699
1515
1791
2548
2036
513
956
957
2468
1651
1588
802
1199
2656
1787
2911
2317
1828
2782
1804
2396
575
2858
2891
1964
2863
2705
2527
969
549
1042
364
1524
993
436
301
362
1805
128
2212
13
2381
741
1139
2534
2295
1734
2168
2289
1860
1798
302
1880
2544
2928
126
2675
2800
2885
2397
1001
1760
1103
173
690
2316
2918
2147
1120
354
1073
521
2881
1167
1640
452
1002
754
1498
1884
1350
852
448
1852
277
1368
606
1711
2354
2345
2385
1857
1718
2183
1565
829
2309
2138
508
519
1227
2247
2091
520
145
997
2884
1999
596
139
2318
579
932
1117
2595
2214
2750
1497
1825
2688
1599
1496
2492
2834
392
1165
268
2270
2581
664
379
1437
2662
2154
458
1519
1125
2789
233
2876
1823
2710
2113
224
1613
1714
1719
733
565
1676
68
25
872
2390
936
2382
1673
2401
1908
602
2131
908
245
1574
1996
33
2438
345
2808
905
2008
714
2412
2228
171
794
2735
2378
2643
1552
770
1027
962
663
112
1234
2414
1186
1927
2179
2546
232
479
2931
2835
240
2736
1454
2255
393
525
22
2925
2751
699
1400
2202
1940
1039
2680
1379
2814
0
632
2464
2180
2829
2130
2809
1452
2475
1592
600
918
974
585
2851
1102
1710
1478
298
1076
2209
960
2068
1441
532
2621
2045
626
870
1811
2652
454
2481
2853
2521
1944
2700
76
2462
1596
1229
1790
2258
347
787
2762
696
1561
776
2300
901
2424
1421
221
326
1028
1251
42
1057
1346
1575
907
2778
386
891
618
2684
1046
343
2731
61
2849
2217
250
934
1361
1772
1948
1019
6
330
1645
2927
37
1883
349
493
49
2668
873
2500
2571
2431
685
2669
1492
174
702
1477
735
2416
1439
1668
1983
1982
1465
1190
2765
480
2294
451
11
208
1854
2764
1212
657
1600
927
478
752
2196
704
1801
2285
743
1297
316
1249
604
1365
1956
2059
12
218
963
2257
2697
53
338
826
2861
2271
44
2732
2465
595
2820
253
72
533
1617
646
1066
2783
2116
1509
571
1560
1061
910
1603
1709
2421
450
2872
494
2379
1289
238
1807
793
2083
1576
2807
641
2936
489
333
2772
2706
1474
803
1354
1168
881
2015
1612
2460
266
2338
1652
1776
530
1085
212
2509
1660
1582
1713
1607
122
28
651
2874
2172
1550
836
1757
1314
2542
668
1542
2529
1430
1739
929
542
1653
887
947
1847
1555
1665
2094
1671
1877
2836
1238
1782
2877
2389
1416
2510
1413
143
791
1532
1353
2308
2806
1282
2702
1687
761
2615
715
2930
1837
1979
2686
1485
1773
846
1329
1601
2320
2399
1406
348
889
1895
1488
914
686
2582
2453
1507
2112
2349
617
2004
2729
2191
374
258
2685
2604
706
694
2704
488
653
1703
2188
177
2017
121
428
2261
1388
1767
778
1655
2786
1356
1893
1060
1766
953
666
2362
1431
515
215
667
1239
982
47
1644
485
2233
1151
818
868
2402
1458
2254
1145
1794
1270
440
988
920
2253
1183
2404
246
2373
2264
622
2419
27
2169
933
1595
2081
2111
2845
1765
2793
2210
2739
2337
16
972
710
2625
470
2355
1226
2368
1499
1827
281
1905
2014
1796
417
597
2185
2102
2924
1751
307
1418
461
2413
1618
1273
1840
2311
2211
2038
1296
2293
981
897
321
2291
2627
2823
2231
880
2744
409
242
133
2536
2753
415
833
888
1516
900
1821
2913
1300
799
2282
1813
2723
1275
1803
966
2127
1688
1548
817
1451
769
1535
1529
51
788
2166
538
1357
790
286
2069
1257
1203
2646
502
427
2114
1363
943
2054
2205
234
213
2594
1449
1797
217
1215
1408
1149
628
496
507
92
1469
2141
2701
895
1693
676
744
1217
1171
523
1306
2370
999
1960
1747
1978
1696
1534
2649
831
1185
2200
2579
757
1107
2199
1795
2298
534
62
1299
1172
1375
1639
1058
928
2388
2472
2092
469
688
2535
1806
1347
198
1210
798
2539
1141
2917
1826
1526
2326
954
1393
260
2128
1538
1279
96
2126
1003
2634
2810
1268
2516
2444
503
1479
2278
635
401
459
2088
70
2935
2350
986
2140
2360
695
2322
193
2367
2661
867
2055
2498
2776
2020
231
1295
950
2833
854
643
282
423
2283
303
2457
2734
2347
367
304
673
2242
1577
216
463
2151
1563
2848
577
1198
1662
2463
2420
2489
631
1196
2503
1118
2745
2120
1752
149
2132
2479
540
1024
2640
2779
413
2135
2445
2426
2506
634
576
849
2507
457
2398
1508
1720
2089
2596
161
1014
812
95
1176
687
339
2218
558
84
2159
20
784
2234
2019
183
168
2006
116
1011
1047
1382
2377
1910
1788
2442
861
2262
1763
522
1471
2213
2232
2608
2087
856
1052
984
1294
2844
1374
2905
1112
483
2628
2236
979
713
1786
1260
1050
332
2160
73
2540
2372
2391
105
2725
2263
40
322
1675
1197
2109
1333
1091
283
1681
2315
1278
1022
2044
1544
1986
2133
2450
1845
716
2554
1253
269
411
732
2603
467
2655
1733
614
655
2425
2408
2003
2664
445
1894
2898
1252
2721
719
1537
2050
884
2487
1879
944
656
2493
1298
190
194
2099
2436
940
2482
2831
796
1045
2703
2455
805
55
1971
658
2839
2123
967
1092
2319
572
285
2551
931
2456
1463
1104
2357
775
156
1764
2856
1016
486
924
1919
2363
680
556
2192
1706
1389
422
1859
2161
811
1202
1808
2558
893
263
904
2519
866
1780
2743
2250
2002
504
2040
178
2333
1194
637
475
412
1666
669
1822
1074
1741
1921
453
1873
2759
2601
1783
2912
1146
2897
2795
1621
342
336
2284
1150
630
1429
671
2117
152
2717
2748
2136
1817
273
154
1957
605
1153
682
26
2746
1581
1142
66
1637
1938
1500
1557
1188
2306
1247
2352
1875
2374
2683
93
207
850
2716
2144
1562
1262
711
2225
291
299
1630
2660
1486
2268
2105
883
2440
1324
1359
1108
725
1180
2828
1728
1536
955
1383
1069
2182
2076
1109
1523
2837
2107
1636
2392
937
973
851
492
1376
2174
2047
1351
751
140
2259
992
1578
1259
763
820
1721
1035
1135
1043
968
437
2822
219
433
2266
387
2850
2149
773
2791
2892
544
1819
795
516
351
804
2586
2267
1571
2919
816
2033
1902
2361
2724
1038
1694
2488
142
2590
994
2515
1484
1549
2024
2435
500
2840
1898
2495
547
758
1266
1288
588
2580
2256
2547
394
1230
1843
541
1044
1419
2409
1321
2027
205
740
564
2078
2552
60
2798
296
1352
59
2226
184
738
898
772
1147
1075
975
2755
2797
2770
2790
1674
1007
2178
2693
926
2830
2376
2324
2137
1531
63
2181
1292
1658
1573
1447
1025
1156
1033
2207
941
484
9
1959
2888
85
419
2483
315
2718
1311
2484
621
1106
175
2572
1642
1769
959
1744
1233
1559
123
1218
2915
441
2073
2568
320
2049
2592
1998
1193
1520
1941
1271
998
1513
3
2671
2923
1745
2400
473
180
2477
462
2674
1997
806
1511
1412
2520
2062
2889
2061
1730
1263
103
844
1442
2804
554
201
2569
1127
722
335
582
1422
192
2940
98
373
1871
1440
964
2461
2086
1579
74
2375
125
2167
623
2332
195
827
2761
1570
1377
2393
2585
2296
976
864
30
100
1111
2223
853
2737
834
1632
1506
1849
848
746
1099
2286
2760
1083
1467
615
1285
2279
649
1207
2871
435
290
2429
1134
54
481
306
828
1606
491
1587
226
1586
691
1067
1232
328
117
584
814
2314
2043
244
1831
1878
1158
378
101
2100
2883
468
1874
261
684
2824
2046
1900
2121
2239
1415
1679
108
2486
1833
1943
34
1407
2142
1838
1584
1364
1649
2631
779
36
1378
2512
1872
1309
1735
2864
2933
1980
1261
356
2610
2063
1973
2606
1126
1691
1664
2914
858
1684
300
254
720
1950
2277
1775
2224
2164
592
2528
1143
1308
724
41
2334
2774
1942
2321
1972
2034
1569
2639
2557
512
1631
1063
1029
181
1280
1977
2079
882
2323
1174
2380
1189
1128
1281
1269
2249
1456
38
1472
1976
1455
372
2221
709
594
247
1746
2602
1995
1428
1594
633
311
1886
681
2543
1291
81
1876
1756
2288
2146
1237
135
1336
2663
916
2819
172
841
1738
1334
1504
2449
1162
249
1154
824
1558
1648
1240
708
1793
2072
2251
1480
2650
2799
1505
1624
2066
1903
2559
1590
1904
2598
1436
1366
840
243
855
545
1130
2623
1994
2857
165
1912
1250
2781
587
1868
2301
278
312
1761
1385
1155
1338
1967
2679
842
1778
543
1086
2197
949
2204
2611
1094
1614
235
923
1768
2243
987
2698
2067
2644
2616
1887
1572
2567
1896
186
2029
471
2417
350
1307

