1801
1157
268
425
2200
2872
1382
2332
2169
1810
2666
2131
2125
955
712
843
1668
1573
1839
726
2780
251
2934
128
2697
1711
2642
2793
1158
2940
1472
2074
2321
1401
2359
1384
2306
2835
1758
2905
318
2345
1053
1761
2888
1732
2417
2849
577
1302
1751
384
1793
1009
2894
1531
1482
420
2176
2225
2553
909
2470
1769
904
1987
619
2343
1899
733
1846
657
470
1121
2509
1720
65
2322
2124
2933
1630
2209
1822
1576
1695
2185
1227
2054
2610
1943
1465
526
1056
2605
1072
766
1161
2328
939
530
2037
1364
2632
770
2681
747
388
1836
2743
1681
2661
481
1258
165
250
2799
2134
1005
2828
848
120
2034
272
2207
1989
717
417
55
1995
2128
1075
1776
209
2331
535
2860
1673
2761
1736
1972
416
2320
960
2686
1700
2078
891
1217
907
1015
627
719
725
2690
1280
241
1957
289
2234
20
450
2010
1731
1208
394
1031
345
2348
890
652
1709
2367
1414
2394
911
2019
1607
1457
1609
2317
591
1298
137
991
380
2088
2205
546
1615
1841
1219
1757
860
448
596
2044
953
2303
2191
1152
1344
282
244
1558
1564
1666
1300
1632
2288
2437
2608
233
1201
2072
847
1123
30
263
158
2341
703
2052
2421
1156
676
978
721
2611
841
1652
320
660
1021
2600
1206
2571
1326
2350
853
2101
204
1734
1592
570
415
2454
2646
1179
1857
2790
2282
2431
1620
903
1420
732
998
2310
1395
1297
2474
2716
2390
1823
321
1494
1139
1209
260
2696
366
797
436
2400
410
2609
1927
773
983
884
638
83
1690
2302
2723
2086
1550
548
314
551
1450
1455
381
2678
1622
231
2538
2068
214
5
22
2138
79
2559
1639
1771
2804
1102
304
1002
2168
690
253
349
6
921
999
1787
332
883
646
2626
1636
2667
2925
538
2277
1338
2713
931
1919
2683
2506
223
1941
422
702
226
2463
38
2671
1543
2535
2524
2620
1066
2440
516
2552
2222
2035
1362
533
1737
1030
869
1952
1527
2018
1106
854
1478
1029
1435
1428
1083
1328
1138
1891
1660
800
1252
2545
2373
54
2197
1935
2511
2904
2562
2814
1789
2383
1671
2612
2243
364
1977
29
0
2884
1502
1381
2481
1948
2360
148
1914
2471
598
1091
1773
505
2853
2921
1293
2691
1276
1028
1386
2156
2917
2198
2235
2123
1464
2862
856
935
1116
1424
2873
1496
1918
1647
1682
1383
1317
2625
1289
1872
2333
1870
636
656
1777
2789
521
892
2419
2603
858
316
2586
340
2899
1788
2135
2502
311
1865
1677
791
1926
2024
2231
2834
1389
1816
2806
210
2279
744
67
1726
224
975
592
2887
2326
1214
1278
981
1873
560
1842
1520
201
1339
1262
1448
1740
2708
60
2583
2556
2353
928
1205
1477
234
1251
1705
2118
307
1388
1782
1819
2401
1661
211
2171
2573
368
1226
1406
2013
2043
2663
2881
2194
2920
757
27
1772
1807
2083
1905
1421
1451
2827
23
2883
2764
2270
1588
2073
2149
2755
836
1168
804
1008
1038
1906
1804
788
1058
2662
1571
2100
1090
783
2660
438
452
1034
524
765
2889
2936
424
2000
2521
1679
739
2003
108
456
291
1770
806
2639
2219
228
2518
2285
1939
825
2297
1469
809
2407
2304
249
2841
2229
688
243
1960
2174
1372
2104
945
2233
1022
2833
2127
2572
1862
72
2291
1813
2146
1655
1491
2539
1646
1994
1877
2315
1796
2298
161
589
722
1033
14
287
2313
2357
337
2255
2878
2745
1829
1710
426
2554
2767
2152
1374
634
113
635
1675
523
2109
581
182
1640
2768
1461
511
1244
2771
2668
2414
106
2126
1304
2033
1284
2741
498
2226
2781
2213
2788
2851
1310
1136
1409
1530
1048
1608
2491
1082
2012
1784
187
370
2148
930
1917
217
729
2450
959
2153
1843
2927
2472
1471
2349
615
691
428
1474
919
1644
276
58
277
2528
1316
2173
1616
2190
2167
1303
171
2346
1257
2597
1869
755
1042
1591
2485
2817
696
2305
2676
1963
89
2210
2096
195
1006
2712
2340
509
1313
2048
2230
2050
1225
667
1437
2260
1599
136
782
2293
1959
63
76
2296
859
1410
1837
1779
24
1712
1528
2061
1430
565
2858
849
597
421
43
1895
2650
1907
2157
1307
56
2246
2403
1849
271
2112
793
2040
699
1759
822
86
2393
476
341
1504
227
431
1037
2730
1949
1118
1259
663
1144
2184
1954
742
971
654
1691
2478
2093
2606
104
2760
609
1120
2178
153
842
2567
1488
910
2196
2060
1978
2289
1017
1442
1277
339
1467
1160
293
713
2236
31
1232
2808
432
1405
1290
1154
1950
1230
429
1169
1492
2299
517
761
879
2362
510
1515
2874
2368
1702
1606
398
1610
1706
1703
1887
584
2399
942
1268
1431
306
1255
2081
185
724
294
979
1885
865
2469
2574
2718
2203
2527
2456
212
1579
192
576
1658
1285
610
932
1947
1019
1719
2181
594
73
2076
485
669
59
334
1624
723
2871
2898
87
630
2397
2640
2816
649
2036
1216
1131
149
445
1440
1402
2503
1092
606
262
2095
2133
110
846
82
1324
1883
1617
2187
985
2323
459
1532
1378
308
2316
2216
1514
2910
1654
1664
1519
996
1701
938
2144
1305
2199
199
2084
1433
2202
683
1458
1371
2520
1111
354
1876
574
1868
146
777
1983
1738
1714
2787
506
956
1463
1901
2175
75
668
735
1723
1727
2832
950
2752
677
2587
1930
556
2831
2784
886
2774
709
540
2192
1818
1924
2655
2802
1934
1635
552
284
678
124
795
814
670
2762
952
1707
1367
840
2085
1039
98
1589
2747
418
1122
26
641
2046
1900
2420
1733
1391
1456
2561
1739
502
558
602
1070
617
2722
1838
689
118
2423
441
2446
2865
1728
1602
760
1273
107
486
569
494
629
1054
1560
2739
1551
2866
778
621
1071
2004
222
2906
559
2778
2384
2352
2702
359
2130
779
466
170
1755
2011
1516
839
2244
1792
1692
893
885
1476
1525
2114
1327
661
1791
2388
2688
1051
1886
1490
2136
1685
1309
1511
1001
125
116
374
1546
1261
1265
252
2089
13
1518
1045
1909
1108
383
544
990
957
2629
2651
1377
236
1830
705
1653
1512
1808
2027
680
1079
1018
987
1687
2150
18
2647
2801
2080
753
1923
1790
1043
947
313
437
665
2821
2840
2059
522
1513
1489
1141
1181
144
2242
1672
2786
350
50
355
477
1199
1825
1537
833
1503
1596
1059
1802
1835
1215
1913
2711
2720
674
1094
101
1858
994
786
1541
265
2447
2542
1880
2848
42
331
11
267
1443
2017
2053
1286
1445
2363
1594
2066
2684
926
286
1332
1087
132
463
648
2798
2941
762
2047
2533
818
2265
1238
1696
2429
1557
1554
117
697
1099
880
534
1524
2462
37
2495
2070
977
1376
2204
572
980
2823
2391
2426
2356
2477
15
1027
12
1155
239
469
176
1605
95
1760
1497
2459
1892
2480
2522
857
1462
371
1487
2599
876
1973
248
587
1200
2382
1460
1356
1795
1998
2418
2253
2492
2627
1234
85
566
1062
736
129
496
816
807
2264
2286
1438
1166
2748
92
2779
2092
303
2714
2020
133
2380
2575
948
1778
768
403
1572
1427
1888
1508
2926
328
536
1996
78
1956
759
159
2829
2867
451
1775
288
2868
2709
414
2911
1529
2744
1416
1797
2717
1
2110
275
2526
40
360
812
1067
2180
1256
501
2733
1023
237
2281
2120
1619
28
2082
2186
1113
351
198
1085
604
1634
2039
1990
162
2619
2479
1301
372
1114
1103
1680
2308
41
472
333
2578
2776
1570
1966
593
2009
1047
922
2915
1662
2803
2719
183
1612
70
2875
2238
1826
1069
1390
2147
2513
771
2852
329
2458
583
16
870
787
1506
2783
2728
111
2529
2810
1271
71
2165
2630
2307
2465
2796
694
2882
2416
2550
1961
1355
1299
2232
1754
547
537
327
586
914
1806
2067
2374
585
2504
184
1279
2601
389
1347
2122
2381
423
2631
993
2141
2358
2438
832
834
982
878
2729
1486
310
871
1896
2486
2267
2581
1580
2172
2838
1667
555
369
784
801
2669
2001
2628
188
1946
1510
1827
151
1766
478
1730
2930
906
1149
123
916
122
2819
2347
1175
1753
2170
33
902
1243
1623
1065
1814
1248
1218
1621
1670
1104
2325
143
1454
2754
1933
1132
2750
1312
2494
937
2189
1254
2734
1698
1603
1212
1366
2937
711
2091
2763
1057
1897
1246
48
2195
2939
325
1663
109
1369
675
2489
2055
2413
2773
1032
405
2319
2457
1124
826
330
2111
561
1080
989
2145
2283
1068
2301
2577
785
127
868
1498
440
1176
312
1133
2023
2932
1397
2541
2427
1638
173
1211
257
1717
1167
2635
2497
2476
1574
1003
2211
1499
2664
2811
1821
1178
69
772
962
93
605
2706
1197
1593
789
298
390
2015
514
1014
488
2475
2633
1912
1718
1077
323
1394
2548
1598
1860
838
202
36
1432
997
2908
1441
2721
651
1783
1360
1993
1542
2094
1708
2250
2589
1481
2455
1314
1086
1363
632
1368
200
1358
2700
378
2488
866
941
2162
1794
391
2468
1115
695
2107
335
2240
1361
1186
2247
2794
2914
2592
397
918
2115
495
399
2924
1335
487
32
2568
1228
2248
2922
756
1534
2519
1781
51
1177
835
763
1915
2042
1521
1408
1325
519
2699
2324
1828
1101
2540
2143
7
2732
682
1725
1970
2602
1626
1044
285
608
1129
373
2496
1282
2830
2330
2854
166
2869
1426
631
970
174
1744
529
1863
215
1004
2530
1172
2929
1245
614
877
1164
820
686
781
1105
2698
2056
844
2588
1932
2105
2736
2769
563
1352
2758
2516
969
1190
177
637
819
2785
278
896
672
2412
2300
395
1629
1958
1815
2715
562
443
1370
2614
2051
2505
1088
2266
145
1012
115
2738
1483
205
2442
2287
2749
2029
1742
622
343
1357
2657
68
1582
687
8
2501
2113
317
2433
2850
1798
1929
134
1507
218
1403
382
620
1533
2544
2517
1585
2065
2007
539
1965
2649
103
281
62
2344
88
520
297
2765
1270
2161
1333
1694
917
1074
1539
468
1159
2453
90
2824
527
549
49
803
219
2596
1446
2432
1894
2251
2756
336
2935
2097
454
1011
121
1174
1893
1832
995
2378
232
2290
1125
2342
1097
2268
823
940
1241
1715
467
974
575
1000
392
1805
827
873
2648
532
1875
2249
1601
2031
874
1475
2607
2710
2634
2155
1854
1183
2675
2861
1493
613
1439
305
1336
2121
2555
1686
2087
2753
1871
798
913
550
2182
2645
2782
154
1283
850
131
1951
2846
2467
256
2314
25
2724
851
2026
1611
2272
2103
2694
855
2498
2119
810
105
66
1785
1346
2725
1237
984
77
966
543
1415
2658
1928
2396
404
2354
2857
2327
2436
944
1577
2859
455
1170
1750
1236
2193
933
2217
2674
296
2183
376
1689
2077
2188
2584
1171
19
326
1659
96
483
2923
338
1851
1061
2534
881
1657
2820
1417
1204
1392
531
47
2430
912
1459
1549
2693
1150
490
1151
2006
1434
1137
1581
1997
1239
274
2791
1052
2339
2703
2212
1007
588
493
1396
147
2615
189
2312
2278
824
528
541
595
1348
2218
290
776
1275
1565
1202
2160
2682
2389
1509
1198
2514
100
2751
889
968
2239
1184
1466
2410
1359
1404
112
2484
1222
1556
2490
949
1597
2274
2701
2424
1684
1566
623
1247
1046
2677
1195
908
1988
898
279
2269
1329
710
216
1643
2807
1586
1890
2757
2090
1350
1866
2565
169
946
1500
1351
2063
2665
1016
1774
2673
2531
790
897
2025
1480
178
2775
1035
973
1109
545
2405
1231
1729
2636
590
225
2890
1984
1817
2227
2215
361
2537
2566
1936
714
720
2434
2928
2398
2241
1741
2855
1400
1207
2770
2685
808
302
135
1049
2523
706
700
2166
1134
626
2916
2680
845
255
1189
1266
2415
2622
1884
704
1337
91
958
2843
1992
692
1517
925
2547
1349
1953
2863
905
1153
180
1735
2351
2704
2493
1699
731
2557
2163
259
1192
964
139
2372
2482
1013
2336
666
1852
2022
155
1188
746
1319
1587
1194
142
1095
2876
2919
2404
2441
2062
283
449
1468
882
2913
401
1882
1855
1485
1974
2030
2759
929
1600
1722
1146
479
2652
45
1470
811
512
444
1229
497
377
1704
1340
600
1925
1637
2880
164
1575
2032
799
924
1547
1721
1964
745
1878
1824
2129
292
1119
2815
633
1444
413
829
2008
269
254
750
2259
2885
2466
934
867
972
46
2273
976
513
1306
1060
1962
2158
2377
273
1763
1856
2223
1281
774
2795
828
664
1453
967
1287
965
114
1955
34
1479
130
39
1903
754
1625
411
1834
2613
2045
899
2164
936
580
1308
2271
1295
1292
74
2892
1676
2116
2451
2907
1613
138
1940
2672
245
299
508
1193
1544
1343
2624
2864
434
2623
1163
409
813
599
1100
988
1249
406
435
482
1991
1859
2805
471
815
1393
1553
2847
748
573
2692
1288
2014
2261
2392
920
567
518
1050
2507
160
1578
2464
1318
1078
190
2679
2500
1944
2256
1342
2656
1651
831
1501
1422
2737
2224
1334
2532
1938
2579
347
353
1867
2395
2309
894
2837
2276
1036
221
1055
2777
2705
240
507
408
2337
1986
2836
270
603
639
246
1399
943
2338
2208
363
1127
419
642
1196
740
2800
2546
2275
1223
1908
61
499
1840
2809
1084
557
2591
1618
1411
2057
1165
715
734
769
640
1235
1250
607
554
1568
671
186
900
1173
1922
1981
578
1780
658
1535
412
1969
1746
191
821
2687
650
1425
1902
2813
923
2140
2902
81
1889
2411
888
203
1294
2058
2641
901
457
1076
2448
2142
1260
229
2797
2727
247
2179
579
1110
194
2099
1604
2252
2262
97
1263
568
1041
1812
764
1945
1985
1096
2617
2443
2159
2879
1748
1112
175
2536
2886
2221
208
2877
344
1526
1142
2098
2245
2487
515
624
235
387
1967
1423
2653
2263
2918
737
179
1590
385
2560
220
864
473
2
1811
430
1447
2551
730
1523
346
525
2483
2228
2452
1185
861
2772
1089
447
141
1633
2746
1126
1975
464
2355
462
357
1081
504
1380
1272
1505
1242
954
1745
474
2371
44
2569
2826
701
2590
461
872
1881
1980
1847
2499
751
1213
1762
1449
280
1145
1117
21
2258
775
2895
1429
2508
1809
348
1063
679
152
2106
2670
1148
1627
2435
1180
1098
2132
2292
2707
475
2064
1473
1931
2041
1756
1595
1767
140
2005
2335
644
196
1879
1628
1321
2543
708
1569
2365
915
480
102
1665
1942
1436
2071
2735
2570
1224
805
1264
2893
2375
1844
1452
1419
150
2002
2409
2638
2909
400
2254
1874
1267
358
1982
433
1387
728
1921
1688
1555
1107
396
207
1971
1182
1418
2897
2318
2845
375
402
2558
2912
662
365
230
1407
2766
2594
1631
386
2856
2844
1678
1495
2038
1937
2515
1311
716
1064
2151
875
743
119
1025
2604
1220
266
17
1147
1210
1650
961
1291
1545
492
1898
2818
564
2108
309
1674
362
439
1799
1140
707
830
342
1240
1848
653
1322
2444
258
1920
837
2740
2659
1323
727
300
2214
2428
3
242
2385
2792
1320
681
427
2329
1522
1269
645
1221
2425
2021
1820
767
2654
301
1979
367
852
379
80
489
2402
2422
1786
1093
4
1484
2139
796
1693
503
2386
295
582
1641
1743
1128
684
862
1365
2284
53
659
2206
2825
2449
2938
2069
611
84
571
2387
1563
2366
1831
2439
1536
238
1562
1752
625
1713
2580
2117
1645
1724
2644
1135
2102
1697
2361
1162
1385
1999
655
99
168
2408
2079
1968
126
2379
1296
2406
1749
1833
324
1233
1656
553
484
2370
1040
2461
261
1345
612
1567
1614
1020
1315
1803
2473
927
1253
2049
647
963
1024
1768
2900
2742
2616
1073
693
2637
738
1379
1716
1412
1649
2257
1845
1976
2731
458
1800
356
1375
1904
2445
2870
193
2525
1764
802
2839
264
792
698
618
1540
542
1354
352
2582
1341
1373
64
442
794
1552
2137
197
2901
1026
181
57
322
446
453
749
2585
817
1747
52
2822
1861
1910
156
2549
2016
1203
1916
2576
1559
685
1330
1669
2595
1853
2201
500
986
992
643
2295
2903
206
172
2154
1143
2364
2028
1911
10
616
2237
163
718
1274
319
1765
460
601
2177
465
1353
35
1398
2512
2842
9
2460
2598
94
2563
1864
758
1187
2726
2510
2618
1130
1648
1561
741
2896
628
2334
2564
407
2075
1331
2220
887
2593
315
2280
863
213
491
752
780
951
2689
2311
167
2891
2643
1584
1538
157
2376
393
2812
1010
2695
895
2621
1548
2294
673
1413
2931
2369
1583
1191
1683
1642
1850

