1267
512
1273
2255
2739
119
1656
1776
626
1948
2692
2178
2425
537
2629
2822
1564
1978
1572
2769
225
1995
1586
1449
1018
2448
2352
574
2759
2619
1517
2668
659
247
292
1725
1476
544
2009
2284
2558
2307
445
2640
1563
442
2513
1293
1542
803
1575
2260
2112
417
2742
2566
2765
354
1743
898
660
2202
770
1957
2515
1761
2108
1085
1135
1436
1107
318
1536
2039
1442
1509
2154
226
2006
844
440
1917
270
2418
795
2173
800
449
1008
2290
178
1871
531
1615
1867
2828
1473
1813
1639
2934
1707
1771
177
2093
609
1375
731
2227
837
1886
386
235
1203
658
917
1112
1101
2522
1412
1206
1847
1174
334
2709
2879
1578
246
2633
1360
129
588
2524
2727
159
2875
2644
2134
408
2376
11
2338
1126
571
2435
728
1471
2236
983
2892
2190
1905
494
1624
1623
2251
2622
2462
1372
1810
459
856
1658
1053
2268
628
511
2829
788
2905
403
184
2087
985
1956
2480
2030
1587
2180
1614
1936
1877
1711
910
2262
2775
805
215
1870
1672
1478
1757
2459
1884
378
1204
614
2538
1166
88
549
1235
1088
1514
1258
1748
472
2444
961
2855
871
2353
2901
485
200
328
136
1651
1208
2357
1892
2224
2764
2430
1538
536
63
757
2234
1689
2565
13
2443
2476
758
192
2104
1223
2183
1022
1558
1833
2101
641
1935
1371
390
2488
1918
2895
300
1427
2391
990
197
2819
506
992
934
1647
2067
26
133
1279
348
1479
1869
1133
1585
1655
591
1248
1926
2627
304
2405
477
887
528
2158
2191
1510
1281
2084
1404
2662
327
525
2097
2547
1825
2102
946
1583
1699
4
928
170
55
2248
93
1213
2635
2273
2681
1249
1955
1512
802
429
2570
458
2770
2849
1387
706
1222
350
372
462
721
603
232
831
2725
17
2226
1379
884
956
745
1673
2029
164
2122
65
70
2899
1268
2495
709
2100
973
73
639
1894
2814
2475
1070
2880
1641
1114
776
1681
735
585
2740
2874
1838
1352
521
2054
533
1399
775
999
278
1233
1744
1216
2246
2800
806
753
268
2520
1940
2317
2858
1750
769
1425
2343
2110
849
1591
1704
1065
240
625
1824
366
305
892
1889
2481
526
1805
1262
2222
616
2873
1728
103
1257
1237
504
1091
2590
312
710
286
939
435
454
2069
1029
567
2036
1609
2854
37
2831
969
1129
2061
2940
1688
460
2736
1108
2600
27
2296
2561
389
1975
198
608
2148
2442
1282
1405
1306
172
610
1497
1055
2354
379
344
1178
1021
816
772
2526
1649
2342
1749
510
2516
1972
695
2757
1550
1389
439
1555
1033
1149
1451
943
2024
1752
1420
391
618
1494
2830
631
341
1465
2886
1629
1652
1058
1815
804
176
2283
876
2517
598
1075
2304
1207
2302
2573
2048
1153
2194
1745
1530
1951
2179
2025
1964
2023
809
1710
1993
432
841
978
2370
2146
930
1428
1680
584
2649
2768
2223
1002
1202
1231
1804
260
692
2628
845
2014
922
253
1667
885
1043
1759
2329
675
371
1764
1090
2168
981
2571
299
105
970
1952
2225
2275
2838
1534
2457
894
52
1999
2604
2500
1432
273
602
280
1251
672
2796
2569
2013
2309
690
1438
760
407
1933
1189
2910
163
2455
1820
1812
1036
0
39
2682
755
833
346
596
1567
456
2869
1154
2021
1521
1826
2548
23
2203
1137
1963
678
2881
1541
1194
2545
2699
167
2220
132
2133
2298
1042
1857
637
2185
135
2320
1949
2929
2201
1414
2259
2303
2172
1117
10
2331
1048
2790
2794
763
87
1341
1574
1577
2184
141
368
1370
993
2688
502
840
1343
1779
555
1505
332
2608
1664
1734
2356
2387
670
2643
1111
1792
1965
2698
2735
1900
1113
2153
2434
1677
212
1241
353
357
409
662
269
86
1753
1835
2638
1925
1969
1134
2215
2280
2641
1463
128
2755
2847
1430
2432
2903
749
578
146
1410
451
615
1461
1225
550
2696
836
909
194
501
2551
2026
2602
558
1199
2872
478
319
199
1143
667
1269
2803
104
1706
361
2763
862
1417
414
431
2871
1125
1616
650
1780
2778
2489
2144
2625
308
1001
968
761
945
1628
2089
2591
601
2415
1582
2305
426
2471
1708
2197
685
83
2887
540
2361
1378
2671
1945
24
940
2368
1492
1896
2324
2348
279
295
2702
860
139
2528
2505
1039
1589
315
415
967
1988
100
2218
1236
1416
1358
1816
2503
2205
2299
2921
1803
2745
1004
1098
712
975
681
2289
2411
8
43
1171
2164
2247
1648
1864
648
2788
1832
2923
1364
2421
1337
1592
2694
1312
53
2363
69
2717
818
2214
2856
1853
2587
79
556
2413
954
1305
181
1110
1797
1802
1467
2930
2811
476
2080
2483
1983
676
492
778
410
2834
612
2231
507
1255
1087
1278
2077
1013
2541
1071
2533
1782
955
1329
1226
679
1778
2105
2208
2807
1209
1866
554
1571
2219
703
2414
2805
2487
2730
109
2072
238
2127
2607
1290
1309
1435
2040
395
906
161
534
2801
210
2092
265
1145
201
719
1078
2447
2258
2906
384
2579
1374
2346
3
1998
2079
2634
546
1811
1220
1821
2646
1128
22
2865
927
2277
1369
186
950
562
552
1485
393
1448
2670
2428
1916
2143
106
2823
1703
1906
1705
1580
314
1539
714
1898
2714
952
792
355
282
1355
807
2783
2678
377
652
921
1702
2815
375
447
2715
2075
2521
9
1116
965
151
1661
81
153
1167
1168
2785
387
2610
51
1304
2864
252
852
2586
34
322
2326
2358
144
1807
1994
78
2211
2605
75
2789
1017
2355
1860
1961
2046
2098
716
527
1747
2868
1520
188
2762
787
1931
2235
2666
1383
108
142
399
879
1920
261
1625
1024
1922
2539
2078
2276
1299
890
687
2294
1146
2820
1439
230
1645
468
157
581
28
481
2094
729
1895
1450
1242
271
284
923
398
1314
1291
1062
60
1584
1865
2564
168
336
1066
2761
538
217
427
1271
2836
635
1185
1338
2130
1693
790
901
1991
2420
1897
1501
1362
182
206
29
2574
698
1529
2817
1635
193
2924
900
1760
2384
1148
2082
736
183
1006
2264
1040
1910
1731
519
752
1504
302
2584
1256
33
974
1409
2555
2383
2062
138
1234
2729
1382
2791
2129
1622
673
36
2028
325
1081
1215
822
2266
2288
1726
2055
2165
7
2933
1469
647
438
2532
2482
1246
873
2818
2674
847
2115
441
2915
1720
1049
107
810
250
2614
2360
321
1662
1472
1196
266
120
1718
2672
1034
2316
2267
464
2611
231
1266
6
633
419
1800
2540
1280
1788
541
1990
2449
1727
1044
149
92
1493
1885
929
1009
1909
2408
1944
97
1063
152
2511
575
2245
1570
1954
1015
2876
2862
1746
2655
1806
2585
1247
2473
2200
867
2773
1593
1562
1751
1458
701
1762
913
94
2250
586
2396
2578
1074
47
2031
1495
2436
1274
814
1556
2927
2233
1046
566
1872
863
1402
1675
2753
2393
358
1000
1100
155
1198
237
530
2474
2362
2394
1243
979
1829
1668
2043
467
1942
957
317
396
2580
115
1384
2781
1310
766
684
2136
2486
1175
1934
938
854
1775
102
523
1172
2845
1484
634
330
84
2703
1500
866
1016
1263
622
21
2621
2938
1676
2922
41
2249
406
734
2464
2312
1011
2723
1221
1139
1295
2166
744
2772
2081
1169
2018
1766
2713
1911
2695
385
1429
2311
1851
2118
2514
2372
1739
2045
1200
1073
2490
2182
205
45
2664
2683
1528
228
1327
2339
1272
2113
2606
2096
2852
352
2321
747
1818
951
110
1294
677
2689
1277
503
495
1874
1719
2843
335
2071
1481
263
126
1502
2364
2716
313
156
2398
2679
2359
2870
2350
799
2531
2282
2575
1888
1470
704
742
1887
1219
89
1340
2731
1735
130
2711
72
1596
2308
1859
1377
1607
617
1054
1486
1064
2433
767
1308
2020
2738
2523
1523
2389
1532
2332
2826
1061
2099
145
1418
2850
2427
2684
2484
725
2422
227
1989
838
1433
1588
2
242
771
35
737
1883
619
1599
1468
2135
1893
2440
1633
1660
1457
656
2265
488
1045
204
2051
509
1104
1366
791
630
1733
1516
730
768
1565
1335
583
2196
2469
858
1519
1147
2451
1503
274
2229
1240
2341
301
2510
893
118
1650
1195
773
1339
1250
1515
661
1392
245
638
306
1244
2673
1814
2937
331
469
1939
1974
1669
1118
147
1350
1950
693
700
1498
1700
1774
2176
2230
15
337
551
1678
2751
275
1023
2897
123
1173
680
2798
2035
865
724
2501
997
2926
134
2724
2771
784
2001
717
1155
1856
2139
66
2315
2022
895
338
2460
2147
1490
347
2437
362
2174
1549
987
2686
828
434
777
2169
2465
211
651
850
125
2241
2549
2463
448
1386
1120
1724
942
2552
2381
2120
2697
1508
2844
1201
1150
686
2630
514
1205
2603
2867
2456
995
150
732
57
1543
1115
480
2841
1298
2467
2784
1397
2269
2582
2812
68
590
2010
2848
1491
1275
1177
738
421
2615
2626
754
1423
1483
605
2156
2737
1239
959
2616
2117
1440
2195
2810
96
2504
1057
1119
401
699
2902
2386
808
2648
1913
2278
2596
59
1421
1254
67
1095
1302
2577
2556
1025
1345
797
1842
2349
1646
64
2543
1986
2162
2409
823
604
56
1526
2779
2345
2860
1411
953
812
579
473
1441
101
2044
2472
824
1158
2292
2221
1569
2931
980
191
668
2053
1930
2595
2498
2700
251
1089
2623
1217
446
1097
2846
2091
430
1701
972
2095
1527
2650
2675
2804
912
1602
457
599
2419
131
1318
2119
370
2379
994
2534
216
756
219
1846
484
2403
1915
505
2941
2189
1192
360
2559
629
1307
2816
1737
2939
2758
1401
2322
1982
2900
870
2786
443
77
764
2171
821
428
624
2935
713
1363
2691
2657
2142
642
2369
2111
1547
1845
1288
1506
594
1943
561
1326
1351
2809
1390
1047
2726
2839
1598
30
947
1631
2106
98
542
1380
1019
1843
903
2537
2560
1437
2242
1709
418
1482
1605
1056
2620
1232
1367
2377
948
654
517
718
740
1533
148
663
1300
95
2175
455
288
2439
2047
1848
1873
2170
1348
2589
1653
2371
815
872
2207
364
1419
2690
779
908
1901
2492
2426
2550
1907
1559
1496
996
878
881
1958
2228
1393
931
2885
121
1035
486
1627
573
1102
830
1758
2889
1322
1092
437
1786
671
2659
1545
2746
2734
1828
487
258
1611
613
2708
2756
1218
904
2685
702
564
1460
2707
664
1084
1228
976
2497
1130
607
2008
369
80
1610
1919
2274
1691
2187
323
2293
452
2270
743
2787
2337
2877
1456
2936
2512
2068
1798
1316
1188
889
1769
857
1462
1431
682
1617
998
2882
548
2306
2132
2557
1590
58
1330
2050
587
751
1763
924
2186
1068
1685
1373
1696
2572
1554
1657
220
1573
1899
1453
405
2161
1424
2568
1561
2417
2423
2253
1165
2137
1712
899
1638
2066
2291
1976
2441
826
243
1612
114
2257
1551
479
1781
2287
2624
557
2920
2038
2693
76
367
2609
1967
1738
1985
256
1566
2424
2261
1109
886
2743
711
1191
522
1121
2366
1353
2861
2687
1742
1868
1283
937
2076
1454
2323
404
1197
1544
1996
162
2126
111
2747
2468
2904
1224
914
916
1823
1914
1576
1694
497
1785
726
2658
436
1552
1480
1987
1094
32
877
1654
2536
2898
2033
1553
1581
2263
1381
296
1511
351
516
936
2706
2894
277
1394
291
187
1531
2351
1632
229
422
1540
2502
2452
1368
2128
425
2667
2400
1518
1794
400
18
179
40
1229
1443
1060
2767
500
2744
2636
2365
2878
1801
883
2336
1131
1756
2642
966
374
1970
2594
1736
19
2752
2774
1671
1477
2669
1105
1822
1634
1908
1403
1086
2401
2529
1
1162
1301
2593
491
16
1765
1067
2042
705
1679
1349
453
1276
2588
1079
1682
202
1840
2544
293
1537
1772
1342
2741
720
1083
1525
2712
1932
1827
1010
568
1992
1415
1557
2177
2824
474
632
2037
2397
935
2701
2198
2114
1663
1684
2254
1809
1124
1630
349
91
2721
2617
1784
171
2256
2388
2519
2123
90
593
1361
825
283
1819
781
1132
339
2477
1606
2431
2748
1376
2244
627
1227
2407
1344
1730
2853
2645
869
1020
185
1140
2613
1359
2833
1839
2188
1284
209
1179
2832
1777
733
62
189
1790
819
2530
1144
1507
249
1666
1568
1069
2837
1793
926
2141
1396
2125
20
2661
1834
496
1245
2925
490
2884
1619
868
2813
2883
621
2799
2705
1768
1695
565
2720
1052
1082
2680
611
1929
1186
1026
989
2252
433
902
896
297
1426
1212
244
1315
1303
932
2209
373
1594
1012
397
1159
1863
2598
2140
1604
2150
2835
1817
2453
1076
2181
991
1413
2893
905
597
2375
817
1971
1560
963
2760
1878
1181
2412
2367
489
475
1141
2907
1522
1861
272
1912
636
2461
958
855
2445
2239
1077
1890
853
2056
933
112
944
471
780
1408
765
1464
962
1938
493
2399
1891
1499
1096
2652
1836
1789
2385
1190
2330
1252
2131
794
1014
1773
1455
31
782
535
592
750
1665
543
1007
2212
2750
2347
307
1924
44
1138
2285
483
988
1902
2710
2002
708
1395
2340
2639
465
1637
2793
835
1099
2567
1937
1626
1723
1398
25
1698
1051
539
345
169
1406
2145
221
2718
643
298
463
1253
1489
518
46
2204
2155
122
174
646
827
689
2034
470
2908
1313
1513
2199
508
2032
2157
1841
382
61
2546
1980
595
620
499
2281
1385
2313
793
2776
1028
1881
2325
2913
2618
208
2334
2088
560
1796
1968
848
2777
1713
1690
971
1184
2732
1928
1754
986
444
383
2271
2335
2542
359
2065
1152
2103
2019
674
576
1880
2151
498
1981
2728
1285
949
2318
2438
326
1923
1365
2932
54
2206
1325
1837
570
864
2507
2333
223
376
1151
2637
1524
1474
2163
2000
1946
2491
1487
1960
1032
529
2840
2733
1122
2052
450
851
880
2429
982
796
461
1080
2086
1488
1354
1317
1904
977
2011
1997
1347
897
2677
180
2063
14
563
1640
1984
774
1876
888
2663
1332
2374
1292
666
175
262
2237
2450
1795
727
2508
42
1093
2243
2049
2496
2149
1642
173
762
342
257
2911
276
1388
645
813
333
2060
2851
722
2310
1346
388
2416
1579
644
2007
1163
116
5
2213
2592
2240
2167
2279
1038
2808
2327
2016
2328
356
2553
1323
50
1620
984
239
577
2454
1715
2085
1050
1716
2563
2017
2601
1687
2458
1858
154
2914
2916
653
329
785
424
82
158
694
365
1123
2041
1535
2576
513
1767
789
655
1187
553
1947
1741
2378
842
1157
311
2485
2121
1643
2562
2917
2297
38
2493
2802
532
85
255
12
1286
2107
316
1210
919
1831
1334
2535
1597
195
746
1270
224
117
1787
1003
2382
2722
834
2295
2380
267
843
233
1037
1879
640
1336
1320
741
1407
1136
2193
340
2749
739
1721
801
320
1059
2859
290
1953
846
482
1882
820
2795
1875
2003
1041
2216
2012
2238
2632
2827
2272
49
1193
2004
1618
1855
1434
748
569
2319
381
264
1941
918
222
2509
1214
1670
2918
392
1601
2612
124
2896
1264
2825
2863
2073
213
1391
2005
1729
2754
2857
113
166
2499
2390
160
190
941
1289
759
1106
1176
669
2446
2109
1903
1030
1697
1182
289
559
1357
1127
1333
2654
1959
2152
2653
2891
423
665
2138
2116
2160
281
915
309
606
48
1600
2286
2919
2782
1608
127
2554
1103
1296
1183
707
248
1844
649
1259
2070
582
964
2192
411
811
1161
71
786
1674
2647
1297
2806
1850
2821
1164
1546
2912
413
1854
1328
1265
2597
2665
2217
1452
875
572
829
1755
683
882
2525
1862
2210
1799
696
1445
1830
2392
1732
2057
1311
2842
241
285
1595
1321
1683
600
363
1791
2780
1973
891
310
2027
2314
2581
1686
1783
1770
294
1636
723
1927
2631
2583
1548
688
214
545
1072
874
1714
1977
1966
207
925
907
2527
2909
1852
2232
623
165
2344
580
1644
2888
2792
2301
2064
2466
2470
1230
2300
1331
1979
1238
2083
2404
1740
143
343
1261
1475
1400
2766
466
2159
1031
691
1356
515
420
1446
2651
2676
402
839
140
859
2797
524
861
236
287
394
1444
2719
412
798
1180
1447
1027
1659
589
1260
1319
2402
920
715
203
657
1005
2124
697
2479
520
783
2058
1613
2410
2890
2395
1324
1160
1142
1962
2494
2074
1422
1211
2090
1717
2015
99
74
1459
2928
2478
416
1921
218
911
196
2373
234
1722
2506
303
1692
2059
1170
380
1287
2866
2406
1156
1603
2704
547
254
2656
1849
2660
832
2518
960
324
1621
259
1466
2599
1808
137

