1 1
2 0
3 1
4 1
5 1
6 1
7 1
8 0
9 1
10 0
11 1
12 1
13 0
14 0
15 1
16 1
17 0
18 0
19 0
20 1
21 0
22 0
23 0
24 0
25 0
26 1
27 1
28 0
29 0
30 0
31 0
32 1
33 0
34 0
35 0
36 0
37 1
38 0
39 0
40 1
41 0
42 0
43 0
44 1
45 1
46 1
47 1
48 1
49 1
50 1
51 0
52 1
53 0
54 1
55 1
56 0
57 1
58 0
59 0
60 1
61 1
62 0
63 1
64 1
65 1
66 1
67 0
68 0
69 1
70 1
71 0
72 0
73 1
74 0
75 0
76 1
77 0
78 1
79 0
80 1
81 1
82 0
83 0
84 1
85 0
86 0
87 1
88 0
89 1
90 0
91 1
92 0
93 1
94 0
95 0
96 1
97 1
98 0
99 0
100 0
101 1
102 0
103 0
104 1
105 0
106 1
107 1
108 1
109 1
110 0
111 0
112 0
113 1
114 0
115 1
116 0
117 0
118 0
119 1
120 1
121 0
122 0
123 0
124 0
125 1
126 0
127 0
128 0
129 0
130 1
131 0
132 1
133 0
134 1
135 0
136 0
137 0
138 0
139 0
140 0
141 1
142 1
143 0
144 0
145 0
146 1
147 0
148 1
149 0
150 0
151 1
152 1
153 0
154 0
155 0
156 1
157 1
158 0
159 0
160 0
161 1
162 0
163 1
164 0
165 1
166 1
167 0
168 0
169 1
170 0
171 0
172 0
173 1
174 0
175 0
176 0
177 0
178 1
179 0
180 1
181 0
182 0
183 1
184 1
185 1
186 0
187 1
188 0
189 0
190 1
191 0
192 0
193 0
194 0
195 1
196 0
197 0
198 0
199 1
200 1
201 1
202 0
203 1
204 0
205 0
206 1
207 1
208 1
209 0
210 0
211 1
212 0
213 0
214 0
215 1
216 0
217 0
218 1
219 1
220 0
221 0
222 1
223 0
224 1
225 0
226 0
227 1
228 1
229 0
230 0
231 1
232 1
233 1
234 1
235 0
236 1
237 0
238 0
239 1
240 0
241 0
242 1
243 1
244 1
245 1
246 1
247 1
248 0
249 0
250 0
251 0
252 1
253 1
254 0
255 1
256 0
257 0
258 1
259 1
260 1
261 0
262 1
263 1
264 0
265 0
266 0
267 1
268 0
269 0
270 1
271 0
272 0
273 0
274 0
275 0
276 0
277 1
278 0
279 0
280 1
281 0
282 1
283 1
284 0
285 0
286 0
287 0
288 1
289 0
290 0
291 0
292 1
293 1
294 0
295 1
296 1
297 0
298 1
299 0
300 0
301 1
302 0
303 0
304 0
305 0
306 0
307 1
308 0
309 0
310 1
311 0
312 1
313 1
314 0
315 1
316 1
317 0
318 0
319 1
320 1
321 0
322 1
323 1
324 1
325 0
326 0
327 1
328 0
329 1
330 0
331 1
332 0
333 0
334 0
335 1
336 1
337 1
338 1
339 1
340 0
341 1
342 1
343 0
344 0
345 0
346 0
347 0
348 1
349 1
350 0
351 0
352 0
353 0
354 1
355 0
356 0
357 1
358 0
359 0
360 0
361 0
362 0
363 1
364 1
365 0
366 0
367 1
368 0
369 1
370 0
371 0
372 0
373 1
374 0
375 0
376 0
377 1
378 0
379 0
380 0
381 0
382 0
383 0
384 1
385 1
386 0
387 1
388 1
389 0
390 0
391 0
392 1
393 0
394 0
395 0
396 0
397 0
398 1
399 1
400 0
401 0
402 0
403 1
404 1
405 1
406 0
407 0
408 0
409 1
410 0
411 0
412 0
413 1
414 1
415 1
416 1
417 1
418 0
419 0
420 0
421 1
422 1
423 0
424 0
425 1
426 0
427 0
428 1
429 0
430 1
431 0
432 1
433 1
434 1
435 0
436 1
437 1
438 1
439 1
440 0
441 1
442 1
443 0
444 0
445 1
446 1
447 1
448 1
449 0
450 0
451 1
452 0
453 0
454 1
455 0
456 1
457 1
458 0
459 0
460 0
461 0
462 0
