1 0
2 0
3 1
4 1
5 0
6 1
7 0
8 0
9 0
10 1
11 0
12 0
13 1
14 1
15 0
16 0
17 0
18 1
19 0
20 0
21 1
22 0
23 0
24 0
25 0
26 0
27 1
28 0
29 0
30 0
31 0
32 0
33 0
34 0
35 0
36 0
37 1
38 0
39 1
40 1
41 0
42 0
43 1
44 0
45 1
46 1
47 1
48 0
49 1
50 1
51 1
52 1
53 1
54 0
55 0
56 0
57 1
58 0
59 0
60 0
61 1
62 0
63 0
64 0
65 0
66 0
67 0
68 0
69 0
70 1
71 1
72 0
73 1
74 1
75 1
76 1
77 1
78 1
79 1
80 0
81 0
82 1
83 0
84 1
85 1
86 0
87 0
88 0
89 0
90 0
91 0
92 0
93 0
94 1
95 1
96 0
97 1
98 0
99 1
100 0
101 0
102 0
103 1
104 0
105 0
106 0
107 0
108 0
109 1
110 1
111 0
112 1
113 0
114 0
115 0
116 1
117 0
118 1
119 0
120 1
121 0
122 0
123 0
124 0
125 0
126 0
127 1
128 0
129 1
130 1
131 0
132 0
133 0
134 1
135 0
136 1
137 1
138 1
139 1
140 1
141 1
142 0
143 0
144 0
145 0
146 0
147 0
148 1
149 0
150 0
151 1
152 0
153 0
154 0
155 0
156 1
157 0
158 1
159 1
160 1
161 0
162 0
163 1
164 0
165 1
166 1
167 1
168 1
169 0
170 0
171 0
172 0
173 0
174 0
175 1
176 1
177 1
178 1
179 0
180 1
181 0
182 1
183 0
184 1
185 0
186 0
187 1
188 1
189 0
190 1
191 0
192 1
193 0
194 0
195 1
196 1
197 0
198 1
199 0
200 0
201 0
202 0
203 0
204 0
205 0
206 1
207 1
208 1
209 0
210 0
211 1
212 1
213 0
214 1
215 1
216 1
217 0
218 1
219 0
220 0
221 0
222 0
223 0
224 1
225 1
226 0
227 0
228 0
229 0
230 0
231 1
232 0
233 0
234 1
235 0
236 0
237 0
238 0
239 1
240 1
241 0
242 1
243 0
244 1
245 0
246 0
247 0
248 0
249 0
250 1
251 1
252 0
253 1
254 0
255 0
256 0
257 0
258 0
259 0
260 1
261 0
262 1
263 0
264 0
265 0
266 0
267 1
268 0
269 1
270 0
271 0
272 0
273 0
274 0
275 1
276 0
277 0
278 1
279 0
280 1
281 0
282 0
283 0
284 1
285 0
286 1
287 0
288 1
289 0
290 1
291 0
292 0
293 0
294 0
295 0
296 0
297 0
298 0
299 1
300 0
301 1
302 0
303 0
304 1
305 0
306 1
307 0
308 0
309 0
310 0
311 0
312 0
313 0
314 1
315 0
316 0
317 0
318 0
319 0
320 0
321 1
322 1
323 0
324 1
325 0
326 0
327 1
328 0
329 0
330 0
331 1
332 0
333 0
334 1
335 1
336 0
337 1
338 0
339 0
340 0
341 0
342 1
343 0
344 0
345 0
346 1
347 1
348 1
349 1
350 1
351 1
352 0
353 0
354 0
355 0
356 0
357 1
358 0
359 1
360 0
361 0
362 1
363 0
364 1
365 0
366 0
367 1
368 0
369 0
370 0
371 0
372 0
373 0
374 0
375 0
376 0
377 0
378 1
379 0
380 1
381 1
382 0
383 1
384 0
385 1
386 0
387 1
388 0
389 1
390 0
391 1
392 0
393 0
394 1
395 0
396 1
397 0
398 0
399 0
400 1
401 0
402 0
403 0
404 0
405 0
406 0
407 0
408 1
409 1
410 0
411 1
412 0
413 0
414 0
415 0
416 0
417 1
418 1
419 1
420 1
421 0
422 0
423 1
424 0
425 0
426 0
427 0
428 1
429 1
430 1
431 1
432 0
433 0
434 0
435 0
436 0
437 0
438 0
439 1
440 0
441 0
442 0
443 0
444 0
445 0
446 0
447 0
448 0
449 0
450 0
451 0
452 1
453 1
454 1
455 1
456 1
457 1
458 0
459 1
460 0
461 1
462 1
463 1
464 0
465 1
466 1
467 0
468 1
469 0
470 1
471 0
472 1
473 0
