456
1336
1386
2691
2932
1439
444
971
1847
2637
1073
445
2533
1313
965
190
404
960
81
2740
341
2916
1474
1979
1945
2925
845
1918
2835
831
2103
2721
2757
679
2037
2334
1612
1299
555
2890
2012
281
282
1756
2884
318
2887
236
2278
2758
428
1149
2437
706
985
374
2852
279
1115
257
1492
504
1428
502
1795
2107
2883
239
2317
1662
649
770
470
664
433
2481
1638
1379
203
128
1728
910
1447
899
1794
1039
1261
2430
1838
1713
1959
2571
1775
606
2786
2528
2697
1585
2002
202
2477
36
2774
2782
2667
1936
1851
18
1659
1693
796
956
535
2276
962
1074
633
2673
1142
1414
1157
91
839
1454
1828
2777
255
1398
1133
1330
2360
2537
1159
1343
262
1801
760
2741
1867
111
844
156
2769
1263
1993
1999
1752
1971
1589
536
646
1499
2221
2649
2048
44
361
512
868
977
1042
1555
218
797
2160
997
735
1972
2264
1475
364
2142
2006
1314
570
313
1966
455
426
494
1459
34
1616
2210
926
238
358
2521
2179
2873
155
1842
1649
1451
2534
2025
347
2655
345
167
233
1509
1207
636
2003
1790
783
2101
2258
2906
319
1425
1131
1702
461
66
789
275
2374
19
2302
2017
622
2827
1722
498
229
2718
2778
1542
2662
863
804
1486
400
1898
655
353
1833
2735
1816
2431
686
2250
104
1128
619
2866
2608
2238
357
45
2068
1843
763
719
2157
2666
618
1225
2492
828
2155
2599
837
1757
1367
754
2529
1640
110
1890
1869
578
368
1943
1188
939
1121
1539
2119
526
391
261
154
1821
2692
1831
1402
98
244
1980
151
2076
1239
2480
2035
545
921
2657
2505
1807
1592
2715
2756
339
2675
1946
2834
1102
1170
1698
1413
1266
2706
1498
28
1146
1802
632
1615
2539
1671
1513
590
2789
2428
1753
2804
2650
1755
758
1710
2129
243
517
994
1024
1365
567
272
557
2577
166
430
458
1873
865
1751
43
2144
2487
2690
2164
586
2626
1352
2717
2130
2842
2870
2253
881
1420
2112
2541
2247
1322
2315
278
1438
2085
387
2470
1005
1206
2936
160
2447
1830
2867
2454
2158
441
1194
2459
1989
1916
1091
2397
2719
71
2549
290
106
300
1448
2386
1691
1792
2482
2352
2700
2502
1799
2776
2853
1310
304
196
2010
2403
2924
2585
2617
1581
1760
2033
1008
2078
522
1300
1050
129
2175
1383
432
2412
2660
726
608
1504
1527
635
1148
1038
603
1656
1544
2543
1354
923
1468
2897
1043
1669
327
1538
920
467
778
2839
124
1308
1321
2795
1505
674
176
1481
537
1471
299
1031
230
781
2200
114
573
407
643
815
1209
2860
1394
1858
1882
2183
119
2173
1290
2461
2546
1404
1903
465
903
1353
2716
2765
490
2825
1143
2104
1483
25
1759
1380
1328
1500
1057
1952
2545
1179
1888
1708
1369
1316
856
251
2000
870
1034
2520
1798
2618
2392
142
1863
1117
267
745
1707
2633
2418
1721
1272
2046
2540
995
336
181
1826
1169
518
564
350
1559
705
2064
1820
2695
1617
2427
2694
710
1467
2561
1631
1335
1107
285
689
17
73
1919
1720
2810
389
1835
2432
2239
1547
1938
1178
1409
2004
1026
550
2701
2759
1761
1195
866
2575
1028
1440
1668
2619
63
1866
2416
2483
1241
2896
933
1191
1140
546
340
2829
1218
1963
329
192
2149
1800
2869
1390
514
363
2080
1412
2344
2651
322
1995
2156
2067
2246
1687
2263
2211
2489
2899
1660
2880
515
2233
2152
1049
2840
220
532
1327
1991
539
2248
1323
2805
2605
2726
2333
1967
1641
195
2798
2475
15
2304
1160
2163
544
2265
1234
777
270
1924
2894
656
1168
2614
1657
1023
1744
917
2031
688
767
1839
500
2280
1814
2822
1516
1214
1224
814
394
1003
1359
67
371
836
381
741
575
2120
1600
2171
2153
1958
2385
209
667
1712
2801
51
975
1306
2306
84
2609
1055
1856
307
2168
873
1836
935
2019
2411
2351
2123
1881
872
2754
492
443
1987
2109
2323
2859
2458
1196
1350
993
830
1171
1741
1633
1280
1766
568
629
2838
2209
1401
2042
2488
1189
2727
1733
2597
2105
2226
277
1583
1338
480
823
2830
1876
1056
729
134
118
80
1226
453
1274
2496
2090
1245
2684
2687
1622
681
1607
1950
476
1613
937
2240
916
1346
1298
152
1566
135
1840
883
672
1608
558
1387
784
2065
1996
2676
1983
170
2714
410
1954
1545
314
2243
2050
1388
2713
180
1418
1116
2111
1311
970
1597
2218
713
1426
2656
183
775
258
1105
399
2024
1793
416
648
2941
1202
702
1358
944
2917
2638
2570
1271
2098
303
421
1808
1749
1599
2815
602
1400
213
1249
805
2464
2059
286
237
1443
2938
266
782
511
2678
259
2224
2888
2750
2277
1197
1304
1739
1948
1531
847
1062
2476
2274
2073
791
153
2361
2767
1172
740
1006
2043
496
516
756
2926
2287
2091
1724
1630
2674
2282
793
2579
1477
771
2611
2407
1915
1805
949
524
2615
1112
1060
984
2576
380
2357
2128
2453
1040
2007
2794
1787
1441
54
179
2283
346
6
2422
2063
1514
1370
2150
2347
1345
309
749
1185
442
1804
1154
615
2469
2463
29
2871
785
1267
2027
1070
2792
2591
1001
1027
581
2921
1069
198
1743
2523
2685
2312
1118
2376
1623
543
2568
2384
2872
2340
2251
1373
1064
1422
2668
2845
74
79
418
287
1099
538
551
1579
2269
880
2176
2291
1462
2436
2213
812
548
22
696
38
1305
2077
1912
2052
2260
2040
2515
1289
2631
1969
2902
2928
562
2877
2653
2939
859
2115
2762
1088
1661
497
1067
728
2491
1920
634
955
671
1495
1716
1436
1187
2535
991
2566
2648
1754
801
298
1501
1940
1619
1181
2688
1750
2710
1861
1430
2165
1845
1596
1850
1293
356
1051
530
1738
819
637
1216
464
2811
2596
730
211
1252
2743
2499
1823
46
1061
1908
2931
2192
306
2510
1175
2652
979
206
2394
2647
2689
1465
2909
449
1511
422
2555
2166
216
333
1349
2847
2628
1844
1251
813
2702
1637
2574
2348
1000
369
447
2297
210
459
2199
0
2415
1376
950
2582
1503
2565
1021
2686
2318
2602
1444
1663
1044
2138
162
676
1815
651
2022
1405
717
2034
2749
2426
2053
469
2217
37
382
2512
2915
2020
691
2380
529
379
1526
1014
1312
1230
1518
1092
972
822
2889
2377
898
1502
2
2844
1913
2513
1334
1089
1975
1670
2438
2779
1986
1686
201
2133
2202
807
208
2028
1532
884
2096
654
102
2733
1905
2622
2299
252
1002
1180
1111
2639
1574
1765
2848
1344
2177
1446
1273
2905
877
2773
2092
2760
1634
2382
1217
1135
549
1603
520
2486
2895
131
1719
2212
1758
1567
1859
742
2837
1791
684
1480
2580
2016
1706
2254
1292
2601
1053
173
75
1537
2527
1368
746
1167
2497
1213
1145
1809
446
1110
53
1643
32
998
1303
912
1182
1211
922
2355
489
2892
1399
56
2289
2132
1134
1046
1522
553
328
1868
1974
493
2846
1901
2372
87
2093
2314
1423
1016
2014
184
1084
765
1923
2121
2592
748
894
1320
1287
2623
2720
503
1683
2908
2359
463
1909
2145
1186
1127
611
477
2189
1164
1769
1849
712
986
1642
372
700
1362
841
755
2784
2242
1294
1961
547
1126
194
224
1857
2901
1786
593
2930
402
2320
2324
1540
1156
1124
961
1878
563
1260
832
588
2742
2060
1212
295
2775
1534
274
325
2761
600
2468
1690
2876
1203
1917
2836
126
2049
1783
1360
2538
1317
2833
1301
2816
1731
273
2445
1935
1717
1650
1094
331
2531
803
1348
123
626
491
1874
1827
2584
773
587
1591
1569
725
2231
1200
1114
2191
1897
373
1068
487
2603
1355
598
1240
450
2286
2696
1295
901
927
2398
2244
2448
191
1530
2606
253
11
93
1037
2307
2466
1281
1184
2914
1776
2230
2787
1955
733
692
2066
2630
1768
115
2589
2572
718
1714
932
2817
221
149
1237
2122
1561
2057
675
2641
13
628
928
101
976
2912
33
2197
509
2341
1463
513
335
2262
200
1577
722
1682
1491
507
885
1012
1325
378
2885
665
1523
1144
397
2643
2214
1101
2682
2780
1460
999
1063
425
657
1854
780
2849
283
2879
31
2141
437
1357
2927
1247
2455
2186
2878
360
486
417
934
1221
613
1199
2336
72
1648
452
945
2642
2752
1393
1470
1704
2933
3
403
1602
947
1256
2424
2929
591
2196
1841
2391
2705
1515
1450
1810
334
2629
2332
344
1485
2026
714
534
1934
70
2707
1072
1033
1017
1785
653
2088
250
2797
2861
1533
2074
1282
2547
670
1384
2349
2595
594
2923
2672
1570
312
1309
565
16
2194
2195
506
2322
1048
5
90
1764
292
533
130
2663
2086
2284
132
1554
930
2573
1700
2768
415
2544
685
436
2346
1558
699
1543
1059
2071
1957
103
2669
2826
143
406
1899
2843
1773
510
1644
663
1366
914
405
1223
2433
2434
2443
479
616
2542
1732
2504
2038
2288
2308
59
1703
30
55
2586
1141
2841
1675
895
1605
918
96
468
2327
2266
107
10
1614
609
1655
2441
1860
2271
256
1248
231
2490
2423
2600
1684
757
772
867
2636
499
1455
2708
1557
1824
1257
1487
1419
967
2009
2474
1688
1100
2342
2339
1461
485
1565
2072
1166
2664
900
1907
2612
682
891
1680
860
1244
871
2671
2054
146
1510
2408
50
834
2587
1665
2514
1410
1442
1875
1628
1296
501
1846
1984
2362
2753
1406
1962
1928
1848
1392
2473
308
2013
355
1254
2338
2732
818
589
2518
1829
2249
2620
1968
1621
1339
1340
1382
2058
1429
92
908
413
178
1478
248
701
68
743
2117
2044
1125
14
1397
61
1956
2396
23
144
116
1587
680
2737
2367
2404
2215
1886
362
232
943
1095
1268
1789
1464
1525
1777
77
2511
1595
1035
2094
2185
2363
1259
1879
2381
2590
1086
946
471
2808
1507
2658
2593
2261
2723
158
1015
2832
2610
145
1204
1096
2693
1476
766
1022
811
631
1093
1236
401
1997
2485
1654
460
612
484
65
2918
2855
707
1735
825
577
2569
42
2368
2245
88
874
2519
2588
1139
2204
1193
854
2203
139
2190
2517
1998
2329
2910
915
542
2450
2446
2471
1636
125
2294
1097
849
1647
1645
1667
157
1696
987
2005
1030
2536
2270
2154
2893
2862
762
1521
720
1852
2578
2350
215
1672
2319
1361
105
580
352
1279
429
893
890
2530
1551
147
1893
806
1988
1458
466
99
709
736
2500
1740
1341
2907
2911
1933
82
263
2919
2174
907
2680
1723
2771
1433
776
2354
1307
419
1910
1571
936
2082
660
2865
623
610
1578
925
774
482
2316
2831
2237
695
2188
1103
1803
583
1243
869
1812
974
420
1519
1424
1011
2335
1771
2449
2562
687
2550
897
478
1278
952
2337
862
408
1575
1990
2136
677
2370
2506
2729
2371
1964
1782
2399
666
2257
599
1106
2267
1147
1681
1490
1363
1611
1676
1629
4
451
163
1227
1694
454
1604
1508
495
1699
1235
2659
2509
2029
2047
1356
737
1473
9
2793
1674
1302
1627
724
852
1853
2766
475
1058
412
788
2401
1970
1926
1568
1709
1220
642
330
2738
2051
846
732
768
1152
2484
1472
438
519
2451
240
1052
1560
1090
2875
931
669
835
704
2084
24
21
1855
2205
2252
1372
383
49
2462
108
948
2819
2139
1162
2891
47
2419
579
2405
1163
2228
2728
2558
1725
751
1104
508
1729
2442
1701
39
2934
1286
1536
1580
2598
1553
1796
2167
2187
2143
620
2001
2736
223
2850
973
1176
2273
2178
26
2703
161
2295
1535
882
1705
2259
990
140
1871
2279
1210
1150
1411
62
761
207
2922
58
2563
246
2783
2644
1153
2162
2856
1408
2881
988
1155
189
723
678
359
1914
843
2913
2747
302
2479
639
744
197
528
1742
1817
242
271
2055
953
27
2552
2457
1018
2272
572
913
1610
1332
120
204
750
228
708
315
64
2621
127
187
1098
1953
540
659
1421
966
1198
1562
1590
810
483
644
2241
584
227
1324
2402
2425
857
2551
964
1484
1456
853
2524
1576
889
1081
1819
348
1246
1385
35
1391
1774
1238
2796
113
1593
2828
1677
2625
95
2803
1885
721
981
2343
435
1395
800
398
924
2045
2137
992
1747
2711
2670
212
2465
968
1479
2940
2036
978
396
2087
148
980
2722
1205
2184
1437
1865
2069
57
1085
1929
2440
2414
2734
809
2904
2920
1377
1132
747
296
423
2799
525
1978
2325
658
1806
2790
122
2635
2030
297
2134
1232
2435
1137
2820
169
1550
2114
2516
117
2313
905
571
2303
888
1965
1951
982
1673
2208
2395
1229
799
2070
305
617
85
323
338
1389
1082
1911
2364
2169
625
1032
1036
2126
1315
193
1318
2023
2654
2298
802
86
2207
1862
409
1832
89
1748
354
2607
2113
276
1269
1381
1834
2478
1985
311
324
1767
833
2216
2814
260
1065
879
1161
1877
1077
2770
1780
1079
1431
1730
2495
2420
2556
1900
1183
1625
60
1658
1190
241
523
2704
2421
2389
1228
2645
2328
268
1549
2937
627
1351
2935
2439
1818
2285
1025
289
440
1813
112
2062
527
1231
604
414
1606
2807
2501
647
1291
2744
301
597
2135
2467
136
624
951
2219
1902
983
2634
886
2583
165
249
1564
1778
1825
164
109
2739
2041
1734
2851
320
375
316
2079
1626
2406
711
1264
1646
1872
1122
1253
919
2413
1894
2131
1512
2900
1982
855
1265
541
1797
1977
392
1009
1921
41
1416
2823
1904
376
1601
1054
1329
2229
349
2640
1652
2108
1572
1883
332
222
1632
1276
1285
78
596
177
954
1976
787
2099
2032
2624
2417
614
1942
2330
2526
2557
989
1041
1973
1524
2387
1378
1288
1864
150
996
1697
764
559
424
1396
1784
1930
2198
1892
1019
703
481
1692
1435
2393
938
1639
1884
752
2730
2812
1138
668
817
321
716
556
172
1192
779
1333
2554
902
1620
1546
1283
2882
2824
1342
1653
254
738
2353
1449
2525
1939
326
1584
1931
388
1762
185
2755
2125
2375
174
2081
521
1548
2646
963
2854
1685
864
2039
393
1925
2613
205
159
786
121
1375
838
759
1119
365
969
2821
2683
199
2508
2813
1520
288
427
2594
1726
1250
1029
1763
411
1994
753
2220
1541
1403
1347
7
698
2140
2106
1711
878
385
2616
1270
2011
1109
2193
1770
2456
566
1407
1586
2903
1434
585
1497
2159
431
2300
1371
2378
1837
739
2311
2532
1215
1165
1880
1258
2898
731
2310
265
1891
2632
2874
2127
234
1635
505
829
2170
367
2627
377
909
2110
1174
1233
2116
2206
94
186
792
52
1651
1047
1517
1937
1695
892
861
137
1932
2296
2698
2725
2255
645
1045
2764
1582
2748
887
1772
2056
1071
2227
488
1811
1588
2699
2309
1284
2806
1947
929
2604
1609
1496
1922
661
83
693
2868
1075
1004
1870
1552
1889
1746
798
2373
2234
2503
2292
638
1941
448
2493
569
2151
734
1020
531
280
715
2369
133
2712
2864
2182
2661
2791
1453
2400
1594
2507
2083
1895
2788
2731
2293
264
2553
1779
2222
1
2460
858
1242
2383
607
2161
605
225
827
226
2366
790
2331
217
1445
2390
2018
2225
2232
284
1745
769
876
621
2857
384
386
592
69
1678
906
650
2560
2275
820
472
2181
370
1374
1120
694
1489
2235
1949
2863
840
850
1326
2236
2444
1151
2305
2100
1415
2075
2326
1679
1108
188
2379
1158
2724
1469
175
2409
2061
2321
794
1452
2268
97
816
1201
851
957
2809
2015
1130
48
1788
76
1896
2223
1906
337
959
1136
1078
2548
20
245
2785
824
1364
1727
1007
1718
896
457
2452
1337
1689
576
1277
1080
821
2818
2781
2665
2581
12
958
1262
293
690
1457
2746
1066
1736
2886
1417
2763
1624
2709
574
2172
2201
2679
2095
474
941
291
2097
310
942
2522
940
1556
1563
1010
100
2008
808
1113
1992
662
2021
552
1529
247
439
1488
582
2089
1319
2148
1887
2564
2559
1297
1275
641
1927
1208
1618
2180
2358
2301
182
1083
390
1573
630
351
875
2147
2677
2281
1664
554
168
1123
1222
2124
214
601
2772
652
911
219
826
848
1666
434
1493
1129
697
2102
1822
640
1087
1981
2410
2356
1076
1331
138
462
2146
2802
560
2498
342
1219
2567
1528
2118
8
141
366
171
1427
904
561
2494
473
1494
2800
40
1715
1781
2365
2429
1482
2256
2858
842
2681
317
673
595
1737
1466
2472
395
1255
1177
795
235
1013
2751
1598
2745
727
269
1432
1944
343
2388
1960
683
2345
1506
294
2290
1173

