2208
1314
574
621
1028
2360
1191
610
531
1626
2084
304
2926
2548
717
506
729
2137
1254
1677
599
2555
2451
562
1693
1099
782
1939
2267
2178
2397
668
7
856
1291
2779
542
292
244
623
2717
473
2875
1406
1388
528
2050
2666
323
187
1005
2276
352
2891
148
2674
2742
1873
2189
1454
721
2371
2272
1012
2014
319
2461
2180
724
1874
712
273
761
1565
1174
1000
1841
1955
400
799
1031
2135
2729
1771
1641
2240
1600
77
2427
93
1601
399
771
66
2491
1124
2337
1597
1186
2799
751
406
2041
248
564
2152
2822
277
1918
1487
762
598
1211
666
1263
657
2156
1159
791
2079
2514
1290
728
159
2164
745
2028
836
1075
924
1074
2923
337
1361
2824
2625
774
540
2774
1719
977
387
2382
2058
2134
2921
1283
2782
157
1285
851
883
288
2159
2002
1021
2551
2851
2312
2398
1910
2403
518
1684
644
490
91
181
344
1915
2040
1434
555
733
2652
620
1753
750
2106
2889
1625
2387
2919
1818
1300
1697
993
1309
370
1700
2485
174
1284
2902
2732
1839
1302
2526
2626
746
1895
1527
2286
1242
1829
1614
1846
23
2239
2668
2589
1441
1473
635
1617
1331
824
2904
2341
766
509
2576
1863
1573
2075
1094
40
732
1685
933
1313
741
2913
362
2659
199
674
2651
109
1652
407
2497
2901
922
1203
1805
2648
409
1853
1790
249
2618
2726
1988
2237
794
1658
2681
2797
1884
2274
1319
695
153
2025
143
1131
2611
1908
2212
1526
2030
2811
1158
2408
764
1407
1152
956
2327
1085
1534
1539
2467
2702
1816
2162
765
792
461
42
1760
547
1995
2677
1543
218
1649
716
2500
612
2854
2275
1251
1553
2530
1640
2283
1991
2892
2931
839
478
1114
221
4
800
1820
1897
2895
2564
2374
2784
2783
2369
2332
255
2007
642
365
1783
1528
1643
231
1442
1948
2107
565
1301
2390
151
2174
2837
1043
619
2362
814
1116
1382
1019
2460
210
468
1133
2090
1122
1842
1789
2764
1496
577
2937
521
51
929
2881
663
2558
1921
2656
281
142
1379
1004
1737
1567
2586
863
1280
2704
1029
784
931
2718
515
238
2317
1845
1686
1102
2541
526
2290
2932
2655
2396
1957
2934
2082
1523
960
1590
554
2092
1479
65
1327
835
2077
312
797
381
2703
2249
2236
1422
484
1472
2384
2336
769
1282
1696
867
2457
1265
2209
520
2878
2021
1289
1339
1213
1456
2223
1916
166
1065
1077
1663
2888
2263
182
2520
1389
2689
901
1276
233
760
161
2823
1891
2231
1322
168
510
1616
1866
2013
2565
2789
2081
1279
125
2765
664
676
2419
2128
831
2894
699
2233
1660
59
2216
2531
2255
1946
1631
1260
186
810
677
877
477
2633
482
2306
2855
2358
953
567
723
1386
1500
2886
1692
2714
2715
2241
113
205
327
433
961
1662
1050
2770
262
690
524
334
2499
1320
647
838
2905
534
429
1026
1072
2097
1668
1899
535
1764
1893
651
2794
1268
2456
0
347
2537
631
2292
753
964
1183
1081
1881
2148
156
287
1933
2496
2474
1317
439
2694
735
2684
1792
1395
1836
268
2536
2664
2692
2706
1373
2835
483
1009
947
1924
2278
2080
2294
939
561
615
1172
2787
1096
2372
1384
1063
1971
2395
243
1978
1743
709
1062
114
1405
228
1864
884
590
374
1791
1425
2366
2422
2056
1984
2207
2455
1911
315
2229
1429
734
2136
1321
2710
79
2861
236
2705
350
2898
2031
2098
2130
1060
1870
2918
2763
1490
328
2863
1244
1701
703
250
536
132
2415
1712
2721
1459
1598
1851
1390
295
857
1385
428
1602
1504
1128
1683
2903
865
1001
1093
184
31
2325
291
893
1190
108
2247
1428
2309
1170
1787
83
1566
462
1865
866
2722
39
437
2280
2173
266
2104
973
2424
2392
2507
966
1633
1432
1221
985
1979
2186
990
144
2214
1711
1359
1800
1607
2616
119
420
1744
2754
1726
881
2421
393
827
2177
275
232
2367
438
1511
2242
1766
2777
757
2373
1338
1661
213
576
455
284
2890
2070
1252
603
1403
2260
431
505
2786
600
118
1446
1577
2860
1477
2204
214
1835
736
1418
767
1104
1794
1848
2574
2452
222
2033
217
650
786
2538
2627
126
625
189
1736
1092
2094
2756
1538
1202
1937
1417
2529
1310
278
2405
1061
1404
474
1552
1586
2378
1812
1784
366
2812
2583
355
286
481
655
1748
1722
1941
2532
2053
1148
568
1433
2324
1782
1537
847
2453
1336
1262
1813
239
2043
1485
2206
2836
530
511
2161
2534
1513
2101
1018
1492
2935
2047
2348
890
1880
560
1315
356
6
2490
834
2540
1990
282
681
1415
633
1828
1731
2298
828
2446
2342
694
2758
1452
467
1016
1210
954
1218
24
2383
805
2440
330
1240
707
2593
1035
1112
412
1481
887
2187
855
1017
705
1913
2417
2059
886
1333
2139
1097
152
1054
2083
2103
2670
779
2658
1020
2055
16
2928
1161
290
99
241
1308
2428
878
559
1559
2818
2486
1100
2304
2708
1998
307
2487
211
1815
697
2386
2879
2375
2429
962
2124
989
2196
1954
2482
1551
445
2163
860
1488
700
294
398
2463
2562
1307
117
2832
2326
2933
1741
2640
1449
992
1064
2791
2810
1634
2112
75
957
1888
107
1878
395
2733
1982
1572
2667
423
720
1034
2244
840
1199
1621
2017
2695
846
1375
1362
2200
589
2874
2821
2840
2344
1949
1756
111
2314
1157
2420
1207
2125
1993
2525
914
17
1108
2198
550
203
1069
556
1857
69
371
618
2060
2826
517
2688
2008
2509
2512
1997
1274
1214
691
1806
1774
2634
1781
1053
1512
1659
637
44
309
2753
74
2179
730
944
2232
1206
1702
2436
2086
2354
783
1961
2723
1107
230
1340
382
1023
2117
1044
2750
353
336
1106
1231
1718
2254
1595
675
627
313
1091
361
984
1030
2340
661
549
1261
2683
488
272
611
1960
1447
2893
2510
1823
504
749
2281
1644
1482
889
2102
2709
2858
743
512
1847
715
711
935
165
1378
2814
2265
191
2402
2595
2650
1010
1885
622
1623
1194
122
1352
102
465
1833
665
1761
1770
1563
136
1264
2182
64
2735
1287
1676
2740
2321
1524
1355
1257
1778
2049
2147
2481
377
1569
436
595
2900
2524
425
2026
1664
2712
1525
2213
2295
1439
908
1947
2864
2065
1332
1855
817
1024
2542
1480
1037
340
2262
2752
2844
500
2067
739
1007
1155
1922
2181
1509
2592
2571
1613
820
1516
2061
1311
2076
1323
150
808
2604
1135
2552
2693
2800
2184
2914
293
1535
259
1058
124
1675
2657
322
1757
1628
404
892
1296
2600
1145
1745
1508
2034
1890
1450
1618
2638
1798
2426
1188
1877
140
2853
57
146
305
940
215
372
2012
1560
2063
135
581
1120
995
1793
941
918
41
1430
546
324
934
1650
1611
1530
176
701
2522
597
2045
825
54
2346
1193
525
804
2563
426
2483
2580
1589
2907
1393
1733
345
2470
649
2168
1200
193
1894
2062
2790
1226
271
1999
95
2472
1674
2323
2639
207
1270
2617
458
1380
1727
841
1222
2480
1843
1167
671
190
1469
982
2554
686
36
2131
349
1368
899
949
1872
523
793
270
269
702
2434
1583
2620
2601
2245
2798
224
2188
37
801
1691
1610
2488
2747
397
302
1052
2748
2585
264
2193
1476
917
2411
822
416
49
1923
738
2781
2299
1364
2414
1171
2477
2577
2054
1150
2243
1427
1665
2896
848
759
331
585
1022
2492
242
1822
1466
2845
235
1294
2010
2629
592
1612
2848
1889
1273
160
1217
440
742
2391
383
469
1630
1788
1689
348
754
2906
2852
1698
1305
335
907
2279
1141
654
1173
2311
578
829
1533
1716
617
1950
1365
2113
1976
1562
713
2015
21
925
22
1409
2361
781
1109
1520
1759
1646
227
2066
2501
2035
256
1249
1679
1201
341
1346
289
900
552
1706
1989
537
2940
514
369
311
718
1704
2328
317
1444
1377
479
2596
2284
1046
2473
1844
2399
104
129
422
2730
1066
1754
1230
2759
672
1994
2707
938
346
2379
557
1645
896
2359
2069
2785
2004
1266
1146
149
1295
1779
1215
85
188
1491
731
2880
2817
2568
1229
204
1965
776
1821
2142
2307
257
1499
179
2841
601
10
1909
2679
965
46
2839
55
852
516
2313
89
1902
1522
2519
844
673
170
1098
2802
1871
2022
2570
2464
1139
1125
862
138
2862
2624
2768
1699
2857
226
2720
1087
1160
121
177
575
948
1078
1299
593
2680
2300
640
967
306
2444
1185
2569
1734
630
823
2038
1892
2320
12
385
2827
2020
499
1772
2167
1591
821
2829
770
1189
1259
1964
533
1345
1424
679
1938
1341
1224
2176
216
2226
162
2511
1926
1182
1247
198
2711
1156
1575
596
2484
2833
2701
2447
2630
1250
1040
1196
1056
1751
1410
879
2339
1237
1111
2767
2746
1785
2686
1574
571
2091
2816
1147
1281
1334
94
1051
220
974
368
819
1720
1532
1493
326
430
2925
1970
689
98
1419
1758
1387
401
1831
902
1905
1445
2023
408
1153
451
1776
1862
1852
1506
2376
1204
1154
300
384
2846
1129
2001
1673
2582
2116
2738
2579
1180
522
2831
2615
2885
1507
1786
1436
652
1927
2057
2170
2597
2072
1986
265
1187
2575
1324
978
1184
246
364
2269
2508
2813
710
1917
1638
2109
2804
2052
359
1558
1840
2724
2149
2545
2560
888
1495
1032
1123
2599
1443
2115
2873
1656
1399
752
1219
903
427
2917
915
195
2051
682
2909
116
145
496
873
2771
2922
1672
378
33
2122
2416
452
1604
952
1245
997
225
2533
2897
2201
1142
1519
1357
2539
1608
1233
594
1136
2868
1817
1008
545
2672
1144
1945
898
1335
1713
459
487
2866
1151
2273
1904
1914
609
1462
2628
1348
2293
497
880
2458
472
864
175
758
775
553
1440
551
2716
1223
1657
82
1478
1358
2556
1306
2319
2698
2024
963
2183
832
2654
1130
1014
979
2185
35
606
1047
1809
628
2438
2941
2175
772
1
1329
2687
1568
2454
790
2333
1837
1593
2353
424
2834
1438
1541
2310
685
2252
768
1536
2413
983
1666
588
130
2230
2301
1271
937
2838
2308
2849
1431
2046
390
1639
1502
507
920
539
1920
1980
1370
96
1396
916
251
1312
379
219
351
2924
34
2144
2445
1879
1381
2608
1402
1886
573
1356
1959
2123
1360
394
1801
569
1195
1622
2289
541
891
1570
818
2407
680
2561
2793
2219
56
173
1588
1293
1972
2388
1730
2071
1548
981
2003
1175
2380
1316
2329
2315
2224
320
692
1642
2334
2277
2437
2435
2619
602
1082
2238
2318
667
830
1463
987
1931
2270
626
2027
2268
1374
1470
2048
1353
2745
480
1383
2587
1819
2088
1272
2410
2389
2364
538
139
1165
1769
1827
845
2847
2443
2404
2009
2494
777
18
50
927
310
2936
2877
163
2553
2908
2442
2762
2739
1860
2406
464
1371
789
2145
1868
1934
1212
1090
201
2567
441
1227
1629
1940
1606
27
1489
811
1216
1070
1162
1483
376
926
2479
2713
1531
1680
895
442
2121
605
756
194
580
1421
2105
1256
2867
61
443
463
14
80
1101
1752
1115
2736
491
1807
2535
303
9
342
127
2264
2347
1740
813
785
1825
28
816
1962
2205
1775
2431
11
2171
413
1132
86
1059
706
29
2842
1739
2074
2478
604
2871
1587
1688
2727
1710
2450
76
1416
1134
1304
1235
2517
172
951
2690
388
1209
2462
1330
1797
1414
2549
1342
457
2036
2661
456
410
1967
1255
316
62
1974
1278
778
2338
258
911
1935
1554
206
1178
321
1561
638
1854
1344
1228
1049
842
435
923
2518
2856
329
1401
798
2146
662
1277
25
2660
1735
1397
1326
391
2637
660
1503
1715
63
171
2743
2796
719
1086
2165
849
1126
2291
2607
123
2235
1635
1149
582
930
15
466
411
106
1475
183
2737
2643
192
2719
380
1080
670
815
1579
1799
744
2078
1932
2381
2192
1907
2543
234
1550
2591
1930
1615
78
1709
932
1121
1724
72
988
1467
843
1015
1859
2642
1742
586
415
92
921
1408
1297
2775
283
2005
1557
105
1768
519
1943
2425
850
2288
1455
2126
2197
1648
240
544
449
2602
1609
1234
2409
2803
2612
882
669
2883
1095
1048
2691
725
1725
2203
418
2227
2780
755
1517
1777
358
1515
2322
558
1803
2085
1849
2646
919
2523
2
2644
1298
486
1461
38
2744
3
1861
704
1036
493
2251
2266
1208
708
1869
169
133
45
2645
1514
1969
147
1765
696
513
955
155
131
861
2603
2044
968
2685
180
1038
780
2544
2671
2647
812
339
2368
141
802
285
158
2253
2939
2234
1465
2573
1580
1703
2191
1669
1039
563
1006
1883
2869
2158
2199
1198
1834
1003
2287
67
489
2385
32
1729
1627
2662
2029
1717
1318
2801
1867
763
1328
2211
1850
629
2805
1471
2465
2876
905
2225
1084
1958
2795
885
1238
2632
1137
1225
2042
1898
2108
2755
360
1337
2296
2248
1325
471
1164
2430
1856
475
2476
1013
942
869
2843
1246
1555
2772
19
1858
1832
2910
254
229
2350
1795
1694
386
1457
2751
1582
1474
73
2073
60
164
910
2728
1220
503
570
1367
208
1804
1248
1900
643
1632
2773
2503
1140
548
2912
2887
714
2792
2584
333
1411
402
279
2825
1728
2830
432
1426
332
2469
197
2228
2459
2610
2614
2521
2788
2133
1985
2331
2493
1651
683
722
645
1925
2394
646
1110
1773
2930
2160
1963
1163
1690
1275
2622
354
2678
1286
8
419
2037
1767
936
2598
591
872
2335
648
616
1169
2110
1181
2808
2157
154
196
1682
120
1808
1887
737
52
1071
2433
2475
1973
414
2448
1497
994
1953
502
579
1205
1518
2528
1119
958
1376
1288
2095
338
2140
261
101
1103
508
1624
2776
1654
950
740
1486
2815
2609
1027
2220
84
2605
447
632
71
727
1708
2432
2412
959
2806
167
2820
1521
2345
976
128
1746
2828
2099
2911
2899
2351
492
253
624
875
2210
1977
529
2365
357
297
726
2271
296
639
325
787
2363
2700
2302
2760
2215
1498
1952
975
421
2859
1936
1105
641
13
607
373
636
871
1197
527
2039
1068
809
1460
252
2089
2352
2218
1875
583
260
1303
2356
684
747
1468
2064
1919
912
43
1796
2246
1451
1143
1347
1738
1901
2303
2884
1670
2513
1619
2505
1906
2761
1578
1695
1755
1830
2096
2527
656
2649
1127
2850
2566
1584
1549
405
1088
904
2221
2502
209
2155
1372
1571
375
2495
2621
1780
1448
495
1045
2920
2114
2190
796
1981
2006
245
2068
1723
115
2696
971
1838
223
1653
2466
999
837
212
1762
928
1992
2489
1055
2929
263
2129
1464
1655
658
2809
1596
1811
943
906
1667
2516
1637
2725
2631
909
1545
247
795
2261
280
2195
2769
1749
1033
2590
1002
1556
1073
276
494
2393
1241
70
1343
1544
454
47
1581
2257
1594
367
2285
614
453
2016
2606
2127
897
2778
2141
301
1458
2594
970
2357
2872
1236
2588
1067
1903
1392
859
318
894
946
1505
1814
2305
1258
1678
1437
2349
2111
2120
2546
2118
112
1166
2471
2468
2915
833
1083
2699
1413
2653
693
1603
2734
2153
2330
1707
1956
444
1117
1041
688
1824
1912
450
1968
998
1966
498
88
2870
2011
1983
2400
1176
2635
1501
134
476
434
1369
396
1420
1042
26
969
2741
613
392
1681
2154
2559
2259
1138
773
687
2256
2202
2506
417
267
30
403
1435
202
1494
343
1987
853
299
543
2766
2418
566
991
2316
2641
584
1620
97
2697
1592
2819
1975
2377
2578
2132
1168
1529
87
2297
945
1951
2032
298
2498
748
1810
470
1546
1576
2217
996
200
1802
2222
2151
826
1599
806
2581
1896
1253
2258
1025
1011
678
858
972
2100
1510
2143
2882
2927
2938
2757
587
2676
1076
1366
1671
1732
874
2000
1179
532
1882
2504
2169
1267
608
1292
501
1363
1243
1232
178
698
2441
1928
572
868
2019
1351
2449
1423
2439
1585
2401
1605
1453
634
2623
1412
448
1057
314
103
870
1079
2119
1394
1929
2613
2282
1996
1705
1876
110
185
659
274
58
1269
137
1118
1192
2807
20
2636
100
854
1647
2423
2515
1239
1350
1750
2166
237
460
1763
2731
2087
2675
1747
807
68
1542
48
1944
1400
2250
653
1636
1826
2172
2665
2550
1687
2547
2682
2093
2355
788
1398
2138
2749
2150
1942
2018
1391
1547
1177
1721
1714
1113
1540
1089
2194
389
2343
876
980
81
5
986
90
2669
2572
2557
1349
446
1484
1354
803
485
1564
2663
2370
913
53
2865
2673
308
363
2916

