421
443
497
1209
1299
57
2164
1489
1124
20
815
1356
2235
1650
561
1858
2092
1475
440
2811
2670
778
2073
2508
1171
2481
171
2210
1146
2012
1191
2866
1305
2631
1927
219
2123
669
2281
585
154
1458
194
1838
1765
2319
2426
1179
572
2935
253
146
1283
1098
714
653
1198
1137
1885
1251
1075
2927
301
220
2214
2150
1948
1761
8
1462
1103
88
465
1181
1898
800
1388
1351
2060
716
1511
828
1352
293
2017
1825
2049
2653
2829
1766
722
2118
683
267
1086
631
1500
2161
858
2244
2553
777
1657
2309
1759
2394
2821
711
2930
900
925
1141
1250
2470
30
63
2199
1644
2410
2107
1170
2728
2120
865
663
1154
2338
2501
1814
418
2395
2940
529
1567
2534
1480
2405
2152
528
560
2263
2207
1854
536
2853
258
1556
1937
188
678
1750
885
2880
1577
2875
666
32
664
955
1273
2106
580
2365
1735
252
2125
427
857
123
1699
1152
1182
1410
2098
33
2907
2687
1696
2680
1385
2080
1525
2050
1218
240
184
1050
894
980
174
1006
2699
2566
1808
2227
998
11
1219
1523
1227
601
1651
318
1129
1970
1721
2667
2236
449
15
2707
207
1485
316
2145
2355
1097
627
541
376
2220
1088
2511
2134
946
987
1592
2328
2067
2791
168
2746
1811
1705
2787
2334
1176
2711
783
273
2838
1674
1049
2571
2256
2444
1316
2198
2132
0
1248
2295
1905
2254
2425
2874
862
512
2799
1843
2903
1173
121
1786
1089
586
2327
1920
1720
2075
340
383
1200
1387
198
1619
1512
912
1429
508
374
1255
2673
1942
1118
1301
554
1701
192
892
1553
1425
2142
2521
1543
1775
1587
95
739
607
1521
577
768
2494
1910
2822
18
1570
2427
2095
817
1013
26
266
1395
101
2775
2751
86
80
127
467
1342
540
1072
2062
1339
1004
78
2047
1816
1469
986
1981
2629
2833
808
718
1102
755
2115
791
1686
287
1953
177
1773
1534
281
2221
480
2887
661
803
2124
1188
549
615
166
1991
771
439
758
961
704
2122
347
814
841
2634
2491
938
1178
286
688
193
1402
2193
298
2011
2002
2608
1177
745
1784
581
840
1850
1827
2657
966
2700
175
1883
921
61
2137
576
66
1293
1673
366
2053
1904
1229
1941
834
959
2570
1259
2573
1984
1736
643
238
922
1162
1249
1768
251
1549
537
1083
1810
890
2215
1037
850
2513
2280
475
423
2297
1739
1091
573
1504
164
1634
2824
2187
309
351
787
1197
2305
1503
51
1530
269
1844
2794
2847
2691
2363
2147
1969
804
2803
883
2872
948
826
313
1522
852
595
2146
1384
2877
1279
2509
183
1992
333
1268
1058
2537
2056
367
359
863
1656
2311
1260
106
2655
2795
1909
2584
113
928
2713
993
1190
368
544
1610
1446
2895
2701
1923
2301
2191
513
156
1377
639
1300
1658
2377
205
2163
2831
2315
823
1264
708
2329
398
2360
2800
730
1557
16
432
484
55
750
761
1325
999
2890
370
2530
2901
2864
1716
153
2658
1964
1448
2339
1085
414
1019
621
371
1914
1361
2744
112
1524
553
502
501
2162
172
893
2074
40
1216
2408
1246
355
2806
2706
805
162
626
325
2178
1007
399
886
291
1609
802
1507
2809
49
2001
2005
944
1576
2364
550
1327
1817
1924
833
2216
2690
2882
1662
542
1015
255
9
2159
629
2285
232
1106
1034
29
2842
1711
829
239
2293
2645
2209
1217
2572
2343
2086
597
818
1336
1349
1270
388
1802
246
1614
1760
2368
2294
2617
1605
105
609
1143
1666
1374
431
1291
392
245
2312
2649
2928
1538
1694
1799
2772
2077
379
114
2724
1322
103
1403
415
1108
748
1220
1068
1601
1338
1653
1371
2206
668
2283
2084
2126
1832
1364
425
1588
785
591
2091
2750
215
13
2519
1989
304
837
1115
1954
729
2252
2857
119
1888
2094
1021
1066
496
1274
1727
2688
2843
2242
888
108
579
656
1492
2205
2076
1328
2616
1208
945
1046
2780
1684
342
1745
793
1846
2317
2176
637
1965
2219
844
356
2938
1419
699
1107
2840
628
2923
765
2834
1836
1431
1767
2103
1136
2476
2533
2828
2720
2167
2559
2261
1804
394
866
812
397
1789
305
2211
2213
2686
2406
1454
150
1668
1447
1985
361
1803
2630
12
2186
2116
2754
517
1742
249
1138
2450
1505
2238
1014
784
1318
1062
343
1258
2057
1346
178
1093
2665
41
641
2705
685
2892
1310
407
2579
1253
1778
736
60
917
1005
1544
1671
2486
877
1517
1872
1382
1809
230
2462
1304
1413
1606
878
487
2915
1487
551
2023
2109
2610
1122
2510
2070
578
563
725
2545
2615
2580
2488
1938
235
189
223
1737
1839
1442
710
1652
362
2569
2885
2347
968
434
1166
1681
1276
1734
471
2128
994
303
2275
2684
1223
179
169
1515
2068
1973
1642
1700
2028
1389
2781
225
209
1597
2112
1399
2723
2165
2231
2726
1065
762
2299
294
1710
1104
1581
2268
381
2441
1438
939
344
2029
492
365
2738
2117
2202
1163
2253
1159
1460
1629
104
2784
727
2941
835
2467
1988
1114
565
1120
2196
1638
37
125
1228
1821
2069
1669
126
1878
2702
1600
1288
2718
280
1215
1857
1979
1368
2003
1398
120
1959
583
1792
2865
1415
521
832
979
242
1974
128
996
2891
1514
31
1306
2200
122
2899
369
2550
1692
167
2025
438
1140
2160
2182
774
35
1916
1292
2175
2008
2384
1783
1805
1806
1907
2528
2820
410
1297
2867
2812
2719
2367
409
2714
1383
2483
796
135
1149
2591
1213
1880
1281
1380
1641
831
2628
2183
1467
448
876
2861
1939
510
548
261
1580
2119
1639
363
2154
1972
2482
1471
1660
552
2597
2180
632
2618
1002
2886
2939
1030
1312
450
1649
1206
1833
419
1315
780
2374
1400
2900
1667
1771
1611
302
1404
645
1294
384
1150
81
1866
2151
479
942
2188
633
1646
89
1020
977
598
741
2155
1100
887
1977
1024
849
1528
956
1558
2627
129
1158
630
435
1901
2889
2279
499
694
259
1590
1626
2710
913
2102
1266
1535
1856
486
533
1820
2524
873
1887
85
1323
1335
1934
2336
373
1365
2478
930
2878
732
2792
1443
377
634
767
1165
672
1144
1148
2732
1155
1879
1214
2144
2883
763
1366
2563
1490
559
1263
1430
1623
1139
1842
2269
1038
2692
1539
1407
1929
386
1862
1277
1940
2909
1073
691
838
1057
1027
751
899
1241
1554
973
1571
2111
902
1769
1743
1009
1801
746
222
459
2926
75
474
1234
2045
731
1337
599
462
2810
715
1026
2330
813
2598
1497
2554
782
2532
1603
1421
1201
1321
413
2484
2767
2689
2170
2026
2108
1476
614
295
2344
226
2507
228
1967
1999
2668
2018
2346
2753
2773
1756
2586
1134
2138
1908
2043
2386
969
396
897
1081
491
2172
830
795
2331
1733
2850
2063
1791
801
212
2897
375
1237
941
1561
2372
2479
2709
619
46
2270
1357
1956
2703
2169
152
2345
2397
546
96
742
458
931
1704
141
1092
2258
457
907
1593
1063
975
916
674
2435
2148
1995
2340
470
1782
1055
1753
2766
408
2669
2396
332
698
1578
2765
1796
2756
2341
2393
1039
2055
2390
218
1672
2351
2358
2804
608
1056
2932
328
1193
2234
527
702
1269
42
2676
275
2661
1238
472
1548
950
2802
2757
422
22
2313
2742
1709
2933
442
323
94
940
2913
2335
320
978
2041
515
1726
200
744
2531
2379
1559
1647
587
1435
250
1450
2204
1087
2594
734
1192
2228
2260
1819
1608
1913
1232
779
2130
2246
2876
1830
2353
2835
1617
117
36
2797
1829
481
2288
380
2065
1990
2583
1540
288
2278
2625
752
1008
1691
2832
1381
2783
401
848
111
372
2113
2816
2747
1595
2257
518
2801
336
1080
186
1931
706
428
2284
1903
960
2262
854
354
2755
1835
2292
2774
1573
990
2493
1180
1762
297
2158
593
1896
1130
187
68
1502
2265
263
1267
2399
2919
1960
1643
1922
1790
1370
1247
196
1230
1785
1616
2826
970
2054
1831
2419
2777
2543
296
1853
749
682
2291
2916
2609
2314
2082
1987
1451
2623
1978
2436
341
1031
794
1284
2708
2739
1423
1882
50
1758
1414
842
1393
2622
1000
891
2626
2556
2468
1527
1818
84
1560
2574
338
1906
1564
992
2496
1060
2782
1717
2400
2096
988
2567
1518
1958
2040
1633
1036
1533
1677
353
2135
1334
83
2382
926
2078
1876
1594
274
2455
2807
1433
1003
1257
2647
721
947
2852
1748
466
2546
2245
44
2785
79
429
2157
2672
1925
2817
588
2348
1348
2337
2404
2097
861
1054
1444
646
1935
1867
170
1682
770
436
1563
1868
1012
1932
2030
697
181
1010
1628
2560
647
1235
1994
2671
430
2127
1881
1418
1275
1747
616
140
2035
1314
1513
221
509
1369
958
1683
2139
2844
2555
1272
2564
1951
91
2217
2735
651
1627
2010
638
1689
2414
1919
2745
743
2762
2230
1079
659
806
1537
1998
173
1023
2349
2418
2606
1488
2823
1687
2233
54
1069
322
1202
1845
934
236
825
2839
2449
570
1547
1598
2611
881
216
2551
2350
433
2031
406
72
2636
2576
389
2888
869
1040
1997
1045
1714
1911
689
1434
1313
2174
1474
62
211
2502
1396
1591
1052
1032
2869
2208
2431
2637
2499
506
1637
1167
2388
1486
2247
2498
915
2541
237
2114
2189
1531
2659
908
2614
2381
1516
1332
1392
1952
839
1950
300
919
809
58
498
100
989
82
594
2722
2453
2417
2697
769
2512
2768
856
1635
1546
757
545
520
1256
2759
1550
2862
1302
195
2046
2741
2577
1697
2290
1303
2881
1043
2471
676
530
773
2908
2398
2931
686
605
1625
2203
1690
1470
2304
25
2469
2000
477
870
1041
898
972
1596
165
132
824
1552
2789
2446
2473
952
67
2602
1145
2422
756
268
875
1422
816
1826
2323
519
903
2378
2226
1240
1532
1599
157
845
1661
2492
1278
69
142
53
582
1612
2527
52
707
1326
2457
2557
2009
1245
2894
47
2921
2758
217
1837
1774
319
1018
137
2764
308
2300
2769
1401
2485
1636
2681
2749
985
2087
1915
1757
1109
482
2607
2503
1680
1664
2599
231
2433
617
1420
868
2841
927
564
307
1519
1459
203
717
935
2318
360
1902
1861
2447
971
2896
1210
2430
133
1780
962
929
2736
1632
271
1754
2660
2779
1355
2006
2156
1582
2185
1624
2081
1317
1688
2037
1111
2575
2259
1555
860
2517
2884
847
951
1131
382
441
437
1379
158
2475
451
1712
1895
247
1022
1354
1262
516
604
1604
1620
2428
1212
3
204
115
2409
1244
904
1912
584
1986
136
740
2666
1873
503
93
2619
786
1185
1095
1483
1479
2642
693
1172
1640
610
679
1373
543
1017
334
1794
2071
2357
2356
819
2412
1678
2240
2445
673
720
2021
2325
2859
1426
1510
1621
2413
1572
493
713
680
1183
901
1718
2621
2540
2058
1865
1822
2535
981
2905
596
483
642
684
867
2582
1427
949
696
1194
2149
1693
254
1618
102
650
1099
2813
1117
574
772
1211
404
241
1254
1529
19
391
2267
2375
2604
2863
880
1615
1894
525
1330
2079
964
2712
2024
1408
2489
1921
889
2858
1053
2752
1834
703
349
2121
822
208
2472
327
279
2548
1309
2306
76
2105
473
277
64
2443
2044
2815
2225
665
2818
2272
1781
2411
531
213
1340
1221
2578
1224
532
1436
677
278
1376
265
1477
109
2303
1222
1493
764
827
1897
270
1723
1329
2601
622
2547
7
2100
2480
1175
1142
2624
1659
1094
1607
895
1889
2249
1070
1824
14
1725
2730
505
98
416
329
378
446
1893
1161
2459
10
1298
1113
2090
1715
658
896
2052
1127
400
2432
1126
2522
1851
620
185
991
180
2308
1455
687
131
1962
953
260
1788
1943
2237
636
618
321
1730
2837
285
1375
1307
719
2793
2133
1432
2197
1877
1439
227
753
452
1536
1679
2184
2255
2854
45
2322
1976
2361
1453
558
2019
526
1777
2380
654
2638
1096
1362
640
1271
2538
571
144
728
2434
1457
1195
2542
1971
424
1243
1875
2592
1101
159
524
2590
2440
1128
1583
1579
476
2101
933
447
289
2643
348
2266
160
2725
1466
107
1464
461
1763
1936
339
671
1242
2790
2798
39
2868
1409
1602
264
65
488
1343
97
2171
1993
1076
1225
1367
1708
199
1665
1
2516
455
1685
2529
2848
754
514
567
652
2389
1074
2421
1363
143
1764
2879
417
1463
690
1772
1698
1738
504
1147
191
2761
2906
2415
2539
937
2452
2613
983
2845
2201
1751
1496
792
1084
2500
1405
2678
234
324
2786
257
1886
1001
2860
2239
2032
1416
1061
494
1565
2302
244
562
2677
1980
1236
48
737
1542
733
843
2743
403
2153
2296
1064
444
2387
2595
821
700
90
1874
799
2497
1869
1498
1406
1296
2518
1864
2641
1890
820
2273
2190
256
932
1996
2022
923
648
1445
2605
1568
2307
879
2371
2316
1391
364
2646
695
2937
2321
262
855
1011
390
2424
2466
1468
1847
2729
547
667
649
1722
1749
2526
1501
522
1067
1174
2048
357
1815
2523
2177
2477
1746
149
914
2650
2561
568
2694
2402
1287
387
905
2734
1770
345
2648
478
2603
2544
469
657
59
1663
2934
1372
759
2401
2129
2463
1586
612
490
1059
1813
1702
1928
1290
2407
613
163
2505
352
1187
2925
2243
2827
1078
385
1360
2924
1945
445
116
2241
2376
2016
2656
1153
1289
872
534
1944
2917
2870
56
2104
569
2651
2825
2639
2596
2194
1706
592
1654
1478
2536
2733
2830
326
395
2061
2871
954
1378
1926
1428
495
2454
2504
1855
967
1151
859
1473
1295
1472
2936
317
2770
1585
1508
2326
1899
1308
402
2514
2675
918
2855
21
2173
984
292
1204
1345
1670
1520
1732
272
1116
555
2332
1840
1545
2918
43
1189
766
675
1156
2099
957
335
2289
2565
2920
1787
2250
2352
1412
1324
1695
1319
2474
924
655
2383
1090
1779
2088
1157
2051
1494
1199
1347
2693
2059
310
6
1239
2212
17
1125
1344
2007
590
1035
2558
2695
2423
71
781
2461
2320
2593
670
337
1044
2898
229
70
1752
2298
2487
1917
2136
2354
1119
1541
99
2849
124
2562
747
2515
836
1741
145
1133
2506
1282
147
314
2195
489
1676
1331
1526
1071
1132
2685
2771
511
2324
1859
2451
1631
963
1933
2552
1196
2385
2904
2704
411
2763
2922
34
350
566
2796
1589
202
701
1359
1728
1755
1630
190
2600
283
2072
2403
1713
2033
2223
426
575
201
1082
1622
2448
2819
1417
1891
1800
1955
2232
909
1077
1871
2093
2359
1184
2808
2663
692
2429
1562
330
788
1645
1105
134
315
1169
882
311
1957
412
1394
1569
2333
705
2581
161
2036
662
1584
1918
811
2141
420
1265
539
871
1740
976
456
775
118
2495
1551
1731
28
911
1807
2222
807
712
1186
789
77
1311
1226
1793
1441
38
2229
1482
2370
1982
2027
2437
2
2698
1110
1703
2013
797
1884
1849
1509
2362
214
1812
1506
1135
2929
74
2218
906
1797
2264
1892
2912
2788
2369
2168
846
1320
1123
1397
1261
2089
1341
1424
243
299
2458
2520
346
790
2438
995
1949
358
2251
760
2271
2549
723
453
2110
2287
1205
290
1286
2179
1648
155
1968
2805
2456
1675
2066
2391
982
1203
738
2664
2248
2620
1386
2836
874
248
2683
1729
2442
182
2282
1860
2910
1411
2662
27
1285
2310
603
210
864
139
1930
2034
1048
589
1358
1029
233
1566
2420
724
2893
2568
2143
1963
2644
974
2525
2902
2392
73
1966
276
2776
1795
2166
2465
468
1121
2737
2682
2286
1798
997
660
1252
1776
2716
1655
2814
306
2020
1168
1961
2652
1848
523
1333
943
485
1719
1047
2717
538
1707
331
1484
2856
2490
500
2740
1456
1724
2851
2439
1852
2004
148
810
2748
2140
644
1025
2696
625
1870
1975
2911
1233
2679
393
1575
1440
2038
2064
1390
2846
1863
1160
2274
2632
2914
312
1499
224
556
936
1452
2731
2727
1495
2277
1946
460
2085
853
138
1744
2366
151
1207
2640
1350
1353
2192
2131
1481
2083
851
535
2585
284
5
1613
1042
2589
606
1823
600
2721
624
176
1016
1491
2015
23
2633
206
1461
2464
735
2873
110
1828
884
454
2674
24
1028
2416
557
405
1437
2014
2778
2042
2460
1983
2715
2224
2373
1947
1900
197
2342
2588
2612
681
1164
709
1465
507
1033
920
1841
1051
910
2654
1449
2760
1112
2587
635
2276
623
4
464
798
2039
92
1574
1280
2181
776
2635
282
463
611
1231
87
965
602
130
726

