396
2135
1155
176
1502
2585
2835
2152
2443
1816
1602
1382
545
400
556
1793
899
2339
1069
2156
1369
776
2008
2134
1646
2604
1855
601
853
1366
3
617
2509
2338
1718
2459
1307
2359
446
2549
1872
1531
2798
661
119
713
2504
456
1980
2479
2733
2740
2931
507
702
1127
2235
149
2934
1974
1721
1778
1891
768
2087
60
208
2858
1651
971
1787
1101
254
1468
2552
2047
812
36
1436
847
2343
966
2794
2791
2625
318
718
2583
2797
1039
1203
1454
509
1530
1422
2180
162
1192
1831
1379
625
648
2780
1920
665
2103
686
172
2330
1021
2688
2661
1439
997
903
246
544
1283
1174
717
2888
1485
490
1939
1396
950
158
2364
161
646
2451
1811
1862
1146
2558
2353
351
1378
319
2488
1964
2224
1484
854
2516
1848
1894
780
408
2579
339
785
302
2107
1561
1175
1258
53
1692
916
2345
1202
2409
1655
991
2607
797
1486
1883
598
2002
94
675
124
1539
1495
222
2766
1167
1352
77
2900
2036
2527
1035
2035
2476
1652
602
1714
552
1731
972
420
900
737
1465
714
2342
2576
893
1071
2697
976
110
165
287
2139
1904
1958
2904
1693
1751
813
1746
1414
2495
2005
2064
255
620
779
1055
2895
1272
1504
1170
753
2506
1483
1231
803
2490
492
2772
2674
407
2366
2193
1413
2728
2599
691
518
1343
1143
343
206
1653
760
1450
175
1824
935
2275
194
1178
1887
1219
934
830
1648
2559
2732
1893
531
839
464
2540
1881
2142
1476
2522
1838
2420
1636
1297
65
2872
810
2121
706
1470
1041
2309
2573
2665
1376
1683
2712
897
2851
2282
1284
410
1959
1287
1668
567
2341
2314
1512
2658
2774
288
1193
1536
778
1471
393
1196
2693
79
2082
554
2346
1749
860
1045
2160
1601
632
230
2598
2259
2190
2742
145
2293
2643
1062
756
15
2714
1850
2784
1423
2463
1340
225
2084
2561
1842
2471
1393
2729
2857
1321
1373
1273
2841
841
1191
1701
2571
2727
1278
454
249
927
939
245
2114
940
2682
2296
1220
2494
2536
1822
2855
1317
993
759
1109
834
1614
1064
34
2129
1402
445
2115
522
607
205
2555
1703
147
2586
219
81
2707
325
185
558
413
2660
301
1540
571
204
594
1338
2210
212
2679
1963
416
1953
2051
911
2111
2722
2334
1736
1875
2048
1114
1271
1724
1758
2130
758
1267
842
1505
1991
1629
1488
1662
1681
207
1550
2154
2892
1972
1945
2899
1017
1061
2377
2544
282
388
1913
1399
1390
2335
2408
1125
69
243
519
807
1135
191
1308
2590
296
1487
355
1526
95
499
1295
440
242
1216
825
2681
270
2580
2564
2189
680
1328
1975
67
2905
1460
2910
451
593
502
2616
2012
2551
2037
447
892
321
969
1546
503
1549
2653
1108
553
2596
1463
1105
1760
1420
1993
1003
1679
1290
2195
1474
2601
835
1085
1104
2328
80
2938
404
2336
1023
2642
1256
1281
2800
1620
1680
2233
143
1230
1950
2326
2823
1313
656
2238
49
2435
1854
33
524
1113
638
491
2779
1880
2028
452
1002
1635
1432
258
725
1970
1709
2809
1442
583
2332
2619
2357
1312
1705
2267
2486
1469
1807
2750
1671
115
2781
673
1572
334
1971
1856
597
271
353
2079
480
720
1545
2730
692
1675
1438
2626
1865
1863
2140
2866
431
2686
86
2645
1511
1121
233
1093
1819
2917
1451
389
152
861
1523
1565
2528
2921
1443
2333
177
909
170
1534
460
2088
2556
74
1053
575
2146
822
636
904
253
2203
688
1445
1024
763
574
1060
2369
292
2164
285
1734
704
1477
775
1925
118
2308
144
19
91
29
1507
2829
1847
58
436
2932
1115
1303
2419
2592
1726
2856
2204
1616
1365
2284
2569
639
983
978
1068
2276
37
2428
880
1142
1715
1043
2361
1183
852
2228
2070
634
2444
2472
2548
1889
1342
679
2208
1048
50
1265
2859
977
2757
1568
1591
18
2131
924
105
192
550
2807
931
2487
2609
2126
8
1890
1814
1983
1914
1201
2000
71
1076
2521
56
405
1739
1813
1012
1762
1383
1996
1079
1594
1868
211
920
1878
669
381
2756
2652
833
744
1375
992
131
2323
1617
323
2584
1282
2031
1676
666
1585
730
423
1576
241
2242
1388
588
568
697
1500
796
97
126
1823
66
2169
125
1537
1898
2123
1962
828
1385
1630
412
968
1707
2672
2748
2155
2168
749
1722
644
2268
140
1083
1131
2455
117
357
2117
379
135
2093
2547
2470
1262
428
1860
2025
1326
1473
657
2868
1323
1081
561
1882
747
1300
536
251
92
2096
1496
1788
1766
1888
150
2593
1117
2497
1234
497
1978
220
844
1157
2307
2213
2065
2004
1305
956
600
367
166
266
54
361
581
1164
231
726
962
2295
937
1781
2717
1291
1254
1753
1412
2792
2507
1582
1348
2127
1934
178
2125
2485
2673
2908
975
895
1197
2221
2266
2854
1363
2638
1299
214
1257
1599
2373
2452
2397
923
25
210
650
1519
100
1765
305
1147
1260
1905
1324
24
523
1099
373
216
2846
2446
306
682
790
2263
537
2133
1600
2804
250
2241
1218
477
2143
2299
83
2923
2176
1936
913
2631
1907
952
2500
1501
798
1503
1700
275
2669
873
2052
641
2878
108
1818
514
817
1820
1293
1123
322
1562
970
1592
932
1661
17
2046
2508
425
189
1368
1694
2786
2391
579
1510
1456
1644
63
533
173
2499
752
2441
2554
2662
1563
2641
1982
1492
1581
468
2055
1696
2424
167
2109
2884
1595
2926
2894
397
513
1455
55
75
2230
1387
925
2570
611
1969
2128
2473
2880
1332
708
891
1058
2659
2165
273
493
244
1571
2120
1990
123
1007
437
2158
742
967
1054
442
1405
20
1673
2731
2185
1558
278
2280
114
472
818
777
1398
2313
627
2322
946
2746
2620
1415
856
1605
481
2162
2777
136
2903
2671
2009
2034
2711
961
2075
1836
1346
2600
2475
1187
889
2329
1761
1607
291
1416
2399
1133
949
2877
1776
653
1670
824
1772
1111
1864
2909
2483
1327
2394
1918
1082
1603
2038
146
789
2072
1547
2545
2157
1979
1090
1032
1532
1211
459
1158
2227
694
2283
1575
566
1479
1065
592
341
2253
2001
938
1239
1049
1573
1118
2393
1839
1682
1354
1896
827
2324
882
1337
774
2538
274
2089
2882
1774
1165
2744
1873
1708
2925
542
1359
1475
1984
994
2874
1156
2466
462
2220
2174
2086
252
1251
1430
1089
2112
157
943
1917
2911
1552
2187
864
320
1763
1733
1955
1771
2640
695
1544
1427
2526
1997
215
474
1122
2167
1311
687
359
906
2062
26
1491
1941
610
2321
959
973
2442
2159
2074
1194
1319
2637
1275
2667
1372
1845
2826
209
2764
793
1280
2395
38
85
2687
1769
2279
1998
2743
422
2306
1268
2149
2849
363
1750
1315
1185
2368
2842
863
2236
101
348
226
2700
392
2505
1828
1508
2264
324
2654
2762
1333
2413
859
1269
1274
154
1461
2808
2057
769
2612
132
1817
395
2701
887
1720
368
1320
1464
2572
2902
2251
1528
957
426
45
1615
2387
2734
1149
526
1050
1691
2184
76
511
104
2317
2941
44
1264
93
2258
2367
2289
712
1669
2192
2124
479
1207
1361
160
2170
1786
443
2718
217
2026
1094
2460
1289
2627
2783
2439
838
1985
1775
2316
338
59
2197
2178
1335
819
2670
2426
1895
2646
2514
2862
1336
2211
106
449
2029
2013
1429
2027
1042
9
1587
599
294
2830
390
2775
1604
458
1608
2434
1524
1208
2337
1689
761
2458
2356
1249
129
2529
61
2761
2108
1116
616
1967
1809
2050
2696
723
877
102
187
2632
2099
398
1663
1513
1153
1426
7
869
2216
1030
2091
2891
1621
989
1404
2850
2448
39
884
2254
2056
2349
868
2179
1238
40
2122
1380
1912
907
1583
2822
2531
142
1347
2587
1107
234
2304
1176
2468
2173
2864
267
1103
1961
2320
2608
1908
298
2232
47
1783
1643
134
1446
2405
1066
2352
866
2890
2011
917
1240
2940
1204
746
2104
2440
1367
1832
450
615
885
293
2869
352
637
739
1266
432
623
2870
1009
703
945
2018
2915
2085
1527
1056
2257
2907
2844
1560
2247
2292
2749
2930
808
327
1221
1224
2680
340
377
1877
677
2215
2560
629
1937
1189
2100
2771
1509
1649
2024
2076
2790
2273
2389
2281
184
1072
2438
1988
2447
1248
2288
504
1091
2927
1886
2310
1578
2200
2063
2033
2836
988
2219
1172
2512
1190
1371
394
1001
2773
2883
1849
1553
1350
2303
2101
782
107
595
643
269
2069
279
1674
1437
2098
202
1627
709
875
1400
1884
1339
757
1611
735
2464
2022
2007
1522
1870
1206
311
2493
1728
1686
1255
1931
1259
200
2302
672
2924
1063
121
2474
1690
1551
2699
2568
2737
350
1301
2218
2449
304
84
374
2591
476
127
345
990
527
2713
2355
1235
2066
113
1989
403
874
1954
418
1677
605
1362
1666
312
2828
116
2918
2410
2656
1924
555
1951
2825
2801
919
281
2255
434
2325
2709
2839
1242
2534
1866
2541
1812
806
663
547
2577
2245
729
1227
2566
193
1637
2603
1906
1745
1940
631
2617
1987
455
1727
2181
496
508
1418
619
2068
148
68
1310
1570
1782
1743
73
2782
2351
1567
2517
587
2305
308
2675
1298
1029
2416
31
836
1444
517
804
1497
2272
832
1827
1188
1351
736
1976
876
1885
901
1768
2138
878
1441
606
1555
2234
2692
2613
14
915
2724
640
1092
727
1956
2239
331
2758
1764
870
525
163
879
2171
1028
1853
2431
1403
1462
364
2498
1100
2256
365
1232
2520
954
1659
2150
120
2379
1296
2225
2848
1656
1128
529
2684
227
411
366
1928
1794
590
1199
2457
1785
1916
1947
88
505
2406
772
1316
1932
1370
1737
1803
2212
1070
1020
1779
1482
2735
2535
2685
2020
1499
2769
2575
1748
1124
2821
2820
1241
2622
1717
0
2078
1334
1586
109
1364
2151
48
30
399
1084
1678
698
1377
791
1923
1357
1138
2249
2360
1046
1314
942
2519
2226
1606
2922
683
1685
1171
1160
2879
2270
2260
982
2042
314
130
2721
2644
1449
1137
2403
941
1331
1837
815
1577
1639
2456
2094
182
52
197
2119
1927
674
283
414
546
1986
2799
1633
1755
2837
1047
1919
944
2867
2635
2287
1826
2240
1520
435
1136
2611
2481
1132
534
2565
2811
2363
896
1252
1225
2327
1966
300
1408
262
2382
2053
898
2077
2044
1738
469
1236
1406
576
2102
1027
787
1004
2423
622
1447
2843
2840
728
2776
419
2298
2708
562
1777
171
1008
2663
1244
538
1074
1489
289
1704
1139
2515
1087
2824
174
261
1900
1773
792
2683
313
354
743
1322
2269
1356
624
947
2816
664
922
1106
770
438
21
1952
771
2760
2186
1757
402
2271
521
1521
1548
1664
415
1067
1306
501
356
1921
1634
846
218
203
2810
2845
2550
1747
2736
2763
2415
577
2553
333
2690
387
766
2793
1325
1453
2010
1493
2633
141
103
1276
800
2803
2582
539
986
1840
238
1791
2581
1949
2265
1719
2465
236
2301
1833
424
1472
1821
613
585
1110
690
2375
2194
1613
1498
2206
1154
290
1642
541
716
180
2557
1529
2407
1428
2788
1598
1330
1217
1588
295
2630
1095
1973
2311
2666
2933
1846
2650
2893
401
1080
1292
257
2380
1215
1150
1933
696
1006
1624
1198
2501
1879
2533
2261
2199
985
2710
1732
2095
2354
1977
1754
2655
1942
2787
2530
2467
467
2300
621
2832
1533
1638
1597
1564
1628
603
378
1180
2071
2537
2525
2477
671
2865
2939
1695
382
2411
1789
2496
111
376
1209
1005
964
745
448
169
2813
1440
386
2827
2207
303
2402
1358
1938
235
2752
5
784
229
974
1665
2248
1672
133
473
584
794
199
2041
315
1213
1596
1
2014
90
548
980
151
2202
1580
358
2183
2262
1697
28
27
1152
265
344
159
317
1804
1344
1077
483
1541
1667
2205
918
2401
2223
731
2937
2511
2141
2532
1795
1632
1452
1166
573
2628
2695
1618
754
221
2383
1212
466
1277
684
845
1019
2605
4
1179
2214
1559
510
1930
2914
2876
781
996
98
2664
421
557
2061
156
1994
2698
2348
2362
2412
2278
2417
2648
628
1584
2182
1168
1309
750
78
1018
1841
307
1716
667
707
1910
995
349
1140
2861
1897
2461
1223
596
430
2621
1126
2524
1579
286
369
1506
532
1000
1425
926
1711
1871
659
572
1031
1233
470
535
1480
1407
773
936
715
1535
2912
1304
1384
1148
2595
2913
82
2725
512
1243
1395
2374
608
1723
1650
1195
2386
2244
2285
612
910
2691
2578
626
489
948
1684
1434
701
1037
604
2716
1341
1033
1892
2920
549
10
2340
1688
2209
330
2863
2384
1687
2
2040
2543
1129
586
1780
788
699
2860
705
1494
2398
734
72
1401
51
1226
1992
1421
1948
2935
2618
1010
168
122
1647
385
2751
872
1016
2703
506
2006
371
724
1706
530
1515
2049
2450
1946
2106
1730
1874
1411
1250
1902
2936
1025
2059
560
1102
1397
1915
2370
685
444
441
1784
821
2833
2358
1944
2886
195
1034
662
2597
1177
711
1590
328
1261
228
565
1052
1159
198
1756
786
2172
614
689
1857
1741
429
1859
2331
391
1516
2523
1593
883
465
2831
2425
1044
1096
1574
1210
668
1120
2312
2045
35
1901
259
42
2080
1626
811
213
12
370
2873
2897
2770
2372
2350
1799
2432
1086
16
1525
1767
43
1389
332
2818
921
2191
2478
1011
2453
1417
888
337
1392
1263
955
999
1245
1759
87
551
1247
1302
13
783
2462
676
1381
1903
498
2136
2678
2105
487
1490
2118
848
2067
2834
840
2651
2629
1279
1481
2015
2445
1752
1935
559
2132
310
837
2518
2097
1851
1459
1391
237
1353
2217
2378
2639
186
1151
1702
719
1186
1770
372
649
2175
710
802
1566
2720
383
1609
2188
823
829
1861
2422
406
2795
2433
268
1645
2081
2017
1014
2090
2785
543
733
965
2647
609
540
1657
384
589
820
2594
563
647
1554
2237
1073
1040
2715
1790
2177
1205
1801
2376
2277
2802
1968
515
2482
1270
2702
41
2814
658
578
326
2852
457
748
1419
2229
2789
960
1641
2365
1144
2634
2390
2294
2469
1610
1631
831
96
1141
2315
1960
2738
2318
1725
670
2385
2274
89
2759
2887
179
2838
1957
2137
2060
1835
256
849
1184
1699
2436
1318
741
1431
2196
2847
979
164
1424
951
2116
2741
1229
1075
2454
2163
223
342
2003
528
1457
2161
654
297
2726
70
801
1867
1409
1478
99
1712
1858
2480
485
23
981
591
1796
2928
1929
2602
1200
2615
2567
2562
1237
1876
2875
2039
1345
484
2719
2812
645
500
953
2392
930
1394
618
678
2427
2805
263
2347
857
1815
1162
902
1145
963
582
721
1182
1286
2073
137
2400
1589
2929
1517
1130
2297
2563
128
1036
655
1538
2231
2510
2404
751
1710
2542
2023
1435
2145
1660
2201
201
1543
2502
2574
2815
2853
360
64
1999
1797
6
1097
380
1744
1169
933
2019
871
2706
247
2723
633
2796
11
239
635
1059
2243
700
2819
2429
2885
1057
2767
1078
2657
1911
248
914
2753
1909
2030
1844
2668
1556
652
2021
486
1173
564
347
475
478
2250
2043
2286
1698
2484
905
1922
2705
580
190
1015
2113
912
2765
1806
851
280
2588
2676
2778
795
183
1161
1869
1834
453
958
1805
1622
814
1852
2889
2689
329
1518
375
2624
1800
463
2246
2016
660
2677
2768
1051
2371
1013
2381
196
740
767
1829
2418
2344
1433
642
1181
2919
1355
362
2489
276
2032
2414
1134
335
2916
112
681
1374
2319
2092
2166
1625
299
232
1830
2222
1623
2388
2896
1163
2144
1466
1729
224
855
929
908
181
722
886
755
284
1658
1253
2546
2906
1843
1713
346
1410
984
2610
1926
1360
2083
2492
316
1294
2148
2290
1802
439
2754
240
409
865
2704
1798
2745
2153
850
1995
2739
22
1285
2430
2054
1329
1557
826
433
1740
1467
928
799
987
188
2198
1228
1612
1214
858
2817
732
309
2881
1458
32
862
427
867
2503
1542
2806
2694
1640
1222
471
520
2614
57
494
62
1098
516
2901
1349
2421
1810
495
336
1119
1386
2437
461
272
264
738
1112
482
570
630
1038
1808
2291
2539
693
1088
1735
1943
2147
155
1022
1619
2623
765
809
2110
1246
2747
762
569
764
2513
2606
805
153
2871
1981
2898
1654
2636
1569
881
651
894
1899
816
1288
2058
843
277
1825
2649
488
138
1514
2491
1792
260
417
1742
2755
1965
2589
1026
2396
46
998
139
890
1448
2252

