2262
2463
1004
2247
1057
1262
1003
1596
217
1247
2197
1327
1798
2450
811
2626
826
2744
1080
1753
867
1384
713
1997
2255
1645
1464
490
1116
262
1318
1215
1356
284
2455
1749
1161
2476
1417
2464
114
2513
1734
1608
1136
2934
2286
2851
1462
2837
765
210
1042
378
576
1686
1141
1726
2613
2244
2524
1549
74
2078
1207
740
2901
175
1064
1487
2318
2802
1781
2481
170
895
979
476
2687
1610
1870
1073
2930
99
1104
775
2351
2098
2105
157
19
578
718
346
2847
1985
883
580
328
1716
2185
741
2092
2804
1083
724
1466
1971
285
2573
944
2864
1326
1837
913
2580
767
526
1910
728
859
671
2615
291
1616
1441
694
89
2457
1532
2882
2093
2447
1163
1930
2422
390
2451
1976
1938
2631
1631
1241
110
436
1249
2716
1574
2324
1676
808
2570
282
641
1291
1897
186
1079
2701
1675
2709
1059
2593
305
1268
1074
1367
1900
1598
2002
1477
2362
2136
1515
1957
2094
2437
276
1328
2918
2608
171
1613
1086
652
130
1284
70
100
163
2887
1023
581
557
232
2114
1303
1627
2121
884
2567
200
1052
2249
2515
2905
1721
1354
1253
2828
1218
104
1298
2648
2335
615
101
2585
1711
766
1430
2832
2635
1803
1739
2438
638
1178
369
617
1026
2202
1072
2190
660
2063
1672
1018
481
2798
484
2199
2808
118
2906
639
502
774
1840
2281
2219
609
368
2544
1355
1261
2725
1879
2028
2313
2852
2309
1681
1535
1541
2269
1567
516
1927
1444
2198
2860
16
2427
1046
123
1760
176
2439
2869
1192
315
405
1053
1332
2008
782
1189
2698
853
2256
1045
2773
1504
651
1640
2453
791
512
2140
2643
1658
492
373
835
2035
1334
456
1502
1349
306
252
2825
59
2034
420
776
996
1114
2653
2246
1033
793
10
1770
910
809
2547
2818
1646
2381
363
1239
153
975
2312
248
1395
1379
2315
729
325
2241
537
1380
1445
1940
1531
592
2510
976
1884
2531
1700
1016
381
1528
788
759
2205
2137
2628
812
1635
2814
1383
462
755
1056
2846
2266
1843
908
2855
1120
1958
1270
1704
1160
331
552
1556
1470
111
2230
1411
2783
1498
2896
1950
2183
1113
2931
364
2522
296
2884
2173
1935
2622
952
112
2456
1707
1149
1655
18
24
2423
1761
1148
794
742
131
2566
2270
674
2004
824
1358
1848
428
1748
2421
2674
1826
1170
2449
1877
716
82
747
1819
2239
1666
2699
496
864
2070
2466
221
437
2097
748
1443
1486
566
2148
2682
946
1012
2910
2248
1020
1967
1537
2059
956
2282
586
1862
2071
68
71
2179
438
596
957
236
1459
419
1705
361
1338
744
520
229
820
2533
2564
1722
753
1543
1405
1671
137
2210
1932
2221
1378
2171
458
2304
923
2406
446
2089
1710
984
840
1651
2227
173
1070
1373
1000
2233
371
2723
152
2025
1433
151
1219
2019
2857
815
1001
2497
1206
559
1563
1890
2396
2604
2156
961
1091
858
1885
1165
287
896
1294
1176
1186
1926
780
1474
160
448
2224
2188
1607
2146
2831
375
1229
2374
84
2444
388
1153
1242
1841
117
2334
2474
1925
1757
631
1634
2443
886
2595
690
624
1821
278
2052
1638
1989
2683
2003
491
1282
94
762
2527
1386
2711
355
1632
2555
973
2125
58
2728
4
2607
1236
332
12
1987
2409
143
697
125
2787
679
768
1582
517
1376
1339
900
612
2268
23
2298
1233
1304
1878
752
2201
2649
2154
1629
2124
1949
254
2195
333
761
2636
1891
1553
594
2511
2690
711
1131
2760
1435
2685
1158
1461
2111
1305
1499
1939
244
1657
1460
219
2935
2345
720
2629
2665
243
2215
1981
1962
1916
1024
854
2506
239
2448
2016
2242
569
1316
2758
7
465
731
2021
1343
2340
943
190
2911
1587
1209
2485
2494
2200
2637
329
2655
2272
1678
1357
2337
2700
1812
1539
948
1923
1258
1300
191
632
2037
2891
1775
2820
2128
1482
1205
53
1175
2729
702
351
1191
1058
1699
1854
2548
2874
625
2387
757
1647
1540
2885
108
654
395
2033
2578
120
263
403
2605
1899
640
680
538
707
275
2429
2460
2174
142
444
2829
590
46
629
522
1948
1677
1321
374
1956
1123
1110
1834
1551
523
1654
831
962
2732
1309
345
2333
2919
316
1990
670
2767
11
1861
1047
2656
922
1285
781
868
823
2161
662
338
686
1347
2166
2755
26
2550
993
90
1029
1918
1959
2184
2330
441
36
2260
1858
838
1922
2579
2581
2155
980
32
2907
122
2026
78
850
1039
2303
1875
310
2011
2426
2338
1906
1777
2840
1814
764
1475
701
211
1109
1585
2386
279
1226
2122
567
499
2813
1416
1366
1590
2280
1497
2027
1246
511
591
2404
2150
1274
286
2912
1992
2523
40
1368
645
1518
1264
2264
1653
2722
2797
184
1075
1201
2805
1465
2543
2673
2296
2258
888
1917
1911
2135
404
1484
1152
682
1797
2240
616
1404
1829
398
2599
2308
1088
67
1746
8
2830
783
1547
2253
2916
2297
1833
2152
924
2508
2603
1586
2822
553
841
1151
2909
425
2072
251
2903
849
642
2509
148
1857
1542
2080
1481
324
1679
2292
1855
2051
2587
2591
485
2461
2182
318
2790
1978
2107
208
2900
1561
1544
1051
1314
977
941
2730
41
1688
2680
1579
929
2480
174
2232
2668
2076
2596
2000
1140
1594
2858
2415
3
1503
1768
999
970
2672
2301
1727
31
918
201
1595
95
633
52
2839
2537
1371
28
2441
2175
2307
2106
1994
1313
1765
2681
92
2714
1468
726
1548
2050
899
1780
1101
2652
434
972
2369
1559
308
1652
2609
1015
1224
802
1784
505
2897
9
1490
1190
2132
2468
1525
472
1089
2090
1941
165
129
1337
2250
1168
1333
2359
334
42
2434
1712
1754
821
577
1022
2678
1471
2888
1049
1369
745
668
657
2192
2507
579
356
2788
1257
478
570
1248
521
209
2275
1467
547
861
1787
1243
1225
222
2372
495
2042
1342
431
1296
1133
1138
2889
529
1751
2761
227
1222
35
534
1817
2576
2865
1011
881
1564
29
264
1071
619
2812
966
1147
925
681
410
1076
385
188
362
2234
1886
2780
1783
653
1846
1390
1593
47
250
162
1516
220
2329
2373
1592
1005
1155
233
1352
1865
842
1898
1873
1094
1979
489
1908
1804
539
562
847
321
1227
964
2418
335
2618
358
803
274
1106
2491
2001
2317
545
1835
2006
1044
1194
497
1492
1237
989
1795
1576
805
2095
763
857
2462
2546
1810
2126
527
1050
379
451
696
965
2872
655
1719
2893
343
855
1597
2375
479
1455
873
2932
666
2342
226
1682
2009
556
1839
2833
107
2641
626
1656
2112
2843
2873
69
554
1235
2534
647
2824
2355
1162
2394
483
2696
1295
2350
2353
2647
1562
678
2560
1893
259
454
709
1895
195
667
955
2688
546
2766
2477
121
1414
2425
779
2697
958
1406
2084
65
2927
1762
1983
907
837
2391
2261
1438
1534
1667
75
630
2147
1320
1281
1302
1381
2226
1210
1027
1729
2765
994
2087
659
1159
1852
2482
1533
689
2703
1183
392
1251
2398
1311
1424
1428
1611
2568
2702
1818
2186
1802
1880
2096
1602
1447
216
777
541
1860
1315
2400
2557
1689
2821
1888
2582
1500
1506
1831
439
1427
144
1322
601
2412
1407
778
2314
540
2939
1822
1853
959
509
1145
1032
39
951
1794
1370
1216
197
524
1409
2827
800
1139
2731
293
717
2692
1577
2538
1514
1432
2191
942
440
2216
2389
2077
1223
1750
664
265
1937
2053
1633
825
905
2151
2408
1955
2738
2433
949
2410
1374
2380
2017
1809
1412
1353
1924
272
55
1558
2075
931
2238
1426
795
1382
1944
1077
2403
816
1732
2287
421
193
2013
1244
2193
2167
719
2057
530
2060
880
1335
2870
2610
1308
1864
1214
34
2586
832
1743
2204
2365
1103
1125
290
607
1437
928
149
1181
1
575
354
1612
935
2367
1154
253
1953
1920
954
2399
2784
1025
2809
1173
247
1696
1644
2530
684
869
2436
1319
1889
1128
1213
622
2177
269
2388
482
1766
919
271
528
2807
1510
2169
1769
2748
2257
1713
1037
2378
673
1362
1038
614
1496
2617
830
1440
856
133
1570
1636
2922
349
2499
2322
1269
784
154
2276
1796
2876
1449
1095
1694
187
1866
2271
871
2594
1815
1511
2540
1292
787
196
2561
1991
1277
2518
875
699
1452
1961
1554
2590
180
685
845
307
938
2370
1573
902
2892
2904
2101
2498
2010
1650
739
743
164
1806
1273
2115
56
1317
1453
2562
2583
145
2435
1946
2074
6
1942
292
801
1359
1764
1624
2791
2817
889
2754
1665
2411
1623
1272
1099
63
518
1520
2816
2871
2397
574
722
2937
464
480
1491
2651
2646
2600
1530
2640
87
1457
1975
238
715
1397
1299
1061
2823
1902
2862
2572
1792
1725
582
2352
295
2130
442
2794
2796
294
1526
1403
1964
1036
370
1156
1560
963
1763
1266
1589
215
1943
430
477
1588
1980
177
2503
2588
417
799
500
2597
1736
814
452
1995
736
807
51
758
1093
1850
700
2401
1832
1951
2432
205
2445
435
1228
1289
2782
945
213
1211
1856
2390
487
231
1400
493
357
2495
2753
2757
119
2542
2127
2720
1776
1626
182
1591
1901
2739
138
2007
936
712
2630
340
2627
2921
2895
234
968
915
1040
1324
20
1087
921
2384
194
2706
1434
2220
894
2762
150
893
1419
2109
646
116
1648
1388
734
643
693
2366
1708
1695
1283
1202
1735
1807
1144
330
2062
2237
827
1637
1082
2826
513
914
1393
1793
2043
1067
1583
2938
974
1697
1767
1007
2385
2251
1451
1361
1278
934
2
49
2492
2863
1124
1619
1387
2850
416
372
303
1505
2614
519
2751
498
2290
2625
1674
819
1360
2517
2819
73
2104
1845
2746
2772
916
2941
2442
302
2740
1823
2734
2686
411
789
1479
1731
399
1859
106
1472
2849
1185
461
1346
1914
2616
422
2469
401
1035
475
865
1179
548
2245
1060
2552
135
1068
817
2710
2217
2745
299
2659
2347
2039
1119
2695
319
336
677
1568
2601
1805
2859
2044
1410
627
64
2639
1771
33
879
1830
2529
1782
471
2479
2305
930
2718
1664
891
1698
2917
1164
1952
198
2110
1184
2519
289
2671
982
43
367
1290
54
1603
2664
1621
453
1231
2321
2129
1180
2715
320
2414
1737
901
1198
550
50
551
997
2392
1693
109
2933
501
851
2574
1773
1501
1256
245
2346
1220
2325
608
751
1187
2354
1217
66
470
1431
1887
2650
600
1031
2416
2319
2145
2015
1572
2022
2133
2014
1742
1789
1423
514
2405
1097
2559
584
2525
1150
2902
386
2658
365
1929
750
1984
127
1391
1208
939
2274
940
62
25
394
2535
1649
2899
2661
1905
1130
597
45
1512
1963
2924
992
2222
2377
572
2844
1507
903
2854
983
91
926
2749
79
1495
656
1341
460
1454
2283
1836
2645
862
1418
1017
863
661
2592
1521
1174
1728
1345
1396
603
2842
1555
1740
737
760
2880
2327
2563
998
2815
2936
870
1450
2868
833
72
1066
2799
917
1111
2172
1921
620
423
1969
2778
2875
933
1372
503
1255
2521
474
2407
1043
2488
525
2914
146
1509
786
2763
218
606
2623
1584
313
128
705
1204
1600
1882
2349
628
2551
322
1478
2081
1691
96
746
450
644
2940
571
772
1090
2065
2252
721
1998
754
2742
1195
703
1974
2056
312
1172
1364
1188
391
990
2038
1398
140
613
1420
1265
585
1041
214
2376
466
192
2750
1013
2489
1928
2036
2471
2168
1134
1439
2624
443
2691
839
459
1473
1446
2277
2164
447
2775
1828
1523
85
1892
2265
1745
2446
1259
1513
1115
2928
2311
828
406
813
1867
2612
565
785
2679
2068
1385
676
866
2473
37
725
1643
2867
17
2417
327
418
878
1306
1028
1456
2223
288
2163
2323
1401
1394
1230
2144
1171
260
1790
2502
1389
771
1972
852
1169
256
1973
1668
2363
1538
228
2360
1310
2785
2634
169
21
531
2452
382
1996
1723
1557
2139
179
2395
113
2229
1193
1508
1838
2545
2306
2332
1931
1849
2162
2756
2776
756
427
258
2670
366
2291
2777
1422
2108
1048
1166
2834
1275
249
81
2454
2505
2536
1774
181
2733
1122
1758
2795
2759
1325
1909
2769
1660
1669
38
1993
2793
1755
2187
2727
1733
2925
1714
1566
27
1894
1702
738
317
178
2752
1709
1240
536
2719
1662
2225
1779
2741
1267
1872
2662
1604
409
906
2717
2117
1458
432
1157
424
2575
2835
1415
2877
2883
927
2012
2712
2402
1117
337
898
1869
573
798
2554
2149
2073
1485
103
1683
2886
396
2231
589
1399
1105
2768
2102
400
2085
1377
1936
2086
2789
1063
969
2339
1569
1800
2781
846
583
189
2856
2771
1010
1494
995
1788
790
2878
822
561
2288
2206
2120
1146
166
2143
124
1545
1245
2153
2737
2558
1118
1546
168
2358
2644
515
1692
2487
2663
383
1744
1876
1960
2569
13
708
0
2470
2484
2393
468
2565
2005
2023
2029
985
2243
1135
2170
212
669
911
5
2343
1098
2326
890
1014
732
510
1463
1221
1429
1690
1874
2058
558
1107
1234
300
2299
1238
504
309
246
389
2119
1408
2704
183
1421
1550
2926
1738
1271
876
1030
2549
1968
2235
1986
1977
2657
1476
469
2490
563
141
2713
2894
635
1279
1965
2743
473
1605
1904
2263
1772
261
695
2848
342
1260
224
2302
912
1287
311
225
2520
2810
2620
971
199
407
2018
347
2279
1625
2031
2675
2208
2532
1966
1919
494
80
1177
2030
1661
2553
1581
1344
2465
735
2556
1375
2611
463
1622
773
172
1493
2356
1081
202
230
1580
1323
2667
2879
1085
2091
2041
2774
223
267
301
1006
1280
1522
796
2571
1096
1799
2459
413
733
1121
1881
1552
658
426
2786
1842
408
2721
2344
273
2747
1263
98
360
2320
950
2203
2420
1529
352
2676
1703
2194
2866
2196
1331
2430
1142
2500
595
1609
568
2328
2131
555
2138
433
2413
1903
2806
304
2908
920
2300
953
1448
2666
1312
621
1517
872
30
2478
2881
1182
1100
353
2348
1663
2770
602
2236
1851
2055
2069
2419
1680
350
691
2082
1988
429
488
2045
892
2920
1203
2118
2061
549
1340
2621
2180
2923
1084
393
860
60
688
2539
457
2336
1786
637
904
1601
1778
1167
1813
2383
1442
2483
297
535
1527
97
1348
2040
1670
2705
348
1392
2116
1824
1684
2254
897
1488
730
1254
2213
692
960
2158
1730
2382
126
1132
1480
1350
532
1351
44
1907
2176
1034
93
2929
2467
2079
1021
2142
1126
672
1200
2684
1062
377
1620
604
76
1009
987
2165
1578
1615
412
2800
2694
1301
158
2736
1759
2707
598
1137
2633
1701
2841
2642
2475
2293
986
1844
2660
2493
611
1575
2501
1816
455
159
242
2066
1947
1483
587
848
1756
237
544
1912
2845
2134
1054
1286
1197
1685
599
1639
1212
445
634
806
402
283
843
2178
48
102
255
2100
636
1288
706
2368
723
508
1092
1536
649
1599
2273
486
1659
2514
414
2708
770
836
139
1863
2049
2606
206
1402
2099
339
2141
2764
1108
834
1801
2440
1718
2054
1791
2496
359
978
932
1741
543
156
1827
749
1606
2267
683
1436
2803
2047
2214
2689
714
1871
1489
2726
2310
380
2486
947
618
2294
155
542
1724
991
1519
2677
1945
1883
2159
1078
1617
877
988
1055
1999
88
1717
1825
77
1571
2619
387
1196
2284
2528
769
2853
1720
298
376
2516
2861
1112
2361
588
2584
1307
1618
818
1199
797
1250
663
2212
61
844
384
2160
2371
240
1143
1752
1970
1954
1102
2341
1363
15
804
710
1293
2589
1365
136
2357
2024
648
2032
704
341
665
167
1329
277
203
792
2577
727
185
1808
2504
623
2669
1008
981
2898
2458
2472
1933
83
2228
909
2064
2801
533
449
564
270
1715
1913
2048
1069
1982
698
204
1002
397
2654
2103
161
314
2693
882
610
1336
810
507
967
887
560
650
1469
2067
2724
885
1934
2541
2113
2792
2331
829
2364
1129
1687
1019
1232
687
2379
132
1915
344
1785
2838
506
1630
2218
207
323
1297
2181
1330
2811
2779
57
675
874
2211
2157
2526
2836
1642
86
2285
268
14
257
1413
1252
2915
937
134
467
147
105
1641
1628
1276
2020
2638
2289
1820
2431
1811
2913
281
415
1706
1673
235
2088
266
2735
326
2046
2278
1127
1847
280
1868
2602
2207
1565
605
2632
2598
22
2428
2512
2259
2890
1065
1614
1524
1896
2209
2123
593
115
2189
241
2083
2316
2295
2424
1425
1747

