687
2180
1319
1757
1405
2825
2154
637
2431
1621
2768
2941
682
829
2133
97
2906
2191
1578
936
553
1341
1384
1401
158
486
729
2375
2911
21
2278
1125
522
34
266
1653
996
2816
1692
1970
247
489
2176
1931
1188
161
1664
1580
2270
2937
508
2140
2602
2784
567
2384
1109
2562
2671
2426
2056
1989
802
2690
2351
956
772
2097
1626
2446
2247
2366
2433
2716
651
506
1636
2132
1647
2552
874
958
1148
1531
1781
2198
1700
616
2484
2314
782
1800
413
929
134
1206
2618
1
2500
620
2131
1434
1715
1307
872
817
104
2079
1795
2474
1567
2895
2763
1426
2168
1304
628
1819
187
505
1081
245
349
76
2103
1244
644
1684
2871
1145
262
2374
991
453
1946
346
2209
2912
673
2348
276
2060
2936
1124
1470
2542
672
1875
1366
2321
1705
321
2302
886
1333
2126
180
1837
989
1239
289
173
2110
701
2032
1011
1289
410
1407
494
148
1283
2296
2335
359
313
812
254
1103
396
1950
1489
2645
1200
1377
255
2587
127
2747
1308
768
2672
2130
1450
2593
241
287
822
204
2910
2172
705
2443
2748
2514
155
1748
2226
2831
350
1282
976
1633
2885
2899
646
776
2805
1530
48
1174
1595
2492
1926
1456
2370
115
2320
1425
1598
1092
1443
686
384
2167
1386
449
1378
1118
1825
2419
857
1642
444
2262
789
823
942
2560
2586
2834
1984
1896
1793
1560
667
383
1765
545
514
2849
2909
1826
758
1480
403
966
2585
2356
2368
806
843
242
2144
2854
1162
271
2117
738
1573
360
2555
2203
1045
2746
2482
700
2221
7
585
2884
1649
285
1428
1606
2610
528
409
1099
2408
2692
113
744
747
1263
2538
1613
1252
1645
2107
2285
861
2150
858
2812
2039
2445
1993
445
1770
1755
2218
1075
2301
219
1687
765
458
1202
3
2889
2504
2184
618
1184
853
912
1163
851
1300
2382
377
1508
422
973
1982
1359
464
233
1639
1735
1571
1716
559
594
2865
1138
355
2246
1306
2030
837
501
1672
368
1186
1532
1393
1116
650
2019
307
162
1336
394
2635
2888
1427
1063
1685
1047
1995
2457
1628
2842
1133
2405
2451
2873
1354
427
2525
2777
2069
617
2700
2027
358
2406
2783
277
20
2018
2036
2269
727
2239
1733
41
1646
941
2661
1421
513
2255
1225
2337
1201
364
1115
1669
381
879
1106
207
1031
1208
1214
286
441
2207
957
2450
2502
25
1789
1860
225
2127
1854
1453
1940
2265
192
2084
2138
367
542
2475
1725
2806
2708
1038
850
2833
2817
2653
1610
2744
2104
2458
2837
1002
619
61
2682
979
2822
2788
1104
2151
1948
819
1498
118
2614
665
1779
1727
794
160
2147
962
612
40
2317
1551
2306
1374
939
50
246
1111
82
1514
1241
1891
2581
1505
2349
642
1240
1915
632
1022
2569
2373
2583
1466
1884
2516
764
2642
331
57
931
2251
2495
2907
182
591
382
2694
2913
1864
1072
2230
1930
981
1723
706
2478
607
1049
1769
2183
273
724
400
978
595
2468
1534
2290
2142
913
510
656
587
2575
2334
518
2031
1658
1893
1403
64
356
2718
351
1170
1590
2791
796
2062
602
1030
2595
1487
816
1313
370
2155
2014
1835
1731
918
927
921
2082
1529
1522
2401
692
2852
2295
2275
1287
428
531
670
442
1594
2235
1298
1411
2536
201
467
1139
272
584
2541
195
1949
1862
1717
1012
1802
475
295
990
2928
1123
1840
336
328
2721
2021
2660
2381
1248
2313
1367
2023
2605
2169
2902
1583
1697
261
589
281
1861
1301
2604
1543
1589
1422
391
1010
1350
1777
1382
1830
1255
1020
1302
2856
1413
1561
212
793
1822
98
137
91
1023
779
1957
2769
1419
697
288
2439
988
2558
317
2706
784
325
877
153
338
2594
299
2156
636
67
1278
1477
2357
2066
826
852
2807
62
457
2486
583
436
1464
2745
2187
1892
1212
1959
2511
761
590
2029
2540
2739
354
894
1495
303
154
42
1484
2503
1265
2759
309
257
1415
2137
905
1014
2827
375
95
2430
2162
1409
1340
1763
2105
1247
1318
2592
1281
1856
2572
2189
252
1172
949
1155
1461
2512
1131
1784
2703
1144
103
2785
1506
943
315
1161
2182
1535
714
564
867
1728
1938
1833
131
1956
2735
2722
1823
2026
2390
1071
1389
2847
1601
1942
2699
2016
1217
2629
937
1021
1181
2567
2380
898
2389
2838
2326
80
1381
2570
1724
2194
1387
2111
129
596
2836
2717
2855
1326
1087
55
694
1160
1166
1662
2372
787
1545
1420
267
1593
2272
1798
1266
2422
1446
560
71
1180
319
316
2121
432
1694
420
543
2344
1928
348
2634
1152
790
2662
145
1024
785
175
2828
2643
1309
125
2090
2689
1330
1227
2232
1364
2360
2680
693
914
605
1609
1258
2632
2914
1760
2766
2448
2600
970
211
2347
1048
1194
143
1803
2052
293
181
718
2188
695
960
2524
507
1430
1617
2444
641
279
2919
1764
1320
2844
2304
1599
2571
544
2152
1050
519
2236
600
539
133
720
100
2214
1745
741
1844
1220
763
119
896
1362
2771
2929
1902
2830
327
2288
1331
1458
2688
1165
2071
2927
1683
2934
1538
2786
36
832
2316
699
897
1338
2325
2596
599
1232
675
280
928
2767
807
1327
1899
85
342
107
1625
2114
1550
2539
1095
456
2471
643
1541
840
578
910
2345
1730
1065
2411
437
1876
116
37
1624
2012
609
1596
79
1234
151
1831
1436
2028
4
2678
185
93
653
451
2193
1397
1855
296
1952
1868
1873
1090
1521
1794
472
1886
2260
1542
2048
387
2508
721
2608
2157
1788
1612
324
2407
2607
1932
184
911
541
2242
2598
2327
1576
533
1114
1570
2874
924
2858
934
2243
2897
2939
2638
2249
603
629
2681
208
1039
901
1778
1205
1064
1105
2658
2216
2044
538
2597
263
1996
1527
96
2609
459
1142
1933
627
1548
1967
2276
633
2814
2546
1256
1644
1912
1143
353
1654
1029
1804
1406
2009
2185
1762
604
1192
226
2067
169
2416
681
1368
1279
2143
824
2712
1016
1591
2087
2017
2795
2790
2092
2175
434
2710
1058
12
1812
27
2561
2738
399
1459
1469
43
2387
1987
1682
2891
734
74
746
1544
1054
1898
2476
1771
579
2826
1478
213
275
568
1236
1187
1068
1907
1879
1581
572
1726
282
2196
1120
1462
2534
2234
2220
1751
1264
992
1867
2174
1603
2129
1953
482
2300
166
955
2119
569
2707
2684
1708
1207
1546
330
1191
191
1810
679
1402
322
1909
2346
374
2753
668
2312
2787
2631
1033
549
2916
1712
773
708
26
1437
2488
1314
1523
1797
818
190
678
904
509
2530
2727
511
2751
284
1652
2178
561
1986
1257
592
923
2250
2068
663
1699
1965
390
1060
2237
1122
2550
813
2498
2760
1721
2472
1863
1509
805
2467
1238
964
2424
412
393
357
462
2633
2568
1894
1630
2159
2640
2038
1136
171
335
1342
2921
2427
1976
1780
1650
1552
917
2291
1808
1061
312
2310
210
2840
1275
236
2136
1439
2543
2915
2210
56
474
1958
2518
1356
2494
419
750
1520
2464
671
621
2432
1034
1954
1787
495
1291
2367
710
2793
2892
385
2654
950
2404
2305
880
1360
1660
586
139
2815
1635
2435
2819
1277
767
859
726
497
2297
1399
2499
1836
2399
1222
1395
630
2434
389
1493
1991
320
2841
1756
1198
152
1734
199
2656
1119
1729
814
1137
2000
1604
2646
2584
101
866
2215
2091
314
769
2355
1457
1585
2742
2318
2799
658
1680
2436
638
22
846
2452
1821
1791
2734
2206
1615
2824
2293
1656
2691
1582
498
2181
2701
1175
2211
2754
8
1015
178
491
2789
72
536
2872
2490
593
1491
301
2388
1985
2737
2846
1554
1230
1772
66
2725
2506
1176
940
2013
2577
268
690
1496
1009
1983
839
2223
882
1885
2332
1096
1286
1973
2798
935
1720
571
1249
930
2076
1079
2574
709
2870
2882
838
423
2917
1979
1614
2410
947
755
997
717
1690
2085
142
2901
2898
1960
1042
2437
2
1040
2261
1502
614
1435
2352
2283
479
2670
2340
1761
1964
83
2253
2442
1284
2559
183
447
443
2547
386
2579
581
2566
460
424
297
1513
2020
2641
2876
647
1438
1627
112
1888
1611
1404
2563
2925
1629
2867
1713
1465
557
994
2736
407
1035
723
302
1317
1869
1059
993
2676
2421
2685
552
575
1149
2878
2649
1992
502
775
1528
1746
854
2935
749
2625
128
202
1135
1890
1433
417
2576
1805
613
2153
70
1018
961
2591
975
735
2396
1448
521
73
2459
1845
871
1738
574
1335
1676
2403
1110
1339
1504
1889
1796
760
2556
834
283
2770
2307
2292
884
743
974
2714
1296
92
1358
2479
1558
157
512
2663
2241
2311
1467
2394
654
1250
661
2282
836
1094
19
1134
1204
1563
306
869
1553
1193
815
881
845
2054
2675
841
1714
554
798
1841
683
576
2034
1473
1121
2460
1128
546
1373
1067
2835
2385
2330
2668
2627
2776
828
2624
920
2161
517
2782
1070
985
1939
1003
1816
855
305
1536
891
1196
652
440
1905
2565
2731
429
466
2810
2362
1107
2779
1261
402
1008
1768
238
873
2454
1468
220
2331
1865
1853
1507
244
2075
1352
2281
243
1637
2418
411
2875
1074
2829
2523
2441
1577
597
2231
2674
915
1167
548
2286
967
1055
2257
1347
856
1817
2336
2848
2606
1052
1951
2683
534
49
887
1486
2466
1786
1146
209
1132
1056
1820
2781
2773
1025
2548
2333
2244
1475
1918
1195
640
844
2869
1651
310
1782
300
397
1741
2059
2719
715
1706
1004
2369
2578
2088
1564
2647
2050
903
1914
2343
1344
1693
2205
1479
2233
731
2040
577
2761
130
1280
2801
2589
951
2622
1303
1749
1351
1410
792
1140
1334
2449
809
265
1752
972
1698
87
2940
2677
666
842
1210
1452
1584
2762
999
984
45
1173
1517
2164
1661
1518
982
1689
2057
1619
1519
933
237
2192
2359
2470
2564
952
2496
159
2533
24
2263
925
1767
2868
1169
23
1101
492
2501
1112
2877
1913
1349
2724
2339
1674
2280
2551
253
1533
688
1641
63
2933
810
446
932
745
1897
1811
2096
908
2794
655
1223
2922
1977
2652
126
698
1539
179
2623
1516
2201
719
635
372
198
2553
1785
1057
1904
649
2386
2818
664
2473
1758
2590
2453
1348
1460
221
1416
2284
2033
2881
2165
711
1525
1492
1355
2544
1824
754
214
1006
2195
52
1872
570
2850
329
2354
2853
1100
1179
405
2733
65
1084
2222
1750
2732
379
1678
230
2705
1375
1102
308
1013
800
2648
1183
732
674
2780
435
47
1703
1710
2086
1444
791
298
2378
503
2497
704
114
2415
2341
2755
2726
868
1943
414
10
1418
2510
1511
1447
1754
2811
1774
2224
2268
1235
1086
725
1994
343
2041
2803
1655
2037
969
14
2190
2238
234
2120
2651
1392
1556
759
2064
1093
669
416
1357
1297
2526
889
2713
1288
487
2612
136
2509
1540
2711
33
2740
2294
1980
2797
193
2240
269
378
2930
1631
2489
222
1328
2752
1098
1295
926
2003
1372
883
1877
774
2440
2245
1848
2073
196
2573
2134
2139
1482
1846
2212
439
2298
795
2123
1866
2095
2025
1271
893
11
473
959
677
1792
555
1490
2376
450
365
1608
895
2702
2329
164
425
215
2461
2115
461
919
1177
2428
1269
2630
783
2259
395
523
1667
659
278
1620
477
1586
1440
388
1910
206
1215
2887
2513
1623
1213
2469
1701
2109
1702
2171
598
352
2626
1260
2045
1472
1156
986
469
186
608
2402
2729
1117
2146
2061
1085
563
2350
847
2743
1083
362
177
2900
15
1921
2393
144
2808
1388
1274
1925
2225
2903
51
1000
1080
2864
808
2007
582
499
1494
752
634
1370
1323
2517
1709
2303
1827
1270
1806
2477
2353
1622
1383
337
168
624
2666
2200
81
2135
1324
239
1832
2046
2650
1742
1312
1237
2664
392
2704
888
948
120
835
258
1262
2271
770
1874
39
1293
524
1391
1254
1947
1739
625
455
2800
1740
16
418
751
2493
2679
1091
341
2398
111
1157
878
59
2549
977
2932
1185
1643
2273
163
2267
1053
481
965
2728
1329
124
2866
906
1077
500
1268
1638
2145
408
1618
326
292
2049
2463
2274
1429
2414
1961
1818
2750
1968
1842
401
1332
2820
1607
2258
2693
1579
2557
2065
1512
830
216
53
2308
1168
1017
1485
1089
347
485
1924
138
2078
1365
2228
2890
2425
938
2756
2323
2588
1766
1732
2148
2665
176
2309
703
1046
2804
172
639
2926
551
1665
2315
733
1379
1900
1353
2322
702
1272
2328
2741
748
2254
75
2438
892
2122
2116
863
240
1990
2413
2832
2264
797
2580
2089
1463
235
1394
1838
520
2802
2118
766
1325
188
2063
1688
1971
2730
228
2480
1999
380
1814
2720
565
1311
2102
2055
1744
452
2248
998
468
2603
30
454
2527
2099
2149
2698
821
2455
2011
954
2639
2920
848
1681
1963
2657
2199
415
2931
831
69
2521
1978
1922
2904
194
77
259
1343
2619
2377
2617
1028
1385
156
2081
1424
1974
2447
167
2860
1828
1390
740
1871
1962
1616
1547
2644
1066
1549
1178
1916
1285
1069
2465
1041
1322
1555
1380
1051
2395
250
2383
189
2423
1346
995
1722
1276
1363
1895
2006
376
1228
2862
2813
1602
1883
318
1574
1815
2758
2616
68
2774
2522
1400
1882
31
1221
2004
290
231
1677
1575
1878
696
89
1663
1944
1396
2125
849
1937
110
870
2010
685
2883
2015
1126
2277
1224
2483
2796
2077
1975
899
1253
1076
86
1432
2008
1476
2764
558
803
150
1376
32
1648
488
737
1600
777
1483
1807
1935
1273
2035
484
1679
2531
1189
945
2880
2845
1108
1753
2358
344
2186
1659
2361
1182
1197
2673
2043
465
106
18
2715
610
1245
1775
1190
983
2821
99
2809
2696
2857
550
2124
1219
2529
2896
203
1001
1044
117
1321
1640
2024
373
1783
1834
490
742
480
1337
2100
345
463
1423
1211
46
369
1707
431
1209
2879
1566
2851
1451
1226
2179
2924
430
862
1851
366
689
909
1736
1159
713
1043
140
1455
2279
907
1032
1171
2197
722
2535
1695
676
2319
1501
323
1776
1147
2621
833
2098
2615
9
2094
1129
2080
311
6
13
1632
757
2001
218
1936
739
537
1799
1158
2409
2412
1526
1290
1634
229
2765
1510
1588
1605
448
1988
2757
1267
1153
2918
2047
333
2392
1078
174
2173
1216
58
304
1923
2481
1005
406
1082
540
1557
224
1292
864
860
1906
1675
1668
1488
264
827
1829
88
1441
556
170
2202
2420
2601
712
1316
270
875
987
730
2520
2287
0
611
132
1691
421
865
84
562
141
123
1027
1246
1718
2554
2365
1150
1218
1073
2160
2507
1026
2158
2093
1587
1919
1481
2070
953
1565
2905
1903
1850
2894
1981
1471
1445
200
147
1449
371
1696
2128
433
1305
2519
2462
1310
1670
2219
28
1743
968
38
2537
2166
1568
165
2204
483
1870
363
1686
1559
471
2545
1371
530
251
2599
1454
2397
1499
535
1955
1704
660
1858
470
1229
1887
1773
109
29
756
876
728
1908
1474
1813
2886
2861
2893
1997
1673
788
493
2208
580
2923
1847
707
547
1524
478
2379
2022
1849
1711
2582
2620
2042
781
1398
1843
2417
223
2749
2611
426
2005
588
94
1920
648
2792
2859
2528
1007
1417
1562
1203
1941
1097
1299
623
1880
680
2687
1141
1154
1431
601
2637
1164
2051
786
60
1998
1503
2108
2002
606
1657
2342
1917
804
17
2669
1572
771
2112
340
1859
78
890
44
2364
2723
1243
1927
232
1412
256
1369
736
2772
573
149
5
971
2227
529
1345
102
274
1408
2266
2778
2429
2491
361
334
1259
2515
1592
1037
2659
2839
2177
811
516
2485
2141
2229
135
801
2843
2101
2775
1929
662
1801
438
1852
1497
526
1537
615
197
1881
900
2908
2106
1737
780
2289
1294
1361
1500
631
1199
122
496
2213
146
1315
1666
2823
2363
248
1036
1972
121
398
2667
1233
2695
1809
2072
1515
2163
2628
1130
515
1251
657
1759
1719
2709
2636
1839
1934
1901
1242
963
291
2686
527
2655
2299
2613
1857
404
249
1597
980
532
1966
1088
944
1945
2252
1151
1442
2058
626
332
566
825
294
753
922
1113
1019
2456
2338
54
2324
525
716
902
1569
1969
205
684
504
946
476
2487
2217
885
2863
2113
762
90
1062
1231
2391
1414
916
339
2400
1790
2371
2074
105
35
260
1127
2170
622
1911
217
2505
2697
227
2053
2938
778
108
2532
1671
1747
2256
645
820
799
691
2083

