1 0
2 0
3 1
4 0
5 1
6 0
7 1
8 0
9 0
10 0
11 1
12 0
13 0
14 1
15 0
16 0
17 1
18 1
19 0
20 1
21 0
22 1
23 1
24 1
25 1
26 1
27 0
28 1
29 1
30 0
31 1
32 0
33 1
34 1
35 1
36 0
37 1
38 0
39 0
40 0
41 0
42 0
43 1
44 0
45 1
46 0
47 1
48 1
49 1
50 1
51 1
52 0
53 1
54 0
55 0
56 0
57 1
58 1
59 1
60 1
61 0
62 0
63 0
64 0
65 1
66 1
67 1
68 0
69 0
70 0
71 0
72 0
73 0
74 1
75 1
76 1
77 0
78 0
79 1
80 1
81 1
82 1
83 0
84 0
85 0
86 0
87 0
88 1
89 1
90 0
91 0
92 0
93 0
94 0
95 0
96 1
97 0
98 0
99 1
100 1
101 1
102 0
103 1
104 1
105 1
106 1
107 1
108 0
109 0
110 0
111 0
112 0
113 0
114 1
115 0
116 1
117 1
118 0
119 1
120 0
121 1
122 1
123 0
124 1
125 0
126 1
127 1
128 0
129 1
130 1
131 1
132 0
133 1
134 1
135 0
136 1
137 0
138 0
139 1
140 0
141 1
142 1
143 0
144 1
145 1
146 0
147 1
148 0
149 1
150 0
151 1
152 0
153 1
154 1
155 1
156 0
157 0
158 0
159 0
160 0
161 1
162 0
163 0
164 1
165 0
166 0
167 1
168 1
169 0
170 0
171 1
172 0
173 0
174 1
175 1
176 1
177 1
178 1
179 1
180 1
181 0
182 1
183 1
184 1
185 1
186 1
187 1
188 1
189 1
190 1
191 1
192 1
193 0
194 1
195 1
196 1
197 0
198 1
199 0
200 1
201 1
202 1
203 0
204 0
205 1
206 1
207 0
208 1
209 0
210 0
211 1
212 1
213 0
214 1
215 0
216 0
217 0
218 1
219 1
220 1
221 1
222 0
223 1
224 0
225 1
226 0
227 1
228 1
229 1
230 0
231 1
232 1
233 1
234 0
235 0
236 0
237 1
238 0
239 1
240 0
241 1
242 0
243 0
244 1
245 1
246 0
247 1
248 1
249 1
250 1
251 1
252 0
253 0
254 0
255 1
256 0
257 1
258 0
259 0
260 0
261 1
262 1
263 0
264 1
265 0
266 1
267 0
268 1
269 1
270 0
271 0
272 0
273 0
274 1
275 0
276 0
277 0
278 0
279 1
280 0
281 0
282 0
283 0
284 1
285 1
286 1
287 1
288 0
289 0
290 0
291 0
292 0
293 1
294 1
295 0
296 0
297 0
298 1
299 1
300 0
301 0
302 1
303 0
304 1
305 1
306 1
307 0
308 1
309 0
310 0
311 1
312 0
313 0
314 1
315 1
316 0
317 0
318 0
319 0
320 0
321 1
322 0
323 1
324 1
325 0
326 0
327 1
328 1
329 1
330 1
331 1
332 0
333 0
334 1
335 1
336 1
337 1
338 1
339 1
340 1
341 1
342 0
343 1
344 1
345 0
346 0
347 0
348 0
349 0
350 1
351 1
352 1
353 0
354 0
355 0
356 1
357 1
358 1
359 1
360 1
361 0
362 0
363 1
364 0
365 0
366 1
367 0
368 1
369 1
370 0
371 0
372 0
373 1
374 1
375 0
376 1
377 1
378 1
379 1
380 1
381 1
382 0
383 1
384 0
385 1
386 1
387 0
388 1
389 0
390 0
391 0
392 1
393 0
394 0
395 1
396 1
397 0
398 1
399 0
400 0
401 0
402 0
403 0
404 0
405 0
406 0
407 0
408 0
409 1
410 1
411 1
412 1
413 0
414 1
415 0
416 1
417 0
418 0
419 0
420 1
421 0
422 0
423 0
424 1
425 0
426 1
427 1
428 0
429 0
430 0
431 0
432 1
433 0
434 1
435 1
436 0
437 0
438 1
439 0
440 0
441 1
442 0
443 0
444 0
445 1
446 1
447 1
448 1
449 1
450 0
451 1
452 1
453 0
454 1
455 0
456 0
457 0
458 0
459 0
460 0
461 1
462 0
463 0
464 0
465 0
466 1
467 1
468 0
469 0
470 1
471 1
472 0
473 0
474 1
475 1
476 0
477 1
478 0
479 0
480 1
481 0
482 0
483 1
484 1
485 1
486 1
487 1
488 0
489 1
490 1
491 0
492 1
493 1
494 1
495 1
496 1
497 0
498 0
499 1
500 1
501 1
502 1
503 0
504 1
505 1
506 1
507 1
508 0
509 1
510 0
511 1
512 1
513 1
514 1
515 0
516 0
517 0
518 0
519 1
520 0
521 1
522 1
523 1
524 1
525 0
526 1
527 0
528 0
529 1
530 0
531 0
532 1
533 0
534 0
535 0
536 0
537 0
538 0
539 0
540 0
541 0
542 1
543 1
544 1
545 0
546 1
547 0
548 1
549 1
550 1
551 1
552 1
553 1
554 0
555 0
556 0
557 0
558 1
559 1
560 0
561 0
562 0
563 1
564 1
565 1
566 1
567 1
568 1
569 1
570 1
571 0
572 0
573 0
574 0
575 0
576 0
577 0
578 0
579 1
580 0
581 1
582 0
583 0
584 0
585 0
586 1
587 1
588 0
589 0
590 1
591 0
592 1
593 0
594 1
595 1
596 1
597 1
598 1
599 1
600 1
601 1
602 1
603 1
604 1
605 0
606 0
607 0
608 1
609 0
610 0
611 1
612 1
613 1
614 1
615 1
616 0
617 1
618 1
619 1
620 1
621 1
622 1
623 0
624 1
625 0
626 1
627 0
628 1
629 0
630 0
631 0
632 0
633 1
634 0
635 1
636 0
637 1
638 0
639 1
640 0
641 1
642 1
643 0
644 0
645 0
646 1
647 0
648 1
649 0
650 1
651 0
652 0
653 1
654 0
655 1
656 1
657 1
658 1
659 0
660 0
661 1
662 1
663 1
664 1
665 1
666 1
667 1
668 1
669 0
670 1
671 1
672 1
673 1
674 1
675 1
676 0
677 0
678 1
679 1
680 1
681 0
682 1
683 0
684 1
685 1
686 0
687 1
688 1
689 0
690 0
691 1
692 0
693 1
694 0
695 0
696 1
697 0
698 1
699 0
700 1
701 0
702 0
703 1
704 1
705 1
706 1
707 1
708 0
709 0
710 1
711 0
712 1
713 1
714 1
715 1
716 1
717 0
718 1
719 0
720 1
721 1
722 0
723 1
724 0
725 1
726 1
727 0
728 0
729 1
730 1
731 1
732 1
733 0
734 1
735 0
736 0
737 0
738 1
739 1
740 0
741 1
742 1
743 0
744 0
745 1
746 1
747 1
748 0
749 1
750 1
751 1
752 0
753 1
754 1
755 1
756 0
757 1
758 0
759 0
760 0
761 0
762 1
763 1
764 0
765 1
766 1
767 0
768 1
769 1
770 0
771 0
772 1
773 1
774 1
775 0
776 1
777 0
778 1
779 0
780 0
781 1
782 0
783 1
784 1
785 1
786 1
787 1
788 0
789 1
790 0
791 1
792 1
793 0
794 1
795 1
796 1
797 0
798 1
799 1
800 1
801 1
802 0
803 0
804 1
805 1
806 1
807 1
808 1
809 0
810 1
811 0
812 0
813 1
814 0
815 0
816 0
817 0
818 1
819 0
820 1
821 0
822 0
823 0
824 1
825 0
826 0
827 0
828 0
829 1
830 0
831 1
832 1
833 1
834 0
835 0
836 1
837 0
838 0
839 1
840 0
841 1
842 0
843 0
844 0
845 1
846 1
847 1
848 1
849 1
850 1
851 0
852 0
853 0
854 1
855 0
856 1
857 0
858 1
859 1
860 0
861 0
862 1
863 0
864 0
865 0
866 0
867 0
868 0
869 0
870 0
871 1
872 1
873 0
874 1
875 1
876 0
877 1
878 1
879 0
880 1
881 1
882 1
883 0
884 0
885 1
886 1
887 1
888 1
889 1
890 1
891 1
892 1
893 0
894 0
895 0
896 1
897 0
898 1
899 1
900 0
901 1
902 0
903 0
904 1
905 1
906 1
907 1
908 0
909 1
910 1
911 1
912 1
913 1
914 1
915 0
916 0
917 0
918 0
919 1
920 1
921 0
922 1
923 0
924 0
925 0
926 1
927 1
928 1
929 0
930 0
931 1
932 0
933 1
934 0
935 1
936 1
937 0
938 0
939 0
940 1
941 1
942 0
943 0
944 1
945 1
946 1
947 1
948 1
949 0
950 0
951 1
952 1
953 1
954 1
955 0
956 1
957 1
958 1
959 0
960 1
961 1
962 1
963 1
964 1
965 0
966 0
967 0
968 1
969 0
970 1
971 0
972 0
973 0
974 0
975 1
976 1
977 0
978 1
979 1
980 0
981 1
982 0
983 0
984 0
985 1
986 1
987 0
988 0
989 0
990 0
991 1
992 0
993 1
994 0
995 0
996 1
997 1
998 0
999 0
1000 1
1001 0
1002 1
1003 0
1004 1
1005 1
1006 1
1007 0
1008 0
1009 1
1010 0
1011 0
1012 1
1013 0
1014 1
1015 0
1016 0
1017 1
1018 0
1019 1
1020 0
1021 1
1022 0
1023 1
1024 0
1025 1
1026 1
1027 1
1028 0
1029 1
1030 0
1031 1
1032 1
1033 1
1034 0
1035 0
1036 1
1037 1
1038 1
1039 0
1040 0
1041 0
1042 0
1043 1
1044 1
1045 0
1046 0
1047 1
1048 0
1049 0
1050 1
1051 0
1052 1
1053 0
1054 0
1055 0
1056 1
1057 0
1058 0
1059 1
1060 0
1061 1
1062 0
1063 1
1064 0
1065 1
1066 1
1067 0
1068 0
1069 1
1070 1
1071 1
1072 0
1073 1
1074 1
1075 0
1076 1
1077 0
1078 0
1079 0
1080 0
1081 0
1082 0
1083 0
1084 0
1085 1
1086 0
1087 1
1088 1
1089 1
1090 1
1091 1
1092 1
1093 0
1094 0
1095 1
1096 0
1097 0
1098 0
1099 0
1100 0
1101 1
1102 1
1103 1
1104 1
1105 1
1106 0
1107 1
1108 0
1109 0
1110 0
1111 0
1112 0
1113 0
1114 1
1115 1
1116 0
1117 0
1118 0
1119 0
1120 0
1121 0
1122 1
1123 0
1124 0
1125 0
1126 0
1127 0
1128 0
1129 0
1130 0
1131 0
1132 1
1133 0
1134 0
1135 1
1136 1
1137 0
1138 0
1139 1
1140 0
1141 1
1142 0
1143 0
1144 1
1145 1
1146 1
1147 1
1148 0
1149 1
1150 0
1151 1
1152 0
1153 1
1154 1
1155 0
1156 1
1157 0
1158 1
1159 0
1160 1
1161 1
1162 1
1163 1
1164 1
1165 1
1166 0
1167 0
1168 1
1169 1
1170 1
1171 0
1172 1
1173 1
1174 1
1175 0
1176 0
1177 1
1178 1
1179 0
1180 1
1181 0
1182 1
1183 0
1184 1
1185 0
1186 0
1187 0
1188 0
1189 0
1190 0
1191 0
1192 0
1193 0
1194 0
1195 1
1196 0
1197 0
1198 1
1199 1
1200 0
1201 0
1202 0
1203 0
1204 0
1205 1
1206 0
1207 0
1208 0
1209 0
1210 0
1211 1
1212 0
1213 0
1214 0
1215 1
1216 1
1217 1
1218 0
1219 1
1220 0
1221 0
1222 1
1223 0
1224 1
1225 0
1226 0
1227 1
1228 1
1229 1
1230 1
1231 1
1232 0
1233 1
1234 0
1235 0
1236 0
1237 0
1238 0
1239 0
1240 0
1241 0
1242 1
1243 0
1244 1
1245 1
1246 0
1247 1
1248 0
1249 1
1250 0
1251 0
1252 1
1253 0
1254 1
1255 0
1256 0
1257 0
1258 1
1259 1
1260 0
1261 0
1262 1
1263 0
1264 0
1265 0
1266 0
1267 1
1268 1
1269 0
1270 1
1271 1
1272 1
1273 1
1274 0
1275 1
1276 0
1277 1
1278 1
1279 0
1280 0
1281 1
1282 0
1283 1
1284 0
1285 1
1286 0
1287 1
1288 1
1289 1
1290 0
1291 0
1292 1
1293 1
1294 0
1295 0
1296 0
1297 1
1298 0
1299 0
1300 0
1301 1
1302 1
1303 0
1304 0
1305 1
1306 1
1307 1
1308 0
1309 0
1310 0
1311 0
1312 0
1313 0
1314 0
1315 0
1316 0
1317 1
1318 1
1319 0
1320 1
1321 1
1322 1
1323 0
1324 1
1325 1
1326 1
1327 1
1328 0
1329 1
1330 1
1331 0
1332 1
1333 0
1334 1
1335 1
1336 0
1337 0
1338 0
1339 1
1340 0
1341 0
1342 1
1343 0
1344 1
1345 0
1346 1
1347 0
1348 0
1349 0
1350 0
1351 0
1352 0
1353 0
1354 0
1355 0
1356 1
1357 1
1358 0
1359 0
1360 0
1361 0
1362 1
1363 0
1364 1
1365 0
1366 1
1367 0
1368 0
1369 0
1370 1
1371 1
1372 0
1373 1
1374 1
1375 1
1376 0
1377 0
1378 1
1379 1
1380 1
1381 0
1382 0
1383 1
1384 0
1385 1
1386 1
1387 0
1388 1
1389 0
1390 1
1391 1
1392 0
1393 0
1394 1
1395 0
1396 0
1397 1
1398 0
1399 0
1400 1
1401 1
1402 0
1403 1
1404 1
1405 0
1406 0
1407 1
1408 1
1409 0
1410 0
1411 1
1412 0
1413 0
1414 0
1415 0
1416 0
1417 1
1418 0
1419 0
1420 1
1421 0
1422 1
1423 0
1424 1
1425 1
1426 1
1427 1
1428 0
1429 1
1430 1
1431 0
1432 1
1433 1
1434 0
1435 0
1436 0
1437 0
1438 0
1439 0
1440 1
1441 0
1442 0
1443 1
1444 0
1445 1
1446 1
1447 1
1448 0
1449 1
1450 1
1451 0
1452 1
1453 0
1454 1
1455 0
1456 0
1457 0
1458 1
1459 0
1460 0
1461 0
1462 0
1463 0
1464 1
1465 0
1466 0
1467 0
1468 0
1469 0
1470 1
1471 1
