1 0
2 0
3 0
4 1
5 1
6 0
7 1
8 0
9 0
10 1
11 0
12 0
13 1
14 0
15 1
16 0
17 1
18 0
19 1
20 0
21 0
22 1
23 1
24 1
25 0
26 1
27 0
28 1
29 1
30 0
31 1
32 0
33 0
34 0
35 1
36 0
37 0
38 1
39 0
40 1
41 1
42 1
43 1
44 1
45 1
46 0
47 0
48 1
49 0
50 0
51 1
52 0
53 1
54 0
55 1
56 0
57 1
58 0
59 1
60 0
61 1
62 1
63 0
64 1
65 0
66 1
67 0
68 0
69 1
70 1
71 0
72 1
73 1
74 1
75 1
76 0
77 1
78 0
79 1
80 0
81 1
82 0
83 1
84 0
85 1
86 0
87 1
88 0
89 1
90 1
91 0
92 1
93 0
94 1
95 0
96 1
97 1
98 1
99 1
100 0
101 1
102 0
103 1
104 0
105 1
106 1
107 1
108 0
109 1
110 1
111 1
112 1
113 1
114 1
115 0
116 1
117 1
118 0
119 1
120 0
121 0
122 1
123 0
124 1
125 1
126 0
127 1
128 1
129 1
130 0
131 1
132 1
133 1
134 0
135 1
136 1
137 0
138 1
139 1
140 1
141 0
142 1
143 1
144 0
145 1
146 0
147 1
148 0
149 1
150 0
151 0
152 0
153 1
154 0
155 1
156 1
157 1
158 0
159 1
160 0
161 0
162 1
163 0
164 0
165 1
166 0
167 1
168 0
169 1
170 0
171 1
172 0
173 1
174 1
175 1
176 0
177 1
178 0
179 1
180 0
181 1
182 0
183 1
184 0
185 1
186 1
187 0
188 1
189 0
190 1
191 1
192 1
193 1
194 0
195 1
196 1
197 0
198 1
199 0
200 1
201 0
202 0
203 0
204 1
205 0
206 0
207 0
208 1
209 0
210 0
211 1
212 1
213 1
214 0
215 1
216 0
217 0
218 1
219 1
220 1
221 0
222 1
223 1
224 0
225 1
226 1
227 0
228 1
229 1
230 0
231 1
232 0
233 1
234 0
235 1
236 0
237 0
238 1
239 0
240 1
241 1
242 1
243 1
244 1
245 0
246 1
247 0
248 1
249 1
250 0
251 1
252 0
253 1
254 0
255 0
256 1
257 0
258 1
259 0
260 1
261 1
262 0
263 0
264 1
265 0
266 1
267 0
268 1
269 0
270 1
271 0
272 1
273 0
274 1
275 0
276 1
277 0
278 1
279 0
280 1
281 0
282 1
283 0
284 1
285 0
286 1
287 0
288 1
289 1
290 1
291 0
292 1
293 0
294 1
295 1
296 0
297 1
298 0
299 0
300 1
301 1
302 0
303 1
304 0
305 1
306 0
307 1
308 0
309 1
310 0
311 1
312 1
313 1
314 0
315 0
316 1
317 0
318 1
319 0
320 1
321 0
322 1
323 1
324 1
325 0
326 0
327 0
328 1
329 0
330 1
331 0
332 1
333 0
334 1
335 0
336 0
337 0
338 0
339 0
340 1
341 0
342 1
343 1
344 0
345 1
346 0
347 1
348 1
349 0
350 0
351 1
352 0
353 1
354 0
355 1
356 0
357 0
358 1
359 0
360 1
361 0
362 0
363 0
364 0
365 0
366 1
367 0
368 1
369 0
370 1
371 0
372 1
373 0
374 0
375 0
376 1
377 0
378 1
379 1
380 0
381 1
382 1
383 0
384 1
385 0
386 1
387 1
388 1
389 1
390 0
391 1
392 0
393 0
394 1
395 1
396 1
397 1
398 0
399 1
400 0
401 1
402 0
403 1
404 0
405 1
406 0
407 1
408 0
409 1
410 1
411 1
412 0
413 1
414 1
415 0
416 1
417 0
418 1
419 0
420 1
421 0
422 1
423 0
424 0
425 1
426 0
427 1
428 0
429 1
430 0
431 1
432 1
433 0
434 1
435 0
436 1
437 0
438 1
439 0
440 1
441 0
442 1
443 1
444 1
445 1
446 1
447 1
448 0
449 1
450 0
451 1
452 0
453 1
454 1
455 0
456 1
457 1
458 0
459 1
460 1
461 0
462 1
463 0
464 1
465 0
466 1
467 0
468 0
469 0
470 1
471 0
472 1
473 0
474 0
475 1
476 1
477 0
478 1
479 1
480 0
481 1
482 0
483 1
484 0
485 1
486 0
487 1
488 0
489 1
490 1
491 0
492 1
493 1
494 0
495 1
496 1
497 0
498 1
499 1
500 0
501 1
502 0
503 1
504 0
505 1
506 0
507 0
508 1
509 0
510 1
511 0
512 0
513 1
514 0
515 1
516 0
517 1
518 0
519 1
520 0
521 1
522 0
523 0
524 1
525 0
526 1
527 1
528 1
529 0
530 1
531 0
532 1
533 1
534 0
535 1
536 0
537 1
538 0
539 1
540 1
541 1
542 0
543 1
544 0
545 1
546 1
547 0
548 1
549 0
550 1
551 1
552 0
553 0
554 1
555 0
556 1
557 1
558 0
559 1
560 1
561 0
562 1
563 1
564 0
565 1
566 1
567 1
568 1
569 1
570 0
571 0
572 1
573 0
574 0
575 0
576 1
577 0
578 1
579 0
580 0
581 1
582 0
583 1
584 0
585 0
586 1
587 0
588 1
589 0
590 1
591 0
592 1
593 0
594 1
595 0
596 1
597 0
598 1
599 0
600 0
601 1
602 0
603 1
604 1
605 1
606 0
607 1
608 1
609 1
610 1
611 0
612 0
613 1
614 0
615 1
616 0
617 1
618 1
619 0
620 1
621 1
622 1
623 0
624 1
625 1
626 0
627 1
628 0
629 1
630 0
631 1
632 0
633 1
634 1
635 1
636 1
637 0
638 1
639 0
640 1
641 0
642 0
643 0
644 1
645 0
646 0
647 1
648 0
649 0
650 1
651 0
652 0
653 1
654 1
655 0
656 1
657 0
658 0
659 1
660 1
661 1
662 1
663 0
664 1
665 0
666 1
667 0
668 1
669 0
670 0
671 1
672 0
673 1
674 0
675 1
676 1
677 1
678 1
679 0
680 1
681 1
682 1
683 0
684 1
685 0
686 0
687 1
688 0
689 0
690 1
691 0
692 1
693 0
694 1
695 0
696 1
697 1
698 0
699 1
700 0
701 1
702 1
703 0
704 1
705 1
706 1
707 1
708 0
709 0
710 0
711 1
712 0
713 1
714 1
715 1
716 0
717 0
718 1
719 0
720 1
721 0
722 1
723 0
724 1
725 1
726 0
727 1
728 0
729 1
730 0
731 1
732 1
733 0
734 1
735 0
736 1
737 0
738 1
739 0
740 0
741 1
742 0
743 1
744 0
745 1
746 0
747 1
748 1
749 0
750 1
751 0
752 1
753 1
754 0
755 1
756 0
757 1
758 1
759 0
760 1
761 0
762 1
763 0
764 1
765 0
766 0
767 1
768 0
769 1
770 0
771 1
772 1
773 0
774 1
775 1
776 0
777 1
778 1
779 1
780 1
781 0
782 0
783 0
784 1
785 0
786 1
787 0
788 1
789 1
790 0
791 0
792 0
793 1
794 1
795 1
796 1
797 1
798 0
799 1
800 1
801 0
802 1
803 1
804 0
805 1
806 1
807 1
808 1
809 1
810 1
811 0
812 1
813 1
814 0
815 1
816 0
817 1
818 0
819 1
820 1
821 1
822 1
823 0
824 1
825 0
826 1
827 0
828 1
829 0
830 1
831 0
832 0
833 1
834 0
835 1
836 0
837 1
838 0
839 1
840 1
841 1
842 1
843 1
844 0
845 1
846 1
847 1
848 1
849 0
850 1
851 1
852 0
853 1
854 0
855 1
856 0
857 1
858 1
859 1
860 0
861 1
862 1
863 1
864 0
865 1
866 0
867 1
868 0
869 1
870 1
871 0
872 1
873 1
874 0
875 1
876 1
877 0
878 1
879 0
880 1
881 0
882 1
883 0
884 1
885 0
886 1
887 0
888 1
889 1
890 0
891 1
892 0
893 1
894 1
895 1
896 0
897 1
898 1
899 0
900 1
901 0
902 1
903 1
904 0
905 1
906 0
907 1
908 1
909 0
910 1
911 0
912 1
913 0
914 0
915 1
916 0
917 0
918 1
919 1
920 0
921 1
922 0
923 1
924 0
925 1
926 0
927 1
928 0
929 1
930 0
931 1
932 1
933 1
934 1
935 1
936 1
937 0
938 1
939 1
940 1
941 0
942 1
943 1
944 1
945 1
946 1
947 0
948 1
949 1
950 0
951 0
952 1
953 0
954 1
955 1
956 0
957 1
958 1
959 0
960 1
961 0
962 1
963 1
964 1
965 0
966 1
967 0
968 1
969 0
970 0
971 1
972 0
973 1
974 0
975 1
976 1
977 1
978 1
979 1
980 1
981 1
982 0
983 0
984 1
985 1
986 0
987 1
988 1
989 0
990 1
991 1
992 0
993 1
994 1
995 0
996 1
997 1
998 0
999 1
1000 0
1001 1
1002 1
1003 0
1004 1
1005 0
1006 1
1007 0
1008 1
1009 1
1010 0
1011 1
1012 0
1013 1
1014 0
1015 1
1016 0
1017 1
1018 0
1019 1
1020 0
1021 1
1022 0
1023 0
1024 0
1025 0
1026 1
1027 0
1028 1
1029 1
1030 0
1031 1
1032 1
1033 1
1034 0
1035 0
1036 1
1037 0
1038 1
1039 1
1040 0
1041 1
1042 0
1043 1
1044 0
1045 1
1046 1
1047 1
1048 1
1049 0
1050 1
1051 1
1052 1
1053 1
1054 1
1055 1
1056 1
1057 1
1058 1
1059 0
1060 1
1061 1
1062 0
1063 1
1064 0
1065 1
1066 0
1067 1
1068 1
1069 0
1070 1
1071 0
1072 1
1073 0
1074 1
1075 0
1076 0
1077 0
1078 1
1079 0
1080 1
1081 1
1082 0
1083 1
1084 1
1085 0
1086 1
1087 1
1088 1
1089 0
1090 1
1091 1
1092 0
1093 1
1094 1
1095 1
1096 0
1097 1
1098 1
1099 0
1100 1
1101 0
1102 1
1103 1
1104 1
1105 1
1106 0
1107 1
1108 1
1109 1
1110 0
1111 1
1112 0
1113 1
1114 0
1115 1
1116 0
1117 1
1118 1
1119 1
1120 1
1121 1
1122 1
1123 0
1124 1
1125 1
1126 0
1127 1
1128 1
1129 1
1130 1
1131 1
1132 0
1133 0
1134 0
1135 1
1136 1
1137 1
1138 0
1139 1
1140 1
1141 1
1142 0
1143 1
1144 1
1145 1
1146 0
1147 1
1148 0
1149 1
1150 0
1151 0
1152 1
1153 1
1154 1
1155 1
1156 1
1157 0
1158 1
1159 0
1160 1
1161 0
1162 1
1163 0
1164 1
1165 1
1166 0
1167 1
1168 0
1169 1
1170 0
1171 0
1172 1
1173 0
1174 1
1175 0
1176 1
1177 0
1178 1
1179 0
1180 1
1181 0
1182 1
1183 0
1184 1
1185 1
1186 0
1187 1
1188 0
1189 1
1190 0
1191 1
1192 1
1193 0
1194 1
1195 0
1196 1
1197 1
1198 1
1199 0
1200 1
1201 0
1202 1
1203 1
1204 0
1205 0
1206 1
1207 0
1208 1
1209 0
1210 1
1211 0
1212 1
1213 0
1214 1
1215 0
1216 1
1217 0
1218 1
1219 0
1220 1
1221 0
1222 1
1223 0
1224 1
1225 0
1226 1
1227 0
1228 1
1229 0
1230 1
1231 0
1232 1
1233 0
1234 1
1235 0
1236 1
1237 1
1238 1
1239 0
1240 1
1241 0
1242 1
1243 0
1244 1
1245 0
1246 1
1247 0
1248 1
1249 1
1250 1
1251 1
1252 1
1253 0
1254 1
1255 0
1256 1
1257 1
1258 0
1259 1
1260 1
1261 0
1262 1
1263 0
1264 1
1265 0
1266 1
1267 1
1268 1
1269 0
1270 1
1271 0
1272 1
1273 0
1274 1
1275 1
1276 0
1277 1
1278 0
1279 0
1280 0
1281 1
1282 0
1283 1
1284 0
1285 1
1286 0
1287 1
1288 0
1289 1
1290 0
1291 0
1292 1
1293 0
1294 1
1295 0
1296 1
1297 0
1298 1
1299 0
1300 1
1301 0
1302 1
1303 0
1304 0
1305 1
1306 0
1307 0
1308 0
1309 1
1310 0
1311 0
1312 1
1313 0
1314 0
1315 0
1316 1
1317 0
1318 1
1319 0
1320 0
1321 0
1322 1
1323 0
1324 0
1325 1
1326 0
1327 0
1328 0
1329 0
1330 1
1331 0
1332 0
1333 1
1334 0
1335 1
1336 0
1337 0
1338 0
1339 1
1340 0
1341 0
1342 0
1343 1
1344 0
1345 0
1346 1
1347 0
1348 0
1349 1
1350 0
1351 0
1352 1
1353 0
1354 1
1355 0
1356 0
1357 1
1358 0
1359 1
1360 0
1361 1
1362 0
1363 1
1364 0
1365 1
1366 0
1367 1
1368 0
1369 0
1370 0
1371 1
1372 0
1373 1
1374 0
1375 0
1376 1
1377 1
1378 0
1379 1
1380 0
1381 1
1382 0
1383 0
1384 0
1385 1
1386 1
1387 1
1388 0
1389 0
1390 0
1391 0
1392 0
1393 0
1394 0
1395 0
1396 0
1397 1
1398 0
1399 1
1400 0
1401 0
1402 0
1403 0
1404 1
1405 0
1406 1
1407 0
1408 1
1409 0
1410 0
1411 1
1412 1
1413 0
1414 1
1415 0
1416 1
1417 0
1418 1
1419 0
1420 1
1421 0
1422 1
1423 1
1424 0
1425 1
1426 1
1427 1
1428 1
1429 0
1430 1
1431 1
1432 0
1433 1
1434 0
1435 1
1436 0
1437 1
1438 1
1439 0
1440 1
1441 0
1442 1
1443 1
1444 1
1445 0
1446 1
1447 0
1448 0
1449 0
1450 1
1451 1
1452 0
1453 1
1454 0
1455 1
1456 0
1457 1
1458 1
1459 0
1460 1
1461 0
1462 1
1463 0
1464 1
1465 0
1466 1
1467 0
1468 1
1469 1
1470 0
1471 0
