1 1
2 0
3 1
4 0
5 0
6 0
7 0
8 0
9 1
10 0
11 1
12 0
13 1
14 0
15 0
16 0
17 1
18 0
19 1
20 1
21 1
22 1
23 0
24 0
25 0
26 1
27 0
28 0
29 0
30 0
31 1
32 0
33 0
34 0
35 0
36 0
37 0
38 0
39 0
40 0
41 0
42 0
43 0
44 1
45 1
46 0
47 1
48 0
49 1
50 0
51 0
52 0
53 0
54 0
55 0
56 0
57 1
58 1
59 0
60 0
61 0
62 0
63 0
64 1
65 1
66 0
67 0
68 0
69 1
70 1
71 1
72 1
73 0
74 0
75 0
76 1
77 0
78 1
79 1
80 1
81 1
82 1
83 1
84 0
85 0
86 0
87 0
88 1
89 1
90 1
91 0
92 0
93 0
94 0
95 1
96 0
97 0
98 0
99 1
100 0
101 0
102 0
103 0
104 0
105 1
106 1
107 0
108 0
109 1
110 0
111 1
112 0
113 0
114 1
115 1
116 1
117 0
118 0
119 0
120 0
121 0
122 0
123 1
124 0
125 0
126 0
127 0
128 1
129 0
130 0
131 0
132 0
133 0
134 0
135 1
136 1
137 0
138 0
139 0
140 1
141 0
142 0
143 0
144 1
145 1
146 0
147 0
148 1
149 0
150 1
151 0
152 1
153 0
154 0
155 0
156 0
157 0
158 0
159 1
160 0
161 0
162 0
163 0
164 1
165 1
166 0
167 1
168 0
169 0
170 1
171 0
172 1
173 0
174 0
175 0
176 0
177 0
178 0
179 1
180 0
181 1
182 0
183 1
184 1
185 0
186 0
187 1
188 0
189 1
190 1
191 0
192 0
193 0
194 1
195 0
196 0
197 0
198 0
199 0
200 0
201 0
202 0
203 1
204 1
205 0
206 1
207 1
208 0
209 1
210 1
211 0
212 0
213 0
214 0
215 0
216 0
217 0
218 1
219 0
220 1
221 0
222 0
223 0
224 0
225 1
226 1
227 1
228 0
229 0
230 1
231 0
232 0
233 1
234 0
235 0
236 1
237 1
238 1
239 0
240 1
241 0
242 0
243 0
244 1
245 1
246 1
247 1
248 0
249 1
250 0
251 1
252 1
253 0
254 1
255 0
256 1
257 0
258 1
259 1
260 0
261 0
262 1
263 0
264 0
265 0
266 0
267 0
268 0
269 1
270 1
271 1
272 0
273 1
274 0
275 0
276 1
277 1
278 0
279 0
280 0
281 1
282 0
283 0
284 0
285 0
286 1
287 0
288 0
289 0
290 1
291 1
292 0
293 0
294 0
295 1
296 0
297 0
298 0
299 0
300 0
301 0
302 0
303 0
304 0
305 0
306 0
307 0
308 0
309 0
310 0
311 1
312 1
313 0
314 0
315 1
316 0
317 0
318 1
319 1
320 0
321 1
322 1
323 1
324 0
325 0
326 1
327 0
328 0
329 0
330 0
331 1
332 0
333 0
334 1
335 0
336 1
337 0
338 1
339 1
340 1
341 1
342 1
343 1
344 0
345 0
346 0
347 0
348 0
349 0
350 0
351 0
352 1
353 0
354 0
355 0
356 0
357 0
358 1
359 1
360 0
361 1
362 0
363 0
364 1
365 1
366 1
367 0
368 0
369 0
370 1
371 0
372 0
373 0
374 1
375 1
376 0
377 1
378 0
379 1
380 0
381 0
382 1
383 0
384 1
385 0
386 0
387 0
388 1
389 0
390 1
391 0
392 1
393 0
394 0
395 0
396 1
397 0
398 1
399 1
400 0
401 0
402 0
403 1
404 0
405 0
406 1
407 1
408 0
409 1
410 0
411 1
412 1
413 1
414 1
415 0
416 1
417 0
418 0
419 0
420 0
421 0
422 0
423 1
424 0
425 1
426 1
427 0
428 0
429 0
430 1
431 1
432 0
433 0
434 1
435 0
436 0
437 1
438 0
439 1
440 0
441 1
442 1
443 0
444 1
445 0
446 1
447 0
448 1
449 0
450 0
451 0
452 1
453 0
454 0
455 0
456 1
457 1
458 0
459 1
460 0
461 0
462 1
463 0
464 0
465 1
466 1
467 0
468 1
469 0
470 0
471 1
472 0
473 1
474 0
475 0
476 0
477 1
478 0
479 1
480 1
481 0
482 1
483 0
484 0
485 0
486 1
487 0
488 1
489 0
490 1
491 0
492 0
493 0
494 0
495 0
496 0
497 1
498 0
499 0
500 1
501 0
502 0
503 1
504 0
505 0
506 0
507 0
508 1
509 0
510 0
511 0
512 0
513 1
514 1
515 1
516 0
517 0
518 1
519 1
520 0
521 0
522 0
523 0
524 1
525 1
526 0
527 0
528 0
529 1
530 1
531 0
532 1
533 1
534 1
535 0
536 0
537 1
538 0
539 1
540 0
541 0
542 1
543 0
544 1
545 1
546 0
547 0
548 0
549 0
550 0
551 0
552 0
553 0
554 0
555 1
556 0
557 1
558 0
559 0
560 0
561 0
562 1
563 0
564 0
565 0
566 0
567 1
568 1
569 0
570 1
571 0
572 1
573 0
574 0
575 0
576 1
577 0
578 1
579 0
580 0
581 0
582 0
583 0
584 1
585 0
586 0
587 0
588 0
589 0
590 1
591 1
592 0
593 0
594 0
595 1
596 0
597 0
598 0
599 0
600 0
601 0
602 0
603 1
604 0
605 1
606 0
607 0
608 0
609 0
610 0
611 0
612 0
613 0
614 1
615 1
616 0
617 1
618 1
619 1
620 0
621 1
622 1
623 0
624 1
625 0
626 1
627 0
628 0
629 1
630 1
631 0
632 0
633 0
634 1
635 0
636 0
637 0
638 1
639 1
640 0
641 0
642 0
643 1
644 1
645 1
646 0
647 0
648 0
649 0
650 0
651 0
652 0
653 1
654 0
655 0
656 0
657 0
658 1
659 0
660 0
661 0
662 0
663 0
664 1
665 0
666 0
667 0
668 1
669 0
670 1
671 1
672 0
673 0
674 1
675 1
676 1
677 0
678 1
679 0
680 0
681 0
682 0
683 0
684 0
685 0
686 1
687 1
688 0
689 1
690 0
691 0
692 0
693 1
694 1
695 1
696 0
697 1
698 1
699 1
700 0
701 1
702 0
703 1
704 0
705 0
706 1
707 0
708 1
709 0
710 0
711 1
712 1
713 0
714 0
715 1
716 1
717 0
718 1
719 0
720 1
721 0
722 0
723 1
724 1
725 0
726 0
727 0
728 1
729 0
730 1
731 0
732 0
733 0
734 0
735 0
736 0
737 1
738 0
739 0
740 1
741 1
742 0
743 1
744 0
745 0
746 1
747 1
748 0
749 1
750 0
751 0
752 1
753 0
754 0
755 1
756 0
757 0
758 1
759 0
760 1
761 0
762 0
763 0
764 0
765 1
766 0
767 0
768 0
769 1
770 0
771 0
772 1
773 0
774 0
775 0
776 0
777 1
778 1
779 0
780 0
781 1
782 0
783 0
784 0
785 0
786 1
787 0
788 1
789 0
790 0
791 1
792 1
793 0
794 0
795 1
796 0
797 0
798 1
799 0
800 0
801 0
802 0
803 0
804 0
805 0
806 0
807 0
808 0
809 0
810 1
811 0
812 1
813 0
814 0
815 1
816 1
817 0
818 0
819 0
820 0
821 1
822 0
823 1
824 1
825 0
826 0
827 0
828 0
829 1
830 0
831 0
832 0
833 0
834 0
835 1
836 0
837 0
838 1
839 0
840 0
841 1
842 0
843 0
844 0
845 0
846 1
847 1
848 0
849 0
850 1
851 0
852 1
853 0
854 0
855 1
856 0
857 1
858 0
859 1
860 0
861 0
862 1
863 1
864 0
865 0
866 1
867 1
868 0
869 0
870 0
871 0
872 0
873 1
874 1
875 0
876 0
877 1
878 0
879 0
880 0
881 0
882 0
883 0
884 1
885 0
886 0
887 0
888 0
889 0
890 0
891 1
892 0
893 0
894 1
895 0
896 0
897 0
898 1
899 0
900 1
901 0
902 0
903 1
904 0
905 1
906 0
907 0
908 0
909 1
910 1
911 0
912 0
913 0
914 1
915 1
916 0
917 1
918 1
919 0
920 1
921 0
922 0
923 1
924 0
925 1
926 0
927 0
928 0
929 1
930 0
931 0
932 1
933 0
934 0
935 1
936 0
937 1
938 0
939 0
940 0
941 0
942 1
943 0
944 1
945 1
946 0
947 1
948 1
949 0
950 0
951 0
952 1
953 1
954 0
955 0
956 0
957 0
958 1
959 0
960 0
961 0
962 0
963 0
964 1
965 1
966 0
967 0
968 0
969 1
970 0
971 1
972 0
973 0
974 0
975 0
976 0
977 1
978 0
979 0
980 1
981 0
982 1
983 1
984 0
985 1
986 1
987 0
988 1
989 1
990 0
991 0
992 0
993 1
994 1
995 0
996 0
997 1
998 0
999 0
1000 0
1001 1
1002 0
1003 0
1004 1
1005 0
1006 0
1007 1
1008 0
1009 0
1010 1
1011 0
1012 1
1013 1
1014 1
1015 0
1016 0
1017 0
1018 0
1019 0
1020 1
1021 1
1022 1
1023 1
1024 0
1025 0
1026 0
1027 0
1028 1
1029 0
1030 0
1031 0
1032 1
1033 0
1034 0
1035 0
1036 0
1037 0
1038 1
1039 0
1040 0
1041 0
1042 1
1043 1
1044 0
1045 0
1046 1
1047 1
1048 1
1049 0
1050 0
1051 0
1052 1
1053 0
1054 0
1055 0
1056 0
1057 0
1058 0
1059 0
1060 0
1061 0
1062 1
1063 1
1064 1
1065 0
1066 1
1067 0
1068 0
1069 0
1070 0
1071 1
1072 0
1073 1
1074 1
1075 0
1076 1
1077 0
1078 0
1079 0
1080 0
1081 0
1082 0
1083 1
1084 1
1085 0
1086 0
1087 0
1088 1
1089 0
1090 1
1091 0
1092 1
1093 0
1094 0
1095 0
1096 0
1097 1
1098 0
1099 1
1100 0
1101 1
1102 0
1103 0
1104 1
1105 1
1106 0
1107 0
1108 1
1109 0
1110 0
1111 0
1112 1
1113 0
1114 1
1115 0
1116 0
1117 1
1118 1
1119 0
1120 0
1121 1
1122 0
1123 0
1124 0
1125 1
1126 1
1127 0
1128 0
1129 0
1130 0
1131 1
1132 0
1133 1
1134 0
1135 1
1136 0
1137 1
1138 1
1139 1
1140 0
1141 0
1142 1
1143 1
1144 1
1145 1
1146 1
1147 0
1148 0
1149 0
1150 0
1151 0
1152 0
1153 1
1154 1
1155 0
1156 1
1157 0
1158 0
1159 0
1160 0
1161 1
1162 0
1163 0
1164 0
1165 0
1166 0
1167 0
1168 0
1169 0
1170 0
1171 0
1172 0
1173 0
1174 1
1175 0
1176 0
1177 1
1178 0
1179 0
1180 1
1181 0
1182 0
1183 0
1184 0
1185 0
1186 1
1187 0
1188 0
1189 0
1190 0
1191 1
1192 1
1193 0
1194 1
1195 0
1196 1
1197 1
1198 0
1199 1
1200 0
1201 1
1202 1
1203 0
1204 1
1205 1
1206 0
1207 1
1208 0
1209 0
1210 1
1211 1
1212 1
1213 0
1214 0
1215 0
1216 1
1217 0
1218 0
1219 0
1220 0
1221 1
1222 1
1223 1
1224 0
1225 0
1226 1
1227 0
1228 0
1229 0
1230 1
1231 1
1232 1
1233 1
1234 0
1235 1
1236 1
1237 0
1238 1
1239 1
1240 1
1241 0
1242 1
1243 0
1244 1
1245 1
1246 0
1247 1
1248 0
1249 0
1250 1
1251 0
1252 0
1253 1
1254 0
1255 0
1256 1
1257 1
1258 0
1259 0
1260 1
1261 0
1262 0
1263 1
1264 0
1265 0
1266 0
1267 0
1268 1
1269 0
1270 1
1271 0
1272 1
1273 0
1274 0
1275 1
1276 1
1277 1
1278 1
1279 1
1280 0
1281 1
1282 0
1283 0
1284 0
1285 0
1286 1
1287 0
1288 0
1289 1
1290 1
1291 0
1292 0
1293 0
1294 1
1295 0
1296 0
1297 1
1298 0
1299 1
1300 0
1301 0
1302 1
1303 0
1304 0
1305 0
1306 1
1307 0
1308 0
1309 1
1310 1
1311 0
1312 1
1313 0
1314 1
1315 1
1316 0
1317 1
1318 1
1319 0
1320 1
1321 1
1322 1
1323 0
1324 1
1325 1
1326 1
1327 0
1328 0
1329 1
1330 0
1331 0
1332 0
1333 1
1334 1
1335 0
1336 1
1337 0
1338 1
1339 0
1340 1
1341 1
1342 1
1343 0
1344 0
1345 0
1346 0
1347 1
1348 1
1349 0
1350 0
1351 0
1352 0
1353 1
1354 1
1355 0
1356 0
1357 1
1358 0
1359 0
1360 0
1361 0
1362 0
1363 0
1364 0
1365 0
1366 1
1367 1
1368 0
1369 0
1370 0
1371 0
1372 1
1373 1
1374 1
1375 1
1376 1
1377 1
1378 1
1379 0
1380 0
1381 0
1382 1
1383 1
1384 0
1385 1
1386 0
1387 0
1388 1
1389 0
1390 0
1391 1
1392 0
1393 0
1394 0
1395 0
1396 1
1397 0
1398 0
1399 0
1400 0
1401 0
1402 0
1403 0
1404 0
1405 0
1406 0
1407 1
1408 0
1409 1
1410 0
1411 1
1412 1
1413 1
1414 0
1415 0
1416 1
1417 1
1418 1
1419 0
1420 1
1421 0
1422 0
1423 1
1424 0
1425 1
1426 0
1427 0
1428 0
1429 0
1430 1
1431 0
1432 1
1433 1
1434 1
1435 1
1436 0
1437 0
1438 1
1439 0
1440 0
1441 1
1442 0
1443 1
1444 0
1445 0
1446 0
1447 0
1448 0
1449 1
1450 0
1451 0
1452 0
1453 0
1454 1
1455 1
1456 0
1457 0
1458 0
1459 0
1460 1
1461 1
1462 1
1463 0
1464 0
1465 1
1466 0
1467 1
1468 0
1469 1
1470 1
1471 1
