1 0
2 0
3 0
4 1
5 1
6 0
7 0
8 1
9 1
10 0
11 0
12 1
13 1
14 0
15 0
16 1
17 0
18 0
19 0
20 0
21 1
22 0
23 0
24 0
25 0
26 0
27 1
28 1
29 0
30 1
31 0
32 1
33 0
34 1
35 1
36 0
37 1
38 1
39 0
40 0
41 1
42 0
43 1
44 1
45 0
46 1
47 1
48 0
49 0
50 1
51 1
52 1
53 1
54 1
55 1
56 0
57 0
58 1
59 1
60 1
61 0
62 1
63 0
64 1
65 0
66 0
67 0
68 0
69 1
70 0
71 1
72 0
73 1
74 1
75 1
76 0
77 0
78 1
79 1
80 0
81 0
82 0
83 1
84 0
85 0
86 1
87 0
88 1
89 0
90 1
91 0
92 0
93 0
94 1
95 1
96 0
97 1
98 1
99 0
100 1
101 1
102 1
103 0
104 1
105 0
106 0
107 1
108 1
109 0
110 0
111 1
112 1
113 0
114 0
115 0
116 1
117 1
118 0
119 0
120 1
121 1
122 1
123 0
124 1
125 0
126 1
127 0
128 1
129 0
130 1
131 0
132 1
133 1
134 1
135 1
136 0
137 0
138 1
139 0
140 0
141 0
142 1
143 0
144 0
145 1
146 0
147 1
148 1
149 1
150 0
151 1
152 0
153 1
154 0
155 1
156 1
157 1
158 1
159 1
160 1
161 0
162 1
163 0
164 1
165 1
166 0
167 1
168 0
169 1
170 0
171 0
172 1
173 1
174 0
175 0
176 1
177 1
178 1
179 0
180 0
181 0
182 0
183 0
184 0
185 1
186 1
187 0
188 0
189 0
190 1
191 0
192 1
193 0
194 1
195 0
196 1
197 1
198 0
199 1
200 1
201 0
202 0
203 1
204 1
205 0
206 0
207 1
208 1
209 1
210 1
211 0
212 1
213 1
214 0
215 1
216 1
217 0
218 0
219 1
220 0
221 0
222 1
223 1
224 0
225 1
226 0
227 0
228 1
229 0
230 1
231 0
232 1
233 0
234 1
235 0
236 1
237 0
238 0
239 1
240 0
241 1
242 0
243 0
244 0
245 0
246 1
247 1
248 0
249 1
250 0
251 0
252 0
253 0
254 1
255 1
256 1
257 1
258 1
259 0
260 1
261 0
262 1
263 1
264 1
265 0
266 1
267 0
268 1
269 1
270 1
271 0
272 1
273 1
274 1
275 1
276 0
277 1
278 0
279 1
280 0
281 1
282 0
283 1
284 0
285 0
286 0
287 0
288 1
289 1
290 0
291 1
292 1
293 0
294 1
295 0
296 1
297 0
298 1
299 0
300 1
301 0
302 0
303 0
304 1
305 0
306 0
307 0
308 1
309 0
310 1
311 1
312 0
313 0
314 0
315 0
316 1
317 1
318 0
319 1
320 1
321 1
322 0
323 1
324 1
325 0
326 1
327 0
328 0
329 1
330 0
331 1
332 0
333 0
334 0
335 1
336 1
337 0
338 0
339 1
340 0
341 1
342 1
343 0
344 0
345 0
346 0
347 1
348 0
349 1
350 0
351 1
352 1
353 1
354 0
355 1
356 0
357 1
358 1
359 0
360 1
361 1
362 1
363 1
364 0
365 1
366 0
367 1
368 1
369 0
370 1
371 0
372 1
373 1
374 0
375 1
376 1
377 0
378 1
379 1
380 1
381 0
382 1
383 0
384 1
385 1
386 1
387 0
388 1
389 1
390 0
391 1
392 1
393 0
394 1
395 1
396 0
397 1
398 0
399 1
400 1
401 1
402 0
403 1
404 0
405 1
406 1
407 1
408 0
409 1
410 1
411 0
412 1
413 0
414 1
415 1
416 0
417 1
418 1
419 0
420 1
421 1
422 0
423 1
424 1
425 0
426 1
427 0
428 1
429 1
430 0
431 1
432 1
433 0
434 1
435 0
436 1
437 1
438 1
439 0
440 1
441 0
442 1
443 1
444 0
445 1
446 0
447 1
448 1
449 0
450 1
451 0
452 1
453 0
454 1
455 1
456 0
457 0
458 1
459 1
460 0
461 1
462 0
463 0
464 1
465 0
466 0
467 1
468 0
469 0
470 1
471 0
472 1
473 0
474 0
475 1
476 1
477 0
478 0
479 1
480 0
481 1
482 0
483 0
484 0
485 1
486 1
487 1
488 0
489 1
490 0
491 0
492 0
493 0
494 0
495 0
496 1
497 0
498 0
499 1
500 1
501 0
502 0
503 1
504 0
505 1
506 0
507 1
508 0
509 1
510 0
511 0
512 1
513 0
514 0
515 0
516 0
517 1
518 1
519 0
520 0
521 1
522 1
523 1
524 0
525 0
526 1
527 0
528 1
529 0
530 1
531 0
532 0
533 0
534 0
535 1
536 0
537 1
538 1
539 0
540 0
541 0
542 1
543 0
544 1
545 1
546 1
547 1
548 1
549 0
550 1
551 1
552 1
553 1
554 1
555 0
556 1
557 1
558 1
559 0
560 1
561 0
562 0
563 1
564 0
565 1
566 1
567 0
568 1
569 1
570 1
571 1
572 1
573 1
574 0
575 1
576 1
577 0
578 1
579 0
580 0
581 0
582 1
583 1
584 0
585 0
586 1
587 0
588 1
589 0
590 1
591 0
592 1
593 0
594 0
595 0
596 0
597 1
598 0
599 1
600 0
601 1
602 0
603 1
604 1
605 1
606 1
607 1
608 0
609 1
610 1
611 1
612 0
613 1
614 0
615 1
616 0
617 0
618 1
619 0
620 1
621 0
622 1
623 0
624 1
625 0
626 0
627 0
628 1
629 0
630 0
631 1
632 0
633 0
634 0
635 1
636 1
637 0
638 0
639 1
640 1
641 0
642 0
643 0
644 1
645 0
646 1
647 0
648 1
649 0
650 0
651 1
652 0
653 1
654 0
655 0
656 1
657 0
658 0
659 0
660 0
661 1
662 1
663 0
664 1
665 0
666 0
667 1
668 1
669 0
670 0
671 0
672 1
673 0
674 1
675 0
676 1
677 1
678 0
679 1
680 0
681 0
682 1
683 0
684 0
685 0
686 1
687 1
688 0
689 1
690 0
691 1
692 1
693 0
694 1
695 1
696 1
697 1
698 1
699 0
700 0
701 0
702 1
703 1
704 0
705 1
706 0
707 1
708 0
709 1
710 0
711 1
712 1
713 0
714 1
715 1
716 1
717 1
718 1
719 0
720 1
721 0
722 0
723 0
724 0
725 0
726 0
727 0
728 0
729 0
730 0
731 0
732 1
733 1
734 0
735 0
736 1
737 1
738 1
739 0
740 0
741 0
742 1
743 0
744 0
745 1
746 1
747 0
748 1
749 0
750 1
751 1
752 0
753 1
754 1
755 0
756 1
757 1
758 1
759 1
760 0
761 0
762 1
763 1
764 1
765 1
766 0
767 1
768 0
769 0
770 0
771 0
772 0
773 1
774 1
775 0
776 1
777 1
778 0
779 1
780 0
781 1
782 0
783 0
784 1
785 1
786 0
787 1
788 1
789 1
790 1
791 1
792 1
793 1
794 0
795 0
796 1
797 0
798 1
799 0
800 1
801 1
802 1
803 0
804 1
805 0
806 0
807 1
808 1
809 1
810 1
811 0
812 0
813 0
814 0
815 1
816 0
817 0
818 1
819 0
820 1
821 1
822 1
823 1
824 0
825 1
826 1
827 1
828 0
829 1
830 1
831 0
832 1
833 1
834 1
835 1
836 0
837 1
838 0
839 0
840 1
841 1
842 1
843 1
844 1
845 1
846 1
847 1
848 1
849 0
850 0
851 1
852 1
853 0
854 1
855 1
856 1
857 0
858 0
859 1
860 0
861 0
862 1
863 0
864 0
865 1
866 1
867 0
868 0
869 1
870 0
871 0
872 1
873 1
874 0
875 1
876 1
877 0
878 1
879 0
880 0
881 1
882 0
883 1
884 0
885 0
886 0
887 1
888 1
889 1
890 1
891 1
892 1
893 1
894 0
895 1
896 1
897 1
898 1
899 1
900 0
901 1
902 0
903 1
904 0
905 1
906 0
907 1
908 1
909 0
910 1
911 1
912 1
913 0
914 1
915 1
916 1
917 1
918 1
919 0
920 0
921 1
922 0
923 0
924 0
925 1
926 1
927 1
928 0
929 1
930 1
931 0
932 1
933 0
934 1
935 0
936 0
937 0
938 1
939 0
940 1
941 1
942 1
943 1
944 1
945 1
946 1
947 0
948 1
949 1
950 1
951 1
952 1
953 0
954 0
955 1
956 0
957 1
958 0
959 0
960 0
961 0
962 0
963 1
964 1
965 0
966 1
967 1
968 1
969 1
970 1
971 0
972 0
973 1
974 1
975 0
976 1
977 1
978 1
979 0
980 1
981 0
982 1
983 1
984 0
985 1
986 0
987 1
988 0
989 0
990 1
991 1
992 1
993 0
994 1
995 0
996 0
997 1
998 0
999 1
1000 0
1001 0
1002 1
1003 1
1004 1
1005 1
1006 1
1007 0
1008 1
1009 0
1010 1
1011 0
1012 1
1013 1
1014 1
1015 1
1016 1
1017 0
1018 1
1019 0
1020 0
1021 1
1022 1
1023 0
1024 0
1025 1
1026 0
1027 1
1028 0
1029 0
1030 0
1031 1
1032 1
1033 0
1034 1
1035 0
1036 0
1037 1
1038 1
1039 0
1040 0
1041 1
1042 1
1043 1
1044 0
1045 0
1046 0
1047 1
1048 0
1049 1
1050 0
1051 1
1052 1
1053 0
1054 1
1055 0
1056 1
1057 1
1058 1
1059 1
1060 0
1061 1
1062 0
1063 0
1064 0
1065 0
1066 0
1067 1
1068 0
1069 0
1070 1
1071 1
1072 1
1073 1
1074 0
1075 0
1076 0
1077 0
1078 0
1079 1
1080 1
1081 1
1082 1
1083 0
1084 1
1085 1
1086 0
1087 0
1088 1
1089 1
1090 0
1091 0
1092 1
1093 0
1094 1
1095 1
1096 0
1097 1
1098 1
1099 0
1100 0
1101 1
1102 1
1103 0
1104 1
1105 1
1106 0
1107 0
1108 0
1109 1
1110 1
1111 1
1112 0
1113 1
1114 1
1115 0
1116 0
1117 0
1118 0
1119 1
1120 1
1121 1
1122 1
1123 0
1124 1
1125 1
1126 1
1127 0
1128 1
1129 0
1130 1
1131 0
1132 1
1133 0
1134 0
1135 0
1136 1
1137 0
1138 0
1139 1
1140 1
1141 0
1142 1
1143 1
1144 1
1145 1
1146 1
1147 0
1148 0
1149 0
1150 1
1151 0
1152 1
1153 0
1154 1
1155 1
1156 1
1157 1
1158 1
1159 0
1160 1
1161 1
1162 1
1163 1
1164 1
1165 0
1166 0
1167 1
1168 1
1169 0
1170 1
1171 1
1172 0
1173 1
1174 1
1175 1
1176 0
1177 1
1178 0
1179 1
1180 1
1181 1
1182 1
1183 1
1184 0
1185 1
1186 1
1187 1
1188 1
1189 1
1190 1
1191 1
1192 1
1193 1
1194 0
1195 1
1196 1
1197 1
1198 0
1199 0
1200 0
1201 1
1202 0
1203 0
1204 0
1205 0
1206 0
1207 1
1208 0
1209 0
1210 1
1211 1
1212 0
1213 0
1214 0
1215 0
1216 0
1217 1
1218 1
1219 1
1220 0
1221 0
1222 1
1223 0
1224 1
1225 1
1226 0
1227 0
1228 1
1229 0
1230 1
1231 0
1232 1
1233 1
1234 0
1235 1
1236 1
1237 1
1238 0
1239 0
1240 0
1241 1
1242 1
1243 0
1244 0
1245 1
1246 1
1247 1
1248 1
1249 1
1250 1
1251 1
1252 1
1253 1
1254 0
1255 1
1256 0
1257 1
1258 1
1259 1
1260 0
1261 1
1262 0
1263 1
1264 1
1265 0
1266 1
1267 1
1268 0
1269 0
1270 1
1271 0
1272 1
1273 1
1274 1
1275 1
1276 1
1277 0
1278 0
1279 1
1280 1
1281 1
1282 1
1283 1
1284 1
1285 0
1286 0
1287 1
1288 1
1289 0
1290 1
1291 0
1292 1
1293 0
1294 0
1295 1
1296 1
1297 0
1298 0
1299 1
1300 0
1301 0
1302 0
1303 1
1304 0
1305 0
1306 0
1307 0
1308 1
1309 1
1310 0
1311 1
1312 0
1313 1
1314 0
1315 0
1316 1
1317 0
1318 1
1319 0
1320 0
1321 0
1322 0
1323 1
1324 1
1325 1
1326 1
1327 1
1328 0
1329 0
1330 0
1331 1
1332 0
1333 0
1334 0
1335 0
1336 0
1337 1
1338 1
1339 0
1340 0
1341 0
1342 1
1343 0
1344 1
1345 1
1346 1
1347 0
1348 0
1349 1
1350 0
1351 0
1352 0
1353 0
1354 1
1355 0
1356 1
1357 0
1358 1
1359 1
1360 0
1361 0
1362 1
1363 1
1364 0
1365 1
1366 1
1367 0
1368 1
1369 0
1370 1
1371 1
1372 1
1373 1
1374 0
1375 1
1376 1
1377 1
1378 1
1379 0
1380 1
1381 0
1382 1
1383 1
1384 1
1385 0
1386 0
1387 1
1388 0
1389 1
1390 0
1391 1
1392 0
1393 1
1394 1
1395 1
1396 1
1397 0
1398 1
1399 0
1400 1
1401 1
1402 0
1403 0
1404 1
1405 0
1406 1
1407 1
1408 1
1409 1
1410 1
1411 0
1412 1
1413 0
1414 1
1415 0
1416 1
1417 1
1418 0
1419 1
1420 0
1421 1
1422 0
1423 0
1424 0
1425 1
1426 0
1427 1
1428 1
1429 0
1430 0
1431 0
1432 1
1433 1
1434 0
1435 0
1436 1
1437 0
1438 0
1439 0
1440 1
1441 0
1442 1
1443 1
1444 1
1445 1
1446 0
1447 1
1448 1
1449 1
1450 1
1451 1
1452 0
1453 0
1454 1
1455 1
1456 1
1457 1
1458 1
1459 1
1460 0
1461 0
1462 1
1463 1
1464 0
1465 1
1466 0
1467 1
1468 1
1469 1
1470 1
1471 0
