1932
218
279
2703
2410
1840
1183
938
1988
1233
1377
2509
1603
1222
2275
2015
1857
1434
2049
2070
780
1620
2129
59
2938
2047
1220
2694
1440
0
1432
1442
1783
505
2675
2818
1314
1326
399
707
1834
91
464
344
618
1459
2
78
1491
379
1624
2305
135
2898
191
534
2790
912
896
1232
1776
1067
2520
2277
640
2733
147
1659
1209
2592
2109
1742
417
2884
2699
2793
2876
1135
83
1313
145
2778
1450
1626
320
1639
648
2408
483
161
45
1896
1213
1392
453
198
588
926
1318
2166
670
133
241
645
35
1361
517
560
2333
787
589
1706
2617
2832
1871
307
1455
1347
2557
1022
996
168
1821
76
880
1402
718
286
68
1767
509
1186
2687
2034
729
2762
2829
2302
924
2073
2932
461
1889
2237
2775
238
1083
492
691
1376
1828
952
1454
580
2698
1558
31
476
2870
2276
335
2579
2200
439
156
192
1502
1820
2799
1428
915
988
2680
897
849
1412
2668
1775
2495
338
2011
1778
891
2327
2032
1930
1038
1714
2453
1837
2743
1153
2224
2676
376
2850
825
1216
2819
1609
312
38
2352
1008
2137
1255
480
909
1712
717
1386
251
200
1042
224
1309
967
494
835
892
1474
2503
773
184
1470
1581
2648
1721
641
1343
2451
943
193
1053
528
2071
810
2709
2264
195
2081
2558
1416
103
98
303
1735
443
2621
1110
671
114
1448
180
622
574
52
220
1162
2607
579
563
86
715
2206
48
1556
1267
2000
2702
1797
2774
1145
1451
1671
573
1705
2736
1713
1163
2930
2320
2029
2120
2116
2227
1073
2510
463
2052
1739
183
871
2267
879
2622
2830
1279
1482
1816
2538
1211
2031
2564
263
326
242
513
1573
1363
174
917
2328
235
398
196
885
2865
2599
1717
522
2336
1330
1421
1060
1441
1380
2489
827
2647
1086
239
2821
1452
630
105
1571
153
141
1787
950
1862
1475
1795
212
130
1634
636
2266
2670
20
2494
1891
2322
1532
1631
2479
2505
2887
2706
1355
101
925
1325
1965
1219
2603
1327
714
1983
2209
1956
1462
2802
1962
306
646
2604
1813
1127
706
272
448
2535
132
1751
1684
36
2595
2300
1744
1258
1811
260
1043
1064
2170
2461
1948
403
1068
1496
2645
382
2559
899
111
2659
1614
1244
512
1149
2223
1919
2779
351
2723
2716
822
2820
2118
1486
2521
1100
1690
2512
2257
15
1132
840
2131
2111
2525
1103
226
134
1863
1555
2581
2433
1013
2169
2548
1438
1729
2069
2370
1307
744
2179
934
2326
550
608
985
867
1798
2301
116
2040
63
1397
2351
2284
1678
482
927
390
2921
2636
214
820
2586
1018
2760
1686
2764
2153
2409
2369
719
293
2280
1588
138
1109
1579
2171
2059
2043
449
649
2849
681
2517
1578
777
1644
1399
428
702
607
82
1097
660
2693
2121
268
1905
2861
2848
2235
2308
2245
477
149
1383
1653
2314
2078
2278
246
2092
117
2504
2274
2417
585
1362
229
47
2432
475
159
1747
234
709
58
1226
979
2454
2004
1052
2660
2759
694
913
708
2771
1015
317
187
2366
815
1184
2134
2929
2910
2330
2039
1508
2649
2406
883
1227
2164
998
2205
2295
498
1009
1503
2448
2822
1904
547
1926
2324
2507
999
396
2740
1563
1039
2516
2172
2895
2808
325
1875
1771
499
2878
2091
995
2474
1982
2835
555
1763
1523
1493
2401
1431
264
2767
1000
2746
1133
339
1065
1524
400
1066
2230
759
2701
1854
814
2101
2012
1513
2780
155
1893
2750
2772
1902
2642
642
2784
1004
2511
2429
1379
2583
1927
1169
587
143
1505
1623
1731
2427
2422
1949
829
884
1613
1980
2752
1519
1525
1360
1112
765
1826
1285
186
1940
2342
2560
2036
1104
2794
526
2587
758
2389
1756
1288
2769
2497
2708
1469
1254
1171
1552
565
1419
2888
2666
2219
657
1992
833
1283
2464
1794
2797
2623
1641
2312
1228
2851
2127
1471
2319
1157
142
2123
2605
9
2643
261
1725
813
846
1966
24
1036
140
1546
446
2226
1148
361
1533
561
2124
2651
1140
2551
713
1838
2443
557
2788
887
2753
844
11
1689
875
2412
1460
124
358
73
1975
2823
90
795
1492
2216
658
176
1596
1530
957
2681
539
169
1247
2663
1384
2900
2391
1520
2748
2155
384
2908
1367
2466
2864
2508
1506
2337
2436
650
2785
2831
1310
2425
1716
118
2473
2341
2911
273
1263
722
1637
1865
1292
2801
1779
606
2542
2398
2299
977
931
1358
2480
540
1408
416
2113
1606
2751
1197
591
1648
2346
861
2940
798
1129
2756
357
1481
2582
678
203
1967
2403
444
2700
2371
1818
619
2711
905
2273
989
1212
2803
1306
2415
1225
536
1726
2243
2183
50
1719
1526
2644
964
569
233
2252
104
1841
2136
280
377
1844
1147
442
1251
652
1898
380
2916
308
1504
23
911
2452
1737
2483
1849
754
2679
2467
197
1880
811
2221
1387
2868
2488
2283
1270
2697
1497
1652
1774
173
1780
625
1856
944
2457
2735
318
1075
296
2140
945
946
1041
2431
503
1117
1282
731
1198
1635
987
1651
2695
2826
514
1981
1886
1674
1819
770
1550
2161
2458
1095
1895
1586
2766
1190
1417
576
1861
1259
1243
2188
1879
204
1040
231
1479
1501
837
1339
1146
1601
762
2191
127
1391
902
2539
1378
1003
1575
2376
2315
387
868
107
1234
1224
1266
1667
1188
1305
2388
1281
1619
2367
1161
2294
1410
410
1056
686
2399
1803
2165
2531
1436
1646
653
872
1657
502
584
644
1020
1850
1647
1319
1106
2387
374
2867
2199
779
980
2630
284
2065
575
2119
2782
1723
1672
2858
2068
1320
2904
2375
1422
281
154
2650
2440
1298
1500
2074
1046
537
1670
2871
542
1269
1249
2404
581
1463
397
705
1911
2672
2556
72
1915
2770
323
1345
1604
894
2426
2805
1762
692
1580
1115
746
593
55
2628
836
2568
1336
1230
516
2122
921
1831
2688
194
545
497
2450
423
1182
1215
1276
2249
613
2885
389
1934
2304
1324
496
2444
783
1922
2167
2449
1765
2665
1203
756
2348
1
1770
583
851
341
855
2552
2577
1194
60
2006
1830
2428
1478
32
1929
784
2847
1848
1781
2471
807
850
2001
958
205
2162
1334
1034
672
2608
2082
2033
1925
278
2357
1874
424
2061
1026
882
2288
1564
1832
109
2896
1996
2260
1401
2160
1077
1682
990
1527
2180
1522
150
571
781
2886
1180
603
1030
1078
259
1346
922
64
1954
1150
7
69
2217
1790
88
1607
2903
362
340
1072
1028
2269
1223
699
467
790
2624
1961
2103
1807
122
881
1649
1029
778
2800
14
1697
108
2383
568
1931
1121
2519
1809
1058
1458
421
2575
2385
343
2100
457
1680
491
2727
948
1553
2321
2262
26
845
586
1076
1136
2195
531
80
2175
1749
2338
2010
1600
1884
2936
287
1890
620
2460
2879
322
1908
2795
1229
2734
2203
1409
92
1085
2685
2465
1019
1518
1805
1543
1754
1806
1897
2381
2147
5
2652
1640
2722
292
712
1006
2281
1535
2490
982
225
1907
1662
747
414
1718
2523
2400
1014
567
2090
1483
2365
146
1111
2193
2148
181
1398
2598
1822
986
394
1855
1107
119
864
288
954
2931
62
2053
1341
227
2027
2325
1340
1200
2827
1665
1265
170
2095
2285
1529
2892
333
77
2084
936
1364
433
1677
1204
2485
1964
1937
431
2361
2899
2596
353
2637
2812
2442
85
1158
1936
659
786
1155
1418
1515
2378
1842
700
316
93
1570
2824
1045
1743
2411
385
2726
2021
1390
2536
2194
386
1323
1159
54
162
1793
1679
1128
2863
3
741
342
1375
878
1154
2402
1175
1554
1610
1218
1295
1942
97
2105
874
2591
27
1810
1873
1941
2602
888
2214
1297
665
29
1938
2290
1709
2420
901
1333
1542
970
774
356
2447
40
1628
929
1939
769
1381
612
601
1273
2231
1944
1118
2046
857
2207
1010
368
1477
1354
237
1916
1900
839
294
2853
2912
1835
2499
2126
266
1568
643
1168
1864
519
2763
1242
1407
2364
2459
2142
2229
304
1429
495
2662
2462
2254
726
2354
1740
2286
152
1277
690
1669
1702
1081
1284
687
1499
1692
1642
538
2897
1235
401
178
863
1370
1507
1338
1055
2067
669
1069
1872
1730
1210
1177
2446
291
609
1245
2098
1947
488
910
269
2720
2184
1901
2573
590
675
1782
961
604
728
2030
578
1299
2339
1978
541
2757
1444
1574
572
2066
1465
2212
2316
2754
2038
1673
348
2340
732
2834
139
1537
1592
2634
521
2690
2611
2578
2486
2860
208
474
2925
177
1800
1860
1629
123
1946
66
2317
524
527
484
1959
866
1275
1950
2177
2915
767
1913
876
1536
2792
2761
1824
1312
1656
562
201
112
354
1449
596
2715
1206
1881
1142
1758
1605
2825
1928
2236
2537
2594
2303
2018
2445
1514
2438
1955
61
2553
240
185
2529
1001
2631
2079
366
2625
1766
908
1675
4
752
2686
1894
2225
1480
2749
1236
935
470
2655
1703
1141
2475
2258
684
2758
2296
955
951
1993
2310
930
2005
594
2138
2639
429
87
290
1695
733
1033
455
973
2080
2133
2353
2674
39
1829
2641
639
800
2430
1638
411
136
1427
1632
1887
1722
710
329
2882
1411
2291
1973
763
1404
2777
2395
479
771
299
2293
1987
2023
2279
2913
2569
1437
838
115
120
1997
2022
1468
1727
297
216
2085
2815
2901
2730
415
1371
51
1116
518
2020
298
2468
2544
799
1906
1337
490
1424
2890
2244
2866
1485
806
577
489
2712
1495
459
1317
2721
856
685
2204
602
1207
501
2419
2017
2528
739
1420
1201
67
2506
2845
2424
907
1869
2813
1366
992
631
1063
2562
869
2481
2044
314
336
1130
959
2646
378
18
1517
1488
1082
854
2498
2181
2309
1131
2345
520
144
2719
1708
553
2189
158
674
1098
1246
1415
2107
1023
974
100
1945
13
843
2619
262
1654
1804
1461
2110
1308
2144
2477
937
962
210
2086
10
976
1789
324
1166
355
824
1764
56
2016
1732
689
230
2292
383
1977
2358
302
1092
805
232
1433
743
2323
1356
2158
360
953
30
1853
2368
740
2150
750
487
2251
616
2877
245
966
853
126
2359
1960
735
1091
1958
916
1302
704
2817
2684
2638
1021
2580
1788
1192
1583
862
775
761
392
1253
1439
1943
647
510
1701
1867
364
2355
2463
2656
2513
450
2584
748
1715
2837
1917
420
832
2543
796
2063
2332
2173
1049
2922
265
2902
2614
1808
309
716
1663
1777
2809
253
1351
753
468
1995
2791
1903
2289
2094
1152
2924
679
2196
548
2597
327
2533
432
1205
2747
472
2905
1802
2114
1231
600
1119
1074
2606
1924
2093
388
1998
1396
405
2198
1991
2392
523
363
965
1589
2117
1413
997
1547
1484
2566
2478
1489
2664
2833
1238
1888
2418
2151
1733
900
611
427
121
1174
680
764
886
2742
932
504
1710
337
2329
2635
221
1755
564
2201
2626
295
2154
1178
402
2343
1173
2096
983
1608
1443
1985
1989
2640
6
373
817
2546
1208
485
826
1734
2814
2156
1189
391
2192
721
2714
1102
2633
724
847
984
2421
1315
2414
737
2669
2405
37
2210
1476
2178
2501
1290
2843
2238
25
558
179
745
2738
1260
1447
2362
1167
2272
1271
742
2857
1016
1096
1389
2937
2798
1144
2240
1521
2839
1512
2287
258
471
1836
131
1664
549
2844
598
656
2054
486
2072
2253
2242
500
1602
1179
2239
2682
1509
157
1698
2704
2470
592
2933
1882
782
1746
823
1368
481
1256
1240
2632
923
1467
1134
1650
1456
2725
1353
2075
720
1011
217
2729
206
2439
1817
582
1952
34
2880
473
667
1164
409
818
801
250
2530
2261
2002
1099
1217
2307
1633
651
1576
2796
2241
1031
2787
852
2514
2869
2667
2873
1597
794
2881
870
1676
789
1935
2234
2393
458
2051
1668
2836
2182
1143
1761
1845
1814
1108
1791
16
28
1645
213
1548
1531
1691
1582
71
1549
1257
2576
1724
274
858
2076
247
81
2934
1079
2491
2356
956
1181
971
1487
556
525
254
2527
222
1151
46
2190
2927
2920
2627
372
2852
508
2174
289
2250
968
963
2928
2246
2540
1394
2482
2909
695
478
903
1953
668
1738
2783
2163
102
635
595
2939
2589
1466
1569
1196
359
228
331
1385
2152
2416
2613
928
515
904
345
163
1286
1910
727
873
2347
791
1561
2441
1054
2765
2455
2197
1846
906
257
1687
352
148
1357
1070
1921
1587
1248
663
438
554
978
1567
2563
688
895
788
2883
661
1621
725
1300
2009
2007
2893
95
347
445
1972
451
2496
2384
2256
834
543
755
128
617
430
2705
2060
676
1012
1280
2696
2097
597
628
1923
404
1799
1866
2789
2143
1700
282
328
1400
1264
1557
375
2724
605
2456
1591
1490
1126
2776
610
1630
1598
74
2437
2654
1827
2854
2363
319
2534
1878
859
1332
1303
1252
418
2941
1237
2360
2616
1612
395
1414
305
57
940
749
919
624
1963
75
8
551
190
199
772
1287
1094
1801
1745
1812
2247
2050
2601
2311
655
1540
2058
1268
2263
243
1999
841
2106
1025
2842
2472
1331
1617
2677
1403
315
1382
2484
1061
1291
207
248
1859
215
465
41
2547
1655
776
1170
2062
2919
1516
1560
751
559
267
311
1080
2083
53
2515
277
1885
2554
1101
2390
2048
803
2125
1114
1511
994
860
2732
1464
768
65
447
1296
1707
566
1720
2423
2377
2828
2041
419
2609
1349
1618
2372
2807
2019
1538
2003
2620
848
683
2561
2135
1124
1750
981
1539
2373
2469
2894
2532
310
2744
1294
1976
160
2541
42
2087
1970
530
2318
2615
1195
2064
2186
2222
270
113
2914
350
1615
682
2382
2268
1736
2524
1792
188
738
1577
84
2104
2689
1059
1406
441
1262
1388
599
393
285
2572
1683
321
1599
1393
2889
1892
1426
276
223
406
664
1250
2282
2618
79
1221
2671
816
2379
1165
1643
2232
2717
2035
2026
2745
2331
991
125
1342
1359
408
1122
2739
1335
1498
2891
1120
1768
2500
2139
2271
1350
1593
804
552
255
1160
1261
2349
2220
662
1741
2297
1760
1616
256
632
283
2571
1193
96
1241
1374
369
2108
2386
1137
570
275
1289
975
12
1423
2211
2334
614
1395
244
2492
697
626
2313
426
615
94
301
1329
1002
2926
1328
1473
703
2590
70
2906
1847
2673
2741
2811
2600
533
33
1352
865
1974
1047
2146
1909
629
1711
1090
960
696
1202
1566
2213
809
219
1786
2350
1625
1595
466
2907
1753
808
1172
2265
701
2187
627
1971
2585
2089
1876
1545
1304
1453
2055
993
2683
1696
189
2755
633
947
2610
1425
2653
165
1784
151
2718
2435
2567
2407
1843
1868
634
1870
1445
1048
1125
529
2856
129
2037
2629
1693
2176
2233
638
1446
1796
830
2380
711
1087
2057
2593
2588
1293
2518
1694
1050
2099
2804
2259
452
1825
1899
469
546
1187
1430
2549
673
2661
2218
889
1089
1951
332
1622
2208
2917
1316
942
1032
2678
1278
2555
2397
1681
1990
2526
110
1627
793
349
2008
723
2707
1769
167
2344
2859
1933
1658
2565
918
2918
313
1185
2487
2159
164
330
2130
621
2493
2574
462
2816
2306
842
249
1704
1914
1435
425
1348
456
1851
1772
544
1062
2168
2045
1565
511
209
1088
1176
346
1661
1005
698
493
1685
172
2862
1051
367
2132
2248
1551
300
2855
365
2024
1301
1852
2185
454
1510
1757
1688
1994
1883
2145
1815
2128
2728
1839
1590
1239
2773
271
734
623
1105
1785
435
19
2270
2141
44
1035
2810
2841
1534
2025
507
1752
1920
1541
1365
1957
412
1057
637
933
757
506
2088
2335
2731
1969
2502
736
1472
1369
1585
1123
1559
941
171
1017
969
1007
792
2923
2434
2476
2570
49
252
166
2157
677
532
1027
182
99
819
1544
920
436
1918
437
2394
2737
535
2710
949
1562
914
828
1138
693
1084
22
434
1611
2228
2872
877
1773
2691
1748
440
2298
2522
890
2658
1093
1457
1968
2840
1584
2042
1156
2374
2077
1528
2255
1113
972
1199
654
2875
2013
1191
2838
893
106
1373
1823
2149
43
2550
2935
1833
766
89
821
1594
370
2713
1139
760
1636
2056
2102
21
797
1321
1322
939
1272
334
1666
2692
1986
2657
17
1699
802
1858
2786
236
812
2112
1494
202
2115
371
2396
2202
1572
898
1344
422
785
1037
460
2781
1660
381
1979
1984
407
1024
211
2846
2014
2806
2413
137
1214
175
413
2874
2215
2028
1372
2545
2612
1044
831
1405
666
1311
730
1728
1274
1759
1071
1912
2768
1877

