1 1
2 1
3 1
4 0
5 1
6 1
7 1
8 1
9 0
10 0
11 0
12 1
13 0
14 0
15 1
16 0
17 0
18 1
19 1
20 0
21 1
22 0
23 0
24 1
25 1
26 1
27 0
28 0
29 1
30 0
31 0
32 1
33 0
34 0
35 1
36 1
37 0
38 0
39 1
40 0
41 0
42 1
43 0
44 0
45 0
46 1
47 1
48 1
49 1
50 1
51 1
52 1
53 0
54 1
55 1
56 1
57 1
58 1
59 0
60 0
61 1
62 1
63 1
64 0
65 1
66 1
67 1
68 0
69 1
70 1
71 0
72 1
73 1
74 0
75 0
76 1
77 1
78 1
79 0
80 0
81 1
82 0
83 1
84 0
85 0
86 1
87 0
88 1
89 0
90 1
91 0
92 0
93 1
94 0
95 1
96 0
97 1
98 0
99 1
100 0
101 0
102 1
103 1
104 0
105 1
106 0
107 0
108 1
109 0
110 1
111 1
112 1
113 1
114 1
115 0
116 0
117 0
118 0
119 0
120 1
121 0
122 1
123 0
124 1
125 1
126 1
127 1
128 1
129 1
130 0
131 1
132 1
133 0
134 0
135 0
136 0
137 0
138 0
139 1
140 0
141 0
142 1
143 0
144 1
145 0
146 1
147 1
148 1
149 1
150 1
151 0
152 0
153 0
154 0
155 1
156 0
157 1
158 1
159 1
160 1
161 1
162 0
163 1
164 0
165 1
166 1
167 1
168 0
169 0
170 1
171 1
172 1
173 1
174 1
175 1
176 0
177 1
178 0
179 0
180 1
181 0
182 1
183 1
184 1
185 0
186 0
187 1
188 0
189 1
190 0
191 0
192 1
193 1
194 0
195 1
196 1
197 0
198 1
199 0
200 0
201 0
202 1
203 0
204 1
205 0
206 1
207 0
208 1
209 0
210 1
211 1
212 1
213 0
214 1
215 1
216 0
217 0
218 1
219 1
220 0
221 0
222 0
223 0
224 1
225 0
226 0
227 1
228 0
229 1
230 1
231 0
232 1
233 1
234 0
235 1
236 1
237 1
238 0
239 0
240 1
241 1
242 0
243 1
244 1
245 1
246 1
247 0
248 1
249 1
250 0
251 0
252 1
253 0
254 1
255 1
256 0
257 1
258 0
259 0
260 0
261 0
262 0
263 1
264 0
265 0
266 1
267 1
268 0
269 0
270 1
271 0
272 0
273 1
274 1
275 0
276 1
277 0
278 1
279 0
280 1
281 0
282 1
283 1
284 1
285 0
286 0
287 0
288 0
289 1
290 0
291 0
292 1
293 0
294 0
295 1
296 1
297 0
298 1
299 0
300 0
301 1
302 1
303 1
304 1
305 0
306 0
307 0
308 1
309 0
310 1
311 0
312 0
313 1
314 1
315 1
316 0
317 0
318 1
319 0
320 0
321 0
322 1
323 0
324 1
325 1
326 1
327 0
328 1
329 0
330 0
331 0
332 1
333 1
334 0
335 1
336 0
337 1
338 1
339 0
340 1
341 0
342 0
343 1
344 0
345 1
346 0
347 0
348 0
349 0
350 1
351 1
352 1
353 0
354 0
355 0
356 0
357 1
358 1
359 0
360 0
361 0
362 1
363 0
364 0
365 0
366 0
367 0
368 0
369 0
370 0
371 1
372 0
373 1
374 1
375 0
376 1
377 1
378 0
379 0
380 1
381 0
382 1
383 0
384 0
385 1
386 0
387 0
388 1
389 1
390 0
391 0
392 0
393 0
394 1
395 1
396 0
397 0
398 1
399 0
400 1
401 0
402 1
403 1
404 1
405 1
406 1
407 1
408 0
409 0
410 1
411 0
412 1
413 0
414 1
415 1
416 0
417 0
418 0
419 1
420 1
421 1
422 1
423 0
424 1
425 0
426 0
427 0
428 1
429 1
430 1
431 1
432 0
433 1
434 0
435 1
436 1
437 0
438 1
439 0
440 0
441 1
442 0
443 1
444 0
445 0
446 0
447 0
448 1
449 1
450 0
451 1
452 1
453 0
454 1
455 0
456 1
457 0
458 1
459 1
460 1
461 0
462 0
463 0
464 0
465 0
466 1
467 1
468 1
469 0
470 0
471 1
472 0
473 1
474 0
475 0
476 0
477 1
478 0
479 1
480 0
481 1
482 1
483 0
484 0
485 0
486 1
487 0
488 0
489 1
490 0
491 0
492 1
493 0
494 0
495 0
496 0
497 0
498 1
499 1
500 0
501 1
502 1
503 1
504 0
505 1
506 1
507 0
508 0
509 0
510 1
511 0
512 1
513 0
514 1
515 1
516 0
517 1
518 0
519 1
520 1
521 0
522 0
523 0
524 0
525 1
526 0
527 0
528 0
529 1
530 0
531 0
532 0
533 1
534 1
535 0
536 0
537 0
538 0
539 1
540 1
541 1
542 0
543 1
544 1
545 0
546 1
547 1
548 1
549 1
550 1
551 0
552 1
553 0
554 1
555 1
556 0
557 0
558 0
559 0
560 0
561 1
562 0
563 1
564 0
565 1
566 1
567 1
568 1
569 1
570 1
571 1
572 0
573 0
574 1
575 0
576 1
577 0
578 1
579 0
580 0
581 1
582 0
583 0
584 1
585 0
586 0
587 0
588 0
589 1
590 0
591 0
592 0
593 0
594 0
595 0
596 1
597 0
598 0
599 1
600 0
601 1
602 1
603 1
604 1
605 0
606 1
607 1
608 0
609 1
610 0
611 1
612 1
613 0
614 1
615 0
616 0
617 0
618 0
619 1
620 1
621 0
622 0
623 1
624 1
625 1
626 1
627 0
628 0
629 0
630 0
631 0
632 0
633 1
634 1
635 1
636 1
637 0
638 1
639 1
640 0
641 0
642 0
643 0
644 0
645 1
646 1
647 0
648 0
649 0
650 1
651 1
652 1
653 1
654 0
655 0
656 0
657 1
658 0
659 0
660 0
661 1
662 0
663 1
664 0
665 0
666 1
667 0
668 0
669 0
670 0
671 1
672 0
673 1
674 1
675 1
676 0
677 1
678 0
679 0
680 0
681 0
682 1
683 1
684 1
685 0
686 0
687 0
688 0
689 0
690 0
691 1
692 0
693 1
694 1
695 1
696 0
697 1
698 1
699 0
700 1
701 0
702 0
703 1
704 1
705 0
706 0
707 0
708 1
709 0
710 1
711 1
712 1
713 0
714 0
715 0
716 1
717 0
718 1
719 1
720 0
721 0
722 1
723 0
724 1
725 0
726 0
727 1
728 0
729 1
730 1
731 1
732 1
733 0
734 1
735 0
736 1
737 0
738 1
739 1
740 0
741 0
742 1
743 1
744 1
745 1
746 0
747 1
748 0
749 0
750 1
751 0
752 1
753 0
754 0
755 1
756 1
757 1
758 0
759 1
760 1
761 1
762 1
763 0
764 0
765 1
766 0
767 0
768 1
769 0
770 0
771 0
772 1
773 0
774 1
775 0
776 0
777 1
778 1
779 0
780 0
781 1
782 1
783 1
784 0
785 1
786 1
787 1
788 0
789 0
790 0
791 1
792 0
793 1
794 0
795 0
796 1
797 1
798 1
799 0
800 0
801 0
802 1
803 1
804 0
805 0
806 0
807 1
808 0
809 0
810 0
811 1
812 1
813 0
814 0
815 0
816 0
817 0
818 1
819 0
820 0
821 1
822 0
823 0
824 0
825 0
826 0
827 0
828 0
829 0
830 1
831 1
832 0
833 1
834 0
835 0
836 1
837 0
838 0
839 0
840 0
841 1
842 1
843 0
844 0
845 1
846 0
847 1
848 1
849 1
850 0
851 1
852 1
853 1
854 1
855 0
856 1
857 0
858 1
859 0
860 1
861 1
862 1
863 0
864 1
865 0
866 0
867 1
868 0
869 0
870 0
871 0
872 1
873 0
874 1
875 1
876 0
877 0
878 0
879 1
880 1
881 0
882 1
883 0
884 0
885 0
886 1
887 0
888 1
889 0
890 0
891 1
892 1
893 1
894 0
895 1
896 0
897 0
898 0
899 1
900 0
901 0
902 0
903 1
904 0
905 0
906 0
907 1
908 0
909 0
910 1
911 0
912 1
913 1
914 1
915 0
916 1
917 0
918 0
919 0
920 1
921 1
922 1
923 0
924 1
925 1
926 0
927 0
928 1
929 0
930 1
931 1
932 0
933 1
934 1
935 1
936 0
937 0
938 0
939 0
940 1
941 1
942 1
943 0
944 0
945 1
946 1
947 1
948 1
949 0
950 1
951 0
952 0
953 1
954 0
955 1
956 0
957 1
958 0
959 1
960 1
961 1
962 0
963 0
964 1
965 0
966 1
967 0
968 0
969 0
970 0
971 1
972 0
973 0
974 1
975 0
976 1
977 0
978 1
979 1
980 0
981 1
982 0
983 1
984 1
985 0
986 0
987 0
988 0
989 0
990 0
991 1
992 1
993 0
994 0
995 1
996 0
997 0
998 0
999 0
1000 1
1001 0
1002 0
1003 1
1004 0
1005 0
1006 0
1007 1
1008 1
1009 1
1010 1
1011 0
1012 0
1013 0
1014 1
1015 0
1016 1
1017 1
1018 1
1019 0
1020 1
1021 1
1022 1
1023 0
1024 0
1025 0
1026 1
1027 0
1028 1
1029 1
1030 1
1031 0
1032 0
1033 1
1034 1
1035 0
1036 1
1037 0
1038 0
1039 1
1040 0
1041 1
1042 1
1043 1
1044 1
1045 0
1046 0
1047 0
1048 0
1049 0
1050 0
1051 1
1052 1
1053 0
1054 0
1055 0
1056 0
1057 0
1058 1
1059 0
1060 1
1061 0
1062 1
1063 0
1064 0
1065 1
1066 0
1067 0
1068 1
1069 0
1070 0
1071 0
1072 1
1073 0
1074 1
1075 1
1076 1
1077 0
1078 0
1079 1
1080 1
1081 1
1082 0
1083 0
1084 0
1085 0
1086 1
1087 0
1088 0
1089 1
1090 0
1091 1
1092 0
1093 0
1094 1
1095 1
1096 1
1097 0
1098 1
1099 1
1100 1
1101 1
1102 1
1103 0
1104 0
1105 0
1106 1
1107 1
1108 1
1109 1
1110 0
1111 1
1112 0
1113 1
1114 0
1115 0
1116 0
1117 1
1118 0
1119 1
1120 0
1121 1
1122 0
1123 0
1124 1
1125 0
1126 1
1127 1
1128 1
1129 0
1130 1
1131 0
1132 0
1133 1
1134 1
1135 0
1136 0
1137 0
1138 1
1139 1
1140 1
1141 0
1142 0
1143 1
1144 1
1145 0
1146 0
1147 1
1148 1
1149 1
1150 0
1151 0
1152 0
1153 0
1154 0
1155 1
1156 0
1157 1
1158 1
1159 1
1160 1
1161 0
1162 0
1163 1
1164 1
1165 1
1166 1
1167 0
1168 1
1169 1
1170 1
1171 0
1172 0
1173 1
1174 1
1175 0
1176 0
1177 0
1178 1
1179 0
1180 1
1181 0
1182 0
1183 1
1184 1
1185 0
1186 0
1187 1
1188 1
1189 0
1190 1
1191 0
1192 1
1193 1
1194 1
1195 0
1196 0
1197 1
1198 0
1199 0
1200 1
1201 1
1202 0
1203 1
1204 0
1205 0
1206 1
1207 0
1208 1
1209 0
1210 0
1211 1
1212 1
1213 0
1214 1
1215 1
1216 0
1217 0
1218 0
1219 0
1220 1
1221 0
1222 0
1223 0
1224 1
1225 1
1226 1
1227 0
1228 1
1229 1
1230 1
1231 0
1232 1
1233 0
1234 0
1235 0
1236 0
1237 0
1238 1
1239 1
1240 0
1241 0
1242 1
1243 0
1244 0
1245 1
1246 0
1247 0
1248 0
1249 0
1250 0
1251 0
1252 1
1253 1
1254 0
1255 0
1256 1
1257 0
1258 1
1259 0
1260 1
1261 0
1262 0
1263 0
1264 1
1265 0
1266 1
1267 1
1268 1
1269 1
1270 1
1271 0
1272 0
1273 0
1274 1
1275 0
1276 0
1277 0
1278 0
1279 0
1280 0
1281 0
1282 1
1283 0
1284 1
1285 0
1286 1
1287 1
1288 0
1289 1
1290 0
1291 1
1292 0
1293 0
1294 1
1295 1
1296 1
1297 0
1298 1
1299 1
1300 1
1301 0
1302 0
1303 0
1304 0
1305 0
1306 0
1307 0
1308 1
1309 0
1310 1
1311 1
1312 0
1313 1
1314 0
1315 0
1316 0
1317 1
1318 0
1319 1
1320 0
1321 1
1322 0
1323 1
1324 1
1325 0
1326 0
1327 0
1328 1
1329 1
1330 0
1331 0
1332 1
1333 1
1334 0
1335 1
1336 0
1337 1
1338 0
1339 1
1340 0
1341 1
1342 0
1343 0
1344 0
1345 0
1346 1
1347 1
1348 1
1349 0
1350 1
1351 0
1352 1
1353 0
1354 1
1355 1
1356 0
1357 1
1358 1
1359 0
1360 1
1361 0
1362 1
1363 1
1364 1
1365 0
1366 0
1367 0
1368 1
1369 0
1370 1
1371 1
1372 0
1373 0
1374 0
1375 1
1376 0
1377 1
1378 0
1379 0
1380 0
1381 1
1382 0
1383 1
1384 0
1385 1
1386 0
1387 1
1388 1
1389 1
1390 0
1391 0
1392 0
1393 1
1394 0
1395 0
1396 1
1397 1
1398 0
1399 1
1400 0
1401 1
1402 1
1403 0
1404 1
1405 0
1406 0
1407 1
1408 1
1409 0
1410 1
1411 0
1412 1
1413 0
1414 1
1415 0
1416 1
1417 1
1418 0
1419 1
1420 0
1421 0
1422 1
1423 0
1424 0
1425 0
1426 0
1427 1
1428 1
1429 0
1430 1
1431 1
1432 0
1433 0
1434 0
1435 0
1436 0
1437 1
1438 1
1439 0
1440 1
1441 1
1442 1
1443 0
1444 0
1445 1
1446 0
1447 1
1448 1
1449 0
1450 1
1451 1
1452 1
1453 0
1454 1
1455 1
1456 1
1457 0
1458 1
1459 1
1460 1
1461 0
1462 1
1463 1
1464 1
1465 1
1466 1
1467 1
1468 1
1469 1
1470 0
1471 0
