2857
2859
1056
794
2660
946
2845
937
517
2393
1766
430
812
2854
2604
1968
1119
2706
191
2243
330
1528
2044
282
2326
1962
581
2915
1050
1204
2424
2254
2745
732
72
830
1880
1326
2315
1112
1247
133
2179
2701
1063
2322
2087
539
762
453
2107
73
1187
2207
859
113
897
765
2471
2567
2686
938
247
1856
1801
675
2252
2295
639
665
1141
78
537
1860
1572
2251
577
355
741
265
947
1678
2246
1957
2148
932
27
2386
1034
263
1776
327
632
359
2056
2922
1948
972
928
861
1556
395
1133
511
643
2074
1267
1309
2353
2743
2559
325
906
887
1026
2733
1897
697
2116
686
1049
2394
2447
433
1539
1746
1397
2071
2194
381
1086
1925
1442
2514
1674
905
1393
1994
35
2183
601
706
2593
580
103
1310
549
1176
495
1694
666
2553
2646
2059
1992
2416
2234
2220
2627
2838
1959
1071
2786
1533
289
203
935
1340
2548
541
2591
1810
995
1661
1099
1727
2398
287
2219
1351
1985
2007
2365
1952
2199
2791
2705
1814
1242
356
2448
1251
1311
1657
304
449
267
1276
2286
1571
227
424
482
621
2793
24
2182
1106
527
1314
1484
629
2711
2088
426
1380
1851
2427
1585
2886
1139
910
1737
87
312
1991
1459
2601
637
505
2350
2248
1280
1333
753
2412
2021
2647
2364
1525
2480
31
2423
700
1940
2446
2439
1487
2697
2727
393
538
875
379
1149
1142
1934
582
705
2658
2275
2489
1506
1606
2391
2770
2905
760
9
294
1728
1700
1714
2160
815
724
949
47
1703
984
641
2825
334
2437
2870
148
2355
826
1490
1067
563
2535
566
2813
2851
2401
1417
1475
1428
350
2190
352
326
1373
110
1425
994
20
1895
22
1282
870
1068
321
1639
1605
1613
1975
2787
1378
1002
2417
2276
2119
1594
570
1413
2829
105
1562
1903
1339
454
574
769
2568
2240
2400
2238
2397
714
484
2265
1780
2028
1591
2574
2258
2643
551
116
295
2487
2765
2102
2293
160
1042
1668
2451
44
293
758
1322
382
1237
1325
1627
785
624
736
788
2483
306
2537
1629
243
257
2835
2585
2695
173
1307
1747
2181
781
1839
1834
2763
2926
232
572
886
748
2778
2509
2038
786
2529
1552
384
1900
1503
940
1733
2596
1981
2196
944
948
1405
26
438
1029
2381
1087
727
2681
2900
1104
480
1173
1739
2852
1296
2662
2700
371
1230
2620
1473
2305
2579
2360
2187
2320
699
2795
1846
109
1980
844
1157
2748
2560
568
471
667
2096
600
2850
2263
982
955
119
909
2189
1650
2848
2522
45
1432
719
831
338
1807
1544
435
2342
1887
791
927
1
1784
1693
846
650
2587
2902
1302
1841
2269
125
809
1445
630
884
2652
1999
638
441
1101
2936
1215
2470
1772
137
1938
2233
1324
101
2084
2575
2703
787
2750
2831
633
413
913
2507
525
930
2352
2419
493
153
1624
1020
36
933
2805
801
2792
2490
770
337
892
1420
331
747
755
2247
1909
2299
1191
1621
2760
1161
2877
2109
1436
236
1315
1430
1893
2855
1917
2737
806
1179
129
410
2075
150
2050
966
8
1363
2473
1837
2916
1299
677
442
2885
921
597
2566
1057
1007
959
780
2569
219
1927
1222
2495
1583
1671
1055
1120
1771
2910
1392
1480
309
373
1862
1872
2653
645
1097
2332
834
412
866
1526
1649
29
28
2300
1827
2931
2730
1137
485
63
61
1006
2694
646
89
1467
2232
91
712
2048
1762
2156
658
492
1545
1636
416
1500
2130
303
1102
956
166
1819
2149
609
934
2501
1051
170
2082
1399
152
2820
783
2399
899
1858
2158
2395
2291
1998
1604
2086
2218
1867
1873
2403
2864
121
1651
2625
2327
2151
958
2739
1343
2666
83
2047
6
2640
12
2717
466
96
286
2316
2496
1001
2506
2178
954
1990
234
2503
535
614
1692
1463
2420
2377
1878
1607
1135
1489
157
2918
2073
2013
856
488
291
550
1829
1830
961
2673
2563
1726
1901
1797
920
2779
997
2798
134
515
1046
1226
835
2669
1731
1341
2494
2147
1111
2311
1409
1390
1982
199
2132
1892
2229
2761
1620
1336
1775
1558
1289
2670
2282
159
733
2454
2201
1366
839
832
1210
1631
2171
196
1761
1047
2804
1172
192
2920
746
2049
138
1382
1587
2617
2323
1685
2168
1530
745
1979
1465
1256
279
695
598
2618
739
2542
2204
710
123
2200
377
2556
14
561
407
1547
2846
1875
93
429
1403
1813
2636
2493
1414
2789
2482
2682
1498
2431
2070
439
1734
895
2256
1371
1386
863
1194
943
2284
1971
1854
764
2042
983
1407
1313
298
221
900
374
1018
1984
998
616
2661
1244
448
2667
115
620
1844
2611
2896
2725
2721
548
1402
1509
2803
2536
1410
2856
1564
1183
2392
931
799
2562
2707
1742
2608
2541
1764
880
501
476
2176
396
1444
1098
617
1381
345
55
2055
149
82
2583
2624
1064
2481
1062
2785
1419
2226
2894
855
2899
722
2137
1200
2255
490
1443
2775
1213
79
631
2814
1595
1633
2477
2650
619
1476
329
1641
1811
1009
447
1610
521
864
2105
1907
2565
873
2197
626
1710
1736
414
1958
742
415
903
977
985
2441
2163
2376
2175
1654
269
2312
1815
274
1988
2298
86
1699
611
1616
728
2806
504
1798
911
1972
1369
843
542
2609
1904
473
1561
2780
2904
2015
1123
2917
37
1455
2302
2065
1702
1008
183
1568
1638
1767
369
851
1497
1115
588
2227
1961
2668
1318
2457
209
1061
1675
1292
421
1859
1423
2081
2771
1168
1517
1724
2938
852
1448
1757
2418
1645
871
409
1435
980
729
1132
212
2642
104
635
34
858
1151
233
368
2173
2839
2304
1249
146
2019
1208
1882
2273
53
80
0
2759
603
672
2383
2891
2550
1199
784
2288
2388
2405
2344
2794
853
1706
1277
1148
457
1891
1936
2463
711
2895
275
2318
898
1357
1983
188
1415
1715
1481
1030
2277
2317
84
1257
1356
2208
1100
1321
2764
2209
1110
960
1738
2469
2351
817
469
2897
2742
1809
2878
478
1852
186
671
2586
2099
2478
2453
1794
1603
2192
388
1677
885
1953
99
292
1411
2091
1592
70
2472
2193
1865
1361
2766
1922
258
1666
2728
1287
575
703
1707
2033
131
1479
1422
283
1879
97
2802
1741
2330
721
595
302
557
2261
1306
2026
1926
1482
2674
1022
1327
1821
235
2558
1328
1337
536
1686
2632
2887
2612
2230
308
2871
366
4
2868
2578
1712
759
10
1131
2057
197
942
2762
5
1118
65
392
2504
1374
1908
1352
2164
161
2363
339
144
1822
1679
2631
1906
94
1660
819
322
1468
610
599
2103
1354
1966
2692
1254
2847
777
299
1453
532
2239
2018
2413
2436
1441
508
2225
475
2898
2290
2005
1945
2465
1043
2590
443
797
833
2722
1662
1647
876
964
2499
1560
1833
2919
2874
798
2858
1094
1160
1231
1088
483
2610
534
847
1233
432
1190
1842
737
2634
2928
1469
1653
802
458
1396
228
2303
1367
1146
2203
2045
2138
1670
60
1308
816
399
1986
2319
354
2237
1646
2644
889
950
2592
682
2853
440
1577
341
1970
2630
1729
1028
1800
1136
2053
1283
1427
68
1890
2622
2124
1541
1989
2561
408
516
888
2484
2379
1188
2576
789
1438
2807
1667
837
528
272
976
120
1542
2425
567
1126
201
1978
2768
139
1537
1052
2407
2476
649
1964
211
1725
1557
2862
128
15
172
1201
529
2072
2531
229
2036
971
869
807
1921
1588
1960
731
2271
2206
1278
155
117
585
576
206
1848
862
2819
1294
2063
2675
2505
1701
708
560
2676
2111
2067
506
2396
1460
1582
1130
1928
2628
1145
518
1368
1536
1338
1527
606
2430
1312
2373
2914
1429
1019
1041
2525
978
2159
1198
738
2582
1355
2580
594
2456
2892
854
989
2101
378
2518
2442
1535
357
693
2347
494
2434
1048
2545
2145
702
2934
2369
1915
1144
171
56
593
1932
1593
2704
1574
1581
1404
2210
2331
1015
2216
2801
1493
2068
774
670
939
2812
656
2599
318
2257
1384
2903
820
1005
1804
1523
2089
2452
387
13
178
752
1077
111
205
655
1446
1894
902
2372
1514
2368
1596
349
102
2708
795
1600
2244
1609
220
2823
1451
207
230
623
1566
556
363
2757
340
1158
562
571
2029
2262
2600
179
1763
1655
2440
2090
2595
2816
2069
1861
1871
1943
225
2387
1093
2040
1499
1824
51
2690
3
1553
1644
2361
30
487
2378
248
376
1412
2621
1466
277
2533
477
1375
112
2411
579
2002
1036
66
2241
814
25
1789
348
2390
1795
1495
1740
1358
1888
2032
2266
2012
181
1608
1464
651
615
1259
867
2665
683
1075
246
2310
2614
2551
1838
1240
465
2822
687
827
385
1716
756
1317
660
238
857
1868
481
1301
1611
33
362
1388
926
163
165
587
296
1248
1520
2014
143
987
2782
2414
1478
2527
1359
222
877
1955
1293
1014
1599
2486
559
2933
1857
1401
2876
915
1379
709
1433
2328
1032
1974
1995
2100
1505
2824
81
2939
2719
2066
1717
1831
1935
605
1017
2516
456
2492
459
725
1070
2153
2125
108
805
923
276
1648
811
689
1082
2716
2289
1898
2402
1450
1108
1722
2009
2685
1695
62
825
669
2110
224
2844
2382
1177
2078
842
1364
1529
2242
1793
1913
890
640
107
189
2532
2129
883
2635
1623
2664
1035
1619
1543
213
894
1676
1735
1219
216
1713
999
2259
776
1197
1291
2833
1946
444
74
1121
2657
168
607
1154
2520
662
1673
2731
1241
344
2112
2249
2909
253
1408
1023
1189
2283
2380
2534
1614
2821
2629
1281
2581
1501
1630
573
2245
993
2726
1863
879
1755
394
1096
2461
1090
2338
1347
2696
2011
2098
1334
1944
2108
1950
1342
361
648
2752
1510
1540
1166
1534
663
264
1140
813
2287
2034
2126
2356
653
503
32
1418
2092
818
796
271
254
2104
1912
242
2602
688
2438
1687
1348
336
790
1805
198
250
118
1759
1632
2279
1129
2020
840
2911
2157
1513
1167
1227
251
1486
425
530
1756
398
2849
1584
2889
2811
717
986
1153
1044
324
970
403
2121
1045
2912
1010
2309
2924
2345
1628
497
735
2508
1175
270
1103
1937
297
41
522
2841
1078
1079
2607
1156
1682
2626
284
42
215
1866
2122
1511
2421
2166
692
1745
2004
2120
1072
1362
590
67
1643
2339
397
2767
1783
1391
836
553
596
1565
1708
2772
608
1963
882
992
50
2195
1196
1350
2921
2006
2497
217
2776
1601
2389
2549
2826
40
779
1910
1174
2076
715
450
2744
2588
2736
652
718
1618
901
48
2615
2358
1095
2875
1777
912
962
2133
2106
2718
2062
1225
2649
584
2815
239
411
2118
1485
552
1750
278
2212
2774
1452
1567
1836
2141
1774
389
1080
2828
1081
1939
2884
1870
135
2930
1967
280
1298
162
310
88
713
1773
190
1855
11
878
180
2571
2035
1360
874
754
285
2866
1672
195
1721
2198
1507
622
1765
1265
2691
2589
2113
1869
1193
2343
2702
2253
335
1316
1152
1877
952
1262
849
2308
2346
2491
1751
2755
106
2818
2060
2623
343
1202
1496
953
390
2429
2738
130
17
545
2840
1353
1876
1270
2564
194
734
2
262
1434
2485
1504
2231
546
2654
1180
772
502
707
383
1808
845
1303
543
353
187
1640
1162
54
2037
1389
405
351
2883
346
1760
540
2152
1969
2687
1720
1823
2428
2292
16
1818
2054
256
370
2321
2684
1395
360
1406
1796
2462
474
2513
2272
1635
2408
1372
704
1612
2443
2544
2177
2784
1850
1323
678
1625
1181
1290
261
1155
202
323
1288
1031
1234
1828
848
218
1931
1791
2127
751
1531
418
406
434
872
2637
750
569
1203
647
2115
19
2521
2374
761
1532
1170
499
2409
1216
2810
1059
2404
592
2366
1683
1279
2264
281
124
1261
420
2285
1799
142
565
1681
613
1576
1488
808
2214
2094
85
2426
419
375
2010
472
268
1492
427
1058
1911
1730
249
223
792
114
2348
1519
169
2709
1744
1470
1778
1704
1284
174
829
1551
2170
2307
1250
1083
2923
1779
1896
2079
967
1220
1184
1182
1570
332
1538
681
2515
401
2735
1849
684
1748
386
2375
1524
838
1853
1586
2410
1845
1996
1246
1134
555
2359
1073
1689
865
1209
2172
1835
2371
1074
2715
1037
893
2362
2027
544
1212
2929
881
680
98
1483
2693
231
2710
2334
423
1494
2758
1782
919
1069
491
1416
2603
2605
1656
2274
908
2023
2217
1933
1304
2940
241
1109
1263
2543
726
391
1273
1929
319
404
519
2712
2893
823
1816
132
1365
2932
1400
2337
1788
1817
2941
628
252
1000
2655
1297
1207
126
1272
417
1563
2422
1652
2663
2645
2680
1522
2677
1711
2714
1785
659
1116
744
1512
193
2128
513
1462
1169
1016
2445
1150
1688
2154
589
2140
2223
2000
1976
2278
1223
58
2720
2280
2475
300
2672
1732
2613
1065
2843
1518
333
1439
2222
2460
1320
2155
2143
164
1669
2058
1491
1718
2783
1549
730
2555
1472
2162
122
2236
315
1117
1232
1516
951
850
2097
2340
380
496
520
1224
2139
2008
1642
1331
1993
1053
167
925
214
973
151
627
1221
2781
204
860
1905
778
2749
1260
945
2211
1159
1768
1431
2165
1255
90
824
175
49
618
636
2925
2633
694
311
141
1899
467
828
673
991
2511
1163
965
2740
1275
1546
2500
2880
260
1268
1038
46
2901
1914
185
372
1658
2797
1617
2474
71
547
2540
1825
2751
1143
1214
2732
514
177
1138
2270
2882
2879
2341
1025
1344
554
996
1054
1286
2083
1345
1004
2572
679
1918
634
2135
1840
1920
2519
2025
1723
644
1387
245
868
1440
2671
1243
176
2769
451
586
1127
1258
69
2594
1091
1663
2191
1590
1060
1178
1987
2450
1548
1622
59
1743
822
768
428
1424
2937
1447
612
2415
1705
1205
1569
2809
2185
988
698
1235
1659
2689
990
1128
2570
1147
723
690
1253
2324
182
95
1398
1884
2510
2746
1956
2117
1274
1066
674
2865
1165
2641
2357
2688
2584
2598
2512
2041
2724
1185
720
564
140
1626
2468
2174
1947
1471
479
2523
1753
1930
1806
2683
1012
1217
804
1665
2003
1040
1124
1602
1637
1550
402
1597
1076
917
2860
210
2142
18
1698
2306
305
2808
347
2064
526
2267
1236
1634
2123
916
2384
654
2455
1902
2043
531
2221
2202
2301
2205
1285
328
1027
77
314
1615
1786
1319
2016
1923
1752
1864
1770
1295
2619
2167
664
470
1885
1803
2268
2651
2281
1684
2161
2827
1790
1011
1580
591
1426
455
701
975
266
400
1589
1664
2080
2449
1125
685
2799
696
1113
38
1883
2313
2329
1758
1973
1003
313
317
1195
2385
602
1696
2459
1454
2136
763
1812
422
1826
578
2502
52
1300
1394
2777
642
1271
320
2526
1449
2800
775
2842
509
2616
76
2134
2479
2606
1951
2817
2890
2547
1239
1437
2656
1385
452
1456
1084
1680
2837
1245
316
657
2093
2294
436
2577
2052
1573
1085
2908
2834
1211
1107
43
2913
367
2832
1847
1421
740
301
1477
1033
2907
533
1013
1792
2444
2061
1889
2150
957
39
2756
64
273
2773
2713
524
800
981
1377
1832
2517
226
1269
2039
1508
1554
782
21
1559
2927
2169
793
1335
2335
1218
437
604
757
463
237
2260
2796
2729
2213
358
2296
1781
1874
2024
307
2144
1457
1769
743
2638
2022
668
625
1916
2325
2435
2336
1690
523
1228
2790
907
2888
136
468
1977
2046
1238
500
1164
1252
2698
2085
1691
676
486
1192
2741
1521
2639
1697
57
2030
2546
1881
1461
2180
1749
464
1598
2867
290
127
1579
259
255
92
1105
2872
364
1092
100
661
2528
2186
2314
200
773
2906
2131
922
2406
2597
1305
749
1965
1954
1924
2873
2146
583
2051
1502
1997
2723
1458
2077
2538
510
767
2001
1754
2869
2554
2678
1370
498
1021
2224
918
2659
2464
184
2539
2349
2297
1886
2530
963
1376
240
914
2017
2188
145
2881
810
716
1329
2830
2573
2648
507
691
2753
924
1229
2734
2935
803
1114
460
342
23
288
2114
979
1346
1515
558
891
896
941
2228
489
1787
2524
2699
1919
2031
1171
461
2333
1820
445
2679
1266
968
1089
158
1024
2250
2836
766
2488
2466
936
1330
365
147
446
2788
75
1843
929
2370
969
1555
821
2433
1122
2557
2432
1709
1949
1802
2215
431
512
462
1332
1941
1942
1264
771
208
1039
974
904
2354
2184
244
2235
2467
2747
1383
841
154
2095
7
1719
2863
2552
1578
2861
2754
1575
156
2498
1349
1186
2458
2367
1206
1474

