1 0
2 1
3 0
4 0
5 0
6 0
7 0
8 0
9 0
10 0
11 0
12 0
13 1
14 1
15 0
16 0
17 0
18 0
19 1
20 1
21 0
22 0
23 1
24 0
25 0
26 0
27 0
28 0
29 0
30 0
31 0
32 0
33 0
34 0
35 0
36 0
37 1
38 0
39 0
40 1
41 0
42 1
43 0
44 1
45 0
46 0
47 0
48 1
49 1
50 0
51 1
52 0
53 0
54 0
55 0
56 0
57 1
58 0
59 0
60 1
61 1
62 1
63 1
64 0
65 1
66 0
67 0
68 0
69 0
70 0
71 0
72 0
73 1
74 1
75 0
76 0
77 0
78 0
79 1
80 1
81 0
82 0
83 0
84 1
85 1
86 1
87 0
88 0
89 1
90 0
91 1
92 1
93 1
94 0
95 0
96 0
97 0
98 1
99 1
100 1
101 0
102 1
103 1
104 1
105 1
106 1
107 1
108 0
109 0
110 1
111 0
112 1
113 0
114 1
115 0
116 1
117 0
118 1
119 1
120 1
121 1
122 0
123 0
124 0
125 1
126 1
127 1
128 0
129 0
130 0
131 1
132 1
133 1
134 0
135 0
136 1
137 1
138 1
139 1
140 1
141 0
142 0
143 1
144 1
145 0
146 0
147 0
148 0
149 1
150 1
151 1
152 1
153 0
154 1
155 1
156 0
157 0
158 0
159 1
160 1
161 1
162 0
163 1
164 0
165 1
166 0
167 0
168 0
169 1
170 1
171 0
172 0
173 0
174 1
175 0
176 1
177 0
178 1
179 1
180 0
181 1
182 1
183 1
184 1
185 1
186 1
187 1
188 0
189 0
190 1
191 1
192 1
193 0
194 1
195 1
196 1
197 1
198 1
199 0
200 1
201 1
202 1
203 0
204 1
205 1
206 0
207 1
208 1
209 1
210 0
211 0
212 1
213 0
214 1
215 1
216 0
217 0
218 0
219 0
220 1
221 0
222 0
223 1
224 1
225 1
226 0
227 1
228 0
229 1
230 0
231 0
232 1
233 1
234 1
235 1
236 1
237 1
238 0
239 0
240 0
241 0
242 0
243 1
244 0
245 1
246 1
247 1
248 1
249 0
250 0
251 0
252 0
253 0
254 0
255 1
256 1
257 0
258 1
259 1
260 1
261 1
262 0
263 1
264 1
265 1
266 0
267 0
268 0
269 1
270 0
271 1
272 0
273 0
274 0
275 0
276 0
277 0
278 1
279 1
280 1
281 1
282 1
283 1
284 0
285 1
286 1
287 1
288 1
289 0
290 0
291 0
292 0
293 0
294 1
295 1
296 1
297 1
298 1
299 1
300 1
301 0
302 1
303 0
304 0
305 1
306 1
307 1
308 1
309 0
310 1
311 1
312 1
313 1
314 1
315 0
316 0
317 1
318 1
319 0
320 1
321 1
322 1
323 1
324 0
325 1
326 0
327 0
328 0
329 0
330 1
331 0
332 1
333 1
334 0
335 1
336 0
337 0
338 1
339 1
340 1
341 0
342 0
343 1
344 1
345 1
346 1
347 1
348 0
349 1
350 0
351 1
352 0
353 1
354 0
355 0
356 1
357 0
358 0
359 0
360 0
361 0
362 0
363 1
364 1
365 1
366 0
367 0
368 0
369 0
370 0
371 0
372 1
373 1
374 1
375 0
376 1
377 1
378 0
379 0
380 1
381 1
382 1
383 0
384 0
385 1
386 1
387 0
388 1
389 0
390 1
391 0
392 0
393 1
394 0
395 1
396 1
397 1
398 1
399 1
400 1
401 1
402 1
403 1
404 0
405 1
406 1
407 1
408 1
409 0
410 1
411 0
412 1
413 0
414 0
415 0
416 0
417 1
418 1
419 0
420 0
421 1
422 1
423 0
424 1
425 1
426 0
427 0
428 0
429 0
430 0
431 0
432 0
433 0
434 0
435 0
436 0
437 1
438 0
439 0
440 0
441 0
442 0
443 0
444 1
445 0
446 0
447 0
448 1
449 1
450 1
451 0
452 0
453 1
454 1
455 1
456 1
457 1
458 1
459 1
460 1
461 0
462 1
463 0
464 1
465 1
466 1
467 1
468 1
469 0
470 1
471 0
472 1
473 1
474 0
475 1
476 1
477 1
478 1
479 1
480 1
481 1
482 0
483 1
484 0
485 1
486 1
487 1
488 1
489 1
490 1
491 1
492 0
493 0
494 1
495 1
496 0
497 1
498 0
499 0
500 0
501 1
502 0
503 1
504 1
505 1
506 1
507 1
508 1
509 1
510 1
511 1
512 1
513 1
514 1
515 1
516 0
517 1
518 1
519 1
520 1
521 0
522 0
523 1
524 1
525 0
526 1
527 1
528 0
529 0
530 1
531 1
532 1
533 0
534 1
535 1
536 0
537 0
538 0
539 1
540 0
541 1
542 0
543 0
544 0
545 0
546 0
547 0
548 0
549 0
550 0
551 0
552 0
553 1
554 0
555 0
556 1
557 1
558 1
559 1
560 0
561 1
562 1
563 0
564 1
565 0
566 1
567 1
568 1
569 1
570 1
571 1
572 0
573 1
574 1
575 1
576 1
577 1
578 0
579 1
580 1
581 0
582 1
583 0
584 1
585 1
586 0
587 1
588 1
589 1
590 1
591 1
592 0
593 0
594 0
595 0
596 0
597 0
598 0
599 0
600 0
601 1
602 1
603 1
604 1
605 0
606 0
607 1
608 0
609 1
610 0
611 0
612 0
613 1
614 0
615 1
616 0
617 0
618 1
619 1
620 1
621 1
622 0
623 1
624 0
625 0
626 0
627 1
628 1
629 1
630 1
631 1
632 0
633 0
634 1
635 1
636 0
637 0
638 0
639 1
640 1
641 1
642 0
643 1
644 1
645 0
646 0
647 1
648 0
649 0
650 0
651 1
652 1
653 0
654 1
655 1
656 1
657 1
658 0
659 1
660 1
661 1
662 0
663 1
664 1
665 0
666 0
667 1
668 1
669 1
670 0
671 0
672 0
673 1
674 0
675 0
676 0
677 1
678 0
679 0
680 0
681 0
682 1
683 1
684 1
685 1
686 1
687 1
688 1
689 0
690 1
691 0
692 1
693 1
694 1
695 0
696 1
697 0
698 1
699 0
700 0
701 0
702 1
703 1
704 1
705 1
706 1
707 1
708 0
709 0
710 1
711 1
712 0
713 1
714 1
715 1
716 0
717 1
718 1
719 1
720 1
721 1
722 1
723 1
724 1
725 1
726 1
727 1
728 1
729 1
730 0
731 1
732 1
733 1
734 0
735 1
736 0
737 1
738 1
739 1
740 1
741 1
742 1
743 1
744 0
745 0
746 0
747 0
748 0
749 1
750 1
751 0
752 1
753 1
754 0
755 1
756 0
757 0
758 1
759 1
760 1
761 0
762 0
763 0
764 1
765 1
766 1
767 1
768 1
769 1
770 0
771 1
772 0
773 0
774 0
775 0
776 1
777 0
778 0
779 1
780 0
781 0
782 1
783 1
784 0
785 0
786 0
787 1
788 0
789 0
790 1
791 1
792 1
793 1
794 1
795 0
796 1
797 1
798 1
799 0
800 0
801 1
802 0
803 0
804 0
805 0
806 0
807 0
808 1
809 1
810 1
811 1
812 1
813 1
814 0
815 0
816 0
817 0
818 0
819 0
820 0
821 0
822 0
823 0
824 1
825 0
826 1
827 0
828 1
829 0
830 1
831 0
832 0
833 0
834 1
835 0
836 0
837 1
838 1
839 1
840 1
841 0
842 1
843 0
844 0
845 0
846 1
847 1
848 1
849 1
850 1
851 0
852 0
853 1
854 1
855 1
856 1
857 0
858 0
859 0
860 0
861 1
862 1
863 1
864 0
865 1
866 1
867 0
868 0
869 1
870 0
871 1
872 1
873 1
874 1
875 1
876 1
877 0
878 1
879 0
880 0
881 1
882 0
883 0
884 0
885 1
886 1
887 1
888 0
889 1
890 0
891 1
892 0
893 0
894 1
895 1
896 0
897 1
898 1
899 1
900 1
901 1
902 1
903 1
904 1
905 0
906 1
907 1
908 0
909 0
910 0
911 1
912 1
913 1
914 1
915 1
916 1
917 0
918 0
919 0
920 1
921 0
922 1
923 1
924 1
925 1
926 0
927 0
928 1
929 0
930 0
931 0
932 0
933 1
934 1
935 0
936 1
937 1
938 0
939 1
940 0
941 0
942 1
943 1
944 0
945 1
946 1
947 1
948 1
949 1
950 0
951 1
952 1
953 0
954 1
955 1
956 1
957 0
958 1
959 1
960 1
961 1
962 0
963 1
964 1
965 1
966 1
967 1
968 0
969 1
970 1
971 1
972 0
973 1
974 1
975 0
976 1
977 1
978 1
979 0
980 1
981 1
982 0
983 1
984 1
985 0
986 1
987 1
988 1
989 0
990 1
991 1
992 1
993 1
994 0
995 0
996 1
997 1
998 0
999 1
1000 0
1001 1
1002 1
1003 0
1004 1
1005 1
1006 0
1007 0
1008 0
1009 1
1010 1
1011 0
1012 0
1013 1
1014 1
1015 0
1016 0
1017 0
1018 0
1019 1
1020 0
1021 0
1022 1
1023 1
1024 0
1025 0
1026 0
1027 0
1028 1
1029 1
1030 0
1031 0
1032 0
1033 0
1034 1
1035 0
1036 0
1037 1
1038 0
1039 0
1040 1
1041 1
1042 1
1043 0
1044 0
1045 0
1046 1
1047 0
1048 0
1049 1
1050 1
1051 0
1052 1
1053 0
1054 1
1055 1
1056 1
1057 1
1058 1
1059 1
1060 0
1061 1
1062 1
1063 1
1064 1
1065 1
1066 0
1067 1
1068 1
1069 0
1070 0
1071 0
1072 0
1073 1
1074 0
1075 1
1076 1
1077 0
1078 1
1079 0
1080 0
1081 1
1082 0
1083 0
1084 0
1085 1
1086 0
1087 0
1088 1
1089 0
1090 0
1091 1
1092 1
1093 0
1094 0
1095 0
1096 0
1097 0
1098 0
1099 0
1100 0
1101 0
1102 0
1103 0
1104 1
1105 1
1106 0
1107 0
1108 1
1109 1
1110 0
1111 0
1112 1
1113 1
1114 1
1115 0
1116 0
1117 0
1118 0
1119 1
1120 1
1121 1
1122 0
1123 1
1124 0
1125 0
1126 1
1127 1
1128 1
1129 1
1130 0
1131 1
1132 1
1133 0
1134 0
1135 1
1136 1
1137 0
1138 0
1139 1
1140 1
1141 0
1142 1
1143 0
1144 1
1145 0
1146 0
1147 0
1148 1
1149 1
1150 0
1151 1
1152 0
1153 0
1154 1
1155 0
1156 1
1157 0
1158 0
1159 0
1160 0
1161 0
1162 0
1163 0
1164 1
1165 1
1166 0
1167 0
1168 1
1169 1
1170 0
1171 0
1172 0
1173 0
1174 1
1175 0
1176 0
1177 1
1178 0
1179 1
1180 0
1181 0
1182 0
1183 1
1184 1
1185 1
1186 1
1187 0
1188 1
1189 1
1190 1
1191 0
1192 1
1193 0
1194 1
1195 1
1196 0
1197 1
1198 0
1199 0
1200 0
1201 1
1202 1
1203 0
1204 1
1205 1
1206 0
1207 0
1208 1
1209 1
1210 1
1211 1
1212 0
1213 1
1214 0
1215 0
1216 0
1217 0
1218 1
1219 1
1220 1
1221 1
1222 0
1223 0
1224 1
1225 0
1226 1
1227 1
1228 1
1229 0
1230 1
1231 1
1232 1
1233 1
1234 1
1235 0
1236 1
1237 0
1238 1
1239 1
1240 1
1241 1
1242 1
1243 0
1244 0
1245 0
1246 1
1247 1
1248 1
1249 1
1250 1
1251 0
1252 0
1253 1
1254 1
1255 1
1256 1
1257 0
1258 0
1259 1
1260 0
1261 1
1262 0
1263 1
1264 1
1265 1
1266 1
1267 1
1268 1
1269 0
1270 1
1271 1
1272 0
1273 0
1274 1
1275 1
1276 0
1277 0
1278 1
1279 0
1280 0
1281 1
1282 0
1283 1
1284 1
1285 1
1286 0
1287 1
1288 1
1289 0
1290 1
1291 0
1292 1
1293 1
1294 1
1295 0
1296 1
1297 1
1298 1
1299 1
1300 1
1301 1
1302 1
1303 1
1304 1
1305 1
1306 0
1307 0
1308 0
1309 1
1310 1
1311 1
1312 0
1313 0
1314 1
1315 0
1316 0
1317 1
1318 0
1319 0
1320 1
1321 1
1322 1
1323 0
1324 1
1325 0
1326 0
1327 1
1328 0
1329 0
1330 1
1331 0
1332 0
1333 0
1334 0
1335 1
1336 0
1337 1
1338 0
1339 0
1340 0
1341 1
1342 0
1343 0
1344 1
1345 0
1346 0
1347 1
1348 1
1349 0
1350 1
1351 1
1352 1
1353 0
1354 0
1355 1
1356 0
1357 1
1358 0
1359 1
1360 1
1361 1
1362 1
1363 1
1364 0
1365 0
1366 1
1367 0
1368 1
1369 1
1370 1
1371 1
1372 1
1373 0
1374 1
1375 0
1376 1
1377 0
1378 1
1379 1
1380 0
1381 1
1382 0
1383 0
1384 0
1385 0
1386 0
1387 0
1388 0
1389 0
1390 1
1391 0
1392 1
1393 0
1394 1
1395 1
1396 0
1397 0
1398 0
1399 0
1400 1
1401 1
1402 1
1403 1
1404 0
1405 0
1406 0
1407 0
1408 0
1409 0
1410 0
1411 0
1412 1
1413 0
1414 0
1415 1
1416 0
1417 1
1418 0
1419 0
1420 0
1421 1
1422 0
1423 1
1424 0
1425 0
1426 1
1427 0
1428 0
1429 0
1430 0
1431 1
1432 0
1433 1
1434 1
1435 1
1436 0
1437 0
1438 1
1439 1
1440 1
1441 1
1442 0
1443 1
1444 1
1445 1
1446 0
1447 1
1448 0
1449 1
1450 1
1451 0
1452 0
1453 0
1454 0
1455 1
1456 1
1457 1
1458 0
1459 1
1460 0
1461 1
1462 1
1463 0
1464 0
1465 1
1466 0
1467 1
1468 1
1469 0
1470 1
1471 0
