1 0
2 1
3 0
4 1
5 0
6 1
7 0
8 1
9 0
10 1
11 0
12 0
13 1
14 0
15 1
16 0
17 1
18 0
19 1
20 0
21 1
22 0
23 1
24 0
25 1
26 0
27 0
28 0
29 0
30 0
31 0
32 1
33 1
34 1
35 1
36 1
37 1
38 0
39 0
40 0
41 1
42 1
43 0
44 1
45 0
46 0
47 1
48 0
49 1
50 1
51 1
52 1
53 1
54 0
55 0
56 1
57 0
58 0
59 1
60 1
61 1
62 1
63 1
64 1
65 1
66 1
67 0
68 0
69 0
70 1
71 1
72 1
73 1
74 0
75 0
76 1
77 1
78 1
79 0
80 0
81 0
82 1
83 1
84 1
85 1
86 1
87 1
88 1
89 0
90 0
91 0
92 0
93 0
94 0
95 0
96 0
97 0
98 0
99 0
100 0
101 1
102 1
103 1
104 1
105 1
106 1
107 1
108 1
109 1
110 1
111 0
112 0
113 1
114 0
115 1
116 0
117 1
118 1
119 0
120 0
121 0
122 0
123 0
124 0
125 0
126 0
127 0
128 1
129 1
