2135
2226
2923
39
1146
927
2597
1621
2406
86
1345
2043
2407
1232
2378
2273
2583
127
60
1614
2174
558
1236
2236
1246
551
639
1035
2785
324
2490
245
1452
2145
1655
941
500
1174
1569
2921
1284
480
2215
1369
416
186
721
1410
2374
2625
1531
47
1477
1107
1858
99
588
1544
1069
180
809
568
1740
2626
2658
1291
2514
1929
2691
1774
961
2611
290
960
2465
751
1885
965
144
2475
344
1884
1150
1990
719
103
1101
1300
2269
1921
1073
1673
1954
778
1637
2063
1498
65
32
484
2897
959
334
1394
2340
1096
1630
2170
2931
2873
125
2046
1098
1956
1006
2440
1580
1148
2307
1216
563
2703
2544
1713
1337
402
1541
2082
720
2241
2403
541
2333
615
1451
4
2111
1492
622
170
2852
665
926
2907
2156
1411
797
2756
2517
2930
2537
28
2139
2934
406
123
360
595
2538
1323
1668
1481
742
1209
7
388
2295
1306
1624
137
1991
465
320
2015
1390
2757
1349
865
1896
851
822
1982
2694
2775
637
1386
142
2675
2266
1005
132
1780
146
1836
2435
1340
2619
2062
827
1518
1794
769
1293
326
1729
1564
2837
1138
2132
1964
1141
1343
2026
1566
1511
2057
259
1026
165
1376
877
1659
2105
2240
2857
361
2219
624
2613
1880
596
159
451
594
1821
2310
1441
1224
256
1152
265
152
644
53
1865
2034
183
1967
517
1301
2709
884
1502
2714
1193
2418
1652
614
428
2358
2531
1228
358
1381
1683
661
1290
2102
2814
92
1238
1116
2211
2854
1406
316
1283
2006
1851
2534
1712
1810
1709
432
2157
2359
1597
808
2024
2254
1018
2612
508
2352
857
1572
758
17
2659
2721
2879
301
239
1297
1891
2290
2376
2872
977
1739
1722
2343
612
191
1072
2373
226
214
923
680
1244
826
26
993
2202
2301
1715
458
68
87
1905
1333
580
176
951
1109
935
1331
111
2639
1602
58
1198
128
1788
2736
1799
1881
1779
2641
2618
2216
734
789
2355
1115
1676
2349
1336
1467
2798
656
1348
1019
1371
1104
2194
1204
1373
2007
820
2297
1643
2623
2436
2285
446
569
169
1431
2160
2912
2629
657
1520
280
213
2656
1265
444
1736
784
238
148
2251
2122
947
2582
2773
2876
1930
2723
1190
1552
909
403
1105
2801
1625
1063
2381
2442
2092
707
1955
1047
2713
1530
2557
2027
2416
1826
2433
1854
2523
660
136
1908
1961
1266
2587
883
2250
89
858
1785
1857
867
2010
1420
1153
2306
317
1648
2419
172
2293
168
94
1120
1415
236
1549
227
2366
675
727
2360
2548
523
1091
241
756
1512
2871
2021
510
2325
434
2079
1211
443
2448
253
1414
2811
645
2153
1501
804
2113
606
1877
2937
1724
220
2249
2702
878
374
116
838
2590
1589
534
2592
2869
2148
1135
187
836
1610
501
206
2747
2365
955
1242
2044
2089
130
2137
2252
967
1210
630
1457
266
218
1422
1757
1321
2179
104
1925
902
2357
1326
440
2481
2477
1591
2185
102
1379
210
1731
2545
2048
1014
649
1646
2617
1522
2476
772
2671
979
1165
1287
2208
502
321
738
1932
2603
274
48
1129
2432
1899
1378
2670
709
1691
3
1582
1918
1292
816
997
1315
2833
2356
114
328
1383
2331
1702
1755
1960
105
96
1144
350
1616
1647
1330
1269
1583
2030
834
711
1718
477
642
234
2938
185
2330
2838
2562
0
1123
398
934
1634
1514
1061
801
1312
790
1571
1485
1465
2699
2928
1504
825
2667
2898
2599
1254
1903
2638
780
1516
2345
2255
759
418
1377
442
2809
302
2672
2001
743
1894
681
1778
1187
1090
2504
2601
2277
567
293
2556
1437
585
2000
2933
1721
1797
129
1974
1496
2468
1448
1342
2614
2516
437
1051
1699
1074
846
2831
974
1182
664
1423
2482
1649
919
1156
1842
1240
2348
1626
963
2017
795
1017
1021
1590
476
1911
2783
2710
1304
516
2070
713
1273
466
906
2188
2124
1296
1355
1529
2526
2719
1419
2458
868
297
2133
2657
1080
2743
61
2081
1777
1363
891
2900
1734
56
2463
2624
2035
237
2016
2663
2767
1817
1208
1357
365
311
2068
112
2862
2515
2298
2336
1231
830
1162
2505
2810
1388
824
2682
2221
1808
1677
1510
1075
423
134
193
726
2005
1825
254
2008
1318
907
431
2447
2291
1172
706
2784
2652
542
109
2013
119
1588
1914
1167
2439
2163
589
911
1895
1844
1872
1495
34
175
886
946
1599
2929
766
2726
1405
2564
2029
807
498
2485
2722
1924
2151
1429
1278
973
2655
1850
33
1161
1055
2031
2210
1259
31
1887
864
1811
2769
1631
2438
2377
861
990
1521
2232
289
1540
578
1389
1298
2264
2101
2588
2305
1310
189
155
1195
2421
492
1904
710
2632
2824
203
1188
749
2098
966
2472
2697
1834
2834
1805
2283
9
2100
1642
1663
729
2399
547
1436
537
1322
2812
2919
1586
1700
2594
1970
1835
2175
768
1603
557
2402
2430
1711
1353
2004
503
454
322
2550
1118
2788
2147
1145
1547
1459
2645
837
336
964
1783
2338
2715
2835
1221
2003
2138
2760
2679
1661
2807
608
1654
2361
782
2198
2826
262
2539
1793
618
929
1347
1253
2622
638
812
2874
1366
2329
353
2165
156
364
673
1468
2222
1052
468
796
1909
1447
776
931
2037
319
629
2203
2718
2554
1272
1926
2935
2738
163
1087
2913
1587
2932
913
1480
1262
1505
591
1110
1256
1963
1870
2890
1239
150
2742
394
635
2467
164
1068
1728
215
1281
2867
23
192
1176
1248
1328
54
520
839
2696
2351
2567
219
2829
493
928
632
2294
525
2388
224
2627
1049
989
2341
2335
1399
504
1957
2129
101
2207
1848
507
731
703
829
1950
2173
592
1573
564
1025
2445
2910
1581
1750
1032
369
1173
1139
962
2318
943
1412
1733
1255
2804
996
1478
2032
2674
1158
895
2909
309
1937
2795
921
1270
2711
2033
139
1767
2110
559
2212
1708
1449
2764
2480
2242
73
1308
1149
717
799
1387
2077
607
1837
2762
384
2150
1489
2313
579
450
819
1038
1890
708
1852
2461
538
833
992
814
698
2640
1319
2706
1218
173
2615
2853
1888
2337
514
1041
355
1159
705
2187
1375
2192
2751
1608
1339
2315
1986
1969
2924
24
2707
2503
1479
604
583
29
1484
1307
1391
2158
251
1058
1600
2009
2741
2347
668
349
1506
2426
1543
2474
1906
2637
439
914
985
2140
1669
1243
1644
1279
1985
1042
1435
2040
2379
2196
2610
2600
1823
2394
141
106
1910
299
110
1749
1263
2844
956
1855
976
457
2213
1814
1620
1043
1327
1546
625
2904
1672
2260
419
1365
2367
893
2820
340
2752
2685
2028
1114
2299
1508
2427
13
549
835
2372
1024
249
2666
1470
2772
1166
669
972
2571
942
2127
415
1140
2136
2822
2825
779
750
901
511
2225
856
2636
818
781
209
627
940
1133
2518
788
691
885
1640
1065
124
1796
2940
1341
1171
472
2633
407
2380
298
1192
2052
2528
1818
1027
621
1184
43
849
181
2060
1617
1499
1939
881
2591
171
2473
2673
1503
51
198
1430
2327
2903
379
390
1934
515
2239
200
216
1741
1612
199
933
1738
1483
1217
1230
566
1071
1840
2099
793
1054
2648
765
553
79
650
489
275
325
873
2877
1325
488
882
1902
1667
1131
372
894
1622
2302
140
1364
869
1309
1827
760
2141
1288
2353
1037
739
1972
1473
1247
1029
471
2744
1324
791
1684
1438
312
2496
1490
1320
2322
303
1935
2683
2072
1433
323
1762
1362
2084
810
331
2339
2906
2892
2791
354
2896
2096
2808
792
903
2800
803
1368
2552
269
2572
1771
1201
1130
1359
1639
2509
1720
1604
373
2889
376
1295
643
2256
794
225
805
1897
1136
1843
1462
1128
1122
2308
617
1010
2424
601
8
490
2786
1395
205
2103
1249
987
900
382
2858
2201
1754
1651
898
1526
1698
863
1439
1344
1822
20
2404
38
2850
2209
1641
1067
1033
783
2324
1402
866
1679
2631
40
1458
2818
1250
2459
1593
1784
1809
2197
699
2471
2041
228
2279
1864
936
368
1820
1790
64
1227
531
288
2120
1559
1847
449
1294
2914
1931
2925
91
2819
1853
999
356
342
1998
521
2677
1252
149
2547
359
1205
294
876
670
1705
2693
2457
2651
1567
2387
1605
1062
2018
270
2686
482
2392
2049
2143
243
1563
1747
1996
1046
1097
1578
97
1000
1444
1260
1695
494
770
2227
518
786
232
2899
2454
2047
260
182
845
2074
2789
1987
221
1565
2455
1528
2128
2886
167
646
197
1163
1704
1789
2579
1876
539
1001
1690
2875
2162
305
1701
761
463
387
78
1408
1958
677
1746
813
1657
1048
1099
389
77
2011
954
255
1609
1428
1203
747
536
736
100
422
1989
1815
483
2478
512
2280
1103
872
1466
1233
2823
1916
1791
2643
843
666
667
2661
969
1214
2510
676
1555
584
859
879
1940
1687
426
692
1696
307
397
1056
2106
469
1716
2243
277
1693
1653
2200
619
2720
2500
2605
2568
581
2288
147
806
107
1261
732
2193
1596
527
1800
2342
5
1358
400
2911
631
1978
1045
671
509
640
2320
1196
543
1727
1542
246
2840
590
2918
2768
1382
2885
2570
1694
683
1275
654
1082
1994
2725
2660
445
1846
2832
2745
2759
252
1983
194
2690
2546
582
2014
240
952
1064
917
2389
424
854
2497
1223
2425
636
2708
2559
1374
1892
2750
75
2056
310
1776
1513
1407
2176
1898
2730
1443
2739
2794
283
2521
2087
158
722
126
817
2520
1367
1491
2038
1004
2792
2022
1576
1050
1703
620
261
1525
1538
2549
1181
841
2267
378
327
1127
460
1812
412
2149
1335
1819
2609
2589
767
2107
1536
367
983
2466
121
85
602
2508
27
2728
1995
284
399
2781
151
433
2635
1594
1229
82
737
1981
741
292
2303
800
1264
2927
2292
1303
850
1121
1507
229
2391
160
535
2827
157
83
655
456
179
2563
2761
370
1782
1401
2420
2231
2577
754
831
2536
1874
1828
1949
462
1225
1944
1971
1013
2272
2134
626
351
1095
1875
2304
744
998
1329
1194
2095
2522
2423
287
401
333
2204
860
393
2114
915
2533
2604
2415
1036
1012
2681
605
1861
1802
88
380
2495
2224
408
1665
1928
920
1157
2050
982
748
2146
2314
1446
452
1725
1682
1745
2117
2453
2734
2417
1662
1084
524
2701
1629
2551
1685
842
1915
1197
1113
2169
2368
2908
1519
2802
2328
18
1034
613
1039
1132
448
1059
2647
1191
1370
1083
1111
2532
231
93
904
2159
1350
1418
1268
2261
257
1267
2410
2530
2428
499
2493
1079
2634
939
1235
2878
1613
1658
268
532
821
723
1258
2865
2484
651
1
610
2861
1628
1154
679
545
2344
122
1200
2180
1615
1984
930
575
2868
597
2540
1400
2164
1351
2276
2413
1179
1804
2849
1070
2705
1927
1719
693
774
2183
2754
1009
944
2088
2920
1607
2166
1222
1487
2749
2836
10
1206
2065
2502
2104
1770
357
2499
1919
986
1977
2223
425
1234
1675
282
335
1151
870
2384
2486
2401
948
2845
529
313
242
2489
1282
949
329
2905
1968
2513
1417
2555
2094
1973
2469
1474
2323
166
685
1866
339
1271
2620
565
775
745
1143
1305
296
1907
131
2237
2460
958
2511
1627
1219
1660
485
1650
1764
530
755
1177
2144
2431
1494
2602
1392
2684
2644
1635
1962
2450
2067
118
1472
1632
36
1314
2843
832
1806
2155
2119
22
1636
957
2519
55
2765
1601
2265
975
1537
2525
300
2727
1980
1424
2621
2233
1976
1497
844
1829
2071
2732
1744
2535
177
21
1595
2488
896
1743
1213
2247
1645
753
2109
682
1180
2821
1421
1992
2797
2369
2042
1758
1486
1737
1959
273
2414
201
76
2054
771
572
385
1680
2452
1730
1748
953
1535
2790
2593
1360
2191
577
2770
1534
371
1841
924
777
1147
1947
785
1664
2408
263
1550
2729
1002
2887
1545
2019
2317
2112
2692
1756
1100
2075
50
1077
690
1093
1285
461
2573
1941
383
740
1202
1966
1539
2073
279
95
561
1577
1066
2258
828
2737
862
1772
1838
2234
1277
391
2569
1670
2334
505
2284
540
1557
1951
80
2501
347
2397
2712
2470
2289
2855
994
1942
195
72
715
2755
1398
609
1833
1460
2142
2154
2717
120
2856
2220
700
2282
1299
2287
188
587
2246
662
598
1482
438
1953
37
207
1175
2083
395
1461
223
1901
81
1753
2371
628
981
1561
1619
115
1913
332
2275
133
1952
1403
2319
2668
2364
1523
1999
2405
315
984
366
377
258
2409
945
970
1993
222
925
2733
880
1186
1409
1463
905
330
1792
1765
1102
2561
730
2382
2446
45
1689
161
2689
459
2116
2847
2182
2731
702
285
59
421
1313
1251
414
2817
1759
2578
90
1289
1868
616
11
386
2059
435
1124
474
2543
1475
1575
1426
1160
1574
764
1551
113
1393
2274
802
35
1471
2842
473
544
375
1560
487
2296
2097
427
495
2507
1912
2235
1606
2915
522
74
411
1031
1155
2491
1766
2167
2936
346
2064
306
2595
1274
2131
1965
2917
2828
2076
1011
491
2375
12
840
2882
718
1773
2926
1879
248
1686
633
554
2895
2941
2541
1053
1832
2456
1533
2181
1618
1086
552
1849
2839
2434
1442
2020
154
295
348
2796
2245
988
2704
2412
1775
2753
392
2172
30
42
918
2398
1170
2055
1515
2630
1769
2866
2606
2385
345
2326
204
1112
2558
1859
2774
1030
413
230
2653
2161
2542
291
1384
773
641
2039
2851
1803
1356
2012
2524
2787
2487
271
2363
1076
447
1527
2218
2025
2300
995
815
2085
2813
417
2649
2894
889
672
1768
314
1524
1454
1638
1742
1584
2815
1886
647
135
890
1674
623
2451
1893
1316
916
475
247
2228
1678
2217
2177
1453
52
593
1732
2429
362
653
1015
281
689
1469
1856
464
2190
908
2893
526
2400
1396
2051
674
899
2248
1169
1997
1276
2464
1226
855
2311
1656
1923
2449
2560
2441
2598
14
1220
2186
2553
233
762
1735
178
1302
1089
1558
519
1688
725
2902
2779
787
272
811
1183
2350
44
2444
2803
763
2171
1946
1556
2778
2354
1189
1016
2080
2922
2061
2884
2891
1917
2585
728
1948
678
2178
1380
1839
2700
2716
1862
2053
212
2916
1332
1681
455
912
980
2607
16
98
2184
19
2229
2529
304
586
343
2846
892
1338
875
2748
852
1900
1413
1824
2281
1126
1237
2195
2888
2766
2
634
2152
1787
573
704
470
66
1933
1142
467
1692
1598
1397
2286
695
848
570
2121
2848
25
57
2901
2125
1385
1241
2422
871
611
1570
208
308
1007
2650
2023
2091
453
938
1003
2566
1867
1988
874
62
2646
922
1871
2118
1440
1455
2393
2841
1416
1022
1882
244
1781
752
1710
1404
363
571
1311
1920
235
409
528
716
550
478
1945
2596
1317
2321
1023
190
2238
932
264
1493
2259
2069
276
2665
1346
757
2740
1671
1878
2479
1092
798
479
1592
2395
847
1040
1134
2271
41
2002
686
145
429
318
1108
2168
1245
1445
2045
2268
496
2776
1185
2669
69
1257
1938
1553
1922
2880
1889
2678
341
1579
202
1361
2093
2078
1697
1119
2262
2492
1860
937
2086
506
2115
2608
2581
2214
1863
2483
2189
1936
556
337
404
2780
1801
1873
2586
533
278
1845
1500
2575
1943
441
1060
1763
887
694
381
1554
2309
2698
1532
2565
15
2257
217
2278
49
430
1117
2724
1085
1164
1168
174
2498
2230
1717
436
211
1008
153
513
2576
6
688
746
2411
2058
1830
548
687
2616
1611
138
1585
2687
659
2860
1795
652
1623
67
2806
2066
338
2864
2580
117
663
2383
2390
560
2664
2628
2695
724
108
684
2386
1081
405
2574
1548
2312
2883
1706
1723
184
70
2763
1286
1816
2462
735
562
1427
2437
696
574
1761
2370
1094
1714
1726
1078
2939
733
888
2090
2881
714
2108
1807
84
823
2654
2206
853
1354
286
1562
1334
196
2126
971
63
1813
697
1450
2758
481
1752
910
968
2793
2332
1869
1372
396
1088
497
1212
576
2859
2782
978
2396
2199
420
1057
1125
1464
2830
2676
1707
2746
1975
1786
1215
2263
486
1517
701
1831
2584
2253
1509
410
2805
2512
2688
648
2642
1476
1434
2494
2863
2662
1044
2816
2316
2123
599
897
1456
2244
2799
1798
2735
1883
1178
46
267
2680
2270
950
1760
2870
1633
1751
352
1028
1207
1568
1488
1020
2777
2036
2205
1199
1280
2346
1106
603
1432
546
658
991
2130
2771
143
2362
1352
1137
2506
1425
162
250
600
2527
1666
2443
1979
71
712
555

