1561
1320
1892
1331
2577
146
2178
1963
771
2627
1049
2355
2923
1519
2807
1429
1006
2000
249
252
1894
29
2336
474
2432
1062
803
2567
2067
1722
2083
535
470
1095
342
2730
2398
197
2563
152
2014
2771
2421
2833
2257
2240
2439
780
1419
233
2742
1589
1338
2021
314
716
869
722
1454
868
1548
548
527
1077
906
974
969
1994
540
824
2289
1439
2173
2324
902
336
2547
1177
1500
1951
1797
468
762
996
2441
854
1459
1645
2695
354
666
2008
2343
103
708
2366
1026
949
2153
1980
1880
776
1712
1280
2025
1154
1652
162
934
1196
1817
1522
2106
2728
743
2680
2193
1782
1167
984
394
1809
1663
153
1903
509
999
707
1133
1828
912
1578
1660
1166
2188
1301
620
825
1214
1920
2225
2483
2254
1470
2053
1953
1669
353
2452
1558
322
715
438
1343
2569
120
202
852
57
579
77
1258
641
709
138
1261
313
1814
2046
500
513
1187
1456
2033
2093
2012
1394
648
768
2363
884
2528
2846
2107
2594
1089
2238
573
752
713
1212
1015
2236
334
2322
2645
569
392
2370
1311
1590
2541
595
795
528
872
472
1560
1524
599
401
2461
741
1889
115
2748
1014
1325
2815
2745
1063
1898
2614
926
1821
1168
1774
2175
895
2798
703
2261
1458
2038
2669
1768
1389
1858
2523
2179
586
2524
2925
1739
1495
2284
2854
729
1635
585
1107
2479
1879
683
737
1054
2740
2314
2020
1950
1974
1240
235
1383
110
1037
632
723
2418
1959
2229
518
764
2249
1229
133
1171
662
1499
1735
1355
175
483
1673
2227
1909
226
2743
1751
2003
83
135
1391
2930
1986
2463
2640
2293
2512
883
997
1461
2369
2140
1485
2676
2788
2899
1769
1860
1537
1108
2459
2247
822
1336
400
2357
469
449
98
107
761
2475
217
759
882
1003
183
109
10
389
2565
1969
2070
1317
464
2373
1460
1743
297
260
2767
184
1422
1987
2136
311
408
2353
2769
2760
1764
2209
128
754
1761
2321
2532
1476
596
1244
622
1734
435
2111
1852
1449
1164
1603
376
2176
734
1916
1043
1713
1990
670
1291
2462
1299
129
1543
48
1901
948
1358
2345
2804
1122
142
1747
406
1020
137
151
1746
1103
807
79
568
1146
2330
1252
1680
856
2069
1484
1966
976
2592
2659
903
2263
1770
2391
2600
2419
1424
124
1264
1438
287
2610
405
1379
979
351
2576
2382
2270
1199
1798
935
1886
1864
865
1795
2596
2177
1190
2196
2165
564
432
8
847
1120
255
2384
1017
1064
391
2019
2615
39
794
2372
2871
1932
1975
2494
1386
1540
2116
2147
262
2806
1546
1931
659
2096
1457
2195
605
2560
1385
954
2822
590
2184
2913
1583
933
2412
207
2162
386
2361
2126
286
141
2656
2716
220
1824
2573
2388
2394
1192
821
35
374
2703
1213
1078
1626
1796
1102
717
2932
1587
2027
799
1159
985
467
1518
1863
2065
2869
1032
1823
95
1569
538
987
2157
589
1126
1574
898
919
1330
844
457
2308
850
2104
1930
384
2799
2724
1857
942
2796
1361
360
1272
1506
2702
964
1871
556
2401
2905
2404
1872
1071
2580
26
1536
2255
321
1220
1744
958
542
1076
5
2890
2331
1058
674
775
557
2006
1482
2622
2631
299
437
2584
2522
1850
848
959
1403
671
2802
1649
204
1070
452
218
2049
2624
1249
2063
2678
2329
1628
975
2694
2895
34
1612
2754
2146
2213
668
962
1466
838
757
2704
1513
1655
140
2411
918
1346
2156
51
587
2809
740
1405
2700
891
486
1256
367
1922
1606
1771
2010
849
1848
1998
2396
2637
636
429
686
784
990
1184
1508
1148
786
1096
427
422
380
243
1832
855
983
63
434
2286
592
943
1902
880
1169
1837
1505
2212
1228
871
2731
677
1675
2794
2231
2447
3
2477
1219
2896
1315
1737
2476
704
2437
2202
508
1048
2696
2009
1131
638
550
1197
2158
1088
2618
2882
2307
2406
439
1620
450
458
2031
2468
1341
2036
2303
436
1905
1582
398
1572
687
911
1353
1045
2849
2937
350
1789
1170
1273
2844
53
2848
1434
1841
1776
2606
2885
1911
2603
2495
750
2780
1147
60
753
2538
678
2217
2133
931
195
1246
323
2786
2643
305
1870
571
745
846
1023
2211
2472
244
236
416
2530
2150
2856
2884
2723
75
2420
623
2451
273
572
1752
154
1209
2100
955
626
418
680
1316
443
87
691
995
1688
211
157
1579
2171
721
2262
1719
1414
259
861
1223
499
2320
403
2110
1356
878
1334
199
837
1225
1595
480
624
657
1342
172
198
278
2707
787
1497
767
2088
2032
1491
4
144
2473
877
1585
1084
2898
718
478
2750
1304
1114
453
485
2152
1172
9
522
2349
1515
925
1069
1904
2887
414
1682
1335
2269
45
345
693
147
815
2170
2278
2485
275
2333
1384
228
477
1275
2431
1288
549
2015
1714
116
1141
145
1794
1885
1370
1489
893
2292
1024
2480
269
2334
2774
1440
284
1481
1363
1504
2635
1369
1906
1042
1605
2115
562
256
1390
413
2513
2675
798
2387
896
2400
1633
2055
1129
2283
1539
1790
2830
2079
357
2719
1110
127
1733
205
1395
2889
2679
222
1471
149
2348
2564
2561
230
501
2701
2906
960
2681
488
2458
1180
748
1658
2797
2301
2143
320
2920
770
2084
399
155
2492
653
426
1052
2551
2850
1983
1210
227
451
2268
387
1239
344
1740
338
1127
2423
2281
2251
742
2030
2326
54
1555
180
1694
1327
1715
38
804
318
355
2335
2215
348
1274
791
1322
2555
563
1155
610
1944
80
2661
93
1786
362
676
725
1085
924
2909
952
1493
2068
2028
1282
2666
1678
2687
944
2542
1736
2381
1467
1802
2428
1452
1661
1667
751
2770
1683
2145
2296
1731
2617
1600
2119
16
1100
2378
706
2496
37
1818
2682
1785
2509
1754
112
2634
1952
534
1978
603
1375
238
347
2855
2933
1053
2047
560
196
1329
881
1373
2876
493
2914
565
802
409
215
2828
627
101
2221
712
1758
2078
1283
307
1544
1634
1664
1563
658
1765
1134
581
1138
281
2259
720
56
2272
2248
2864
324
2715
1718
1928
862
503
1116
192
2328
1531
889
945
2469
1411
306
1836
746
2574
2082
2368
315
2440
1098
1938
1263
2546
2527
62
402
1248
2148
816
2024
2342
232
1562
1055
251
1696
551
2154
1745
1521
1955
2043
2554
1833
1919
2186
2514
2224
1910
1939
2922
1512
1530
2900
2124
24
1119
2499
78
1041
2239
1425
2271
316
382
646
851
481
2764
2487
1321
617
1207
656
2478
2433
2825
1113
1245
2174
905
2044
64
2466
1099
583
1265
588
701
870
580
2210
1588
951
1427
1104
2456
1638
2007
2216
2651
1759
2054
448
114
2692
1293
515
349
2467
1253
2138
366
2223
1853
594
536
2582
1173
732
876
2218
655
2076
986
70
2877
514
2181
2029
2601
747
1575
2139
1650
2673
834
2777
2362
2385
2228
928
1040
1717
2741
2144
52
576
2002
2929
2001
529
2167
1091
645
1842
2931
1
1202
545
766
1047
1608
266
1599
2839
1687
2493
2911
608
920
1867
68
940
845
598
2629
421
31
2604
2714
2375
2244
2503
2511
1009
929
2298
555
1554
887
939
1610
1152
1294
134
1900
2866
705
973
921
2837
1775
1989
2075
2407
1636
1565
2151
1762
304
1218
2191
2893
190
874
2498
947
1464
1535
2128
1533
1226
2194
2155
2112
274
185
1446
1296
2071
2775
1357
811
1604
2575
2824
383
1093
982
2041
92
23
1697
1573
497
1415
1140
2444
2873
108
1254
2356
629
1692
1704
505
1179
242
2710
2095
2626
1834
2206
440
2858
1409
2621
2671
461
1178
1878
991
2386
1529
2597
2879
395
1979
1143
1262
2903
1674
886
1813
1549
1234
1935
639
2831
2317
1365
2800
2583
1801
981
2287
2103
1984
1511
2630
2772
972
214
123
1308
2245
1139
2232
2792
1778
1941
2758
1805
1657
352
267
1720
210
460
17
1851
2318
769
1967
2763
2132
1788
1380
487
1528
1241
1815
1292
2779
1705
971
684
785
1816
2653
2161
1488
298
1475
2691
2736
1741
1428
1843
2253
1668
860
300
1619
490
2670
492
1286
1420
2062
2843
808
1709
2267
2426
471
2753
2408
1934
702
482
2352
1695
2337
806
977
254
2285
647
2907
2875
1465
2881
650
2164
628
1551
519
96
43
665
1883
516
1691
270
1912
1897
1013
2243
489
2773
1237
1686
1973
2089
50
1693
1826
2347
159
459
2149
119
1727
1433
2081
61
293
1538
1483
1135
2488
2872
1977
1156
2912
1002
570
2867
1865
411
1510
2793
2235
1547
1614
685
1700
1748
258
1641
131
27
1861
164
2608
2611
2436
397
2562
442
2508
1532
2662
1382
2789
2638
46
1923
2938
2686
1819
55
2214
2016
1965
1151
1835
2859
2663
2237
2699
1448
755
1306
2717
20
1337
2297
166
1236
1290
19
390
1250
2928
12
660
2708
271
1676
2341
593
2602
812
1502
910
76
200
2052
2552
2821
1598
415
1564
1591
2325
2097
835
404
1075
1862
2273
2127
2783
2883
1194
2198
520
1622
797
2241
1829
2169
325
331
1072
695
1838
635
2099
1580
272
2502
1523
1030
2525
1046
1011
699
343
1839
1755
447
1238
441
1925
774
209
1050
2838
2533
1840
495
169
283
2863
430
773
1398
363
679
463
719
2205
2813
288
1607
1890
1996
2471
1949
980
1577
473
2677
177
2765
1913
614
72
667
21
1121
578
143
1399
1105
998
2250
1313
2648
2190
1174
1672
456
2636
2504
2442
1206
2359
621
201
2102
1914
1444
1807
1534
675
800
2519
2639
1267
1181
126
1501
507
1594
1772
2365
1443
541
1881
1937
512
359
1201
2300
2258
1602
2810
2526
1191
2647
7
1568
253
2023
618
2782
1956
2105
1044
1065
1954
607
2805
2705
231
385
2197
2242
1287
1000
2550
2061
760
2840
1029
285
1352
2371
1784
358
1344
188
1397
1723
1297
1527
2354
1656
2570
2749
2709
1799
1092
221
1756
1124
915
2280
2077
496
1874
94
1086
1300
1038
2163
1960
176
777
82
917
619
2571
533
2290
1312
1525
2683
841
282
1462
2628
2413
2185
2693
1918
319
47
99
2416
1189
2578
2531
1869
2130
1516
1447
1494
524
978
2294
1222
864
1019
2733
370
2377
2166
203
104
2313
407
1827
923
1423
1812
2160
574
1130
1659
1195
2172
40
317
1404
67
156
1332
2226
698
1144
965
763
1665
2801
526
1556
2857
1915
1623
2646
2544
2465
654
634
1314
1498
294
2182
2557
1057
423
2264
268
2367
1410
1001
661
730
1150
1162
901
2587
1593
2120
2409
1243
339
1106
303
1708
1760
772
1570
337
714
425
788
2586
1545
2817
2784
890
333
446
584
1408
2568
2450
697
410
1552
735
2410
2057
1945
1163
2559
859
1849
1039
1487
1724
937
936
1542
790
1780
2118
1742
2861
2005
1803
1964
1958
1056
1888
1991
2713
2585
375
111
1295
778
2941
257
1153
2712
2908
178
2358
326
1706
118
2085
302
2338
523
2737
1726
165
1514
1193
1270
310
2593
32
2438
2183
2299
2305
604
2787
377
2589
2936
2073
2756
100
575
1007
1351
2187
1217
1437
122
2747
1907
839
2888
341
1469
2827
1142
1681
2781
922
2011
168
2113
18
1621
640
2189
1948
2376
335
2897
552
2927
813
1161
1067
1777
2940
989
724
630
1690
1581
1936
1453
2778
491
2744
1947
369
117
1711
2823
265
2644
829
814
2121
1123
2649
1203
1738
1137
1616
85
2074
792
957
2506
191
1993
2581
1400
2429
2738
938
1968
2832
28
2812
208
1917
2620
1016
372
364
2050
1309
280
1392
711
810
2616
476
597
1087
1012
1643
2690
2101
2886
1145
2489
531
2277
696
346
633
71
2390
73
2516
727
2835
420
2759
2058
2129
1866
373
2
97
2013
1783
2415
1557
1584
2892
1417
1781
2453
2768
904
558
187
2340
1022
779
292
681
1339
148
2430
381
1186
2486
2841
1808
88
2845
547
2904
1844
600
2168
2721
2819
783
2818
2727
2853
498
544
625
84
1302
1981
2490
356
2820
1257
1271
2374
2311
2059
649
1671
2500
379
2537
1025
240
277
1094
1347
561
1684
2265
1992
91
1097
1896
396
1031
125
968
1908
1033
261
894
2579
419
970
59
2402
2449
2894
2066
417
2785
1677
2566
2435
1729
2556
758
688
606
966
1791
2199
2086
956
1893
42
1160
106
1260
582
2534
2851
186
14
2795
2698
2393
1592
1231
2445
2344
1988
2752
1418
1732
2735
1831
1646
1285
361
2505
2658
466
1877
1971
2672
2350
2474
1662
276
554
689
1492
81
1644
2599
1018
1895
365
1149
1820
1021
2204
830
781
1435
2282
1787
6
41
2625
2319
1441
291
239
1216
1468
736
1995
858
1647
290
1060
1175
2087
2114
511
2836
879
2545
1855
13
139
2919
2834
1899
1800
1999
2939
1269
36
1324
428
1891
121
559
1367
2017
567
1699
1526
1432
393
1942
2816
521
1927
652
2327
2460
181
1921
1372
2918
2632
2422
2878
1318
1051
179
2022
694
1566
2051
1259
312
1348
2279
241
1763
102
961
237
1933
900
930
1235
1278
963
2380
1962
863
946
1277
525
914
1617
2060
1611
831
1376
2246
2916
2732
1115
2650
609
1486
1463
827
2880
1307
2667
907
1477
2481
577
86
2598
967
250
2553
2222
2642
2457
2134
1090
826
1721
2484
2613
2125
669
58
2926
308
2826
818
2018
2684
1198
2762
1689
820
2464
1359
263
1132
1845
2652
950
219
1710
1773
616
1806
710
1364
295
1716
1402
1266
1378
340
2397
174
613
132
1571
1136
1233
749
2304
2109
2868
1624
2072
2403
2917
2035
1875
2098
1654
1698
1559
2921
1221
664
2316
932
2654
916
857
2323
2540
245
2641
1368
1109
1757
1232
2612
2657
378
2609
2482
2339
2515
823
663
642
1035
1822
2276
445
1176
2689
2539
2233
368
2697
530
1350
160
1887
796
1205
2346
537
1117
327
1517
819
1349
833
2549
1830
433
700
927
733
1005
1230
212
2434
330
2718
631
74
2915
1618
1997
1416
1859
2734
2090
1080
444
465
1066
1185
2543
1255
1847
163
2865
484
2852
1670
0
1666
1651
296
651
692
2720
899
2535
2315
455
11
1825
1792
90
2829
1215
1251
225
756
1036
1407
1298
1034
1393
247
809
2266
805
1629
2312
66
2056
2842
1609
2092
993
1766
193
431
2142
234
2607
246
1200
828
2739
1118
171
1319
475
1128
1490
2507
1653
1972
1632
873
2448
2332
2122
1882
1413
832
371
2141
1940
1165
2034
264
2685
1305
1509
1685
612
1004
2274
1846
2256
2309
546
65
1157
1326
992
69
1725
1374
301
1281
953
1854
2529
2219
1008
2252
673
2548
2455
2454
1387
2935
510
22
136
309
1188
2633
1637
2660
1868
1957
1597
332
2004
1728
412
2711
2389
1625
224
2776
328
994
2414
2520
2200
738
1642
793
1371
161
130
30
1970
1303
1707
2135
2847
1451
1101
1442
1576
836
2117
2674
2302
2288
1793
2424
726
840
1211
1158
1567
644
1455
1541
2726
2306
2405
1884
2203
1749
2588
2446
2364
216
2137
1345
1081
843
248
1679
2395
1279
517
643
173
1242
1943
2746
1224
1068
150
539
875
2427
2755
941
2159
1926
2207
885
2234
1613
2757
2425
731
1082
2470
1985
2706
1333
2874
2517
2891
2501
279
462
158
1074
1639
1204
1811
289
543
1630
2379
189
1520
682
1810
2208
167
2862
2910
1553
329
2761
853
1631
1478
2518
1702
2220
2605
2655
782
388
1208
2572
213
690
1388
1381
1125
2665
2803
223
1550
2811
2040
566
2108
1377
2417
1059
2048
867
2392
44
1982
2590
1268
842
888
1112
2230
113
506
1431
1360
424
892
1767
602
801
2039
553
2491
1247
1473
866
2295
2094
2766
1436
909
1615
1183
2591
1961
170
1479
182
494
2664
1406
1430
1929
2123
15
2791
1028
1354
1703
2729
194
817
1111
1474
229
2351
1648
744
1310
2860
789
454
2045
1073
765
2399
1083
1362
672
25
33
739
2751
615
1701
1596
2901
1426
637
1289
2042
1010
1976
2192
2934
2443
504
2080
1340
479
1227
601
1946
2037
2722
611
1412
1182
913
206
2725
2201
1450
2383
2595
2902
2623
1503
49
1753
988
502
1401
2790
2026
532
1601
1586
1323
1507
1640
2924
1284
591
1366
1496
2064
1421
2275
1804
2310
1061
2619
897
1328
1472
2688
2536
105
2521
2510
1445
1876
1924
1856
1480
1627
2870
1396
2291
2260
2808
1730
2814
2668
1873
1750
1779
2497
2360
89
2131
1079
1027
728
1276
2558
2180
908
2091

