1754
1352
2185
1373
631
1041
1082
1315
2248
1144
153
119
1502
2598
1482
556
466
315
100
1597
2394
2651
2727
1395
411
2228
1239
731
1173
1659
1836
2634
497
713
1476
388
1729
676
703
2392
2573
1724
1306
2041
1539
92
406
2131
232
1854
2841
2151
2003
235
1138
470
2551
2312
2147
410
2840
656
1520
1362
1360
1067
1497
1962
80
1805
785
2686
1595
107
454
1116
1512
2576
2324
1609
2504
2064
2216
2603
878
2663
1726
1601
1851
1648
2340
98
1181
1653
1488
1305
241
2697
179
1801
805
1451
1564
1684
1619
2397
348
1543
289
625
1389
1145
1356
2115
2182
2764
2294
1273
1767
84
220
2801
284
2209
1657
1166
1207
1952
832
2063
1920
816
1933
921
231
19
1667
244
1727
1565
1290
2617
2040
1732
2124
2903
1235
2257
2044
453
33
2154
2738
2555
252
1537
342
120
2090
1283
177
1605
2743
2346
2356
2640
1689
2146
206
1610
1340
2561
2330
1240
541
533
2134
221
968
1055
1421
658
2496
370
944
2355
2517
9
2031
47
1372
980
2507
1877
191
335
593
2648
2883
73
1621
771
1798
2028
1002
698
969
2810
380
1640
699
2797
2580
2054
2295
2434
322
2104
2657
1385
62
2564
566
653
2417
2741
2435
2423
1750
390
50
2898
958
1615
1390
132
693
2689
616
744
2246
2232
2732
189
373
105
564
777
913
424
1031
2719
892
2523
1577
2027
1936
1856
1652
147
1685
2188
1983
1620
1230
2858
2172
1873
2874
2585
1842
2849
843
1221
2051
1267
24
749
1958
2205
1894
2798
2705
243
527
400
2718
1852
1704
2817
2373
2735
675
2685
1809
27
481
1698
584
2882
1941
837
1742
639
2240
135
5
825
729
1412
2451
1229
1025
576
2252
905
1080
1142
1246
2664
2328
1638
2279
2834
629
1171
2885
16
1051
859
1865
1982
361
923
237
1004
1302
1696
2870
1725
431
277
2021
1126
1944
1961
2857
2316
1913
555
1120
2907
2164
967
624
2833
1712
798
553
1366
2276
2223
440
2342
695
2293
2108
1848
1453
726
1029
1129
2438
1604
1214
362
2853
2547
1548
2926
2676
236
2195
1277
2097
418
1127
1431
2008
2048
1123
1200
2653
2918
925
2629
384
77
873
1260
1831
1996
778
224
709
2529
49
138
1196
234
802
2693
1117
1584
932
2387
2167
894
630
797
1351
973
592
2866
1921
907
2440
761
1879
1388
2159
2723
343
1164
646
430
1118
2891
550
2701
1908
1818
910
822
542
1233
893
2338
46
2681
1707
1849
844
331
2760
1075
1456
1786
2310
2662
1350
680
54
1018
997
840
1368
1032
2744
368
1671
705
1370
2548
476
608
885
2015
2595
15
1888
2931
2339
1575
977
1471
1782
405
1953
684
1523
1054
828
1813
2939
548
1589
212
1951
254
719
360
2420
173
2304
569
488
682
274
2890
366
1499
1394
2285
2086
460
2354
1789
2872
954
260
404
407
2020
2649
2178
457
403
2864
2239
2506
2868
2368
91
2290
95
2688
1553
2406
2881
280
2921
672
2830
2769
930
1113
2165
2498
1757
1527
1545
763
2622
1152
2650
2793
1065
1167
535
1994
2511
2231
2899
1504
1324
2795
1692
1681
1891
604
2263
246
2416
852
2092
1529
599
214
1364
529
326
2611
1071
2804
1616
934
379
2509
583
2836
2752
2184
298
876
65
601
1062
2401
2219
1140
1019
118
2901
482
2772
110
2656
2839
546
2602
2765
1663
2138
1442
2112
2163
836
1219
502
182
1343
1858
2608
1232
1365
2792
414
1156
1960
1013
501
2635
152
193
282
353
762
1736
1826
1205
1942
2431
314
1309
776
1558
1463
1199
1571
2325
2641
1682
2698
2173
2211
1407
2572
2644
2660
2755
2844
575
2206
1286
1860
987
916
2665
577
2596
1038
1490
2805
1220
1310
2553
1465
2627
1459
1493
507
392
79
2914
1622
1973
2139
2191
2554
2019
1788
1439
2710
1569
814
1720
2125
1121
1862
1755
654
469
468
2492
2192
2579
1473
271
1901
1914
1485
1058
1986
495
447
678
1666
145
1
963
2832
45
521
1658
2247
228
1843
755
1007
1631
946
1643
117
2491
1317
2777
2776
1803
137
810
2614
1344
2175
133
1498
1483
1731
784
1808
81
2000
61
2549
2425
2722
1928
2058
2376
544
2896
2897
1263
2521
1881
2767
1216
1024
1382
2588
2080
2802
1677
1511
1245
517
1787
2081
957
567
413
6
1008
317
1676
2407
2532
2127
2101
285
863
2380
1011
2558
1398
614
1981
1771
2822
2243
187
1980
900
303
2126
1254
38
1287
94
1413
1703
1402
1380
1943
1064
760
1825
2371
1266
2258
1338
1603
1719
1081
644
2490
2309
2189
1191
102
4
178
2799
1940
2158
2623
2494
448
2856
623
2759
486
1916
2035
267
2842
2137
1418
959
823
1437
1047
2135
1131
3
223
1086
2747
2386
2541
1475
299
483
1043
1122
2221
1627
2930
2260
1280
1756
806
1690
2828
1739
2427
659
1097
1840
20
2428
1298
510
2117
2673
2013
2448
2624
666
2577
2089
174
2102
443
2140
1790
230
2288
2262
1030
55
2444
868
860
1250
915
1464
1930
2855
2452
1906
2933
402
563
321
866
908
1650
2374
471
1898
2756
1225
2283
1206
1573
1556
881
2233
1258
2605
690
1078
158
1822
1248
2350
2245
781
1275
2677
1649
961
1188
1579
543
28
1404
2410
1611
1844
1006
861
1550
1892
1655
790
2813
1203
2476
1106
408
1530
2470
338
2144
2430
2788
1148
2778
772
643
2118
2017
1635
1012
2311
1792
1406
1870
617
434
1607
2724
2463
1967
2684
365
74
2736
2787
2912
1026
1449
1932
2308
1361
975
2655
347
2269
2725
1824
664
1528
1518
753
788
605
757
1708
1330
345
2036
2571
508
1976
2315
438
1551
1383
2404
2539
1628
1890
1307
1582
1562
122
399
732
737
334
1673
188
2217
125
2790
1154
2814
1158
1354
374
149
951
2469
2235
1561
1531
395
972
2277
304
441
1337
1143
524
793
2668
1328
665
2133
851
1647
2861
2471
848
363
176
2148
1816
2786
1001
2682
1580
612
650
1243
635
2508
870
2915
1534
2560
114
856
2098
1408
2819
2224
2222
475
1355
714
2296
412
2493
506
887
310
2867
2301
1297
21
2924
249
2229
751
552
171
2079
1747
534
307
89
636
789
2317
2093
2282
286
2349
2270
269
1096
151
1094
984
827
1896
451
2815
1554
2199
2761
1846
2314
2023
1513
1810
1241
123
2796
1596
808
1672
998
1588
2024
2552
1278
43
2892
1489
1133
2525
1547
2905
882
1701
1541
2446
339
2375
704
1552
578
2567
1393
2190
356
904
2161
1057
2458
1694
293
632
2194
2927
1323
747
2658
568
1228
883
2574
1027
642
774
525
273
1581
197
1279
222
2789
2513
85
2067
2692
2439
795
2046
897
620
1455
648
2929
2320
2884
302
697
2721
1478
1568
465
2261
203
1242
2616
1715
607
1811
1623
1185
2477
2075
1636
2351
1765
2275
2034
1911
2050
979
819
2821
211
2348
562
446
1566
661
2876
163
2694
1419
290
86
99
1526
1717
2398
462
2272
2143
2
677
1103
1965
1722
175
1606
2391
512
371
2913
2265
2563
2570
150
1339
1777
324
2626
216
2267
2746
376
169
1874
514
1098
1387
1303
988
942
1028
668
838
473
1195
1034
1969
2381
1608
2709
2411
2587
354
974
1505
1204
2534
1841
1010
1466
2484
1090
1662
2062
464
2646
458
1392
301
2454
833
2183
1091
281
1174
2171
721
2816
494
2900
640
694
1441
794
1827
2780
2877
725
2334
2703
888
2671
1864
1172
2687
2823
579
667
257
2449
2436
917
1999
2606
559
1445
1714
1578
159
215
621
1251
1766
2683
765
2318
1332
1746
2754
687
1617
1359
1783
1256
1780
409
2527
463
1661
2357
1379
1036
2482
594
2818
2729
1269
1516
419
420
884
1396
1971
358
2413
1218
259
2155
30
1602
1101
1495
1905
1066
1867
1592
124
2633
597
1304
2113
276
590
2922
1507
1480
2094
1613
1130
128
253
2393
1993
1587
770
585
1040
2068
619
498
2808
1634
432
718
1215
2878
2910
685
853
821
2241
1510
1785
1560
1288
1591
2033
148
60
2888
716
2065
2794
1345
10
2057
2613
2384
768
2014
2369
1630
2742
581
70
2096
2226
2667
1353
1358
857
587
329
2251
2307
985
1422
1223
671
2740
948
1830
1972
532
2227
2680
689
1294
1693
775
2889
727
950
296
1252
480
2607
2210
2332
1923
1987
947
945
1381
1886
1563
1272
1162
1446
1375
1399
1728
1170
1738
641
561
1293
1069
952
1984
1995
2264
960
2242
199
1899
2432
649
2575
2768
1521
2690
2726
116
2061
1068
839
2142
2396
64
939
811
2824
901
427
920
2053
1335
11
344
264
68
1141
2121
2485
2329
787
2826
330
1384
1586
2502
2505
319
2220
1224
1042
2659
250
2919
2095
170
161
1820
855
320
1763
393
1201
487
258
2865
2619
327
1688
1109
1945
63
1014
2181
423
526
2287
1716
1828
504
2612
2533
349
2176
352
1257
738
2519
515
1797
1887
1400
1966
1829
505
2335
746
2557
2114
97
2925
2344
956
2488
800
538
1872
999
1391
850
2103
1522
2250
1409
2341
2591
1226
2445
2643
1740
139
2084
195
76
2473
1934
1072
2593
978
2812
1713
1910
1988
1367
2200
2388
1175
1641
2474
2621
2467
2383
1329
1059
886
847
773
1514
2414
1321
2581
1778
1479
35
846
484
780
1821
1633
180
877
2487
700
1331
2670
2343
2520
1333
1033
1835
2566
1664
2827
1678
115
2917
196
37
1150
2758
2672
270
1487
333
2526
1022
2409
2078
520
1600
1492
995
1947
1799
2379
1845
611
2187
2716
1544
1915
1542
834
1425
1454
792
813
2443
1683
2730
1247
401
2630
606
2631
1049
1524
1857
1146
849
2720
340
691
1917
2785
248
1730
1812
2642
1060
891
2132
831
1743
2886
1838
1163
2403
558
2464
2530
986
1893
428
2326
574
156
2249
1428
2364
748
740
924
1186
1189
2831
1975
779
1574
1282
1832
2707
1461
364
378
2654
2895
1593
2782
1998
2715
1377
2399
1709
1741
1259
2442
25
801
336
225
2367
1099
2007
1386
2637
1202
1506
204
2073
2122
1784
1212
2911
1300
2111
2497
1902
992
2559
1105
1434
745
2032
1612
2119
377
1139
537
2480
209
492
1859
1124
1882
1734
570
970
2412
2069
2862
1979
2737
2254
1500
2004
2225
1061
2708
1839
2145
2198
2503
1645
478
1817
845
1918
2362
2280
262
1955
2002
965
351
1397
1084
940
1073
2306
1349
2628
2932
2009
2179
1909
2070
565
2582
1452
662
1931
67
436
1710
669
1823
647
1991
989
1110
1618
1903
1927
511
1077
126
1044
2447
862
2894
2382
2281
2499
2120
1686
2875
1227
2934
2843
23
842
1956
2353
283
1296
2402
341
300
2418
1325
261
2847
467
355
1711
2583
186
2542
1904
12
51
109
1761
1462
864
415
2462
943
1369
2433
34
1180
754
657
240
551
591
1137
385
2259
52
142
2365
739
2166
1460
305
2893
421
1231
692
2609
809
1285
696
2536
1308
1414
1107
2390
202
2757
829
1467
1723
1312
1236
1079
1625
1179
1585
238
715
1974
1074
1436
1147
2695
824
2569
493
2422
1281
712
1093
485
2594
1184
2091
337
1376
1048
2074
1438
702
2168
219
2806
1570
108
2253
104
2871
1319
603
1776
2012
1695
1015
2540
1405
724
375
247
2291
288
1651
1959
2299
1863
2297
1261
1968
2457
2087
165
2545
2212
39
2604
933
545
2638
57
1834
2803
127
7
1977
1665
155
1020
2550
1624
2106
1935
1632
2846
2333
896
1733
2169
1063
2908
1416
2800
1769
742
1481
2556
357
660
610
2739
2625
1125
530
1598
2273
2468
2825
1749
600
1907
382
1433
2879
2377
1371
2674
919
229
287
1779
2565
328
1136
2771
1299
162
2215
2543
2415
1793
1253
2298
743
2678
2424
1102
1950
1833
1274
1424
2937
523
929
2586
1021
227
1924
311
367
571
1922
36
1165
17
1322
1946
2601
1669
2336
1046
208
2274
318
140
1853
1115
1160
752
971
2016
2455
679
2083
1318
2733
1997
2160
69
898
707
909
308
1590
1770
1758
1540
634
1435
2940
1496
1119
59
1491
2218
53
2669
2745
2378
1699
1800
190
2495
1217
2762
323
841
2047
48
1087
2255
1525
2366
2514
2370
1532
927
1642
2848
279
2150
192
2018
2728
931
2408
580
547
1053
1176
233
449
1753
1268
2537
2236
2538
2010
1426
1168
2562
1954
2753
1646
1737
40
292
1474
1009
1095
1430
2237
2783
416
2419
489
937
18
129
2851
207
982
2072
1687
835
627
1429
2170
1538
1919
1937
1208
2702
29
2244
2751
858
2779
966
598
88
1536
2887
1016
2162
2734
44
2319
628
906
1744
450
1291
539
2271
2460
134
2599
2077
2850
2465
242
1135
1210
1939
2006
2775
1045
2501
2679
1629
1948
1880
528
251
1702
2632
1037
764
2920
1151
2109
1926
1557
2136
2071
313
518
681
2652
1417
2352
1112
1706
166
2055
2714
1675
2313
164
1470
1327
1108
854
936
1357
865
804
1535
2234
58
2045
2426
941
2691
184
2600
1576
1134
2361
1912
1443
674
1411
1292
2837
2130
1194
297
2639
1614
1198
218
1989
688
2450
474
1249
1794
1494
720
912
706
1992
2781
1448
1802
993
1363
875
1089
2174
491
1472
2204
1000
2197
536
818
1234
1546
490
756
911
2941
1264
1768
1599
2820
1897
902
509
741
106
1155
2042
2152
1447
1270
615
2620
710
1795
767
2039
1503
1639
2489
2666
2238
31
2636
183
346
2347
42
278
2700
2466
2869
2001
701
1374
2128
1656
2546
1549
397
2149
1070
1320
2456
1187
266
2528
1104
2289
2590
2208
1017
2923
983
2597
540
442
994
673
2661
2592
613
1866
2845
2302
735
2880
1885
955
2327
1301
359
1745
830
622
2066
316
1760
596
2385
167
1347
78
2099
2807
1670
655
683
429
1791
1774
2584
2105
2049
2266
1111
22
663
2321
928
872
2026
1555
1519
2359
949
2791
645
2811
2203
459
2180
1572
2518
2214
2043
2278
2110
1346
32
1486
935
522
496
213
2784
1423
1869
826
1759
609
890
2935
588
2363
1311
2389
2510
2400
889
638
2711
1501
1052
1861
503
633
394
2305
1182
1083
435
531
2177
2322
519
325
815
96
2829
2531
72
651
2706
1748
1637
391
2486
2483
867
1222
2717
1970
181
1378
2906
2395
1773
1985
783
2615
472
914
2060
2938
1484
500
1815
1804
1440
1957
652
2156
1410
723
1594
239
2268
769
2441
1871
383
976
1781
1326
154
56
2331
895
2213
730
1316
1508
1334
1313
2835
1477
312
1157
456
2076
2030
2589
2300
2372
2461
2186
8
255
2863
2052
2196
2774
2459
1088
87
1114
2645
820
2902
2141
1023
595
1336
871
168
1697
1509
1457
2201
2770
803
1751
1153
708
499
922
445
1271
245
381
899
1700
1674
1265
869
1211
1190
386
560
1403
461
1868
2773
2544
2475
2360
2153
2107
786
2037
2928
1691
1193
1679
455
1255
1262
880
1884
1238
93
1192
198
425
2838
2437
291
782
2129
389
2193
1420
1348
1559
2854
1149
143
1654
1085
185
807
2202
516
332
2059
1035
991
618
2011
1735
372
736
422
0
2479
2750
626
1005
996
2123
879
1076
1705
1660
439
796
417
2038
309
1458
2704
2022
1237
306
1197
1415
2085
2337
1444
2766
1883
1806
589
41
2675
1929
2256
2699
2749
1039
217
1533
2809
1938
1775
1469
144
573
1889
1847
874
1837
1178
750
2568
2516
759
71
2748
812
1900
201
1161
953
2029
549
2453
272
1169
2405
733
670
131
2421
369
2696
1092
1762
903
1213
582
2345
2859
90
2323
265
2852
433
2157
1925
1289
103
66
817
1990
2909
758
2512
1819
1432
1772
1718
1978
101
2618
1752
1209
172
2005
452
2100
2481
554
1427
1878
1680
1177
2904
350
728
1128
294
2284
1626
2303
2515
1895
268
1295
1850
130
141
82
2500
1721
734
2578
711
2713
1284
437
113
2056
2535
1814
1159
2712
2116
1450
146
1003
136
396
1964
479
586
1244
75
1644
1517
1875
1100
926
791
1342
722
1183
602
918
1132
2088
557
981
2763
2478
1583
964
121
2936
962
1050
717
1401
2230
1515
2025
13
194
1056
1668
2358
2292
1468
1567
295
2873
2524
1764
256
2472
205
2860
112
157
2610
2429
426
226
2522
572
637
1963
200
686
1276
766
2916
83
26
1796
275
1949
14
1855
1341
513
1807
2647
210
2286
1876
2082
990
938
799
444
477
263
398
160
387
1314
2207
2731
111

