1 0
2 1
3 0
4 1
5 0
6 1
7 1
8 1
9 1
10 1
11 1
12 1
13 1
14 0
15 1
16 1
17 0
18 0
19 1
20 0
21 0
22 1
23 1
24 0
25 0
26 0
27 1
28 1
29 0
30 0
31 0
32 1
33 0
34 0
35 1
36 0
37 0
38 0
39 1
40 0
41 1
42 0
43 0
44 0
45 0
46 1
47 1
48 0
49 0
50 0
51 1
52 0
53 1
54 1
55 1
56 0
57 0
58 1
59 0
60 0
61 1
62 1
63 1
64 0
65 1
66 1
67 0
68 0
69 1
70 0
71 1
72 0
73 0
74 1
75 0
76 1
77 1
78 1
79 1
80 0
81 1
82 0
83 0
84 1
85 0
86 1
87 0
88 1
89 0
90 0
91 1
92 1
93 0
94 0
95 1
96 1
97 1
98 1
99 0
100 0
101 1
102 1
103 0
104 0
105 1
106 1
107 0
108 1
109 1
110 1
111 1
112 1
113 0
114 1
115 0
116 1
117 1
118 1
119 1
120 1
121 0
122 1
123 0
124 0
125 0
126 0
127 0
128 0
129 0
130 1
131 1
132 0
133 0
134 1
135 0
136 1
137 1
138 1
139 0
140 1
141 1
142 1
143 1
144 0
145 0
146 0
147 1
148 0
149 0
150 1
151 0
152 0
153 0
154 1
155 0
156 0
157 0
158 0
159 0
160 0
161 0
162 0
163 1
164 1
165 0
166 1
167 0
168 0
169 1
170 0
171 1
172 1
173 1
174 1
175 0
176 1
177 0
178 0
179 0
180 0
181 1
182 0
183 1
184 0
185 0
186 0
187 0
188 0
189 1
190 0
191 0
192 1
193 1
194 0
195 1
196 1
197 0
198 0
199 1
200 0
201 0
202 0
203 1
204 0
205 1
206 0
207 0
208 0
209 0
210 0
211 1
212 0
213 1
214 0
215 1
216 0
217 1
218 1
219 1
220 1
221 0
222 0
223 0
224 0
225 0
226 0
227 0
228 1
229 1
230 1
231 1
232 1
233 1
234 0
235 1
236 1
237 1
238 1
239 1
240 1
241 0
242 0
243 0
244 1
245 1
246 0
247 0
248 0
249 0
250 0
251 1
252 1
253 1
254 1
255 0
256 0
257 0
258 0
259 0
260 0
261 1
262 0
263 0
264 0
265 0
266 1
267 1
268 0
269 0
270 0
271 1
272 0
273 1
274 0
275 1
276 0
277 1
278 1
279 1
280 0
281 0
282 1
283 1
284 0
285 0
286 1
287 1
288 0
289 1
290 0
291 1
292 0
293 1
294 0
295 0
296 0
297 0
298 0
299 0
300 1
301 0
302 1
303 0
304 1
305 0
306 0
307 0
308 1
309 0
310 1
311 1
312 0
313 1
314 0
315 0
316 0
317 1
318 1
319 0
320 0
321 0
322 0
323 1
324 0
325 1
326 0
327 1
328 0
329 0
330 0
331 1
332 0
333 1
334 1
335 1
336 1
337 0
338 0
339 1
340 0
341 1
342 0
343 0
344 0
345 0
346 0
347 1
348 0
349 0
350 0
351 1
352 1
353 0
354 1
355 0
356 1
357 0
358 1
359 1
360 1
361 0
362 0
363 1
364 1
365 1
366 0
367 1
368 0
369 1
370 1
371 1
372 1
373 1
374 0
375 1
376 0
377 0
378 1
379 1
380 0
381 1
382 1
383 0
384 1
385 1
386 1
387 0
388 1
389 0
390 0
391 1
392 0
393 1
394 0
395 0
396 0
397 1
398 1
399 1
400 1
401 0
402 0
403 1
404 1
405 1
406 1
407 1
408 0
409 1
410 1
411 0
412 1
413 0
414 0
415 1
416 1
417 0
418 0
419 0
420 1
421 1
422 1
423 0
424 1
425 0
426 1
427 0
428 0
429 0
430 1
431 0
432 1
433 1
434 1
435 0
436 1
437 0
438 1
439 1
440 1
441 0
442 0
443 0
444 1
445 1
446 1
447 1
448 0
449 1
450 1
451 1
452 0
453 1
454 1
455 0
456 1
457 1
458 0
459 0
460 1
461 0
462 0
463 0
464 1
465 0
