1 0
2 0
3 0
4 0
5 1
6 0
7 1
8 0
9 0
10 0
11 0
12 1
13 0
14 0
15 0
16 1
17 1
18 0
19 0
20 1
21 1
22 0
23 1
24 0
25 0
26 0
27 0
28 1
29 0
30 0
31 1
32 0
33 1
34 1
35 1
36 1
37 0
38 1
39 1
40 0
41 0
42 0
43 0
44 0
45 0
46 0
47 1
48 0
49 0
50 0
51 1
52 1
53 0
54 1
55 0
56 0
57 0
58 1
59 1
60 1
61 0
62 0
63 0
64 1
65 1
66 1
67 0
68 1
69 0
70 1
71 0
72 0
73 1
74 0
75 1
76 0
77 0
78 1
79 1
80 0
81 0
82 1
83 1
84 1
85 0
86 0
87 1
88 0
89 0
90 1
91 1
92 1
93 1
94 0
95 0
96 1
97 0
98 0
99 1
100 1
101 1
102 0
103 1
104 1
105 0
106 1
107 0
108 0
109 1
110 1
111 1
112 0
113 0
114 0
115 1
116 1
117 1
118 0
119 1
120 1
121 0
122 1
123 1
124 1
125 1
126 1
127 0
128 1
129 1
130 1
131 1
132 0
133 1
134 0
135 1
136 0
137 0
138 0
139 0
140 0
141 0
142 0
143 1
144 0
145 0
146 1
147 1
148 1
149 1
150 0
151 1
152 0
153 1
154 0
155 1
156 1
157 0
158 0
159 0
160 1
161 0
162 1
163 1
164 1
165 0
166 1
167 0
168 1
169 0
170 0
171 0
172 1
173 1
174 0
175 0
176 0
177 1
178 1
179 0
180 0
181 1
182 1
183 0
184 0
185 1
186 0
187 0
188 1
189 0
190 1
191 0
192 1
193 0
194 0
195 0
196 0
197 1
198 1
199 1
200 1
201 1
202 1
203 0
204 0
205 1
206 0
207 1
208 1
209 1
210 1
211 1
212 1
213 0
214 0
215 0
216 1
217 0
218 1
219 0
220 1
221 0
222 1
223 0
224 1
225 1
226 1
227 0
228 1
229 0
230 0
231 0
232 0
233 1
234 0
235 0
236 1
237 1
238 0
239 1
240 1
241 1
242 0
243 1
244 0
245 1
246 1
247 0
248 1
249 0
250 1
251 0
252 0
253 0
254 1
255 0
256 0
257 0
258 0
259 0
260 0
261 0
262 0
263 1
264 0
265 1
266 0
267 0
268 1
269 1
270 0
271 1
272 0
273 0
274 1
275 1
276 0
277 0
278 1
279 1
280 1
281 1
282 1
283 1
284 1
285 1
286 0
287 1
288 0
289 1
290 1
291 0
292 1
293 1
294 1
295 0
296 0
297 1
298 0
299 0
300 0
301 1
302 1
303 0
304 1
305 1
306 0
307 1
308 0
309 1
310 0
311 0
312 1
313 0
314 1
315 1
316 0
317 1
318 1
319 1
320 0
321 1
322 0
323 1
324 0
325 1
326 0
327 1
328 1
329 1
330 0
331 1
332 0
333 1
334 0
335 0
336 1
337 0
338 0
339 1
340 1
341 1
342 0
343 1
344 0
345 0
346 0
347 0
348 1
349 1
350 1
351 0
352 1
353 1
354 0
355 1
356 1
357 1
358 0
359 1
360 1
361 1
362 1
363 1
364 1
365 0
366 0
367 1
368 0
369 0
370 1
371 1
372 0
373 0
374 1
375 1
376 0
377 1
378 1
379 1
380 0
381 1
382 1
383 0
384 0
385 1
386 1
387 1
388 1
389 0
390 1
391 1
392 0
393 1
394 0
395 1
396 0
397 0
398 1
399 0
400 0
401 0
402 0
403 0
404 1
405 0
406 1
407 0
408 1
409 0
410 1
411 0
412 0
413 1
414 0
415 1
416 1
417 1
418 0
419 1
420 0
421 1
422 0
423 1
424 1
425 1
426 1
427 1
428 1
429 0
430 1
431 0
432 1
433 0
434 1
435 1
436 1
437 0
438 1
439 0
440 1
441 0
442 1
443 1
444 1
445 0
446 1
447 0
448 0
449 0
450 1
451 0
452 1
453 1
454 1
455 0
456 1
457 1
458 0
459 1
460 1
461 0
462 0
463 0
464 1
465 1
466 0
467 1
468 0
469 0
470 0
471 0
472 0
473 1
474 0
475 1
476 1
477 0
478 0
479 1
480 0
481 0
482 0
483 0
484 0
485 0
486 1
487 1
488 1
489 1
490 1
491 1
492 1
493 0
494 1
495 0
496 1
497 1
498 1
499 0
500 0
501 0
502 1
503 1
504 1
505 1
506 1
507 0
508 0
509 0
510 1
511 0
512 1
513 1
514 1
515 1
516 1
517 0
518 1
519 1
520 0
521 1
522 1
523 1
524 1
525 0
526 1
527 1
528 0
529 0
530 0
531 1
532 0
533 0
534 1
535 1
536 0
537 0
538 0
539 1
540 0
541 0
542 0
543 0
544 1
545 1
546 1
547 1
548 0
549 0
550 1
551 1
552 1
553 0
554 0
555 1
556 1
557 0
558 0
559 0
560 1
561 1
562 0
563 1
564 1
565 0
566 1
567 1
568 0
569 0
570 1
571 0
572 1
573 1
574 1
575 1
576 1
577 1
578 1
579 0
580 1
581 1
582 1
583 0
584 0
585 0
586 1
587 1
588 0
589 0
590 0
591 0
592 1
593 0
594 1
595 1
596 1
597 1
598 0
599 1
600 1
601 0
602 1
603 1
604 1
605 1
606 1
607 1
608 0
609 0
610 1
611 1
612 0
613 0
614 0
615 0
616 0
617 1
618 1
619 0
620 0
621 1
622 0
623 0
624 0
625 0
626 1
627 1
628 1
629 1
630 1
631 0
632 1
633 0
634 1
635 1
636 0
637 0
638 1
639 1
640 0
641 1
642 1
643 0
644 1
645 1
646 1
647 1
648 1
649 0
650 0
651 0
652 1
653 1
654 0
655 1
656 1
657 1
658 0
659 0
660 0
661 1
662 1
663 1
664 0
665 0
666 0
667 0
668 0
669 0
670 0
671 1
672 0
673 0
674 1
675 1
676 0
677 1
678 1
679 0
680 1
681 1
682 1
683 1
684 0
685 1
686 1
687 1
688 0
689 1
690 0
691 1
692 1
693 1
694 0
695 0
696 0
697 1
698 1
699 1
700 1
701 0
702 1
703 1
704 0
705 0
706 1
707 0
708 0
709 0
710 1
711 0
712 1
713 1
714 0
715 0
716 0
717 0
718 0
719 0
720 0
721 0
722 0
723 0
724 1
725 0
726 1
727 1
728 0
729 0
730 0
731 0
732 0
733 1
734 0
735 1
736 0
737 0
738 1
739 0
740 1
741 0
742 0
743 0
744 0
745 0
746 1
747 0
748 0
749 1
750 1
751 1
752 0
753 1
754 0
755 0
756 0
757 1
758 0
759 1
760 0
761 1
762 0
763 1
764 1
765 1
766 1
767 0
768 0
769 1
770 1
771 0
772 0
773 0
774 1
775 1
776 0
777 1
778 0
779 1
780 1
781 1
782 0
783 1
784 1
785 1
786 0
787 0
788 1
789 1
790 0
791 1
792 0
793 1
794 0
795 1
796 1
797 0
798 1
799 0
800 1
801 1
802 0
803 1
804 0
805 0
806 0
807 1
808 0
809 0
810 1
811 0
812 1
813 1
814 0
815 0
816 0
817 0
818 1
819 1
820 0
821 1
822 1
823 1
824 0
825 1
826 1
827 0
828 0
829 1
830 0
831 0
832 1
833 1
834 1
835 0
836 1
837 0
838 1
839 1
840 1
841 1
842 1
843 0
844 0
845 1
846 0
847 1
848 1
849 1
850 1
851 1
852 0
853 1
854 1
855 1
856 1
857 1
858 1
859 0
860 0
861 1
862 1
863 1
864 1
865 1
866 0
867 1
868 1
869 1
870 1
871 1
872 0
873 1
874 0
875 0
876 1
877 1
878 1
879 0
880 0
881 0
882 0
883 1
884 1
885 1
886 1
887 0
888 1
889 0
890 1
891 0
892 0
893 1
894 0
895 1
896 0
897 0
898 0
899 1
900 0
901 1
902 1
903 1
904 0
905 0
906 1
907 1
908 1
909 1
910 1
911 1
912 0
913 1
914 1
915 1
916 0
917 1
918 1
919 1
920 1
921 1
922 1
923 1
924 1
925 1
926 1
927 1
928 1
929 1
930 1
931 1
932 1
933 0
934 0
935 1
936 1
937 1
938 0
939 0
940 1
941 1
942 1
943 1
944 1
945 1
946 1
947 0
948 1
949 1
950 1
951 1
952 1
953 1
954 1
955 0
956 1
957 0
958 0
959 0
960 1
961 1
962 1
963 0
964 1
965 1
966 1
967 1
968 1
969 1
970 1
971 0
972 1
973 0
974 1
975 1
976 1
977 0
978 1
979 1
980 0
981 0
982 0
983 1
984 1
985 0
986 0
987 0
988 0
989 0
990 1
991 0
992 0
993 1
994 0
995 1
996 0
997 1
998 0
999 1
1000 0
1001 1
1002 1
1003 0
1004 0
1005 1
1006 1
1007 0
1008 1
1009 1
1010 0
1011 1
1012 0
1013 0
1014 0
1015 0
1016 1
1017 0
1018 1
1019 0
1020 0
1021 0
1022 1
1023 0
1024 0
1025 1
1026 0
1027 1
1028 0
1029 0
1030 1
1031 1
1032 1
1033 0
1034 0
1035 1
1036 0
1037 0
1038 0
1039 0
1040 0
1041 0
1042 1
1043 0
1044 0
1045 0
1046 1
1047 1
1048 0
1049 1
1050 0
1051 0
1052 1
1053 1
1054 0
1055 0
1056 1
1057 0
1058 0
1059 0
1060 0
1061 0
1062 1
1063 0
1064 1
1065 1
1066 1
1067 1
1068 0
1069 1
1070 0
1071 0
1072 1
1073 1
1074 0
1075 1
1076 0
1077 0
1078 0
1079 1
1080 0
1081 1
1082 0
1083 1
1084 1
1085 1
1086 1
1087 1
1088 0
1089 1
1090 1
1091 0
1092 1
1093 1
1094 0
1095 1
1096 0
1097 1
1098 1
1099 0
1100 0
1101 1
1102 1
1103 1
1104 1
1105 1
1106 0
1107 1
1108 1
1109 0
1110 1
1111 0
1112 0
1113 1
1114 1
1115 0
1116 1
1117 1
1118 1
1119 0
1120 1
1121 1
1122 0
1123 1
1124 0
1125 0
1126 0
1127 0
1128 0
1129 1
1130 1
1131 1
1132 0
1133 0
1134 0
1135 0
1136 1
1137 1
1138 0
1139 0
1140 1
1141 0
1142 1
1143 1
1144 0
1145 1
1146 1
1147 0
1148 0
1149 0
1150 1
1151 0
1152 0
1153 0
1154 1
1155 1
1156 0
1157 1
1158 0
1159 0
1160 0
1161 1
1162 0
1163 0
1164 0
1165 1
1166 0
1167 1
1168 0
1169 0
1170 0
1171 0
1172 0
1173 1
1174 0
1175 1
1176 1
1177 1
1178 1
1179 0
1180 1
1181 0
1182 1
1183 0
1184 1
1185 1
1186 0
1187 1
1188 1
1189 0
1190 0
1191 1
1192 1
1193 0
1194 0
1195 1
1196 1
1197 0
1198 0
1199 0
1200 0
1201 1
1202 1
1203 1
1204 1
1205 1
1206 0
1207 0
1208 1
1209 0
1210 0
1211 0
1212 0
1213 0
1214 1
1215 1
1216 0
1217 1
1218 1
1219 1
1220 0
1221 1
1222 0
1223 1
1224 0
1225 1
1226 1
1227 0
1228 1
1229 1
1230 0
1231 1
1232 1
1233 0
1234 1
1235 0
1236 1
1237 0
1238 1
1239 1
1240 0
1241 0
1242 0
1243 1
1244 1
1245 1
1246 0
1247 0
1248 1
1249 1
1250 1
1251 0
1252 0
1253 0
1254 1
1255 1
1256 1
1257 0
1258 0
1259 0
1260 1
1261 0
1262 0
1263 0
1264 0
1265 1
1266 1
1267 1
1268 1
1269 1
1270 0
1271 0
1272 0
1273 0
1274 1
1275 1
1276 0
1277 1
1278 0
1279 1
1280 1
1281 0
1282 0
1283 0
1284 0
1285 1
1286 0
1287 1
1288 1
1289 1
1290 1
1291 1
1292 1
1293 1
1294 0
1295 0
1296 1
1297 1
1298 1
1299 0
1300 0
1301 1
1302 0
1303 1
1304 1
1305 0
1306 0
1307 1
1308 0
1309 1
1310 0
1311 0
1312 0
1313 0
1314 0
1315 0
1316 0
1317 1
1318 1
1319 1
1320 1
1321 1
1322 0
1323 1
1324 0
1325 0
1326 1
1327 0
1328 1
1329 0
1330 0
1331 1
1332 0
1333 0
1334 0
1335 0
1336 0
1337 0
1338 1
1339 1
1340 0
1341 0
1342 0
1343 0
1344 1
1345 1
1346 0
1347 1
1348 1
1349 1
1350 0
1351 0
1352 0
1353 0
1354 0
1355 1
1356 0
1357 1
1358 1
1359 0
1360 0
1361 0
1362 1
1363 1
1364 1
1365 0
1366 0
1367 0
1368 1
1369 1
1370 1
1371 1
1372 0
1373 1
1374 1
1375 0
1376 0
1377 0
1378 1
1379 1
1380 0
1381 1
1382 1
1383 1
1384 1
1385 0
1386 0
1387 0
1388 0
1389 1
1390 0
1391 0
1392 0
1393 0
1394 0
1395 0
1396 0
1397 1
1398 1
1399 1
1400 1
1401 1
1402 1
1403 1
1404 1
1405 0
1406 0
1407 1
1408 0
1409 1
1410 0
1411 0
1412 0
1413 0
1414 0
1415 0
1416 1
1417 1
1418 1
1419 0
1420 0
1421 1
1422 0
1423 0
1424 0
1425 0
1426 0
1427 1
1428 1
1429 1
1430 1
1431 0
1432 1
1433 1
1434 1
1435 1
1436 0
1437 1
1438 1
1439 1
1440 0
1441 1
1442 0
1443 1
1444 0
1445 1
1446 1
1447 1
1448 0
1449 1
1450 1
1451 0
1452 1
1453 1
1454 1
1455 0
1456 1
1457 0
1458 1
1459 1
1460 1
1461 0
1462 0
1463 0
1464 1
1465 1
1466 1
1467 0
1468 1
1469 1
1470 0
1471 0
