1423
1554
1307
590
2209
161
2931
133
453
2160
1565
16
1820
2134
144
1732
906
2857
996
744
884
173
253
2260
1434
1607
1906
1697
2774
976
192
1402
1677
951
2824
2647
582
357
2617
121
1450
1157
2384
2570
1337
2564
1009
1333
1675
2531
1694
4
2497
2438
827
252
1533
220
47
1029
2112
1134
409
2764
2382
2343
2918
1714
185
1868
529
793
2312
915
1404
2191
1383
2724
1695
1550
1426
2534
1132
216
2493
1473
198
1139
2027
1992
2234
1495
2394
1591
1893
1659
1143
1740
2280
973
2005
2713
2044
119
1350
274
342
54
2114
1212
179
0
942
1560
2886
2432
420
1217
78
268
1771
2136
1073
2276
288
945
2263
2393
1072
795
1190
88
1233
2602
2772
80
806
2345
1492
1284
654
807
1094
2568
2504
1259
902
514
381
2197
55
2737
187
23
1088
892
2591
445
838
373
1844
1828
2902
2747
574
569
2751
307
683
2605
2342
2124
1346
2024
1165
1283
1807
2725
2917
2354
2108
2058
169
432
1256
209
2573
2878
2635
548
1422
238
584
222
1743
184
703
1253
1747
2335
682
1608
2806
1824
231
2889
536
1609
290
1742
724
1321
1320
1080
1324
673
2331
2202
1469
2480
921
1976
1935
94
933
2256
2694
2867
1663
1859
158
438
742
934
927
91
1124
2544
2089
1498
2386
140
1749
2168
344
2898
2101
464
113
408
2366
1726
1198
788
889
395
1774
2734
2473
2598
718
1808
2836
1406
398
1901
2097
2162
720
239
1559
1800
1558
65
331
2055
1271
2813
1539
619
1968
297
678
384
2269
1041
728
2077
2507
890
928
260
1125
2034
2308
2355
2840
2911
1427
135
2305
2388
2560
2359
863
1035
1536
888
1900
2301
2866
31
2808
1526
2231
1280
2391
473
512
585
2041
434
2673
213
217
333
2087
2702
1860
2765
1548
1929
1505
599
1594
652
421
1864
126
1988
2619
2139
2525
1884
1923
2362
2015
861
89
1999
1570
2555
2699
1921
1757
2498
1907
258
1924
1801
396
1458
5
2281
743
1462
1563
2910
1636
2637
215
354
1387
488
2812
1966
1996
2604
848
634
1425
758
1950
765
2491
1530
1445
2748
1112
2827
178
2131
1971
923
1686
2121
2078
1682
1194
156
247
1014
1838
340
1294
2215
1545
330
671
2072
633
2167
659
2579
2728
2437
1589
1575
2939
1509
196
2743
797
378
379
1578
2443
2643
1891
1416
2550
1738
668
697
630
572
2415
2859
348
558
2890
2499
2036
2248
760
166
1254
925
821
2639
32
713
1562
1452
1204
554
2243
1459
1052
1810
2153
2309
1523
639
605
1994
826
943
715
1875
1527
1920
439
2626
1169
984
1348
2181
557
82
1767
785
2466
846
1881
61
174
506
72
2736
2891
956
204
100
2595
2074
2675
2079
886
1051
2682
1713
2238
295
1209
2456
2754
1759
834
581
1803
2860
1410
701
2057
1993
2666
1118
479
819
337
2334
2815
1972
380
989
1017
1616
1644
2913
138
278
2517
689
194
2697
511
704
910
1269
2292
1104
778
2846
1493
1312
2169
67
676
1898
1977
2730
1486
1349
1241
2554
482
2071
1020
131
2692
1952
803
372
312
2905
980
1513
1059
2244
261
1611
1336
1022
1857
2900
2485
1799
1937
2404
2649
1925
1729
2879
2745
1378
485
2235
753
691
2200
2353
577
840
475
2785
283
513
1060
2259
458
537
2726
2632
37
1519
2283
2717
2401
1699
2875
115
33
2117
1549
1357
2424
1175
2640
1928
1745
1240
1332
1345
2571
1202
2037
1227
2677
2920
2008
265
1214
2819
1030
530
1768
2850
1504
2683
2196
1938
2454
2061
2479
424
2757
1842
1329
2750
960
2463
1468
1557
1418
914
300
2691
1136
2767
1234
1580
699
698
518
623
2156
503
2063
2645
2710
1577
2669
982
1101
404
2541
2546
992
1650
1841
777
219
1566
755
1172
1543
1646
1323
162
1895
2762
2574
2274
2105
2588
2532
1596
225
83
2474
2048
1247
2297
1783
1986
2820
1812
328
2461
1618
1507
2755
1340
501
832
383
972
1258
539
640
759
845
2352
1508
2247
2613
1177
2026
125
1291
2753
2940
564
1932
1500
1829
397
748
244
159
1352
449
1326
1688
2811
2519
2547
1071
1364
1219
2423
1395
2272
1626
1137
2218
1739
2436
859
1717
809
749
1038
808
1957
2330
740
1590
1319
2039
1054
182
1120
909
2936
68
2874
1055
2453
1598
1384
1862
1871
2636
110
388
237
2797
967
2520
389
2930
2572
1601
1825
2648
2569
419
26
2193
160
2656
2899
893
1293
2380
1193
1067
1487
1011
454
897
1718
2909
2093
64
1708
2763
12
1833
2804
1222
1716
2302
2323
1096
36
725
1189
1817
1098
2770
1069
1528
2337
1000
1453
816
346
1076
1211
2877
985
401
476
1056
2428
177
1443
460
1512
2318
2420
304
1244
757
786
2528
1843
2448
903
857
193
730
199
1991
1043
1173
1409
2143
1853
303
1633
1455
273
277
979
2798
869
2720
2706
721
2378
75
864
234
369
2188
538
1440
2663
42
971
2273
249
298
2033
1503
363
2553
876
711
1735
935
2177
1178
1502
1834
1278
97
2257
1262
1973
1939
1830
376
2307
2118
781
2351
2934
837
2144
2779
2195
1756
1610
2701
1879
338
2210
2146
805
1460
2064
1984
762
2206
2681
1904
2884
2161
2040
2672
2732
2216
1910
2759
850
2213
163
1514
1027
2721
2558
726
734
2020
320
1228
2149
207
741
2895
907
2103
768
2542
2872
2267
1377
1309
779
2869
1683
1599
1005
1082
2622
817
1715
102
2339
1798
509
2076
2319
1002
2468
997
974
2515
556
879
1826
620
85
489
1197
1524
1573
366
2512
289
505
598
791
784
666
498
563
2119
1085
2856
2185
1975
1210
2698
2370
2489
1021
1782
1062
2937
798
1656
959
2781
1342
2625
293
76
171
2148
495
1285
510
1690
2552
772
1926
532
2830
1298
1277
2873
2316
1270
913
1032
147
2583
2778
576
50
1892
2460
949
2155
1821
122
428
2252
2828
2346
233
1516
1092
1532
978
1685
43
546
1858
1795
431
2341
2068
2818
1949
336
1188
440
877
48
1553
1641
360
1149
940
2516
1600
1461
1704
2608
847
1809
2115
1655
2365
2680
1602
1201
463
2241
687
533
2739
435
2780
2221
1131
2098
507
1538
2522
2817
294
1827
2821
2838
324
2580
2113
994
1168
2449
262
1753
1878
2929
362
1674
655
593
1477
1374
14
970
1773
1441
1385
2714
1660
2559
2685
1823
1142
1625
2237
1693
1997
746
2227
665
1301
1429
2133
642
2377
789
1471
9
1454
1917
267
2151
1903
1861
2488
901
2932
769
1755
521
405
516
2336
2593
2901
2109
954
887
2903
1242
1748
1466
1572
752
2285
1049
1405
881
1978
2870
1154
2855
1282
1442
912
2590
2700
833
895
1750
835
212
1272
1942
1195
2431
825
1873
1880
1744
232
2375
2482
2822
1264
2760
1583
2852
436
1480
386
2686
218
2159
62
2883
663
782
40
2006
1627
2421
2638
365
465
738
1372
1947
254
621
2265
1024
2733
955
1647
313
2049
2864
963
709
1908
1775
946
568
1640
1816
1341
2325
1586
2291
2361
2279
1494
2496
1230
2021
1764
367
587
266
2791
191
508
1897
1065
2478
1918
319
874
1356
1850
2053
2250
429
112
871
1631
471
341
2826
20
2865
229
2069
710
1628
2769
2679
763
1614
1075
2566
641
1962
1328
1039
1042
1251
1700
1470
1762
2799
2344
661
327
677
1105
2537
2749
1148
2152
2407
1781
547
1382
356
2211
1129
993
1275
118
2511
1111
2433
625
2696
829
1623
2298
2230
377
350
799
1018
2010
2322
1785
351
908
2716
2628
1520
2464
1671
2788
975
719
523
134
1701
2729
2120
2004
1793
1322
999
2670
1235
2533
2403
2768
904
1772
1144
1122
305
2007
2429
1481
353
339
241
2091
279
2926
1653
1933
323
480
257
1703
181
1751
291
549
1624
588
2154
2172
1008
10
1837
843
29
2275
242
1238
2065
2253
359
1605
385
2562
732
2615
1182
2367
1180
2223
322
1885
2868
1777
1292
1913
2104
531
2603
932
1877
1955
1911
206
1135
1529
326
636
2347
2576
1668
880
2038
271
270
382
1568
939
1424
276
855
1031
1315
417
1870
2844
2633
38
1985
1091
1004
1719
653
2363
2842
2925
314
117
2392
1386
1676
2897
2492
1141
1446
1485
2834
969
2707
2096
2614
1576
717
2465
264
27
2128
1839
672
2796
1672
197
447
170
1355
469
830
281
1347
1958
929
2665
1637
492
1983
1260
1542
2545
111
1478
1456
500
1517
2052
1651
2412
250
1164
2266
800
1736
2487
1255
1057
2310
2671
2239
783
2620
1819
614
127
2268
2348
1709
1874
1119
101
1302
856
311
646
2184
1794
1439
1181
1300
2592
1851
729
1945
771
2894
2858
650
1063
1074
2190
658
2016
2771
1465
1587
195
2150
183
1634
142
1606
1889
1635
478
1941
2450
2885
1407
2659
1224
403
1546
296
2217
604
44
2411
446
2225
607
790
1050
1034
497
2212
2207
1622
1680
810
2501
200
1665
1571
1909
1116
2657
2652
1153
345
1064
1778
2255
210
175
2476
63
2329
575
487
2364
603
2915
1555
1110
1353
1095
2045
2921
1087
176
2596
430
1569
1652
2427
589
1678
2784
1174
580
2147
796
361
1414
494
648
632
1990
343
2311
865
2262
917
2299
2712
259
282
1899
761
2402
227
349
696
773
2232
1620
2693
1711
1467
8
1510
84
451
2661
1158
1855
2684
1998
2789
461
930
95
211
2653
214
2390
2204
1797
1645
1237
626
635
2290
2409
695
329
433
493
1684
919
2518
448
2381
416
535
1339
2536
1401
399
2524
1344
583
2744
70
1643
2719
411
481
739
56
2462
2313
375
2586
1411
2458
24
2535
2880
2503
1107
662
1896
1163
1746
1408
1223
692
1263
1544
2599
1707
2176
2527
246
255
813
287
2408
2270
542
1930
230
615
2452
1314
1123
745
562
528
1369
751
868
392
637
325
2100
2014
427
1279
1642
299
853
2315
1765
2222
2025
957
1358
263
2426
2332
1741
413
2612
2406
2050
995
944
1376
1304
2731
146
1927
2540
854
1661
2303
2373
1090
3
2505
2668
1630
2350
2251
1436
1960
2132
2030
2543
1093
571
937
1215
484
2529
2514
2711
1138
2483
2627
172
302
66
391
92
2611
1156
2186
132
2224
371
1220
1482
1166
2851
2881
1681
2189
2208
1725
69
883
1221
2106
2219
15
103
1250
2116
802
1464
2526
1836
355
2646
2320
1525
316
1162
2848
727
414
2467
2314
1114
208
1632
390
226
1603
155
649
1551
680
998
2447
579
2226
2565
2304
643
1229
2082
1121
1147
153
402
2500
2271
1249
2722
2847
1934
1218
545
1245
870
1796
1246
1186
2887
58
2575
2264
2924
1046
1912
1474
1792
2556
1888
2430
570
2166
866
2922
310
586
1070
875
2800
1261
1619
1804
1712
1791
2758
2417
190
2035
1612
2201
1100
18
1433
527
1730
2418
592
2028
406
1079
19
1084
1673
2094
1281
2793
2814
2823
1040
2654
1531
2017
1252
2123
566
565
2690
2775
2521
814
352
2445
2138
1145
1489
1658
93
2807
2088
911
2164
2538
2471
472
470
657
2070
624
1133
6
780
407
1362
1013
2410
1802
841
1438
2845
13
1537
1592
86
2594
2494
2441
1951
358
1579
98
873
2843
756
1368
2882
1375
1865
2073
801
596
1776
2413
674
1161
1497
882
2782
25
986
867
1415
1365
2578
688
1239
1731
1689
958
1981
2835
1463
2145
1187
1720
462
2727
1380
1980
1679
2616
1705
2129
1236
248
2567
2832
2170
1207
1325
306
1306
2173
836
2385
2288
423
1856
667
152
1289
1987
2357
1766
1556
2662
2205
1989
2510
1869
1811
737
1585
1097
1305
1667
1265
862
2031
1205
1886
705
221
2405
1931
2621
1959
2849
2708
1068
2644
2356
502
1511
591
794
2513
235
2012
684
2486
1657
2705
2490
515
2422
1648
950
2783
2022
2825
77
1882
2831
17
1696
2790
393
1
2600
1813
622
1419
2457
1058
1045
644
824
256
947
2326
1286
2194
2451
2470
145
2455
11
1086
1692
1488
1863
368
1103
496
1343
2738
2786
1430
1023
2933
2158
1595
1150
116
804
1044
2585
2358
2137
2805
1192
224
1953
73
878
2434
2689
332
1698
2440
567
165
2912
2130
1363
1392
81
251
1243
2102
2198
1491
1266
1805
2296
457
2833
1160
811
991
1437
555
1789
1146
1919
2220
106
2110
2508
2140
2236
1758
1597
2368
1435
1629
2090
1457
2306
2141
1448
2075
2442
483
2338
2047
2396
1151
374
189
2278
2773
1127
1472
1397
2179
2660
2618
2561
706
2435
1806
2444
1007
823
364
767
1083
1521
2607
651
2389
490
444
2787
1567
2816
1361
1779
2906
2563
2369
2439
2642
2165
1311
2249
2741
1786
2761
852
872
269
905
1371
931
442
1737
544
948
828
1106
57
693
2941
2013
2841
1109
2163
450
559
1318
754
456
1115
1394
2610
2228
2060
2374
1854
1499
1760
1331
2067
136
2083
99
1564
1943
953
2938
28
2551
2809
157
2229
776
1706
292
2242
774
418
2587
707
124
1615
425
520
968
317
2609
764
519
1167
104
1728
2709
2182
2634
1752
334
2676
716
1313
2723
45
1388
1128
2383
2854
1876
2245
534
2183
1170
594
1191
2469
610
412
35
1638
1047
787
2904
1179
987
2893
1006
2484
2502
1849
2853
1185
1784
1723
1662
1288
275
2042
842
2398
747
822
141
2695
1003
2287
1048
685
1412
2233
1200
1431
422
1033
1089
486
1666
2284
1390
1902
1552
2509
2549
1944
517
2477
39
1203
321
2
394
2327
46
2095
1053
2372
1664
1117
2601
920
1267
2481
924
2861
240
1451
30
1066
988
2258
990
2240
608
775
675
1152
2300
1025
2062
2916
2286
1061
437
426
2011
301
245
2023
466
2340
1449
2295
1621
1257
1982
1403
1522
597
1077
1702
1159
1518
129
203
2829
105
128
243
2896
595
900
2009
1225
441
1476
1334
474
1295
1483
2333
628
1780
1534
2802
2080
2597
2475
600
899
1936
708
966
849
1274
1832
858
60
1338
2581
2397
2908
694
686
2178
702
962
1916
2766
2125
2199
1787
2328
467
154
1001
1036
918
1818
1216
1770
664
2142
2085
1866
2630
96
2756
1604
1867
524
1649
1290
1273
1327
1028
186
1354
1724
2523
1691
2472
606
370
1208
616
1710
2687
168
2664
1140
2655
1490
2416
2871
670
1541
736
627
1822
2349
885
2876
108
1373
452
2678
2054
1310
552
731
2056
205
1964
964
2667
1754
2400
1905
1206
2214
130
981
1367
561
1948
22
2623
926
722
679
1970
2126
766
1582
965
820
51
202
2171
2425
2703
2419
2293
2629
2446
700
815
2631
1727
114
2888
1946
1296
645
1831
236
1840
2715
2111
681
1814
2530
2282
851
1391
284
150
812
1213
1961
1883
660
2092
2051
143
2862
2043
611
609
1848
2688
223
750
961
2081
1979
2032
387
1790
1130
2651
1417
1113
2371
499
1540
120
2294
2086
400
1171
618
318
477
137
228
2246
1231
2135
612
2935
938
1016
1670
2324
2180
1515
541
468
1196
2914
2548
894
1351
491
2582
59
2099
1915
891
1815
109
1299
1421
52
1444
87
1226
860
2019
2650
2928
2752
1535
1639
2735
2317
2003
151
1379
2000
1019
522
1965
1914
714
443
2261
2387
2718
2892
90
2459
1846
1099
2360
455
2376
936
1184
2584
1584
2395
2606
1547
1887
2506
53
1940
983
1484
1126
1593
1769
1561
139
504
1852
1967
410
107
1399
2122
712
1316
2557
1894
2704
1155
2577
74
550
553
1381
308
415
1026
1845
1963
1268
1475
1506
1400
1037
1847
1330
2187
1788
941
1995
543
1761
1501
770
1389
148
1872
1081
1956
2175
2059
286
1954
1974
1669
1015
2837
952
735
79
1183
2321
49
459
1108
1248
1078
1176
578
347
1687
2029
1733
2624
1922
2002
525
1496
1393
2803
1232
149
1420
1012
315
2641
844
831
1370
1366
2919
2907
1574
2277
1428
2742
977
1617
896
601
1447
2863
669
1010
1359
7
41
2839
898
1335
2801
540
1317
2777
180
551
2018
617
188
2794
690
2589
922
613
2792
34
2001
1734
1654
2414
2192
123
2107
631
2776
1396
723
167
280
839
2127
2495
1613
647
1588
560
1721
2674
2066
1297
1835
2795
2379
1581
1303
335
2539
916
309
1722
573
1360
1287
792
2927
2658
2046
1102
1479
1413
602
638
2157
164
2289
201
818
1890
1969
285
71
2746
526
1199
2399
1308
2174
2923
2740
2810
629
2084
2254
272
2203
21
733
1398
1276
1432
656
1763

