675
882
1002
784
2794
2720
2361
2915
356
160
52
2232
524
696
2438
1745
1842
1720
1186
1619
1156
2832
1057
1194
1500
1369
2778
1733
379
2151
2429
2418
565
2428
688
1646
1383
106
376
1501
2664
465
2628
2027
1707
1037
2458
1090
2899
2230
2940
1541
320
1992
2925
1512
2698
2550
2252
1561
2451
276
2174
1996
2123
1896
2700
2025
658
1503
380
1888
493
525
196
2934
1709
2271
1311
95
2936
1739
1542
1271
1012
1011
1427
2873
1911
2140
2287
710
2084
881
892
2891
2198
2886
1984
205
1074
1601
2423
192
552
1227
1940
955
2933
1823
2504
1864
195
1711
1215
153
344
978
1691
2392
2857
845
1955
2784
2332
1380
2409
966
432
17
2343
230
1872
149
2281
1805
807
2517
277
1068
2092
2575
454
568
665
218
1535
2680
312
567
2253
1442
2350
829
2930
274
736
1699
1588
798
2484
489
990
1740
58
2897
794
1343
1525
2357
1242
1362
1465
859
305
2007
651
1667
1076
1007
1816
1507
2828
544
2555
744
349
2884
1989
1059
1598
801
2047
1749
556
2767
83
1910
204
2371
2145
295
107
185
1000
222
2935
154
1421
2220
1651
1784
1657
2374
1299
982
1694
739
2096
1924
70
2308
2937
601
1520
388
1897
424
938
322
2111
2722
2306
2921
2758
558
2162
2485
2526
2519
1808
1426
1043
1224
1180
1741
453
253
2883
647
2847
2104
1754
2182
1589
1206
2926
1861
1077
468
645
423
870
1688
1976
2656
2132
2227
2672
2248
1798
2647
2637
1413
467
1173
1048
284
514
667
1473
661
2005
2108
2238
166
49
931
2790
2689
2842
2297
2231
2038
1047
2369
945
802
2339
1774
1884
760
1678
943
1123
2729
1233
1534
1003
1149
176
326
1423
1198
2024
1554
542
1259
2737
1550
682
2106
353
2311
1731
214
2004
67
197
2660
426
2019
1290
563
198
1579
1170
430
1627
644
1167
1287
1586
2336
2032
906
1617
1580
689
2663
350
1357
2356
202
2372
1315
1802
2191
940
2736
1782
2079
1151
2035
1033
687
1098
929
2506
942
1787
778
1985
598
1880
1147
811
591
1954
2437
2393
1931
2016
1961
2071
1701
2639
2126
2167
533
458
2419
2360
1850
2124
151
2839
1963
2131
1668
2222
223
2209
1298
456
147
91
936
817
2596
545
1390
459
1108
2134
1772
2249
2442
1406
490
101
1091
157
837
551
764
1386
516
599
1049
1282
1279
869
2827
2870
2599
1391
440
2570
2863
2041
2941
219
1162
1513
1877
993
2534
975
1686
1329
1482
2727
1448
1420
415
983
2053
221
2176
1060
535
299
429
2488
2830
439
1324
2677
1780
1700
1591
2081
1649
1777
2906
2927
2337
2338
1977
2370
1571
641
28
2364
2190
2353
255
2018
436
618
1304
2348
1873
1273
1407
238
2776
2908
2531
1656
1181
1660
2621
336
2082
2008
1297
1824
2135
1632
1666
915
262
886
1392
119
1202
2535
1750
334
753
1477
2907
259
934
1658
570
1275
1703
150
2780
2902
2045
720
2797
449
2812
649
2406
2791
1551
44
1226
1607
2602
132
844
1767
1472
2881
164
2394
1435
2518
1860
952
2288
1253
2280
377
1054
676
2121
1382
2712
2234
306
30
639
785
2690
991
630
2543
895
1785
2257
1444
401
2044
971
1118
1183
1672
247
1220
2929
1971
2413
605
2378
307
2662
1152
1898
1928
323
1036
1983
2184
1693
1345
155
967
2136
212
1214
1116
79
959
1697
2846
887
254
999
1179
998
2001
1819
1743
2898
332
226
913
2862
347
627
582
1154
2803
877
782
2183
2638
2431
292
189
2441
1987
1565
2430
830
1825
2688
2837
2310
411
27
900
2375
619
1096
396
232
384
1938
628
2414
575
1528
1871
2580
1866
2276
2022
1320
1919
2046
260
2559
893
1830
956
2224
488
268
36
405
1210
2800
732
1682
1245
657
2427
1470
1433
2513
117
1865
2097
1837
2048
1015
1071
2826
1109
324
2117
557
2085
215
738
1449
2787
283
2860
297
1676
2521
1439
532
2000
1844
590
828
1027
2822
2783
2203
2314
2163
2215
821
1265
0
1853
455
2299
871
1834
309
1263
2665
1643
200
1026
1117
2317
140
1764
2554
457
1100
2256
2796
836
1131
937
515
510
1325
2658
105
1597
2706
446
1354
19
2284
2275
1228
1564
2552
1727
2067
2274
1587
357
1797
2810
2278
1124
704
1334
2318
2194
1436
2290
2098
1612
2782
2089
2223
707
168
228
1400
1531
995
1568
1322
920
1995
2489
321
1650
1537
1747
1758
1280
2757
678
1854
1196
2326
1875
780
2648
610
996
2578
2678
1493
1972
2805
123
1443
2465
2760
1669
2617
1303
1461
409
2516
81
684
2903
561
434
11
1623
2537
1885
1800
874
1017
1763
768
2264
2671
980
2481
918
2052
1351
1153
2270
1982
2165
389
1373
597
927
146
1907
233
2172
1519
1251
2681
385
981
851
947
1316
2425
946
2742
2461
1846
1831
159
2541
1624
342
754
2789
2340
2833
1148
634
850
2157
1079
722
2099
1638
1038
1848
1511
2895
296
838
1474
584
2193
1064
1769
2054
2479
2905
2153
2321
898
2702
12
131
1232
1128
2305
1066
2212
1661
2080
2013
2250
2411
179
1165
921
1264
1783
331
1852
1962
2816
130
2367
2532
1262
422
2415
2462
839
2389
2386
1841
1190
1212
841
1822
2346
272
1389
614
1973
56
873
1337
1828
1585
54
795
273
2263
2855
1775
1883
1188
2049
2426
2675
191
21
1485
670
2307
1636
416
511
824
1223
1349
1370
538
1794
1859
1566
304
1918
448
2014
865
583
2626
1958
124
2235
1685
1675
2572
2695
2068
2210
1438
1445
1637
1684
1915
2424
2382
2920
2181
1874
1505
2918
2568
329
1540
923
243
1069
1121
135
1281
2711
333
994
2205
897
939
1498
2341
171
1608
116
745
13
2328
62
120
810
1909
2542
1453
1462
1753
2888
2354
1319
1213
85
2100
973
812
2726
1930
969
2769
1331
2
1687
513
730
2285
2380
128
2325
87
625
1773
2358
194
483
1367
1394
1101
654
531
1547
1756
2536
1136
443
2792
2657
1358
2246
2069
2564
1150
2112
1867
543
1999
2379
2331
494
209
393
499
1761
2584
1714
2496
2315
1905
884
1735
640
2764
1692
2433
2003
1725
2015
239
2598
2510
289
294
527
2026
113
1125
108
2710
2708
152
2095
799
1539
2078
1502
1403
1674
1219
2887
2548
2146
742
949
1530
2063
1332
487
2589
761
2269
705
2545
477
505
2113
2499
1344
2404
1084
2849
66
941
2445
2754
2130
1078
1341
103
2730
631
806
46
2420
1399
2055
2410
2558
2028
559
1936
1662
2871
974
587
2094
231
1988
1222
2365
2448
2749
245
129
2691
206
1269
919
1809
2366
2896
2178
303
485
257
1052
593
1441
1355
2236
2497
418
2829
2851
2773
928
2831
1155
383
1548
541
76
373
2042
2021
820
2133
852
2219
1621
1014
161
2567
2309
2777
2721
138
1879
664
2483
2302
1029
1496
1702
685
788
2043
1652
1986
428
825
989
1776
803
1129
2313
2002
662
1490
1949
1708
875
109
1751
2040
2177
2529
148
1425
290
1414
729
2011
29
725
442
2457
2581
1134
2520
466
2848
2770
482
2201
2207
1093
2508
1578
2630
1818
2809
692
985
1236
1447
2679
2701
1616
1696
642
112
857
1404
814
916
1326
2753
1328
2673
2507
2585
1039
1796
462
406
2551
360
690
2031
2707
751
275
2056
2743
2102
1670
1112
2143
908
61
1664
1604
2524
1089
2605
407
1827
1203
2359
1184
1004
2560
2440
2705
2292
804
1629
2277
1401
390
1801
504
1559
711
2845
141
391
537
573
2490
1935
854
2939
2744
1075
1260
917
6
2877
2188
281
269
1768
2471
478
346
2938
1508
620
500
2651
1635
1364
2493
10
762
1256
1557
724
880
1779
2482
1114
498
2009
210
2616
2808
2719
2164
2923
2571
2718
1363
2538
727
1258
1082
2533
425
2735
315
2893
1067
1737
2161
2879
1817
818
1346
2105
891
1042
2454
1065
2233
1533
2843
1991
2747
1806
1247
1272
1348
1869
686
267
50
413
827
1340
213
484
777
2527
2867
1914
1440
2065
1172
1139
352
1291
988
984
896
1742
1104
1615
2070
1556
2087
1169
2703
2171
1246
1312
1833
2435
1944
32
1005
2206
180
2352
1622
2574
480
2820
1159
2697
2841
2716
2093
1555
1110
1698
791
699
509
88
114
1913
1941
1230
2156
1795
2422
16
550
2561
1378
2342
2625
819
1144
1922
1466
2704
2912
364
1978
2295
134
2200
285
963
163
184
2421
2885
1176
1721
2859
1634
905
1185
2408
1182
1746
2447
1690
574
162
2591
1431
2502
1522
240
1570
2696
2265
2260
156
2187
2139
1381
1278
576
1094
1516
398
1022
1518
1845
287
506
1302
100
2101
1095
286
496
325
1901
2228
481
681
1163
1560
437
2606
486
1135
1734
2405
1618
2169
2185
635
2878
45
2142
1115
786
2874
1712
856
2600
600
298
580
470
2900
2799
935
569
1510
2351
438
1395
2083
831
2661
2214
1430
2814
1023
648
2204
2894
1932
899
2301
960
2322
1450
2739
1595
2725
2075
1732
118
2213
2807
2368
1274
1411
1225
2407
1626
2771
767
99
318
1497
2682
2466
1480
789
110
310
883
308
1295
1487
2821
68
606
3
86
1175
2650
2072
2544
1939
1277
832
2030
1724
2889
2880
547
2576
638
1605
529
1261
2439
672
2804
5
42
167
2395
2731
2699
840
55
2241
2734
201
2872
2401
2632
60
1111
2756
1821
2017
1921
526
1178
771
589
2684
224
2713
1878
977
1791
1467
1765
1416
733
2765
77
2785
2417
2854
8
33
849
2763
972
1912
1968
337
872
1967
1793
2901
659
2388
1375
1799
188
1544
950
25
2646
2910
1970
595
1397
2334
1546
660
2436
65
2012
1216
1024
403
2400
2058
1160
586
361
2642
73
2813
2539
708
1934
203
2158
1323
37
1868
2050
2540
1979
301
1137
1835
643
632
1572
2640
1952
328
2514
2391
1876
911
2909
399
612
386
1388
2464
15
2623
2622
2323
1549
1997
2715
2653
2033
668
2076
279
96
592
2861
1044
2279
1310
341
683
2916
2553
1300
2500
1543
1529
2856
2088
2125
2376
560
562
554
779
369
1553
2010
1628
1576
48
476
1463
2062
2733
2244
1645
1103
1330
2247
367
139
1195
2159
2455
700
624
181
1900
2148
962
133
1350
9
1267
520
776
1471
2077
2556
24
82
2562
1710
868
402
1218
1106
1492
2924
1352
2127
104
1113
165
797
588
51
2398
808
2840
2319
2607
2456
2245
1161
2505
1476
145
1141
501
2865
2064
2494
136
1058
519
622
80
38
2604
1606
1456
2802
1097
769
2931
366
1187
965
2237
1041
1640
300
2917
2116
758
1744
2613
93
1946
508
585
2781
408
2876
718
1577
1736
2525
734
890
1812
1458
1704
338
2741
1286
737
1908
2798
199
270
1099
249
2762
2289
2836
2603
1314
1981
381
703
986
1792
564
507
97
1434
731
1062
1829
1018
1890
2239
1356
748
1217
2834
2119
2825
666
1276
679
1484
1205
2766
1166
1305
1813
1376
503
2362
2057
2208
1581
1655
2242
1248
2779
740
1567
2475
534
2811
208
1132
2601
375
237
1820
2806
1770
846
64
7
1408
2377
1102
2216
2122
417
2610
2344
650
1409
1948
1424
719
2858
2459
2283
2922
1021
1838
1728
370
964
1839
572
2262
2446
2243
1209
1965
1270
826
173
1613
1107
842
636
2546
1771
2686
2728
1085
1759
2467
2291
2914
930
435
1620
1035
2335
1168
1600
225
311
1164
1464
709
2597
2129
2160
1929
2226
229
127
187
2641
2611
288
656
2416
2592
53
1562
502
314
1980
888
680
450
663
1722
2495
1964
677
1832
463
1509
1372
800
2717
2261
571
2748
1241
2217
2128
1338
2197
1849
365
293
726
2835
2869
330
182
265
1296
1730
1713
234
2258
1459
1086
319
115
59
2349
2633
1990
903
2432
2565
885
1630
2643
2498
752
1840
2693
1063
1778
471
335
1679
2615
2645
1360
1998
354
431
1923
581
1285
2118
2593
2823
2449
2594
1486
953
926
2470
1240
1969
2192
1130
2587
90
2304
1140
1402
2772
2666
2477
177
2251
549
1495
1385
2714
2039
1610
815
2296
89
822
1804
2582
714
2324
1342
2709
2267
1327
1552
1126
834
1452
1306
2029
2579
1625
1008
441
387
2060
1538
925
1584
2347
404
774
26
2179
1590
2890
2892
1289
1653
611
2624
1847
1582
2091
848
1683
343
521
1903
2300
1563
796
2396
2469
1523
2480
793
608
1308
1807
1917
1142
158
2090
460
1365
475
2147
1040
427
1975
1665
2676
78
2530
1974
2472
75
244
697
2627
280
843
695
1889
2254
1469
816
741
1904
258
35
691
1916
1053
2384
1138
1045
757
867
2155
1347
302
698
190
2120
2109
763
1200
1886
2818
2345
394
2583
954
183
491
1257
1956
756
236
2759
889
2609
2557
809
2928
858
2634
922
1603
1250
2608
2487
111
2844
735
566
1309
2740
2649
327
604
217
1788
1920
1648
1174
1455
144
121
1422
2511
2115
833
479
747
1569
1211
395
1120
2474
1639
2473
1536
2211
1207
2654
1050
2669
2173
2683
1006
1790
759
2817
420
1479
2563
372
2266
1933
1333
1010
2390
1335
1614
207
743
2168
2403
646
2175
2492
2268
2501
1193
1489
2373
1307
878
1418
2316
2850
2528
1055
1133
2221
1766
2259
382
607
2320
1863
2919
1950
1705
2687
193
1514
2523
1680
1201
235
2468
1870
1368
2150
2635
317
1748
2363
39
2590
1019
2668
472
1515
1706
1396
1288
2138
637
2801
693
2478
2761
1318
2819
2655
2595
702
1377
1521
1951
2107
766
2824
447
2020
909
1573
1815
2815
2619
701
451
23
1957
715
142
616
1602
1204
879
1517
2547
860
34
2838
102
241
613
518
98
1689
713
261
609
2460
1046
271
1887
1237
539
14
1899
904
1558
555
2385
1092
1814
126
617
1681
348
175
1001
1895
1122
1596
2218
2149
992
712
1366
805
717
2577
169
1191
1405
671
1857
1283
2327
1942
1592
773
1599
2141
1061
910
1419
1070
517
621
1644
2644
1339
958
1034
1532
876
2330
1491
750
2180
2110
2746
1231
2355
1959
968
2652
1673
2273
1960
787
1072
1947
291
1966
653
813
1654
2329
2932
1412
530
1081
2588
2152
1031
4
1437
1663
18
172
444
2724
1429
250
2775
2631
755
1016
1
248
775
2103
1506
1073
2144
603
2434
594
1009
2670
72
716
2312
2618
536
1953
540
1468
783
1428
1359
1460
1171
1451
2786
1127
2073
1719
1317
186
1398
1499
1244
2795
2272
1374
20
2282
1252
1393
452
84
1032
1641
2573
2738
1235
1249
615
251
2667
1836
178
1457
282
1893
579
772
1925
2293
2788
2452
2463
864
2166
578
2383
2659
2443
345
2444
1336
1892
2225
694
792
1475
1671
1789
1574
847
835
1575
957
1594
2882
2255
1762
1192
445
1221
924
1504
2061
495
2059
2034
392
2692
2154
2853
602
264
1105
522
419
2399
242
2774
1371
1611
339
358
1810
2569
2549
633
546
866
2397
528
1927
43
2298
1025
2586
721
770
1294
1843
1902
523
1243
2195
2294
355
2864
855
1080
1738
2412
143
216
1454
1716
1119
1255
1856
2614
421
1189
2745
1483
2074
1353
2303
2381
2066
1293
2491
2566
2170
1146
41
1481
2674
1410
2199
1056
1157
669
746
1945
2515
1028
577
410
1238
2685
1268
1906
673
1446
1145
2387
626
2768
749
512
1760
1415
414
863
2732
412
861
2752
1723
1292
211
2186
351
2793
1881
1786
263
1234
1677
2036
278
948
728
1894
1781
1755
1478
2629
1020
473
979
1488
1527
400
1432
492
474
1803
71
1379
170
2196
313
1858
1284
1994
1239
623
137
1051
2503
92
1659
1757
553
31
951
765
1993
907
2636
2240
1301
47
2509
2868
1013
1083
790
497
1631
652
2612
2694
2189
1729
69
1811
1030
2751
2723
246
2037
1087
1642
469
1937
371
706
227
902
1715
1717
1177
1387
74
2450
2286
2137
1361
1862
932
2023
256
125
1882
1891
862
1417
22
1583
548
933
1208
2402
1647
1494
1321
901
2750
2086
2333
368
1593
914
1229
57
853
94
2512
1254
1718
1199
976
1197
2229
1855
340
961
2866
2755
2913
2476
1526
1943
464
1609
1158
2875
2852
970
2006
174
397
1524
374
1384
1826
1266
1088
823
1633
362
912
433
461
1752
363
674
1695
2620
2453
378
266
40
1926
2522
359
781
1545
2114
987
220
252
122
63
1143
2202
944
1851
2051
316
2911
2486
655
723
596
997
1726
894
629
2904
1313

