1 1
2 1
3 0
4 1
5 0
6 1
7 0
8 0
9 0
10 0
11 0
12 0
13 0
14 0
15 1
16 0
17 1
18 1
19 1
20 1
21 1
22 1
23 1
24 1
25 1
26 1
27 1
28 1
29 0
30 0
31 0
32 1
33 0
34 0
35 1
36 0
37 1
38 1
39 0
40 0
41 1
42 0
43 1
44 0
45 1
46 1
47 0
48 1
49 1
50 0
51 1
52 1
53 1
54 0
55 0
56 1
57 0
58 0
59 0
60 0
61 1
62 0
63 0
64 1
65 1
66 0
67 0
68 1
69 0
70 1
71 0
72 0
73 0
74 1
75 0
76 1
77 0
78 0
79 0
80 1
81 1
82 0
83 1
84 1
85 1
86 1
87 1
88 1
89 0
90 0
91 1
92 0
93 1
94 1
95 0
96 1
97 1
98 1
99 0
100 0
101 0
102 0
103 0
104 1
105 1
106 1
107 0
108 1
109 0
110 0
113 0
114 0
115 1
116 1
117 0
118 1
119 0
120 1
121 0
122 0
123 0
124 0
125 1
126 1
127 1
128 1
129 0
130 0
131 0
132 1
133 0
134 0
135 1
136 0
137 1
138 0
139 1
140 1
141 0
142 1
143 1
144 0
145 1
146 1
147 1
148 0
149 0
150 1
151 0
152 1
153 0
154 0
155 1
156 1
157 0
158 0
159 0
160 1
161 1
162 0
163 1
164 0
165 0
166 0
167 0
168 1
169 1
170 0
171 0
172 1
173 1
174 0
175 1
176 1
177 1
178 0
179 1
180 1
181 1
182 0
183 0
184 0
185 0
186 1
187 1
188 1
189 0
190 0
191 0
192 1
193 1
194 0
195 0
196 1
197 0
198 1
199 0
200 0
201 0
202 1
203 0
204 0
205 0
206 1
207 1
208 0
209 0
210 0
211 0
212 1
213 0
214 0
215 0
216 0
217 0
218 1
219 0
220 1
221 0
222 0
223 1
224 0
225 0
226 1
227 0
228 0
229 1
230 0
231 0
232 1
233 0
234 0
235 0
236 1
237 1
238 1
239 0
240 0
241 1
242 1
243 1
244 1
245 1
246 0
247 1
248 1
249 0
250 1
251 1
252 0
253 0
254 1
255 0
256 1
257 0
258 0
259 1
260 1
261 0
262 1
263 1
264 0
265 0
266 0
267 0
268 1
269 0
270 0
271 1
272 0
273 0
274 0
275 0
276 0
277 1
278 1
279 1
280 0
281 1
282 1
283 0
284 0
285 0
286 1
287 1
288 0
289 0
290 1
291 0
292 1
293 0
294 1
295 1
296 0
297 1
298 1
299 0
300 0
301 0
302 1
303 0
304 1
305 0
306 0
307 1
308 0
309 1
310 1
311 1
312 1
313 0
314 0
315 1
316 0
317 0
318 1
319 1
320 1
321 1
322 0
323 1
324 1
325 0
326 1
327 0
328 1
329 0
330 1
331 0
332 0
333 0
334 1
335 0
336 0
337 1
338 0
339 0
340 0
341 1
342 1
343 0
344 1
345 0
346 1
347 0
348 1
349 0
350 1
351 0
352 1
353 0
354 0
355 0
356 1
357 0
358 0
359 1
360 1
361 0
362 1
363 0
364 1
365 1
366 1
367 1
368 1
369 0
370 0
371 0
372 1
373 0
374 0
375 0
376 1
377 0
378 1
379 0
380 0
381 1
382 0
383 1
384 0
385 1
386 0
387 0
388 0
389 0
390 0
391 0
392 1
393 0
394 0
395 0
396 0
397 1
398 0
399 1
400 1
401 1
402 1
403 0
404 1
405 0
406 0
407 1
408 1
409 0
410 0
411 0
412 0
413 0
414 1
415 0
416 0
417 0
418 0
419 0
420 1
421 0
422 0
423 0
424 1
425 1
426 1
427 0
428 1
429 1
430 1
431 0
432 1
433 1
434 1
435 1
436 1
437 1
438 0
439 1
440 1
441 0
442 1
443 1
444 0
445 1
446 1
447 0
448 0
449 1
450 0
451 1
452 0
453 1
454 1
455 0
456 1
457 1
458 0
459 0
460 1
461 1
462 1
463 1
464 1
465 1
466 0
467 1
468 0
469 0
470 0
471 0
472 0
473 1
474 1
475 0
476 1
477 0
478 0
479 0
480 0
481 0
482 0
483 1
484 0
485 0
486 1
487 0
488 1
489 0
490 1
491 1
492 1
493 0
494 0
495 1
496 0
497 1
498 1
499 1
500 0
501 0
502 1
503 0
504 1
505 0
506 0
507 0
508 1
509 0
510 1
511 0
512 0
513 1
514 1
515 1
516 0
517 1
518 1
519 0
520 1
521 0
522 0
523 1
524 0
525 1
526 0
527 0
528 0
529 1
530 0
531 1
532 1
533 0
534 1
535 1
536 0
537 1
538 1
539 1
540 1
541 1
542 0
543 1
544 0
545 0
546 0
547 1
548 1
549 0
550 0
551 1
552 0
553 0
554 1
555 0
556 0
557 1
558 1
559 0
560 1
561 1
562 1
563 1
564 0
565 0
566 1
567 1
568 1
569 1
570 1
571 0
572 0
573 1
574 0
575 1
576 0
577 0
578 0
579 1
580 1
581 0
582 0
583 0
584 1
585 0
586 0
587 0
588 0
589 0
590 0
591 1
592 0
593 0
594 1
595 1
596 0
597 1
598 1
599 0
600 0
601 0
602 0
603 1
604 1
605 0
606 0
607 0
608 1
609 1
610 1
611 1
612 0
613 1
614 1
615 0
616 1
617 1
618 1
619 0
620 0
621 0
622 0
623 1
624 1
625 1
626 0
627 0
628 1
629 1
630 0
631 0
632 1
633 1
634 0
635 0
636 1
637 1
638 1
639 0
640 0
641 1
642 1
643 1
644 0
645 1
646 0
647 0
648 1
649 1
650 1
651 0
652 1
653 1
654 1
655 0
656 1
657 1
658 1
659 1
660 1
661 0
662 0
663 0
664 1
665 1
666 1
667 1
668 0
669 0
670 1
671 1
672 0
673 1
674 1
675 1
676 0
677 0
678 1
679 0
680 1
681 1
682 1
683 0
684 1
685 0
686 0
687 0
688 0
689 1
690 1
691 1
692 0
693 0
694 0
695 1
696 1
697 1
698 1
699 1
700 0
701 0
702 1
703 1
704 1
705 0
706 0
707 1
708 0
709 1
710 0
711 1
712 1
713 1
714 0
715 0
716 1
717 0
718 1
719 1
720 0
721 1
722 1
723 0
724 0
725 0
726 1
727 0
728 0
729 0
730 1
731 1
732 0
733 1
734 1
735 1
736 0
737 1
738 1
739 0
740 1
741 0
742 0
743 1
744 1
745 0
746 0
747 0
748 1
749 1
750 1
751 1
752 0
753 0
754 0
755 0
756 0
757 0
758 1
759 1
760 1
761 1
762 1
763 0
764 0
765 1
766 0
767 1
768 0
769 0
770 1
771 0
772 0
773 0
774 1
775 0
776 1
777 0
778 1
779 1
780 1
781 0
782 1
783 1
784 0
785 0
786 0
787 0
788 1
789 1
790 1
791 1
792 0
793 0
794 1
795 0
796 1
797 0
798 0
799 1
800 0
801 0
802 1
803 0
804 1
805 0
806 0
807 1
808 1
809 0
810 0
811 1
812 0
813 0
814 1
815 0
816 0
817 0
818 0
819 1
820 1
821 0
822 0
823 1
824 0
825 1
826 0
827 0
828 0
829 1
830 0
831 1
832 0
833 0
834 0
835 0
836 1
837 1
838 1
839 0
840 0
841 1
842 0
843 0
844 1
845 0
846 0
847 1
848 0
849 1
850 1
851 0
852 1
853 0
854 0
855 0
856 1
857 1
858 1
859 0
860 1
861 1
862 0
863 0
864 1
865 1
866 0
867 1
868 0
869 0
870 1
871 1
872 0
873 0
874 0
875 0
876 1
877 1
878 0
879 1
880 0
881 0
882 0
883 0
884 1
885 1
886 0
887 1
888 1
889 0
890 1
891 1
892 0
893 0
894 0
895 1
896 0
897 0
898 1
899 1
900 0
901 0
902 1
903 1
904 0
905 0
906 1
907 1
908 0
909 0
910 1
911 0
912 1
913 1
914 0
915 0
916 1
917 1
918 0
919 1
920 1
921 0
922 1
923 1
924 1
925 0
926 0
927 0
928 0
929 1
930 1
931 0
932 0
933 1
934 1
935 1
936 1
937 0
938 1
939 0
940 0
941 0
942 0
943 0
944 1
945 1
946 1
947 1
948 0
949 0
950 0
951 1
952 1
953 0
954 0
955 0
956 1
957 0
958 0
959 0
960 0
961 0
962 1
963 1
964 0
965 1
966 1
967 0
968 0
969 0
970 1
971 0
972 1
973 0
974 0
975 1
976 0
977 1
978 1
979 0
980 0
981 0
982 1
983 0
984 0
985 0
986 1
987 1
988 0
989 0
990 1
991 0
992 1
993 0
994 0
995 1
996 0
997 0
998 0
999 1
1000 0
1001 0
1002 0
1003 0
1004 0
1005 0
1006 0
1007 0
1008 0
1009 1
1010 1
1011 0
1012 0
1013 1
1014 1
1015 1
1016 0
1017 1
1018 1
1019 0
1020 0
1021 0
1022 0
1023 1
1024 1
1025 1
1026 0
1027 0
1028 1
1029 1
1030 0
1031 0
1032 0
1033 1
1034 0
1035 1
1036 0
1037 0
1038 1
1039 1
1040 0
1041 0
1042 1
1043 1
1044 1
1045 0
1046 1
1047 0
1048 1
1049 0
1050 0
1051 1
1052 1
1053 1
1054 0
1055 0
1056 1
1057 0
1058 1
1059 0
1060 1
1061 1
1062 1
1063 1
1064 0
1065 0
1066 1
1067 1
1068 0
1069 1
1070 0
1071 1
1072 0
1073 0
1074 0
1075 1
1076 0
1077 1
1078 1
1079 0
1080 0
1081 0
1082 0
1083 1
1084 1
1085 0
1086 0
1087 0
1088 0
1089 1
1090 1
1091 0
1092 1
1093 0
1094 0
1095 1
1096 1
1097 0
1098 1
1099 0
1100 0
1101 1
1102 0
1103 0
1104 0
1105 0
1106 0
1107 1
1108 0
1109 0
1110 1
1111 0
1112 0
1113 0
1114 1
1115 0
1116 0
1117 0
1118 1
1119 1
1120 1
1121 0
1122 1
1123 1
1124 1
1125 0
1126 0
1127 1
1128 1
1129 0
1130 0
1131 0
1132 1
1133 0
1134 1
1135 1
1136 1
1137 1
1138 1
1139 1
1140 1
1141 0
1142 1
1143 1
1144 1
1145 0
1146 1
1147 0
1148 1
1149 0
1150 1
1151 0
1152 1
1153 1
1154 1
1155 0
1156 0
1157 1
1158 1
1159 1
1160 1
1161 0
1162 1
1163 0
1164 1
1165 1
1166 1
1167 1
1168 1
1169 0
1170 0
1171 0
1172 0
1173 0
1174 1
1175 1
1176 1
1177 0
1178 1
1179 0
1180 1
1181 0
1182 0
1183 0
1184 1
1185 1
1186 1
1187 0
1188 1
1189 1
1190 0
1191 1
1192 0
1193 1
1194 1
1195 0
1196 1
1197 1
1198 0
1199 1
1200 0
1201 0
1202 1
1203 0
1204 1
1205 0
1206 1
1207 0
1208 0
1209 1
1210 0
1211 1
1212 0
1213 1
1214 1
1215 0
1216 0
1217 1
1218 1
1219 1
1220 1
1221 0
1222 1
1223 1
1224 1
1225 0
1226 0
1227 1
1228 0
1229 0
1230 1
1231 0
1232 0
1233 1
1234 1
1235 0
1236 1
1237 0
1238 0
1239 0
1240 0
1241 0
1242 0
1243 1
1244 0
1245 1
1246 1
1247 1
1248 0
1249 0
1250 1
1251 0
1252 1
1253 0
1254 0
1255 0
1256 0
1257 0
1258 1
1259 0
1260 0
1261 0
1262 1
1263 0
1264 0
1265 1
1266 0
1267 1
1268 0
1269 1
1270 1
1271 1
1272 0
1273 1
1274 1
1275 1
1276 1
1277 1
1278 1
1279 0
1280 0
1281 0
1282 0
1283 1
1284 1
1285 0
1286 1
1287 1
1288 1
1289 0
1290 0
1291 0
1292 1
1293 1
1294 1
1295 0
1296 0
1297 1
1298 0
1299 0
1300 1
1301 1
1302 0
1303 1
1304 0
1305 0
1306 1
1307 1
1308 0
1309 0
1310 1
1311 0
1312 1
1313 1
1314 1
1315 0
1316 1
1317 0
1318 0
1319 0
1320 0
1321 1
1322 1
1323 0
1324 0
1325 1
1326 0
1327 1
1328 0
1329 0
1330 1
1331 1
1332 1
1333 0
1334 1
1335 0
1336 1
1337 0
1338 0
1339 1
1340 1
1341 1
1342 1
1343 0
1344 1
1345 0
1346 1
1347 0
1348 1
1349 0
1350 0
1351 1
1352 0
1353 1
1354 1
1355 1
1356 1
1357 1
1358 1
1359 0
1360 1
1361 1
1362 0
1363 1
1364 1
1365 0
1366 1
1367 1
1368 1
1369 1
1370 1
1371 0
1372 1
1373 1
1374 0
1375 1
1376 1
1377 0
1378 1
1379 1
1380 1
1381 0
1382 1
1383 0
1384 0
1385 0
1386 0
1387 0
1388 0
1389 1
1390 0
1391 0
1392 1
1393 0
1394 1
1395 0
1396 1
1397 1
1398 1
1399 0
1400 1
1401 0
1402 0
1403 0
1404 1
1405 0
1406 1
1407 0
1408 1
1409 0
1410 0
1411 1
1412 1
1413 1
1414 1
1415 1
1416 1
1417 1
1418 1
1419 1
1420 0
1421 0
1422 1
1423 0
1424 0
1425 1
1426 1
1427 0
1428 1
1429 0
1430 1
1431 0
1432 1
1433 0
1434 0
1435 1
1436 1
1437 1
1438 1
1439 0
1440 0
1441 0
1442 0
1443 0
1444 1
1445 1
1446 1
1447 0
1448 1
1449 1
1450 0
1451 0
1452 0
1453 1
1454 0
1455 1
1456 0
1457 0
1458 1
1459 0
1460 0
1461 0
1462 0
1463 0
1464 0
1465 0
1466 1
1467 1
1468 0
1469 0
1470 1
1471 0
