1 0
2 1
3 0
4 1
5 0
6 1
7 1
8 1
9 1
10 1
11 0
12 1
13 1
14 1
15 1
16 1
17 0
18 1
19 0
20 1
21 1
22 1
23 1
24 0
25 1
26 0
27 1
28 0
29 1
30 0
31 1
32 1
33 1
34 0
35 0
36 1
37 1
38 1
39 1
40 1
41 1
42 0
43 1
44 0
45 1
46 0
47 0
48 0
49 0
50 1
51 0
52 0
53 0
54 0
55 0
56 1
57 0
58 0
59 0
60 0
61 1
62 1
63 1
64 1
65 1
66 1
67 0
68 0
69 0
70 0
71 0
72 0
73 0
74 0
75 0
76 0
77 0
78 1
79 0
80 0
81 0
82 0
83 1
84 0
85 1
86 1
87 1
88 1
89 0
90 1
91 0
92 0
93 1
94 0
95 1
96 0
97 1
98 1
99 1
100 1
101 0
102 1
103 0
104 1
105 0
106 0
107 1
108 0
109 0
110 0
111 0
112 1
113 0
114 0
115 0
116 0
117 0
118 1
119 0
120 0
121 0
122 0
123 0
124 1
125 0
126 0
127 0
128 0
129 0
130 1
131 1
132 1
133 0
134 1
135 1
136 1
137 1
138 0
139 1
140 0
141 0
142 1
143 1
144 1
145 1
146 0
147 0
148 0
149 0
150 0
151 0
152 1
153 0
154 0
155 0
156 0
157 0
158 0
159 1
160 1
161 0
162 0
163 0
164 0
165 0
166 0
167 1
168 1
169 0
170 1
171 0
172 1
173 1
174 1
175 1
176 0
177 1
178 0
179 0
180 0
181 1
182 1
183 0
184 1
185 0
186 1
187 1
188 0
189 1
190 0
191 0
192 1
193 0
194 0
195 0
196 0
197 1
198 1
199 1
200 1
201 1
202 1
203 1
204 1
205 0
206 1
207 1
208 0
209 0
210 0
211 1
212 1
213 0
214 0
215 1
216 0
217 0
218 1
219 1
220 0
221 1
222 1
223 1
224 1
225 1
226 1
227 1
228 0
229 0
230 0
231 1
232 0
233 1
234 0
235 1
236 0
237 0
238 0
239 0
240 1
241 0
242 1
243 0
244 1
245 1
246 1
247 1
248 0
249 1
250 0
251 0
252 0
253 0
254 1
255 1
256 0
257 0
258 0
259 0
260 0
261 1
262 0
263 0
264 1
265 0
266 0
267 0
268 1
269 1
270 0
271 1
272 1
273 1
274 1
275 1
276 1
277 1
278 0
279 1
280 0
281 0
282 0
283 0
284 1
285 0
286 0
287 0
288 1
289 0
290 0
291 1
292 0
293 1
294 0
295 0
296 1
297 1
298 1
299 0
300 0
301 0
302 0
303 1
304 1
305 1
306 1
307 1
308 1
309 1
310 0
311 0
312 1
313 1
314 0
315 1
316 1
317 1
318 0
319 1
320 0
321 0
322 0
323 1
324 1
325 0
326 1
327 1
328 1
329 0
330 0
331 0
332 0
333 0
334 0
335 1
336 1
337 1
338 0
339 0
340 0
341 1
342 0
343 1
344 1
345 1
346 1
347 1
348 1
349 0
350 1
351 0
352 0
353 1
354 0
355 0
356 1
357 0
358 0
359 0
360 0
361 1
362 1
363 1
364 1
365 1
366 0
367 0
368 1
369 1
370 1
371 0
372 0
373 0
374 1
375 1
376 0
377 1
378 0
379 1
380 1
381 0
382 0
383 1
384 1
385 1
386 0
387 1
388 0
389 0
390 0
391 1
392 1
393 1
394 1
395 0
396 1
397 1
398 1
399 1
400 0
401 0
402 1
403 1
404 1
405 0
406 0
407 0
408 0
409 1
410 0
411 1
412 0
413 1
414 1
415 1
416 1
417 0
418 0
419 1
420 0
421 0
422 0
423 1
424 0
425 1
426 0
427 0
428 0
429 0
430 0
431 0
432 0
433 0
434 1
435 1
436 1
437 0
438 1
439 0
440 1
441 1
442 1
443 0
444 0
445 1
446 0
447 1
448 1
449 1
450 1
451 0
452 1
453 0
454 0
455 0
456 1
457 0
458 1
459 0
460 0
461 0
462 0
463 1
464 1
465 0
466 0
467 1
468 0
469 1
470 0
471 0
472 1
473 1
474 1
475 1
476 1
477 0
478 1
479 0
480 0
481 0
482 0
483 1
484 1
485 0
486 0
487 1
488 1
489 0
490 0
491 1
492 0
493 1
494 0
495 0
496 0
497 0
498 1
499 1
500 1
501 0
502 1
503 1
504 1
505 0
506 1
507 0
508 1
509 0
510 1
511 0
512 1
513 0
514 1
515 1
516 0
517 0
518 1
519 0
520 1
521 1
522 1
523 1
524 0
525 1
526 1
527 0
528 1
529 0
530 0
531 1
532 1
533 1
534 0
535 1
536 1
537 0
538 1
539 0
540 1
541 1
542 1
543 0
544 0
545 0
546 1
547 0
548 1
549 1
550 1
551 0
552 0
553 0
554 0
555 0
556 0
557 0
558 1
559 1
560 1
561 0
562 1
563 0
564 0
565 0
566 0
567 1
568 1
569 0
570 1
571 0
572 1
573 1
574 0
575 1
576 0
577 1
578 1
579 1
580 0
581 1
582 1
583 1
584 0
585 0
586 0
587 0
588 1
589 1
590 1
591 0
592 0
593 0
594 1
595 0
596 1
597 0
598 1
599 1
600 1
601 0
602 0
603 0
604 1
605 0
606 0
607 0
608 0
609 1
610 0
611 1
612 1
613 1
614 0
615 0
616 0
617 0
618 1
619 1
620 0
621 1
622 1
623 1
624 1
625 1
626 1
627 0
628 1
629 0
630 1
631 0
632 0
633 0
634 1
635 1
636 1
637 0
638 1
639 1
640 0
641 1
642 1
643 1
644 1
645 0
646 0
647 0
648 1
649 0
650 1
651 0
652 0
653 1
654 0
655 1
656 0
657 1
658 0
659 1
660 0
661 0
662 1
663 0
664 0
665 1
666 0
667 0
668 0
669 1
670 1
671 0
672 0
673 1
674 1
675 0
676 0
677 0
678 0
679 1
680 1
681 0
682 0
683 1
684 0
685 0
686 1
687 1
688 0
689 1
690 0
691 0
692 1
693 1
694 1
695 1
696 0
697 0
698 1
699 1
700 0
701 1
702 0
703 1
704 0
705 0
706 1
707 0
708 0
709 0
710 1
711 0
712 0
713 0
714 0
715 1
716 1
717 1
718 1
719 0
720 0
721 0
722 1
723 1
724 1
725 1
726 0
727 0
728 0
729 0
730 0
731 1
732 0
733 0
734 1
735 1
736 1
737 0
738 1
739 0
740 0
741 1
742 1
743 1
744 1
745 1
746 1
747 1
748 1
749 0
750 0
751 0
752 0
753 0
754 1
755 1
756 1
757 0
758 1
759 1
760 1
761 0
762 1
763 1
764 1
765 1
766 1
767 1
768 0
769 1
770 0
771 1
772 0
773 0
774 1
775 0
776 1
777 1
778 0
779 0
780 1
781 1
782 0
783 1
784 1
785 1
786 0
787 1
788 1
789 1
790 0
791 1
792 1
793 0
794 1
795 0
796 0
797 1
798 1
799 1
800 0
801 0
802 1
803 0
804 0
805 0
806 1
807 0
808 1
809 0
810 1
811 0
812 0
813 0
814 0
815 0
816 0
817 0
818 0
819 0
820 1
821 1
822 0
823 1
824 0
825 0
826 0
827 0
828 0
829 0
830 1
831 0
832 1
833 1
834 0
835 0
836 0
837 0
838 0
839 0
840 0
841 1
842 0
843 0
844 1
845 0
846 1
847 1
848 0
849 1
850 1
851 0
852 0
853 0
854 1
855 0
856 0
857 0
858 0
859 0
860 0
861 1
862 0
863 0
864 1
865 0
866 0
867 0
868 1
869 1
870 1
871 0
872 0
873 1
874 0
875 1
876 1
877 0
878 0
879 1
880 1
881 0
882 0
883 0
884 0
885 1
