1 1
2 0
3 0
4 1
5 0
6 0
7 0
8 0
9 1
10 0
11 0
12 1
13 0
14 1
15 0
16 1
17 1
18 0
19 1
20 0
21 1
22 1
23 1
24 1
25 0
26 0
27 0
28 0
29 1
30 1
31 1
32 0
33 1
34 0
35 1
36 1
37 0
38 1
39 1
40 0
41 1
42 0
43 0
44 1
45 1
46 1
47 0
48 1
49 1
50 1
51 0
52 1
53 0
54 1
55 1
56 0
57 1
58 0
59 0
60 0
61 0
62 1
63 1
64 1
65 0
66 0
67 0
68 0
69 1
70 1
71 0
72 1
73 0
74 0
75 0
76 0
77 1
78 1
79 0
80 1
81 1
82 1
83 0
84 1
85 1
86 0
87 1
88 0
89 0
90 0
91 1
92 1
93 1
94 0
95 1
96 0
97 0
98 0
99 1
100 1
101 1
102 0
103 1
104 0
105 1
106 1
107 1
108 0
109 1
110 1
111 0
112 1
113 1
114 0
115 0
116 0
117 1
118 0
119 1
120 0
121 0
122 1
123 0
124 0
125 0
126 0
127 0
128 1
129 1
130 0
131 0
132 0
133 1
134 1
135 0
136 1
137 0
138 1
139 1
140 0
141 1
142 0
143 1
144 0
145 0
146 0
147 0
148 1
149 0
150 0
151 1
152 0
153 0
154 1
155 1
156 1
157 0
158 0
159 0
160 1
161 1
162 1
163 0
164 0
165 1
166 0
167 1
168 0
169 0
170 0
171 1
172 1
173 1
174 1
175 0
176 1
177 1
178 0
179 1
180 1
181 0
182 1
183 1
184 0
185 1
186 0
187 1
188 0
189 0
190 0
191 0
192 0
193 0
194 0
195 0
196 0
197 1
198 0
199 0
200 0
201 0
202 0
203 1
204 0
205 1
206 0
207 1
208 0
209 0
210 1
211 0
212 1
213 1
214 1
215 1
216 0
217 1
218 1
219 1
220 0
221 1
222 1
223 0
224 1
225 1
226 0
227 0
228 1
229 1
230 0
231 0
232 1
233 0
234 1
235 1
236 1
237 0
238 1
239 0
240 1
241 1
242 1
243 1
244 0
245 1
246 0
247 1
248 1
249 1
250 1
251 0
252 1
253 1
254 0
255 1
256 1
257 1
258 0
259 0
260 1
261 1
262 1
263 1
264 1
265 0
266 1
267 0
268 1
269 0
270 1
271 0
272 1
273 1
274 0
275 1
276 0
277 1
278 0
279 1
280 0
281 0
282 1
283 1
284 0
285 1
286 0
287 1
288 1
289 1
290 1
291 1
292 1
293 0
294 0
295 0
296 0
297 0
298 1
299 1
300 1
301 1
302 0
303 0
304 1
305 0
306 1
307 1
308 0
309 0
310 0
311 0
312 1
313 1
314 0
315 1
316 1
317 1
318 1
319 1
320 1
321 1
322 0
323 1
324 0
325 1
326 0
327 1
328 0
329 1
330 0
331 1
332 0
333 0
334 0
335 0
336 1
337 0
338 1
339 0
340 1
341 1
342 1
343 0
344 0
345 0
346 1
347 0
348 1
349 1
350 0
351 0
352 0
353 1
354 1
355 0
356 1
357 0
358 1
359 0
360 0
361 0
362 0
363 0
364 1
365 0
366 1
367 1
368 1
369 0
370 0
371 1
372 0
373 1
374 0
375 0
376 1
377 1
378 1
379 0
380 0
381 0
382 1
383 1
384 0
385 1
386 1
387 0
388 0
389 1
390 1
391 0
392 0
393 1
394 0
395 0
396 0
397 1
398 0
399 1
400 1
401 0
402 1
403 0
404 0
405 1
406 0
407 1
408 0
409 1
410 0
411 1
412 0
413 1
414 0
415 1
416 1
417 0
418 1
419 1
420 0
421 1
422 1
423 0
424 1
425 1
426 1
427 0
428 1
429 1
430 1
431 1
432 1
433 0
434 1
435 0
436 0
437 0
438 1
439 0
440 1
441 0
442 1
443 1
444 1
445 1
446 0
447 1
448 0
449 1
450 0
451 1
452 1
453 1
454 0
455 1
456 1
457 0
458 1
459 1
460 0
461 1
462 0
463 1
464 1
465 0
466 0
467 0
468 0
469 0
470 1
471 1
472 0
473 1
474 0
475 0
476 1
477 0
478 1
479 1
480 0
481 0
482 1
483 1
484 1
485 1
486 0
487 1
488 1
489 0
490 0
491 1
492 1
493 0
494 1
495 1
496 1
497 1
498 0
499 0
500 0
501 0
502 1
503 0
504 0
505 0
506 1
507 0
508 1
509 0
510 1
511 0
512 0
513 1
514 0
515 1
516 0
517 1
518 1
519 1
520 1
521 1
522 0
523 0
524 0
525 0
526 1
527 0
528 0
529 0
530 0
531 0
532 0
533 0
534 0
535 1
536 1
537 0
538 0
539 0
540 1
541 1
542 0
543 0
544 1
545 1
546 0
547 1
548 0
549 1
550 1
551 1
552 1
553 1
554 1
555 0
556 0
557 0
558 1
559 1
560 1
561 1
562 1
563 0
564 1
565 0
566 1
567 1
568 1
569 1
570 0
571 1
572 1
573 1
574 1
575 0
576 0
577 1
578 1
579 0
580 0
581 1
582 1
583 0
584 1
585 1
586 1
587 0
588 1
589 0
590 0
591 0
592 0
593 0
594 1
595 1
596 0
597 1
598 1
599 1
600 0
601 1
602 0
603 1
604 1
605 0
606 1
607 1
608 0
609 0
610 0
611 0
612 1
613 1
614 0
615 1
616 0
617 0
618 1
619 0
620 1
621 1
622 1
623 1
624 1
625 1
626 0
627 0
628 1
629 0
630 0
631 1
632 0
633 0
634 1
635 0
636 1
637 0
638 0
639 1
640 0
641 0
642 1
643 1
644 0
645 0
646 0
647 0
648 1
649 0
650 1
651 0
652 0
653 0
654 1
655 1
656 0
657 0
658 1
659 1
660 1
661 0
662 1
663 1
664 1
665 1
666 0
667 1
668 1
669 0
670 1
671 0
672 0
673 0
674 1
675 0
676 1
677 1
678 0
679 0
680 0
681 0
682 0
683 1
684 1
685 0
686 0
687 1
688 0
689 1
690 1
691 1
692 0
693 1
694 0
695 0
696 1
697 1
698 1
699 0
700 0
701 0
702 1
703 0
704 1
705 0
706 1
707 1
708 1
709 0
710 1
711 0
712 0
713 0
714 1
715 1
716 1
717 1
718 1
719 0
720 1
721 0
722 1
723 0
724 1
725 1
726 1
727 1
728 1
729 1
730 0
731 1
732 1
733 1
734 1
735 0
736 1
737 0
738 1
739 1
740 0
741 0
742 1
743 0
744 0
745 1
746 0
747 0
748 1
749 0
750 1
751 1
752 0
753 0
754 1
755 1
756 1
757 1
758 1
759 1
760 1
761 0
762 0
763 0
764 1
765 1
766 0
767 1
768 1
769 0
770 1
771 1
772 0
773 1
774 0
775 0
776 0
777 1
778 1
779 0
780 1
781 1
782 0
783 1
784 0
785 0
786 0
787 1
788 1
789 1
790 0
791 0
792 0
793 1
794 1
795 0
796 1
797 1
798 1
799 1
800 1
801 1
802 0
803 1
804 0
805 1
806 1
807 0
808 1
809 1
810 1
811 1
812 1
813 1
814 0
815 1
816 0
817 0
818 1
819 0
820 1
821 1
822 0
823 1
824 0
825 0
826 1
827 0
828 1
829 1
830 1
831 1
832 0
833 0
834 1
835 1
836 0
837 0
838 1
839 1
840 1
841 0
842 1
843 0
844 1
845 1
846 0
847 1
848 0
849 1
850 1
851 1
852 0
853 0
854 0
855 1
856 0
857 1
858 0
859 1
860 0
861 1
862 1
863 0
864 0
865 0
866 0
867 0
868 1
869 0
870 1
871 1
872 0
873 1
874 1
875 0
876 1
877 0
878 1
879 0
880 0
881 1
882 1
883 0
884 1
885 1
886 1
887 1
888 1
889 0
890 1
891 0
892 1
893 0
894 1
895 0
896 1
897 1
898 1
899 0
900 0
901 0
902 0
903 0
904 1
905 0
906 1
907 0
908 0
909 1
910 0
911 1
912 1
913 1
914 0
915 1
916 0
917 0
918 1
919 1
920 0
921 1
922 1
923 1
924 0
925 1
926 1
927 0
928 1
929 0
930 0
931 1
932 1
933 0
934 1
935 0
936 1
937 1
938 1
939 1
940 1
941 0
942 0
943 0
944 0
945 0
946 0
947 1
948 0
949 0
950 1
951 1
952 1
953 1
954 1
955 1
956 0
957 1
958 0
959 1
960 0
961 1
962 1
963 0
964 1
965 0
966 0
967 1
968 0
969 1
970 0
971 0
972 1
973 1
974 1
975 0
976 1
977 1
978 0
979 0
980 1
981 0
982 1
983 1
984 1
985 1
986 1
987 0
988 0
989 1
990 1
991 1
992 0
993 0
994 1
995 0
996 1
997 0
998 0
999 1
1000 0
1001 0
1002 0
1003 1
1004 0
1005 1
1006 0
1007 1
1008 0
1009 1
1010 1
1011 1
1012 1
1013 1
1014 0
1015 1
1016 1
1017 1
1018 0
1019 0
1020 1
1021 1
1022 1
1023 1
1024 1
1025 0
1026 1
1027 1
1028 0
1029 0
1030 1
1031 1
1032 1
1033 1
1034 1
1035 0
1036 1
1037 1
1038 1
1039 1
1040 0
1041 0
1042 0
1043 1
1044 0
1045 1
1046 1
1047 1
1048 1
1049 1
1050 1
1051 1
1052 0
1053 1
1054 1
1055 1
1056 1
1057 1
1058 0
1059 1
1060 0
1061 0
1062 1
1063 0
1064 0
1065 1
1066 1
1067 0
1068 0
1069 1
1070 0
1071 0
1072 1
1073 0
1074 1
1075 1
1076 1
1077 1
1078 1
1079 1
1080 0
1081 0
1082 1
1083 1
1084 1
1085 0
1086 0
1087 0
1088 0
1089 0
1090 1
1091 1
1092 0
1093 1
1094 0
1095 1
1096 0
1097 0
1098 0
1099 1
1100 0
1101 0
1102 0
1103 1
1104 0
1105 0
1106 0
1107 1
1108 1
1109 1
1110 0
1111 1
1112 0
1113 1
1114 1
1115 0
1116 0
1117 0
1118 0
1119 0
1120 1
1121 0
1122 0
1123 0
1124 1
1125 0
1126 0
1127 1
1128 1
1129 1
1130 1
1131 0
1132 0
1133 0
1134 1
1135 0
1136 0
1137 0
1138 1
1139 0
1140 0
1141 1
1142 0
1143 1
1144 0
1145 0
1146 1
1147 1
1148 0
1149 1
1150 0
1151 1
1152 1
1153 0
1154 0
1155 0
1156 0
1157 1
1158 1
1159 1
1160 0
1161 1
1162 1
1163 0
1164 0
1165 1
1166 1
1167 0
1168 0
1169 1
1170 0
1171 1
1172 1
1173 1
1174 1
1175 1
1176 1
1177 1
1178 0
1179 0
1180 1
1181 1
1182 0
1183 1
1184 0
1185 1
1186 0
1187 0
1188 0
1189 1
1190 0
1191 0
1192 0
1193 1
1194 0
1195 1
1196 1
1197 0
1198 0
1199 1
1200 0
1201 0
1202 1
1203 1
1204 0
1205 1
1206 0
1207 0
1208 0
1209 0
1210 0
1211 0
1212 1
1213 0
1214 0
1215 1
1216 0
1217 1
1218 1
1219 0
1220 0
1221 0
1222 1
1223 1
1224 0
1225 1
1226 1
1227 1
1228 1
1229 0
1230 0
1231 0
1232 0
1233 0
1234 0
1235 0
1236 1
1237 1
1238 1
1239 0
1240 0
1241 1
1242 1
1243 1
1244 0
1245 1
1246 1
1247 1
1248 0
1249 1
1250 0
1251 1
1252 0
1253 0
1254 1
1255 1
1256 1
1257 1
1258 1
1259 1
1260 0
1261 0
1262 0
1263 0
1264 1
1265 0
1266 0
1267 0
1268 0
1269 0
1270 1
1271 1
1272 1
1273 1
1274 0
1275 1
1276 1
1277 0
1278 1
1279 1
1280 1
1281 1
1282 1
1283 1
1284 1
1285 0
1286 0
1287 1
1288 0
1289 1
1290 1
1291 1
1292 1
1293 0
1294 1
1295 0
1296 1
1297 1
1298 0
1299 1
1300 0
1301 1
1302 0
1303 0
1304 1
1305 0
1306 0
1307 1
1308 0
1309 0
1310 0
1311 0
1312 1
1313 0
1314 0
1315 1
1316 0
1317 1
1318 0
1319 0
1320 1
1321 0
1322 0
1323 1
1324 0
1325 0
1326 0
1327 1
1328 0
1329 0
1330 1
1331 0
1332 0
1333 1
1334 0
1335 0
1336 1
1337 0
1338 0
1339 1
1340 1
1341 1
1342 1
1343 0
1344 0
1345 1
1346 0
1347 1
1348 1
1349 1
1350 1
1351 1
1352 0
1353 0
1354 0
1355 0
1356 1
1357 1
1358 1
1359 0
1360 1
1361 1
1362 0
1363 1
1364 1
1365 1
1366 0
1367 1
1368 0
1369 1
1370 0
1371 0
1372 1
1373 1
1374 1
1375 0
1376 0
1377 0
1378 1
1379 1
1380 0
1381 0
1382 1
1383 0
1384 0
1385 1
1386 1
1387 1
1388 1
1389 1
1390 1
1391 0
1392 1
1393 0
1394 1
1395 1
1396 1
1397 0
1398 1
1399 1
1400 1
1401 0
1402 0
1403 0
1404 1
1405 1
1406 1
1407 0
1408 1
1409 1
1410 0
1411 1
1412 0
1413 1
1414 1
1415 1
1416 0
1417 0
1418 0
1419 0
1420 0
1421 1
1422 1
1423 0
1424 0
1425 0
1426 1
1427 1
1428 1
1429 1
1430 1
1431 0
1432 0
1433 1
1434 1
1435 1
1436 1
1437 1
1438 0
1439 1
1440 0
1441 0
1442 0
1443 0
1444 0
1445 1
1446 0
1447 1
1448 1
1449 0
1450 1
1451 1
1452 1
1453 0
1454 0
1455 1
1456 1
1457 0
1458 0
1459 1
1460 0
1461 1
1462 0
1463 0
1464 0
1465 0
1466 1
1467 1
1468 1
1469 1
1470 1
1471 1
