1133
1406
2680
1724
973
1274
1271
298
1575
2298
394
833
953
2444
727
2433
908
2242
686
2162
4
1164
467
625
255
1478
709
2596
2067
610
458
2879
220
272
1532
2650
1911
109
2754
616
2231
2555
667
1520
1300
595
227
130
1763
2280
281
213
358
1225
1764
1530
2399
165
2276
2688
831
1774
2846
282
115
1639
343
277
2030
2593
2113
1380
778
1057
1084
1568
375
536
2708
1846
497
448
2666
1486
1353
391
1627
2475
1202
157
1546
2630
1870
701
566
1616
1365
655
484
2451
1165
2734
2654
2875
1676
1990
734
2821
432
796
2912
2453
2375
290
549
2014
2407
2247
2093
1268
1344
1291
2368
1655
1229
2127
196
994
1730
2739
1150
2539
938
1352
359
1330
1965
2736
2036
2085
2226
1364
2470
1542
2490
556
1285
1932
1572
2901
1369
823
292
2797
2118
32
2467
729
1338
1790
888
2438
301
993
2931
2159
1283
1075
2861
2157
2196
1672
664
2222
1139
2887
646
1264
780
1914
1777
518
2910
1418
26
1876
2602
747
899
640
2139
1402
372
1673
2223
532
1531
1213
1211
1969
1629
1062
300
1443
1235
168
883
1355
15
2208
2830
1599
1519
1521
1475
2620
866
1591
1019
1187
135
944
1081
651
1091
1989
2766
355
269
2894
1508
1865
2040
1190
93
397
1028
2752
673
2665
591
2632
94
2293
2829
1256
2633
1468
2934
2333
1715
1074
285
475
95
2186
1121
835
2421
914
739
1162
869
1155
1566
2925
1949
2888
127
2794
1470
2116
954
2796
1267
2381
423
12
1952
268
2029
173
1913
1270
1664
132
2332
669
2512
810
169
2272
433
770
1671
2370
1220
1088
2254
2237
2833
2784
1223
1126
1942
1333
1099
2282
2284
1160
1349
2094
927
1699
1985
2097
641
405
1980
1915
2776
2266
2385
852
2024
2267
1563
2413
1328
274
2690
1817
257
1120
578
687
905
1175
2238
2793
363
1682
1866
2567
2079
2273
837
711
1767
767
1319
1462
2403
902
162
586
629
19
200
580
1294
1707
1899
543
184
91
321
935
2698
2311
1982
1984
87
2671
2374
1768
934
266
2881
140
1991
2628
1216
406
2037
758
762
1559
1590
2519
2481
2174
984
1904
1751
1967
216
2503
530
1615
1670
1096
2140
1269
950
1717
2805
1839
1880
1326
2300
2025
441
1452
134
1791
1152
2939
2702
2434
1632
2761
2832
1803
1362
2587
884
2248
2269
258
1331
1336
2707
2148
1576
118
633
2749
317
1754
381
63
1200
872
342
2926
2777
2270
2356
2564
1964
1732
2092
1819
2720
2219
1111
1669
2648
1648
2018
1042
2581
1068
2016
1383
1325
563
2808
880
2880
863
2279
2933
2260
1171
1896
199
782
1799
1284
2177
2831
364
635
585
1675
1189
250
2428
814
52
2576
302
881
2393
2558
590
1428
1250
315
29
2884
1743
704
1778
451
1484
1577
259
2367
84
2405
183
2612
2251
731
1432
1351
1110
2075
1181
1995
2594
1038
1931
584
1119
1692
124
2678
2577
56
1848
2263
437
2498
1657
463
221
1890
2271
1005
189
349
1758
179
1780
147
2775
2224
2786
1583
1843
2639
5
2522
319
2508
1662
1405
694
554
1230
2372
1177
1029
2039
8
2349
1560
1892
1112
2031
1725
601
2810
1419
45
1708
1298
2429
1396
520
1024
2781
37
589
1807
871
384
2034
1849
2889
68
887
2253
2088
2624
1845
539
2137
1701
2020
420
2086
2763
1905
2760
2452
456
1921
2844
233
2629
2729
839
2028
746
2902
2533
1316
886
33
2762
847
1124
1642
316
2308
2551
2592
2388
1255
1457
2669
1806
2840
2354
2545
593
1249
765
890
2540
2179
1337
2822
2791
412
1431
2742
2346
970
2257
1507
1702
2066
1805
2383
1601
2874
1371
964
311
2814
61
2318
1244
2295
2721
1273
1440
2167
401
2923
2010
2900
2886
2854
1544
671
2674
1436
581
857
491
2391
2852
2588
7
1389
1979
1221
643
284
1798
2569
6
71
1509
1411
1841
706
2001
1176
2495
2337
242
2468
2133
1897
657
2268
279
969
2043
341
2906
1900
2204
627
2437
1143
1654
1205
404
1934
2386
461
577
2389
2178
1714
1748
2662
98
856
2506
2184
676
2111
1970
2485
1862
2245
2787
1280
142
2384
889
1719
689
2871
1769
916
572
2684
2863
34
167
2893
2779
1026
1580
756
2824
1469
1127
647
2652
1918
574
2380
2203
1129
1492
2358
2778
2809
1020
1857
386
2351
1524
1585
545
2645
2670
996
2476
1992
1003
1416
1130
1833
615
174
187
1922
2565
2860
1705
2343
2089
605
1873
1447
2655
917
2799
2513
1736
692
965
2828
1983
9
1066
827
2883
2307
1681
2187
263
1700
2679
2751
1053
2916
1368
791
2285
961
670
529
560
1735
2697
769
793
843
573
60
2699
743
1245
1930
660
2937
594
804
868
1651
2233
2299
1354
748
1823
1925
1266
231
1373
2765
538
1908
1306
2215
1720
1830
2623
1998
2769
812
1498
1703
750
696
1690
2573
844
442
1811
639
900
54
498
1407
1956
2604
2320
540
1901
2812
792
1837
561
2319
2392
2138
1784
2649
2505
2099
44
324
1638
1043
1159
2750
1729
957
1771
415
1399
1760
990
175
1022
976
808
1417
683
2878
2150
2472
562
781
104
624
2199
542
1500
2422
2256
1420
2835
1770
1528
502
1067
1123
1023
1644
2643
922
1097
1348
1742
2132
2836
579
2342
1573
465
764
2637
718
293
779
1787
2408
2862
644
2557
1549
1014
2859
443
910
256
623
2591
2395
452
2463
975
383
702
1816
956
241
1738
2061
1634
325
2283
2324
1182
1499
243
941
597
2442
1303
1525
708
511
260
713
1314
1321
2288
1800
444
103
13
1552
2792
1446
1375
424
1861
128
2582
1227
1912
1263
120
525
947
2195
374
550
2076
745
840
850
2703
1640
202
1581
2731
1855
2074
38
1793
1789
2431
151
1858
2325
649
1302
392
1543
2316
752
587
2344
2202
388
1840
320
1240
937
2560
1502
1686
1434
2292
1102
180
2480
1536
2414
2134
2378
2239
1988
924
1687
207
1151
1783
2278
825
2611
1257
1851
1891
891
790
229
575
1107
730
389
223
126
2277
715
1604
680
795
2220
1631
744
1936
678
2668
2350
226
2398
2613
490
1741
2819
859
303
531
998
2336
980
1079
2590
2441
1224
1310
273
2101
2572
1206
1012
936
1089
2634
2728
619
214
430
332
133
1472
1649
1941
1083
675
894
395
811
2012
1614
2329
2376
1814
1403
2743
2479
369
2362
2785
1320
76
1545
1565
1647
2175
510
2892
1626
1926
1593
2843
382
656
85
1158
665
2717
1135
270
813
2825
2082
1785
1610
2189
378
2348
2314
567
1398
681
2347
1571
2692
2553
1105
47
2183
2941
2800
1795
2872
2530
1180
2258
1537
1937
1620
564
2535
1501
377
552
1813
2714
1444
312
918
286
2626
943
1512
1938
1656
1564
2507
101
1184
2436
1086
2857
2312
2194
733
1924
2869
2772
329
768
411
2013
2440
703
1933
2065
1381
592
819
11
295
1888
1146
425
2294
236
1986
1958
1144
197
596
2509
2696
1513
609
1001
280
2909
28
153
2164
1114
350
2229
2853
690
2525
336
2122
618
308
438
1756
347
136
1118
2397
842
468
1824
1679
2057
1410
1624
1292
2575
2007
1259
121
1387
1887
1254
2264
198
403
129
2053
1562
1359
648
208
1554
1844
1210
1538
797
40
2114
1553
89
2802
861
1366
1658
978
376
2921
1252
1633
533
1025
897
682
2646
1718
1928
2327
806
2211
2574
506
2920
2672
1480
2711
31
440
2059
1324
2363
59
1278
1466
749
1191
494
2107
599
565
459
960
2192
2216
330
763
1008
1339
1367
1962
1458
846
1589
1027
2735
1231
1637
1689
645
2063
137
717
2493
410
283
2521
2430
1166
1429
2917
1518
1727
1169
691
1821
2144
1975
92
912
1567
90
971
55
346
2366
396
1776
2837
166
753
1341
2112
1482
489
2586
1517
345
1361
2568
1438
67
2006
2400
1794
1463
2686
740
1113
1878
418
1233
73
760
1630
603
1016
2230
1427
188
838
2338
2190
544
1167
36
337
1451
2361
1313
18
2129
2038
2011
1467
658
2788
155
379
1706
1311
2056
2274
751
2218
1578
1032
1910
1625
1481
334
1688
1828
2450
1138
27
2339
1597
1550
2517
551
789
158
62
492
139
2287
1194
1505
737
1374
163
1065
464
2904
685
450
2352
1852
2449
2610
2360
1226
1906
674
222
2848
722
2158
1592
400
1722
1579
875
2527
1663
1796
1460
2757
2542
1954
2382
2087
365
1834
568
123
1801
2745
1242
2396
864
1386
2631
390
1217
428
1747
523
204
210
2700
431
361
2767
2121
1454
2197
1621
186
170
1877
2718
2606
997
344
1685
1695
2083
684
526
1611
614
373
435
516
1055
2425
2789
1548
1728
1142
1779
945
1334
2640
473
1261
2701
2172
1046
2109
1054
1037
2243
1305
1199
621
1598
304
1236
720
1810
1947
1414
2622
1999
1073
1219
2042
240
193
783
1103
348
2200
1981
495
2682
1535
1315
853
1860
2899
2599
1765
2290
2165
2443
1011
211
2494
1944
2404
339
2915
860
1636
99
1048
933
2
1547
426
2929
1379
159
1115
906
1781
534
1246
2252
1459
2323
1064
524
2653
919
1889
1749
1859
1641
2740
1628
2462
939
1007
416
10
535
2647
2566
1137
79
1342
1551
2071
275
828
470
834
1087
1147
2890
1582
1049
1258
1541
1875
1786
1237
798
2483
2439
907
434
1209
1385
385
2865
305
14
2064
1605
2544
555
1561
2379
2928
817
499
2161
654
1694
110
419
2098
2163
1430
2938
1136
2601
741
219
895
772
145
82
2275
119
2102
1529
288
2191
1185
612
244
1733
35
1856
559
799
1879
1415
955
786
2790
600
1522
2128
2322
1645
1792
2891
854
836
2660
2176
503
97
1047
2579
1449
1822
2705
1485
2406
2182
2537
2511
1400
1401
267
185
1193
1479
486
88
710
2416
1426
2913
942
1713
1238
70
160
217
2035
2147
637
829
2932
1253
735
0
1825
1241
548
1997
1868
1183
1494
1343
2783
2834
870
2484
2496
1140
2411
39
659
509
2864
513
2100
460
1034
634
201
203
2664
2905
2110
2427
2723
2744
571
1968
2936
1966
2927
2142
446
2124
323
712
755
287
1093
977
2716
2516
2675
946
2849
2047
1731
2050
2091
2341
1276
2201
1782
1919
766
989
2866
2548
1153
604
1297
2123
725
2446
2609
705
2518
1265
1033
1618
1555
2353
1006
738
487
1916
626
1323
2217
505
1394
1172
2737
2212
723
313
1477
1163
1149
2826
2667
2022
1588
1948
2768
2759
865
2719
2589
1080
271
1347
986
761
815
154
1842
1044
1203
476
2090
2774
2033
1557
972
1957
1622
1045
102
962
1122
436
693
108
988
2823
588
2614
149
1606
1761
2756
2501
146
2605
2135
357
1917
2746
2559
488
1734
2055
362
2607
427
398
105
2691
2536
2000
2009
771
2811
2104
1515
2054
1015
1384
2073
2017
2048
776
1973
583
276
1885
291
2240
1960
246
225
1574
2922
1327
2492
2447
1247
1613
2027
1017
1594
1907
2432
1174
1262
190
1445
2108
521
2491
1290
327
328
1976
1895
1503
929
932
1382
726
407
1523
2924
245
1345
892
1178
1696
2847
2644
1653
1215
873
983
2313
2845
757
1659
2870
1013
991
688
1388
1356
50
1674
1277
212
2141
913
2390
117
1148
2500
787
2234
2377
2205
1506
66
1161
65
2249
1652
335
830
1154
2286
1218
2803
2531
2466
721
2935
1390
1612
1078
2209
471
83
1832
1363
1854
2806
182
2529
2419
262
2770
1301
1212
742
1739
2704
1009
1665
1961
2105
754
2764
736
2169
1721
951
24
1935
818
662
209
987
171
1179
351
1940
1471
2657
724
807
1943
2221
2534
773
2738
1737
206
2185
265
512
191
995
1108
1128
2940
1322
1279
2310
2907
2918
2552
642
1831
1533
2198
1085
1757
1650
1125
408
650
1425
2173
1874
2291
51
278
979
1100
1350
1041
1752
2357
1170
2603
2426
2154
2683
2911
2524
112
2153
2715
1378
803
2387
1909
457
2259
1898
2019
2528
1243
417
1881
1282
1391
2078
809
289
2117
1409
1709
1450
821
2584
2095
1963
143
469
878
1360
234
1413
150
2489
1464
2547
2145
453
1442
2250
1993
2546
421
1288
2146
2303
1609
1558
2152
399
338
963
1455
1071
218
2130
921
1491
1772
958
2060
43
1061
1884
41
1802
1797
1953
893
1208
1804
2448
2816
402
141
1076
1318
598
1504
1893
1978
2486
449
1376
507
1820
879
1072
2851
370
2423
1433
1643
1039
1534
371
707
414
1711
238
354
447
515
2563
2712
156
72
2732
1397
1496
1437
2868
2710
1514
1395
2418
2232
480
661
1
48
966
1677
909
1596
53
2488
802
2676
2903
1974
1929
2084
2261
1002
2021
322
69
2807
2580
2549
2052
215
1746
2897
164
1239
1668
631
576
1847
2235
959
2070
613
2571
2394
1117
800
1131
2214
296
2409
1004
1809
466
2155
2724
537
824
1040
177
1744
1539
1987
181
2677
1495
2813
2424
1312
230
1156
1248
1762
2301
253
2255
2457
3
1584
1461
2156
1095
1497
714
314
2773
1683
663
1569
1090
652
247
2709
2882
903
931
2867
1021
309
1456
992
1299
1186
1473
1489
2304
2459
1490
2461
923
2615
1476
1920
2120
125
517
235
636
1726
352
1198
2817
2306
1923
2600
1098
1060
294
2369
2523
21
1759
81
504
138
1753
1723
2106
1716
1251
2706
1214
472
445
1031
2538
2077
2578
904
699
1996
1207
1712
1684
774
114
1955
611
1483
672
2412
2741
1281
2046
2597
1704
2168
948
926
74
1393
1818
2858
2149
2420
2051
2771
1346
1197
2181
896
2839
666
111
178
2478
1307
333
2583
1697
1603
500
1602
816
1296
1516
2685
1309
2877
1036
1527
801
239
1287
353
653
1619
606
784
393
2246
920
569
1586
841
1829
387
1332
2598
2115
2661
2160
42
2171
2004
2504
2464
2227
1617
20
2262
2474
898
1808
1836
2458
1815
1773
2914
1939
481
2151
1623
570
1404
1132
2317
679
1173
2207
2482
340
2842
297
2469
57
698
1826
1740
2331
1872
422
2355
1289
2166
2550
2180
2069
360
474
940
1608
849
1448
86
2663
1526
2526
1635
805
2801
952
1192
477
607
1863
2753
974
2062
788
77
1812
2556
17
2798
2041
1959
2435
1853
632
299
107
874
794
695
2213
968
205
1474
2477
2695
1607
1439
2373
2015
2693
2315
122
1698
455
1977
2782
2345
2510
553
2815
2497
2543
2305
366
2608
2236
2617
1069
1423
668
2335
967
1104
161
2730
2103
2330
2898
22
777
1693
2410
252
1661
2321
2876
867
2726
2818
514
2873
1196
224
1951
2616
2471
1106
439
858
1018
2673
2515
1950
1902
479
630
999
248
2002
251
785
2638
602
620
1234
2326
1358
1000
885
2619
1424
1275
775
23
915
1295
1222
326
2725
1465
2003
2658
2136
306
2541
30
1052
2502
1286
1035
981
1838
2072
1408
848
2722
2058
46
2687
1867
2081
697
16
2415
1972
1678
2642
1994
1329
485
882
862
1157
2727
2621
2119
1871
493
2689
409
78
1134
2487
106
228
1340
1195
2930
144
1293
1903
2244
1883
100
2838
1691
1946
1540
1587
2193
855
49
1030
261
1145
1600
845
249
1357
2188
2520
1308
2225
1869
949
176
1556
1927
719
700
1392
1945
2417
528
2096
2359
911
2228
195
2636
1667
482
2297
148
2820
131
2289
2625
1835
2455
1141
1570
1070
2460
527
172
1304
380
1750
1827
2747
2281
113
2080
1488
982
1412
1204
1168
541
1493
2008
1370
264
1666
2562
75
877
367
2328
1745
638
2514
1453
2656
1063
1886
2143
2371
1050
2570
58
2896
232
2895
454
622
1680
2627
1335
985
2585
368
1595
2885
1435
1775
1755
2465
1510
2364
2005
1864
2855
2561
2659
2908
96
558
2758
2850
508
1850
2499
759
2694
822
310
2651
2733
1101
1511
1882
2210
80
519
2125
1228
1056
1201
2026
2334
2044
901
728
1971
826
2635
2681
483
2755
2856
1646
608
2131
2045
237
557
1441
1010
1232
1051
318
582
2302
820
1094
1092
2023
64
2618
501
2340
2241
1317
152
2827
2795
116
2554
2780
1377
2126
2748
1660
876
2641
192
2049
1487
1710
2532
2713
462
2919
1372
1188
2402
1788
1421
2365
2401
1116
2068
851
2032
2265
1272
617
1109
331
2456
1422
2595
2473
413
1766
2804
254
546
429
2206
1058
2309
628
1077
928
677
1894
1082
496
1260
925
194
2296
930
25
716
307
2841
1059
2454
2170
547
522
732
832
2445
478
356

