2197
2196
2618
1858
2876
2454
1195
2457
1938
2920
1243
2263
661
2827
1554
2451
410
948
361
2487
643
2314
697
2475
1699
2640
2393
2790
1953
494
1948
2004
1004
2568
1360
2322
635
1205
1191
1913
1934
21
2439
896
23
2686
2585
1009
431
1486
261
160
2650
1871
1656
2549
1826
436
2121
1671
801
2440
163
81
92
2890
1374
1979
2152
2422
2094
2571
244
1432
2064
1918
651
1849
1945
2722
2270
633
2326
1572
447
874
1506
66
610
2484
1280
2201
1341
2143
2078
2102
2583
795
1764
1787
1254
1544
466
2008
314
1099
1278
2327
2109
2504
1761
225
1069
2800
860
2938
524
1881
699
627
1447
119
1570
1199
353
1571
2910
1795
1334
1180
927
1219
206
1127
2035
673
270
1710
1457
69
1765
1270
1944
677
696
1646
2236
1630
767
323
920
1950
1431
118
1111
105
1548
1899
1814
2679
1573
39
1121
655
1313
787
2695
2885
2227
2655
2458
2054
514
2012
547
1450
859
614
2256
2290
1759
1451
1723
280
774
847
2778
2360
2563
2253
127
707
1192
1566
1593
2815
2539
1007
1533
970
1502
402
408
2030
738
1880
2375
578
2160
1837
863
961
2867
33
2145
1292
1962
1860
994
2443
700
455
1601
2786
2476
157
844
2169
1516
1788
2389
2896
2034
2566
151
2705
1758
1364
2367
2541
765
2740
790
2098
1307
2221
387
131
2473
1769
2378
58
1
1056
2602
393
1745
831
868
136
2630
223
2813
717
250
2052
1012
1978
755
1652
2027
2596
1070
1333
2218
1935
40
1791
82
1090
496
826
2315
149
217
315
2036
2165
988
60
556
384
1559
794
2543
2675
1614
1655
1132
2344
363
1983
132
1775
411
2203
2477
1684
1073
710
2594
43
2932
861
1797
650
1472
288
2861
1332
2177
242
2370
403
251
1212
437
837
1023
2699
2136
1493
995
1402
57
1449
1142
667
933
25
1257
26
2617
47
676
855
1315
763
311
777
173
2106
508
1981
2028
2073
2056
1326
1884
2120
2648
914
1589
851
562
1368
581
2332
2744
289
576
1850
1216
1521
1108
153
809
1697
946
1607
1497
1088
2821
1751
478
2825
34
205
142
1719
1690
2647
2259
145
1429
2077
2410
1231
2669
1225
921
888
68
977
616
260
1275
1169
1241
1175
1854
1483
1246
1086
2556
462
2874
144
1717
2395
2041
32
1037
2112
1635
1036
1701
2494
2512
853
1151
2747
464
1092
2911
1786
2124
2606
483
2025
1555
2632
165
2578
2535
2068
537
2325
1470
378
1931
70
2349
406
2190
48
2417
2794
2363
404
1816
38
2721
1001
434
900
421
1528
1768
2670
783
73
992
2266
2848
630
2908
488
1529
1411
1852
2244
468
536
2624
2079
53
2838
418
2614
1214
2275
348
2019
1658
340
875
1749
1469
721
2225
1557
1653
178
2279
1574
112
1143
385
1388
2347
1481
2572
168
1295
1362
1210
1220
2147
979
365
1539
1526
1377
1263
1587
1068
637
188
2199
2481
342
1790
2939
2184
709
941
1908
728
2380
2499
1823
1011
1083
1354
2269
1904
742
720
1065
2500
2026
1054
2387
1339
2015
2148
2268
2881
324
2843
1721
2625
695
1232
2144
245
1144
2548
2105
498
2321
2397
1634
2111
1379
2714
686
1972
175
2752
585
791
2341
1478
237
1482
2183
2517
2278
2550
99
213
2766
1118
823
704
176
2545
1204
788
2173
1018
1320
2226
2622
2055
1296
2641
2059
7
2495
281
1558
2067
183
1022
2791
2342
2720
1799
513
2823
2871
2903
2174
1923
2312
2797
298
811
1039
2245
2601
1688
1940
2083
2758
1487
264
239
2013
350
1319
1796
533
1146
2297
1939
768
1779
2099
1356
459
2544
1955
2856
2167
1984
1342
1105
1302
2853
671
491
539
1165
1900
2887
968
1696
621
248
531
2770
1892
1925
2161
962
2414
169
312
254
2731
825
996
2071
433
204
2780
1605
2261
873
1579
964
232
1297
240
2260
666
1435
282
2546
2465
2652
2472
1327
980
618
1496
1722
2020
1437
841
1161
295
143
2257
1139
2118
2623
2212
197
2529
2501
849
2276
1357
2133
1038
1262
1952
2560
2216
1314
549
1840
983
1954
1235
492
1042
1343
1409
200
24
2082
1120
2224
2316
632
2489
2426
28
1611
481
2194
2115
592
1186
1743
95
732
107
328
1541
1464
2449
2534
1002
1248
1641
2775
890
2922
1234
870
2117
1418
1066
41
65
258
2209
2872
1375
858
355
2656
1440
2348
2782
313
2222
2040
194
2816
1203
1567
2844
1424
1103
1047
975
2483
778
1902
2718
2415
1476
1406
1507
1903
665
563
967
71
1777
1094
1041
1682
1089
1033
379
2716
2717
885
963
2223
234
265
441
162
1000
2678
2163
2403
2628
1062
1287
2294
1171
1640
2615
810
1709
2850
2075
681
80
2916
2479
1739
530
2621
2356
687
702
886
2552
1673
1924
1927
1874
1284
1618
2880
689
76
2707
2391
2788
2137
1084
2832
2323
1989
1310
2738
1801
713
1966
2510
1013
1323
1236
495
2469
2
2492
1748
2428
2468
1553
304
2021
2668
2219
2046
1503
598
503
501
2065
1154
2733
2586
326
757
1679
523
1993
2386
2901
1328
2337
1060
84
2011
336
993
2899
2646
2450
1277
850
2902
683
1072
1128
2333
1185
386
2802
2467
2565
923
2138
2010
2231
1815
668
960
2435
1714
1097
1834
857
2680
566
595
1417
2864
2605
2914
2031
669
1031
1921
1681
1560
1624
2157
2490
764
1312
1162
1096
2311
2293
485
608
2511
907
2729
2808
2706
906
866
1237
1109
1026
991
474
2128
733
278
460
1261
2765
2289
2374
1606
2306
1419
1776
2076
137
911
78
1071
1855
753
1063
1868
1233
799
889
693
792
659
1833
1846
802
1126
782
2014
246
1133
67
1045
1123
1366
1738
2859
1463
1324
2104
2629
2824
1970
629
166
1087
2580
1623
1498
606
2785
2051
2420
1525
2419
925
222
1114
1016
116
152
2807
2142
2684
1178
521
698
2357
785
2898
98
2654
1138
519
5
2551
558
657
1546
2438
1276
1479
2159
1015
1102
1968
2057
827
897
1746
580
1793
2285
456
2139
276
2176
469
1643
1348
1259
273
1494
2090
2277
567
981
1941
1407
1662
982
445
1638
2351
110
2703
2070
568
435
2000
1021
1130
450
1956
2755
692
2609
1563
2103
256
854
2730
634
1879
559
1727
504
2830
35
1170
2918
2283
912
1395
1104
479
725
2372
184
752
780
2175
77
1550
772
2149
1136
743
1116
1430
1350
642
2803
574
660
1301
2607
2739
1964
253
1609
1802
369
1906
1115
916
2130
2719
1693
269
236
2835
1098
1291
1686
2114
2659
2430
2828
1189
1266
1468
1926
817
2247
334
2573
193
1602
186
1279
195
1242
2673
1659
121
1027
909
2379
1547
2846
2093
1145
2381
2520
645
690
1980
1076
257
103
1025
2480
126
344
554
2507
2631
443
128
1845
2095
414
518
1608
2877
272
775
1209
1580
2271
771
2592
2463
1067
182
345
484
1651
1848
476
2789
2751
1389
843
51
675
594
1152
1890
2574
552
480
1974
1976
731
1226
91
1813
1512
856
2042
957
1518
1637
2006
557
489
2732
477
596
2748
620
2745
2879
832
59
2045
1537
1005
569
1298
2558
2246
828
1167
2320
1930
648
1803
2692
2416
1303
2242
715
711
535
2238
2905
405
2346
1043
252
2604
1340
573
62
90
1734
1218
2801
1873
542
317
2590
2734
797
570
2101
2456
2050
871
600
529
139
238
937
1370
1773
1829
952
2002
1347
1677
1543
2514
1252
293
471
1058
969
534
2407
2254
399
2660
978
1206
100
2296
1732
939
812
2639
2750
2087
1129
1095
1716
1805
1806
1698
2936
903
2637
1592
2307
2072
2354
2513
2709
146
2388
647
2516
705
2608
904
526
2553
2498
2917
2421
452
1975
493
1783
2265
243
15
1436
1644
1500
1865
1427
2365
1685
545
571
1687
1599
1148
475
1396
1996
2664
2232
2383
2591
2154
1648
1399
1306
1561
2685
1664
1344
1804
2162
1385
1642
1920
2062
1336
1244
2527
1085
1919
2340
599
2576
1669
1781
453
1057
751
2097
2376
1784
2427
800
2724
1217
1825
1194
2273
973
448
924
555
1269
1485
2645
1187
2537
1747
1534
2328
454
1480
1003
1595
2135
2809
956
1106
310
947
2787
377
2919
1863
984
2599
1383
357
902
2191
2909
2200
1878
1294
712
2884
2863
1369
990
308
44
397
2069
1705
2506
2016
582
2892
1615
2658
1488
1995
2123
164
884
869
958
1810
2812
510
1425
1583
364
2663
1239
1100
2589
1778
2912
2302
588
2741
2581
1812
2851
2063
2610
714
458
551
1510
1444
1922
425
1742
2243
680
2300
320
2329
1702
1184
283
2833
376
2478
2712
141
1517
37
824
540
1678
155
140
1703
1929
1380
2198
2577
522
1965
374
1733
191
1861
2672
2569
470
716
2434
2305
1973
2192
2805
2049
1017
2429
174
2399
2502
2687
2180
2366
202
2697
1665
1448
976
1819
1893
1628
1445
626
1134
123
2264
740
1597
882
2364
1258
1676
1959
769
1329
1441
601
762
1754
2768
2713
2649
1174
2593
1631
607
1505
230
1610
2007
2928
1382
2941
2793
1273
506
2029
1875
842
420
1353
2295
1857
1394
2018
1365
1851
1414
1249
1465
892
959
13
845
2854
1173
2584
2369
1889
2215
1466
2409
318
247
786
4
2897
398
2829
770
1647
2189
1531
1181
1080
1735
1520
1672
325
29
1827
1215
1299
972
1198
292
2561
2831
2725
1420
2003
290
1625
2288
442
2158
2696
2691
2459
346
209
2737
352
589
2108
2557
1155
156
1046
1577
49
2384
724
2559
255
1325
1991
473
625
1737
203
2442
101
1274
2140
1245
835
1384
565
11
930
2930
2362
296
611
754
1928
2089
1361
1792
1715
2299
2151
2213
867
1692
760
2612
2418
343
2547
2674
938
1131
1712
1513
16
805
189
918
2355
1862
1285
2811
2756
2525
1401
2061
1870
2230
864
1585
2193
2482
1250
2820
2350
2694
1700
2567
1691
2636
2455
2783
2806
2085
1549
2172
467
427
333
1708
525
2715
1835
2405
2767
2836
2309
241
1491
593
154
678
1896
1227
294
2619
2677
1578
277
807
662
2491
2834
761
2033
756
544
263
1471
1082
1110
2818
1489
922
1390
1453
945
1059
1987
2044
2488
615
1798
1182
487
1789
2784
1736
439
307
2211
2022
1917
1452
1404
392
94
1636
910
226
2023
2540
2857
1527
1053
587
2849
1475
1807
401
2555
1213
2291
490
1230
2503
1822
1473
1565
198
2324
2255
560
2187
1044
2132
1393
1509
2461
1283
274
2819
1240
1153
590
2588
877
1869
989
2066
2081
2653
516
604
1330
2390
1750
2870
1616
1442
1711
784
2217
1221
497
2643
389
670
2119
862
1318
1271
750
1460
180
2542
623
2385
104
2301
125
327
1613
2779
161
2445
2047
2509
1338
798
1522
2353
694
1760
1538
2900
2817
2368
1193
1514
1907
1455
2878
1163
2150
75
88
2773
917
300
1160
1622
796
1202
1188
1598
2411
722
2431
999
1484
2058
2933
2528
2406
575
1387
390
640
789
2931
1075
1675
1309
457
1581
187
181
1267
2204
1462
840
1619
820
584
2286
1040
1405
2241
1363
1331
936
138
839
1006
2462
2862
2470
926
14
463
2170
2792
1621
2600
117
1403
1048
2237
2453
1895
167
2394
1415
737
2661
262
1091
1492
221
1999
179
2839
74
2935
2927
2508
572
229
1398
2754
605
1391
1074
1612
279
2894
822
2613
1378
1268
793
1519
708
2074
746
898
2308
89
2723
2005
1808
337
1438
1456
1461
287
423
2582
231
2496
1645
1887
2361
1495
1649
10
1508
1010
965
1422
177
638
1660
380
172
2882
249
1772
1149
428
2860
1809
216
2352
1856
829
2795
1864
400
745
351
1882
2359
1985
779
1166
1811
382
2760
106
1824
1224
1757
748
2186
1289
440
1888
409
1137
1049
674
1670
821
502
2092
2171
2413
940
2665
2412
109
2444
2868
2317
1371
1426
1912
212
2282
2146
759
227
2595
1674
1196
1639
672
2043
1562
1818
419
1264
1358
1998
1911
196
2837
2436
2009
1859
2096
64
1886
2774
360
838
1030
2497
2598
646
446
1540
30
1753
93
2524
1008
1157
371
548
267
1626
2195
316
55
1756
9
284
52
2466
951
639
2796
878
2638
2681
1352
1588
2662
1576
465
1937
330
1932
1654
1832
613
1322
1933
2635
2398
2053
372
1536
2298
2039
2883
1785
159
935
1766
2274
1582
852
130
150
553
2037
2248
1564
1093
1201
1982
373
114
2893
1830
2889
45
1349
424
297
1584
430
2249
603
309
543
1064
664
628
2875
2262
305
291
2633
2188
22
1752
224
2915
1668
735
1842
1172
1032
1542
2727
1942
528
517
806
215
1867
2826
511
803
2736
2777
2688
1575
211
19
505
1351
322
1866
1124
619
1050
1107
1052
688
1410
2382
1532
302
2141
1423
612
1397
834
2533
913
1439
2845
2698
1386
974
286
1125
2304
1117
1997
2757
1282
2538
2666
1744
394
1524
955
1731
367
2460
2331
207
541
934
396
2891
1650
54
703
532
744
285
1910
2841
500
12
950
20
1946
417
1197
546
2401
1305
2689
2575
1208
2358
602
2924
2772
407
723
1256
644
413
1183
2396
2708
192
18
2759
2205
915
830
1782
1515
997
354
1591
2842
358
776
2904
2220
1694
617
36
1140
942
370
185
2804
1990
2116
649
2338
1321
781
2164
2110
2764
2769
83
1569
2252
2921
2474
1820
2682
2423
2292
966
2181
220
1474
954
1897
808
2526
1459
1078
2166
2392
1957
1112
1081
1535
1817
2239
1725
1051
1211
1446
2168
2233
2671
1119
2408
1741
1434
813
1774
1355
2799
766
201
2683
2433
1967
1629
2373
515
1839
2281
1894
1949
1943
944
1915
1392
880
1724
2129
1872
2847
2452
2888
1627
2228
1229
631
1159
1969
2627
749
908
2088
2464
79
1337
2425
235
2858
1898
2564
486
1843
1523
341
2032
583
2693
1290
727
2486
1718
2701
658
883
1135
2840
1545
1877
2735
1177
2235
219
1755
2339
120
1421
1501
1657
2250
129
609
1620
426
895
1458
2345
1176
2446
170
564
2515
210
2202
2214
1265
684
299
1666
1916
449
1260
2126
61
147
1150
2313
111
1281
1300
2651
113
758
2616
444
1316
301
2310
2667
2371
879
429
846
2895
1905
1034
636
2127
1901
2448
381
2318
1992
734
2001
102
271
1467
438
987
1704
1988
368
1556
366
1603
507
2865
865
741
2048
682
1511
1024
499
1767
1113
2753
2611
72
1101
2024
2771
1077
50
190
1707
233
2761
339
395
2447
2925
8
1632
1311
2284
134
2822
1551
971
2153
2060
2587
1079
321
1141
2913
2505
1359
1147
268
520
1689
833
1847
2570
2562
1253
985
2603
701
2532
391
1604
2866
6
1909
349
2530
1413
1014
135
2251
1272
1961
1729
2206
2437
1853
2763
1586
726
2886
1821
218
1844
1971
1345
2781
1055
332
199
2287
2814
586
388
2334
953
2207
1499
319
679
1713
63
303
1477
1293
747
451
1936
1951
2536
1164
2210
1443
2620
943
2038
31
706
1836
2258
415
2634
1726
591
2710
663
736
2554
1994
719
1035
509
1695
1977
819
1661
1412
1288
1986
158
2182
1876
931
2923
1762
422
887
881
2330
338
1158
2272
2267
1376
891
2855
932
901
949
579
1530
46
2906
1286
2702
148
1963
2179
228
1828
2934
2336
56
2234
729
2762
538
654
2728
2657
1706
893
1667
335
42
124
171
928
1960
2579
1400
1683
1061
2907
730
1238
356
2929
2937
2531
133
1190
383
2122
2131
1019
2185
2597
1020
214
550
577
1504
1207
2519
2471
2107
929
653
1663
1416
2084
597
1251
1891
1552
86
115
362
2742
1168
1247
691
97
472
1346
1590
347
1028
2400
1335
2125
412
259
998
2798
2080
2086
872
1633
899
208
894
876
2726
2485
1568
1156
656
2343
2743
1800
1029
2017
1740
685
2134
1304
905
1594
2335
1200
818
482
306
1223
1317
2100
1222
624
1408
1372
1308
1958
2523
1680
266
1841
2852
2940
2704
848
331
2869
1428
561
2521
2711
2377
815
2746
1730
0
359
1720
773
375
2113
1454
96
2156
27
1780
2319
2424
2676
1367
1838
2926
986
416
2518
816
1770
2178
2690
2091
2642
641
2493
461
2402
17
512
1831
1433
2749
1728
1255
1228
622
527
3
275
718
919
2208
1596
1179
2873
2776
122
2626
2240
1600
1914
2303
2522
814
2229
1490
1885
2700
2155
739
1122
329
804
108
2432
1947
2644
1883
432
1794
1771
1381
2404
1373
2810
1763
652
836
85
1617
2280
2441
87

