1 0
2 0
3 0
4 0
5 1
6 1
7 1
8 0
9 1
10 1
11 1
12 0
13 1
14 0
15 1
16 1
17 0
18 1
19 1
20 1
21 1
22 1
23 0
24 1
25 0
26 1
27 0
28 1
29 0
30 1
31 0
32 0
33 1
34 1
35 0
36 0
37 1
38 0
39 0
40 0
41 1
42 0
43 1
44 0
45 1
46 0
47 1
48 0
49 0
50 1
51 1
52 1
53 0
54 0
55 0
56 0
57 0
58 1
59 1
60 0
61 1
62 0
63 0
64 0
65 1
66 0
67 1
68 0
69 0
70 1
71 1
72 1
73 1
74 1
75 0
76 0
77 1
78 0
79 0
80 0
81 1
82 1
83 0
84 1
85 1
86 1
87 1
88 0
89 0
90 1
91 1
92 0
93 1
94 0
95 1
96 0
97 0
98 1
99 0
100 0
101 1
102 0
103 0
104 0
105 1
106 1
107 1
108 0
109 0
110 1
111 1
112 1
113 0
114 1
115 1
116 1
117 0
118 0
119 1
120 0
121 1
122 0
123 0
124 0
125 0
126 0
127 1
128 0
129 1
130 0
131 1
132 0
133 0
134 1
135 1
136 1
137 0
138 0
139 1
140 1
141 1
142 1
143 0
144 1
145 1
146 1
147 1
148 0
149 0
150 0
151 0
152 0
153 1
154 1
155 1
156 1
157 1
158 0
159 0
160 0
161 0
162 1
163 1
164 1
165 0
166 1
167 0
168 0
169 0
170 0
171 1
172 0
173 0
174 0
175 1
176 1
177 1
178 0
179 0
180 1
181 0
182 1
183 0
184 1
185 0
186 0
187 0
188 1
189 1
190 0
191 1
192 1
193 0
194 1
195 0
196 1
197 1
198 1
199 1
200 0
201 0
202 1
203 0
204 0
205 0
206 0
207 0
208 1
209 1
210 1
211 1
212 1
213 1
214 1
215 1
216 0
217 0
218 0
219 1
220 1
221 1
222 1
223 0
224 0
225 1
226 1
227 0
228 0
229 0
230 0
231 1
232 1
233 1
234 1
235 0
236 1
237 0
238 1
239 0
240 1
241 1
242 0
243 1
244 0
245 1
246 1
247 1
248 1
249 1
250 0
251 1
252 0
253 0
254 0
255 0
256 1
257 0
258 0
259 0
260 1
261 0
262 1
263 0
264 1
265 0
266 0
267 1
268 1
269 0
270 0
271 1
272 0
273 1
274 1
275 0
276 1
277 0
278 1
279 0
280 1
281 1
282 1
283 0
284 1
285 1
286 1
287 0
288 1
289 1
290 0
291 0
292 1
293 1
294 0
295 0
296 1
297 0
298 0
299 0
300 1
301 0
302 0
303 1
304 0
305 0
306 0
307 1
308 0
309 1
310 0
311 1
312 1
313 1
314 0
315 0
316 0
317 0
318 0
319 0
320 1
321 1
322 1
323 0
324 0
325 1
326 1
327 1
328 1
329 1
330 1
331 0
332 1
333 1
334 0
335 1
336 0
337 0
338 0
339 1
340 1
341 0
342 1
343 0
344 1
345 1
346 0
347 1
348 1
349 1
350 0
351 1
352 0
353 1
354 1
355 1
356 0
357 0
358 1
359 1
360 0
361 1
362 0
363 0
364 1
365 1
366 1
367 0
368 0
369 1
370 1
371 0
372 0
373 0
374 1
375 1
376 0
377 1
378 0
379 1
380 0
381 1
382 1
383 1
384 0
385 1
386 0
387 1
388 1
389 1
390 0
391 0
392 1
393 1
394 1
395 1
396 1
397 1
398 1
399 1
400 1
401 0
402 0
403 1
404 1
405 0
406 1
407 1
408 1
409 1
410 1
411 0
412 1
413 1
414 1
415 0
416 0
417 0
418 0
419 0
420 0
421 1
422 0
423 1
424 1
425 0
426 1
427 0
428 0
429 0
430 0
431 1
432 0
433 0
434 1
435 1
436 0
437 0
438 0
439 0
440 1
441 1
442 0
443 0
444 1
445 0
446 1
447 0
448 1
449 1
450 0
451 0
452 1
453 0
454 1
455 1
456 1
457 1
458 1
459 1
460 1
461 1
462 1
463 1
464 0
465 0
466 1
467 0
468 0
469 0
470 1
471 0
472 0
473 1
474 1
475 1
476 0
477 0
478 1
479 0
480 1
481 1
482 0
483 1
484 1
485 1
486 0
487 0
488 1
489 0
490 0
491 1
492 0
493 0
494 1
495 0
496 1
497 0
498 0
499 0
500 0
501 1
502 0
503 1
504 1
505 0
506 0
507 0
508 0
509 0
510 0
511 1
512 0
513 1
514 1
515 0
516 1
517 1
518 1
519 0
520 1
521 1
522 1
523 0
524 1
525 1
526 0
527 1
528 1
529 1
530 1
531 0
532 1
533 0
534 1
535 1
536 1
537 1
538 0
539 1
540 0
541 1
542 0
543 1
544 1
545 0
546 1
547 0
548 0
549 1
550 0
551 0
552 0
553 1
554 1
555 1
556 0
557 0
558 0
559 1
560 0
561 0
562 0
563 0
564 1
565 0
566 0
567 1
568 0
569 1
570 1
571 0
572 0
573 1
574 0
575 0
576 1
577 1
578 1
579 0
580 1
581 1
582 0
583 1
584 1
585 1
586 0
587 1
588 0
589 1
590 1
591 1
592 1
593 0
594 1
595 1
596 1
597 1
598 1
599 1
600 0
601 1
602 1
603 1
604 1
605 1
606 1
607 1
608 1
609 0
610 0
611 1
612 1
613 1
614 1
615 1
616 1
617 1
618 0
619 1
620 1
621 0
622 1
623 0
624 1
625 0
626 1
627 1
628 1
629 1
630 1
631 0
632 1
633 1
634 1
635 0
636 0
637 0
638 1
639 0
640 1
641 0
642 1
643 0
644 0
645 0
646 0
647 1
648 1
649 1
650 1
651 0
652 1
653 1
654 1
655 1
656 0
657 0
658 0
659 1
660 1
661 1
662 1
663 0
664 1
665 1
666 1
667 1
668 0
669 0
670 0
671 0
672 0
673 1
674 0
675 1
676 0
677 0
678 0
679 0
680 1
681 1
682 1
683 0
684 1
685 0
686 0
687 1
688 0
689 1
690 1
691 1
692 1
693 1
694 0
695 1
696 1
697 1
698 0
699 1
700 1
701 0
702 0
703 0
704 1
705 0
706 0
707 0
708 1
709 0
710 1
711 1
712 1
713 0
714 0
715 1
716 1
717 0
718 1
719 1
720 1
721 1
722 0
723 0
724 0
725 0
726 1
727 0
728 1
729 0
730 1
731 1
732 1
733 0
734 1
735 0
736 1
737 0
738 1
739 0
740 1
741 1
742 1
743 1
744 1
745 1
746 0
747 1
748 0
749 1
750 0
751 1
752 1
753 0
754 0
755 0
756 1
757 0
758 1
759 0
760 0
761 0
762 0
763 0
764 0
765 1
766 0
767 0
768 0
769 1
770 1
771 1
772 0
773 0
774 0
775 1
776 1
777 0
778 0
779 1
780 0
781 0
782 1
783 0
784 0
785 1
786 0
787 0
788 0
789 0
790 0
791 0
792 1
793 0
794 1
795 1
796 1
797 1
798 0
799 0
800 1
801 1
802 0
803 1
804 0
805 1
806 1
807 0
808 1
809 1
810 1
811 0
812 1
813 0
814 0
815 1
816 0
817 0
818 0
819 0
820 0
821 0
822 0
823 1
824 1
825 0
826 0
827 0
828 0
829 1
830 1
831 0
832 0
833 1
834 1
835 1
836 0
837 0
838 1
839 0
840 1
841 0
842 1
843 0
844 0
845 1
846 0
847 0
848 0
849 0
850 1
851 0
852 0
853 0
854 1
855 0
856 0
857 0
858 1
859 0
860 1
861 0
862 1
863 0
864 0
865 0
866 0
867 1
868 1
869 0
870 0
871 1
872 0
873 1
874 1
875 1
876 0
877 1
878 1
879 0
880 0
881 1
882 0
883 1
884 1
885 1
886 1
887 0
888 0
889 0
890 0
891 0
892 1
893 1
894 1
895 0
896 1
897 1
898 1
899 1
900 1
901 0
902 0
903 1
904 0
905 1
906 0
907 1
908 0
909 1
910 1
911 1
912 0
913 0
914 1
915 0
916 0
917 0
918 0
919 0
920 1
921 1
922 0
923 1
924 0
925 0
926 0
927 0
928 1
929 1
930 1
931 1
932 1
933 0
934 1
935 1
936 1
937 1
938 1
939 0
940 0
941 0
942 1
943 0
944 1
945 0
946 0
947 0
948 1
949 1
950 0
951 0
952 0
953 0
954 1
955 0
956 1
957 0
958 0
959 1
960 0
961 0
962 0
963 1
964 1
965 1
966 1
967 0
968 1
969 0
970 1
971 0
972 1
973 1
974 1
975 1
976 1
977 1
978 0
979 1
980 1
981 1
982 1
983 1
984 1
985 1
986 0
987 1
988 1
989 1
990 1
991 1
992 1
993 1
994 1
995 1
996 0
997 0
998 0
999 0
1000 1
1001 1
1002 0
1003 1
1004 1
1005 0
1006 0
1007 1
1008 1
1009 0
1010 0
1011 0
1012 0
1013 0
1014 0
1015 1
1016 0
1017 0
1018 1
1019 1
1020 1
1021 1
1022 1
1023 1
1024 0
1025 1
1026 0
1027 0
1028 0
1029 0
1030 1
1031 0
1032 1
1033 1
1034 1
1035 1
1036 0
1037 1
1038 1
1039 1
1040 1
1041 1
1042 1
1043 1
1044 0
1045 0
1046 0
1047 0
1048 0
1049 1
1050 0
1051 0
1052 1
1053 0
1054 0
1055 1
1056 1
1057 0
1058 1
1059 0
1060 1
1061 1
1062 1
1063 0
1064 0
1065 1
1066 0
1067 1
1068 1
1069 1
1070 0
1071 0
1072 1
1073 1
1074 0
1075 1
1076 1
1077 1
1078 1
1079 0
1080 0
1081 0
1082 1
1083 0
1084 0
1085 0
1086 1
1087 0
1088 0
1089 1
1090 0
1091 1
1092 0
1093 1
1094 0
1095 1
1096 0
1097 0
1098 0
1099 0
1100 1
1101 1
1102 0
1103 1
1104 0
1105 1
1106 0
1107 0
1108 0
1109 1
1110 1
1111 0
1112 0
1113 0
1114 0
1115 1
1116 1
1117 0
1118 1
1119 0
1120 1
1121 1
1122 0
1123 0
1124 0
1125 0
1126 1
1127 1
1128 0
1129 0
1130 1
1131 1
1132 0
1133 1
1134 0
1135 0
1136 1
1137 1
1138 0
1139 0
1140 1
1141 0
1142 1
1143 1
1144 0
1145 1
1146 1
1147 0
1148 1
1149 1
1150 0
1151 1
1152 0
1153 1
1154 0
1155 0
1156 1
1157 1
1158 1
1159 1
1160 0
1161 0
1162 1
1163 1
1164 0
1165 1
1166 1
1167 1
1168 1
1169 0
1170 0
1171 0
1172 0
1173 1
1174 0
1175 1
1176 1
1177 0
1178 0
1179 0
1180 1
1181 1
1182 1
1183 0
1184 1
1185 0
1186 1
1187 0
1188 0
1189 0
1190 1
1191 1
1192 1
1193 0
1194 0
1195 1
1196 1
1197 0
1198 0
1199 1
1200 0
1201 0
1202 1
1203 0
1204 1
1205 0
1206 0
1207 0
1208 0
1209 0
1210 1
1211 1
1212 1
1213 0
1214 0
1215 0
1216 1
1217 1
1218 1
1219 1
1220 0
1221 1
1222 1
1223 1
1224 0
1225 1
1226 1
1227 1
1228 1
1229 0
1230 1
1231 1
1232 0
1233 1
1234 1
1235 1
1236 1
1237 0
1238 0
1239 0
1240 0
1241 0
1242 1
1243 1
1244 0
1245 1
1246 0
1247 1
1248 1
1249 0
1250 1
1251 1
1252 1
1253 1
1254 0
1255 0
1256 1
1257 0
1258 1
1259 0
1260 0
1261 1
1262 1
1263 0
1264 0
1265 0
1266 1
1267 1
1268 1
1269 1
1270 1
1271 0
1272 1
1273 1
1274 0
1275 1
1276 0
1277 0
1278 1
1279 0
1280 1
1281 1
1282 0
1283 0
1284 0
1285 1
1286 0
1287 0
1288 0
1289 0
1290 1
1291 1
1292 1
1293 1
1294 1
1295 0
1296 1
1297 1
1298 1
1299 0
1300 0
1301 0
1302 0
1303 1
1304 0
1305 1
1306 0
1307 0
1308 0
1309 0
1310 0
1311 1
1312 1
1313 0
1314 0
1315 1
1316 1
1317 1
1318 0
1319 0
1320 0
1321 0
1322 0
1323 0
1324 0
1325 0
1326 1
1327 0
1328 1
1329 0
1330 1
1331 1
1332 0
1333 0
1334 1
1335 1
1336 1
1337 1
1338 0
1339 0
1340 1
1341 0
1342 0
1343 1
1344 0
1345 1
1346 0
1347 0
1348 1
1349 0
1350 1
1351 1
1352 0
1353 0
1354 0
1355 0
1356 1
1357 1
1358 0
1359 0
1360 0
1361 1
1362 0
1363 1
1364 0
1365 1
1366 0
1367 1
1368 1
1369 1
1370 0
1371 1
1372 0
1373 1
1374 1
1375 1
1376 0
1377 0
1378 1
1379 1
1380 1
1381 0
1382 1
1383 0
1384 1
1385 0
1386 1
1387 0
1388 1
1389 1
1390 0
1391 1
1392 0
1393 0
1394 0
1395 1
1396 1
1397 0
1398 0
1399 1
1400 0
1401 1
1402 1
1403 0
1404 1
1405 0
1406 0
1407 1
1408 1
1409 0
1410 0
1411 0
1412 0
1413 1
1414 1
1415 0
1416 0
1417 0
1418 1
1419 0
1420 0
1421 1
1422 0
1423 0
1424 1
1425 0
1426 1
1427 1
1428 1
1429 0
1430 0
1431 1
1432 0
1433 0
1434 0
1435 1
1436 1
1437 0
1438 1
1439 1
1440 1
1441 1
1442 0
1443 1
1444 0
1445 1
1446 1
1447 1
1448 0
1449 0
1450 1
1451 1
1452 0
1453 1
1454 1
1455 1
1456 1
1457 0
1458 1
1459 1
1460 0
1461 0
1462 1
1463 1
1464 1
1465 0
1466 0
1467 1
1468 1
1469 1
1470 0
1471 0
