1 0
2 1
3 1
4 1
5 1
6 0
7 1
8 0
9 0
10 1
11 0
12 0
13 1
14 0
15 0
16 1
17 0
18 0
19 1
20 1
21 0
22 1
23 1
24 0
25 0
26 1
27 1
28 0
29 1
30 0
31 0
32 1
33 0
34 1
35 0
36 1
37 1
38 1
39 1
40 0
41 1
42 0
43 0
44 0
45 1
46 0
47 0
48 1
49 1
50 1
51 1
52 0
53 0
54 1
55 1
56 1
57 0
58 1
59 0
60 0
61 1
62 0
63 0
64 1
65 0
66 1
67 1
68 0
69 1
70 1
71 1
72 0
73 1
74 1
75 0
76 0
77 1
78 1
79 1
80 1
81 0
82 1
83 0
84 1
85 1
86 1
87 1
88 1
89 1
90 0
91 1
92 1
93 1
94 1
95 1
96 0
97 0
98 0
99 1
100 0
101 1
102 0
103 1
104 0
105 0
106 1
107 0
108 1
109 0
110 1
111 1
112 1
113 1
114 1
115 1
116 1
117 1
118 1
119 1
120 1
121 1
122 0
123 0
124 0
125 1
126 1
127 1
128 1
129 0
130 1
131 0
132 1
133 1
134 1
135 1
136 1
137 0
138 1
139 1
140 1
141 1
142 0
143 1
144 0
145 1
146 0
147 1
148 0
149 0
150 1
151 1
152 1
153 0
154 0
155 0
156 0
157 1
158 0
159 0
160 0
161 1
162 0
163 1
164 1
165 1
166 1
167 1
168 1
169 0
170 1
171 1
172 1
173 1
174 0
175 1
176 1
177 0
178 0
179 0
180 1
181 0
182 0
183 0
184 1
185 0
186 0
187 0
188 1
189 0
190 0
191 0
192 1
193 1
194 1
195 0
196 1
197 0
198 1
199 0
200 1
201 1
202 1
203 0
204 1
205 1
206 0
207 1
208 1
209 1
210 1
211 1
212 0
213 0
214 1
215 0
216 1
217 1
218 1
219 1
220 0
221 1
222 0
223 1
224 0
225 1
226 0
227 1
228 0
229 0
230 1
231 1
232 1
233 0
234 1
235 0
236 1
237 0
238 0
239 0
240 0
241 0
242 1
243 0
244 0
245 1
246 1
247 1
248 0
249 1
250 1
251 1
252 0
253 1
254 0
255 0
256 0
257 1
258 0
259 0
260 0
261 1
262 1
263 0
264 1
265 0
266 0
267 1
268 0
269 0
270 0
271 1
272 1
273 1
274 0
275 1
276 0
277 0
278 1
279 1
280 1
281 0
282 0
283 0
284 1
285 1
286 0
287 0
288 0
289 1
290 1
291 0
292 0
293 1
294 0
295 0
296 0
297 1
298 1
299 0
300 1
301 1
302 1
303 1
304 0
305 1
306 1
307 1
308 1
309 1
310 0
311 1
312 1
313 1
314 1
315 1
316 1
317 0
318 0
319 0
320 1
321 1
322 0
323 0
324 1
325 1
326 0
327 1
328 0
329 0
330 0
331 1
332 0
333 1
334 0
335 1
336 0
337 1
338 1
339 0
340 1
341 1
342 0
343 1
344 0
345 0
346 0
347 0
348 1
349 0
350 0
351 1
352 1
353 1
354 0
355 0
356 0
357 0
358 0
359 0
360 1
361 1
362 1
363 0
364 1
365 0
366 1
367 0
368 0
369 0
370 0
371 1
372 1
373 1
374 0
375 1
376 1
377 1
378 0
379 1
380 0
381 1
382 0
383 0
384 1
385 1
386 1
387 0
388 1
389 0
390 1
391 1
392 0
393 1
394 1
395 1
396 0
397 0
398 1
399 1
400 0
401 0
402 0
403 1
404 0
405 1
406 0
407 0
408 1
409 1
410 1
411 1
412 0
413 1
414 1
415 1
416 1
417 1
418 1
419 1
420 0
421 0
422 0
423 0
424 0
425 0
426 0
427 1
428 0
429 1
430 0
431 1
432 0
433 1
434 0
435 0
436 1
437 1
438 0
439 1
440 0
441 0
442 1
443 0
444 0
445 0
446 1
447 0
448 0
449 0
450 1
451 1
452 0
453 1
454 0
455 0
456 0
457 1
458 1
459 1
460 0
461 0
462 0
463 0
464 1
465 0
466 0
467 1
468 1
469 0
470 0
471 0
472 1
473 0
474 0
475 0
476 1
477 1
478 0
479 1
480 1
481 1
482 0
483 1
484 0
485 0
486 0
487 1
488 0
489 1
490 1
491 1
492 1
493 1
494 1
495 1
496 1
497 0
498 1
499 1
500 0
501 0
502 1
503 1
504 0
505 0
506 1
507 1
508 0
509 0
510 1
511 0
512 0
513 1
514 1
515 0
516 1
517 0
518 1
519 0
520 0
521 1
522 0
523 1
524 0
525 0
526 0
527 0
528 1
529 0
530 1
531 0
532 0
533 1
534 0
535 0
536 1
537 0
538 0
539 1
540 1
541 1
542 0
543 0
544 1
545 1
546 0
547 1
548 1
549 1
550 0
551 0
552 0
553 0
554 0
555 0
556 1
557 1
558 1
559 0
560 0
561 0
562 0
563 1
564 0
565 0
566 1
567 1
568 0
569 1
570 1
571 0
572 1
573 0
574 1
575 1
576 0
577 1
578 0
579 1
580 1
581 1
582 1
583 1
584 1
585 1
586 0
587 0
588 0
589 1
590 0
591 1
592 1
593 0
594 1
595 1
596 0
597 1
598 1
599 0
600 1
601 0
602 1
603 0
604 1
605 1
606 1
607 1
608 0
609 0
610 1
611 0
612 0
613 1
614 1
615 0
616 0
617 1
618 0
619 0
620 1
621 1
622 0
623 1
624 1
625 1
626 1
627 0
628 1
629 1
630 0
631 1
632 1
633 1
634 1
635 1
636 1
637 0
638 1
639 1
640 0
641 1
642 0
643 1
644 1
645 0
646 1
647 0
648 0
649 1
650 1
651 1
652 1
653 0
654 0
655 1
656 1
657 1
658 0
659 0
660 1
661 0
662 0
663 0
664 1
665 1
666 1
667 1
668 0
669 1
670 1
671 1
672 1
673 1
674 1
675 0
676 1
677 1
678 1
679 1
680 1
681 1
682 1
683 0
684 1
685 0
686 1
687 0
688 0
689 1
690 1
691 1
692 0
693 1
694 0
695 0
696 1
697 0
698 1
699 0
700 0
701 0
702 0
703 0
704 1
705 0
706 0
707 0
708 0
709 1
710 1
711 0
712 0
713 1
714 1
715 0
716 1
717 0
718 0
719 0
720 1
721 0
722 0
723 1
724 0
725 1
726 1
727 1
728 1
729 0
730 1
731 1
732 0
733 1
734 0
735 0
736 0
737 0
738 1
739 1
740 0
741 1
742 1
743 0
744 0
745 0
746 1
747 0
748 1
749 0
750 0
751 0
752 1
753 0
754 0
755 1
756 1
757 1
758 0
759 1
760 0
761 1
762 0
763 1
764 0
765 1
766 1
767 1
768 1
769 0
770 0
771 0
772 1
773 1
774 1
775 0
776 1
777 0
778 0
779 0
780 1
781 0
782 1
783 0
784 0
785 1
786 1
787 1
788 1
789 0
790 1
791 0
792 0
793 1
794 0
795 1
796 1
797 1
798 0
799 1
800 1
801 1
802 0
803 0
804 1
805 1
806 0
807 1
808 0
809 1
810 1
811 0
812 1
813 0
814 0
815 1
816 1
817 0
818 0
819 0
820 1
821 1
822 0
823 1
824 0
825 1
826 0
827 1
828 0
829 0
830 1
831 0
832 1
833 1
834 1
835 0
836 1
837 0
838 0
839 0
840 1
841 1
842 1
843 1
844 0
845 1
846 1
847 0
848 0
849 0
850 0
851 1
852 1
853 0
854 0
855 1
856 0
857 0
858 0
859 1
860 1
861 0
862 0
863 1
864 0
865 1
866 0
867 0
868 0
869 1
870 0
871 1
872 1
873 0
874 0
875 1
876 0
877 1
878 0
879 1
880 0
881 0
882 1
883 0
884 0
885 0
886 0
887 1
888 1
889 1
890 0
891 0
892 1
893 0
894 1
895 1
896 0
897 0
898 0
899 1
900 1
901 0
902 1
903 1
904 0
905 0
906 0
907 0
908 0
909 1
910 1
911 1
912 1
913 1
914 0
915 1
916 0
917 0
918 1
919 1
920 0
921 0
922 1
923 0
924 1
925 1
926 0
927 0
928 1
929 1
930 1
931 0
932 0
933 0
934 1
935 1
936 1
937 1
938 0
939 1
940 0
941 1
942 1
943 0
944 0
945 1
946 1
947 0
948 1
949 1
950 1
951 1
952 1
953 1
954 0
955 1
956 0
957 0
958 0
959 1
960 0
961 0
962 0
963 1
964 0
965 0
966 1
967 0
968 1
969 1
970 0
971 1
972 1
973 0
974 1
975 0
976 0
977 1
978 0
979 1
980 0
981 1
982 0
983 1
984 0
985 0
986 1
987 1
988 1
989 1
990 0
991 0
992 0
993 0
994 1
995 1
996 0
997 1
998 1
999 1
1000 1
1001 1
1002 0
1003 0
1004 0
1005 1
1006 1
1007 1
1008 1
1009 1
1010 0
1011 1
1012 0
1013 0
1014 1
1015 0
1016 0
1017 1
1018 1
1019 1
1020 1
1021 1
1022 1
1023 0
1024 1
1025 1
1026 1
1027 1
1028 0
1029 0
1030 0
1031 0
1032 0
1033 1
1034 0
1035 1
1036 0
1037 1
1038 1
1039 0
1040 1
1041 0
1042 0
1043 0
1044 1
1045 1
1046 0
1047 0
1048 1
1049 1
1050 1
1051 0
1052 0
1053 1
1054 1
1055 1
1056 0
1057 0
1058 1
1059 0
1060 0
1061 0
1062 1
1063 0
1064 0
1065 0
1066 1
1067 1
1068 1
1069 0
1070 0
1071 0
1072 1
1073 1
1074 1
1075 0
1076 0
1077 0
1078 1
1079 1
1080 1
1081 1
1082 1
1083 0
1084 1
1085 0
1086 1
1087 1
1088 1
1089 1
1090 0
1091 1
1092 0
1093 1
1094 1
1095 0
1096 1
1097 1
1098 1
1099 1
1100 1
1101 1
1102 0
1103 1
1104 1
1105 1
1106 1
1107 1
1108 1
1109 0
1110 1
1111 1
1112 1
1113 0
1114 1
1115 0
1116 0
1117 0
1118 0
1119 0
1120 0
1121 0
1122 0
1123 1
1124 1
1125 0
1126 0
1127 1
1128 1
1129 0
1130 0
1131 1
1132 0
1133 1
1134 1
1135 0
1136 0
1137 1
1138 0
1139 0
1140 0
1141 1
1142 0
1143 1
1144 0
1145 0
1146 0
1147 0
1148 1
1149 1
1150 1
1151 1
1152 1
1153 1
1154 0
1155 0
1156 1
1157 0
1158 0
1159 0
1160 0
1161 0
1162 1
1163 1
1164 0
1165 0
1166 0
1167 0
1168 1
1169 0
1170 0
1171 1
1172 0
1173 0
1174 0
1175 1
1176 1
1177 0
1178 1
1179 0
1180 1
1181 0
1182 0
1183 1
1184 1
1185 1
1186 1
1187 1
1188 0
1189 0
1190 1
1191 0
1192 0
1193 1
1194 0
1195 0
1196 0
1197 1
1198 0
1199 0
1200 0
1201 1
1202 0
1203 0
1204 0
1205 0
1206 0
1207 0
1208 1
1209 0
1210 1
1211 0
1212 1
1213 0
1214 0
1215 0
1216 0
1217 1
1218 0
1219 0
1220 1
1221 0
1222 1
1223 1
1224 0
1225 1
1226 1
1227 0
1228 0
1229 1
1230 0
1231 0
1232 1
1233 0
1234 0
1235 1
1236 1
1237 1
1238 0
1239 0
1240 0
1241 1
1242 1
1243 1
1244 0
1245 0
1246 0
1247 1
1248 1
1249 1
1250 1
1251 0
1252 1
1253 1
1254 1
1255 0
1256 1
1257 0
1258 1
1259 1
1260 1
1261 0
1262 1
1263 1
1264 1
1265 1
1266 1
1267 1
1268 1
1269 0
1270 0
1271 1
1272 1
1273 0
1274 0
1275 1
1276 1
1277 1
1278 1
1279 0
1280 1
1281 1
1282 1
1283 0
1284 1
1285 1
1286 1
1287 1
1288 0
1289 1
1290 0
1291 1
1292 0
1293 1
1294 0
1295 1
1296 1
1297 1
1298 1
1299 1
1300 0
1301 1
1302 0
1303 1
1304 0
1305 1
1306 0
1307 1
1308 0
1309 1
1310 0
1311 0
1312 1
1313 0
1314 1
1315 1
1316 1
1317 1
1318 0
1319 1
1320 1
1321 0
1322 1
1323 0
1324 1
1325 1
1326 0
1327 0
1328 1
1329 1
1330 1
1331 1
1332 0
1333 1
1334 1
1335 0
1336 0
1337 0
1338 1
1339 1
1340 0
1341 0
1342 0
1343 0
1344 1
1345 1
1346 0
1347 0
1348 0
1349 0
1350 1
1351 1
1352 0
1353 0
1354 0
1355 1
1356 0
1357 0
1358 1
1359 0
1360 1
1361 1
1362 1
1363 0
1364 0
1365 0
1366 0
1367 1
1368 1
1369 1
1370 0
1371 1
1372 1
1373 1
1374 1
1375 0
1376 0
1377 0
1378 1
1379 0
1380 1
1381 1
1382 0
1383 1
1384 0
1385 1
1386 1
1387 0
1388 1
1389 0
1390 0
1391 0
1392 0
1393 1
1394 1
1395 1
1396 1
1397 1
1398 0
1399 1
1400 1
1401 1
1402 1
1403 0
1404 1
1405 1
1406 0
1407 0
1408 0
1409 0
1410 0
1411 1
1412 1
1413 1
1414 1
1415 1
1416 1
1417 0
1418 0
1419 1
1420 0
1421 1
1422 1
1423 1
1424 0
1425 1
1426 1
1427 0
1428 1
1429 0
1430 1
1431 0
1432 0
1433 0
1434 1
1435 0
1436 1
1437 0
1438 0
1439 1
1440 0
1441 0
1442 1
1443 1
1444 1
1445 1
1446 1
1447 1
1448 0
1449 0
1450 1
1451 1
1452 1
1453 1
1454 0
1455 0
1456 1
1457 1
1458 0
1459 0
1460 1
1461 0
1462 1
1463 0
1464 1
1465 0
1466 0
1467 0
1468 0
1469 0
1470 1
1471 1
