2708
1250
1144
872
2168
2476
1391
2228
635
2427
1945
522
1399
304
601
1679
1062
1217
102
2676
540
935
1050
1395
2011
1898
718
1981
1375
802
1835
2201
1807
899
319
1444
489
829
2805
320
1937
1097
2205
123
1174
1947
510
50
338
1783
2796
1789
198
200
2053
911
1310
116
784
1178
1948
2109
1567
1747
866
965
527
1120
769
1424
1140
278
1001
309
281
67
409
1151
2263
1376
2341
2101
1106
2478
2034
1369
647
1918
2537
2596
482
1751
1006
1260
2679
1313
1821
908
1872
2854
658
1680
1180
1879
2252
2121
2032
1021
1540
2292
1233
1939
1028
153
1263
882
2067
1020
1529
361
805
679
1392
1547
862
2603
546
1296
262
2224
800
2170
1037
1742
1503
727
1145
2212
476
128
2567
142
55
557
2685
2018
2025
2134
1279
632
1787
10
1571
2180
1877
1209
1509
923
983
1820
1919
1957
401
1380
1030
13
1749
1724
1305
1745
1015
1036
2867
1125
2512
2582
704
2181
2247
2311
2449
1976
1307
823
1331
1932
554
1761
1502
1760
1906
1383
634
499
2691
851
2452
2489
2712
2550
2395
2479
1052
1708
2397
744
223
717
1669
1772
1191
1025
2256
2706
1205
1102
136
2485
1996
2435
2207
1465
797
1357
2473
2890
975
2755
545
661
762
1514
1683
1435
1863
1583
787
847
91
1917
1515
1038
2799
1196
1069
370
1467
2217
2924
1251
2249
322
2850
706
2724
1177
405
2282
1317
2167
2284
595
1123
1428
1702
1365
904
2536
2774
1660
673
2701
759
1105
310
2626
1803
103
2756
2557
1330
62
897
641
528
442
2565
111
2197
2471
357
1623
1247
2325
1590
503
2640
2098
1249
1555
598
1797
1441
1653
1565
599
2039
2430
657
703
1072
1868
2501
1575
1983
680
739
947
846
890
166
930
2126
684
2016
949
455
2498
2396
1750
1092
2879
1370
2450
1000
1226
2036
426
2687
2692
1098
2253
2794
959
1397
2529
2896
1232
1626
1101
1453
852
2491
1175
518
325
2160
849
2250
1775
195
80
2872
2050
533
834
2177
1350
2351
2870
1234
326
2299
2339
1557
2908
1573
2795
83
2226
2709
287
238
1929
1544
2193
99
2049
2660
1480
473
2342
2817
2752
2035
902
1776
714
2416
225
2
1670
1569
664
1078
3
929
808
1568
1952
998
583
1541
77
348
232
585
1405
910
414
1179
272
1521
2864
1790
2344
569
1968
1335
2673
1459
192
1922
2619
1358
2054
1926
2443
1975
1403
2573
2013
2739
2123
2446
1920
2618
1148
159
1960
302
2895
204
1671
1667
567
2627
689
264
2657
1492
1258
2891
804
428
896
956
316
2847
995
1636
2594
553
1103
1462
229
884
2151
108
2522
60
885
2367
733
1505
1501
1687
1730
1895
2266
1519
249
2635
986
1112
2118
705
2576
1954
2243
1848
2366
1684
2403
2297
2935
2221
2176
2324
652
1333
1159
2369
501
2278
532
2092
2232
780
2900
1725
637
1408
2261
1182
381
1622
2783
2666
2793
479
163
424
2561
968
2161
1142
2139
2400
712
2490
218
2248
234
2647
1688
2117
415
270
2649
2317
1168
544
985
859
1769
140
2575
376
2904
748
1513
768
1362
2848
753
2190
1266
1190
561
2356
468
1473
617
2130
2917
2883
1347
2810
2331
1016
2840
2771
53
790
2030
2773
1899
2122
990
497
860
2411
1678
85
2778
230
1785
957
308
2915
231
1961
2871
895
330
707
107
2540
246
1537
1646
2621
2401
1481
2021
2873
991
1534
1390
2338
2196
1601
1276
576
24
2090
1366
2056
2770
1572
686
358
2481
454
1272
1032
305
587
1826
734
993
2110
2445
575
2715
181
1600
1900
2359
419
269
2458
1759
978
828
2000
539
220
627
1661
2379
1850
404
206
2849
347
1075
1290
2127
1486
1764
327
2135
2116
2390
2694
202
2882
1739
1727
2362
2662
2189
2308
1254
1206
881
2601
115
2323
16
898
1401
2460
1857
1152
1512
342
1518
421
2505
683
1107
878
63
629
2222
2309
623
1737
355
1618
228
2462
2517
416
2923
2442
2546
129
298
690
162
1593
2175
2884
1804
695
1578
2206
2316
2713
2655
373
650
78
2198
1921
2652
1053
2288
253
329
1116
1591
398
369
374
2606
2526
1791
765
54
213
659
2199
1762
1802
1619
197
1532
955
1799
850
2080
2563
236
578
1167
1
873
2246
2057
2440
1411
1517
4
2511
2542
212
842
625
751
1846
1771
682
1897
36
1703
2065
2670
521
81
457
888
2002
563
2192
446
1657
2760
1282
944
876
2061
2195
2934
2912
1031
1487
1496
1386
1633
1019
154
2671
1535
1033
1353
973
666
112
243
2664
749
1221
1695
1944
1543
1538
297
1809
2220
630
151
720
1677
1998
855
2831
1840
2734
1931
1995
2520
2788
1756
490
2291
2234
2223
1371
2191
778
2680
22
133
408
257
2363
1440
1124
966
962
1552
2737
1528
1827
2276
318
1339
1710
1693
2027
2148
2414
2271
2823
1732
1909
463
1854
913
173
2144
1608
1294
334
1997
104
2920
1738
0
2279
1796
1319
2851
833
143
2361
2650
2595
1388
1010
1779
265
1891
172
2455
2723
795
2215
1715
766
2468
258
1328
2506
1434
59
1300
663
2816
75
523
1394
1613
2841
2017
27
1162
807
560
2277
2552
2731
1560
614
2725
1413
980
48
817
1912
279
353
1044
1478
926
2868
813
1199
2173
2242
1414
2182
492
2073
618
2641
7
2315
2668
254
39
2707
1242
536
2736
1896
1212
29
760
1988
2086
2502
777
1442
1197
831
676
840
810
1829
1773
2938
2394
1631
1914
1690
757
1185
1647
190
2150
2340
600
1042
1280
2538
2241
2042
1798
1641
299
1372
2624
418
2388
671
1172
2634
2727
645
507
2352
2319
1342
1856
1065
934
631
582
1364
2229
1345
1967
835
2743
411
1814
2410
1978
639
2404
1841
819
1087
1204
1132
1387
2294
1941
1243
25
1035
1985
1876
395
8
517
1810
988
2577
2321
887
1485
1707
2814
943
725
2696
2535
1256
367
915
2273
1817
1943
2483
1722
2305
865
1658
2804
2433
619
1824
2333
1292
2272
40
1225
1389
2184
996
1456
1748
552
581
2111
2818
1382
276
1024
2881
2014
2940
247
672
2564
205
1082
2386
504
137
677
364
516
1477
2174
23
2758
1133
2349
1645
1753
1153
1885
2265
1871
345
248
537
2663
2093
1516
611
1874
1648
1452
324
1047
160
1252
713
1620
52
2620
1461
2937
1018
1409
1406
2654
2746
979
2642
2269
275
2231
1301
2138
1599
1508
396
2865
1259
1483
211
1186
1355
2444
429
1741
1711
472
47
2095
283
1777
175
1464
2811
1689
413
1108
1430
638
2040
511
970
1763
1359
2051
2845
1704
1666
974
2825
770
1656
2368
284
88
515
1881
2698
2162
1536
2648
811
1218
2120
71
1457
1484
538
1367
2852
1853
868
2370
824
2510
2803
636
440
2482
150
1951
1524
2607
1765
459
216
2846
1271
2463
1838
564
789
1843
821
1990
879
2875
1740
2393
2335
354
1055
2037
2143
2112
183
1611
2301
1585
927
1210
1892
2705
362
2630
2764
877
2742
1935
1870
462
2898
1908
948
1202
2028
188
1934
146
209
2172
1644
917
2930
1374
2166
758
2834
17
317
2740
1592
1407
894
2530
2424
1621
694
763
1584
1659
1163
2079
1743
1698
2806
2932
2547
1223
2719
2428
1723
1073
822
1051
2392
836
487
2022
1556
1823
2488
2495
30
1154
477
785
722
2214
2797
933
667
45
1940
193
138
2287
277
568
1352
2454
1110
86
2211
1337
2345
1987
2267
1270
1219
1634
1607
692
1861
1539
1064
741
2147
1157
109
1685
379
912
2718
1222
2651
2862
1977
2776
352
2104
245
1867
1066
2808
1491
2132
292
1497
621
2741
839
2928
1726
702
437
1429
399
2391
2909
1340
106
584
2137
301
905
114
2008
403
2038
863
1315
1086
439
58
1795
2616
918
452
1470
737
1757
2374
2842
972
2829
2837
293
1629
685
2569
1420
772
2043
2072
1373
1964
803
613
1224
1302
1869
1060
433
870
2075
2591
1778
2628
1950
2748
1149
1818
2836
1866
525
1570
675
2052
1321
1198
1079
1273
2711
2612
313
2677
1825
987
1554
2447
984
2153
2083
2769
2239
2015
2355
1546
580
1589
665
1500
1240
626
2457
244
2880
2233
1692
1673
724
1343
2185
2005
1417
1257
237
448
2905
2204
950
2549
1915
177
343
964
420
335
2487
616
731
2509
2653
2681
90
940
392
2289
2921
180
1665
2154
1774
2828
2343
35
1274
1649
1143
1147
1712
889
2525
2689
1883
2346
2860
971
1368
2081
20
1609
816
2472
1207
2251
383
668
900
776
809
1381
1137
2683
571
1581
2320
2348
141
794
1194
691
520
33
1949
1946
1095
208
2106
2674
2855
646
1155
773
1805
2439
2469
1045
893
588
1971
867
2381
2387
1632
1004
117
1558
1141
2012
2523
1166
597
1277
696
168
2262
1625
920
340
1650
1526
256
2717
2927
1651
28
2819
2438
2373
1089
1119
1187
2133
170
65
1700
1819
2587
2889
2926
752
2244
1439
363
1138
70
2094
1510
1057
1605
969
2617
736
2835
2791
2020
72
2787
84
94
2636
366
2237
954
801
1506
1303
2579
901
1837
2464
255
1969
1499
2599
2186
526
1200
2405
2566
2933
1077
2115
2631
1587
1494
864
2695
729
1076
2637
435
2789
2380
1793
719
2560
1164
1156
1982
296
121
1598
875
73
2003
1852
547
2832
2415
960
711
312
1559
259
2726
251
332
2583
165
26
782
745
6
2326
2429
61
1287
2766
126
1040
2357
1009
1436
1504
1022
1114
1781
1786
2543
2876
1437
1476
149
2786
946
1002
622
1070
1023
263
953
1902
1308
1642
730
2236
2124
274
883
2480
14
1236
1992
2254
101
746
1916
2812
341
1402
1531
1574
1171
1306
2720
2119
1635
453
1612
1498
1801
939
1800
2763
68
936
2571
2714
1239
1412
1974
566
1617
2302
2313
271
315
2045
2322
184
1928
179
1844
187
1754
2775
2364
1901
1603
2661
2780
2859
1312
2826
2105
674
2925
1878
2270
2813
1471
1681
2295
2219
2465
1115
799
761
693
919
2918
2108
612
519
235
1890
781
586
1999
1682
844
1553
1216
1733
2609
458
1231
2615
488
2765
2102
1255
1963
1784
812
1958
1265
2375
5
2202
2255
2082
2602
678
2843
786
2782
640
333
559
344
2327
869
2704
2931
1719
389
469
1027
542
2187
252
1887
2068
125
447
2839
1955
2131
1970
474
2071
2001
1336
1083
124
1527
147
486
1655
592
422
1731
407
2753
2632
2702
2194
1721
924
2474
2026
589
2298
1241
1059
233
199
2897
1542
1275
336
815
1637
1979
2283
558
806
1966
2639
2728
1889
2500
113
2330
97
907
2436
1858
377
493
1334
2029
1842
2171
681
1873
743
1705
2431
774
267
2729
1118
1713
1039
260
1385
1173
186
1851
337
981
57
2314
2437
2441
2772
1614
1577
1701
2644
1074
1828
466
858
1662
1924
1318
2336
2893
167
66
1189
2610
1068
1229
1834
2422
2899
1663
152
441
1443
880
164
2877
1008
135
1602
95
2593
1449
2745
49
1113
1048
1447
1639
1293
430
2290
286
1880
2033
2913
438
1604
1674
2245
2332
624
44
726
393
1832
2113
2060
2747
219
145
1121
2303
406
2528
2406
1495
2623
2078
74
1061
1378
2894
46
500
2781
1903
1100
1845
1586
783
1348
2451
1316
2555
2779
1469
1489
796
217
285
1034
2853
916
535
2703
131
2759
530
1122
1699
2296
931
932
1588
1714
1472
1363
2125
1311
642
2777
161
412
754
602
417
551
2919
2861
105
529
1398
2258
1054
1907
2710
2402
1766
982
2178
1338
2586
1128
2541
723
2518
2821
1161
2516
570
323
391
1624
498
1181
633
139
579
1012
1938
1859
328
856
1548
914
1694
356
792
2585
2152
388
2519
2827
708
2588
76
1986
550
1192
2544
1831
1049
838
394
1744
2213
2568
1668
1847
2903
2580
1493
1017
861
2622
1549
491
1697
1211
1551
1289
2044
93
2744
2058
938
2286
1165
2063
96
127
371
608
98
1067
239
1561
1864
2524
1788
2513
451
368
2885
1767
1758
649
709
1244
2732
2383
653
289
2461
1220
306
1011
2494
2103
2280
2140
1638
2145
2667
385
402
2142
156
952
1894
1488
2100
2089
2149
1291
1284
506
155
2738
1455
387
1962
157
2010
307
843
2790
470
2858
1672
1709
1458
1379
37
280
227
350
2785
456
331
1267
2684
2611
1520
207
1886
2459
134
2574
467
1268
1580
2493
767
1261
2784
2425
2350
1281
814
1475
609
854
464
38
1794
793
2146
1213
1675
1393
590
1911
2260
2645
2385
1729
1093
2936
837
2508
201
196
2337
2158
1026
1768
2408
2399
2941
1427
925
2625
909
2329
2798
2188
1091
1474
12
2863
1104
2939
1438
2503
2024
431
2830
1930
241
654
1253
214
628
1349
2824
2156
1582
1533
1351
224
2209
967
2183
1322
2700
194
1875
1942
670
2218
1418
2815
2856
604
2407
2643
2589
848
1989
1433
2453
1056
2688
268
1994
1813
2916
478
2735
2128
1927
2878
2419
1973
89
2268
2646
1176
2347
2312
2598
1812
11
1029
1965
2613
577
2230
565
2091
825
460
2019
2534
1111
118
2384
596
314
1904
1686
384
549
615
1562
775
386
130
2672
2046
994
1610
644
942
436
1735
1993
1288
2914
1269
505
1545
481
2023
182
1158
2069
1090
2496
857
951
1460
372
1235
1792
1096
32
444
119
1304
764
2693
1830
2656
1286
339
1576
2417
697
465
1893
2838
1566
1183
2293
1410
2004
573
1806
1525
1717
1377
1811
1136
1298
928
410
485
756
2059
562
963
2751
700
1423
610
1085
425
1160
1007
1822
648
2716
176
871
2070
2007
531
832
1451
2376
397
1746
2421
1238
2556
495
2157
2697
240
2521
100
662
1627
56
2570
1511
1550
1215
1454
1888
1953
1696
203
1980
1043
1770
1432
1616
2686
1716
2578
607
432
1329
2762
2515
903
1564
2064
1346
1193
1169
295
2477
512
43
715
1415
1063
2099
2499
64
1356
1595
1080
2633
1058
574
1084
2866
1448
1664
1081
1003
2699
788
1314
716
1014
2432
603
1984
2264
69
2210
1523
1654
750
651
1923
2886
1129
1323
1925
2310
110
2629
1426
2492
2074
999
548
221
742
2678
222
144
2413
2077
1088
1563
1324
1297
1936
2418
2597
120
2809
1450
2888
1327
502
445
273
655
2486
572
779
2604
2514
1404
2306
1326
2096
2179
2608
2076
2203
250
1188
210
2558
728
2377
2669
656
2041
266
2353
1720
1227
791
541
1507
2545
992
1109
2614
2638
321
1865
300
1170
1839
2031
2757
2531
480
1230
1341
1755
2136
423
941
721
2922
2426
1860
2358
242
92
1135
1482
687
349
1419
701
2047
2733
1718
1332
132
15
171
87
1344
921
2372
2911
1214
2767
471
2360
1855
2048
2389
977
2259
2225
853
1836
494
2690
2141
1956
2448
1139
1422
148
1882
735
1325
892
2163
2910
2665
185
1643
1815
400
1184
1361
830
1285
1594
178
1421
1446
2539
169
427
1782
1041
1117
2553
2467
508
51
1640
997
906
2466
2281
1295
2470
2307
2906
2456
2554
2833
2159
514
698
1991
2551
1360
2497
2901
2869
189
2504
2238
643
1245
2240
2682
820
2754
2857
2328
1862
2107
31
1416
1816
1466
2659
34
294
2009
382
1400
443
2354
1833
2892
2129
484
450
1780
1431
2164
669
215
2820
1146
1005
2318
1596
2484
2559
755
1959
660
524
365
2274
2507
2548
1579
1425
740
42
1248
2907
2822
826
827
732
346
591
2155
2006
2532
1264
21
1606
593
2062
2721
2208
1201
449
2675
1479
2285
1071
771
891
2749
620
2902
1150
1046
2802
2750
1228
2055
1706
1905
2605
2761
2592
509
2085
2304
1195
688
2768
2087
534
1094
2257
2600
738
2409
1134
1628
2097
2423
1278
1130
2527
513
290
976
2730
2169
1354
1203
390
1630
2658
961
359
2584
2066
2590
818
2792
2382
1972
1734
845
1246
1126
874
606
122
79
41
841
2844
288
2275
798
937
82
2874
886
1676
922
1736
282
1615
2807
1262
2475
1652
594
1910
2235
18
1691
1384
1013
555
699
2165
543
378
2562
191
945
747
261
1913
380
434
2365
2334
9
2200
1309
1752
556
475
2929
496
1396
375
1127
2300
2088
351
710
1445
1299
1208
1320
1933
2420
311
2572
1099
1490
1237
1849
1463
226
1522
2114
1808
2722
2887
2227
1131
2412
158
1728
2581
989
605
2533
2216
2084
2398
1530
19
1468
303
1597
174
1884
958
291
2378
461
2371
483
360
2434
2800
2801
1283

