1 1
2 0
3 0
4 0
5 1
6 1
7 1
8 0
9 1
10 0
11 1
12 1
13 1
14 1
15 0
16 0
17 1
18 0
19 0
20 1
21 0
22 1
23 1
24 1
25 0
26 0
27 1
28 0
29 1
30 1
31 0
32 1
33 0
34 1
35 0
36 0
37 0
38 0
39 0
40 0
41 0
42 1
43 0
44 0
45 0
46 1
47 1
48 0
49 1
50 0
51 0
52 1
53 0
54 0
55 1
56 1
57 1
58 0
59 1
60 0
61 0
62 0
63 0
64 1
65 1
66 1
67 1
68 0
69 0
70 0
71 1
72 0
73 1
74 1
75 0
76 0
77 1
78 0
79 0
80 1
81 1
82 0
83 0
84 0
85 0
86 1
87 1
88 0
89 0
90 0
91 1
92 1
93 0
94 0
95 1
96 1
97 0
98 0
99 0
100 1
101 1
102 0
103 1
104 0
105 1
106 0
107 0
108 0
109 1
110 1
111 1
112 0
113 1
114 1
115 0
116 0
117 1
118 0
119 0
120 0
121 0
122 1
123 1
124 1
125 0
126 0
127 0
128 1
129 1
130 0
131 1
132 0
133 1
134 0
135 0
136 0
137 0
138 1
139 1
140 1
141 1
142 0
143 1
144 1
145 0
146 0
147 0
148 0
149 1
150 1
151 1
152 0
153 0
154 1
155 0
156 1
157 1
158 0
159 0
160 0
161 0
162 1
163 1
164 0
165 1
166 0
167 0
168 1
169 1
170 0
171 1
172 1
173 1
174 1
175 0
176 0
177 1
178 0
179 1
180 0
181 1
182 0
183 0
184 0
185 1
186 0
187 0
188 0
189 1
190 0
191 0
192 1
193 0
194 0
195 1
196 0
197 1
198 0
199 0
200 0
201 1
202 1
203 1
204 0
205 0
206 0
207 1
208 0
209 0
210 0
211 0
212 1
213 0
214 1
215 1
216 1
217 0
218 0
219 1
220 0
221 0
222 0
223 1
224 0
225 0
226 1
227 1
228 1
229 1
230 0
231 0
232 0
233 0
234 1
235 0
236 0
237 0
238 0
239 0
240 0
241 1
242 1
243 0
244 1
245 1
246 1
247 1
248 0
249 1
250 1
251 1
252 1
253 1
254 0
255 0
256 0
257 1
258 0
259 1
260 0
261 1
262 0
263 1
264 1
265 0
266 1
267 0
268 0
269 1
270 1
271 1
272 1
273 0
274 1
275 0
276 1
277 0
278 0
279 0
280 1
281 1
282 0
283 1
284 1
285 1
286 1
287 1
288 0
289 0
290 1
291 1
292 0
293 0
294 1
295 0
296 1
297 0
298 1
299 0
300 1
301 1
302 0
303 1
304 1
305 1
306 0
307 0
308 1
309 0
310 0
311 1
312 0
313 1
314 0
315 1
316 0
317 0
318 0
319 0
320 0
321 0
322 0
323 0
324 1
325 1
326 1
327 1
328 0
329 1
330 0
331 1
332 1
333 1
334 1
335 1
336 1
337 0
338 0
339 1
340 0
341 0
342 0
343 1
344 1
345 1
346 1
347 0
348 0
349 1
350 1
351 0
352 0
353 0
354 0
355 0
356 1
357 1
358 0
359 1
360 0
361 1
362 0
363 0
364 0
365 1
366 1
367 1
368 0
369 1
370 0
371 1
372 0
373 0
374 1
375 1
376 0
377 0
378 1
379 1
380 1
381 1
382 1
383 0
384 0
385 1
386 0
387 1
388 0
389 1
390 1
391 1
392 0
393 0
394 1
395 1
396 1
397 0
398 0
399 0
400 1
401 1
402 1
403 0
404 0
405 0
406 0
407 0
408 1
409 0
410 0
411 1
412 1
413 0
414 0
415 0
416 1
417 0
418 1
419 0
420 1
421 1
422 1
423 1
424 0
425 1
426 0
427 1
428 1
429 1
430 0
431 0
432 0
433 0
434 1
435 0
436 1
437 0
438 1
439 1
440 0
441 0
442 0
443 1
444 1
445 0
446 0
447 0
448 1
449 1
450 1
451 1
452 0
453 0
454 0
455 1
456 1
457 0
458 1
459 0
460 0
461 1
462 1
463 0
464 0
465 0
466 1
467 1
468 1
469 1
470 1
471 0
472 0
473 1
474 0
475 1
476 0
477 1
478 0
479 1
480 1
481 0
482 0
483 1
484 1
485 1
486 1
487 1
488 0
489 0
490 0
491 1
492 0
493 1
494 0
495 1
496 0
497 0
498 0
499 0
500 1
501 0
502 1
503 1
504 0
505 1
506 1
507 0
508 0
509 0
510 1
511 0
512 0
513 1
514 1
515 1
516 1
517 0
518 1
519 1
520 0
521 1
522 1
523 0
524 0
525 0
526 0
527 1
528 1
529 0
530 1
531 1
532 0
533 0
534 0
535 1
536 1
537 1
538 1
539 0
540 1
541 0
542 0
543 1
544 1
545 1
546 1
547 0
548 0
549 0
550 1
551 1
552 1
553 1
554 1
555 0
556 0
557 0
558 1
559 1
560 0
561 0
562 1
563 1
564 0
565 0
566 0
567 0
568 1
569 1
570 0
571 1
572 0
573 1
574 0
575 0
576 0
577 0
578 1
579 1
580 0
581 0
582 1
583 1
584 1
585 0
586 1
587 0
588 1
589 0
590 1
591 1
592 1
593 1
594 0
595 0
596 1
597 0
598 1
599 0
600 0
601 0
602 0
603 0
604 1
605 0
606 1
607 0
608 1
609 1
610 0
611 0
612 1
613 0
614 1
615 0
616 0
617 0
618 0
619 0
620 1
621 1
622 0
623 0
624 0
625 0
626 1
627 1
628 0
629 1
630 0
631 1
632 0
633 1
634 1
635 1
636 1
637 1
638 0
639 0
640 0
641 0
642 1
643 1
644 1
645 0
646 1
647 0
648 1
649 0
650 1
651 0
652 0
653 0
654 0
655 0
656 1
657 1
658 1
659 1
660 0
661 0
662 0
663 0
664 1
665 0
666 1
667 0
668 0
669 1
670 1
671 0
672 1
673 1
674 0
675 0
676 0
677 0
678 1
679 0
680 1
681 1
682 1
683 1
684 1
685 0
686 1
687 0
688 1
689 0
690 1
691 0
692 0
693 0
694 0
695 1
696 1
697 1
698 1
699 0
700 1
701 1
702 1
703 1
704 1
705 1
706 0
707 0
708 0
709 0
710 1
711 0
712 1
713 0
714 1
715 0
716 0
717 0
718 0
719 1
720 1
721 1
722 0
723 1
724 0
725 1
726 1
727 0
728 0
729 1
730 0
731 0
732 1
733 0
734 0
735 0
736 1
737 1
738 1
739 1
740 1
741 1
742 0
743 0
744 0
745 1
746 0
747 1
748 0
749 1
750 0
751 1
752 0
753 1
754 0
755 0
756 0
757 1
758 1
759 1
760 1
761 1
762 1
763 0
764 0
765 0
766 0
767 0
768 0
769 1
770 1
771 1
772 1
773 0
774 0
775 0
776 0
777 0
778 1
779 1
780 1
781 1
782 1
783 0
784 1
785 0
786 1
787 0
788 1
789 0
790 0
791 1
792 1
793 0
794 0
795 1
796 0
797 0
798 1
799 0
800 0
801 0
802 0
803 1
804 1
805 0
806 0
807 0
808 1
809 0
810 0
811 1
812 0
813 0
814 1
815 1
816 1
817 0
818 1
819 1
820 0
821 1
822 1
823 0
824 0
825 1
826 0
827 1
828 0
829 1
830 1
831 1
832 0
833 0
834 1
835 1
836 1
837 1
838 0
839 0
840 0
841 0
842 0
843 1
844 1
845 1
846 1
847 1
848 1
849 0
850 0
851 0
852 0
853 0
854 0
855 0
856 0
857 1
858 1
859 1
860 0
861 0
862 0
863 0
864 0
865 1
866 1
867 1
868 1
869 0
870 1
871 0
872 1
873 0
874 1
875 0
876 0
877 0
878 1
879 1
880 0
881 0
882 1
883 1
884 1
885 1
886 0
887 0
888 0
889 0
890 0
891 0
892 0
893 0
894 0
895 0
896 0
897 1
898 1
899 1
900 1
901 1
902 1
903 1
904 0
905 1
906 0
907 1
908 0
909 0
910 0
911 0
912 0
913 0
914 0
915 0
916 1
917 1
918 1
919 0
920 1
921 0
922 1
923 0
924 1
925 0
926 1
927 1
928 1
929 1
930 1
931 0
932 0
933 0
934 0
935 1
936 1
937 1
938 1
939 0
940 0
941 0
942 0
943 1
944 1
945 0
946 1
947 0
948 1
949 0
950 0
951 1
952 1
953 1
954 1
955 1
956 0
957 0
958 1
959 1
960 0
961 0
962 0
963 1
964 0
965 1
966 0
967 1
968 0
969 1
970 1
971 1
972 0
973 0
974 0
975 1
976 0
977 0
978 1
979 1
980 1
981 0
982 1
983 1
984 0
985 0
986 0
987 1
988 0
989 0
990 1
991 0
992 1
993 0
994 1
995 1
996 1
997 1
998 0
999 0
1000 0
1001 1
1002 0
1003 1
1004 0
1005 0
1006 1
1007 1
1008 0
1009 0
1010 1
1011 1
1012 0
1013 1
1014 0
1015 1
1016 0
1017 0
1018 1
1019 1
1020 1
1021 1
1022 0
1023 0
1024 0
1025 0
1026 1
1027 0
1028 1
1029 1
1030 1
1031 0
1032 0
1033 1
1034 1
1035 1
1036 1
1037 0
1038 1
1039 1
1040 0
1041 1
1042 1
1043 0
1044 0
1045 0
1046 1
1047 0
1048 0
1049 0
1050 1
1051 0
1052 0
1053 0
1054 1
1055 1
1056 0
1057 1
1058 0
1059 1
1060 1
1061 1
1062 1
1063 1
1064 0
1065 0
1066 0
1067 0
1068 1
1069 1
1070 0
1071 0
1072 1
1073 0
1074 1
1075 0
1076 1
1077 1
1078 0
1079 0
1080 1
1081 0
1082 1
1083 0
1084 1
1085 0
1086 0
1087 0
1088 1
1089 1
1090 1
1091 0
1092 0
1093 0
1094 0
1095 1
1096 1
1097 0
1098 1
1099 0
1100 1
1101 1
1102 1
1103 1
1104 1
1105 0
1106 1
1107 1
1108 1
1109 0
1110 0
1111 0
1112 0
1113 0
1114 1
1115 1
1116 0
1117 0
1118 1
1119 1
1120 0
1121 0
1122 0
1123 0
1124 1
1125 0
1126 0
1127 0
1128 1
1129 0
1130 0
1131 0
1132 0
1133 0
1134 1
1135 0
1136 1
1137 1
1138 0
1139 0
1140 0
1141 1
1142 1
1143 0
1144 0
1145 1
1146 1
1147 1
1148 1
1149 1
1150 1
1151 1
1152 0
1153 1
1154 0
1155 0
1156 0
1157 1
1158 1
1159 1
1160 1
1161 1
1162 1
1163 1
1164 0
1165 1
1166 0
1167 0
1168 0
1169 1
1170 1
1171 1
1172 0
1173 0
1174 0
1175 0
1176 1
1177 1
1178 1
1179 1
1180 0
1181 0
1182 1
1183 1
1184 0
1185 0
1186 1
1187 1
1188 0
1189 0
1190 0
1191 1
1192 1
1193 1
1194 0
1195 1
1196 0
1197 1
1198 0
1199 0
1200 0
1201 1
1202 1
1203 1
1204 0
1205 1
1206 0
1207 1
1208 0
1209 0
1210 0
1211 1
1212 0
1213 0
1214 1
1215 1
1216 1
1217 1
1218 0
1219 0
1220 1
1221 0
1222 0
1223 0
1224 1
1225 1
1226 1
1227 0
1228 0
1229 0
1230 0
1231 0
1232 1
1233 0
1234 0
1235 0
1236 0
1237 1
1238 1
1239 0
1240 0
1241 0
1242 1
1243 1
1244 1
1245 1
1246 1
1247 0
1248 0
1249 0
1250 0
1251 1
1252 1
1253 1
1254 1
1255 1
1256 1
1257 0
1258 1
1259 1
1260 1
1261 0
1262 0
1263 0
1264 1
1265 1
1266 1
1267 0
1268 0
1269 0
1270 0
1271 0
1272 1
1273 0
1274 0
1275 1
1276 1
1277 0
1278 0
1279 1
1280 0
1281 0
1282 0
1283 0
1284 0
1285 0
1286 0
1287 1
1288 0
1289 0
1290 1
1291 0
1292 0
1293 1
1294 0
1295 0
1296 0
1297 0
1298 0
1299 1
1300 1
1301 1
1302 1
1303 0
1304 1
1305 0
1306 0
1307 0
1308 0
1309 0
1310 1
1311 1
1312 0
1313 0
1314 1
1315 1
1316 1
1317 1
1318 0
1319 0
1320 0
1321 0
1322 1
1323 1
1324 0
1325 0
1326 0
1327 0
1328 1
1329 1
1330 1
1331 0
1332 1
1333 0
1334 0
1335 1
1336 1
1337 1
1338 0
1339 0
1340 1
1341 1
1342 0
1343 0
1344 1
1345 0
1346 0
1347 1
1348 1
1349 0
1350 0
1351 0
1352 1
1353 0
1354 0
1355 1
1356 0
1357 0
1358 1
1359 0
1360 1
1361 0
1362 0
1363 0
1364 0
1365 1
1366 0
1367 0
1368 0
1369 0
1370 0
1371 0
1372 0
1373 0
1374 0
1375 0
1376 0
1377 1
1378 1
1379 1
1380 1
1381 1
1382 1
1383 0
1384 0
1385 0
1386 0
1387 1
1388 0
1389 0
1390 0
1391 0
1392 0
1393 1
1394 0
1395 1
1396 0
1397 0
1398 0
1399 0
1400 0
1401 1
1402 1
1403 0
1404 1
1405 0
1406 1
1407 1
1408 1
1409 1
1410 0
1411 1
1412 1
1413 1
1414 1
1415 0
1416 0
1417 0
1418 0
1419 0
1420 0
1421 1
1422 1
1423 0
1424 1
1425 1
1426 0
1427 1
1428 1
1429 0
1430 1
1431 0
1432 0
1433 1
1434 0
1435 1
1436 0
1437 0
1438 0
1439 0
1440 0
1441 1
1442 0
1443 0
1444 1
1445 0
1446 1
1447 1
1448 0
1449 0
1450 0
1451 1
1452 1
1453 1
1454 0
1455 0
1456 1
1457 0
1458 1
1459 1
1460 0
1461 0
1462 0
1463 0
1464 1
1465 1
1466 0
1467 0
1468 1
1469 1
1470 1
1471 0
