1109
86
2641
814
2935
745
1727
2633
647
416
1589
2350
441
882
1288
2035
513
1054
1402
1949
2588
2311
1704
2281
146
592
1654
2866
40
1039
1026
468
430
1590
1405
44
1447
499
374
2476
1496
1328
2475
1357
2740
2094
2283
2054
171
954
2459
316
1626
672
1488
1577
657
2248
966
896
2779
2602
1648
848
307
214
773
1627
986
2788
1269
50
2595
201
1310
1653
1443
2007
2375
1195
26
511
1895
1503
2026
1710
304
2830
47
2674
1849
2119
2680
808
820
1284
160
1392
1061
363
2349
2259
21
772
463
1872
1814
775
1508
1601
343
2885
454
205
1507
292
726
2821
863
1529
2878
272
1803
185
2355
1559
489
2174
2201
2188
2364
137
276
1830
1211
2652
1203
1914
2813
664
264
737
24
1436
1874
224
1173
314
2555
1719
2464
82
2617
2466
2773
2250
1266
787
614
811
1813
2744
1603
2105
2408
1647
309
2934
123
2253
1857
2524
1828
788
268
2847
1854
2114
2051
1313
2073
62
458
1755
348
2493
1539
900
2490
733
2170
2670
1151
744
72
1437
2520
2612
90
1036
173
2726
1369
2870
301
1411
1667
22
2527
750
1498
1001
2646
1580
1270
654
1752
1451
1271
2748
520
2264
577
2187
1276
1850
1516
2886
245
598
227
769
1226
1899
1201
1526
208
2068
263
2032
2440
2888
1268
2202
1296
472
1593
1059
557
1072
1585
767
1760
866
2681
566
282
741
2165
1129
461
1176
643
796
1376
485
1591
2522
1870
593
2334
2236
1208
2469
2290
376
2606
67
2356
1282
2589
622
549
477
2815
2666
2325
776
2011
1031
1004
2098
126
2369
29
655
606
1773
2293
1187
1670
1619
2396
124
1602
2770
1999
1637
2724
2383
610
1418
340
385
2390
885
608
1505
534
2300
158
1139
2331
970
1671
2851
98
2086
440
1518
975
836
687
1815
694
2330
169
537
1767
465
1029
393
2738
761
2120
2767
1561
285
1274
2387
1845
362
650
2532
870
1868
324
507
2579
2754
1319
484
1425
2937
1697
2917
2826
536
2169
1644
2346
1021
2014
2272
2097
993
1476
1901
2913
2709
2157
397
1544
585
1537
2833
852
677
1907
1008
2041
1002
1091
1295
859
1441
1892
236
1003
1643
1385
2731
2514
2480
624
1660
1501
753
1081
410
2546
2382
7
1404
935
912
589
2461
1811
2825
14
605
2106
492
2441
2008
234
2750
2636
675
2600
1267
567
2060
1943
2241
1395
951
228
2183
119
2016
2941
2194
1095
1440
2923
19
704
1822
1650
2896
1690
942
1873
2893
1486
1909
1772
225
191
1512
1383
743
2071
899
161
135
1904
2381
150
1779
967
883
705
1017
2494
1352
2142
2615
495
1876
159
530
2154
257
1386
2909
478
2450
548
2263
157
2747
646
1221
1303
479
1348
127
367
1027
1525
1103
831
1240
2850
1707
1833
1090
1976
953
2811
2247
840
1750
49
554
1374
170
755
1795
770
2403
2297
2634
310
1365
1351
842
1509
2789
1766
1034
1900
618
1940
2828
2099
1166
719
1223
1100
437
857
1735
1426
1445
1938
2755
546
148
999
1046
1158
1134
190
1687
1612
1456
1058
2785
1680
541
31
558
2291
18
2091
1253
2837
71
1121
1320
871
1079
281
1765
1737
131
723
1403
1132
1178
2342
901
54
1530
2033
1055
2212
1609
1007
941
356
1723
1077
1358
2487
1927
2438
891
2757
2631
2548
2433
2797
2814
2723
352
1573
450
830
645
1489
1209
2189
1169
1458
1018
1951
315
777
2502
2235
452
827
1953
1946
260
1796
1005
2322
560
2361
611
1359
1780
603
1693
2645
1786
2915
1219
2160
1116
143
69
114
55
739
1112
691
858
2759
2742
1438
2258
1970
1878
2722
1189
1606
1891
1703
2550
832
2370
2052
1332
1570
2227
1713
1010
1777
1620
2756
2413
2643
1674
2221
1294
2137
1837
2424
1371
862
795
2057
821
2492
2013
2696
1143
1472
486
1724
1255
1880
2239
1186
2244
2249
564
2090
2543
1861
1574
1797
371
116
2327
112
2445
1153
893
496
2310
2655
963
2621
59
1751
1304
2222
563
2503
444
1032
1355
2230
1985
6
997
377
1597
2844
2661
2401
2818
889
1801
543
1164
1721
2792
692
2556
2521
1306
804
1161
2518
880
2665
330
1651
1921
2765
243
2619
1044
2211
2167
2365
850
2507
2075
1347
1479
2736
1562
2063
905
2025
215
2822
2118
1415
956
273
1302
2101
2038
1958
2195
11
1293
2419
176
2084
2039
1340
913
317
582
591
714
2843
1929
1401
1681
2781
2848
1890
1469
434
2217
73
1571
1380
1047
2576
1583
1393
1563
1992
1762
1108
1439
2384
2684
1728
2421
2676
373
2468
2399
2752
372
2868
2658
1462
1511
2274
459
985
633
113
1162
1215
2839
1898
2453
2701
1107
2003
2835
1251
2146
184
2027
799
2672
2251
1885
1952
2314
1982
480
192
2069
504
2341
949
1941
1074
2859
2333
734
2545
2829
809
2523
1117
1974
1565
908
1532
1617
1673
464
1884
2335
849
995
1744
565
78
8
1823
2080
2271
1042
2215
2066
2749
2858
172
1866
559
5
1336
2832
1919
2081
255
1906
2794
1033
1712
990
1419
2391
1232
1676
946
2867
1980
638
2900
1163
423
1142
251
1818
2102
854
2642
1199
1238
2604
1227
1918
265
1148
813
2252
1146
2659
2541
1838
2398
2716
538
2939
1243
2823
1373
446
841
1572
1250
10
2628
1945
2910
1863
117
180
929
1639
1587
561
338
635
522
575
1542
1886
1778
1499
2875
663
1354
2362
890
2282
375
1722
2924
202
1855
2712
620
2043
81
1088
1631
823
2778
1467
2343
220
2496
2132
1217
915
632
1739
1285
164
1353
903
2152
1661
329
1614
751
406
2510
409
470
261
2933
1020
2210
780
503
2423
1160
1495
27
2539
275
502
183
1114
1190
771
382
542
791
2632
1428
269
1790
711
2430
2416
2599
969
2078
102
189
978
933
2711
878
2203
230
2010
2836
918
2746
293
2042
2412
1844
1973
1808
2308
1604
1679
662
1881
1967
1555
417
1649
1297
1840
1545
448
283
413
1942
1234
431
424
2929
1249
1000
1082
110
720
1858
824
2372
2088
2872
695
336
1635
2685
2179
52
151
2049
2688
998
2554
1335
747
2064
411
303
2647
2485
2564
982
1317
1492
1060
93
2415
1541
735
474
2569
958
1053
341
1588
2180
931
1781
1286
1299
2570
1948
1136
653
198
2881
2022
641
2540
481
923
698
794
2000
1259
590
1210
710
573
2058
39
1794
930
2354
1847
1770
2673
1988
400
1015
432
2096
318
2216
1995
2434
2596
1962
2225
2695
1182
2710
1520
1860
1936
676
1265
627
403
524
2393
686
2892
2704
2134
1350
402
527
902
759
380
2820
1608
1972
1715
426
2484
2315
1506
1717
1314
1237
1657
1083
2931
1177
2536
519
2758
1231
531
328
250
1734
345
550
2876
1280
2059
1009
1596
325
2879
460
819
1222
2607
490
717
2082
1279
2763
696
2377
2302
2083
121
2298
1645
2603
1398
2126
757
497
48
2407
270
1761
1429
1977
494
2262
438
1
1204
2206
2849
2622
339
2182
118
1308
2143
2289
800
66
2166
2671
91
1102
1481
2092
2639
365
2306
152
2405
596
1101
2224
1283
2586
384
88
56
568
1138
642
1420
421
153
1756
617
1827
266
2023
2233
17
1867
1084
1097
2691
320
2605
864
571
1220
2185
1568
414
1802
2285
2664
395
2735
1298
1066
872
144
1792
2451
2775
197
2583
2577
1502
2582
1725
389
910
175
861
1063
2329
1513
1618
925
2761
1533
2462
1689
1826
2173
401
1586
1934
2454
651
727
779
1069
404
1147
203
2644
1955
2074
2610
2547
2050
965
2657
2124
2463
656
2834
1104
1616
256
1600
70
290
1065
2123
1170
2198
629
1798
1338
1986
1996
749
1839
731
724
2085
2912
36
2557
947
2721
1484
2745
1683
2919
1457
42
2516
2734
278
1248
2316
505
2087
422
1622
2214
2926
1126
57
313
2700
928
2512
1145
2209
2128
552
194
506
2940
584
418
2584
2743
1897
2012
1379
2260
2553
630
1073
1957
1260
277
574
471
1206
392
2266
752
1594
2048
1829
1184
1473
2208
248
1236
2115
914
1615
2864
1172
1431
2028
1432
1049
984
2784
2702
1301
2277
783
1978
408
379
1964
2544
897
75
1257
2168
2232
892
2678
2394
2117
100
2234
2908
855
1812
83
1947
937
979
196
104
2205
2882
1152
1228
631
1056
128
1344
586
280
15
2184
2186
2053
1979
673
1337
284
1836
816
1783
669
921
1277
2177
1410
740
2422
2470
2432
2323
350
33
2303
1738
2442
1640
2515
845
2800
429
2240
451
2623
2158
2449
412
1983
2648
1954
327
165
1372
60
2392
2307
1684
500
976
1430
2611
1968
668
1149
939
2286
1485
2675
615
2637
697
457
1453
2268
1192
1331
2810
2171
1366
1416
1789
2831
125
219
262
835
94
2817
13
974
927
539
828
1937
2922
815
2662
2799
2031
2135
1045
1521
1758
1820
1718
2787
1329
1480
1799
728
2708
2373
547
2901
801
1387
2238
634
1613
1875
2360
2389
96
2024
1831
2406
2911
188
1763
1246
130
789
2280
2537
386
407
722
1623
415
2533
166
2161
2457
1633
1747
652
955
334
1326
174
2336
2472
2299
628
238
1144
2698
2278
2795
241
805
182
1700
333
812
493
390
2144
1424
2728
247
1092
2585
1229
1543
2223
1035
2045
2127
2717
2635
2852
2895
2153
2270
1368
2418
2651
2257
764
300
1459
2436
2159
1287
2793
2367
962
30
1916
2531
1567
2573
2927
920
838
1119
1592
1396
898
681
894
2103
279
16
2653
2790
1984
2444
1698
2371
1071
1652
2255
2378
2004
1576
516
917
1171
222
2061
223
2465
2918
2751
80
0
825
2594
690
1154
1743
1668
1865
1692
1235
1882
2932
2213
1341
105
2273
707
1912
1482
68
2228
258
1185
658
9
2358
1272
2001
1732
1959
2592
1764
2786
957
1920
2846
544
2824
579
2340
581
576
1991
1534
488
209
74
469
523
108
1318
358
1694
1325
210
2519
2625
2200
1642
1382
2614
2552
2816
742
616
2562
1070
25
2427
2906
2138
2874
1663
873
2534
678
271
99
834
2575
388
2571
1582
1939
2627
2425
2715
1315
2897
1106
443
718
1030
1446
1493
498
623
1535
2873
2009
1068
436
2855
785
2869
968
1636
2479
425
1598
2109
1960
302
2374
1051
2104
1835
746
1475
1709
2437
877
453
856
2125
1935
1564
1711
797
763
1205
1309
1292
660
1788
1678
1546
1560
950
2613
2148
2782
259
2077
2348
2447
2916
106
2780
1557
601
1324
2694
212
2018
716
1536
2679
294
242
2376
2936
1064
1131
1494
1025
2861
1261
2798
1888
1742
323
326
2483
1141
685
1150
2067
2292
149
790
237
1384
308
1966
2294
2040
562
1289
134
1262
2254
156
2729
2226
2530
1474
1244
867
1483
2486
604
2713
2581
2473
1098
1370
2002
2055
1263
2692
1040
648
683
2070
344
784
2121
466
133
1080
1646
2860
1477
701
1193
843
2417
1400
2538
2863
2572
1666
1093
2914
1333
2845
297
2597
1629
442
1556
1853
2925
2295
2563
2802
2677
1327
1809
289
2587
2145
187
1691
1662
2707
1087
2079
2176
2768
331
2714
1135
2928
1406
296
2877
87
738
211
1200
1156
639
1832
246
1963
355
2733
2699
2806
826
517
1551
1791
58
1859
1748
1043
924
1196
569
1461
2409
2880
1417
2309
2501
1194
2178
874
1491
1632
2368
2155
2783
2108
932
1241
120
1312
1342
61
919
1258
2404
1716
2689
1224
103
2650
1435
1740
2284
1686
1672
1239
1664
1454
142
2819
1466
1522
1638
2771
860
545
1696
43
1656
2446
1834
2471
467
370
368
1527
2122
2854
2720
736
793
1127
572
703
1078
129
312
1471
2
1133
2172
1115
229
1877
311
2351
1879
1933
199
1675
1213
551
252
1926
1407
306
2339
2565
1497
1843
798
387
476
2319
625
2456
2065
186
1422
1987
1183
1714
1140
2808
178
2113
473
532
613
712
670
1915
1225
383
1816
1595
2500
2093
2162
2796
1769
2682
357
455
2686
1775
2246
1305
1581
597
1421
2344
1523
64
2535
427
2197
136
1434
988
1361
2616
2804
1075
1851
595
2414
884
1504
139
141
12
1695
2498
515
1028
1883
1825
34
570
346
1864
1052
708
904
2481
2930
254
2046
649
1349
2753
2638
122
636
2772
167
943
1362
2887
501
865
2663
405
1442
2578
765
846
758
1242
518
1137
839
1413
1630
295
2705
2017
1470
2243
1427
482
1641
580
876
107
2131
1558
2528
2838
2130
2410
2136
2902
179
1806
2380
1677
512
526
521
2149
756
2100
1889
168
2431
2549
2857
1515
2133
1528
1013
2036
2110
600
332
45
1180
2467
895
556
2776
973
667
2455
1110
1807
1048
2505
952
1464
2741
235
37
886
803
475
2504
2718
1969
1334
2624
2693
2497
2428
2482
2420
2429
35
817
1569
1264
2156
2164
206
253
1913
65
1433
2338
1848
1345
2730
721
881
607
2904
688
2386
640
679
709
1230
508
2062
762
2769
2812
2304
996
63
818
2477
682
1378
449
2337
2231
533
2894
1168
926
1167
1824
1510
305
774
837
2218
381
1363
729
1538
971
420
2312
1388
2656
706
2777
2526
77
637
2509
1450
1455
1599
1669
1105
1754
2347
748
2568
462
1247
1377
1130
1699
1800
665
2379
2318
1125
2667
1050
2491
2574
2324
1708
725
1122
2363
792
2111
851
213
2560
1624
2021
661
46
1842
2938
2411
1179
1746
2697
972
938
361
2095
1124
3
934
1120
232
162
335
693
109
342
369
2703
1465
2192
853
1911
2921
1307
1774
221
1793
138
1449
1414
2840
936
1038
992
155
2809
1553
1531
2774
766
587
2326
1099
217
1111
2620
1741
1218
2196
847
1207
2725
2190
713
2395
483
1339
2827
1749
147
1067
1628
1903
2072
1291
1554
961
447
1019
1155
529
1702
802
2511
2204
666
1731
319
981
1993
1971
1578
92
41
1819
2669
2357
1500
553
2489
2890
906
2841
2739
1810
2267
594
1468
2561
1655
528
732
1316
1579
806
2706
699
2141
2448
2400
2019
267
1923
1990
599
1552
2478
1517
2513
2435
1014
2567
2649
2529
1460
4
1323
1487
1062
2193
2140
1423
1706
2899
163
2220
2116
644
2015
1997
619
79
1188
1665
1821
2034
977
909
1118
1157
378
337
1611
2151
218
1113
1994
359
1924
1330
1726
1174
2256
1905
2199
274
1389
419
1658
2884
353
822
1016
959
1216
2366
445
1805
2385
216
875
916
2029
1729
1364
491
2907
991
2020
1894
435
1917
2842
2898
700
944
286
439
1409
2443
609
1448
1076
298
671
2458
2542
456
2219
193
960
2030
2608
1233
1128
2452
983
888
1375
781
2352
2660
2163
2397
2618
1634
2640
715
2460
1514
2181
1346
349
2801
1011
487
612
2668
1659
1566
1547
360
1367
2005
399
2305
2609
1191
2321
1399
1701
786
1871
1550
980
299
1956
2139
101
2006
2426
396
1245
1212
2076
1519
2737
2345
1621
702
674
2853
1896
1024
97
907
1023
1705
1981
2474
2332
231
1356
2791
1012
1688
2766
833
1278
2920
321
754
2760
1381
994
1685
659
1965
2320
23
1290
2288
2129
177
1343
2593
1856
1730
2905
2601
2147
1397
1085
1753
1159
1394
1256
1902
1784
1391
2150
987
778
2654
807
195
2807
1175
2683
1321
1975
1096
1605
200
535
154
768
1094
1214
2044
1463
509
38
2732
555
730
2279
2889
1736
1202
1311
1390
115
626
945
366
287
1584
514
868
1254
964
829
322
1950
1908
1198
1932
2276
1490
1893
1928
240
1841
1524
1610
621
1887
288
181
1086
51
948
394
2580
1478
989
428
354
1931
1273
1998
844
1197
1123
1540
1408
2107
2261
364
1925
689
351
2296
1720
2037
2803
2856
1776
2089
132
1961
2328
583
1300
140
84
2402
578
869
2727
2517
20
510
2630
1252
145
53
226
1989
2687
1771
1165
1930
782
391
204
1041
1625
244
28
2862
525
1181
879
922
2287
291
588
111
2056
2313
1452
2871
2591
2508
2191
680
2566
1412
2175
2764
602
810
1281
2506
1757
347
760
2112
233
1682
2495
1782
2269
85
2242
2359
2558
1575
2551
2245
249
1759
2499
2388
2488
1922
1022
2439
2598
1869
1360
540
1787
887
2590
239
2559
2265
1846
1804
76
2805
1745
684
2762
2690
2275
2301
2891
2229
433
1910
2525
2237
2903
1444
89
1549
2207
1852
1548
1006
1089
1322
2865
940
1817
911
2626
2317
1768
32
1785
1275
1037
1057
1862
2629
398
2719
1607
95
2883
1944
207
1733
2353
2047

