1 0
2 1
3 0
4 0
5 0
6 1
7 0
8 0
9 0
10 0
11 0
12 1
13 0
14 0
15 0
16 1
17 0
18 1
19 1
20 0
21 0
22 0
23 1
24 1
25 0
26 1
27 0
28 0
29 0
30 1
31 1
32 1
33 1
34 0
35 1
36 1
37 1
38 0
39 0
40 1
41 1
42 1
43 1
44 0
45 0
46 0
47 1
48 1
49 1
50 1
51 0
52 1
53 0
54 1
55 1
56 0
57 0
58 1
59 1
60 1
61 0
62 0
63 0
64 0
65 1
66 1
67 1
68 0
69 0
70 0
71 1
72 1
73 0
74 1
75 1
76 1
77 0
78 1
79 1
80 1
81 1
82 0
83 0
84 1
85 0
86 0
87 0
88 1
89 0
90 1
91 0
92 1
93 0
94 1
95 0
96 1
97 0
98 1
99 0
100 0
101 1
102 0
103 0
104 1
105 1
106 0
107 0
108 0
109 1
110 0
111 1
112 0
113 0
114 0
115 0
116 1
117 1
118 1
119 1
120 1
121 1
122 1
123 0
124 1
125 1
126 1
127 1
128 0
129 0
130 0
131 1
132 1
133 1
134 0
135 0
136 1
137 1
138 0
139 1
140 1
141 0
142 1
143 0
144 0
145 0
146 1
147 0
148 1
149 1
150 0
151 0
152 1
153 1
154 1
155 1
156 1
157 1
158 1
159 0
160 0
161 0
162 0
163 0
164 1
165 0
166 1
167 1
168 1
169 0
170 0
171 0
172 1
173 0
174 0
175 0
176 1
177 0
178 0
179 1
180 1
181 0
182 0
183 1
184 1
185 0
186 1
187 0
188 1
189 0
190 0
191 1
192 1
193 0
194 1
195 1
196 0
197 1
198 0
199 0
200 0
201 0
202 0
203 1
204 1
205 1
206 1
207 0
208 0
209 1
210 1
211 1
212 0
213 1
214 0
215 1
216 1
217 0
218 1
219 1
220 1
221 0
222 0
223 0
224 0
225 1
226 0
227 0
228 1
229 1
230 0
231 1
232 1
233 1
234 0
235 1
236 0
237 1
238 0
239 1
240 1
241 0
242 1
243 1
244 1
245 0
246 0
247 1
248 1
249 1
250 1
251 0
252 0
253 0
254 0
255 1
256 0
257 0
258 1
259 0
260 1
261 0
262 1
263 0
264 0
265 1
266 0
267 0
268 1
269 0
270 0
271 1
272 1
273 1
274 0
275 1
276 1
277 0
278 1
279 1
280 0
281 0
282 1
283 1
284 1
285 1
286 1
287 0
288 1
289 1
290 0
291 0
292 0
293 1
294 1
295 0
296 1
297 1
298 1
299 0
300 1
301 1
302 1
303 0
304 1
305 0
306 0
307 0
308 1
309 1
310 1
311 1
312 1
313 1
314 1
315 1
316 0
317 0
318 0
319 1
320 1
321 1
322 0
323 1
324 1
325 0
326 1
327 1
328 1
329 1
330 0
331 0
332 0
333 1
334 0
335 0
336 0
337 0
338 1
339 0
340 0
341 0
342 0
343 1
344 0
345 1
346 0
347 0
348 0
349 1
350 1
351 0
352 0
353 0
354 1
355 1
356 0
357 0
358 0
359 1
360 1
361 1
362 0
363 1
364 1
365 1
366 0
367 1
368 0
369 0
370 0
371 1
372 1
373 0
374 1
375 1
376 0
377 1
378 0
379 0
380 1
381 1
382 1
383 0
384 0
385 0
386 0
387 1
388 0
389 0
390 1
391 0
392 1
393 0
394 0
395 1
396 1
397 0
398 0
399 0
400 1
401 0
402 1
403 1
404 0
405 0
406 0
407 1
408 1
409 0
410 0
411 0
412 1
413 1
414 0
415 1
416 0
417 1
418 1
419 0
420 1
421 0
422 0
423 0
424 1
425 0
426 0
427 0
428 0
429 1
430 1
431 0
432 1
433 0
434 1
435 0
436 1
437 0
438 1
439 1
440 0
441 0
442 0
443 0
444 0
445 0
446 1
447 0
448 1
449 1
450 1
451 1
452 0
453 0
454 0
455 0
456 1
457 1
458 0
459 1
460 1
461 1
462 1
463 1
464 0
465 0
466 1
467 0
468 0
469 0
470 1
471 1
472 0
473 1
474 0
475 1
476 0
477 1
478 0
479 1
480 1
481 0
482 1
483 0
484 0
485 0
486 1
487 0
488 1
489 0
490 1
491 1
492 0
493 0
494 1
495 0
496 0
497 1
498 0
499 0
500 0
501 0
502 0
503 1
504 1
505 1
506 1
507 1
508 1
509 0
510 1
511 0
512 1
513 1
514 0
515 1
516 1
517 0
518 0
519 1
520 1
521 1
522 0
523 0
524 0
525 1
526 1
527 0
528 1
529 1
530 0
531 1
532 0
533 1
534 0
535 0
536 0
537 0
538 1
539 0
540 1
541 1
542 1
543 1
544 0
545 1
546 0
547 0
548 0
549 0
550 1
551 0
552 0
553 0
554 0
555 0
556 0
557 1
558 0
559 1
560 0
561 0
562 0
563 0
564 0
565 1
566 0
567 1
568 1
569 0
570 0
571 0
572 1
573 0
574 1
575 1
576 0
577 1
578 1
579 0
580 1
581 0
582 0
583 0
584 0
585 0
586 1
587 0
588 0
589 0
590 1
591 0
592 1
593 1
594 1
595 1
596 0
597 1
598 1
599 1
600 0
601 1
602 1
603 1
604 0
605 0
606 1
607 0
608 0
609 1
610 0
611 0
612 1
613 1
614 0
615 0
616 1
617 1
618 0
619 1
620 1
621 0
622 0
623 1
624 0
625 1
626 1
627 0
628 0
629 1
630 0
631 0
632 0
633 0
634 0
635 1
636 1
637 1
638 0
639 0
640 0
641 1
642 0
643 1
644 0
645 1
646 0
647 1
648 1
649 0
650 1
651 1
652 0
653 0
654 0
655 1
656 1
657 1
658 0
659 0
660 1
661 1
662 0
663 0
664 0
665 0
666 1
667 0
668 1
669 1
670 0
671 0
672 1
673 0
674 1
675 1
676 0
677 0
678 0
679 0
680 0
681 0
682 1
683 1
684 0
685 1
686 0
687 1
688 0
689 0
690 1
691 0
692 1
693 1
694 0
695 1
696 0
697 0
698 1
699 0
700 0
701 0
702 1
703 1
704 1
705 1
706 1
707 1
708 0
709 0
710 0
711 0
712 1
713 1
714 0
715 0
716 1
717 0
718 0
719 0
720 0
721 0
722 1
723 0
724 1
725 1
726 1
727 1
728 1
729 0
730 0
731 0
732 0
733 1
734 1
735 0
736 0
737 0
738 0
739 0
740 1
741 1
742 0
743 1
744 1
745 0
746 1
747 0
748 1
749 0
750 1
751 1
752 1
753 1
754 1
755 1
756 1
757 0
758 0
759 0
760 1
761 1
762 0
763 1
764 1
765 1
766 1
767 0
768 0
769 1
770 1
771 1
772 0
773 1
774 1
775 1
776 1
777 1
778 0
779 1
780 1
781 1
782 1
783 1
784 1
785 1
786 0
787 0
788 1
789 1
790 0
791 0
792 1
793 1
794 1
795 0
796 1
797 1
798 0
799 0
800 0
801 0
802 0
803 1
804 1
805 0
806 1
807 1
808 0
809 0
810 0
811 0
812 1
813 1
814 0
815 0
816 1
817 1
818 0
819 1
820 0
821 1
822 1
823 0
824 0
825 1
826 1
827 1
828 1
829 1
830 0
831 0
832 0
833 0
834 0
835 1
836 1
837 1
838 1
839 1
840 1
841 1
842 0
843 0
844 1
845 1
846 0
847 0
848 0
849 0
850 0
851 1
852 1
853 1
854 0
855 1
856 0
857 1
858 0
859 0
860 1
861 1
862 0
863 0
864 0
865 0
866 0
867 1
868 1
869 0
870 1
871 1
872 0
873 1
874 1
875 1
876 1
877 0
878 1
879 1
880 1
881 0
882 1
883 0
884 1
885 0
886 1
887 0
888 1
889 1
890 1
891 0
892 0
893 0
894 1
895 1
896 1
897 1
898 0
899 0
900 0
901 0
902 0
903 0
904 1
905 0
906 0
907 1
908 0
909 0
910 1
911 0
912 0
913 1
914 1
915 0
916 0
917 1
918 0
919 0
920 1
921 0
922 1
923 1
924 0
925 0
926 0
927 0
928 0
929 0
930 0
931 1
932 0
933 1
934 0
935 1
936 0
937 1
938 1
939 1
940 1
941 1
942 0
943 1
944 0
945 1
946 1
947 1
948 1
949 0
950 0
951 1
952 0
953 0
954 0
955 0
956 0
957 1
958 0
959 0
960 0
961 1
962 1
963 0
964 0
965 0
966 0
967 0
968 0
969 0
970 0
971 0
972 1
973 0
974 1
975 0
976 0
977 0
978 0
979 0
980 1
981 1
982 1
983 0
984 1
985 0
986 1
987 0
988 0
989 0
990 1
991 1
992 0
993 1
994 1
995 1
996 0
997 1
998 1
999 1
1000 0
1001 1
1002 1
1003 1
1004 1
1005 0
1006 1
1007 0
1008 0
1009 1
1010 1
1011 1
1012 0
1013 0
1014 0
1015 0
1016 1
1017 1
1018 1
1019 0
1020 0
1021 1
1022 1
1023 0
1024 0
1025 1
1026 1
1027 0
1028 0
1029 1
1030 1
1031 0
1032 0
1033 1
1034 1
1035 1
1036 0
1037 0
1038 0
1039 1
1040 0
1041 1
1042 1
1043 1
1044 0
1045 0
1046 0
1047 1
1048 1
1049 1
1050 0
1051 0
1052 1
1053 1
1054 0
1055 0
1056 0
1057 0
1058 0
1059 0
1060 0
1061 1
1062 1
1063 0
1064 0
1065 1
1066 1
1067 1
1068 0
1069 0
1070 0
1071 1
1072 0
1073 0
1074 1
1075 0
1076 0
1077 0
1078 1
1079 0
1080 1
1081 0
1082 0
1083 1
1084 1
1085 1
1086 0
1087 0
1088 1
1089 0
1090 1
1091 1
1092 1
1093 1
1094 0
1095 0
1096 0
1097 1
1098 1
1099 1
1100 0
1101 0
1102 1
1103 1
1104 1
1105 1
1106 0
1107 1
1108 0
1109 1
1110 1
1111 0
1112 1
1113 1
1114 1
1115 1
1116 1
1117 1
1118 1
1119 1
1120 0
1121 0
1122 1
1123 0
1124 0
1125 1
1126 1
1127 0
1128 1
1129 1
1130 0
1131 0
1132 1
1133 1
1134 0
1135 1
1136 0
1137 0
1138 0
1139 1
1140 1
1141 1
1142 0
1143 0
1144 0
1145 0
1146 1
1147 1
1148 0
1149 0
1150 0
1151 0
1152 0
1153 1
1154 0
1155 0
1156 1
1157 0
1158 1
1159 1
1160 1
1161 0
1162 0
1163 1
1164 0
1165 1
1166 1
1167 0
1168 0
1169 1
1170 1
1171 1
1172 1
1173 0
1174 1
1175 0
1176 0
1177 1
1178 1
1179 0
1180 0
1181 1
1182 0
1183 1
1184 1
1185 0
1186 1
1187 1
1188 1
1189 1
1190 1
1191 0
1192 0
1193 0
1194 1
1195 0
1196 1
1197 1
1198 0
1199 1
1200 1
1201 0
1202 0
1203 0
1204 1
1205 1
1206 0
1207 1
1208 0
1209 0
1210 0
1211 1
1212 0
1213 0
1214 0
1215 0
1216 0
1217 0
1218 0
1219 1
1220 0
1221 1
1222 0
1223 0
1224 1
1225 1
1226 0
1227 0
1228 1
1229 1
1230 0
1231 0
1232 0
1233 0
1234 0
1235 0
1236 1
1237 0
1238 0
1239 1
1240 1
1241 1
1242 1
1243 1
1244 1
1245 1
1246 0
1247 0
1248 1
1249 0
1250 0
1251 0
1252 1
1253 0
1254 1
1255 0
1256 1
1257 1
1258 0
1259 1
1260 1
1261 1
1262 1
1263 1
1264 1
1265 0
1266 0
1267 0
1268 1
1269 1
1270 0
1271 0
1272 1
1273 0
1274 0
1275 1
1276 0
1277 0
1278 1
1279 0
1280 0
1281 0
1282 1
1283 1
1284 0
1285 1
1286 1
1287 0
1288 1
1289 0
1290 0
1291 1
1292 1
1293 0
1294 1
1295 1
1296 0
1297 1
1298 0
1299 1
1300 1
1301 1
1302 1
1303 0
1304 1
1305 1
1306 1
1307 1
1308 0
1309 1
1310 0
1311 1
1312 1
1313 1
1314 0
1315 1
1316 0
1317 0
1318 0
1319 0
1320 1
1321 1
1322 1
1323 1
1324 0
1325 0
1326 1
1327 1
1328 0
1329 0
1330 1
1331 1
1332 1
1333 1
1334 0
1335 0
1336 0
1337 1
1338 1
1339 1
1340 0
1341 0
1342 0
1343 0
1344 0
1345 1
1346 1
1347 1
1348 1
1349 1
1350 0
1351 0
1352 0
1353 1
1354 0
1355 1
1356 0
1357 0
1358 1
1359 1
1360 1
1361 1
1362 1
1363 0
1364 0
1365 1
1366 1
1367 1
1368 1
1369 0
1370 0
1371 0
1372 0
1373 0
1374 0
1375 0
1376 1
1377 1
1378 1
1379 0
1380 0
1381 1
1382 1
1383 0
1384 1
1385 1
1386 1
1387 1
1388 1
1389 1
1390 0
1391 1
1392 1
1393 0
1394 1
1395 1
1396 1
1397 1
1398 1
1399 1
1400 1
1401 1
1402 1
1403 1
1404 1
1405 1
1406 0
1407 1
1408 1
1409 1
1410 1
1411 1
1412 0
1413 1
1414 1
1415 1
1416 1
1417 0
1418 0
1419 1
1420 0
1421 0
1422 1
1423 1
1424 0
1425 0
1426 1
1427 1
1428 1
1429 1
1430 0
1431 1
1432 1
1433 0
1434 0
1435 0
1436 1
1437 0
1438 0
1439 1
1440 1
1441 0
1442 0
1443 0
1444 0
1445 1
1446 1
1447 1
1448 1
1449 0
1450 1
1451 0
1452 0
1453 0
1454 1
1455 0
1456 1
1457 0
1458 1
1459 0
1460 1
1461 0
1462 1
1463 0
1464 1
1465 1
1466 0
1467 1
1468 1
1469 1
1470 1
1471 0
