1113
854
649
302
613
1693
32
2745
1087
2864
742
1477
1677
1817
689
1895
879
2366
2666
2618
763
1352
683
2266
491
484
948
835
1959
2924
891
2439
1351
1401
117
1178
271
2916
1495
2288
2868
2606
1213
201
1755
2126
1526
2090
643
2774
2470
653
1455
2776
131
1725
506
2052
2561
1171
730
549
2576
135
1018
2404
572
872
875
1131
1894
2718
2386
2821
398
831
1825
691
1613
909
1991
1699
2701
978
1100
2589
1329
1234
2157
1436
2475
624
1668
656
2154
88
1604
727
1716
193
36
363
1622
1617
2466
2499
2574
2623
1821
1286
1612
2648
1190
2610
1201
735
2302
461
2643
713
266
82
648
2521
2100
578
916
1403
588
1737
8
1865
331
2825
1539
2937
1447
1242
1062
2494
224
462
1016
2481
1259
1199
2491
1950
1048
664
900
634
1441
194
1885
1180
665
109
942
1187
2032
1958
708
1326
815
720
2920
2927
1274
1289
2319
2833
1873
632
206
2030
1504
1727
1595
1141
2866
839
2259
2417
2211
1500
347
2769
343
1139
1688
2730
1987
1869
391
121
1529
595
2138
1304
1252
1134
446
1542
1868
887
2051
233
2699
2881
2820
849
959
2597
2217
396
1249
2131
1120
2941
1394
1874
593
2202
401
2708
1236
1989
2565
2460
697
1367
2374
457
2232
2625
488
1212
1003
857
792
1766
122
1014
1334
70
1172
2265
192
2384
485
1105
405
103
1887
1673
2304
715
1878
2016
78
754
2228
512
2853
1472
38
1263
868
2503
37
1011
2238
2781
1254
2394
838
1406
577
1691
2838
745
1198
2143
1882
2341
1387
1332
639
2420
1653
1315
1993
165
2369
2905
2770
2883
2806
246
1088
2523
2893
438
2695
203
2323
2295
429
990
2114
627
207
314
2846
1913
2106
2884
1657
910
2490
950
1177
2208
2313
272
1168
23
2264
2092
926
1023
27
2688
1892
1203
1646
2358
178
231
1204
476
2862
693
1690
1600
2091
258
2446
1353
2235
2564
2533
2412
1378
1811
1275
1547
2524
315
2582
2453
2878
2158
2478
2841
1675
413
2693
1862
2760
2435
2356
2874
1681
600
582
33
249
164
810
313
311
963
1900
1730
1776
1702
91
1340
1528
762
2663
2003
539
2633
848
2613
594
2075
2010
1697
1902
947
608
274
1748
2035
2000
1239
1101
2151
2856
2383
604
2069
107
1754
156
2349
390
424
615
859
1746
1775
756
2463
1130
2399
1222
1944
1413
612
794
1698
1488
2156
1827
1333
1019
2137
944
2761
1805
1922
1448
2555
2877
1762
489
1783
2110
2236
2185
31
884
2731
1297
972
1398
1974
520
2517
1909
2563
2689
2562
2161
2928
217
1467
2855
2482
1828
248
202
2813
199
2198
1696
573
1977
633
994
834
696
81
1257
1241
1021
332
1296
765
655
759
71
2112
110
2365
1277
853
1317
2541
76
320
986
322
800
1042
189
1076
2224
2088
878
2746
1440
2747
1837
1270
2017
688
2787
1980
1694
580
2930
2122
1615
2328
1541
1194
901
940
2074
2836
2764
2406
1509
435
1686
2526
1936
2815
2828
1084
7
2615
1425
755
1948
1707
1017
125
1747
694
2034
1160
2473
676
1540
0
111
2501
1325
16
69
2430
1310
1505
2710
871
1701
2684
418
1202
1374
1864
211
2015
1589
127
2511
1395
1346
880
1137
1054
1645
767
285
1502
1721
514
2767
663
733
824
1422
1066
195
1173
1349
772
2352
329
1343
1999
443
1548
2686
979
340
1918
409
2331
2343
1064
1357
1955
2397
2472
782
2070
238
1703
2768
163
2344
1305
774
309
2027
2854
1935
546
1572
575
278
803
119
1065
2796
785
1692
1780
480
2320
672
739
2459
1752
1322
1080
1033
403
402
603
1050
830
685
1710
2274
1029
1904
1803
2234
2735
2851
2852
1028
1433
717
42
1788
829
725
463
468
2534
1671
1851
1041
2461
421
498
2778
1301
388
2876
1161
1863
919
1741
1205
2189
1431
1525
1152
1035
788
2409
1036
451
2255
2195
2405
318
2557
2849
2120
2227
943
1610
2532
1371
538
2145
2130
2671
2495
379
51
781
2099
2498
726
2923
213
225
1480
2351
1070
2697
1184
2817
21
2066
2900
820
899
841
89
288
2831
2078
2360
1261
2456
2895
2680
2515
1670
2467
932
536
2033
1135
2324
162
375
333
1354
2520
1215
2173
48
524
749
2190
2168
2480
1250
922
2347
1853
2084
300
44
406
993
2378
637
2792
455
2310
1464
35
2371
1269
2072
2256
898
550
760
345
623
1271
2097
2909
144
563
2897
196
968
642
62
1596
478
2737
18
2674
1260
14
1162
1834
2454
1233
417
1460
598
2647
1402
1072
1285
319
2580
867
1493
426
2155
2373
1313
2907
793
527
1491
2400
877
2428
1826
1634
1908
1667
392
1969
1240
587
305
778
53
992
2925
2593
780
1568
833
1546
1557
851
1420
183
1385
798
2631
1798
1749
151
2457
2772
894
153
1843
179
876
1020
1723
1318
2673
958
432
734
811
2650
408
2087
980
2445
1053
1939
748
99
1025
2857
2627
50
289
1111
1454
2602
1097
2485
1226
420
2691
2081
2057
2073
104
2886
547
2350
364
1463
2496
2715
907
1423
2493
49
2241
2388
1771
159
724
1095
1847
2568
1592
1949
2261
2814
412
2297
1119
2912
1988
29
2929
2129
743
2740
2317
2696
2486
481
1835
2657
2556
1561
1739
1761
24
138
447
560
1393
214
1823
2744
2803
54
378
344
1793
1976
77
1850
651
638
1246
2921
1389
2203
1537
1388
2330
1264
562
2246
2436
2725
2742
2333
1687
1946
496
2885
768
662
2712
452
1597
2903
2361
2540
2184
1396
2312
2379
472
2621
2505
521
1228
1967
2269
2095
1434
2575
1968
1706
1669
2554
705
644
507
252
952
2756
1575
1303
1796
2873
2127
552
1689
1744
2664
827
2455
1553
2609
2668
2267
2031
2046
2061
1661
511
230
1898
2529
1339
60
143
1769
609
2690
650
327
2205
1920
212
885
188
1429
954
1665
404
2411
1122
1124
2612
2045
1531
1099
1276
436
505
2835
1081
430
1889
976
255
1718
2322
1998
813
1092
1570
1845
2248
946
1031
2042
2887
2654
2403
757
2638
1832
1450
2164
599
977
1986
1299
2415
2375
92
825
671
1818
904
2272
2812
45
2134
177
1970
1292
395
1943
1359
2497
2611
93
1110
890
2142
1195
2204
2393
2336
1649
1802
1328
1211
2915
384
936
2180
2111
1719
386
667
501
287
2802
293
1501
232
1709
1715
1844
157
1405
102
2662
2791
292
2162
1588
614
2465
2293
2933
2440
602
544
2560
2025
1614
1446
2221
804
1163
2629
25
1956
483
826
173
2314
1685
2869
2489
369
2182
171
2279
2809
2567
2271
517
175
2889
641
1319
458
2870
2150
96
1981
1462
747
855
2441
2569
2794
1625
737
1530
2508
2932
1554
1255
1812
450
197
1952
912
1567
1061
2682
1272
2257
1158
921
68
1585
172
1409
740
528
2587
1860
695
2353
397
2340
1543
585
1075
1494
1841
965
2726
1983
1383
2381
2810
1219
2294
1126
556
1517
1336
2423
1764
132
2827
714
1411
2476
291
1466
797
1829
1344
10
1866
920
150
2055
805
731
1731
1338
1520
298
2834
583
87
2655
2514
2675
1063
2427
359
769
282
543
802
597
467
2679
1516
929
2139
381
2286
1468
863
475
1896
2543
367
2704
896
2213
1210
1795
799
316
1947
2858
2421
1375
2086
1518
2518
260
2894
1578
1938
2642
513
2552
1963
1485
2700
2247
43
1435
2136
1940
1345
2391
783
2306
736
1408
1478
930
1237
951
938
2799
1366
1831
464
365
268
1997
2054
1555
2707
2914
182
2798
2166
2056
65
750
1787
1002
2601
2599
905
2426
254
310
2705
1390
1879
1711
1652
1156
234
2382
1216
1875
1363
1919
836
2422
596
1451
1288
1452
442
1804
2762
823
1565
227
2284
1382
2418
843
350
1799
261
416
686
112
1428
346
997
2816
2176
703
473
1414
569
1069
2287
2281
2332
1839
2570
679
1633
700
120
147
1247
2067
2432
1523
1606
2818
2754
1729
2509
1449
407
2050
2135
1820
1043
2782
2159
2507
1071
640
2535
2214
1926
116
2062
1007
886
2687
2167
775
1059
2504
1927
216
1641
996
366
1923
40
2177
1093
531
64
2808
1486
2376
1146
1039
2637
2200
1235
2757
1972
1779
888
2771
1150
1603
2636
988
108
821
981
1000
1713
1248
145
1253
1621
1852
2119
26
105
611
1816
2160
504
1801
1910
1364
1159
1760
1281
2021
439
1482
1564
510
1797
773
2008
459
2572
2408
1189
551
2296
2536
2872
545
1806
72
2850
2262
101
866
2743
2037
1220
354
1527
607
1579
2896
1121
1973
2549
526
360
529
2832
46
2023
711
2539
174
1341
2197
487
337
999
1164
2107
2899
1786
1208
674
2116
680
2608
1750
1459
568
1090
176
2702
1038
2172
1132
873
1849
861
658
1883
2326
1632
1763
2537
263
1880
66
2058
2080
2665
1082
167
1469
1664
1404
2492
628
123
2209
1848
2751
200
1658
497
1117
299
2935
2210
362
2738
1822
1626
2179
1931
411
1644
2178
1230
30
1619
1412
1316
1133
1182
1179
2362
860
559
716
1147
1165
2902
630
2022
1510
1648
1295
2290
2468
20
621
1068
1629
2577
2584
722
2734
2667
902
2519
2036
1456
523
1136
2407
2464
1206
321
1872
677
1107
1704
1335
617
2230
1424
1676
1049
2006
1636
1032
1294
2488
2098
1607
2414
256
646
738
2363
2634
1846
645
503
2019
1995
1438
2258
1871
1830
752
1599
1536
586
970
911
771
2192
1149
1200
2658
1876
1244
917
995
356
1498
1207
374
301
1323
777
1218
2109
1417
1587
1654
1074
592
925
933
1514
1836
1642
185
1453
2002
631
2591
2936
1840
1985
2338
1083
2413
1623
1773
1631
2085
2626
2510
2829
764
2733
152
1008
1348
1416
1907
2926
2311
626
2242
1534
1679
1720
1566
732
267
2917
444
2789
1279
2240
1232
2253
964
2316
515
1562
2723
1191
2367
1308
574
1407
710
100
1635
1306
719
2544
2709
2548
2800
1410
242
949
2212
2891
555
1624
2041
2359
1437
1522
2196
2438
809
1857
1256
2113
2345
2442
589
2717
2888
2600
1930
1143
2547
1227
495
115
2522
784
2104
647
1558
1337
1444
931
1214
2752
1583
2231
1376
2254
934
226
2692
1924
1549
257
2239
622
2863
2741
1532
370
2148
493
149
1574
1680
1399
1461
2433
1521
605
2105
1127
1777
428
1192
1792
2566
2315
852
2759
1552
265
2620
721
323
2719
2175
270
2132
971
1262
1166
2013
2372
2469
400
1196
862
2244
376
2226
184
482
1365
269
2940
789
2477
414
690
2318
2614
1176
47
2291
718
2068
961
1682
1960
371
2644
2169
2938
1507
28
2039
1138
2546
2183
57
816
1915
1656
2147
1470
2672
770
1040
2292
1129
2479
1957
530
415
2251
368
39
1512
12
1476
1030
466
2780
2141
1742
1392
2931
17
326
1481
2843
453
1314
791
1445
1929
2837
198
2605
610
1302
1245
1867
358
1331
846
2728
1781
2660
914
845
1157
2775
2387
1104
865
619
1513
1756
1128
2117
1465
2233
1584
1484
312
2506
1809
427
1243
2249
349
2059
2215
295
1115
2934
1785
668
1046
1013
2115
819
1705
84
1183
1890
1145
1659
2811
2607
692
1188
1312
1073
2551
1108
126
1772
1563
2337
2805
410
2793
837
290
2904
1479
1941
1620
2448
1051
67
55
2624
1602
471
2765
1708
1427
2018
2844
889
629
874
1884
808
324
1037
2342
2165
698
2913
579
1089
786
235
1091
2219
1545
2014
2512
19
1906
448
2558
2919
1515
460
2911
2434
1503
983
847
1815
2721
779
1380
1001
80
1391
1598
2076
169
2390
1888
1569
2513
1004
2763
2922
2661
253
1886
2207
134
923
387
2216
2064
519
2698
1893
2826
2096
2871
1700
2133
1098
2583
1471
1052
984
1736
2783
758
1951
675
141
2451
146
1362
2370
486
393
2736
220
247
1185
245
1994
1280
2289
2586
2048
1267
2223
1551
2797
449
2300
2334
1982
1800
1778
1170
918
304
2377
334
221
2348
1735
1953
669
1278
5
1123
2542
601
2724
1616
160
2840
1858
1112
1674
73
1370
2882
2191
2273
284
1078
1400
2029
494
2571
317
1490
1586
1022
666
241
275
570
2424
434
1810
850
2101
2581
540
2483
4
2683
928
2089
2619
79
342
1559
2628
2641
1979
1753
1086
955
915
1229
279
307
2777
2785
2786
618
1524
2325
881
1015
97
2750
591
924
1125
2309
1282
1767
276
2822
1628
2053
1355
1148
1209
2592
139
1102
2368
1221
2484
2639
2906
1758
1838
707
13
2425
277
1320
1590
1571
1426
229
2861
1309
1768
218
2395
2651
2416
2865
280
684
1611
1144
2603
1640
1992
606
454
2124
2163
1273
2450
499
822
870
341
532
1197
335
1045
1223
2500
1293
1094
2083
1672
2305
2121
1350
2
840
208
2729
1728
2276
1738
2830
1347
828
1745
1937
1377
465
913
2206
281
41
937
2630
34
1238
433
553
2739
2545
1577
564
353
2301
2128
2847
699
1155
2001
161
1717
2640
1186
1430
2645
2149
399
1556
1458
440
2594
1475
956
554
542
1722
11
2471
425
2553
844
339
620
2007
1605
377
85
187
95
2043
966
1167
2009
2125
2020
1594
2516
1397
509
2103
1483
1870
154
635
2892
1945
1419
9
751
490
2670
1740
893
1627
746
534
469
137
1782
1265
2252
1774
1580
616
2598
1928
52
336
1933
1881
2632
394
2617
1055
2703
90
2283
935
1290
1356
1550
2452
1287
58
2678
945
906
1324
1601
437
537
903
1814
166
215
1118
273
1096
1154
479
1085
492
2250
818
1307
2531
308
869
1266
502
567
2649
357
1593
670
240
712
2716
1006
2199
1576
1954
576
2722
210
1442
2444
1258
1833
2329
975
1169
1079
2118
2588
296
927
2065
2275
817
2321
2339
155
2047
1901
565
2270
741
158
2720
1912
1330
2396
191
2823
2170
2285
2713
2005
908
1381
106
2525
1298
723
801
2385
330
2595
974
303
1757
659
2824
2652
1964
2094
1508
1581
2727
1142
239
2307
348
1058
2357
761
2732
2327
1965
1181
2616
2071
2346
351
1251
222
205
1067
1560
2749
382
3
2845
474
1591
419
1457
286
2758
1327
969
678
423
1175
661
1971
1056
535
728
325
1060
1044
584
1342
1942
2807
2918
1724
2867
1765
259
2152
2187
2653
687
251
1609
571
796
2282
1695
1824
681
2711
2443
1784
1225
652
297
2530
477
170
380
1651
445
2146
1439
2804
566
1077
2364
1009
2201
1683
1861
2788
636
1106
1368
2559
2194
1978
2790
2277
960
83
250
1932
2220
892
1421
1842
63
518
2028
237
2218
1573
795
2188
2677
2260
355
2303
1
2706
306
660
709
508
895
1759
2573
897
1010
1732
1487
22
1151
2766
2901
1386
1990
1544
1291
2860
1712
2681
2908
1813
706
1300
1733
1024
2278
1743
522
2447
729
2024
814
2474
1034
991
2819
744
373
456
1663
294
2437
2077
1726
1443
557
2462
1639
2308
561
1905
94
1473
2449
2401
2898
2012
236
389
2669
422
1533
1369
1217
1637
882
118
1379
2538
2193
1005
2263
1321
1855
2049
1474
2622
2144
982
2245
2140
2604
864
130
2060
2550
1174
2335
1962
657
883
2040
998
1807
787
1026
2026
1678
1268
441
1789
209
673
1224
1373
1608
1499
1519
385
2890
1027
2299
2578
264
1418
1358
701
470
372
682
124
140
1372
1734
2748
1961
2222
168
2694
2225
1489
704
2676
223
2880
56
2174
1193
957
1012
204
2755
2398
1966
1284
6
533
1231
541
1114
2431
2685
1921
1684
2659
2392
2153
228
2579
128
2487
1057
2082
806
2402
1808
1751
113
1153
2795
2527
1647
2229
2753
338
807
702
74
2779
525
967
361
2280
1903
2038
1660
15
86
181
2596
2171
383
790
2268
1415
858
2910
1897
776
842
1311
1630
1643
1911
61
939
243
2355
1666
2108
1538
328
2298
953
1914
548
1109
2656
985
59
2848
581
190
1103
2011
989
1283
1899
2004
1975
1996
2714
753
2429
142
1984
2044
2528
1116
2354
500
2102
2859
1794
1877
2784
186
2839
516
2237
987
2585
1650
766
2635
973
2093
1638
2123
98
1535
2243
1916
941
962
2186
2410
133
1662
2458
1432
2939
654
136
1854
2590
114
2380
1511
352
1655
1934
625
2875
1819
1361
1582
2879
1496
431
219
2181
856
1360
1140
75
1047
1917
1506
2063
1891
2502
1492
1790
2773
2079
2801
1770
1859
244
558
283
180
2419
2646
1925
1791
2842
1856
812
1384
129
1618
1497
148
832
1714
590
262
2389

