482
1373
2578
1055
2392
2119
2770
2012
770
2420
142
2868
2561
143
1132
1284
669
1681
780
48
614
2428
821
17
2355
1611
372
517
1389
151
553
2934
2650
625
1689
2645
526
1068
2265
2133
429
831
1267
2555
1977
1758
2331
397
477
2389
1787
807
421
2236
2415
2851
1359
317
2436
63
2362
1940
2611
433
2005
922
2371
1626
1935
1216
1914
1666
285
1823
628
1846
434
2153
2194
2744
1763
404
2261
2023
1939
2258
2859
1031
1582
508
2438
2798
1667
2439
1531
2844
2458
2625
2443
969
2395
828
2282
1717
786
353
1988
2524
1054
2912
1175
1628
847
2540
853
1119
1106
1797
1174
1298
2794
908
917
1563
278
918
460
1111
1405
2639
2368
1416
2329
733
202
2461
1707
623
657
1058
34
2759
162
1073
2764
208
2189
6
1236
1815
2877
422
1559
1265
428
2587
2481
748
575
2166
1967
1725
1350
1149
2159
825
957
1648
1107
989
1916
837
1352
392
975
1263
546
1285
2416
231
1896
2905
2365
2440
2018
1262
159
799
662
2700
600
2882
1041
454
70
1406
1432
1851
711
987
7
2619
1778
1197
1614
204
1130
2347
1910
2684
1525
2253
794
723
988
2903
1749
2711
444
621
195
2176
1060
1584
890
154
1476
146
1888
1362
2801
1912
877
299
607
1931
1154
2858
2896
121
2230
2111
2407
681
450
674
1999
2900
414
1541
2026
2132
606
1862
1460
2913
964
2909
1349
1295
1273
983
1233
693
1789
84
2009
1942
888
1078
2740
2081
263
94
827
1713
549
2735
2556
2736
2549
1542
2030
1096
1429
2451
2666
2908
2807
991
916
2742
192
2842
137
1016
678
18
1507
976
85
2910
2531
1985
2490
2769
129
518
229
2836
407
498
279
424
671
761
1257
1733
30
2492
438
925
2686
2566
2482
2064
2810
2109
357
2177
1410
931
1836
2314
2370
2526
374
672
1640
1504
1488
237
376
1279
2113
1325
149
486
1179
1157
2000
92
2885
2387
865
2862
1192
2636
1190
1020
2813
1598
1695
527
2435
2763
2815
2829
692
1082
1367
2280
929
174
2933
563
2128
2581
620
2907
646
2732
1629
1754
219
1546
2048
529
1701
1087
2642
2521
2893
2156
2727
1374
1791
2095
1981
1966
2687
131
1870
2278
436
919
2854
1496
169
1786
2239
687
2536
2332
2273
2381
321
1653
21
1752
2229
355
1878
1816
2431
1006
2514
1275
1070
788
2795
1573
1241
2682
741
1714
2108
2198
2432
331
1180
2936
1022
453
1578
946
2678
322
1003
1336
2401
651
249
1844
2086
1188
1602
2358
2361
937
491
542
1071
1431
1445
875
190
1382
1289
35
2822
1513
1976
2671
2722
365
1974
545
2629
396
639
1739
410
2264
2919
1510
774
350
1799
2472
1759
500
150
98
1661
1088
990
1806
2309
2530
686
1351
1959
369
2421
2091
1099
247
2610
2152
1047
2793
636
688
887
1901
1996
476
1493
731
1622
1256
1946
33
2426
2857
1537
1482
1829
391
2493
660
1646
1166
2378
431
1375
1066
823
1040
684
2730
155
156
997
2222
2044
1784
1832
2448
2497
1059
356
1603
330
2782
560
1419
1886
2716
1304
2010
2437
65
1710
510
1887
165
2148
1700
1530
318
2321
2828
817
812
360
973
2350
534
180
539
348
1805
2509
1220
2538
1
956
515
2219
2477
1076
203
2516
385
585
2517
538
1167
270
622
1875
2202
949
1473
2577
1841
1986
648
1147
1025
942
719
552
2601
882
2180
1333
610
736
2632
41
706
2757
1736
1379
1548
473
2238
2628
1363
537
2155
2062
1388
386
848
1958
1612
1328
2479
769
43
1951
168
668
320
559
480
2141
2653
1687
133
1005
2020
1407
502
458
1409
81
56
712
1235
1139
1502
944
777
1486
416
1447
2921
1471
1813
666
1704
892
2775
749
2391
2510
746
1181
449
664
843
1943
1151
253
2617
307
2390
403
2718
303
1415
2559
670
2796
2040
738
1102
2776
2604
1889
2316
2847
390
1718
689
160
1711
709
19
1551
214
275
2379
1972
795
2413
217
2330
1571
2891
301
935
792
1224
703
1258
899
102
1892
2542
2006
1457
814
1356
582
2762
1324
2007
2680
2001
54
2738
2275
1100
91
1921
2874
1463
2075
1753
2741
596
1026
1483
45
947
721
1317
2850
1371
2876
1043
2162
1339
210
1319
1110
2336
690
910
2515
2924
2274
464
478
638
1053
2034
912
2035
481
1860
2100
243
901
1007
2346
1854
2168
2677
1882
60
2627
754
2476
1214
522
59
267
1706
1366
2312
1659
643
1472
1893
1641
1090
2231
346
1320
1334
2386
2046
1937
982
116
1734
1186
411
2647
501
676
1755
1825
1199
2179
1660
630
1145
1269
1427
2462
1386
1011
361
2263
1075
342
2752
1588
225
1456
1206
2588
2602
2243
419
1853
2579
790
1133
911
2272
1591
1811
2353
2749
2792
264
1029
1454
1809
2672
2534
2090
2802
400
2345
1928
1162
2545
921
815
1997
2164
1268
2608
2571
533
2756
2761
1259
139
1716
1191
405
2839
722
2142
1348
2883
1208
1446
2192
705
2886
2624
2270
2102
2248
2771
1547
1558
2845
1017
2190
2941
1744
884
2325
2376
115
2237
1001
2539
2513
977
71
2408
2094
2405
1412
2706
135
1790
402
274
1884
284
1449
2603
1610
2816
1292
1992
2186
2276
105
176
1776
1404
2731
2049
740
1240
1599
2011
2879
893
2688
2586
933
2299
3
2279
879
435
1962
2172
2444
2351
1857
532
1685
1728
512
2037
2897
2485
1097
2455
2051
1866
1923
1252
2058
1543
583
1458
2244
2157
2406
119
1421
1200
934
779
2525
2778
1633
80
1550
1779
1437
451
2197
152
2471
1435
898
2827
437
872
201
2704
2288
1572
637
1751
1803
2188
1451
395
77
1615
1540
2033
2224
2783
1760
2773
183
2427
2649
1299
287
1084
959
38
83
713
256
2714
900
1272
2676
1642
2915
239
161
439
1105
1094
1872
499
10
1091
1044
894
2889
1952
2047
2583
818
1305
1270
1218
981
452
1311
986
2504
338
282
2271
734
2557
993
1376
2466
487
2360
2340
2871
555
1310
2121
632
1307
343
2409
2441
593
371
1062
895
1501
2699
1217
1440
1215
1863
187
112
598
1924
658
1014
124
1210
1475
2463
1662
1527
2073
394
1229
384
382
1906
1883
2574
79
2384
2914
1280
110
2925
704
2021
2570
2478
1669
504
1553
2310
2283
996
1332
2228
2235
441
134
2753
409
1422
2024
1795
455
612
2134
2419
2104
106
2308
332
2266
2562
1474
1635
1840
2339
440
2865
2554
702
415
571
2820
1120
833
2425
1897
2447
1535
1699
2211
2668
862
1248
2852
1182
2396
13
2825
2326
1408
2750
679
1595
1323
1865
2484
1538
2003
298
233
1740
1134
1069
2423
2089
1395
2191
2898
2558
57
1596
245
310
1063
2057
1159
1498
257
2380
609
1316
1600
459
1747
829
1303
2129
230
2193
855
2167
550
2564
1523
2788
783
727
1842
72
2092
2080
800
1731
1987
1243
2518
2754
1155
1715
1318
708
2115
2173
1015
1647
2084
2079
519
2464
2928
905
1794
2074
784
1583
2667
2774
430
1855
302
2145
1858
1522
511
1618
2746
1380
2082
2864
675
2028
1286
2491
756
1691
495
1225
1871
1998
2548
2449
1665
2175
566
39
871
489
1238
130
1544
852
2042
345
2937
1973
1230
227
164
2029
1342
2926
2031
1724
1834
297
1568
1327
863
2662
1607
178
366
1392
144
1682
528
200
50
22
1185
242
2565
896
667
824
2199
1092
107
2106
1828
2853
801
1705
1008
2269
1260
963
2758
1843
762
773
1623
2755
2078
771
2112
1980
757
1131
408
1112
222
2635
1788
961
1796
698
1817
1414
2317
2630
1712
846
189
1095
1580
588
962
1644
1900
521
1597
2573
497
2728
943
616
1743
1211
2523
958
277
1306
509
2043
381
2669
1129
2739
2814
1425
2118
2319
2527
2295
2621
1301
747
1400
2644
663
1287
1399
1387
2259
288
2927
2418
567
1426
1708
530
1528
2550
845
724
1335
490
923
2098
12
58
1383
765
1046
1297
1337
541
554
42
2038
2268
2657
2206
2572
457
1822
2480
2467
2232
2076
1115
751
2016
359
117
2576
654
1470
2150
1508
2067
2223
147
191
1670
2923
743
349
1441
2116
295
1982
1927
1673
53
2110
1619
377
1222
902
2640
2209
1604
1193
2417
109
2457
1314
826
2895
2655
128
876
1746
1767
744
2300
1592
873
328
2114
2430
61
2323
1518
82
1505
1955
577
2338
206
2786
2643
2607
2890
383
2054
329
2144
2165
1637
1081
960
1249
1879
531
2899
524
924
2833
587
561
2410
2375
1038
1050
1677
1936
2848
2812
2499
2551
1766
358
1195
1849
2856
2701
1729
1077
260
2656
66
2292
626
2568
547
2251
2161
2208
1606
387
2917
456
1150
867
1443
485
241
677
2664
2855
2354
1608
1859
1864
617
2880
93
2348
914
2707
2333
1632
2356
1171
2597
2050
2352
2125
1519
1361
1756
1266
1672
954
120
1080
739
248
2207
720
2766
580
2367
1397
2290
236
506
2720
1810
11
14
889
1983
2806
1585
1237
820
2867
2780
2065
1495
1122
2088
474
1469
1781
379
755
775
2143
1833
573
574
1487
2835
1125
2382
1556
1153
1569
869
1461
265
2929
1721
252
2708
1552
2107
281
2878
1048
2689
1051
2195
2528
272
2938
2254
250
866
2646
2154
791
2284
2832
417
558
1160
2591
776
2412
2307
1881
1491
2281
1772
1891
2404
796
2315
813
2170
2693
2781
999
701
1509
1064
1732
1609
235
2324
629
1282
186
1448
2322
1852
1515
2022
2138
2547
1804
1360
2364
96
1065
2196
1769
1221
1954
157
1918
179
2849
1577
2
1346
1045
2487
2383
2446
926
1814
603
1226
2748
1499
1574
2683
768
2841
1464
2694
0
2665
760
682
1169
2039
2291
1702
984
2053
103
1868
1934
173
1564
1250
1247
804
314
645
2456
683
1245
569
1824
1231
2660
797
579
750
1002
1271
613
1126
86
62
2483
2249
2372
269
462
341
40
1800
1227
1148
2537
2305
484
647
325
2884
1381
570
145
2606
1202
556
468
2918
1135
494
2071
488
2210
782
1291
752
2250
2357
339
418
1079
293
354
602
1370
1261
1027
2940
2715
584
182
388
691
2726
974
2220
333
309
1545
472
1057
697
913
2397
2136
493
2787
1668
2349
1624
2059
2872
995
2294
97
1877
1605
16
29
1820
941
822
2068
2221
1485
838
2304
1929
1479
1264
447
466
1802
1436
344
2135
886
1198
1239
1960
163
619
1821
1978
767
1697
928
2931
1656
1562
1511
2546
2320
470
95
1127
2226
803
2712
1156
2685
1277
1009
1136
1899
1991
2821
772
891
778
2831
849
2453
745
413
8
2616
2055
2734
819
36
1693
240
336
2311
87
2414
323
448
1254
255
211
808
2674
2257
2182
980
2234
223
857
696
1313
286
363
218
290
1613
68
525
1434
1848
2502
1993
2262
2723
104
1674
897
1000
2819
327
2260
171
1466
920
735
1418
1869
2902
2216
2544
1172
2146
2450
1430
1850
1393
1517
868
548
979
1353
2563
1764
1189
1039
915
1902
1636
2373
1735
2719
1438
907
2681
220
2460
1385
611
1895
319
258
88
1675
1203
138
1649
25
2692
2139
2916
2661
1178
2267
1812
2342
1453
1655
2522
1101
2495
787
839
67
1995
1680
1745
1340
2217
2834
737
197
2174
695
2873
2615
312
1104
2240
9
2285
1621
1839
753
1911
2025
228
2840
2648
2171
2459
2008
968
2584
2214
2612
111
1089
2085
213
1989
1586
728
1302
1690
1920
1072
412
2881
2906
1394
2729
215
1873
715
967
326
1152
1503
543
2600
1549
634
864
140
1742
1514
1411
1979
1774
2870
2246
1109
199
1372
432
2302
951
1500
2399
294
1205
296
878
1420
2866
209
1963
578
46
364
627
1652
2767
2002
729
266
132
2215
930
2052
1576
2789
1793
2520
47
393
1975
2489
32
1663
1719
2096
1949
446
1915
2388
1465
442
224
1565
1021
1516
834
2474
2019
1398
337
2743
2233
185
793
1368
340
1953
74
516
2131
55
1459
289
1194
2623
2473
880
181
1818
2149
2200
789
927
1627
1477
1439
1905
2691
1741
2004
716
1761
2185
1274
1283
1294
2826
764
1424
2863
1170
2777
2658
2765
1566
568
1251
1845
1750
1950
635
1651
1898
861
69
2151
2328
1423
2747
1207
650
2935
2205
1692
1658
1369
205
2496
2500
141
78
1867
503
1575
806
840
1917
324
1161
2808
2402
655
1654
1354
2087
399
1074
2772
1201
842
2875
2335
2663
904
1835
2585
2017
1694
1837
2014
2698
1032
234
2626
2751
1124
1944
718
31
2306
2422
2659
2512
836
2532
1288
1396
2939
1113
1228
1403
1140
2622
2932
44
1158
2245
1880
2613
1686
2061
2225
505
2178
2147
1970
2506
659
1634
2163
633
90
707
1024
2124
1696
841
844
1123
1108
254
1768
1042
1357
1664
1555
950
1173
1444
1452
1965
1770
2470
1004
1118
656
2697
1616
1331
127
513
2486
2717
781
1783
710
2843
1364
2400
1948
2641
1083
2204
1757
652
2569
378
425
2618
4
1557
859
1808
1904
955
1961
24
335
2837
1296
1183
114
763
2318
1831
2103
758
953
2303
1234
122
1765
373
113
2218
2255
375
221
1932
2651
2709
576
136
2799
2620
2679
661
972
1827
2696
608
714
966
2494
523
2334
2552
1994
2575
618
699
544
2452
1657
51
592
1847
805
1033
2869
1034
2800
1908
2488
305
2041
605
2894
1941
938
581
798
809
514
2160
2293
2818
2498
700
2313
2429
406
28
1947
2083
1782
1738
291
599
1494
850
557
1532
595
1023
1589
172
2529
1650
367
23
2590
851
2289
1019
2398
2634
1468
1455
2519
936
262
2227
2366
259
1052
2287
1890
1964
1163
89
463
1922
858
100
1462
2393
1290
2363
2553
283
680
2811
1894
27
2543
1590
2760
1086
37
885
2609
1028
1219
479
1176
2036
166
2203
2298
2930
292
2183
2637
2411
2911
2120
1730
604
1698
2117
874
835
1056
1341
856
970
732
2344
2724
1242
1345
2187
1512
535
1377
2013
2860
624
1807
1390
170
1315
742
2560
1567
1726
246
2027
2675
194
2032
816
2888
1442
1520
1969
64
2434
1919
540
196
649
1433
465
1338
1141
1142
212
1358
2385
939
184
1722
2277
586
2374
2063
2123
1798
2093
2904
2296
1450
2069
2733
1417
978
75
945
562
2713
1184
1428
2541
644
2805
467
2337
1638
597
717
2097
1347
1329
1709
2341
594
2721
427
1098
1401
1244
1521
2779
352
952
1581
1838
2593
1984
2181
998
2803
1085
1144
1570
590
15
1930
1639
1856
2631
2077
903
2015
2070
1413
108
932
832
2638
2817
551
2594
1526
1688
2737
1117
811
940
2633
1049
994
2045
306
1196
316
1925
1956
2922
1322
347
1378
1253
2327
2809
2511
1601
1278
854
2797
1625
694
642
1137
1780
1645
2060
881
2158
426
965
148
1309
471
2056
2768
2377
2212
1775
860
1506
244
1785
167
992
1737
1678
1093
1826
631
948
2703
2598
271
261
1308
906
2846
1683
1938
1631
461
2252
153
1036
1187
232
2596
362
1723
1018
1300
2535
1643
123
1276
2824
2785
1138
802
251
2580
1489
1490
1861
909
370
1321
1146
2301
507
2394
2599
2710
2605
564
759
1830
1343
2507
2503
1909
2887
641
2901
589
1326
2359
2184
475
2442
1478
1903
1594
483
2745
2465
1255
1330
1037
2101
1121
398
2592
1013
2595
311
313
2454
2256
1114
188
2343
2725
572
1762
351
653
401
2126
276
2784
469
1971
2105
126
2673
1312
2652
2791
785
726
1773
2286
1384
725
1061
2066
1246
175
280
615
1529
2241
1103
2589
1128
2424
2567
1480
20
2122
1748
1676
308
766
1990
665
1561
520
1213
1223
99
1281
2508
1168
870
1617
1212
207
2169
1467
300
2533
2830
1484
1874
2823
1536
2072
673
2804
445
2790
1885
1876
1165
193
1593
268
1720
2475
1579
1777
2433
2582
1926
2403
985
1560
198
1727
1957
830
2127
216
2242
1391
1164
536
1703
1012
730
1679
2297
1792
1232
101
685
1355
1771
883
2369
2137
304
1907
2445
1620
2920
1492
315
601
52
1913
1968
2690
1539
1671
1630
443
177
1497
971
1945
2892
238
2099
1933
1209
380
1365
1554
5
2670
1684
2468
492
2469
1402
158
2654
26
2213
1010
2140
640
1534
2247
1030
1035
1524
76
2705
2505
368
1801
1143
49
565
389
1177
73
1587
2201
2838
423
2702
125
2130
2695
2501
2614
1116
591
1533
273
226
1067
496
118
2861
1481
334
1293
1344
810
1819
420
1204

