658
572
2526
812
355
1189
569
1934
2005
1384
193
2136
1290
461
1184
103
846
2602
2746
2486
2039
2439
683
951
1085
2734
1989
1467
2895
2794
1896
2386
1631
1523
2903
531
1157
2013
2531
1804
2059
701
935
826
472
44
407
619
2131
642
665
1828
2597
1543
2904
814
975
1126
504
2003
1380
2940
609
947
882
1311
410
1966
1368
2303
1337
1526
1969
1365
904
2316
310
1029
1191
318
2462
1247
1790
996
2785
2431
2224
169
1210
279
268
1041
2552
2380
986
1983
476
2294
2328
1102
1806
654
1188
2467
647
2521
411
1089
534
698
286
1244
2842
613
1479
2697
2862
2104
2360
2796
1495
995
2737
36
1476
2353
141
1159
1745
731
1563
509
1296
1406
1192
173
565
2884
2070
2641
783
1171
1859
2672
2529
1854
1640
602
686
2540
417
1865
321
1573
2222
1359
516
713
1149
1416
2130
2097
453
2419
456
2487
2219
520
1568
1317
1056
2245
2598
1438
0
818
1277
1895
967
1405
2764
1777
880
2829
270
2062
2409
506
2076
19
1058
1177
750
2673
1750
2123
1043
777
2273
950
2281
624
121
174
1995
2217
2838
1307
1281
140
2340
1407
1076
2063
2287
427
1489
1744
353
1917
1086
817
2761
1825
256
2551
834
630
535
2736
2554
2443
797
2168
2565
811
420
1294
492
1144
1469
2088
251
1473
2046
297
368
105
2361
188
2727
645
2513
284
1183
1445
2705
1154
1081
2693
837
1181
2178
240
1388
2715
2557
446
1596
2324
988
2079
2516
391
1792
2729
577
1706
2355
1459
971
1198
1562
1903
2614
441
471
707
1769
710
98
734
1946
806
1271
1722
111
2442
358
2244
2524
2719
20
2234
2925
1593
561
2122
830
1642
2886
124
1511
66
2159
1949
2337
2515
378
2374
1585
1026
539
1875
1047
1760
2851
1761
2590
73
1352
1120
2704
1705
909
1908
92
1363
406
1830
688
2338
1974
491
1491
2164
1877
1823
2233
912
1921
2241
1810
2649
948
636
542
1194
1963
1480
1869
1538
634
2426
175
2800
1541
2861
1649
2098
2313
2913
721
1708
1426
2253
864
2882
2403
156
1697
2856
196
1650
1331
1856
735
2028
58
1889
1770
149
1327
2798
2277
2376
2265
1601
1398
1124
2285
2620
2930
651
1291
2050
2852
385
1576
2792
2282
64
753
868
2637
852
2615
2457
1778
2469
815
2147
1786
1768
1900
2664
2191
1592
100
2119
300
1527
722
627
2433
930
1636
1566
77
962
669
656
2927
313
2436
993
1920
2092
583
2666
2853
2652
291
711
1433
2566
2854
2780
2482
2255
799
2381
1456
1404
1851
35
1410
2545
2330
2553
185
393
2556
2270
1411
1054
1111
1429
252
919
1083
2388
1897
2629
628
2511
1982
548
481
641
1428
1132
2137
1212
1343
2358
2026
1548
1796
1729
2722
2568
1764
1484
280
475
765
2835
275
2078
1477
2452
63
2121
287
127
431
1103
376
2043
941
1114
906
1214
2114
690
2260
682
1455
1361
2754
2293
2239
97
1847
1767
881
2060
2866
2692
2099
1275
963
1282
2679
2911
1951
1580
2454
57
299
488
2519
2910
708
2182
2493
1943
2550
1109
86
1691
1736
235
1843
2118
1246
2134
1839
905
2678
277
856
2677
1104
2642
2739
2408
2349
335
2544
2420
29
607
1846
2801
724
640
2701
1784
1374
663
2142
1167
2321
1602
1168
853
1413
215
1522
37
2593
757
1332
1338
2743
584
867
1521
1501
2887
1644
1067
264
1968
143
2706
1942
1430
412
2865
1783
994
2586
1620
2782
1661
2035
2857
232
2317
2045
1957
1330
1231
72
2151
2608
2318
1015
1038
785
2096
405
1013
1205
1785
1230
2120
1659
1629
1654
304
2312
343
2351
61
400
1712
2126
2589
749
2922
1113
1615
2894
1498
965
2290
552
282
15
125
2302
2757
1451
1665
80
187
598
2007
7
390
977
1578
119
1278
2684
1608
1669
850
558
2341
2918
195
1794
2093
2372
361
2846
2778
78
918
139
2612
2475
1375
784
1707
2631
381
2774
302
2689
1776
1409
1453
43
1884
2383
745
611
798
1442
2284
2170
2252
1116
1447
366
2644
1217
443
1662
1872
902
2221
2670
1611
450
1063
892
2236
854
2848
2466
1233
242
1841
2740
231
2455
1265
2583
223
1460
1922
836
685
2019
1622
510
82
913
566
2106
1944
796
2822
1423
758
507
2047
748
1186
1066
1308
927
2173
230
90
1703
980
1641
831
1873
1437
2288
512
2790
966
1685
1803
1855
429
281
1753
2627
1162
990
413
582
2276
1737
622
1544
1827
194
2523
1695
2662
1072
563
2023
1867
1301
2009
190
616
2304
2091
2006
2808
957
342
1283
793
2600
1539
435
2329
2640
1044
800
1618
2263
1885
114
2599
1958
2319
38
2198
1300
2113
137
2373
95
204
1323
2500
895
2184
1394
901
1448
2237
501
847
773
16
1079
1536
1055
158
900
1242
369
1084
485
2617
1475
221
1961
1978
1276
1070
331
2635
2512
2171
1354
2166
2325
2668
1588
1820
2428
1163
1424
638
762
2342
893
2906
1284
1504
1628
2817
1882
931
1589
810
152
920
1817
2575
840
54
234
1612
2250
1303
236
1858
2128
1220
1488
1435
790
1715
2546
718
2385
367
2797
2921
109
414
1614
1392
2789
1935
1975
2836
1743
2042
1112
2356
13
1087
2819
2504
1739
2392
954
1595
756
399
2150
2450
2247
2655
48
772
1832
1440
298
2703
2730
79
717
2348
1996
178
42
1345
2809
1590
2514
674
2071
1752
2571
2266
2934
1093
2161
1567
2748
2520
2072
1033
1075
1326
39
2712
1199
203
2576
2049
1616
2847
2675
1306
2267
675
1840
1766
1813
664
1692
157
134
1136
2081
1720
567
804
1443
31
463
2735
2323
45
357
2145
730
1603
1133
2771
1581
1295
123
2157
2100
379
2533
813
910
217
1740
1675
809
1088
273
2870
1701
246
2268
2127
725
2584
71
2791
1738
2548
1401
451
126
590
1336
728
2407
258
549
1318
1425
2830
2095
424
1890
1022
2579
2190
1269
1017
14
81
2111
2839
2061
916
2203
2286
197
345
1436
1175
2451
546
167
2187
2230
108
1980
511
392
1724
2331
2708
2518
2485
1431
2765
2402
483
1259
2605
1378
2082
401
1781
474
2711
189
2444
2818
2720
2909
2441
1833
117
1555
1518
2210
1533
2272
320
2687
1795
1344
2362
2694
2623
522
625
1508
820
2215
2034
2297
2714
1528
1329
153
396
1321
41
1829
1780
1179
2020
2585
329
171
1390
1254
1733
789
1853
2570
430
2398
1142
580
2826
2249
671
2788
454
26
1299
1694
377
1561
1036
585
1279
1355
2175
620
83
1506
662
2206
2115
1006
2522
751
2379
513
2015
1624
833
2415
2833
162
2083
2262
2384
2279
2058
903
899
2359
2041
128
1831
1907
1364
2632
1557
933
2517
168
1598
2036
34
1434
49
2421
2232
1878
1936
2167
3
2659
838
1129
1927
1439
2014
1979
2728
2226
914
1153
2773
1909
2291
917
617
2280
2350
2933
992
1237
1898
1690
2396
2855
6
28
2897
1586
769
1373
600
1493
22
1845
659
1560
1441
500
2738
120
2064
1034
322
1962
1945
2308
1623
1468
1483
1478
1211
324
112
2804
586
1680
2654
250
1226
1273
1552
668
1182
2141
2204
283
24
2087
922
130
1887
482
1993
1472
667
2710
939
2758
1901
2878
200
1726
2879
2000
1639
1952
1011
1096
897
182
987
2018
1164
2283
2418
2793
2371
1679
691
1808
1146
1516
1201
1258
2786
700
192
2656
2489
1530
644
2197
2868
1049
94
2174
2577
1558
1236
467
2900
260
832
418
2202
932
2242
610
1826
827
822
2787
1686
699
1051
2795
2876
132
697
2591
243
2011
2864
1482
1023
1579
1835
1765
1981
1065
1298
1950
1272
1559
2447
1421
1004
2702
1107
1100
1248
2315
363
2636
1797
702
1119
1849
245
2596
594
1292
2336
2116
631
2427
2750
2390
2937
524
1496
1888
915
2446
1815
382
1202
2031
1583
2292
805
940
462
2366
449
538
1714
828
655
678
1069
1018
1208
1811
704
497
2881
2680
478
1850
576
2453
2301
1371
1802
2707
2890
2880
1297
1605
319
2289
387
1842
2400
571
924
587
2158
1985
1919
670
325
1274
161
2089
17
2305
69
1540
1721
2919
2625
1998
744
775
147
1180
2917
1145
1203
1037
1356
1964
2676
1499
384
1170
224
2588
1052
2935
1874
976
1348
316
843
354
537
18
541
964
1852
60
2306
2108
1315
635
1871
445
151
2505
2144
1844
1626
575
1551
403
2802
945
2394
2432
705
102
733
2573
5
2639
1229
1556
1235
344
2138
480
1866
1304
1941
545
2760
1073
923
2124
1633
2633
2479
1916
884
1458
2240
2332
1741
1040
290
1819
2430
2052
2561
1801
1730
2460
1569
1570
1138
740
1531
1643
2767
938
1520
110
1386
1549
1553
166
554
1027
1095
2387
364
1572
1389
2434
2821
2382
1319
1497
2828
841
2650
2874
1648
2411
2542
1105
1464
2928
1414
959
525
2032
371
2040
1161
673
1713
982
1358
208
2744
272
477
2066
2845
327
2781
285
1190
1003
2044
2601
997
1391
2721
1834
1019
2938
1314
1821
1293
2228
2700
1420
739
1938
2146
2218
851
2413
732
1250
2832
689
1742
890
1046
1862
2630
2498
2503
2365
2156
1285
574
1683
943
2732
227
1176
2139
570
968
2594
395
1252
863
2231
1349
1000
1108
1454
872
652
2559
844
2481
2025
2363
1172
637
1870
2610
1169
2075
2759
515
643
1465
1362
1008
1514
87
487
1115
1546
2465
1728
2335
768
1289
216
555
502
423
1255
679
2129
604
113
862
1663
1704
1600
301
503
2837
695
946
1904
330
2269
1698
803
505
46
1926
326
1196
2080
1699
885
726
595
2309
1718
2027
96
2492
743
2194
2181
2199
816
1385
2054
1746
2528
517
1002
8
155
526
1064
484
1446
2645
486
2723
1369
32
317
333
2037
1757
2536
1763
2538
2844
2048
807
763
1635
1632
1312
2741
2220
972
2555
551
1057
2688
2647
521
596
2412
1779
2915
1339
681
2016
1360
397
1672
716
1234
560
2033
603
1932
50
1357
1613
1135
597
257
898
1574
129
2326
2901
1216
2941
293
2437
2749
1883
1755
2825
2543
440
2135
2458
2055
1913
1503
415
1658
249
648
148
1187
1771
2716
2153
1754
633
2564
352
2926
1325
135
2872
33
2595
2300
2320
961
359
295
473
1256
2477
921
536
219
1346
1353
2077
1227
1032
1762
1774
1039
1091
372
2770
1125
1905
2069
2256
1630
2257
2494
2696
2393
614
2346
723
2619
1320
1024
1606
106
1848
523
1988
2216
2021
1666
1751
2580
116
2537
1031
438
2592
1444
422
2468
742
1597
1082
819
969
1204
1512
1030
1148
2572
2377
2484
2717
2896
10
2180
1432
1673
1059
2008
347
1222
442
738
398
1340
2201
332
262
2889
1584
1213
394
527
1090
1280
1727
755
861
1151
1682
2769
1868
496
2143
209
1215
433
62
1395
289
2820
1267
2172
1582
870
2618
936
1035
265
2867
2094
855
1078
1118
2624
1155
212
1607
2563
1310
307
2888
1621
1461
1232
118
1077
848
490
1288
1397
958
11
1166
2663
184
88
2307
2149
529
1939
1791
305
1930
2193
714
177
1050
680
1010
341
1809
222
1564
1001
2674
469
2604
2643
1053
2763
1609
2683
1646
2258
540
1245
891
632
374
1106
2395
1402
1940
388
1824
2841
2456
2152
2074
2067
498
1700
2440
479
468
2295
1262
2905
278
677
2695
1328
1857
2766
1302
706
172
1657
2863
350
1910
255
709
712
101
1977
657
2891
52
1160
115
2502
998
76
2581
737
2189
2724
1240
1101
1012
1068
1071
2352
360
159
1418
2473
1775
228
1251
179
1028
696
75
2731
2117
1838
752
887
2768
1206
229
2435
2208
1060
1466
929
1647
2414
1550
1542
767
593
2755
2811
1137
1881
1933
2929
1731
1599
1664
2251
207
1972
2699
1099
2417
2924
1571
788
2742
776
267
1748
550
1367
1535
1529
1651
1756
1178
1372
759
694
437
626
579
2002
2812
1984
1604
1200
1725
428
1130
557
2671
2507
1025
2892
741
2399
1257
1800
266
2726
56
225
953
2873
1668
2698
2578
786
380
1960
365
25
629
1150
460
1637
1379
1381
747
303
1261
2401
2416
2188
2470
181
40
842
2713
2745
2691
2525
1717
2923
276
2125
849
180
2490
761
960
1990
2527
1902
2549
2022
1837
1427
1207
1709
2816
1263
983
2196
1759
791
1156
2669
556
1893
2344
1403
1462
2753
2364
59
2496
1507
2024
89
2200
2296
1625
404
2501
199
2474
104
860
1117
2803
2653
937
1807
1892
1517
873
122
2834
544
1223
955
220
766
2849
2132
956
53
248
2165
448
470
247
2369
925
653
2424
720
928
1997
1238
1141
2448
2626
311
2898
879
646
2391
2582
1634
1193
736
615
2840
2756
294
2314
792
432
1782
2010
2101
1711
1422
2339
1335
1816
981
608
1419
1594
1225
9
2823
1185
1772
67
1219
1316
499
254
2660
346
591
839
2322
1009
84
2718
2772
107
858
271
877
949
2068
1681
2012
2406
1799
1805
1627
1042
1891
142
1899
2827
426
1906
1062
2445
2160
1937
703
889
1789
715
606
1716
1931
1787
444
85
416
2238
2567
308
559
894
2667
154
1266
2824
2574
4
2057
2051
592
2299
2343
2603
1470
1687
402
578
835
865
27
2621
973
170
2205
12
191
1861
1322
1971
2622
2685
660
553
2107
1351
2860
908
581
1092
2562
1923
1509
1973
30
1486
1173
2899
2682
198
1879
2227
2017
164
1471
1876
1836
1080
823
2875
1719
1513
1953
2056
1500
1324
1510
754
2939
1253
693
2776
239
605
315
2648
649
1696
1016
336
1005
2367
1918
1970
1134
1994
1822
1525
1383
201
2893
2806
869
2085
1911
214
2558
2634
2920
1412
1610
2176
1449
2243
1305
1393
1670
2030
2261
1965
2148
183
2259
623
253
989
314
2103
944
2690
163
934
1123
2405
2497
2271
237
2658
269
493
2311
547
1450
409
238
2587
186
1732
1886
1818
2333
213
2541
2611
1140
1228
857
2547
2799
99
2883
2133
337
1309
2334
2229
661
564
1671
131
1534
825
1131
794
1387
1147
1677
160
2560
1347
1139
2110
588
1956
2902
1490
2368
421
974
211
2912
979
2410
543
2628
999
328
244
2235
1342
348
802
1400
1864
618
1959
1370
1074
1143
568
970
1287
1928
1165
1656
218
351
2869
55
1880
1463
1948
1655
494
386
1399
263
1264
455
2185
2661
1914
2831
1
1524
2140
2709
93
1554
878
2850
2733
2354
1366
2438
1674
2914
1415
1098
1020
21
1021
2105
875
1688
2506
1492
874
1494
1350
2404
2102
1061
2936
165
2508
2638
1545
1702
942
2195
1812
888
1798
1014
2459
261
2211
2916
2777
419
1747
2154
2004
528
210
639
508
2858
1954
138
1239
339
1218
2345
2807
1660
1452
1417
309
801
489
312
146
2029
2877
2609
978
1925
2357
2681
1268
1241
2535
226
2931
1723
145
746
1094
719
436
2725
2843
573
2425
2212
1457
2422
1249
1915
1481
601
829
1532
2423
2810
2186
68
1243
781
1912
91
2646
1221
1999
1652
2298
2278
1197
2053
205
1097
1591
2163
1519
2464
296
1474
2275
323
533
984
2086
2530
1575
2347
457
1814
2859
362
2885
2495
1793
370
672
1174
2488
1617
2209
1955
1788
2
2813
2665
1565
1045
65
1860
687
760
1587
1007
144
1678
1313
2569
464
2471
47
2169
466
51
1638
911
876
1270
764
1619
1577
2213
2274
2375
883
202
2264
771
2463
2814
787
2389
2478
2805
2907
770
2084
2775
621
2397
1341
1515
1894
2378
2815
2783
1667
1408
1537
1121
1734
2657
439
1334
1689
1547
2751
2223
334
2532
1152
599
518
1377
1653
241
1209
2155
1976
458
2747
2073
2461
729
795
1286
1924
356
866
425
1396
176
1967
650
2476
1863
692
1505
2179
2686
727
1735
952
859
389
2065
779
1986
514
2248
375
774
2370
408
871
2932
2510
2254
2483
991
1676
2429
808
459
845
1773
2606
821
2109
288
373
2762
1122
70
2509
1684
1127
233
2038
2001
1376
1749
1991
447
2539
1224
465
926
2480
2225
2449
2499
778
1929
907
2472
2310
1110
338
1485
495
452
2752
306
562
589
2162
1992
780
782
274
1693
206
2491
1382
1947
136
340
2616
150
2779
1333
2214
2183
2192
1158
519
434
2090
684
1502
1487
2534
1195
2908
2651
2784
2177
1048
2246
676
74
886
349
259
2207
532
1260
530
23
1987
2607
896
824
666
383
612
1710
133
292
1645
985
2871
1128
2112
2613
2327
1758

