763
2802
2898
135
1457
1494
1466
2564
828
281
662
1574
380
2002
669
325
2726
1767
765
2536
1586
1298
1967
2433
2085
387
675
488
495
456
2136
39
1012
824
376
1926
600
994
729
2400
798
2568
904
644
1927
2128
1157
2066
1861
1016
64
344
1564
2140
32
2481
2795
1650
1946
879
2350
679
1632
1538
1448
2319
1799
2475
725
1629
2617
2621
1077
2640
1736
1382
2588
1228
2671
658
606
1758
555
2184
112
661
59
816
1798
1718
2375
1333
2913
1743
1321
2329
2364
631
2422
1988
1193
1898
2021
294
2009
223
210
1544
1905
2669
222
1171
2877
1531
2487
1866
2915
1377
2049
1820
1044
260
2719
2474
2755
748
2226
70
1493
2295
2279
1996
2043
2175
2126
2288
968
800
1175
482
2859
1075
2267
1815
146
450
318
595
1545
1917
2916
2091
1374
2189
1071
1284
2153
2000
66
1381
1410
1263
2557
119
1370
1105
1341
1234
1181
1889
1390
1633
2559
1392
2498
1362
1514
339
2695
489
347
154
306
2526
1834
460
1041
2861
676
2601
533
133
490
2420
1985
755
841
2020
519
168
882
1183
2566
927
548
1250
431
2421
2138
2392
185
1793
1030
2055
826
5
192
909
389
1707
716
2685
2149
1150
2782
2935
13
462
1879
2017
1974
686
2650
503
2733
625
2674
650
692
19
707
118
2031
2346
967
2693
939
2563
320
1091
2781
14
1006
890
2614
2220
379
1713
607
2508
1862
1716
1880
1450
1992
1919
1467
797
2535
1515
436
2367
1949
2882
1757
2232
680
234
1497
1338
1910
1418
2645
1039
1008
500
508
963
1372
2629
2466
782
671
288
1998
1359
2657
180
1618
293
46
71
628
2899
1285
215
2026
2876
2200
2013
1750
2419
876
924
580
2632
632
865
1475
2823
22
1922
235
568
2106
1327
2386
1691
31
1506
1182
2911
2808
1162
1904
605
1074
2176
221
2538
368
1989
1721
1719
434
2313
2120
2715
199
1059
100
961
156
1177
1557
2439
1401
2289
2398
1727
2157
356
681
2278
1588
2048
2895
2502
1451
2110
2922
1678
1311
2
2517
2806
493
2939
1329
128
1666
935
610
2041
2326
233
2426
1899
2325
342
1527
1436
806
386
2264
2690
2497
993
373
688
950
2762
955
2142
1978
2042
324
1855
564
1214
1968
461
652
2510
2925
420
2244
528
2723
1896
21
1380
2168
26
2593
997
99
335
2792
332
2322
1129
1597
1839
305
2585
2570
1369
2249
7
1213
2088
1840
2093
752
2569
1534
2631
2460
1976
2651
770
529
383
51
330
2229
1711
2287
2871
1637
1875
1216
2646
1521
2242
2506
1975
1584
1431
2334
227
2068
2187
945
720
1449
2266
1337
1078
2374
1945
1568
532
2740
2790
1772
396
1903
413
2804
1621
1398
2387
1257
205
253
1114
2379
815
856
2941
1709
2826
1955
1525
1802
1613
525
358
916
2211
1032
1419
584
2368
2445
2772
2206
1954
1058
2765
2177
148
1293
1350
1209
423
1914
2912
2348
819
2207
1512
2408
2902
1595
892
1020
2159
1132
599
291
2555
338
2306
1229
1536
298
279
451
1316
2014
972
737
1940
1800
759
1608
343
506
2004
1108
1836
758
117
1064
1022
2834
809
2173
2034
1460
457
634
1411
2501
1196
1336
1610
2583
2253
1122
116
1388
2856
1583
1728
2691
1797
1299
1355
734
581
710
1913
538
1520
1420
1770
520
946
2394
10
1821
1573
16
336
1765
2824
2061
1669
1901
2730
864
2832
776
834
266
1277
139
2857
114
499
2572
2114
1241
258
780
1801
2056
1342
2224
1959
1947
251
977
1072
1092
1627
2611
204
689
1823
1344
2677
2252
2011
241
1605
1300
2717
1995
630
1784
1668
2586
2261
574
2814
773
1863
2741
905
522
2938
891
1845
1367
526
2547
123
788
2729
73
1485
2681
718
1693
1345
1653
585
1591
1726
197
1237
1495
1118
665
1252
2725
1587
125
2424
439
698
2906
1715
1167
573
660
24
408
1611
1753
446
811
1057
1432
409
395
433
2296
1353
228
2245
2410
1504
1384
1700
1747
2663
2391
2044
893
736
515
1423
410
2372
269
2483
554
1730
2156
1085
2458
2746
2276
629
552
483
2231
1566
2023
464
936
1972
1089
2873
198
414
1528
1635
61
2090
2675
134
2274
1248
822
2539
1430
1462
262
1212
2201
1063
2622
1314
1144
2627
150
2638
1269
2842
2886
153
1852
1383
2656
33
60
2052
1288
2040
284
2491
1649
2866
2847
1307
810
1655
2531
106
2698
1490
444
783
575
2518
1013
1357
627
1267
2205
277
2469
2219
2776
41
124
1218
2596
2180
903
1454
1833
1853
2534
850
1482
1499
1060
683
1643
2521
248
218
1942
2247
2338
1553
1931
2780
182
2236
162
1366
2162
594
2754
1541
1657
874
2845
1123
2897
2233
1885
578
247
2528
2841
1505
2552
1413
1070
2678
1735
1620
1405
701
20
440
214
1993
1275
785
794
1592
2887
2383
645
2591
2609
2624
2784
638
2118
656
2558
2599
2075
303
611
2896
297
2575
2083
1139
1254
1161
1207
2515
1308
639
2537
1552
2389
1829
849
2015
2230
2926
621
1266
2160
1247
2791
2096
2297
1612
814
1842
1019
1235
1245
2589
2748
1210
2807
103
988
1453
224
2199
959
1052
730
485
1339
2927
881
992
2384
1368
767
165
703
2053
505
1422
2005
2081
2327
838
818
2809
1483
1923
390
566
973
2492
2829
981
399
1812
2777
1705
2454
147
1191
647
1590
1318
845
1049
1725
1236
964
331
987
2417
2714
2133
1897
2937
2459
2181
2089
1098
1686
1683
659
1664
1685
1737
2376
350
1096
2584
937
1962
2532
2626
2923
333
1452
371
261
1805
68
1675
1838
1283
2263
1023
274
2489
2707
2385
1547
2560
2679
569
2301
1803
1322
1871
1912
2718
1598
2701
1187
2215
793
1961
1792
1043
2928
2456
2003
1371
1273
1915
1278
2615
812
1024
1056
354
193
2684
2888
1524
1641
928
78
2221
364
1256
2793
868
2667
1938
1194
2753
2844
745
2519
299
2370
1874
753
391
2427
2864
857
1219
2388
1315
2811
2254
2738
2012
1582
1444
1673
965
570
1396
1704
1987
1076
1877
979
663
2527
2901
428
341
603
122
87
829
601
687
2183
2214
1663
351
1138
1579
1535
983
2146
1854
355
1648
1050
1404
825
1358
941
1412
1891
912
1153
666
1752
1780
2705
2237
2058
817
744
871
2285
672
2600
267
2545
2340
2590
1869
1957
907
613
764
1500
1230
1818
2362
1619
1517
897
878
2891
813
2819
359
2070
1749
2309
1651
982
1606
1389
435
474
1886
206
739
296
53
1455
1080
113
1625
402
388
1676
738
1895
2337
2598
1496
1851
1291
1576
2425
2830
2411
833
1789
1290
2069
102
2363
2833
2855
2453
1255
623
1604
1551
2577
545
1559
1634
2299
1656
1742
2076
1498
609
152
1474
458
619
316
2305
2463
1068
366
2046
1109
1271
136
509
835
1762
2878
832
1151
1562
889
1093
1555
2145
873
2293
259
514
837
1051
1406
65
1937
847
2213
913
1111
694
2499
2414
2803
2135
1375
1265
2203
760
300
1102
2155
1223
2894
2045
1864
1125
677
2642
2769
1142
2468
1103
1395
1280
747
1561
2637
1894
586
2324
1960
2154
1776
635
2920
1872
2852
1095
405
2612
1511
1723
577
17
2431
1644
1081
855
334
510
1916
2163
653
1911
1688
1848
1305
2300
2816
1826
249
1828
1309
2853
2683
615
308
1533
34
301
101
749
2257
1513
49
2673
1791
2702
1617
1948
958
2828
167
2354
1025
1647
255
1440
2892
1622
271
88
2676
1507
478
184
938
908
888
1850
952
62
2686
2097
232
1952
2291
1943
276
1034
2361
1571
1225
1526
2204
1788
448
702
2504
1360
728
906
930
443
1908
1893
1706
171
1158
713
1159
696
195
1950
1356
1010
1286
144
0
1601
1603
63
2639
823
4
2486
2178
1537
1994
2104
1702
2688
107
295
537
1486
403
2030
1508
1415
562
1003
2271
370
1190
2867
2366
2195
1984
1677
1399
1722
640
1884
407
1160
2608
1532
2073
429
1011
1312
960
556
1126
1963
169
1323
183
684
2473
8
1941
1813
287
790
1281
190
1135
535
2692
1775
1226
1031
2775
201
1981
2903
1220
1127
1002
1831
329
84
2077
1661
1979
1180
363
2450
1199
1310
715
2079
1253
1211
417
1966
691
416
1421
1203
2742
1221
901
2731
1169
646
2654
289
2848
2770
6
880
280
2592
604
2202
1427
2107
1264
2493
1502
110
243
2796
2283
97
1456
579
2786
1393
2561
2495
612
1352
2415
1391
1680
1662
109
1279
1376
140
2351
726
1652
2885
2607
2735
2727
175
2909
25
2549
2430
954
2193
2315
256
2465
934
1295
1548
1768
1766
55
2732
2262
1184
2312
2522
1470
2787
1674
2815
1400
513
1540
717
400
1145
304
2670
2573
465
2094
1816
2246
2390
173
2396
885
1268
137
1426
820
840
194
240
2429
518
1565
2883
2235
1137
866
77
346
2604
836
2102
2503
943
1689
899
863
2865
121
422
2653
2628
969
779
799
846
2130
1516
989
1192
2446
933
252
498
45
2940
1387
2455
530
2623
1243
563
302
57
2514
2763
2057
2869
2488
1262
2619
2022
2587
2412
1616
352
670
2602
766
2196
1744
1589
2281
2582
620
1094
2064
2217
2660
1928
1794
1980
2464
751
502
1170
2664
771
1724
1084
1567
230
2689
1626
2820
2008
1529
2785
1107
2054
614
805
1215
808
2029
1120
2443
158
2413
2369
2216
2744
2332
789
1819
487
1179
2706
709
2694
1354
145
163
1435
2393
1349
1325
1814
2098
2406
381
848
2659
560
1134
2797
917
668
995
2687
2543
378
2565
539
546
2282
1176
2341
2050
2620
2581
2709
1340
1478
2292
2496
1274
453
735
207
887
940
1258
784
1276
565
18
445
1832
452
2071
1409
1270
42
1116
50
178
2774
527
1112
418
1830
1810
2113
2562
1054
2269
375
2342
804
1774
2265
415
1461
1424
2516
2339
1425
2436
712
2373
1000
2874
1779
2194
733
2381
1326
91
43
2174
2840
2284
592
1658
2125
2028
2716
1645
985
1624
1473
1883
1208
1439
1018
290
2789
2442
1510
1973
2556
2333
481
2914
1441
220
1503
2355
1638
2403
902
1086
2103
1445
1364
1301
92
1373
2294
2273
2035
2228
524
2356
1965
2934
2317
2917
2799
1844
2613
2764
142
365
1233
212
1934
36
768
1856
231
1771
2321
2451
310
674
1227
2112
1731
1835
2936
1581
2277
2007
2127
1847
2067
2606
704
2507
236
1593
1224
187
2752
1471
576
1710
543
2773
1141
2900
1825
2001
1048
557
2696
2643
1741
1873
1865
921
438
1697
2721
2060
2918
1198
2647
28
2399
1442
1692
2124
2059
209
803
419
1827
1607
2105
2766
898
922
155
544
740
2700
2343
2438
2441
984
1106
2258
1795
1476
2314
2513
2268
1330
1397
196
2307
151
189
761
1334
862
2751
2697
1890
1837
2544
1756
2524
1133
2921
412
956
2576
326
1343
1282
801
1782
781
1480
2655
1046
470
867
437
1417
471
1446
1684
406
1140
2603
491
2092
929
427
1195
2434
1570
2047
1202
991
2665
1733
1560
1053
238
132
2377
1746
1990
2212
975
2062
643
1037
777
2471
2147
1005
1296
894
2259
2597
1097
1748
2208
844
778
337
348
1124
2016
854
2595
1026
270
216
2512
1189
283
311
105
2666
957
1701
2734
149
2347
919
558
769
536
1577
353
1817
1200
2122
1868
447
1783
1428
512
1523
2494
1646
321
541
85
38
1600
257
2051
393
2241
1001
1665
1909
2722
1925
2428
1542
721
2032
2099
792
2010
1694
953
245
2169
486
1918
978
540
82
549
442
250
244
1463
1073
1690
762
673
2039
1154
2270
477
980
2418
454
1672
1297
367
1558
690
2018
2311
1136
2767
1067
467
1623
2661
1580
925
2817
2395
1932
2553
2858
47
2275
2303
1403
2134
2164
322
602
425
590
120
1121
869
1240
791
1335
2529
2371
678
2831
1698
2708
1217
1870
2158
2188
1088
2116
2019
15
177
754
1900
83
1639
1615
2115
2743
164
974
1292
1554
861
441
203
398
1654
2523
345
1876
722
2794
1130
1082
2137
2260
2256
2511
2525
583
2618
1953
2192
1575
1147
1021
1682
830
2550
394
1808
1734
1740
648
1804
72
1787
926
695
664
2033
1468
1958
531
2849
637
1458
2907
2881
2024
910
1640
1172
2779
67
129
69
542
1113
2036
319
682
1809
2440
360
1294
1090
1738
1408
884
1386
263
80
2234
161
1642
870
685
1543
1720
622
273
966
970
746
2838
2349
397
2649
480
2930
2771
2818
1302
1781
1351
827
313
2397
202
2190
2737
741
1379
1602
2711
2933
2345
1778
497
23
2813
1128
999
76
550
2910
426
272
2739
94
2812
2423
1166
553
484
2330
374
404
476
1038
2758
1997
459
1930
361
831
2884
2728
166
998
1699
1519
642
2476
1484
27
1204
1429
35
657
705
843
2209
1119
265
2444
990
2846
40
1201
2227
2171
587
2682
2129
44
1186
1244
774
2139
772
2863
2065
2302
1556
1754
3
1407
872
624
2889
1732
2905
1378
30
130
463
2290
315
1459
2509
2132
1414
571
654
2616
1069
1659
2540
2179
1115
2197
126
2335
1100
328
591
1636
2286
996
1764
1790
2308
1061
1761
616
1040
278
2542
2117
1004
2520
2929
384
1289
93
1999
1433
2574
2872
948
239
1924
2186
2150
2470
1055
2404
900
2652
430
1437
2931
143
2080
1346
756
1596
2633
275
1331
74
1631
1017
852
2352
2541
2893
2699
860
1546
1929
159
1569
2063
1042
1065
1083
1
1464
1660
1522
1785
2448
1739
1438
58
796
786
2680
2479
1906
208
2239
914
111
2837
2919
2166
551
157
1708
1539
2760
859
2161
421
1261
229
2025
1066
2825
1695
2827
547
1630
2908
2932
1163
2185
962
504
268
883
641
1324
2480
2625
2198
292
2272
842
1760
2452
742
2567
2357
931
2759
191
2172
517
1047
1402
176
1416
895
1259
9
2605
1117
372
1971
2416
312
821
2121
1986
2218
1712
719
2432
1028
2435
2798
1347
327
2316
2084
1679
264
915
986
1014
2862
2648
1887
2240
877
1982
2783
1857
12
2006
2720
1328
2082
188
1363
2472
2880
219
2704
1306
1479
732
1319
2485
2635
2505
2630
743
2484
523
226
750
2712
1007
141
75
2668
839
1935
2672
377
1178
1858
2644
1361
2467
2805
1348
608
911
597
469
2331
1777
1549
1488
949
2344
2634
1197
1759
1755
1465
807
947
96
432
2382
2152
115
1509
1881
1492
81
2551
1173
1447
1481
731
1317
2868
1849
479
1530
886
89
79
1769
217
2810
2101
2843
1332
2100
317
2756
1009
1232
1029
1936
2402
401
29
2191
2143
1027
2904
2594
2801
1101
1246
1033
2839
2724
775
1249
1188
1920
1671
649
473
2477
2407
369
2447
1035
1563
307
1614
582
559
1231
1681
2095
2111
561
131
1320
2223
2641
1165
1786
2571
1550
951
2222
1628
2836
1385
2437
923
1205
2336
2578
699
2821
1703
2170
211
309
2037
2658
1469
2167
932
1036
1155
1079
1951
411
723
1260
2457
172
706
254
724
1572
1110
2144
170
2353
1087
2255
511
1131
1168
174
1983
516
1878
1811
52
1518
2462
617
2736
2449
179
225
1822
1763
697
1806
2710
2850
2165
1222
920
2038
362
475
896
1099
160
2210
349
1969
2713
127
2109
2749
86
589
1939
1944
851
2358
2401
1859
385
708
1487
1841
2879
1365
976
466
1272
534
655
455
1015
2078
37
1206
213
875
2636
521
711
2662
138
98
2250
2405
1964
1991
2086
1843
727
942
56
242
323
1860
200
971
2778
1751
1443
1143
2854
572
2360
1313
1164
1045
693
1907
1670
1148
2800
2703
54
2890
2123
2365
2580
2298
357
2745
2182
2141
314
282
2500
1304
496
2074
1149
588
11
700
1185
1477
1956
90
1599
1104
181
2851
1696
2378
1714
2747
507
1152
237
246
2243
1796
1239
2359
424
2280
1287
667
853
286
2251
2546
1594
714
1892
2318
651
1303
1745
2304
2757
492
1238
2248
626
1156
2380
1578
2860
802
2478
944
1888
2310
2530
2835
795
2027
1242
2482
618
2148
2238
1882
787
2822
108
468
2490
1824
2461
2579
449
633
2924
501
1472
1687
392
2788
472
757
1717
95
1609
2087
636
2119
1933
1394
596
2554
2870
382
593
2328
1921
1251
1174
1489
1729
1970
858
2548
2131
2320
1667
2072
1434
2533
285
494
918
340
1491
48
1501
1585
1807
104
598
2875
1146
2610
2151
186
2108
1902
2409
1867
2225
1977
1062
2323
2750
2768
1846
567
1773
2761

