1496
2230
947
2135
939
144
2161
9
689
1142
2462
2397
1796
1842
358
681
2764
2606
935
2300
589
2538
2367
2145
2836
2637
1516
2232
2863
1151
2865
2913
1734
412
2030
139
525
1465
2294
1127
1319
2106
708
693
345
709
2534
961
1472
1054
1380
411
8
2846
2220
558
2445
26
1346
83
1755
2566
406
656
346
692
1455
71
1395
739
1333
909
1068
79
53
1294
230
928
239
2221
1303
102
1544
1403
1889
2906
2273
2889
1173
372
1984
949
800
529
1290
262
238
2162
291
1204
2124
1911
898
387
1588
1777
487
1581
1696
2545
2288
2427
1717
1611
2907
802
2911
1504
551
980
1236
2153
66
385
1992
2393
424
236
1988
2156
1158
864
2678
1831
2379
475
2649
89
1060
1381
2591
2605
704
847
461
662
2404
2319
2660
338
1039
2923
1076
2263
315
1107
1524
75
640
971
2674
2085
2806
1653
93
1043
1610
2025
2330
457
1273
2054
146
1280
2346
1466
1415
870
279
2083
488
10
2265
2595
202
2138
492
1673
1368
929
2893
2184
2692
286
755
445
1363
316
1804
1905
218
2796
388
2708
818
1104
381
1932
2730
370
1713
2394
313
2159
1086
626
1663
1973
2413
1207
1055
2822
1977
1345
964
734
2743
830
307
1833
1306
706
1568
687
96
1049
809
1671
500
999
2183
251
1970
2576
2311
542
455
2902
1195
2714
620
2849
1477
1975
2843
559
1538
696
323
1616
1832
1165
694
2798
1417
1254
1890
697
675
1108
2812
2766
413
601
2456
1237
1635
1751
911
634
193
1209
1733
1760
61
2495
2316
2260
2019
173
1114
2432
1492
1809
981
958
2447
1191
2109
2646
631
986
913
2702
280
1374
2672
912
2679
941
1295
390
1834
2582
219
1172
1726
2899
1242
857
1461
30
1670
608
994
60
2373
2604
250
885
2782
584
2223
1980
1706
2151
1121
2908
361
2845
2202
1083
1640
2355
2813
1082
1233
2841
1721
1166
2792
2835
191
321
1260
12
1344
386
2751
2353
2650
534
285
1138
208
1532
2434
357
2006
2002
119
350
2771
2304
2522
2032
1603
1277
956
17
625
1877
2344
1801
579
1571
680
1614
945
1882
1648
1780
1505
943
312
2631
2878
2662
2165
2719
1136
1572
1976
824
101
396
213
917
2407
2056
736
2568
1503
2425
356
1297
2209
688
2603
2305
2116
2248
2108
850
444
98
311
1088
2306
718
1910
1067
858
1073
2179
2648
1955
2805
2324
1203
1250
2104
252
2833
1661
1490
674
2744
1859
2366
1950
249
926
2412
2780
1318
1607
552
782
2171
1420
2134
399
1375
602
2139
2035
789
690
1090
2695
1552
1044
2529
937
892
2513
1388
2111
721
2218
482
1026
1752
2754
1786
1400
157
1369
919
2302
2122
138
730
1748
1002
775
1152
1097
295
2480
1133
1555
2074
2924
2386
2284
2352
2834
1188
76
1563
684
2826
2100
2736
1850
866
1978
1190
1667
1523
2364
2318
247
2211
2258
1615
1617
1779
2489
1291
677
228
1662
2584
749
884
2371
2064
1018
1793
43
1027
1985
164
2036
2577
1693
1545
2219
1749
1095
2117
595
105
1798
1171
1134
2206
780
1700
2680
2570
130
2547
137
535
2607
2685
2130
2746
2819
2597
1032
301
1560
2670
2474
1382
1672
2337
2148
125
2296
1946
2012
1392
1251
573
2572
182
1189
120
2781
1391
2804
2334
1373
2444
371
1125
1919
2842
1683
685
624
56
2069
2642
2926
1923
409
1891
874
1396
1791
2437
2229
1192
822
869
1864
129
2466
2681
974
667
1942
62
2047
2359
592
1112
1269
948
2070
175
284
805
540
33
1007
352
1248
2645
1034
5
58
2723
682
1821
2169
2931
305
481
2728
2101
155
672
1361
376
1736
815
1317
347
1405
621
2459
2928
2298
1334
1467
891
1639
2498
578
149
2516
434
2520
1840
2756
209
1858
851
2727
2093
2312
1668
154
1996
2867
2309
816
2916
1865
2181
2322
442
2329
115
2396
635
2814
2173
1201
1682
241
2630
950
1178
2543
196
2307
1675
1194
287
1738
2617
1863
793
1045
846
2778
259
1940
463
2096
516
495
960
1677
2571
2194
1183
868
1330
326
111
1031
1920
2765
1450
509
1065
1838
633
2338
199
2779
1339
2028
2175
1930
1309
2435
485
2590
590
2204
1352
993
2507
2801
934
2487
1847
1577
1989
936
296
759
2039
2059
1312
435
1101
1634
1813
502
712
727
1960
1426
1520
616
2877
1078
2449
1659
2490
2348
281
2875
2479
756
1109
944
691
1140
750
1184
126
2739
1163
903
1583
2880
2360
73
1325
21
2443
1379
2740
1030
87
2777
798
1602
402
777
605
1281
1419
1643
2791
2854
1473
2415
2259
546
2562
1517
665
298
1741
528
484
1924
274
1688
564
801
2883
1825
1454
1987
183
2468
359
2794
1315
214
2454
1522
1235
2785
1410
2380
1412
2722
2347
389
920
2748
1624
421
880
2621
3
883
2847
2707
1131
394
2636
0
446
2384
2491
123
159
1542
1843
2061
1868
2118
2037
2089
2354
1947
1712
2488
2481
641
678
320
975
299
1011
1298
2105
2244
1601
643
178
211
2430
1872
2671
1340
333
1252
2205
2365
953
418
2689
2694
1969
2940
1641
992
1264
1901
1964
543
1370
655
72
2057
1596
2132
310
1628
2149
1888
1754
1957
1244
1769
1824
1565
2532
650
1715
2043
2861
1874
2494
1263
872
1912
1689
181
671
2142
309
2821
2850
628
554
1283
2874
902
2297
2857
1337
2473
2126
2112
716
2176
877
657
1967
2349
2081
2389
1876
998
2478
1217
1300
1731
2440
776
2331
106
826
1684
493
784
1432
2254
2750
2448
1161
1069
267
2049
1451
1727
1181
224
2442
49
1963
2274
2332
1442
1766
2873
2239
876
48
340
303
771
2255
1691
1951
2212
2257
2614
91
1945
1070
2659
2187
1656
970
2541
1365
1621
963
2763
1815
653
1939
1627
1366
2339
1867
336
1378
946
897
1058
531
825
2103
2629
2200
2772
192
924
617
572
882
2625
408
1929
2392
2370
683
1862
255
2609
985
713
1575
1246
225
97
1012
1037
2644
380
503
1385
646
1896
768
829
1566
1900
1072
2238
2052
1743
1582
1776
1725
2505
253
1698
1182
639
1255
844
351
1424
896
240
965
1221
1508
1485
710
258
2691
748
806
466
555
2155
2502
1053
1903
2555
2602
2063
2313
2241
452
1608
2627
69
2289
2657
1962
2851
2158
1464
172
2904
1633
382
2654
2761
1676
1915
70
2143
1879
472
1506
2336
1954
425
1356
1393
1593
2253
2527
1732
2564
1649
2079
647
1645
738
1349
1015
763
2485
1528
1740
2809
1430
1711
1157
2710
1024
1772
2277
611
2144
2526
2383
2023
2652
1586
774
951
2533
163
1527
47
31
2511
1035
2818
1427
1051
270
2546
2668
1794
245
1789
2146
1827
1573
740
2177
907
292
1925
450
212
1124
2933
1123
1453
788
2031
2871
2461
1449
2725
2698
1329
743
1574
2612
2343
773
1956
1009
2879
2387
1855
2431
2335
1347
16
1265
2439
2593
1491
1020
1972
134
2410
568
1220
565
324
453
1
1177
1851
2301
1326
107
2150
1228
1666
1594
1307
2113
1389
1338
2909
1534
501
2703
779
645
41
1605
2514
1336
1857
317
504
469
1703
1657
505
1510
2839
297
1770
614
841
18
925
44
515
1456
186
29
2620
2034
257
2358
1783
114
1175
497
2563
518
177
1105
2787
2639
1085
2262
2784
2793
1559
1784
152
2310
1576
1021
2530
449
783
2903
2731
1074
460
39
1017
1324
2497
1604
2290
4
977
711
2199
1943
2029
1367
2561
278
63
2886
2734
526
532
2716
2065
2686
2687
1550
1597
1048
1578
2317
834
2830
2735
265
1564
15
2328
2080
1360
1746
200
1493
1174
1936
1785
2884
1694
2866
2323
996
330
2713
618
375
220
2535
703
976
216
2598
865
1642
1822
2525
113
1436
180
363
473
1210
557
2234
1509
2424
329
707
603
2815
2125
1308
538
2369
2905
2701
2166
1625
1029
2436
2732
293
519
1443
1470
2285
2641
1110
1807
2391
52
1285
2266
2539
410
416
820
2053
423
489
1486
1159
322
1214
2565
50
1229
243
1533
2789
522
2699
2892
2856
978
2799
1423
661
2501
2458
1599
438
2325
1788
40
2045
527
223
757
2015
1918
2738
1502
57
2515
2705
751
306
1042
715
2927
556
1358
1852
2888
1164
905
2182
2460
1708
1926
2724
428
1342
2706
1117
2046
1016
923
1638
479
1686
2881
1993
871
2406
731
1875
1790
1313
2237
2472
1483
2377
2400
405
1409
2860
1722
2042
686
1730
666
1245
2664
1256
1025
2870
81
2585
2060
2227
302
275
1128
2362
2823
778
550
2755
717
2774
2133
2859
2665
100
1050
1147
32
561
2601
733
1892
1169
861
2832
622
136
772
873
2588
1826
1091
2882
2372
2180
2050
2599
2484
714
1359
1066
1705
604
1232
813
1271
2422
2640
215
860
1278
67
2363
2622
166
1685
840
2243
2062
2450
2214
856
232
233
1239
1234
786
591
2579
2569
2003
932
2718
353
2693
2333
2807
537
1162
644
2008
586
2399
1150
2076
170
1077
2475
612
1729
676
1126
2178
1219
1084
2887
1880
855
1222
955
2848
132
2528
335
2351
150
1537
1240
1287
2508
1697
1241
1958
1425
2414
2752
1320
465
1231
761
174
2574
1894
1041
2700
1803
1871
1556
2898
2704
227
1737
104
198
2941
2827
2493
2198
817
2825
1459
1199
1080
1764
77
272
521
2557
131
2542
988
1902
1292
348
2816
1093
1010
2140
2401
2242
1484
277
2885
1022
927
1878
1710
2600
915
1664
2553
112
2745
1953
1530
597
1208
2040
158
698
1841
2013
610
161
1775
2653
37
110
1763
1046
2616
2655
474
2018
1629
2669
2071
1569
414
1468
790
2596
2517
2540
577
879
1433
1937
464
2235
13
1758
454
1480
314
1462
2837
2291
2521
814
1782
828
1692
1767
2492
1447
2910
162
1600
1873
700
811
742
1302
2524
1397
1170
221
1553
753
1087
581
2575
1519
1487
282
2587
2127
1536
1845
354
1999
567
2281
1679
2048
360
1531
1275
1981
248
2469
1816
781
256
483
2102
419
583
1690
649
1768
2110
2552
2295
1928
648
188
88
439
1350
1846
701
1106
2293
794
2423
1521
141
2228
1168
523
2929
2759
2457
318
2556
499
594
103
117
1434
2020
2632
344
1243
1802
2829
1499
148
2186
2276
263
1100
2097
563
1968
1869
1489
55
2086
2768
2742
1458
135
2099
1193
229
1765
242
261
2519
222
78
2518
652
2172
2919
415
607
1626
1701
2624
2272
168
2549
511
1413
732
1431
2504
436
2635
2643
2381
2482
1354
1301
2055
367
2368
194
1212
2287
982
1414
1983
1856
328
2426
2197
2741
1160
1122
35
2510
1938
1372
368
1270
1884
848
189
1428
2918
2760
2876
1129
1180
1707
1495
2299
1001
1699
1854
1205
637
881
908
2581
366
1811
145
2890
1092
722
745
2188
169
2592
1137
2709
1514
2544
1348
266
2453
2027
741
580
448
1040
1139
1547
2041
1377
2663
2455
2195
2418
849
1384
1299
673
319
1062
2683
2531
2114
2185
1498
147
2201
420
764
95
1636
508
2690
190
1944
38
2167
2682
459
1038
28
997
2594
140
494
1153
325
1567
765
1371
2420
2129
1438
2154
2578
1916
862
1591
2098
1909
2580
1111
1081
2268
2388
2017
86
954
417
853
1805
863
393
664
2131
1279
1652
1135
791
2786
1914
288
668
273
195
2638
2256
2345
1844
1353
2378
2737
2470
2467
1590
2141
19
11
1585
1404
2840
327
1406
2712
2451
1747
1268
1529
343
2121
1225
889
1341
2147
1778
1979
2252
1651
1282
80
1305
2589
395
2790
1897
2011
984
1660
1497
2853
569
1141
796
2891
1546
210
746
2361
451
1099
1176
699
2758
705
575
615
1386
443
2068
447
931
1761
1669
2938
2326
341
1861
1286
1622
1266
2163
752
1323
921
2270
1274
2107
2896
1186
2007
2275
1881
2567
1904
2721
1310
1525
2452
2357
24
2615
1839
588
2374
1554
1893
379
268
1103
2280
1257
1216
1687
2551
51
22
2320
1991
2921
1351
2677
490
890
1416
1623
747
2094
2684
1132
524
2808
1335
471
1478
2340
1475
2409
1718
562
2421
2894
1146
1515
2788
1179
2058
663
1116
695
2000
260
719
1650
2496
1063
1907
234
2196
1800
723
1561
1226
2811
2935
1678
1613
1589
962
300
1148
2858
1647
498
899
1680
1619
2930
1965
1665
1098
84
1797
1089
64
1167
2608
109
2610
1211
2937
1494
957
1481
2900
1008
1812
1606
244
2308
1829
1119
2757
2783
1658
1113
1637
507
867
2033
2477
630
1695
548
1959
349
2770
2824
167
1773
922
339
153
2548
2817
859
835
1439
2082
2327
2087
1057
1612
59
1401
1463
2762
2075
744
276
2828
1540
852
627
231
1994
1206
1056
2120
832
989
2411
2465
966
1674
600
2509
54
2170
2136
1304
1756
1702
619
27
203
1922
480
2193
2390
1570
2217
108
156
1787
520
895
1321
404
1408
2753
1887
1474
2356
1198
2715
702
1739
429
2613
651
2939
1558
512
2611
1609
1971
2419
331
2292
2661
2838
1592
308
407
1709
65
171
427
1437
2210
1445
2066
2408
470
2633
517
118
987
2486
2917
1562
1102
1390
290
2666
478
1144
2862
1185
2558
1036
629
2190
1448
2667
2623
2090
1819
901
2189
378
374
226
373
2283
1071
952
1000
726
1196
593
34
2897
2051
2078
2123
1883
679
972
725
729
737
2191
1908
2776
2021
659
2429
1457
289
2115
433
179
2207
1327
808
2405
92
585
1261
1941
2676
264
1580
916
1064
1551
124
642
2350
271
576
2925
720
887
810
205
1200
440
1828
2844
2174
968
2215
456
1227
803
888
1223
2005
2915
2869
2213
2077
1830
837
121
1853
599
2341
365
1218
1149
1187
1079
2164
1197
422
2800
2072
142
1402
1288
560
1059
1806
45
2004
2932
342
598
1518
638
2088
1311
2550
1469
68
2203
1557
669
539
391
1728
2073
2010
1584
506
2797
2656
930
724
1986
1952
2471
2795
2586
1476
1154
2208
2382
1332
201
758
1990
2658
2016
660
1931
1704
468
1355
1781
20
995
2463
2236
910
530
769
1061
2717
1429
1724
906
2022
2810
2137
82
2464
2537
2269
991
843
2403
1848
938
1507
283
246
833
206
770
623
1535
2278
128
596
1548
2416
1452
304
942
197
1899
74
1501
2895
7
2044
431
1792
1230
969
337
1836
1213
430
2038
2342
914
1383
785
1004
1272
1444
2554
545
1735
2014
1541
160
2696
1820
2855
1543
2726
217
441
1394
547
1511
1866
364
127
2619
1860
1262
477
2868
2395
967
1885
1539
1460
1631
544
2315
510
2009
2092
25
1744
1267
886
187
566
1757
207
1364
6
1488
1512
1934
2303
1357
1618
787
1249
1115
355
2251
1995
1284
845
2618
1723
1998
235
1720
2279
2417
2922
2675
804
496
918
1441
437
904
1145
1808
2024
2802
2261
377
839
636
807
760
549
2688
1407
1422
1814
973
1753
1835
122
797
1435
2376
1019
1418
2271
1745
1906
1716
23
754
1966
2820
2222
2769
2720
2128
2321
2216
1156
2506
42
1895
670
838
2831
541
1258
401
823
176
2433
204
2084
819
831
1795
1387
1399
2628
1799
2651
570
2385
1742
609
1886
842
2936
2375
2225
2523
2476
933
397
2583
1314
1343
582
1130
2912
1714
237
654
1238
1526
2282
587
1247
1997
1762
2852
799
2314
133
1644
1289
1202
1933
165
398
1759
1023
1276
1094
1293
2747
795
1411
2438
2402
2573
1587
184
571
2240
392
514
2499
1033
979
2250
476
2733
2864
1316
151
1028
1120
1982
1421
1013
369
2264
432
735
2286
2267
2673
2536
2026
2231
2
85
1810
1224
384
2901
2157
185
254
1215
332
1654
2249
403
632
606
2152
1870
1646
2067
990
2500
1143
1849
2001
1949
1579
536
574
2095
116
1655
334
533
2934
613
1500
900
1595
658
1014
2749
426
1047
1961
1096
1331
14
553
462
1296
2224
1471
1005
1948
1118
2775
854
294
2803
467
894
2226
792
491
2626
2872
36
766
878
1398
1328
1681
1075
1817
2483
1974
2559
2168
269
1003
1771
2441
1376
1598
1921
2428
1898
1052
1362
2773
2920
1774
1927
821
2560
2119
2914
1549
383
2160
1446
1482
959
143
1823
94
2767
1253
486
46
875
2245
2246
2634
2233
362
2446
1440
728
2192
2647
1913
90
940
1513
2247
812
400
2398
836
2711
1322
1935
1259
513
1818
2512
1006
1750
1632
1917
1155
827
767
2697
1479
1719
99
893
2729
762
458
1620
2503
1630
2091
1837
983

