1 1
2 0
3 0
4 0
5 1
6 0
7 1
8 0
9 1
10 0
11 0
12 1
13 0
14 1
15 1
16 0
17 1
18 0
19 1
20 1
21 0
22 1
23 0
24 0
25 1
26 1
27 0
28 0
29 1
30 0
31 1
32 1
33 1
34 1
35 0
36 0
37 1
38 0
39 0
40 1
41 0
42 0
43 0
44 1
45 0
46 1
47 0
48 1
49 0
50 1
51 1
52 1
53 0
54 1
55 0
56 1
57 0
58 0
59 0
60 0
61 1
62 0
63 1
64 1
65 0
66 0
67 1
68 1
69 1
70 1
71 1
72 1
73 1
74 0
75 1
76 0
77 0
78 1
79 0
80 0
81 0
82 0
83 0
84 0
85 0
86 1
87 0
88 1
89 1
90 1
91 0
92 0
93 1
94 0
95 1
96 0
97 1
98 0
99 1
100 1
101 1
102 0
103 1
104 0
105 0
106 0
107 1
108 0
109 0
110 1
111 1
112 0
113 0
114 0
115 1
116 1
117 0
118 0
119 1
120 1
121 1
122 0
123 0
124 1
125 0
126 1
127 0
128 1
129 0
130 0
131 0
132 1
133 1
134 0
135 0
136 1
137 0
138 1
139 0
140 1
141 1
142 0
143 1
144 1
145 1
146 0
147 1
148 1
149 0
150 1
151 1
152 1
153 1
154 0
155 0
156 0
157 0
158 1
159 0
160 0
161 0
162 0
163 0
164 0
165 0
166 1
167 0
168 1
169 0
170 1
171 1
172 0
