1796
213
2290
310
850
2594
1885
1914
1404
1003
1111
1060
2158
19
676
2349
223
2623
283
363
2392
2226
408
818
2397
1002
2217
2061
1800
2127
1034
1767
1471
2762
2647
2930
1433
2009
1214
2285
2839
1470
1544
638
1032
471
2692
934
350
2462
2280
847
2417
49
2779
1264
1598
944
2910
1070
2329
2334
2584
285
1117
2480
2433
1359
461
2188
1427
2056
524
1791
1562
163
373
62
838
2544
2160
1498
529
2455
1894
2297
1679
2254
2099
465
999
612
1408
47
642
2293
1444
2909
2933
1507
2034
572
776
923
1661
680
293
1878
2677
135
364
1050
2802
1952
2194
1596
1587
1122
218
990
2092
111
2893
1198
2481
920
78
1563
1489
1897
2830
1303
549
1517
1657
385
1033
1737
1873
466
1220
2750
79
258
1008
1943
868
2486
1429
2214
1504
2658
2134
2616
828
241
2333
660
1186
1153
230
1984
2089
1615
2360
2503
677
2331
1441
1531
276
2173
162
947
1350
938
2639
2305
2940
1446
1718
148
2421
2279
1233
504
976
1476
1689
1243
2050
1968
2406
445
1564
895
1370
1614
2746
2490
2567
2495
1715
1077
434
1454
1754
50
379
2776
1175
1987
2609
2192
2899
2911
2637
1007
735
2548
2212
32
1683
1623
2607
1055
2328
548
2532
2270
2370
2312
2621
1423
2163
472
255
300
1409
126
1647
1830
1276
1204
1347
1089
937
2119
545
1440
2549
2501
520
332
1527
1772
2825
2751
871
2900
805
2183
2175
2483
46
2738
2162
1170
1649
1739
1241
76
2723
1081
1668
448
1491
1475
1859
2741
2577
2145
879
1319
2791
2882
121
1316
1906
2629
340
647
77
2137
699
1136
168
2374
1757
1380
21
2174
751
996
1150
344
2727
1843
1632
2537
1458
2812
1281
362
1123
1113
2632
437
2199
2117
1289
1511
1956
2005
1624
804
683
2941
1742
2340
1412
207
1035
1232
682
372
1051
1505
2821
1756
2891
955
2000
407
2780
1104
961
2558
1879
396
2049
1048
1759
259
1312
2897
2010
2471
68
2796
2309
977
1860
550
2593
353
337
832
2739
1682
1889
886
2078
1296
946
2652
2624
1744
1660
2579
2786
2003
1999
2308
1540
2605
1676
1473
1881
687
205
474
208
543
346
2257
567
2440
559
2694
614
140
2211
722
1325
1656
2542
2733
1594
2492
1930
1673
2823
160
2238
779
836
198
1188
454
2076
611
2223
2269
707
1096
498
681
972
1753
710
1229
268
1783
2657
932
1168
267
755
212
1238
1974
2080
1100
2131
2784
1460
27
1813
61
1422
2090
2301
1706
1891
93
453
1493
115
2396
10
2022
1820
1189
1853
244
1858
83
2265
2126
2400
375
2281
1023
240
1626
1561
2578
540
217
1502
634
145
1254
1747
2767
1181
2464
2249
852
2701
1278
1285
621
1025
429
376
266
1376
1341
745
219
2048
1927
1892
1766
306
1929
1631
1093
1132
1966
2341
2041
2718
2071
2564
1576
108
1821
299
1745
1270
2864
236
2149
869
339
2850
2766
724
386
874
1815
65
903
378
1829
2236
1695
774
2414
1194
2456
2191
968
84
1862
1090
2728
989
561
1665
2256
2541
399
1179
25
1191
1342
1064
1692
2110
1135
994
867
1560
1671
730
2006
2868
845
564
119
2384
1640
2164
2141
209
2031
603
1586
1492
1877
815
1585
338
2712
2318
2324
2332
697
2088
2756
1989
2764
2631
58
2190
347
2125
2143
1702
2030
2326
2626
1178
1651
912
2866
1888
2411
2568
2315
449
639
141
1971
1399
2810
668
2250
696
2113
788
1538
942
756
2015
1580
2506
1317
2614
810
501
577
322
1308
2844
1896
2260
2570
1223
2170
534
1736
1990
308
2375
740
1105
2540
2451
515
1669
469
1890
1760
1842
45
2769
2095
2923
2860
1582
2862
1173
750
557
1501
487
1129
940
1868
2760
154
2580
416
1417
1335
2221
2842
1738
595
103
2068
2793
2859
1224
1210
1774
2200
24
492
2103
2239
371
1608
1880
1116
1920
1591
2829
1391
1707
36
1781
1666
516
320
2278
221
2562
1691
99
1725
1960
2938
802
1352
2703
1014
1938
130
303
1740
757
1004
1314
662
2902
2473
854
2818
1443
607
622
2504
594
1724
343
286
1786
204
1161
254
906
1532
1641
1551
1835
954
1085
131
1388
943
2180
1013
2706
2358
1698
777
747
409
502
671
2684
882
1515
821
2241
575
2147
2676
715
881
2228
426
941
1464
2876
1044
759
2800
537
801
2426
1273
2912
910
406
2450
253
481
1468
2888
1731
291
1076
1849
43
166
679
2929
156
636
1526
1246
1506
39
2795
1094
189
1215
2768
2432
1709
685
2136
1549
1436
1344
2146
935
355
281
1604
1015
659
1934
1595
975
2680
2346
2497
210
279
1993
580
2441
2494
2273
824
986
2373
2124
2447
1482
1042
2442
1302
318
73
771
2144
397
2427
1403
1510
1394
1751
388
2344
825
2935
478
2575
360
1266
2128
2231
1983
2867
1617
2039
2920
2667
2924
317
556
820
587
2787
75
1534
535
38
1514
1274
1931
1016
1027
2708
569
2870
1936
1937
2205
1131
1490
467
2394
725
2303
316
674
2313
2650
1028
649
1377
1973
2917
233
92
1298
401
1047
979
2381
85
1193
2833
2428
714
2651
2402
563
247
1106
234
441
1413
1837
2602
791
4
2132
1644
875
1611
1011
969
40
2792
2242
110
1378
161
2247
1143
949
1606
106
2753
2808
2424
147
568
1080
844
89
785
1568
2841
2744
749
689
86
1260
2321
2699
2129
1784
1049
1031
199
56
1447
530
1453
2213
2277
272
1318
2512
2258
494
1083
1283
277
2151
2351
238
118
930
1603
1546
42
618
288
510
1965
418
2892
2535
1257
2849
1108
973
2038
2865
2066
348
1978
1249
1480
2021
782
2615
1332
736
2873
2710
950
1518
833
1053
1818
2489
1282
1328
2097
1167
507
1410
811
3
2140
1169
2686
1331
1694
1908
1953
2457
1119
2083
2805
1964
1722
242
44
2347
1115
773
2856
185
1975
713
1001
1114
2420
694
1625
775
893
35
1840
1917
420
984
2380
1097
956
978
753
826
2139
1816
417
793
1764
1658
403
1472
645
2118
2366
1681
53
1918
2485
877
1663
1819
1279
899
290
2740
958
1336
1432
134
1366
2108
1678
1353
2195
489
2431
1793
827
1373
1726
900
2156
2679
1372
2673
1452
1187
69
2026
1102
1165
552
80
2367
152
1258
330
562
2229
2013
2698
2813
629
2635
2591
2357
100
1810
2619
648
2142
1402
150
1686
2599
1923
1349
1948
1638
15
1311
593
2848
926
98
1982
2307
2798
2207
2569
2310
278
1474
2883
2356
2240
633
632
1277
262
1758
231
1748
1633
1381
928
2681
1138
2682
2234
1237
374
2782
1305
822
898
1503
1662
2268
1826
1777
856
807
2521
628
1779
436
1499
1508
625
1079
1022
1875
1823
1776
589
2386
71
1157
796
1572
2363
1000
313
400
2317
1895
2875
962
202
1054
1235
1310
2018
1145
2855
2705
2283
1955
1200
2530
1158
1907
2914
191
2300
1675
479
1172
1330
1976
392
1180
1963
2725
1154
1939
7
1112
2545
2789
356
650
1500
2576
1231
812
289
1528
2788
1593
1857
194
640
991
2690
173
2204
2814
789
142
1457
2222
1539
706
402
809
1355
2754
2642
799
2439
588
536
526
314
261
2042
2274
2299
2827
624
2405
139
2648
351
2896
2595
523
1056
1072
2004
2393
787
1947
1030
2726
117
602
2372
2266
1230
613
2547
2177
2230
1128
176
993
1685
2401
2720
1348
2253
2610
459
663
823
1362
381
2840
601
2811
1769
2342
412
2263
1390
705
1110
1535
546
2025
652
2702
1086
263
688
1118
1602
2035
384
1653
1151
1543
1485
1803
2934
2878
1414
2079
1705
16
1944
2554
1448
716
2166
554
509
841
2197
917
1635
1814
1320
1836
1771
983
581
768
2903
1212
2272
2831
167
2936
2622
1103
1574
980
1333
2454
2385
2081
31
1785
555
2320
14
1026
377
1430
1156
181
1727
1855
657
2732
226
2064
2474
2861
1127
1979
136
927
1940
2604
2267
458
1567
916
2915
2176
1495
948
2338
1942
2087
855
700
967
892
2438
1037
2832
1069
2376
1361
2383
630
904
312
2484
2640
63
1980
2261
1550
2325
464
2288
641
370
2729
1207
1812
2112
273
1259
2353
2894
484
328
2276
2302
1196
734
2819
1559
366
275
1018
2093
2851
2327
186
1338
1125
2287
105
2291
2251
2319
1730
2654
1160
2770
51
206
1533
512
2683
1712
1852
2046
1589
398
635
590
144
766
1720
298
1958
1461
2854
336
1262
2435
2262
1627
211
2298
2559
2513
493
6
1351
1893
109
1265
455
72
723
2443
1688
468
2167
1565
2600
2763
2040
1755
2700
987
2395
599
532
1768
2085
1677
808
2159
171
2202
797
1566
1192
1887
2556
902
1057
431
1326
655
616
2551
1365
609
760
153
2023
1400
2778
1699
1354
2807
1716
2822
2603
829
2644
2286
1036
2799
326
1217
606
591
2275
2633
784
2758
528
2467
138
2434
97
2379
225
214
149
519
2555
2094
1306
1039
1176
2717
297
1902
2665
2412
2219
383
786
1068
2774
1581
2863
573
861
1134
1424
2566
765
2054
2628
67
1456
1850
1078
619
1916
851
790
20
1808
866
1345
1024
1522
578
1798
2437
1321
18
2478
1095
389
1271
2520
1497
907
2613
1945
1690
1280
252
2874
1059
1437
1597
257
2410
2526
1109
1144
1869
1450
1092
666
1986
435
691
1009
1272
125
2598
197
2120
2345
2525
1949
440
1717
2371
2574
2045
2172
970
712
2906
1735
2496
128
2459
1297
2409
2306
1087
890
1226
721
2735
5
1340
1876
727
1795
770
2419
1969
1970
184
1670
684
1382
2755
2806
1832
2008
2311
965
245
763
2017
1477
430
2612
718
82
2460
334
2051
772
2671
929
2446
566
2589
878
2847
1426
1418
2522
2296
1864
1780
1804
522
11
2837
2102
1537
2072
2518
2413
41
499
91
70
159
2377
2630
626
1021
1733
1222
2104
849
410
155
1029
1406
1884
227
1162
1637
450
500
1012
2539
848
795
1619
2816
2487
1140
2656
1834
249
1061
658
514
1195
670
1909
1343
1323
551
2572
2043
731
600
508
2225
2838
37
2561
1293
8
542
2625
1513
1387
1133
2817
1530
112
2714
335
1734
1806
2828
1428
169
2482
1368
517
1488
1789
1775
876
2458
2184
2036
1357
1337
2820
2509
1762
995
64
1124
574
1288
2150
2453
1360
1867
1997
1977
1865
894
482
60
2436
585
2430
719
835
304
1792
2062
2295
2611
1846
438
1872
1825
2646
686
274
2928
307
1996
1529
2444
931
1082
1438
2115
475
2210
963
656
1654
2835
2098
48
1203
1074
2815
2687
395
915
2877
1364
2880
1770
2227
1628
2908
1552
2448
1322
2123
1957
2843
2845
2215
2659
180
2086
2871
2423
1900
1295
2606
1201
2618
743
269
491
295
216
2422
1557
2499
2557
922
1242
939
331
1972
1268
521
1234
1120
1991
2704
2122
1164
2364
646
287
1994
1071
672
1261
1981
2053
271
1148
2157
352
1304
2007
615
323
324
1961
1831
2178
2075
54
411
560
675
1605
284
179
2853
1405
2919
863
1177
1616
456
368
2011
1911
1346
94
908
1520
192
1577
1043
1371
1244
1555
1379
1809
842
2339
188
270
1607
26
1066
627
610
2390
558
817
553
170
174
246
884
1329
873
2531
2669
1146
1416
720
738
425
1216
2248
1392
1648
2196
1431
2634
2
2233
187
2314
2510
2105
215
1962
887
513
654
661
1988
302
358
1639
12
28
2563
1142
1263
880
1861
2378
997
1395
2734
480
1062
2803
2074
1542
2925
2152
631
1202
2203
59
1166
761
2931
576
17
497
1839
2586
2582
737
1922
104
814
1130
256
2024
2527
2232
1882
2711
2696
2201
762
1363
806
203
1228
2895
2418
1439
2785
201
2461
1620
1415
1171
2752
1866
2523
1091
2801
746
1324
988
2135
1019
2913
1903
1708
1822
617
2516
393
1434
964
1721
1554
1765
511
0
2399
405
2491
228
2100
2138
957
859
669
2348
122
341
172
315
1811
1525
816
193
1358
1797
2809
709
2824
2027
1442
2898
81
1309
1519
704
2660
1541
1065
2224
2713
1704
2674
1854
1719
538
2884
2047
846
1802
1252
2745
1290
325
2292
264
571
1578
2407
127
2002
1995
1992
1075
767
2336
667
2403
1622
2587
2641
309
1486
2020
1455
769
1269
1197
1703
251
1284
2084
888
1462
2470
101
1874
2691
1905
2323
2926
1848
190
905
2730
2316
2186
2365
1038
711
1827
2246
1959
1479
729
1219
2116
2029
596
803
1496
1386
992
924
1588
695
1646
2130
1141
2037
1184
2472
637
2171
1612
1411
2834
2382
1750
1672
1652
2719
1467
195
1159
200
1374
2330
2168
1790
2082
2343
754
583
1556
1307
1636
2620
329
2121
96
834
1221
981
1063
486
2939
2245
1213
2511
1714
604
1255
1697
623
183
1723
333
2857
883
1536
1687
2033
1833
367
742
2565
1339
342
22
2737
2169
584
1149
819
2445
1250
2655
2475
1841
1190
2502
1218
678
693
1845
1824
2553
690
2932
1805
2289
1126
1642
305
752
1950
2449
1870
477
52
1435
432
1384
2524
490
2905
1788
229
598
1919
446
608
2907
182
1300
1020
918
2533
865
1901
953
13
1397
391
2693
349
2636
2218
439
1592
2404
2601
2672
2645
1828
1967
1871
143
919
1494
2885
1583
2476
2890
1419
2255
1569
1045
651
354
2588
1291
2193
665
248
237
2689
1732
2685
1182
137
2133
857
2771
165
1236
2463
2872
1010
2500
2748
1
800
1327
2488
2546
1680
1137
1006
2352
896
2181
885
2055
952
1645
2852
1152
1925
1509
673
196
2759
1205
415
2731
798
2237
605
2653
664
1674
653
2514
1912
1101
235
966
357
1610
1613
1599
444
2596
1778
1420
2765
505
2109
2019
860
1299
2355
1621
891
1516
2014
280
1700
783
565
123
1163
1251
1998
2772
1287
1847
840
1643
1209
2697
88
1701
1545
533
1385
2590
282
2678
428
1838
2359
1924
2337
1609
1590
1421
527
2052
1088
2179
2304
1334
597
495
2666
732
739
1746
292
1553
483
2284
250
2592
2783
1629
2111
1684
1761
9
1206
1073
1256
2388
460
1267
1601
1886
1463
2368
2560
164
2649
2749
2063
87
1713
369
579
2067
2209
2208
1040
2187
1459
2927
2670
2775
1245
2369
2515
853
1356
2012
2747
2846
2452
864
1084
945
733
2742
971
830
243
2361
1558
2016
503
1763
2185
1856
1017
1247
2271
2881
1693
2550
90
2797
1899
2581
29
102
120
1512
2627
222
2243
2032
2879
2804
914
2429
2498
592
2114
525
158
2608
129
1225
1294
1913
2235
2781
301
1139
2916
33
2716
294
2794
1005
2335
570
95
1883
1383
2688
843
913
728
1951
1773
1941
382
2918
620
1174
1794
2858
457
265
936
1466
2585
2466
2921
758
2415
485
57
794
2189
692
1147
2904
496
2106
2362
2468
780
2617
1817
701
959
1185
1369
703
1787
2206
442
394
1547
2387
1915
717
1743
2826
748
1183
644
1275
1935
2538
2922
345
1067
2493
2165
2887
539
23
982
1469
157
2773
2264
582
239
1292
451
2198
2505
2543
1571
452
2724
1801
518
463
1954
488
1523
2519
462
321
2869
985
1099
1933
781
2060
2722
2937
1483
2469
2664
1711
2663
1573
2695
2507
1548
1710
1375
1248
1449
1752
124
1946
55
1741
839
1052
1286
447
1655
2761
2425
2398
1728
1926
359
911
1667
1121
2777
2059
2721
2573
2408
1484
1749
897
708
1985
643
1393
422
2477
327
2096
925
2101
2057
220
260
1584
831
1898
1465
2479
1575
2707
1315
1904
433
2107
778
2889
1521
1396
1041
296
2709
116
1851
146
1481
2028
1618
2069
2073
1098
1921
1782
132
114
232
2070
2668
1664
1932
1579
380
1630
2583
1928
1407
541
2715
960
473
921
974
2154
2148
414
2220
702
66
1634
2528
427
2350
361
741
2536
870
2001
1046
2886
1401
1487
1659
1807
2757
2065
1445
177
2529
390
2182
872
1729
1239
2155
2091
586
858
1425
2508
951
2294
764
909
423
30
506
2244
2391
1058
2216
311
365
424
476
1570
107
34
404
698
837
544
2743
2597
2638
387
2661
1211
1253
2662
2077
1478
421
2571
1367
1524
2322
1199
113
319
2534
151
1155
2675
2282
1600
2058
744
413
901
998
726
178
1240
1910
862
2517
2790
1389
2901
547
224
2252
2354
1398
1844
2736
1650
531
2044
1301
443
792
1863
2161
2389
175
889
2836
2416
1799
2259
1107
1451
2153
813
1208
1227
2643
133
1313
1696
2552
933
74
2465
419
470

