1 1
2 1
3 1
4 1
5 1
6 1
7 1
8 1
9 0
10 1
11 1
12 0
13 1
14 0
15 1
16 0
17 0
18 1
19 0
20 0
21 1
22 1
23 0
24 1
25 1
26 0
27 1
28 1
29 0
30 0
31 1
32 0
33 0
34 0
35 0
36 0
37 1
38 1
39 1
40 0
41 0
42 1
43 1
44 0
45 1
46 1
47 0
48 1
49 0
50 1
51 0
52 1
53 0
54 0
55 0
56 1
57 0
58 1
59 0
60 1
61 1
62 0
63 0
64 1
65 1
66 0
67 0
68 0
69 1
70 0
71 1
72 0
73 1
74 0
75 1
76 0
77 0
78 1
79 1
80 0
81 0
82 1
83 0
84 1
85 0
86 0
87 1
88 1
89 0
90 1
91 0
92 0
93 1
94 1
95 0
96 1
97 1
98 0
99 0
100 1
101 1
102 0
103 0
104 0
105 1
106 0
107 1
108 0
109 1
110 1
111 1
112 1
113 1
114 0
115 1
116 0
117 0
118 1
119 1
120 0
121 0
122 1
123 1
124 0
125 1
126 0
127 1
128 0
129 0
130 1
131 0
132 0
133 1
134 0
135 1
136 0
137 1
138 1
139 0
140 0
141 1
142 1
143 1
144 0
145 0
146 0
147 0
148 0
149 1
150 0
151 0
152 1
153 0
154 0
155 1
156 0
157 1
158 0
159 1
160 0
161 1
162 0
163 0
164 0
165 1
166 1
167 0
168 1
169 0
170 0
171 1
172 0
173 1
174 0
175 1
176 0
177 0
178 1
179 0
180 0
181 0
182 1
183 1
184 1
185 1
186 1
187 1
188 1
189 0
190 1
191 0
192 0
193 1
194 1
195 1
196 0
197 0
198 1
199 1
200 0
201 1
202 0
203 0
204 1
205 0
206 0
207 0
208 0
209 0
210 1
211 1
212 1
213 1
214 0
215 0
216 0
217 0
218 0
219 1
220 0
221 0
222 0
223 0
224 0
225 0
226 0
227 1
228 0
229 0
230 0
231 1
232 1
233 1
234 1
235 0
236 0
237 0
238 0
239 1
240 0
241 1
242 0
243 0
244 0
245 0
246 0
247 0
248 0
249 1
250 1
251 1
252 0
253 1
254 1
255 1
256 1
257 0
258 0
259 0
260 0
261 1
262 1
263 1
264 0
265 1
266 1
267 1
268 0
269 0
270 1
271 0
272 1
273 1
274 0
275 0
276 0
277 1
278 1
279 1
280 1
281 0
282 0
283 0
284 0
285 0
286 0
287 0
288 1
289 0
290 1
291 0
292 1
293 0
294 1
295 1
296 1
297 0
298 0
299 0
300 0
301 1
302 1
303 1
304 0
305 0
306 0
307 0
308 1
309 1
310 0
311 0
312 0
313 1
314 1
315 1
316 1
317 1
318 0
319 1
320 0
321 0
322 1
323 1
324 0
325 1
326 0
327 0
328 0
329 1
330 1
331 1
332 0
333 1
334 1
335 0
336 1
337 1
338 0
339 0
340 0
341 1
342 1
343 0
344 0
345 1
346 0
347 1
348 1
349 0
350 0
351 0
352 0
353 0
354 1
355 0
356 1
357 1
358 1
359 0
360 0
361 1
362 1
363 1
364 1
365 1
366 1
367 1
368 1
369 0
370 0
371 0
372 0
373 0
374 1
375 0
376 1
377 1
378 0
379 1
380 1
381 0
382 0
383 0
384 0
385 0
386 0
387 1
388 0
389 1
390 1
391 0
392 1
393 0
394 0
395 1
396 1
397 1
398 0
399 1
400 1
401 1
402 0
403 1
404 0
405 1
406 0
407 1
408 0
409 0
410 1
411 0
412 0
413 0
414 1
415 0
416 0
417 0
418 0
419 1
420 1
421 1
422 0
423 1
424 1
425 0
426 0
427 0
428 0
429 1
430 0
431 0
432 1
433 0
434 0
435 1
436 0
437 0
438 0
439 1
440 1
441 1
442 1
443 0
444 0
445 0
446 0
447 0
448 0
449 0
450 1
451 0
452 0
453 0
454 1
455 1
456 1
457 1
458 0
459 1
460 0
461 0
462 0
463 0
464 1
465 0
466 1
467 1
468 0
469 1
470 0
471 0
472 0
473 0
474 1
475 0
476 0
477 1
478 0
479 0
480 0
481 0
482 0
483 0
484 1
485 1
486 0
487 1
488 1
489 1
490 1
491 1
492 0
493 1
494 0
495 0
496 0
497 0
498 0
499 1
500 0
501 0
502 1
503 1
504 1
505 0
506 1
507 0
508 1
509 1
510 1
511 0
512 1
513 0
514 1
515 1
516 1
517 1
518 1
519 1
520 0
521 1
522 0
523 1
524 1
525 0
526 0
527 1
528 0
529 1
530 1
531 0
532 0
533 1
534 0
535 0
536 0
537 1
538 0
539 1
540 0
541 0
542 1
543 1
544 1
545 0
546 0
547 0
548 0
549 1
550 1
551 1
552 0
553 1
554 0
555 0
556 0
557 0
558 0
559 0
560 1
561 0
562 1
563 0
564 0
565 1
566 0
567 0
568 1
569 0
570 0
571 0
572 1
573 1
574 1
575 1
576 1
577 1
578 1
579 1
580 0
581 1
582 0
583 1
584 1
585 1
586 0
587 0
588 1
589 0
590 0
591 0
592 0
593 1
594 1
595 1
596 0
597 1
598 1
599 1
600 0
601 1
602 1
603 1
604 1
605 0
606 1
607 0
608 1
609 0
610 0
611 1
612 0
613 1
614 0
615 1
616 1
617 1
618 1
619 1
620 1
621 0
622 0
623 0
624 1
625 1
626 0
627 1
628 0
629 0
630 1
631 0
632 0
633 0
634 1
635 0
636 1
637 0
638 0
639 1
640 1
641 1
642 1
643 0
644 1
645 1
646 0
647 1
648 1
649 1
650 0
651 1
652 1
653 1
654 1
655 1
656 0
657 0
658 0
659 1
660 1
661 0
662 0
663 1
664 0
665 0
666 1
667 0
668 1
669 0
670 1
671 1
672 0
673 1
674 0
675 1
676 0
677 0
678 0
679 1
680 1
681 0
682 1
683 0
684 0
685 1
686 0
687 1
688 0
689 1
690 0
691 0
692 1
693 0
694 0
695 1
696 0
697 0
698 1
699 1
700 1
701 0
702 1
703 1
704 1
705 1
706 1
707 0
708 1
709 0
710 1
711 1
712 1
713 0
714 0
715 1
716 0
717 1
718 1
719 1
720 0
721 0
722 0
723 0
724 1
725 0
726 0
727 0
728 1
729 0
730 0
731 1
732 0
733 1
734 1
735 0
736 0
737 0
738 1
739 0
740 0
741 0
742 0
743 1
744 0
745 0
746 0
747 1
748 0
749 1
750 1
751 0
752 0
753 0
754 1
755 0
756 1
757 1
758 0
759 1
760 1
761 1
762 0
763 0
764 0
765 0
766 0
767 0
768 1
769 1
770 1
771 0
772 0
773 1
774 0
775 1
776 0
777 1
778 1
779 1
780 0
781 1
782 0
783 0
784 0
785 0
786 0
787 1
788 1
789 1
790 0
791 1
792 1
793 1
794 0
795 0
796 0
797 1
798 0
799 0
800 1
801 0
802 1
803 1
804 0
805 1
806 0
807 0
808 0
809 0
810 0
811 0
812 1
813 1
814 0
815 1
816 0
817 1
818 0
819 1
820 0
821 0
822 1
823 1
824 0
825 0
826 0
827 0
828 1
829 0
830 1
831 0
832 0
833 0
834 1
835 0
836 1
837 1
838 0
839 1
840 0
841 1
842 1
843 1
844 0
845 1
846 1
847 1
848 1
849 1
850 1
851 1
852 0
853 0
854 1
855 1
856 1
857 1
858 0
859 1
860 1
861 1
862 1
863 0
864 1
865 1
866 0
867 1
868 0
869 1
870 1
871 0
872 1
873 1
874 0
875 1
876 0
877 0
878 0
879 1
880 0
881 1
882 1
883 0
884 0
885 0
886 1
887 0
888 1
889 1
890 0
891 1
892 1
893 1
894 0
895 1
896 0
897 0
898 1
899 1
900 0
901 1
902 1
903 0
904 0
905 1
906 0
907 1
908 1
909 1
910 0
911 0
912 0
913 0
914 0
915 0
916 0
917 1
918 1
919 1
920 1
921 0
922 0
923 0
924 1
925 0
926 0
927 0
928 0
929 0
930 0
931 0
932 1
933 0
934 1
935 1
936 0
937 1
938 0
939 1
940 0
941 1
942 1
943 1
944 0
945 0
946 0
947 0
948 1
949 0
950 1
951 0
952 0
953 0
954 1
955 0
956 1
957 1
958 0
959 1
960 1
961 1
962 1
963 0
964 1
965 0
966 0
967 1
968 0
969 0
970 0
971 0
972 0
973 1
974 1
975 1
976 1
977 0
978 1
979 0
980 1
981 0
982 0
983 1
984 1
985 1
986 0
987 1
988 0
989 0
990 0
991 1
992 1
993 1
994 0
995 0
996 0
997 1
998 1
999 1
1000 1
1001 1
1002 0
1003 1
1004 0
1005 0
1006 0
1007 0
1008 1
1009 1
1010 0
1011 0
1012 0
1013 0
1014 1
1015 1
1016 0
1017 1
1018 0
1019 1
1020 0
1021 1
1022 0
1023 0
1024 1
1025 1
1026 0
1027 1
1028 1
1029 1
1030 1
1031 1
1032 1
1033 0
1034 0
1035 1
1036 1
1037 1
1038 0
1039 1
1040 0
1041 1
1042 0
1043 0
1044 0
1045 0
1046 1
1047 0
1048 1
1049 0
1050 0
1051 1
1052 1
1053 0
1054 0
1055 0
1056 1
1057 1
1058 1
1059 0
1060 0
1061 0
1062 0
1063 0
1064 1
1065 1
1066 0
1067 1
1068 0
1069 0
1070 1
1071 0
1072 0
1073 0
1074 1
1075 1
1076 0
1077 0
1078 1
1079 0
1080 0
1081 0
1082 1
1083 0
1084 1
1085 0
1086 1
1087 1
1088 0
1089 1
1090 1
1091 0
1092 1
1093 1
1094 1
1095 1
1096 0
1097 1
1098 0
1099 1
1100 0
1101 1
1102 0
1103 0
1104 0
1105 1
1106 0
1107 1
1108 1
1109 1
1110 1
1111 1
1112 1
1113 0
1114 1
1115 1
1116 1
1117 0
1118 0
1119 0
1120 0
1121 0
1122 0
1123 0
1124 0
1125 0
1126 0
1127 0
1128 0
1129 0
1130 0
1131 0
1132 0
1133 0
1134 0
1135 0
1136 0
1137 0
1138 1
1139 1
1140 0
1141 1
1142 0
1143 1
1144 0
1145 0
1146 1
1147 0
1148 0
1149 1
1150 1
1151 0
1152 1
1153 1
1154 1
1155 0
1156 1
1157 1
1158 1
1159 1
1160 0
1161 0
1162 0
1163 0
1164 0
1165 0
1166 0
1167 1
1168 1
1169 1
1170 0
1171 1
1172 1
1173 1
1174 0
1175 1
1176 1
1177 1
1178 1
1179 0
1180 0
1181 1
1182 0
1183 1
1184 1
1185 1
1186 0
1187 1
1188 1
1189 1
1190 0
1191 0
1192 0
1193 1
1194 0
1195 1
1196 1
1197 0
1198 1
1199 0
1200 1
1201 1
1202 1
1203 1
1204 0
1205 1
1206 1
1207 1
1208 0
1209 1
1210 1
1211 1
1212 1
1213 0
1214 0
1215 0
1216 1
1217 1
1218 1
1219 1
1220 1
1221 1
1222 1
1223 0
1224 1
1225 1
1226 1
1227 1
1228 0
1229 1
1230 1
1231 1
1232 0
1233 0
1234 1
1235 0
1236 1
1237 1
1238 1
1239 0
1240 1
1241 1
1242 0
1243 1
1244 0
1245 0
1246 1
1247 0
1248 1
1249 0
1250 0
1251 1
1252 0
1253 1
1254 1
1255 1
1256 1
1257 1
1258 0
1259 1
1260 0
1261 0
1262 1
1263 0
1264 0
1265 0
1266 0
1267 0
1268 0
1269 0
1270 1
1271 0
1272 1
1273 0
1274 1
1275 1
1276 1
1277 0
1278 0
1279 0
1280 1
1281 1
1282 1
1283 1
1284 1
1285 0
1286 1
1287 1
1288 1
1289 0
1290 0
1291 0
1292 0
1293 0
1294 1
1295 1
1296 0
1297 0
1298 1
1299 0
1300 1
1301 1
1302 1
1303 1
1304 1
1305 1
1306 1
1307 1
1308 0
1309 1
1310 1
1311 0
1312 0
1313 1
1314 0
1315 0
1316 1
1317 0
1318 0
1319 1
1320 1
1321 0
1322 1
1323 1
1324 1
1325 0
1326 1
1327 1
1328 1
1329 0
1330 0
1331 0
1332 0
1333 0
1334 1
1335 1
1336 1
1337 1
1338 0
1339 0
1340 0
1341 1
1342 1
1343 1
1344 1
1345 1
1346 0
1347 1
1348 0
1349 1
1350 1
1351 1
1352 1
1353 1
1354 1
1355 0
1356 0
1357 1
1358 0
1359 0
1360 1
1361 1
1362 1
1363 1
1364 0
1365 0
1366 1
1367 1
1368 0
1369 1
1370 1
1371 1
1372 0
1373 1
1374 0
1375 0
1376 1
1377 1
1378 0
1379 1
1380 1
1381 1
1382 0
1383 1
1384 0
1385 0
1386 0
1387 1
1388 0
1389 1
1390 0
1391 0
1392 1
1393 1
1394 0
1395 0
1396 0
1397 1
1398 1
1399 1
1400 0
1401 1
1402 0
1403 1
1404 1
1405 0
1406 1
1407 1
1408 1
1409 1
1410 1
1411 0
1412 1
1413 1
1414 0
1415 0
1416 0
1417 1
1418 1
1419 0
1420 1
1421 0
1422 1
1423 1
1424 0
1425 1
1426 1
1427 0
1428 0
1429 0
1430 0
1431 0
1432 0
1433 1
1434 0
1435 0
1436 0
1437 0
1438 0
1439 0
1440 0
1441 1
1442 0
1443 0
1444 0
1445 1
1446 0
1447 1
1448 0
1449 0
1450 0
1451 0
1452 0
1453 0
1454 0
1455 0
1456 0
1457 1
1458 0
1459 0
1460 1
1461 1
1462 1
1463 1
1464 0
1465 1
1466 1
1467 1
1468 0
1469 1
1470 1
1471 1
