1 1
2 0
3 1
4 1
5 0
6 0
7 0
8 1
9 1
10 1
11 1
12 1
13 0
14 1
15 1
16 1
17 1
18 0
19 0
20 0
21 0
22 0
23 1
24 0
25 0
26 0
27 0
28 0
29 1
30 1
31 1
32 1
33 0
34 0
35 1
36 1
37 1
38 1
39 1
40 1
41 0
42 0
43 0
44 1
45 0
46 0
47 1
48 1
49 1
50 1
51 1
52 0
53 1
54 1
55 0
56 0
57 1
58 1
59 1
60 1
61 0
62 1
63 1
64 1
65 1
66 1
67 1
68 1
69 1
70 0
71 0
72 1
73 0
74 1
75 0
76 0
77 1
78 0
79 0
80 0
81 0
82 0
83 0
84 0
85 1
86 0
87 1
88 1
89 0
90 1
91 0
92 1
93 1
94 0
95 0
96 0
97 1
98 1
99 0
100 1
101 1
102 0
103 0
104 0
105 1
106 0
107 1
108 0
109 1
110 0
111 1
112 0
113 1
114 1
115 0
116 1
117 1
118 0
119 0
120 0
121 0
122 0
123 0
124 0
125 1
126 0
127 0
128 0
129 1
130 0
131 0
132 1
133 0
134 1
135 1
136 1
137 0
138 1
139 0
140 0
141 0
142 1
143 0
144 0
145 0
146 1
147 1
148 0
149 0
150 0
151 1
152 1
153 0
154 1
155 0
156 1
157 1
158 1
159 1
160 0
161 0
162 1
163 0
164 1
165 1
166 0
167 1
168 0
169 0
170 0
171 1
172 1
173 1
174 0
175 0
176 1
177 0
178 1
179 0
180 1
181 0
182 1
183 0
184 1
185 0
186 0
187 1
188 0
189 1
190 0
191 0
192 1
193 0
194 0
195 0
196 1
197 1
198 0
199 0
200 0
201 0
202 1
203 0
204 1
205 1
206 1
207 1
208 1
209 0
210 1
211 1
212 1
213 0
214 0
215 1
216 1
217 1
218 0
219 0
220 1
221 1
222 0
223 0
224 1
225 1
226 0
227 0
228 0
229 1
230 1
231 0
232 1
233 1
234 0
235 1
236 1
237 0
238 0
239 0
240 1
241 0
242 1
243 1
244 0
245 1
246 1
247 0
248 0
249 1
250 0
251 0
252 0
253 1
254 0
255 0
256 0
257 1
258 0
259 0
260 0
261 1
262 1
263 0
264 1
265 0
266 0
267 1
268 0
269 0
270 0
271 0
272 0
273 0
274 1
275 0
276 0
277 0
278 1
279 0
280 1
281 0
282 0
283 1
284 0
285 1
286 0
287 1
288 0
289 0
290 1
291 0
292 1
293 0
294 0
295 0
296 1
297 1
298 0
299 0
300 0
301 0
302 0
303 0
304 0
305 0
306 0
307 1
308 1
309 0
310 1
311 1
312 1
313 0
314 1
315 1
316 1
317 1
318 0
319 0
320 1
321 1
322 0
323 1
324 1
325 0
326 1
327 1
328 0
329 0
330 0
331 0
332 0
333 0
334 0
335 1
336 1
337 1
338 0
339 1
340 1
341 0
342 0
343 1
344 1
345 0
346 0
347 1
348 0
349 0
350 0
351 0
352 1
353 1
354 1
355 1
356 0
357 0
358 1
359 1
360 1
361 1
362 1
363 0
364 1
365 0
366 1
367 0
368 1
369 1
370 1
371 0
372 1
373 0
374 0
375 0
376 1
377 0
378 1
379 0
380 1
381 1
382 0
383 1
384 0
385 1
386 0
387 0
388 0
389 0
390 0
391 0
392 0
393 1
394 0
395 1
396 0
397 1
398 1
399 0
400 0
401 1
402 1
403 0
404 1
405 1
406 1
407 0
408 0
409 0
410 1
411 0
412 1
413 0
414 1
415 1
416 0
417 1
418 0
419 1
420 1
421 1
422 1
423 1
424 0
425 1
426 0
427 1
428 1
429 1
430 1
431 1
432 1
433 0
434 0
435 1
436 1
437 0
438 1
439 1
440 0
441 1
442 0
443 0
444 0
445 0
446 1
447 1
448 0
449 1
450 0
451 0
452 1
453 1
454 0
455 1
456 1
457 0
458 0
459 1
460 1
461 0
462 0
463 1
464 1
465 0
466 1
467 0
468 0
469 1
470 1
471 0
472 0
473 1
474 1
475 0
476 1
477 1
478 0
479 0
480 1
481 1
482 1
483 0
484 1
485 1
486 0
487 1
488 0
489 0
490 1
491 1
492 0
493 0
494 1
495 0
496 1
497 1
498 1
499 0
500 1
501 0
502 0
503 1
504 1
505 0
506 0
507 0
508 1
509 1
510 0
511 1
512 1
513 0
514 1
515 0
516 0
517 0
518 1
519 0
520 0
521 0
522 0
523 0
524 0
525 1
526 0
527 1
528 0
529 0
530 0
531 1
532 0
533 1
534 1
535 0
536 1
537 1
538 1
539 0
540 0
541 1
542 0
543 0
544 1
545 0
546 1
547 1
548 1
549 0
550 0
551 0
552 1
553 0
554 1
555 1
556 0
557 0
558 1
559 0
560 1
561 1
562 0
563 1
564 0
565 1
566 0
567 0
568 1
569 0
570 0
571 0
572 0
573 1
574 1
575 0
576 1
577 1
578 0
579 0
580 0
581 1
582 1
583 0
584 1
585 1
586 1
587 1
588 1
589 0
590 0
591 0
592 0
593 0
594 0
595 1
596 1
597 0
598 0
599 1
600 0
601 1
602 1
603 0
604 0
605 0
606 1
607 1
608 0
609 1
610 0
611 1
612 0
613 1
614 1
615 0
616 0
617 1
618 0
619 1
620 1
621 1
622 1
623 1
624 0
625 0
626 0
627 0
628 1
629 1
630 0
631 0
632 1
633 0
634 1
635 0
636 1
637 0
638 1
639 0
640 0
641 0
642 1
643 1
644 1
645 0
646 0
647 0
648 1
649 1
650 0
651 0
652 0
653 1
654 1
655 0
656 0
657 0
658 1
659 1
660 1
661 0
662 1
663 0
664 0
665 1
666 0
667 0
668 1
669 0
670 1
671 1
672 0
673 0
674 0
675 0
676 0
677 1
678 0
679 1
680 0
681 1
682 0
683 0
684 1
685 0
686 1
687 0
688 0
689 0
690 0
691 0
692 1
693 0
694 0
695 0
696 1
697 0
698 0
699 0
700 0
701 0
702 1
703 1
704 1
705 0
706 1
707 0
708 0
709 0
710 1
711 0
712 0
713 0
714 0
715 0
716 0
717 0
718 0
719 1
720 0
721 0
722 0
723 1
724 0
725 1
726 0
727 0
728 0
729 0
730 0
731 1
732 1
733 0
734 0
735 0
736 1
737 0
738 1
739 1
740 0
741 1
742 0
743 1
744 1
745 0
746 0
747 0
748 1
749 1
750 0
751 0
752 0
753 0
754 1
755 0
756 0
757 0
758 0
759 0
760 1
761 0
762 1
763 1
764 0
765 0
766 0
767 1
768 0
769 1
770 1
771 0
772 1
773 1
774 1
775 0
776 1
777 1
778 0
779 0
780 0
781 1
782 1
783 1
784 1
785 0
786 0
787 0
788 0
789 1
790 1
791 0
792 0
793 0
794 1
795 1
796 0
797 1
798 0
799 0
800 1
801 0
802 0
803 0
804 1
805 1
806 1
807 1
808 0
809 0
810 1
811 1
812 0
813 1
814 0
815 1
816 0
817 1
818 1
819 1
820 1
821 0
822 0
823 0
824 0
825 1
826 0
827 1
828 1
829 0
830 0
831 1
832 1
833 1
834 0
835 1
836 0
837 1
838 1
839 0
840 1
841 1
842 1
843 0
844 1
845 1
846 1
847 0
848 0
849 0
850 0
851 0
852 1
853 0
854 1
855 1
856 0
857 0
858 0
859 1
860 0
861 0
862 0
863 1
864 1
865 0
866 0
867 1
868 1
869 1
870 0
871 0
872 0
873 1
874 1
875 0
876 0
877 1
878 0
879 0
880 0
881 0
882 1
883 1
884 1
885 0
886 0
887 1
888 1
889 0
890 1
891 1
892 0
893 0
894 1
895 1
896 1
897 1
898 0
899 0
900 0
901 0
902 0
903 0
904 0
905 0
906 1
907 0
908 1
909 1
910 0
911 0
912 1
913 1
914 0
915 0
916 0
917 1
918 0
919 1
920 1
921 0
922 0
923 1
924 0
925 0
926 1
927 1
928 1
929 1
930 1
931 0
932 0
933 1
934 0
935 0
936 1
937 0
938 1
939 0
940 0
941 0
942 0
943 0
944 0
945 1
946 1
947 0
948 1
949 0
950 1
951 1
952 1
953 1
954 0
955 0
956 0
957 1
958 0
959 0
960 0
961 1
962 1
963 1
964 0
965 1
966 0
967 1
968 1
969 1
970 1
971 1
972 0
973 0
974 0
975 1
976 0
977 1
978 1
979 0
980 0
981 1
982 0
983 0
984 1
985 0
986 0
987 0
988 1
989 0
990 1
991 0
992 1
993 1
994 0
995 0
996 0
997 1
998 0
999 1
1000 0
1001 0
1002 1
1003 0
1004 1
1005 1
1006 1
1007 1
1008 0
1009 0
1010 0
1011 0
1012 0
1013 1
1014 1
1015 0
1016 1
1017 1
1018 0
1019 0
1020 1
1021 0
1022 0
1023 1
1024 1
1025 0
1026 1
1027 0
1028 1
1029 0
1030 0
1031 1
1032 1
1033 0
1034 0
1035 0
1036 0
1037 1
1038 1
1039 0
1040 1
1041 1
1042 0
1043 1
1044 0
1045 1
1046 1
1047 0
1048 1
1049 1
1050 1
1051 1
1052 0
1053 1
1054 0
1055 0
1056 0
1057 0
1058 1
1059 0
1060 0
1061 1
1062 0
1063 1
1064 0
1065 1
1066 1
1067 1
1068 1
1069 1
1070 0
1071 0
1072 0
1073 1
1074 0
1075 1
1076 0
1077 1
1078 1
1079 0
1080 0
1081 0
1082 0
1083 0
1084 1
1085 0
1086 0
1087 1
1088 1
1089 0
1090 0
1091 1
1092 0
1093 1
1094 0
1095 1
1096 0
1097 1
1098 0
1099 0
1100 0
1101 0
1102 0
1103 0
1104 1
1105 0
1106 1
1107 0
1108 1
1109 0
1110 1
1111 1
1112 1
1113 1
1114 1
1115 0
1116 0
1117 1
1118 0
1119 0
1120 0
1121 1
1122 1
1123 1
1124 1
1125 0
1126 1
1127 1
1128 1
1129 0
1130 1
1131 0
1132 1
1133 0
1134 0
1135 0
1136 0
1137 0
1138 0
1139 0
1140 1
1141 0
1142 0
1143 0
1144 0
1145 1
1146 0
1147 1
1148 1
1149 1
1150 0
1151 0
1152 1
1153 1
1154 0
1155 1
1156 0
1157 0
1158 1
1159 1
1160 1
1161 0
1162 0
1163 1
1164 1
1165 1
1166 1
1167 0
1168 1
1169 0
1170 1
1171 1
1172 1
1173 0
1174 1
1175 0
1176 0
1177 1
1178 1
1179 1
1180 0
1181 0
1182 1
1183 0
1184 1
1185 1
1186 0
1187 0
1188 1
1189 0
1190 0
1191 0
1192 0
1193 0
1194 1
1195 0
1196 0
1197 1
1198 1
1199 0
1200 0
1201 1
1202 1
1203 0
1204 0
1205 0
1206 1
1207 0
1208 0
1209 1
1210 0
1211 0
1212 0
1213 0
1214 1
1215 0
1216 0
1217 1
1218 1
1219 1
1220 1
1221 0
1222 1
1223 0
1224 1
1225 0
1226 1
1227 0
1228 0
1229 0
1230 0
1231 0
1232 1
1233 1
1234 0
1235 0
1236 1
1237 1
1238 0
1239 1
1240 1
1241 0
1242 1
1243 0
1244 1
1245 0
1246 1
1247 1
1248 0
1249 1
1250 0
1251 0
1252 0
1253 1
1254 1
1255 1
1256 0
1257 1
1258 1
1259 0
1260 1
1261 1
1262 0
1263 0
1264 1
1265 1
1266 0
1267 1
1268 1
1269 0
1270 1
1271 0
1272 1
1273 0
1274 1
1275 1
1276 0
1277 1
1278 0
1279 0
1280 1
1281 0
1282 0
1283 0
1284 0
1285 0
1286 0
1287 0
1288 1
1289 0
1290 1
1291 0
1292 1
1293 0
1294 1
1295 0
1296 0
1297 1
1298 0
1299 0
1300 0
1301 0
1302 1
1303 0
1304 0
1305 0
1306 0
1307 0
1308 0
1309 1
1310 0
1311 1
1312 1
1313 1
1314 1
1315 1
1316 0
1317 0
1318 0
1319 0
1320 0
1321 1
1322 1
1323 1
1324 0
1325 1
1326 1
1327 1
1328 0
1329 1
1330 0
1331 1
1332 0
1333 1
1334 0
1335 0
1336 0
1337 0
1338 1
1339 0
1340 1
1341 0
1342 1
1343 1
1344 0
1345 1
1346 0
1347 0
1348 1
1349 0
1350 1
1351 1
1352 0
1353 0
1354 1
1355 0
1356 0
1357 1
1358 0
1359 0
1360 0
1361 0
1362 0
1363 1
1364 0
1365 0
1366 1
1367 0
1368 0
1369 0
1370 0
1371 0
1372 0
1373 0
1374 1
1375 1
1376 0
1377 1
1378 1
1379 1
1380 0
1381 0
1382 1
1383 0
1384 0
1385 0
1386 0
1387 0
1388 1
1389 1
1390 0
1391 0
1392 1
1393 1
1394 1
1395 1
1396 1
1397 0
1398 0
1399 0
1400 1
1401 0
1402 0
1403 1
1404 1
1405 1
1406 1
1407 0
1408 0
1409 1
1410 1
1411 0
1412 0
1413 1
1414 0
1415 1
1416 0
1417 1
1418 1
1419 1
1420 0
1421 0
1422 1
1423 1
1424 1
1425 0
1426 1
1427 1
1428 1
1429 0
1430 1
1431 0
1432 0
1433 0
1434 0
1435 1
1436 0
1437 0
1438 0
1439 0
1440 1
1441 0
1442 1
1443 0
1444 0
1445 1
1446 0
1447 0
1448 1
1449 0
1450 0
1451 1
1452 0
1453 0
1454 0
1455 0
1456 1
1457 0
1458 1
1459 0
1460 1
1461 0
1462 0
1463 1
1464 0
1465 0
1466 0
1467 1
1468 0
1469 0
1470 0
1471 0
