1 0
2 1
3 1
4 0
5 1
6 1
7 1
8 1
9 0
10 0
11 0
12 1
13 1
14 1
15 0
16 0
17 0
18 0
19 1
20 1
21 1
22 0
23 0
24 0
25 1
26 1
27 0
28 1
29 1
30 0
31 1
32 1
33 0
34 1
35 0
36 1
37 1
38 0
39 1
40 1
41 1
42 0
43 0
44 0
45 1
46 0
47 1
48 0
49 0
50 1
51 1
52 1
53 0
54 0
55 1
56 1
57 1
58 0
59 0
60 0
61 1
62 0
63 0
64 0
65 0
66 1
67 0
68 1
69 1
70 1
71 1
72 1
73 0
74 1
75 1
76 0
77 1
78 0
79 1
80 0
81 0
82 1
83 0
84 0
85 1
86 1
87 1
88 0
89 1
90 0
91 0
92 0
93 1
94 0
95 0
96 1
97 1
98 0
99 0
100 1
101 0
102 1
103 1
104 1
105 0
106 0
107 0
108 1
109 1
110 0
111 1
112 0
113 0
114 0
115 1
116 1
117 1
118 1
119 0
120 0
121 0
122 0
123 0
124 1
125 1
126 0
127 0
128 0
129 0
130 0
131 0
132 0
133 1
134 1
135 0
136 0
137 1
138 0
139 1
140 0
141 0
142 1
143 1
144 1
145 1
146 1
147 1
148 1
149 0
150 0
151 0
152 0
153 0
154 1
155 0
156 1
157 0
158 1
159 0
160 1
161 0
162 1
163 0
164 1
165 0
166 0
167 1
168 0
169 1
170 1
171 0
172 0
173 1
174 1
175 0
176 0
177 1
178 1
179 1
180 1
181 0
182 1
183 0
184 1
185 1
186 1
187 0
188 0
189 1
190 0
191 1
192 1
193 0
194 0
195 1
196 1
197 1
198 0
199 1
200 1
201 1
202 1
203 1
204 1
205 1
206 0
207 1
208 0
209 0
210 1
211 1
212 1
213 1
214 0
215 0
216 0
217 1
218 1
219 1
220 1
221 1
222 1
223 0
224 0
225 1
226 1
227 0
228 0
229 0
230 0
231 0
232 1
233 0
234 0
235 1
236 1
237 1
238 0
239 1
240 0
241 0
242 0
243 1
244 1
245 0
246 0
247 1
248 0
249 1
250 0
251 1
252 1
253 0
254 1
255 1
256 1
257 1
258 0
259 1
260 1
261 0
262 0
263 0
264 1
265 0
266 0
267 0
268 1
269 0
270 1
271 0
272 0
273 1
274 1
275 0
276 0
277 1
278 1
279 1
280 1
281 0
282 1
283 0
284 1
285 1
286 1
287 0
288 1
289 0
290 1
291 0
292 0
293 1
294 1
295 1
296 1
297 0
298 0
299 0
300 0
301 1
302 0
303 0
304 1
305 0
306 0
307 0
308 1
309 0
310 1
311 0
312 1
313 1
314 0
315 0
316 1
317 0
318 1
319 0
320 1
321 0
322 0
323 0
324 1
325 1
326 0
327 1
328 1
329 0
330 1
331 1
332 0
333 1
334 0
335 0
336 0
337 0
338 0
339 1
340 0
341 0
342 0
343 0
344 1
345 1
346 1
347 1
348 1
349 1
350 0
351 0
352 1
353 1
354 0
355 0
356 0
357 0
358 1
359 1
360 1
361 0
362 1
363 0
364 0
365 0
366 1
367 0
368 0
369 0
370 1
371 0
372 0
373 0
374 1
375 0
376 0
377 1
378 0
379 0
380 1
381 0
382 1
383 0
384 0
385 0
386 1
387 0
388 1
389 0
390 1
391 0
392 0
393 1
394 1
395 1
396 0
397 1
398 0
399 1
400 0
401 1
402 1
403 0
404 1
405 0
406 1
407 1
408 0
409 0
410 0
411 1
412 1
413 1
414 1
415 0
416 1
417 1
418 1
419 0
420 1
421 0
422 0
423 1
424 1
425 0
426 1
427 0
428 1
429 1
430 1
431 0
432 1
433 1
434 0
435 0
436 1
437 1
438 1
439 0
440 1
441 0
442 1
443 0
444 0
445 1
446 0
447 0
448 0
449 1
450 1
451 1
452 0
453 0
454 0
455 0
456 1
457 0
458 1
459 0
460 1
461 1
462 1
463 1
464 1
465 0
466 0
467 1
468 1
469 0
470 0
471 0
472 0
473 0
474 1
475 1
476 1
477 0
478 0
479 1
480 0
481 1
482 1
483 1
484 0
485 0
486 1
487 0
488 1
489 1
490 0
491 0
492 1
493 1
494 0
495 1
496 1
497 0
498 1
499 1
500 1
501 1
502 0
503 1
504 0
505 1
506 1
507 0
508 1
509 1
510 1
511 1
512 0
513 0
514 1
515 1
516 0
517 1
518 1
519 0
520 1
521 1
522 1
523 0
524 0
525 1
526 0
527 1
528 1
529 0
530 1
531 0
532 1
533 0
534 0
535 1
536 1
537 1
538 0
539 1
540 1
541 1
542 0
543 1
544 0
545 1
546 0
547 1
548 0
549 1
550 0
551 0
552 1
553 1
554 0
555 1
556 0
557 0
558 1
559 0
560 0
561 1
562 0
563 1
564 1
565 1
566 0
567 0
568 1
569 0
570 1
571 0
572 1
573 1
574 1
575 1
576 0
577 0
578 1
579 1
580 0
581 0
582 0
583 0
584 0
585 0
586 1
587 0
588 1
589 1
590 0
591 1
592 1
593 0
594 1
595 0
596 0
597 1
598 0
599 1
600 1
601 0
602 1
603 1
604 0
605 1
606 0
607 1
608 1
609 0
610 0
611 1
612 1
613 1
614 0
615 1
616 0
617 0
618 1
619 1
620 1
621 1
622 0
623 0
624 1
625 0
626 1
627 1
628 1
629 0
630 1
631 0
632 1
633 0
634 1
635 0
636 1
637 0
638 1
639 1
640 1
641 0
642 0
643 1
644 0
645 0
646 1
647 1
648 0
649 1
650 1
651 0
652 0
653 1
654 1
655 0
656 1
657 0
658 1
659 0
660 1
661 1
662 0
663 0
664 1
665 0
666 1
667 0
668 1
669 0
670 0
671 0
672 0
673 1
674 0
675 0
676 0
677 0
678 0
679 1
680 0
681 0
682 0
683 1
684 0
685 0
686 1
687 1
688 0
689 1
690 1
691 0
692 1
693 0
694 0
695 1
696 1
697 0
698 0
699 1
700 0
701 1
702 1
703 0
704 1
705 1
706 1
707 0
708 0
709 0
710 0
711 1
712 1
713 0
714 1
715 0
716 0
717 0
718 1
719 1
720 1
721 0
722 0
723 0
724 0
725 0
726 1
727 1
728 0
729 0
730 0
731 1
732 0
733 0
734 0
735 0
736 1
737 0
738 1
739 1
740 1
741 1
742 1
743 1
744 1
745 1
746 1
747 0
748 1
749 0
750 1
751 0
752 1
753 0
754 1
755 0
756 1
757 1
758 0
759 1
760 1
761 0
762 0
763 0
764 1
765 0
766 0
767 0
768 0
769 1
770 0
771 0
772 0
773 1
774 1
775 0
776 0
777 0
778 1
779 0
780 1
781 1
782 1
783 1
784 0
785 1
786 0
787 1
788 1
789 0
790 0
791 0
792 0
793 1
794 1
795 1
796 1
797 0
798 0
799 1
800 1
801 0
802 1
803 0
804 0
805 0
806 1
807 0
808 0
809 1
810 1
811 1
812 1
813 1
814 1
815 0
816 0
817 1
818 0
819 1
820 0
821 0
822 0
823 0
824 1
825 0
826 0
827 0
828 0
829 1
830 0
831 0
832 0
833 0
834 1
835 1
836 0
837 1
838 1
839 1
840 0
841 1
842 0
843 0
844 0
845 1
846 1
847 1
848 1
849 0
850 1
851 0
852 0
853 1
854 0
855 0
856 1
857 1
858 1
859 1
860 1
861 1
862 0
863 0
864 1
865 0
866 0
867 0
868 0
869 1
870 1
871 1
872 1
873 1
874 0
875 1
876 1
877 1
878 0
879 1
880 0
881 1
882 1
883 0
884 0
885 1
886 0
887 1
888 1
889 0
890 0
891 1
892 1
893 1
894 0
895 1
896 0
897 0
898 0
899 0
900 1
901 1
902 0
903 0
904 1
905 0
906 1
907 1
908 0
909 0
910 0
911 1
912 0
913 0
914 0
915 1
916 0
917 0
918 1
919 0
920 1
921 0
922 1
923 1
924 0
925 0
926 0
927 1
928 0
929 0
930 1
931 0
932 1
933 1
934 0
935 1
936 1
937 1
938 1
939 0
940 1
941 0
942 1
943 1
944 0
945 0
946 1
947 0
948 1
949 1
950 0
951 0
952 1
953 0
954 1
955 0
956 1
957 1
958 0
959 0
960 1
961 0
962 1
963 1
964 0
965 1
966 1
967 0
968 0
969 1
970 0
971 0
972 0
973 0
974 1
975 0
976 1
977 0
978 1
979 0
980 0
981 0
982 1
983 1
984 1
985 0
986 1
987 1
988 0
989 1
990 0
991 0
992 0
993 1
994 1
995 1
996 0
997 1
998 0
999 0
1000 0
1001 0
1002 1
1003 1
1004 1
1005 1
1006 1
1007 0
1008 1
1009 1
1010 0
1011 0
1012 0
1013 1
1014 1
1015 1
1016 1
1017 0
1018 1
1019 0
1020 1
1021 1
1022 1
1023 1
1024 1
1025 0
1026 1
1027 1
1028 0
1029 0
1030 1
1031 0
1032 0
1033 1
1034 0
1035 0
1036 0
1037 0
1038 0
1039 1
1040 0
1041 0
1042 1
1043 1
1044 1
1045 1
1046 0
1047 1
1048 0
1049 0
1050 1
1051 0
1052 1
1053 0
1054 1
1055 0
1056 1
1057 0
1058 0
1059 1
1060 0
1061 1
1062 1
1063 0
1064 0
1065 0
1066 1
1067 1
1068 0
1069 1
1070 0
1071 1
1072 0
1073 1
1074 0
1075 0
1076 0
1077 1
1078 0
1079 1
1080 1
1081 1
1082 0
1083 1
1084 0
1085 1
1086 0
1087 0
1088 0
1089 0
1090 0
1091 0
1092 1
1093 1
1094 0
1095 0
1096 1
1097 1
1098 1
1099 1
1100 1
1101 0
1102 0
1103 0
1104 1
1105 0
1106 1
1107 1
1108 0
1109 0
1110 0
1111 1
1112 1
1113 1
1114 0
1115 0
1116 1
1117 0
1118 0
1119 1
1120 1
1121 1
1122 0
1123 0
1124 0
1125 0
1126 1
1127 1
1128 0
1129 1
1130 0
1131 1
1132 1
1133 1
1134 0
1135 1
1136 1
1137 0
1138 0
1139 0
1140 1
1141 1
1142 1
1143 1
1144 1
1145 1
1146 1
1147 1
1148 0
1149 0
1150 0
1151 0
1152 1
1153 0
1154 1
1155 0
1156 0
1157 1
1158 0
1159 1
1160 1
1161 0
1162 1
1163 1
1164 0
1165 0
1166 1
1167 0
1168 0
1169 0
1170 0
1171 1
1172 1
1173 0
1174 1
1175 0
1176 0
1177 0
1178 0
1179 1
1180 1
1181 1
1182 0
1183 0
1184 0
1185 0
1186 1
1187 1
1188 1
1189 0
1190 0
1191 0
1192 1
1193 0
1194 1
1195 1
1196 0
1197 0
1198 1
1199 0
1200 0
1201 0
1202 1
1203 0
1204 0
1205 0
1206 0
1207 1
1208 0
1209 1
1210 1
1211 0
1212 0
1213 1
1214 0
1215 0
1216 0
1217 0
1218 1
1219 0
1220 0
1221 0
1222 1
1223 0
1224 1
1225 0
1226 0
1227 1
1228 1
1229 0
1230 1
1231 0
1232 0
1233 1
1234 1
1235 1
1236 0
1237 1
1238 0
1239 1
1240 1
1241 0
1242 0
1243 0
1244 0
1245 1
1246 0
1247 0
1248 0
1249 1
1250 0
1251 0
1252 0
1253 0
1254 0
1255 1
1256 1
1257 1
1258 0
1259 1
1260 0
1261 0
1262 1
1263 1
1264 1
1265 0
1266 0
1267 1
1268 0
1269 1
1270 1
1271 0
1272 1
1273 0
1274 0
1275 0
1276 0
1277 0
1278 0
1279 1
1280 1
1281 0
1282 1
1283 0
1284 0
1285 1
1286 0
1287 0
1288 0
1289 0
1290 1
1291 1
1292 1
1293 1
1294 0
1295 1
1296 0
1297 0
1298 1
1299 0
1300 1
1301 0
1302 0
1303 0
1304 1
1305 1
1306 0
1307 0
1308 1
1309 1
1310 0
1311 0
1312 1
1313 1
1314 0
1315 0
1316 1
1317 0
1318 0
1319 1
1320 0
1321 1
1322 1
1323 0
1324 0
1325 0
1326 0
1327 1
1328 1
1329 0
1330 1
1331 0
1332 1
1333 0
1334 1
1335 0
1336 0
1337 0
1338 0
1339 1
1340 1
1341 1
1342 0
1343 0
1344 0
1345 1
1346 1
1347 0
1348 0
1349 1
1350 0
1351 0
1352 0
1353 1
1354 0
1355 0
1356 1
1357 0
1358 0
1359 1
1360 1
1361 1
1362 1
1363 0
1364 1
1365 1
1366 0
1367 1
1368 0
1369 1
1370 1
1371 0
1372 1
1373 1
1374 0
1375 0
1376 1
1377 0
1378 1
1379 1
1380 1
1381 0
1382 1
1383 0
1384 1
1385 1
1386 0
1387 0
1388 0
1389 1
1390 0
1391 1
1392 0
1393 1
1394 0
1395 1
1396 1
1397 1
1398 1
1399 1
1400 1
1401 0
1402 0
1403 0
1404 1
1405 1
1406 0
1407 1
1408 1
1409 0
1410 0
1411 0
1412 1
1413 0
1414 1
1415 1
1416 0
1417 0
1418 1
1419 0
1420 1
1421 1
1422 0
1423 0
1424 0
1425 1
1426 1
1427 0
1428 1
1429 1
1430 1
1431 0
1432 1
1433 1
1434 0
1435 0
1436 0
1437 0
1438 1
1439 1
1440 0
1441 1
1442 1
1443 1
1444 1
1445 1
1446 1
1447 0
1448 1
1449 1
1450 1
1451 0
1452 0
1453 0
1454 1
1455 0
1456 1
1457 1
1458 1
1459 0
1460 1
1461 0
1462 0
1463 0
1464 1
1465 0
1466 1
1467 0
1468 0
1469 1
1470 0
1471 1
