1 1
2 0
3 0
4 0
5 0
6 1
7 1
8 0
9 1
10 1
11 1
12 1
13 1
14 1
15 1
16 0
17 0
18 1
19 1
20 1
21 1
22 1
23 0
24 0
25 1
26 1
27 1
28 0
29 0
30 0
31 1
32 1
33 1
34 0
35 0
36 1
37 0
38 0
39 0
40 0
41 0
42 1
43 0
44 0
45 1
46 0
47 1
48 0
49 1
50 1
51 0
52 1
53 0
54 1
55 0
56 1
57 0
58 0
59 1
60 0
61 1
62 1
63 0
64 0
65 0
66 0
67 0
68 1
69 1
70 0
71 1
72 0
73 1
74 1
75 0
76 1
77 0
78 0
79 1
80 0
81 0
82 0
83 0
84 0
85 0
86 1
87 1
88 0
89 1
90 1
91 0
92 0
93 1
94 1
95 0
96 0
97 0
98 0
99 1
100 0
101 1
102 1
103 1
104 0
105 1
106 1
107 1
108 0
109 1
110 0
111 1
112 0
113 1
114 0
115 0
116 1
117 0
118 1
119 0
120 0
121 0
122 0
123 1
124 1
125 1
126 0
127 1
128 1
129 1
130 1
131 1
132 0
133 1
134 1
135 0
136 1
137 1
138 0
139 0
140 0
141 1
142 1
143 0
144 0
145 1
146 0
147 1
148 0
149 0
150 0
151 0
152 1
153 1
154 1
155 0
156 0
157 1
158 0
159 1
160 0
161 0
162 1
163 0
164 1
165 0
166 1
167 0
168 1
169 1
170 1
171 0
172 0
173 1
174 1
175 1
176 0
177 0
178 0
179 1
180 1
181 0
182 1
183 1
184 1
185 1
186 0
187 1
188 0
189 0
190 1
191 0
192 0
193 0
194 0
195 1
196 0
197 0
198 1
199 0
200 1
201 1
202 1
203 0
204 1
205 1
206 1
207 1
208 1
209 1
210 0
211 0
212 1
213 0
214 1
215 1
216 1
217 0
218 1
219 0
220 0
221 0
222 1
223 0
224 1
225 1
226 0
227 0
228 1
229 1
230 1
231 1
232 1
233 1
234 0
235 1
236 0
237 1
238 1
239 0
240 1
241 1
242 0
243 1
244 1
245 0
246 1
247 0
248 0
249 0
250 1
251 1
252 1
253 1
254 0
255 0
256 0
257 0
258 1
259 0
260 1
261 0
262 0
263 0
264 0
265 1
266 1
267 1
268 1
269 0
270 1
271 0
272 0
273 0
274 1
275 1
276 1
277 1
278 1
279 0
280 0
281 1
282 0
283 0
284 0
285 1
286 1
287 1
288 0
289 0
290 1
291 1
292 1
293 1
294 1
295 1
296 1
297 0
298 1
299 1
300 1
301 1
302 0
303 0
304 0
305 1
306 1
307 0
308 0
309 0
310 0
311 1
312 0
313 0
314 1
315 0
316 1
317 0
318 0
319 0
320 0
321 0
322 0
323 1
324 0
325 0
326 0
327 0
328 0
329 1
330 0
331 0
332 1
333 1
334 0
335 0
336 1
337 1
338 1
339 1
340 1
341 1
342 0
343 0
344 0
345 0
346 0
347 0
348 0
349 0
350 1
351 0
352 1
353 0
354 1
355 0
356 1
357 1
358 1
359 1
360 1
361 1
362 1
363 1
364 0
365 0
366 0
367 0
368 0
369 0
370 1
371 1
372 1
373 1
374 1
375 0
376 0
377 0
378 0
379 0
380 1
381 0
382 0
383 1
384 1
385 0
386 1
387 0
388 0
389 0
390 0
391 0
392 1
393 0
394 0
395 1
396 1
397 0
398 0
399 1
400 0
401 1
402 0
403 0
404 1
405 0
406 0
407 0
408 0
409 0
410 0
411 0
412 1
413 0
414 1
415 1
416 0
417 1
418 0
419 0
420 0
421 0
422 0
423 0
424 1
425 1
426 0
427 1
428 1
429 0
430 1
431 0
432 1
433 1
434 1
435 0
436 1
437 1
438 0
439 1
440 1
441 1
442 0
443 1
444 0
445 0
446 1
447 0
448 1
449 1
450 0
451 1
452 1
453 0
454 0
455 1
456 0
457 0
458 1
459 0
460 0
461 0
462 0
463 1
464 0
465 0
466 0
467 0
468 0
469 1
470 0
471 1
472 1
473 1
474 0
475 0
476 1
477 0
478 1
479 1
480 1
481 0
482 1
483 1
484 1
485 0
486 0
487 0
488 0
489 0
490 0
491 0
492 0
493 1
494 0
495 0
496 1
497 1
498 0
499 1
500 0
501 1
502 0
503 0
504 1
505 0
506 1
507 1
508 0
509 1
510 0
511 1
512 1
513 0
514 1
515 0
516 0
517 1
518 1
519 0
520 1
521 1
522 1
523 0
524 0
525 1
526 1
527 1
528 0
529 0
530 1
531 0
532 0
533 1
534 0
535 1
536 0
537 1
538 1
539 0
540 0
541 0
542 1
543 1
544 1
545 1
546 0
547 1
548 0
549 1
550 1
551 1
552 1
553 0
554 0
555 0
556 1
557 1
558 0
559 0
560 1
561 0
562 0
563 0
564 1
565 1
566 0
567 0
568 1
569 1
570 1
571 1
572 1
573 0
574 0
575 0
576 1
577 0
578 1
579 1
580 0
581 1
582 1
583 0
584 1
585 0
586 0
587 0
588 0
589 0
590 0
591 1
592 1
593 0
594 0
595 1
596 1
597 0
598 0
599 0
600 1
601 1
602 0
603 0
604 1
605 1
606 1
607 0
608 1
609 1
610 1
611 1
612 1
613 1
614 1
615 1
616 1
617 1
618 0
619 0
620 0
621 0
622 1
623 0
624 0
625 0
626 1
627 1
628 1
629 1
630 1
631 0
632 1
633 1
634 0
635 1
636 0
637 1
638 0
639 0
640 1
641 0
642 0
643 0
644 1
645 0
646 0
647 1
648 1
649 1
650 0
651 0
652 1
653 0
654 0
655 0
656 0
657 0
658 1
659 0
660 0
661 0
662 1
663 1
664 0
665 1
666 0
667 0
668 1
669 1
670 0
671 0
672 0
673 1
674 0
675 1
676 1
677 0
678 1
679 0
680 0
681 1
682 0
683 0
684 0
685 1
686 0
687 0
688 0
689 1
690 1
691 1
692 0
693 0
694 0
695 0
696 1
697 1
698 1
699 1
700 0
701 1
702 1
703 0
704 0
705 0
706 1
707 1
708 0
709 0
710 0
711 0
712 0
713 1
714 1
715 1
716 1
717 0
718 1
719 1
720 1
721 0
722 0
723 1
724 0
725 1
726 0
727 1
728 0
729 0
730 0
731 0
732 1
733 1
734 1
735 0
736 0
737 0
738 1
739 1
740 1
741 1
742 1
743 1
744 1
745 1
746 1
747 0
748 0
749 0
750 0
751 1
752 0
753 0
754 1
755 1
756 0
757 0
758 0
759 0
760 1
761 1
762 0
763 0
764 0
765 0
766 1
767 1
768 1
769 1
770 0
771 1
772 1
773 1
774 0
775 0
776 1
777 0
778 0
779 0
780 0
781 1
782 1
783 0
784 1
785 1
786 1
787 1
788 0
789 1
790 0
791 1
792 1
793 1
794 0
795 1
796 1
797 0
798 0
799 1
800 1
801 0
802 1
803 0
804 1
805 0
806 0
807 1
808 0
809 0
810 0
811 1
812 0
813 0
814 0
815 0
816 1
817 1
818 1
819 1
820 1
821 0
822 1
823 0
824 0
825 1
826 0
827 0
828 1
829 0
830 1
831 0
832 0
833 1
834 0
835 0
836 0
837 1
838 1
839 0
840 1
841 1
842 0
843 0
844 1
845 0
846 0
847 0
848 1
849 0
850 0
851 1
852 1
853 1
854 1
855 1
856 1
857 0
858 1
859 1
860 1
861 1
862 1
863 0
864 0
865 1
866 1
867 1
868 1
869 1
870 1
871 1
872 1
873 1
874 0
875 0
876 0
877 1
878 1
879 1
880 0
881 0
882 0
883 0
884 0
885 1
886 1
887 1
888 1
889 0
890 0
891 1
892 1
893 0
894 0
895 0
896 1
897 0
898 0
899 0
900 0
901 0
902 0
903 1
904 1
905 0
906 1
907 0
908 1
909 0
910 1
911 1
912 1
913 1
914 0
915 1
916 1
917 0
918 0
919 0
920 1
921 1
922 1
923 1
924 1
925 0
926 1
927 0
928 0
929 1
930 0
931 0
932 1
933 0
934 0
935 0
936 0
937 0
938 1
939 0
940 1
941 0
942 0
943 0
944 0
945 1
946 1
947 0
948 0
949 1
950 1
951 1
952 1
953 1
954 1
955 1
956 1
957 0
958 0
959 0
960 0
961 1
962 0
963 0
964 1
965 0
966 0
967 1
968 1
969 1
970 1
971 1
972 1
973 1
974 1
975 1
976 0
977 0
978 0
979 0
980 1
981 0
982 0
983 1
984 0
985 0
986 1
987 1
988 1
989 1
990 0
991 0
992 1
993 0
994 1
995 0
996 0
997 0
998 0
999 1
1000 0
1001 0
1002 1
1003 1
1004 1
1005 0
1006 0
1007 1
1008 1
1009 1
1010 1
1011 0
1012 0
1013 0
1014 1
1015 1
1016 0
1017 1
1018 0
1019 1
1020 0
1021 0
1022 1
1023 1
1024 1
1025 0
1026 1
1027 0
1028 0
1029 1
1030 1
1031 1
1032 1
1033 1
1034 1
1035 1
1036 0
1037 1
1038 1
1039 0
1040 0
1041 0
1042 1
1043 1
1044 1
1045 0
1046 0
1047 1
1048 0
1049 0
1050 0
1051 1
1052 0
1053 1
1054 1
1055 1
1056 0
1057 0
1058 1
1059 0
1060 0
1061 1
1062 0
1063 0
1064 0
1065 1
1066 0
1067 1
1068 0
1069 0
1070 0
1071 0
1072 0
1073 0
1074 0
1075 0
1076 0
1077 0
1078 0
1079 1
1080 0
1081 0
1082 0
1083 0
1084 0
1085 1
1086 1
1087 0
1088 1
1089 0
1090 1
1091 1
1092 1
1093 1
1094 0
1095 1
1096 0
1097 0
1098 1
1099 1
1100 1
1101 0
1102 1
1103 1
1104 1
1105 0
1106 1
1107 1
1108 1
1109 1
1110 1
1111 0
1112 0
1113 1
1114 0
1115 0
1116 1
1117 0
1118 1
1119 0
1120 1
1121 0
1122 1
1123 1
1124 0
1125 1
1126 1
1127 0
1128 0
1129 1
1130 1
1131 0
1132 1
1133 1
1134 0
1135 0
1136 0
1137 1
1138 0
1139 0
1140 0
1141 1
1142 0
1143 0
1144 1
1145 0
1146 1
1147 0
1148 0
1149 1
1150 1
1151 0
1152 1
1153 0
1154 0
1155 1
1156 0
1157 0
1158 1
1159 0
1160 0
1161 0
1162 0
1163 0
1164 1
1165 0
1166 0
1167 0
1168 0
1169 0
1170 1
1171 1
1172 0
1173 0
1174 0
1175 1
1176 1
1177 1
1178 0
1179 1
1180 1
1181 0
1182 0
1183 1
1184 0
1185 0
1186 1
1187 0
1188 0
1189 0
1190 1
1191 1
1192 0
1193 0
1194 1
1195 0
1196 1
1197 0
1198 1
1199 1
1200 0
1201 0
1202 0
1203 0
1204 0
1205 1
1206 1
1207 1
1208 0
1209 0
1210 0
1211 0
1212 0
1213 1
1214 0
1215 0
1216 1
1217 1
1218 1
1219 0
1220 1
1221 1
1222 1
1223 0
1224 0
1225 1
1226 1
1227 0
1228 1
1229 1
1230 0
1231 1
1232 0
1233 0
1234 0
1235 1
1236 1
1237 0
1238 0
1239 0
1240 0
1241 1
1242 0
1243 1
1244 0
1245 0
1246 0
1247 1
1248 1
1249 1
1250 0
1251 1
1252 0
1253 0
1254 1
1255 1
1256 1
1257 0
1258 0
1259 1
1260 1
1261 0
1262 0
1263 0
1264 1
1265 1
1266 0
1267 1
1268 0
1269 1
1270 0
1271 0
1272 1
1273 0
1274 0
1275 1
1276 1
1277 1
1278 1
1279 0
1280 0
1281 0
1282 1
1283 1
1284 1
1285 0
1286 0
1287 0
1288 0
1289 1
1290 0
1291 1
1292 0
1293 1
1294 1
1295 1
1296 1
1297 1
1298 1
1299 0
1300 1
1301 0
1302 0
1303 0
1304 1
1305 0
1306 0
1307 1
1308 1
1309 1
1310 1
1311 1
1312 1
1313 0
1314 0
1315 0
1316 1
1317 0
1318 0
1319 0
1320 0
1321 1
1322 1
1323 1
1324 1
1325 0
1326 0
1327 0
1328 0
1329 0
1330 1
1331 0
1332 0
1333 0
1334 0
1335 1
1336 0
1337 0
1338 1
1339 0
1340 0
1341 1
1342 0
1343 0
1344 1
1345 0
1346 1
1347 0
1348 1
1349 1
1350 0
1351 1
1352 0
1353 1
1354 1
1355 1
1356 1
1357 0
1358 1
1359 1
1360 1
1361 0
1362 1
1363 0
1364 1
1365 1
1366 1
1367 1
1368 0
1369 0
1370 0
1371 1
1372 0
1373 1
1374 1
1375 0
1376 0
1377 0
1378 0
1379 1
1380 0
1381 0
1382 1
1383 0
1384 0
1385 1
1386 1
1387 1
1388 1
1389 0
1390 0
1391 1
1392 1
1393 0
1394 0
1395 1
1396 0
1397 1
1398 1
1399 1
1400 1
1401 1
1402 1
1403 0
1404 1
1405 0
1406 0
1407 1
1408 0
1409 0
1410 1
1411 0
1412 0
1413 1
1414 0
1415 1
1416 1
1417 1
1418 1
1419 1
1420 0
1421 1
1422 0
1423 1
1424 1
1425 1
1426 1
1427 0
1428 0
1429 1
1430 1
1431 1
1432 1
1433 0
1434 1
1435 1
1436 1
1437 0
1438 1
1439 1
1440 1
1441 1
1442 0
1443 0
1444 1
1445 0
1446 0
1447 0
1448 0
1449 1
1450 1
1451 0
1452 0
1453 0
1454 1
1455 1
1456 0
1457 1
1458 0
1459 1
1460 1
1461 0
1462 1
1463 0
1464 0
1465 1
1466 0
1467 0
1468 0
1469 0
1470 0
1471 1
