2243
805
963
1209
465
1660
1198
701
1701
912
1137
418
2382
1152
1601
2643
1840
2804
1769
2842
556
1052
2866
2666
2345
2127
2462
2122
847
798
154
245
640
1419
486
1608
1944
2886
2150
92
721
1996
2113
1507
1483
288
2133
583
287
2823
2410
156
652
1258
1711
2017
2062
1748
1822
1866
450
405
1118
1932
1110
72
610
1771
2581
2586
376
2667
1271
458
1908
498
142
1622
1852
2893
977
367
1290
1178
2041
433
1777
1374
2295
2517
1704
2175
2710
926
725
354
2526
1502
240
1039
807
671
1330
1369
2776
119
495
1611
1010
1112
2136
2771
781
1240
1034
2777
153
1130
1795
802
2723
2799
15
2423
2742
2556
504
2424
1371
1896
189
1555
877
1550
784
2733
1046
2488
426
1782
1692
1602
1883
374
2346
2111
2362
2083
497
1596
2108
2525
2441
553
143
270
934
1903
1894
1864
887
1073
1026
1413
2277
1799
2726
1575
1303
2835
720
1528
985
1656
311
1125
1147
726
2937
2137
2086
432
2632
62
1933
848
1845
1925
1245
373
1409
707
2727
780
1058
1326
250
1342
1191
1951
2508
769
588
1853
1084
1104
1839
922
2936
1128
2619
1786
297
1415
1175
474
1788
1301
2688
2766
228
1620
2069
417
381
2130
2168
2522
2070
2237
1547
939
1367
43
499
1428
1446
1792
203
2002
1108
552
2820
1717
2706
2868
430
2584
1727
1632
2333
2855
2670
2702
634
1109
2536
649
2197
1707
2617
973
1365
1880
1457
1400
165
1763
1509
628
1063
2909
2898
322
2157
2861
141
925
1854
510
33
1382
1551
2057
2398
1603
1252
2847
1269
2642
2468
750
1476
1760
2281
2009
576
2770
1381
128
320
2305
767
2126
1404
91
1791
2366
2639
302
5
2093
360
1976
816
2091
1359
491
2226
741
1437
109
202
1825
1376
714
2741
359
4
821
2687
555
1054
1946
1633
2938
1383
844
1531
1265
254
1843
1281
190
885
2882
2393
2012
69
2648
2368
1691
1560
101
1728
1032
1023
2813
1888
595
2527
1964
2864
867
327
988
2403
1749
94
480
1064
1151
1598
1264
2142
1862
2313
2019
2594
806
233
2828
682
1987
431
1315
2878
1257
1954
1411
2713
2148
1115
2193
2597
2103
1554
850
2329
1684
2788
1323
275
2378
2884
2708
1218
2889
2348
1832
1669
2392
484
2296
2668
204
2123
1347
2612
2695
1094
2900
1615
508
2698
2577
2278
1595
2228
2206
1681
264
349
2699
2430
2351
1454
1444
134
779
1490
2663
1150
198
1849
2587
328
1794
2406
2065
525
2750
2772
2220
2191
2922
2519
2322
2431
226
1025
1280
994
1695
2311
1327
2075
676
2272
326
1041
1796
2101
2098
1103
1143
665
1851
1740
1538
1973
1254
626
765
2279
2694
1395
144
51
2261
886
35
2284
234
2832
2501
1826
1609
2483
1040
161
1936
1941
1435
834
1160
2341
1619
2176
2579
1311
334
2848
1036
2682
2458
1577
2211
2571
2055
1889
1923
947
1999
1783
2546
1995
1957
764
2652
2247
2580
2304
2816
980
584
1349
1358
2815
2460
2659
1873
1506
1519
2227
2334
804
566
906
909
370
14
257
1808
2555
819
1715
1045
1654
2347
75
1930
2923
285
2173
199
2196
892
2020
2655
400
292
1420
2274
534
518
470
2793
1823
758
724
1750
435
1276
1335
2429
1353
1618
2047
2167
1062
1119
2021
1765
2268
1913
1890
772
1360
951
193
406
2927
45
2920
1319
2399
246
1048
916
503
2530
811
955
1546
1170
1126
1405
1997
1884
2516
2121
2718
1578
2260
2626
565
2883
2353
1558
791
1221
958
992
2737
392
74
1059
1423
2422
2326
2097
444
1635
1924
2125
2361
2644
1922
500
1495
949
1667
120
869
83
2621
607
578
2821
1090
582
960
1563
2124
1733
88
876
2263
1445
2234
1806
2114
1248
2359
1678
713
3
466
694
1958
1449
2540
1872
998
2426
227
661
1831
1813
1751
1452
1204
1952
1537
1047
1955
2752
2450
1456
2495
1757
2745
437
2117
664
212
2212
528
362
1037
460
19
2510
1067
2375
1284
2352
428
837
339
2396
194
2705
609
2195
338
941
80
1474
858
68
1616
2027
1098
1089
2252
2576
1113
2090
1333
1051
1644
1960
1836
2436
107
790
691
1408
1292
1671
2332
2790
1606
2591
1434
1610
1738
2314
2163
524
2740
1716
1536
1195
1085
690
1504
178
745
2376
2926
841
2054
2905
2236
26
748
1867
987
2680
2239
1726
137
1318
2094
2118
279
1698
785
18
397
2061
2857
1162
2622
1676
722
1156
1518
481
2562
539
2034
2711
975
2521
1402
1033
1805
1092
1911
2256
1956
1703
2386
1938
1306
656
461
2674
1735
2719
1959
1005
2841
614
2267
384
2409
763
1572
455
2675
1865
2084
1114
2466
1345
115
2160
1710
687
70
1614
2235
34
438
1517
1545
1
2661
2715
2349
61
1028
600
613
1477
1008
2592
2697
1725
2338
99
1915
1744
1891
2874
2753
2221
459
2354
2230
604
1630
493
1927
593
294
347
1157
914
415
948
2724
1117
842
105
372
1324
523
938
563
1200
1857
419
1177
1674
1188
1203
2837
1905
1282
950
2601
1586
2939
1120
2404
160
2744
2716
2474
36
16
606
1581
641
1287
1351
1295
636
443
330
1256
1641
462
853
2058
1532
2288
343
2337
1810
2482
797
2291
1482
815
859
1909
1070
1653
2520
762
1030
1811
1585
420
699
663
944
2182
1331
1487
1812
2801
1392
1723
1091
172
1975
2089
1793
2683
2872
930
1053
2356
2797
698
2030
1133
2603
2053
2657
1819
2447
2052
1124
881
852
1764
1885
2174
357
1761
2623
1484
2383
2917
222
184
2921
2110
2795
608
2024
2085
2507
386
1824
1190
506
126
1935
2259
2932
549
2365
1196
744
2906
1953
1617
2165
1668
1658
2535
132
413
1746
2856
425
2189
2590
2407
2908
536
364
2463
210
739
1753
929
289
2258
2912
2390
1015
2389
24
1341
2327
2316
1576
1588
2324
2930
124
1291
2786
2287
2829
81
2760
396
2692
318
1787
1427
1700
623
2161
1451
991
1679
903
2242
2147
2636
1657
238
2224
1106
932
1154
1068
112
550
1651
1855
580
1285
1856
1696
1607
1111
476
857
846
2158
2734
1672
942
1214
2598
717
653
303
1009
2887
207
1142
1820
2633
2169
771
133
657
283
515
1314
1042
2183
1989
394
2819
680
2380
1565
2140
860
2413
324
647
104
589
2570
591
1079
2203
1910
2029
561
1887
1317
1818
2071
1533
2717
273
2500
543
2233
1275
1440
768
2573
73
952
793
1759
567
335
1259
646
56
712
2317
22
2076
1980
2845
1647
1803
1898
2308
996
783
2292
2420
2310
2625
1038
95
1505
2492
2186
2300
825
2358
1390
668
2503
410
1847
2499
2618
1492
2087
108
2672
2369
180
442
2154
1789
2782
1835
796
2736
477
1520
1385
1011
1663
2881
673
638
1361
382
281
402
216
2074
1705
505
138
1988
2627
1334
774
63
293
1056
2863
2139
1967
436
2541
849
2048
1255
1211
2513
1591
2164
1478
1778
874
617
931
572
2691
908
463
1983
2763
197
2320
971
862
188
2088
2826
2188
648
1499
2846
312
1494
2843
2210
541
1741
2514
766
2596
727
1514
2339
1422
356
1513
1165
171
1101
53
818
1201
1241
2033
2807
2610
113
1645
2628
1363
1270
2299
185
2802
13
605
554
2370
111
2537
65
982
1985
990
401
1767
2539
911
545
249
642
472
1665
2575
1991
2023
336
2605
1336
2166
11
658
571
2028
1693
2808
2469
619
2004
268
1013
635
1650
896
2765
923
2005
127
1722
1414
2779
1289
981
2031
2036
1237
520
742
1664
2809
1821
2476
899
2838
864
1986
2415
1183
1222
427
1393
594
2209
1410
261
2567
2484
398
1468
2285
1773
1523
1464
861
1762
146
577
2664
581
2219
295
1950
1407
58
1508
592
1834
452
1155
152
1829
2529
2564
509
529
1328
2585
1574
685
2647
1485
2364
1049
380
2749
1552
1841
2498
301
2105
2419
440
558
2063
2548
1406
1006
1481
2425
757
1403
1863
560
441
956
1948
1524
1122
1800
1774
1833
1458
2309
2606
2929
271
59
2528
2141
219
535
1448
1205
1489
1567
2751
2435
2759
1083
1900
894
1858
27
851
1197
1977
155
1074
2149
2306
445
1535
832
2229
206
667
2679
325
2650
344
1460
1470
2433
1670
1272
490
2761
2439
32
999
1354
2388
2812
1299
2569
1521
10
117
1194
732
2746
2904
1132
2
139
1207
2427
1210
2273
865
1675
773
2385
2271
2775
1158
1121
2073
792
1814
12
2552
451
2810
1990
770
612
449
730
1475
1310
20
409
557
2818
799
2312
1816
39
2128
2387
365
1253
1661
1035
1246
1309
265
404
1235
1141
1453
2010
2489
519
1859
1790
2330
872
2689
2037
175
863
1343
789
329
754
1380
2561
1899
2162
2384
2730
1926
2545
40
2198
1781
621
808
590
639
2453
917
345
77
489
921
1493
586
2254
1556
945
2609
220
346
1677
1779
2414
507
323
1736
1418
1233
2792
2549
259
902
736
884
278
747
1904
2755
252
1629
1231
1096
1754
262
342
1912
1512
2131
1267
448
1634
2153
2046
1294
1626
446
2112
910
363
393
1543
1438
256
2056
835
1163
1388
423
918
2257
2416
562
1604
2491
1097
1372
1541
1981
422
485
2918
2859
243
1293
924
964
1127
186
1838
1921
2217
1709
632
2171
751
2767
2593
377
1153
125
251
620
2336
1568
603
1161
2806
711
100
2145
2902
800
2185
540
487
2432
2473
734
2497
1690
943
2888
211
2039
615
471
66
1004
2543
1713
533
309
1605
2899
2676
761
696
1643
1401
1060
1640
2924
708
391
170
1273
624
352
2811
1809
688
2077
1942
1426
1249
2394
1268
2565
2624
1168
1939
695
1217
1443
0
1186
1525
235
1994
2721
341
1384
1088
319
2651
898
2758
353
1174
627
96
1673
1238
305
735
1718
2202
2480
1322
978
697
1522
666
1919
403
2712
2170
1441
2461
2732
2703
366
2014
277
276
1234
2192
1244
379
1134
2440
644
407
1686
1682
968
317
1250
2764
1093
1300
2704
1159
737
282
290
174
2615
907
1394
625
670
1544
643
1455
1316
1173
375
1860
306
496
1584
2448
97
1914
703
2554
1247
574
123
2858
1182
651
1694
1087
1242
2307
1491
1339
2454
2253
2817
424
1992
1570
746
2532
6
1931
826
2850
387
2754
810
1928
1399
2728
1368
2707
678
1961
1002
1802
2438
482
2079
1804
723
76
2588
1279
1600
1140
828
473
1199
1579
1329
2323
2933
2092
78
2067
679
1766
856
102
2374
749
901
2040
2340
1206
1971
2282
1278
118
547
1044
1387
2184
2190
1433
2836
2251
2865
494
230
1389
843
163
2218
2250
2467
2208
1564
1943
7
1984
247
1815
2505
2000
2315
1562
2506
340
2232
2377
2402
597
2022
2662
1189
675
551
1729
1266
1798
41
1283
348
1827
2172
2827
2231
1215
1081
2578
2151
2400
150
1756
710
2607
513
883
1027
1001
733
1442
2068
468
2620
1429
1184
44
2207
2566
2894
2875
2934
706
390
2080
570
1243
1228
787
1136
2381
1561
1625
2791
1742
1370
1580
2115
672
1479
2011
149
1998
208
900
1313
1225
866
738
1966
1869
1100
2177
1772
915
1947
1734
2043
548
1000
937
1298
1466
1594
752
974
2451
205
669
447
2559
2722
2321
2725
2293
1593
1138
2216
2303
1775
483
2928
782
2319
822
2280
1095
2342
399
2417
488
2701
2335
2397
913
182
331
1229
2289
2824
1639
2640
1263
2178
579
1467
568
310
1573
1875
478
1355
1181
1260
131
1321
2104
1897
272
1542
760
786
1262
775
1337
2464
1683
49
2789
1881
1730
2452
2614
2405
904
1398
2531
2860
2635
1929
1837
159
253
296
953
1139
2199
1022
854
2673
2743
2248
2654
2015
25
46
2747
2582
1488
1031
1439
702
882
1080
2328
1830
997
79
2885
2572
2538
1917
718
1732
192
1236
1876
2879
2738
756
492
2357
1069
2613
1649
512
232
2059
284
2602
2421
2739
1018
350
1364
1216
1274
559
2798
2599
1357
1920
2051
928
1797
1621
453
2803
2187
1612
966
2774
82
1597
1916
2785
2762
1072
2629
1288
1378
1978
1379
1934
1430
743
2044
173
596
457
879
2563
2714
2638
1516
2042
2350
2873
162
2645
601
1078
686
2700
269
2862
1148
2658
136
2343
2748
1202
1176
1305
2649
927
52
1540
511
2391
1436
1501
248
1699
2916
1019
9
2834
2449
2102
2255
2778
1534
1149
2475
2213
1688
1743
905
2735
1169
1689
1224
984
64
1828
2120
1416
237
2534
840
2007
1465
954
2574
314
1223
1145
1396
1472
157
1871
2205
1412
1589
1297
2001
2515
2264
2159
2880
201
1599
2914
2557
616
983
1842
2685
2225
2512
2045
1007
2608
2720
2496
90
611
1185
830
871
389
103
2100
2146
2434
307
2931
1208
630
2686
1172
1230
28
631
2129
1652
893
1461
2428
2269
719
2445
1471
1529
388
1421
385
1553
2411
715
1473
2465
602
959
2477
168
1065
2558
1146
961
795
1963
521
89
1712
1752
889
1807
891
1895
2660
1469
1624
1307
2709
1548
475
2194
2822
2830
935
2238
1486
2412
1320
1850
1974
1340
1982
1193
187
1745
2518
129
224
2245
55
827
1962
2907
1892
1432
429
1075
2060
378
2290
2134
2401
2604
1747
2478
456
2486
1642
2646
709
1417
2179
2442
147
416
71
315
2731
692
530
2481
1569
286
2773
946
1239
2794
1261
2851
532
622
1066
845
164
158
1706
2395
1685
1511
2768
1425
2298
1498
2372
8
1571
1082
731
1937
1366
2871
2935
1877
355
1377
1648
2099
517
839
48
788
2119
2756
1308
1945
1057
1213
700
106
875
2631
2244
411
383
140
223
824
880
2634
2032
2155
2825
260
2669
369
919
181
870
1940
1559
145
135
1708
2443
1592
2611
1724
2003
1879
242
2693
1874
1480
633
1356
1993
2025
514
957
683
1086
239
809
371
650
645
2941
2890
195
2109
333
1296
1590
2630
2262
1680
2589
544
753
57
2240
2925
526
2504
469
116
274
2064
1043
777
585
412
801
794
637
2201
970
965
1583
361
2156
522
454
659
2849
967
1077
2275
674
833
30
47
936
1582
2915
2266
1861
1965
1768
873
1350
2681
1719
2595
2200
531
1659
1844
84
895
218
2006
933
2470
313
1918
2318
464
2839
2913
122
2690
98
1497
67
1192
1102
1459
1304
2869
1801
2911
1055
2265
573
2487
2116
337
1227
221
2814
439
2524
681
2656
1848
1424
2677
1447
1286
2854
2095
2297
2016
1906
1352
2455
2800
778
1901
166
2379
1500
2143
1638
1697
1739
1017
167
2363
1220
868
1780
2479
1020
1655
2511
1496
1014
2018
890
897
888
2283
2551
1566
1167
60
2616
1116
1557
986
1714
516
855
1646
2653
1817
151
969
1515
2144
684
2892
838
542
2877
2641
995
1949
1099
176
976
93
1893
2249
2276
1346
1770
2493
812
1166
1219
1016
1302
2903
2637
740
1970
2026
2294
1687
1587
421
1878
23
2568
1846
2223
1462
2457
1784
2490
2344
677
569
814
629
2940
501
1029
1061
263
1868
599
1076
2844
2286
2891
2152
704
2684
2270
2325
85
2781
1627
2106
2373
537
1731
1144
2360
1539
1431
823
351
2081
2222
241
2331
1510
2107
831
2008
1338
502
298
878
598
2050
2301
54
1187
1012
1907
1021
408
2896
2769
38
2135
2852
148
2544
705
1968
50
803
1362
42
979
2302
2583
214
395
2757
1164
1636
716
87
291
244
1527
2367
2784
308
209
2437
2459
2246
662
1902
2876
1344
2078
1702
729
836
728
2901
1969
2456
358
1463
2418
1758
2919
1737
1107
2035
575
2805
1050
618
1232
993
972
17
258
86
1886
479
1503
2833
817
962
179
1637
29
2204
2671
114
236
1312
1755
693
920
2542
2547
2831
368
215
527
1180
321
304
587
414
2509
2867
1662
1105
2180
2215
1179
2533
110
1131
2910
755
21
2371
266
1628
2780
1375
2472
1613
300
654
2214
231
280
820
2096
2553
2494
940
316
196
121
2355
1972
2550
2138
2560
2132
2485
1171
2840
1071
213
1776
183
2082
2502
1226
177
217
332
829
1277
2783
1325
1129
1373
1450
1391
1024
191
2600
169
200
2796
2444
2408
299
989
1979
2523
538
1530
225
130
1631
655
229
2870
1785
434
813
2072
1882
689
1666
1386
1212
1870
2853
1721
2895
2897
37
2066
2241
1397
1623
1332
564
467
776
2049
1720
2696
1123
1348
267
1003
2446
2787
2665
1526
2729
2013
660
1135
1251
31
1549
2181
759
546
2038
2471
255
2678

