1 1
2 0
3 0
4 1
5 1
6 0
7 1
8 1
9 0
10 0
11 1
12 1
13 0
14 1
15 0
16 0
17 1
18 1
19 0
20 0
21 1
22 1
23 0
24 0
25 1
26 0
27 0
28 1
29 1
30 1
31 0
32 0
33 0
34 1
35 1
36 0
37 1
38 1
39 1
40 0
41 0
42 1
43 0
44 1
45 1
46 1
47 0
48 1
49 0
50 0
51 1
52 1
53 1
54 0
55 0
56 1
57 0
58 1
59 1
60 1
61 1
62 0
63 0
64 1
65 1
66 0
67 1
68 0
69 0
70 1
71 0
72 1
73 1
74 0
75 1
76 0
77 1
78 1
79 1
80 1
81 1
82 1
83 0
84 1
85 1
86 1
87 1
88 1
89 0
90 0
91 1
92 0
93 0
94 0
95 1
96 1
97 1
98 0
99 0
100 1
101 0
102 0
103 1
104 1
105 1
106 1
107 0
108 0
109 1
110 1
111 1
112 0
113 0
114 0
115 0
116 0
117 1
118 1
119 1
120 0
121 0
122 0
123 0
124 0
125 1
126 1
127 0
128 1
129 1
130 1
131 1
132 0
133 1
134 0
135 1
136 0
137 0
138 0
139 0
140 0
141 1
142 0
143 0
144 1
145 1
146 1
147 0
148 1
149 1
150 0
151 0
152 1
153 1
154 0
155 1
156 1
157 1
158 0
159 1
160 0
161 1
162 1
163 0
164 0
165 0
166 0
167 1
168 0
169 0
170 1
171 0
172 0
173 0
174 0
175 0
176 0
177 0
178 0
179 0
180 0
181 1
182 0
183 0
184 1
185 1
186 1
187 1
188 0
189 0
190 0
191 0
192 1
193 1
194 0
195 0
196 1
197 1
198 0
199 1
200 1
201 0
202 1
203 1
204 0
205 0
206 1
207 1
208 0
209 1
210 1
211 0
212 0
213 1
214 0
215 1
216 0
217 1
218 1
219 1
220 0
221 1
222 0
223 1
224 0
225 1
226 1
227 0
228 1
229 1
230 0
231 0
232 1
233 0
234 1
235 1
236 1
237 0
238 0
239 1
240 1
241 0
242 1
243 0
244 1
245 0
246 1
247 0
248 0
249 1
250 0
251 1
252 1
253 0
254 0
255 1
256 1
257 0
258 0
259 1
260 0
261 0
262 0
263 1
264 1
265 0
266 0
267 1
268 0
269 1
270 0
271 0
272 0
273 1
274 1
275 0
276 0
277 1
278 0
279 1
280 0
281 1
282 1
283 0
284 1
285 0
286 1
287 0
288 1
289 0
290 1
291 0
292 1
293 1
294 0
295 0
296 0
297 1
298 0
299 1
300 0
301 1
302 0
303 1
304 0
305 0
306 0
307 1
308 1
309 0
310 0
311 1
312 0
313 0
314 0
315 1
316 0
317 1
318 0
319 0
320 0
321 1
322 0
323 1
324 0
325 1
326 1
327 1
328 1
329 1
330 0
331 0
332 1
333 1
334 1
335 1
336 0
337 0
338 0
339 1
340 0
341 0
342 1
343 0
344 0
345 1
346 1
347 1
348 1
349 1
350 1
351 0
352 0
353 0
354 1
355 1
356 0
357 1
358 1
359 1
360 1
361 1
362 1
363 0
364 1
365 0
366 1
367 1
368 1
369 1
370 0
371 0
372 1
373 1
374 0
375 0
376 1
377 1
378 0
379 0
380 0
381 1
382 0
383 1
384 1
385 1
386 1
387 0
388 0
389 1
390 0
391 1
392 1
393 1
394 0
395 0
396 0
397 0
398 0
399 1
400 1
401 0
402 0
403 1
404 0
405 1
406 0
407 0
408 0
409 1
410 0
411 1
412 1
413 1
414 0
415 1
416 0
417 1
418 0
419 0
420 0
421 0
422 0
423 0
424 0
425 0
426 1
427 0
428 1
429 1
430 0
431 0
432 0
433 1
434 1
435 0
436 0
437 1
438 1
439 1
440 1
441 1
442 0
443 1
444 1
445 0
446 0
447 0
448 0
449 1
450 0
451 0
452 1
453 0
454 0
455 0
456 0
457 1
458 1
459 1
460 1
461 0
462 1
463 1
464 1
465 0
466 0
467 1
468 1
469 1
470 0
471 1
472 0
473 0
474 1
475 0
476 1
477 1
478 1
479 1
480 1
481 0
482 0
483 1
484 0
485 0
486 1
487 1
488 0
489 0
490 0
491 0
492 1
493 0
494 1
495 0
496 0
497 1
498 0
499 0
500 0
501 1
502 0
503 1
504 0
505 1
506 1
507 0
508 0
509 0
510 0
511 0
512 1
513 0
514 1
515 0
516 1
517 0
518 0
519 0
520 1
521 0
522 1
523 0
524 1
525 1
526 1
527 1
528 0
529 0
530 0
531 0
532 1
533 1
534 1
535 1
536 1
537 1
538 0
539 1
540 1
541 0
542 0
543 0
544 1
545 1
546 0
547 0
548 0
549 0
550 1
551 0
552 1
553 0
554 1
555 0
556 0
557 1
558 1
559 1
560 1
561 0
562 1
563 1
564 1
565 1
566 1
567 1
568 1
569 0
570 0
571 1
572 1
573 1
574 0
575 0
576 0
577 1
578 0
579 1
580 0
581 1
582 1
583 1
584 1
585 1
586 0
587 0
588 1
589 1
590 0
591 0
592 0
593 1
594 0
595 0
596 1
597 0
598 1
599 0
600 1
601 0
602 0
603 0
604 1
605 0
606 1
607 0
608 1
609 0
610 1
611 0
612 1
613 1
614 1
615 0
616 0
617 1
618 0
619 0
620 0
621 0
622 0
623 1
624 0
625 1
626 0
627 0
628 1
629 1
630 0
631 0
632 0
633 0
634 0
635 0
636 1
637 0
638 0
639 1
640 1
641 0
642 0
643 0
644 0
645 1
646 1
647 1
648 1
649 1
650 0
651 1
652 1
653 0
654 1
655 0
656 1
657 0
658 0
659 0
660 0
661 0
662 1
663 1
664 0
665 1
666 0
667 1
668 1
669 1
670 0
671 1
672 1
673 0
674 1
675 1
676 1
677 0
678 0
679 1
680 1
681 0
682 0
683 1
684 1
685 1
686 0
687 0
688 1
689 0
690 1
691 1
692 0
693 1
694 0
695 0
696 1
697 1
698 0
699 0
700 0
701 0
702 0
703 1
704 1
705 1
706 0
707 0
708 1
709 0
710 0
711 0
712 1
713 0
714 0
715 1
716 0
717 1
718 0
719 0
720 0
721 1
722 0
723 1
724 1
725 0
726 0
727 0
728 0
729 1
730 1
731 1
732 1
733 1
734 1
735 0
736 1
737 1
738 1
739 1
740 0
741 1
742 1
743 0
744 1
745 0
746 0
747 0
748 0
749 1
750 1
751 0
752 1
753 0
754 0
755 1
756 1
757 1
758 0
759 1
760 0
761 1
762 1
763 1
764 0
765 1
766 0
767 0
768 0
769 1
770 0
771 0
772 1
773 1
774 1
775 1
776 1
777 1
778 1
779 1
780 0
781 1
782 0
783 0
784 0
785 1
786 1
787 0
788 0
789 0
790 0
791 1
792 1
793 0
794 1
795 1
796 1
797 0
798 1
799 1
800 1
801 1
802 0
803 0
804 0
805 1
806 1
807 1
808 1
809 0
810 1
811 0
812 0
813 1
814 1
815 1
816 1
817 1
818 0
819 0
820 1
821 1
822 0
823 1
824 1
825 0
826 1
827 0
828 0
829 1
830 1
831 0
832 0
833 0
834 1
835 0
836 1
837 1
838 0
839 0
840 1
841 0
842 0
843 1
844 1
845 1
846 0
847 0
848 1
849 1
850 1
851 1
852 0
853 1
854 1
855 1
856 1
857 0
858 0
859 1
860 1
861 1
862 1
863 0
864 1
865 0
866 0
867 0
868 1
869 1
870 1
871 1
872 1
873 0
874 1
875 0
876 1
877 0
878 1
879 0
880 0
881 1
882 1
883 1
884 1
885 0
886 0
887 1
888 0
889 1
890 0
891 0
892 1
893 0
894 0
895 0
896 0
897 0
898 0
899 1
900 0
901 1
902 1
903 0
904 1
905 0
906 1
907 1
908 1
909 0
910 0
911 1
912 0
913 0
914 0
915 0
916 1
917 1
918 1
919 0
920 0
921 1
922 1
923 1
924 1
925 1
926 0
927 0
928 1
929 0
930 1
931 0
932 0
933 0
934 0
935 1
936 0
937 0
938 1
939 1
940 0
941 0
942 0
943 0
944 1
945 1
946 0
947 0
948 0
949 0
950 1
951 1
952 0
953 1
954 0
955 0
956 0
957 0
958 1
959 0
960 1
961 0
962 1
963 1
964 1
965 1
966 0
967 0
968 0
969 1
970 0
971 0
972 0
973 1
974 1
975 0
976 1
977 1
978 1
979 1
980 0
981 0
982 1
983 1
984 1
985 0
986 1
987 0
988 0
989 0
990 0
991 0
992 0
993 1
994 0
995 0
996 0
997 0
998 0
999 0
1000 0
1001 1
1002 1
1003 1
1004 1
1005 1
1006 1
1007 1
1008 1
1009 0
1010 0
1011 1
1012 1
1013 1
1014 1
1015 1
1016 1
1017 1
1018 1
1019 1
1020 0
1021 0
1022 0
1023 0
1024 1
1025 0
1026 0
1027 0
1028 1
1029 0
1030 0
1031 1
1032 1
1033 0
1034 1
1035 1
1036 1
1037 0
1038 1
1039 1
1040 1
1041 1
1042 1
1043 1
1044 0
1045 1
1046 0
1047 1
1048 0
1049 1
1050 1
1051 0
1052 0
1053 1
1054 0
1055 0
1056 1
1057 0
1058 0
1059 1
1060 1
1061 1
1062 1
1063 0
1064 0
1065 1
1066 1
1067 0
1068 0
1069 0
1070 1
1071 1
1072 0
1073 1
1074 0
1075 1
1076 1
1077 1
1078 0
1079 0
1080 1
1081 0
1082 1
1083 1
1084 0
1085 0
1086 0
1087 1
1088 0
1089 0
1090 0
1091 1
1092 1
1093 1
1094 0
1095 0
1096 1
1097 0
1098 1
1099 1
1100 1
1101 0
1102 1
1103 0
1104 0
1105 0
1106 0
1107 0
1108 0
1109 1
1110 1
1111 0
1112 0
1113 0
1114 0
1115 0
1116 0
1117 1
1118 0
1119 0
1120 0
1121 1
1122 1
1123 1
1124 1
1125 1
1126 1
1127 1
1128 1
1129 0
1130 0
1131 0
1132 0
1133 1
1134 0
1135 0
1136 0
1137 1
1138 1
1139 0
1140 1
1141 1
1142 0
1143 0
1144 0
1145 0
1146 0
1147 0
1148 1
1149 0
1150 1
1151 0
1152 1
1153 0
1154 0
1155 0
1156 0
1157 0
1158 0
1159 0
1160 0
1161 0
1162 1
1163 1
1164 1
1165 0
1166 1
1167 0
1168 1
1169 0
1170 1
1171 0
1172 1
1173 1
1174 1
1175 0
1176 1
1177 0
1178 0
1179 0
1180 0
1181 1
1182 1
1183 0
1184 0
1185 1
1186 0
1187 0
1188 0
1189 0
1190 1
1191 1
1192 1
1193 1
1194 1
1195 1
1196 0
1197 1
1198 0
1199 0
1200 0
1201 1
1202 0
1203 1
1204 0
1205 1
1206 0
1207 0
1208 1
1209 0
1210 0
1211 1
1212 1
1213 0
1214 1
1215 1
1216 0
1217 1
1218 1
1219 1
1220 1
1221 1
1222 0
1223 1
1224 1
1225 0
1226 0
1227 1
1228 0
1229 1
1230 1
1231 1
1232 0
1233 0
1234 1
1235 0
1236 0
1237 1
1238 0
1239 1
1240 1
1241 0
1242 1
1243 0
1244 0
1245 0
1246 1
1247 0
1248 1
1249 0
1250 0
1251 1
1252 0
1253 1
1254 1
1255 0
1256 0
1257 0
1258 0
1259 0
1260 1
1261 0
1262 0
1263 1
1264 0
1265 1
1266 1
1267 1
1268 0
1269 0
1270 1
1271 0
1272 0
1273 0
1274 0
1275 0
1276 1
1277 0
1278 0
1279 0
1280 1
1281 0
1282 1
1283 0
1284 1
1285 1
1286 1
1287 1
1288 0
1289 0
1290 0
1291 0
1292 0
1293 0
1294 1
1295 0
1296 0
1297 0
1298 0
1299 0
1300 0
1301 1
1302 0
1303 1
1304 0
1305 1
1306 0
1307 1
1308 0
1309 0
1310 0
1311 1
1312 1
1313 1
1314 0
1315 1
1316 1
1317 0
1318 1
1319 1
1320 1
1321 0
1322 0
1323 1
1324 1
1325 1
1326 0
1327 1
1328 0
1329 0
1330 0
1331 0
1332 1
1333 0
1334 0
1335 1
1336 0
1337 0
1338 0
1339 1
1340 0
1341 0
1342 0
1343 0
1344 0
1345 1
1346 1
1347 0
1348 0
1349 0
1350 0
1351 0
1352 0
1353 0
1354 1
1355 1
1356 1
1357 1
1358 0
1359 1
1360 1
1361 0
1362 0
1363 0
1364 0
1365 0
1366 1
1367 1
1368 0
1369 1
1370 1
1371 1
1372 1
1373 1
1374 0
1375 0
1376 0
1377 1
1378 1
1379 0
1380 0
1381 1
1382 1
1383 1
1384 0
1385 0
1386 1
1387 0
1388 1
1389 0
1390 1
1391 1
1392 0
1393 0
1394 0
1395 0
1396 1
1397 1
1398 0
1399 0
1400 0
1401 1
1402 0
1403 0
1404 0
1405 1
1406 0
1407 1
1408 0
1409 0
1410 1
1411 0
1412 0
1413 0
1414 1
1415 1
1416 0
1417 0
1418 0
1419 1
1420 1
1421 0
1422 0
1423 1
1424 1
1425 1
1426 1
1427 1
1428 0
1429 0
1430 0
1431 1
1432 0
1433 0
1434 1
1435 1
1436 1
1437 1
1438 0
1439 0
1440 0
1441 0
1442 0
1443 0
1444 0
1445 0
1446 1
1447 0
1448 0
1449 0
1450 1
1451 1
1452 1
1453 0
1454 0
1455 0
1456 1
1457 0
1458 1
1459 0
1460 1
1461 1
1462 0
1463 0
1464 1
1465 0
1466 1
1467 1
1468 1
1469 1
1470 0
1471 0
