2494
2922
1016
842
1320
879
2564
1166
1449
1619
276
2560
15
2510
164
1888
844
223
1382
2504
2669
485
2469
1551
2554
2939
384
2024
1756
1559
827
453
1807
2676
1373
1091
1949
77
2502
2427
2061
1136
2151
1012
416
2454
2585
1370
2692
2316
89
1927
1199
1562
5
1965
1819
2647
1524
2186
2203
868
2400
1188
714
1184
2298
1648
2333
2
1472
1211
1575
1236
1922
2307
1804
356
2933
708
1162
1604
969
2738
1968
1051
1886
992
2326
791
2171
2327
1693
2833
2666
185
2428
2200
937
2550
1393
2349
2823
666
160
1143
526
1752
2607
2070
2559
1775
2923
269
897
145
2191
2185
1216
1407
2866
1626
1784
2732
537
345
317
1876
2311
2434
2180
2440
2583
704
699
1557
2389
2901
261
2700
1367
539
475
1013
2919
75
2592
839
1844
289
2368
1849
8
2753
2306
1563
1338
1938
1632
961
1190
1098
968
918
743
514
352
1094
2512
2144
1794
608
2105
2019
133
2069
1992
2263
737
2851
2638
48
797
625
1952
1782
2372
2313
2905
472
2694
1531
2155
2623
2068
1568
755
1765
1272
1071
1425
2881
1614
2383
1553
2328
342
872
1361
2841
60
2071
1130
404
1944
184
2878
321
1680
387
629
1351
1686
2281
1092
2222
467
1065
875
322
2258
2789
1769
306
896
1865
2869
2127
371
1333
531
1302
820
2567
722
717
2190
570
963
941
2270
1666
1946
107
1426
176
948
2885
1620
753
432
1643
1161
1837
1903
2854
1948
1556
339
1480
1171
762
2408
2580
1621
2495
2041
946
853
1778
1103
1651
567
907
343
516
706
2663
422
1828
1297
2677
692
449
1599
1863
2737
2492
1931
2739
256
2443
1753
2441
2344
1920
1685
1021
1590
431
1147
1352
1492
1507
2321
2356
2409
1757
1548
606
1411
628
1356
102
36
2471
2046
1730
1086
486
175
1158
1911
2493
1508
600
1879
1119
819
824
2632
1210
2149
1733
1991
212
1636
769
2499
2080
278
651
2780
1358
564
2822
2364
1453
2450
2656
2329
2431
1306
365
505
1961
1494
1667
2633
1806
1386
142
1623
2754
2361
1540
1037
905
158
2005
1081
1791
1110
2756
2001
2090
954
2176
2590
2501
960
1815
2710
366
2587
54
1763
667
1387
2317
360
2757
593
917
474
1304
1677
2175
2531
1394
2681
2420
603
787
1339
403
2241
832
1424
911
770
282
226
1214
940
1972
1349
718
1673
2802
1683
2234
2195
545
1676
2293
2898
377
2541
2194
444
2731
1962
758
562
1230
7
1800
2352
672
2173
912
2782
79
2040
1088
1151
2855
771
1173
307
1615
157
275
1855
2279
2708
1934
2188
469
151
1658
1906
187
2430
2812
966
243
2893
1748
2087
1467
2230
2598
2527
1350
2914
1877
2883
1893
2522
2064
1532
37
2285
159
1909
1193
1127
473
412
2467
1221
2287
2379
528
1995
327
2908
370
190
1020
1645
2511
1290
2154
1534
2124
1365
1773
888
1446
2275
818
971
2212
2453
1257
2667
1034
2375
1939
2634
1923
1466
1536
2921
2132
2215
2323
2845
2353
617
1708
2620
1900
396
233
732
2158
262
2518
2334
30
2261
754
1258
351
2466
434
2743
338
2831
2455
2390
2086
64
2445
2384
2346
2751
543
856
587
2834
2724
311
2089
1901
1684
2081
2821
1341
657
417
1825
209
58
1443
1459
2397
78
1251
1019
2470
2895
372
1955
2057
2563
794
465
1232
1164
1814
2888
2038
2535
1727
811
1714
155
2762
478
2664
2871
117
903
646
1461
2609
2109
459
1545
882
1334
2675
1008
59
987
1269
2111
2604
214
1468
1547
334
2684
2342
1928
680
2622
2798
578
1
1101
1707
686
1994
895
826
123
2872
1224
1802
399
2439
803
1139
2196
730
1561
251
1217
2540
2206
2119
2926
998
642
503
2496
1059
2705
682
2707
1884
2549
1078
2551
1836
725
61
1608
2691
1981
1260
1741
1754
2302
1593
1678
2322
1637
1371
1867
1185
2805
1618
676
1520
2729
2407
1751
2468
492
1506
1261
315
248
994
1812
1305
665
513
2699
2381
277
1811
1225
207
245
2210
1701
2122
1945
2649
99
1617
1343
828
1063
2603
1698
1859
2552
108
712
121
1209
26
401
466
118
2209
1376
1535
2348
1476
393
1975
1889
2478
1186
523
2015
750
2374
2088
2846
2065
1905
849
455
518
637
383
2418
724
2652
2117
1925
2044
323
2012
2662
520
662
2575
420
2294
1816
1344
2091
2873
2101
189
1692
1222
555
685
2266
18
143
379
2688
447
1555
1842
2650
2557
2555
681
848
675
2049
2303
1345
2108
671
1134
709
501
1156
1219
385
285
2235
39
2570
213
2297
2876
2862
171
2828
2500
1606
1437
2335
2913
218
596
1703
1159
2509
621
1570
122
1044
2591
1500
631
2701
2556
270
943
2864
863
201
1082
1511
2367
683
471
2104
834
1152
381
614
331
2472
2345
1300
169
2806
81
1882
2413
1318
419
2417
407
2825
1519
1966
494
1691
2268
293
112
504
2309
648
177
308
1072
490
333
2239
2198
1058
1431
1947
2063
2865
2483
38
2760
1558
1497
2416
1522
650
1609
493
13
1227
148
1484
566
2058
2410
367
541
1735
129
1993
549
1267
138
259
291
1740
1861
1743
2624
1450
2011
926
296
669
268
720
867
1102
955
1487
97
847
2817
1182
1007
2162
378
1061
645
690
1639
2586
1709
316
2534
740
1950
2927
2612
1565
271
2043
984
1336
1308
2078
1418
1460
2378
2449
2265
204
2621
2402
2023
2025
2593
2661
1892
2645
1396
1728
654
1647
2403
2253
1862
1121
1664
2202
2829
2030
2396
27
1760
1205
1829
2248
1084
2424
2138
635
2849
430
1853
2193
1405
2301
86
1201
2706
330
425
1526
1018
28
1048
2671
1588
2062
1077
2520
860
773
1805
1847
2925
1936
515
1080
568
1475
748
1749
413
1502
1491
1117
2147
831
2528
1301
1584
23
1250
1616
1268
1530
208
2481
1596
1276
2836
1710
1790
1226
2126
830
1085
294
2879
2858
859
1434
1612
237
1715
2611
883
529
2475
2079
2571
2404
1374
2678
784
2514
1326
2376
1848
1529
1391
2777
949
2476
2438
1650
647
1093
2283
589
790
1133
598
136
2461
2371
182
2566
2121
463
1979
929
2811
31
2312
1910
1353
2783
252
742
2723
765
1045
590
1312
536
1287
76
738
898
1413
1759
558
921
1644
2387
2639
1860
967
2790
1075
2377
2305
2529
2075
1254
2635
1482
1039
2838
2148
1149
2422
161
2130
1410
2767
1554
557
2098
1324
127
1172
2932
904
1943
376
167
2120
1736
1761
1533
840
1089
1924
1067
1054
433
2711
2824
240
673
2917
242
2074
1725
522
1001
1427
2429
1611
2910
2687
1315
205
2386
2784
2164
2690
2791
2619
2085
1079
2446
2007
1583
410
2686
2853
2657
470
2815
450
2181
1663
1587
1027
1974
1652
2792
1627
128
1464
1355
2272
11
1582
1744
1603
20
1279
236
1566
2937
1785
1270
1585
280
836
2852
1245
395
550
2808
547
2347
1375
2588
1875
1503
183
2797
1515
653
1821
2940
873
1499
2839
2814
1845
1635
1248
2490
1933
1441
3
156
2067
1180
1852
729
885
899
1125
1288
57
1076
1510
1796
1332
2447
2021
1550
2894
2658
1786
238
2277
1368
2536
2269
1112
582
2670
1767
1541
633
932
670
2519
2077
581
636
1483
1980
2558
2336
263
2703
2123
1041
1509
224
2168
29
887
2498
2640
630
1289
710
2533
958
1010
892
73
759
1265
1573
1303
1601
230
1517
1165
585
9
134
193
131
2156
2288
1462
438
991
1095
1646
2135
2026
2636
2042
2325
2436
595
406
2363
49
325
1694
2274
2625
2929
2646
605
1755
320
194
995
141
1003
1168
2153
266
624
2482
1774
124
2463
997
1006
2237
346
659
1960
1843
1969
1195
591
509
618
1726
2152
390
1959
4
2226
1871
154
1379
2485
1998
939
2401
1429
935
691
1808
2013
1838
2369
1712
2182
1702
2709
152
1135
2861
641
2006
2136
2918
2896
2082
711
1958
2912
2787
2577
1389
1390
2702
2273
1402
2660
388
1055
2727
982
2324
1346
1485
2479
2477
2508
25
2616
2763
2774
326
2338
1542
970
386
1670
1243
1891
934
2260
1868
604
220
1682
2228
496
1830
2370
2183
532
2629
2282
825
2010
1987
216
1569
2423
507
2432
35
380
1657
852
1144
795
2140
110
1313
928
2271
1298
1527
1408
82
2291
2532
1115
981
2167
264
2693
2941
565
2516
341
2568
620
1655
2752
62
2631
1409
405
1083
779
50
2778
1335
2039
1291
2179
411
1281
2055
535
524
1926
1259
491
800
1068
889
2233
1122
1438
2809
2319
1228
114
1183
698
1329
2118
1916
2769
861
423
2340
2031
766
1746
2800
1160
2394
763
1711
1722
1176
1465
53
115
1864
2474
2034
2343
947
1850
344
2351
1654
1448
1372
439
2107
1036
2716
634
678
2229
1835
1024
44
1883
310
348
1895
362
2714
2426
314
1452
1030
2553
2159
783
572
829
1803
1395
150
313
2521
244
482
2242
1099
962
1594
2465
723
1493
2256
495
1880
2192
602
942
1839
1056
679
1455
1768
719
1294
2672
1005
2245
2868
418
392
2084
2497
2036
999
1237
2133
964
2157
135
2880
2870
1827
2848
1580
1826
1400
833
389
2456
1771
2442
544
421
1218
2712
1665
2174
1745
843
938
2357
254
355
1696
2526
1823
2056
1380
1123
2002
736
554
63
2099
1316
1896
1284
2102
741
1521
2051
319
1525
1242
2766
1062
1364
1764
1196
2907
973
2830
2280
760
1789
476
2003
1795
1917
601
241
1856
1818
358
1090
1203
841
1311
2048
437
1661
862
2267
2548
290
1432
914
2542
688
2486
2740
677
1963
2807
1111
2775
1170
881
660
2654
2816
1822
16
2208
2596
976
235
2009
2781
2017
1282
1840
893
1187
2642
668
2096
571
369
446
2750
1194
1777
610
1820
2867
2000
231
508
217
713
974
1366
119
1285
661
1256
91
2742
22
1275
1322
814
2507
1439
1489
1241
1299
1295
1229
792
375
716
228
1200
846
215
94
890
448
1983
2201
1074
2903
2610
2035
12
173
2722
456
1564
1231
2412
877
1605
857
2380
52
1202
1220
1263
2793
2240
2100
1456
219
1700
1192
109
2747
1317
96
247
104
198
1286
1347
1571
592
1656
2930
130
1622
556
517
1970
2093
481
144
139
1266
1204
452
2698
588
2857
580
858
2915
2835
2863
1918
511
640
172
983
196
1717
1032
210
768
1262
2187
2435
757
1597
2643
989
2391
1278
98
199
2480
93
1179
752
908
2059
2330
153
483
1579
2748
1026
284
2460
2595
1841
40
1120
891
460
525
2746
959
2217
2736
871
1477
597
560
2161
2626
273
2771
211
1490
2350
72
2538
1929
1404
2673
1050
1833
979
2487
837
945
936
2628
2819
1817
2178
2143
2358
1810
1307
80
2128
239
2644
817
234
1053
2904
1057
479
1999
2251
1235
1704
1428
1640
1132
735
487
880
782
2679
1724
1687
1660
2730
1457
1705
2543
695
1977
1984
2092
2116
1046
305
2360
980
1323
33
2820
2411
599
2292
336
2794
1310
575
1378
1028
2614
1385
2163
986
2637
2537
1096
2145
257
776
2060
2685
2562
1940
500
56
120
229
1423
1505
2803
101
1897
1321
785
900
884
793
1716
67
1576
1538
1674
1831
382
1528
1478
295
1908
2897
1690
2004
87
287
2651
298
2695
2221
2565
2189
1181
1348
1719
309
2505
2218
2859
1384
1247
1131
1642
146
2491
703
2231
301
2244
1197
2246
70
2613
2315
1630
876
409
34
304
414
576
2892
664
1544
1035
2290
2214
2882
1015
2573
489
195
1052
1942
1043
2392
468
2618
1956
260
1011
1191
2860
804
644
2741
1731
1976
1739
727
2682
350
2332
802
71
1463
1234
789
2278
761
368
694
739
178
1280
652
457
32
2406
2488
2506
2050
2889
2029
349
2776
850
2717
1706
2355
440
2602
2770
83
1634
1154
1047
2920
2515
2451
796
705
2205
2772
1935
1212
530
297
363
2843
990
1271
2300
1631
1747
553
2887
2129
1662
2764
534
2606
1454
2539
337
2720
1697
1915
2421
977
2659
552
772
632
1113
2014
874
1421
1513
1293
2582
1473
656
442
2114
1009
329
90
925
1797
47
286
2788
222
1720
332
649
2627
1937
180
168
1138
774
283
312
674
2837
2615
2286
1340
1625
1118
2765
2310
2304
2452
2719
163
1578
1189
1362
1403
1064
574
1106
41
1989
1809
953
931
1919
1723
2289
749
170
1004
2911
542
1415
267
1060
2264
397
2008
461
1659
2165
1985
2600
2938
140
1146
2544
1758
1249
1087
538
1504
2826
767
246
835
1516
1239
302
2899
400
2170
1381
88
1042
253
1469
364
2339
499
2525
1878
2844
1514
915
546
613
445
697
2779
1729
1116
813
51
2249
1238
916
1208
747
838
2517
1252
255
2150
780
1325
2433
1163
510
1592
1398
1941
521
1049
658
2725
563
2103
408
540
1734
1328
1951
318
2594
1973
622
2473
715
2362
1397
274
2219
2655
619
2726
1695
359
855
1591
1881
1792
1342
1363
1633
2054
2073
2254
1097
2524
1023
85
2022
2759
2653
6
1014
930
1470
2840
1104
2016
1107
2758
609
402
775
569
415
1898
1669
2415
227
43
2232
2931
125
845
279
2484
1401
1781
1025
116
2045
1486
2891
105
2247
2916
179
451
1128
2236
978
810
913
1388
1549
374
84
2680
1359
1713
132
1383
1894
2850
1737
1787
823
292
1986
68
1899
957
1854
1319
1824
46
700
894
45
512
2110
707
464
1145
249
265
1073
174
0
1518
869
2020
398
1108
2177
2223
1277
2749
1874
615
2641
1155
2934
232
1870
1022
2718
2337
2213
2262
2204
2146
2341
616
2578
441
870
2382
1433
2365
2299
426
1689
919
1624
1675
1607
2733
1523
1904
2683
952
462
808
1377
1574
1038
162
149
2842
2581
2744
2877
988
2141
1902
923
2284
639
1539
1699
950
1869
2735
1982
2630
702
985
2489
192
2761
2589
1412
1770
2745
944
2801
2137
1577
2115
17
55
2052
498
42
2832
2902
2875
113
2095
206
1114
2827
1679
2373
328
821
2318
2308
2545
910
335
454
1129
2597
2083
181
902
435
1174
751
1628
1422
798
1887
1002
2579
865
2448
2715
1671
2935
2388
2599
687
2813
1451
2572
1240
1416
2721
1029
1442
1971
1953
111
2462
1595
1481
340
2395
1331
2886
424
2547
1440
951
272
822
996
1537
100
2799
2530
1273
2139
2359
584
2320
2617
756
1788
1178
2018
721
1357
689
2160
203
551
1495
2561
1600
909
2785
428
2405
2713
726
480
1997
1296
1914
1641
2216
1435
2172
2425
1581
1978
2250
1167
1688
1996
2689
1206
1337
2238
2225
2437
854
1233
200
24
2106
137
1779
2795
1964
1255
1858
1742
1801
2665
693
1638
1000
1857
1177
1672
1872
1420
497
2608
1598
920
2513
2419
1314
202
1447
764
2142
2523
1479
1721
812
623
1264
197
866
502
1283
2255
548
2072
2033
1327
1913
956
299
2704
394
2674
1126
612
92
1783
2224
1140
361
1681
2668
347
734
1718
2924
1207
2125
2909
701
126
801
2569
95
2900
1414
2076
2047
1552
2936
2398
611
1430
643
1954
165
1629
1610
21
2697
626
2276
354
2459
1832
2399
2331
684
250
922
781
805
427
1142
2773
2458
1567
1330
2131
1653
2207
533
2184
2847
1223
864
2928
696
2906
1474
10
1813
2648
2113
2097
1141
2166
527
2546
2464
561
1148
1512
745
1392
1560
2211
1109
1546
1157
878
1100
993
1957
2094
851
2314
436
2856
1360
2354
1406
2252
186
191
188
1445
1066
1912
484
2457
1498
1070
1930
519
1253
2696
1834
1175
147
1793
746
2728
1471
886
559
2810
166
1105
2257
1798
924
1780
2804
1766
1586
1572
933
577
2028
1169
1496
788
815
2220
2414
66
1031
1885
1921
799
69
1399
258
106
816
2393
2066
2574
2112
1799
65
965
901
1292
1419
663
2032
728
2134
1198
1776
458
1990
506
2796
2295
2366
927
488
778
2199
1274
1215
2227
807
353
2786
2755
2503
2734
1069
2259
221
1851
906
573
1017
2605
777
1488
300
19
1033
2243
1890
288
1244
2584
1436
443
733
1738
1907
373
1246
2884
2296
655
1762
103
1967
1124
586
638
731
975
2818
477
1750
1732
1602
1772
1417
2027
14
806
2444
1873
225
281
1354
2197
744
627
1309
1137
2053
607
809
1150
1613
1846
1866
1369
972
786
583
2576
594
1668
1458
2385
303
1649
2768
1213
2601
1153
1444
2890
74
391
1501
357
2169
2874
1040
579
2037
1543
324
1589
429
1932
1988

