1 0
2 1
3 0
4 1
5 1
6 0
7 1
8 0
9 1
10 1
11 0
12 1
13 0
14 1
15 0
16 0
17 1
18 1
19 0
20 1
21 1
22 0
23 1
24 0
25 1
26 1
27 1
28 1
29 0
30 1
31 1
32 0
33 0
34 1
35 0
36 0
37 1
38 0
39 1
40 1
41 0
42 1
43 0
44 1
45 1
46 1
47 1
48 1
49 1
50 0
51 0
52 0
53 1
54 0
55 0
56 0
57 0
58 0
59 1
60 0
61 1
62 1
63 1
64 1
65 0
66 0
67 1
68 0
69 1
70 0
71 0
72 0
73 0
74 1
75 0
76 0
77 0
78 1
79 0
80 1
81 0
82 0
83 1
84 0
85 0
86 1
87 0
88 1
89 1
90 1
91 1
92 1
93 0
94 1
95 1
96 0
97 1
98 1
99 0
100 1
101 1
102 1
103 1
104 1
105 0
106 1
107 0
108 0
109 0
110 0
111 1
112 0
113 1
114 1
115 1
116 1
117 0
118 1
119 1
120 1
121 1
122 0
123 0
124 0
125 1
126 1
127 0
128 0
129 0
130 1
131 0
132 1
133 1
134 1
135 0
136 1
137 1
138 0
139 1
140 1
141 0
142 1
143 0
144 1
145 1
146 1
147 1
148 1
149 0
150 0
151 1
152 0
153 1
154 1
155 1
156 1
157 1
158 0
159 0
160 1
161 1
162 1
163 1
164 0
165 1
166 1
167 1
168 1
169 1
170 1
171 0
172 0
173 0
174 1
175 1
176 1
177 0
178 0
179 1
180 1
181 1
182 0
183 0
184 1
185 1
186 0
187 0
188 1
189 1
190 1
191 1
192 1
193 0
194 1
195 0
196 0
197 0
198 0
199 1
200 1
201 0
202 1
203 0
204 0
205 0
206 1
207 0
208 0
209 1
210 0
211 1
212 0
213 1
214 0
215 0
216 1
217 1
218 1
219 0
220 0
221 1
222 1
223 1
224 1
225 1
226 0
227 1
228 1
229 0
230 0
231 0
232 0
233 0
234 0
235 0
236 0
237 0
238 0
239 0
240 1
241 1
242 1
243 0
244 1
245 0
246 1
247 0
248 0
249 1
250 1
251 1
252 1
253 0
254 0
255 1
256 1
257 1
258 1
259 0
260 1
261 0
262 1
263 0
264 0
265 0
266 1
267 0
268 1
269 0
270 0
271 1
272 1
273 1
274 0
275 1
276 1
277 0
278 1
279 0
280 0
281 1
282 0
283 0
284 1
285 0
286 1
287 0
288 1
289 0
290 0
291 1
292 0
293 0
294 0
295 1
296 0
297 0
298 1
299 0
300 1
301 0
302 1
303 0
304 0
305 1
306 0
307 0
308 1
309 1
310 0
311 0
312 1
313 0
314 0
315 1
316 1
317 0
318 1
319 1
320 1
321 1
322 1
323 0
324 0
325 0
326 1
327 0
328 0
329 0
330 0
331 1
332 0
333 0
334 1
335 1
336 0
337 1
338 0
339 0
340 1
341 1
342 1
343 0
344 0
345 0
346 0
347 0
348 1
349 0
350 1
351 1
352 1
353 0
354 1
355 0
356 1
357 1
358 0
359 1
360 0
361 1
362 0
363 0
364 0
365 0
366 0
367 1
368 0
369 0
370 1
371 0
372 0
373 0
374 1
375 1
376 1
377 1
378 1
379 0
380 0
381 1
382 0
383 1
384 1
385 0
386 0
387 1
388 0
389 1
390 1
391 0
392 0
393 0
394 0
395 1
396 1
397 0
398 1
399 1
400 1
401 1
402 0
403 0
404 0
405 0
406 1
407 0
408 1
409 1
410 1
411 0
412 0
413 0
414 1
415 1
416 0
417 0
418 0
419 1
420 1
421 1
422 0
423 0
424 1
425 0
426 0
427 1
428 0
429 1
430 1
431 0
432 0
433 1
434 0
435 0
436 1
437 1
438 0
439 1
440 0
441 1
442 1
443 0
444 0
445 1
446 1
447 1
448 0
449 1
450 1
451 0
452 1
453 1
454 0
455 0
456 1
457 1
458 1
459 0
460 0
461 0
462 1
463 0
464 0
465 0
466 1
467 1
468 0
469 1
470 1
471 1
472 0
473 0
474 1
475 0
476 1
477 1
478 1
479 1
480 0
481 0
482 1
483 1
484 0
485 1
486 1
487 0
488 0
489 1
490 0
491 1
492 0
493 1
494 1
495 1
496 0
497 0
498 0
499 1
500 0
501 0
502 1
503 0
504 1
505 0
506 0
507 0
508 0
509 0
510 1
511 0
512 1
513 0
514 1
515 1
516 0
517 0
518 1
519 1
520 0
521 0
522 1
523 1
524 1
525 1
526 1
527 1
528 0
529 1
530 1
531 1
532 0
533 1
534 0
535 1
536 1
537 1
538 0
539 1
540 1
541 1
542 0
543 1
544 1
545 0
546 0
547 0
548 0
549 1
550 1
551 0
552 1
553 1
554 0
555 1
556 0
557 1
558 0
559 1
560 0
561 1
562 1
563 1
564 1
565 1
566 0
567 0
568 0
569 1
570 0
571 1
572 0
573 0
574 1
575 1
576 1
577 1
578 0
579 0
580 0
581 1
582 1
583 1
584 0
585 1
586 0
587 0
588 1
589 1
590 1
591 1
592 0
593 1
594 0
595 0
596 1
597 0
598 0
599 0
600 1
601 1
602 1
603 1
604 1
605 0
606 1
607 0
608 1
609 0
610 0
611 0
612 1
613 0
614 0
615 1
616 1
617 0
618 1
619 1
620 0
621 0
622 0
623 0
624 0
625 0
626 1
627 0
628 1
629 0
630 0
631 1
632 0
633 1
634 0
635 1
636 0
637 0
638 1
639 1
640 0
641 0
642 1
643 1
644 1
645 1
646 0
647 1
648 0
649 0
650 0
651 1
652 0
653 1
654 1
655 0
656 0
657 1
658 1
659 0
660 0
661 1
662 0
663 1
664 1
665 0
666 0
667 0
668 0
669 0
670 0
671 1
672 1
673 1
674 1
675 1
676 1
677 0
678 1
679 0
680 1
681 0
682 0
683 0
684 0
685 1
686 0
687 0
688 1
689 0
690 0
691 0
692 0
693 0
694 1
695 1
696 0
697 1
698 1
699 1
700 1
701 1
702 1
703 1
704 0
705 1
706 1
707 0
708 1
709 0
710 0
711 1
712 0
713 1
714 1
715 1
716 0
717 1
718 1
719 0
720 1
721 1
722 1
723 1
724 0
725 0
726 0
727 1
728 1
729 0
730 1
731 1
732 1
733 0
734 0
735 0
736 1
737 1
738 0
739 1
740 1
741 0
742 1
743 1
744 1
745 1
746 0
747 1
748 1
749 1
750 1
751 0
752 0
753 0
754 0
755 0
756 0
757 1
758 1
759 0
760 1
761 0
762 0
763 0
764 0
765 0
766 1
767 0
768 1
769 1
770 0
771 1
772 0
773 0
774 0
775 0
776 1
777 0
778 1
779 1
780 1
781 0
782 0
783 1
784 0
785 1
786 0
787 1
788 0
789 1
790 0
791 1
792 1
793 1
794 0
795 0
796 0
797 1
798 1
799 0
800 0
801 1
802 0
803 0
804 1
805 0
806 1
807 1
808 0
809 0
810 1
811 1
812 1
813 0
814 1
815 1
816 1
817 1
818 1
819 0
820 1
821 0
822 1
823 1
824 1
825 0
826 1
827 1
828 0
829 0
830 1
831 1
832 1
833 0
834 0
835 1
836 1
837 1
838 0
839 0
840 1
841 1
842 1
843 0
844 0
845 1
846 1
847 1
848 1
849 1
850 1
851 0
852 0
853 1
854 1
855 1
856 0
857 1
858 1
859 0
860 0
861 0
862 1
863 0
864 1
865 1
866 1
867 0
868 0
869 1
870 1
871 1
872 1
873 0
874 1
875 1
876 0
877 0
878 1
879 1
880 0
881 0
882 1
883 1
884 0
885 1
886 0
887 1
888 0
889 1
890 1
891 1
892 1
893 1
894 0
895 1
896 0
897 1
898 1
899 1
900 1
901 1
902 0
903 0
904 1
905 0
906 0
907 1
908 0
909 1
910 1
911 0
912 0
913 1
914 0
915 1
916 0
917 1
918 0
919 1
920 1
921 0
922 1
923 1
924 0
925 0
926 0
927 0
928 0
929 0
930 0
931 1
932 1
933 0
934 0
935 1
936 1
937 1
938 1
939 0
940 0
941 1
942 1
943 1
944 0
945 1
946 0
947 0
948 1
949 1
950 1
951 0
952 0
953 1
954 0
955 0
956 0
957 1
958 0
959 0
960 1
961 1
962 1
963 1
964 0
965 0
966 1
967 1
968 1
969 1
970 1
971 1
972 0
973 0
974 1
975 1
976 1
977 0
978 1
979 1
980 1
981 1
982 1
983 0
984 0
985 0
986 1
987 0
988 0
989 1
990 1
991 0
992 0
993 0
994 0
995 1
996 1
997 1
998 1
999 1
1000 0
1001 1
1002 0
1003 0
1004 1
1005 1
1006 0
1007 0
1008 1
1009 0
1010 0
1011 0
1012 1
1013 1
1014 1
1015 1
1016 0
1017 0
1018 0
1019 1
1020 0
1021 0
1022 1
1023 0
1024 0
1025 1
1026 0
1027 0
1028 1
1029 0
1030 1
1031 1
1032 0
1033 0
1034 0
1035 1
1036 1
1037 0
1038 0
1039 1
1040 1
1041 0
1042 0
1043 0
1044 0
1045 0
1046 0
1047 1
1048 0
1049 0
1050 1
1051 0
1052 0
1053 0
1054 0
1055 1
1056 0
1057 1
1058 0
1059 1
1060 0
1061 0
1062 1
1063 0
1064 0
1065 0
1066 1
1067 0
1068 1
1069 1
1070 0
1071 1
1072 1
1073 1
1074 1
1075 0
1076 0
1077 1
1078 1
1079 0
1080 0
1081 1
1082 1
1083 1
1084 1
1085 1
1086 0
1087 0
1088 1
1089 0
1090 1
1091 1
1092 1
1093 0
1094 0
1095 0
1096 1
1097 0
1098 1
1099 1
1100 1
1101 0
1102 0
1103 1
1104 0
1105 1
1106 0
1107 1
1108 1
1109 0
1110 1
1111 0
1112 1
1113 0
1114 0
1115 1
1116 0
1117 1
1118 1
1119 0
1120 1
1121 1
1122 0
1123 1
1124 1
1125 0
1126 0
1127 1
1128 0
1129 1
1130 1
1131 1
1132 1
1133 1
1134 1
1135 0
1136 1
1137 0
1138 1
1139 1
1140 0
1141 1
1142 1
1143 1
1144 0
1145 1
1146 0
1147 1
1148 1
1149 1
1150 0
1151 1
1152 1
1153 1
1154 1
1155 1
1156 0
1157 0
1158 0
1159 1
1160 1
1161 0
1162 1
1163 1
1164 1
1165 0
1166 0
1167 1
1168 0
1169 1
1170 1
1171 0
1172 1
1173 1
1174 0
1175 0
1176 0
1177 0
1178 0
1179 1
1180 1
1181 0
1182 1
1183 1
1184 0
1185 1
1186 0
1187 1
1188 0
1189 1
1190 1
1191 1
1192 0
1193 1
1194 1
1195 0
1196 0
1197 0
1198 1
1199 1
1200 1
1201 0
1202 1
1203 0
1204 0
1205 0
1206 0
1207 1
1208 0
1209 0
1210 1
1211 0
1212 1
1213 1
1214 0
1215 1
1216 0
1217 1
1218 0
1219 0
1220 1
1221 0
1222 1
1223 1
1224 1
1225 0
1226 1
1227 0
1228 1
1229 0
1230 1
1231 1
1232 0
1233 1
1234 1
1235 1
1236 0
1237 0
1238 1
1239 0
1240 0
1241 0
1242 1
1243 0
1244 1
1245 0
1246 0
1247 1
1248 0
1249 0
1250 0
1251 0
1252 0
1253 1
1254 0
1255 0
1256 1
1257 1
1258 0
1259 0
1260 1
1261 1
1262 0
1263 0
1264 1
1265 1
1266 0
1267 0
1268 1
1269 1
1270 0
1271 1
1272 1
1273 0
1274 1
1275 0
1276 1
1277 0
1278 0
1279 1
1280 1
1281 1
1282 1
1283 1
1284 0
1285 1
1286 0
1287 1
1288 1
1289 1
1290 0
1291 1
1292 0
1293 0
1294 1
1295 0
1296 0
1297 0
1298 0
1299 1
1300 1
1301 0
1302 0
1303 1
1304 0
1305 1
1306 1
1307 0
1308 1
1309 0
1310 1
1311 1
1312 0
1313 1
1314 1
1315 1
1316 1
1317 0
1318 1
1319 1
1320 0
1321 1
1322 0
1323 0
1324 1
1325 1
1326 0
1327 0
1328 1
1329 0
1330 1
1331 1
1332 1
1333 0
1334 1
1335 1
1336 1
1337 0
1338 0
1339 0
1340 1
1341 0
1342 1
1343 1
1344 0
1345 1
1346 1
1347 0
1348 0
1349 0
1350 0
1351 1
1352 0
1353 1
1354 0
1355 0
1356 1
1357 1
1358 1
1359 1
1360 1
1361 0
1362 0
1363 0
1364 0
1365 1
1366 0
1367 0
1368 1
1369 0
1370 1
1371 0
1372 1
1373 0
1374 1
1375 0
1376 0
1377 1
1378 1
1379 1
1380 1
1381 1
1382 0
1383 1
1384 0
1385 0
1386 0
1387 0
1388 0
1389 1
1390 1
1391 0
1392 1
1393 1
1394 1
1395 1
1396 1
1397 0
1398 1
1399 0
1400 1
1401 0
1402 0
1403 0
1404 1
1405 1
1406 0
1407 1
1408 0
1409 0
1410 0
1411 1
1412 1
1413 0
1414 1
1415 0
1416 1
1417 1
1418 0
1419 1
1420 1
1421 0
1422 1
1423 1
1424 1
1425 0
1426 0
1427 1
1428 1
1429 0
1430 1
1431 1
1432 0
1433 1
1434 0
1435 0
1436 0
1437 1
1438 1
1439 1
1440 0
1441 1
1442 0
1443 0
1444 0
1445 1
1446 0
1447 0
1448 0
1449 0
1450 1
1451 0
1452 0
1453 0
1454 0
1455 0
1456 0
1457 0
1458 0
1459 1
1460 0
1461 1
1462 0
1463 0
1464 0
1465 0
1466 1
1467 0
1468 1
1469 1
1470 0
1471 0
