1 0
2 0
3 1
4 1
5 1
6 0
7 0
8 0
9 1
10 0
11 1
12 1
13 1
14 0
15 1
16 0
17 1
18 0
19 1
20 1
21 0
22 1
23 0
24 0
25 1
26 1
27 1
28 1
29 0
30 1
31 0
32 0
33 1
34 0
35 0
36 1
37 0
38 0
39 1
40 0
41 0
42 0
43 1
44 0
45 0
46 0
47 1
48 0
49 1
50 1
51 1
52 0
53 0
54 1
55 0
56 1
57 0
58 0
59 1
60 1
61 1
62 0
63 1
64 0
65 0
66 0
67 1
68 0
69 1
70 0
71 0
72 1
73 1
74 0
75 0
76 1
77 1
78 0
79 0
80 0
81 0
82 0
83 1
84 0
85 0
86 1
87 1
88 1
89 1
90 1
91 0
92 1
93 0
94 0
95 1
96 0
97 1
98 0
99 1
100 0
101 0
102 1
103 0
104 1
105 0
106 1
107 1
108 0
109 0
110 1
111 0
112 0
113 1
114 1
115 1
116 0
117 1
118 1
119 0
120 1
121 1
122 0
123 1
124 0
125 1
126 0
127 1
128 0
129 0
130 0
131 0
132 0
133 0
134 0
135 1
136 1
137 0
138 1
139 1
140 0
141 1
142 0
143 0
144 1
145 0
146 1
147 1
148 1
149 0
150 0
151 1
152 1
153 1
154 0
155 1
156 0
157 0
158 1
159 0
160 1
161 1
162 1
163 1
164 1
165 1
166 1
167 0
168 0
169 1
170 1
171 1
172 0
173 0
174 1
175 1
176 1
177 1
178 0
179 0
180 1
181 1
182 0
183 1
184 0
185 1
186 0
187 1
188 1
189 0
190 0
191 1
192 1
193 1
194 0
195 1
196 1
197 0
198 0
199 1
200 1
201 0
202 0
203 1
204 0
205 1
206 0
207 1
208 1
209 0
210 1
211 1
212 1
213 1
214 1
215 0
216 1
217 0
218 0
219 0
220 1
221 1
222 0
223 0
224 0
225 1
226 0
227 0
228 1
229 1
230 1
231 0
232 1
233 1
234 1
235 1
236 0
237 1
238 1
239 0
240 0
241 1
242 0
243 1
244 1
245 1
246 0
247 1
248 0
249 0
250 0
251 1
252 1
253 0
254 1
255 0
256 0
257 0
258 1
259 1
260 0
261 1
262 1
263 1
264 0
265 1
266 0
267 0
268 0
269 1
270 0
271 1
272 1
273 0
274 1
275 0
276 1
277 0
278 0
279 0
280 1
281 0
282 0
283 1
284 0
285 1
286 1
287 0
288 1
289 0
290 0
291 1
292 1
293 0
294 0
295 0
296 0
297 1
298 0
299 1
300 1
301 1
302 1
303 0
304 1
305 0
306 1
307 1
308 0
309 1
310 1
311 0
312 1
313 0
314 1
315 1
316 1
317 1
318 0
319 0
320 1
321 0
322 0
323 0
324 1
325 1
326 1
327 0
328 1
329 1
330 0
331 1
332 0
333 1
334 1
335 1
336 1
337 1
338 1
339 0
340 0
341 0
342 1
343 1
344 0
345 0
346 1
347 1
348 0
349 1
350 0
351 1
352 0
353 1
354 1
355 0
356 1
357 0
358 1
359 0
360 1
361 1
362 0
363 0
364 1
365 0
366 1
367 0
368 1
369 1
370 1
371 0
372 0
373 0
374 1
375 1
376 1
377 1
378 0
379 0
380 1
381 0
382 1
383 0
384 1
385 0
386 1
387 0
388 1
389 0
390 0
391 0
392 0
393 0
394 0
395 1
396 0
397 1
398 0
399 1
400 0
401 1
402 1
403 1
404 1
405 0
406 0
407 1
408 0
409 1
410 1
411 0
412 0
413 1
414 0
415 0
416 1
417 0
418 0
419 1
420 1
421 0
422 1
423 1
424 1
425 1
426 1
427 1
428 1
429 0
430 1
431 1
432 0
433 1
434 1
435 1
436 0
437 1
438 1
439 0
440 0
441 0
442 0
443 0
444 1
445 0
446 0
447 0
448 1
449 0
450 1
451 0
452 1
453 0
454 1
455 0
456 0
457 1
458 0
459 1
460 0
461 1
462 1
463 0
464 0
465 1
466 0
467 1
468 0
469 1
470 0
471 1
472 1
473 1
474 0
475 0
476 1
477 0
478 1
479 1
480 0
481 1
482 0
483 1
484 1
485 1
486 1
487 1
488 0
489 0
490 0
491 0
492 1
493 0
494 0
495 0
496 1
497 0
498 1
499 0
500 0
501 0
502 0
503 1
504 0
505 1
506 1
507 0
508 1
509 0
510 1
511 1
512 1
513 1
514 1
515 1
516 1
517 1
518 1
519 1
520 1
521 1
522 1
523 0
524 1
525 0
526 1
527 0
528 1
529 0
530 0
531 1
532 1
533 0
534 1
535 1
536 0
537 1
538 1
539 1
540 0
541 0
542 0
543 0
544 1
545 0
546 1
547 1
548 0
549 1
550 0
551 1
552 1
553 1
554 1
555 0
556 0
557 1
558 0
559 1
560 0
561 1
562 0
563 1
564 0
565 1
566 0
567 0
568 0
569 0
570 0
571 1
572 1
573 0
574 0
575 1
576 0
577 1
578 0
579 0
580 1
581 1
582 0
583 0
584 1
585 1
586 1
587 0
588 1
589 1
590 0
591 1
592 0
593 0
594 0
595 0
596 0
597 0
598 1
599 0
600 1
601 1
602 1
603 0
604 0
605 1
606 0
607 0
608 1
609 1
610 0
611 0
612 0
613 1
614 0
615 0
616 0
617 1
618 0
619 0
620 0
621 1
622 0
623 0
624 0
625 1
626 0
627 1
628 0
629 1
630 0
631 1
632 1
633 1
634 1
635 1
636 0
637 0
638 1
639 0
640 1
641 0
642 1
643 0
644 1
645 0
646 1
647 0
648 0
649 0
650 1
651 0
652 1
653 0
654 1
655 1
656 1
657 1
658 1
659 0
660 1
661 0
662 1
663 0
664 1
665 0
666 1
667 1
668 1
669 1
670 1
671 1
672 0
673 0
674 1
675 1
676 1
677 1
678 1
679 1
680 0
681 1
682 1
683 0
684 1
685 0
686 1
687 1
688 1
689 0
690 1
691 0
692 0
693 1
694 1
695 1
696 0
697 0
698 1
699 0
700 1
701 1
702 1
703 0
704 1
705 0
706 1
707 0
708 1
709 1
710 1
711 0
712 0
713 0
714 1
715 0
716 1
717 0
718 0
719 1
720 1
721 0
722 1
723 1
724 1
725 1
726 0
727 1
728 0
729 1
730 1
731 0
732 0
733 1
734 1
735 0
736 0
737 0
738 0
739 1
740 0
741 1
742 0
743 1
744 0
745 1
746 0
747 1
748 1
749 1
750 1
751 1
752 1
753 0
754 0
755 0
756 1
757 1
758 1
759 0
760 1
761 0
762 0
763 1
764 1
765 1
766 0
767 1
768 1
769 1
770 1
771 0
772 1
773 1
774 0
775 0
776 1
777 0
778 1
779 0
780 0
781 0
782 1
783 1
784 0
785 1
786 0
787 1
788 0
789 0
790 1
791 0
792 0
793 0
794 1
795 1
796 1
797 0
798 1
799 0
800 1
801 0
802 1
803 1
804 0
805 0
806 0
807 1
808 1
809 0
810 0
811 1
812 1
813 0
814 0
815 0
816 1
817 0
818 1
819 0
820 1
821 0
822 0
823 1
824 0
825 1
826 1
827 0
828 0
829 1
830 0
831 0
832 1
833 1
834 1
835 0
836 0
837 1
838 0
839 0
840 0
841 0
842 1
843 1
844 0
845 1
846 1
847 1
848 1
849 1
850 1
851 1
852 0
853 1
854 1
855 1
856 0
857 0
858 0
859 0
860 1
861 0
862 1
863 1
864 0
865 1
866 0
867 1
868 1
869 0
870 1
871 0
872 1
873 0
874 1
875 0
876 1
877 0
878 0
879 1
880 1
881 0
882 0
883 0
884 1
885 1
886 1
887 1
888 1
889 0
890 1
891 1
892 0
893 1
894 0
895 0
896 0
897 1
898 0
899 1
900 0
901 1
902 1
903 1
904 0
905 1
906 0
907 1
908 1
909 0
910 0
911 0
912 0
913 1
914 0
915 1
916 1
917 0
918 1
919 1
920 0
921 1
922 0
923 1
924 1
925 1
926 0
927 0
928 1
929 1
930 1
931 0
932 0
933 1
934 1
935 1
936 0
937 1
938 0
939 1
940 1
941 0
942 0
943 0
944 0
945 0
946 0
947 0
948 1
949 1
950 1
951 0
952 1
953 0
954 0
955 0
956 1
957 0
958 0
959 0
960 1
961 1
962 0
963 0
964 0
965 1
966 1
967 1
968 0
969 0
970 0
971 0
972 1
973 0
974 1
975 0
976 0
977 1
978 0
979 0
980 1
981 1
982 1
983 1
984 0
985 1
986 0
987 0
988 1
989 0
990 0
991 1
992 1
993 0
994 1
995 1
996 0
997 1
998 0
999 1
1000 1
1001 1
1002 0
1003 1
1004 0
1005 1
1006 1
1007 0
1008 1
1009 1
1010 0
1011 0
1012 1
1013 1
1014 1
1015 1
1016 1
1017 1
1018 1
1019 0
1020 1
1021 0
1022 0
1023 1
1024 0
1025 1
1026 0
1027 0
1028 0
1029 1
1030 1
1031 0
1032 0
1033 0
1034 1
1035 1
1036 0
1037 0
1038 1
1039 1
1040 1
1041 1
1042 0
1043 0
1044 0
1045 0
1046 1
1047 0
1048 0
1049 1
1050 0
1051 1
1052 1
1053 0
1054 0
1055 1
1056 0
1057 1
1058 0
1059 1
1060 0
1061 1
1062 1
1063 1
1064 0
1065 0
1066 1
1067 1
1068 1
1069 0
1070 1
1071 0
1072 1
1073 1
1074 1
1075 0
1076 0
1077 0
1078 1
1079 0
1080 0
1081 1
1082 1
1083 1
1084 0
1085 1
1086 0
1087 1
1088 1
1089 0
1090 1
1091 0
1092 0
1093 1
1094 0
1095 1
1096 1
1097 0
1098 0
1099 0
1100 1
1101 0
1102 0
1103 0
1104 1
1105 0
1106 0
1107 1
1108 0
1109 0
1110 0
1111 0
1112 1
1113 0
1114 1
1115 0
1116 1
1117 0
1118 1
1119 0
1120 0
1121 1
1122 0
1123 1
1124 1
1125 1
1126 0
1127 0
1128 0
1129 0
1130 1
1131 1
1132 0
1133 1
1134 0
1135 0
1136 0
1137 0
1138 0
1139 0
1140 1
1141 1
1142 1
1143 0
1144 0
1145 1
1146 1
1147 0
1148 1
1149 1
1150 1
1151 0
1152 0
1153 0
1154 1
1155 1
1156 1
1157 1
1158 0
1159 1
1160 1
1161 0
1162 1
1163 0
1164 1
1165 0
1166 1
1167 1
1168 1
1169 0
1170 1
1171 1
1172 0
1173 1
1174 0
1175 1
1176 1
1177 0
1178 1
1179 0
1180 1
1181 0
1182 1
1183 1
1184 0
1185 0
1186 0
1187 1
1188 0
1189 1
1190 0
1191 0
1192 1
1193 0
1194 1
1195 0
1196 1
1197 0
1198 1
1199 0
1200 1
1201 0
1202 1
1203 1
1204 0
1205 1
1206 0
1207 0
1208 0
1209 1
1210 1
1211 1
1212 0
1213 1
1214 0
1215 0
1216 0
1217 0
1218 0
1219 1
1220 1
1221 1
1222 0
1223 1
1224 0
1225 1
1226 0
1227 0
1228 1
1229 0
1230 1
1231 0
1232 1
1233 1
1234 1
1235 0
1236 1
1237 1
1238 0
1239 0
1240 1
1241 1
1242 0
1243 0
1244 1
1245 0
1246 0
1247 1
1248 1
1249 0
1250 1
1251 0
1252 1
1253 0
1254 0
1255 1
1256 1
1257 0
1258 0
1259 1
1260 0
1261 0
1262 0
1263 0
1264 0
1265 0
1266 0
1267 1
1268 1
1269 0
1270 1
1271 1
1272 0
1273 0
1274 1
1275 1
1276 1
1277 0
1278 0
1279 0
1280 0
1281 1
1282 1
1283 0
1284 0
1285 1
1286 0
1287 0
1288 0
1289 1
1290 1
1291 0
1292 1
1293 0
1294 1
1295 1
1296 1
1297 1
1298 0
1299 0
1300 1
1301 0
1302 0
1303 1
1304 0
1305 0
1306 1
1307 1
1308 0
1309 1
1310 1
1311 1
1312 0
1313 0
1314 1
1315 0
1316 0
1317 0
1318 1
1319 1
1320 0
1321 1
1322 0
1323 1
1324 1
1325 0
1326 1
1327 1
1328 0
1329 0
1330 1
1331 0
1332 1
1333 1
1334 1
1335 0
1336 1
1337 0
1338 0
1339 1
1340 0
1341 0
1342 0
1343 0
1344 1
1345 1
1346 1
1347 1
1348 1
1349 0
1350 0
1351 0
1352 1
1353 0
1354 1
1355 1
1356 0
1357 1
1358 0
1359 1
1360 0
1361 1
1362 0
1363 1
1364 1
1365 1
1366 0
1367 0
1368 0
1369 0
1370 0
1371 0
1372 0
1373 1
1374 0
1375 0
1376 0
1377 0
1378 0
1379 0
1380 1
1381 0
1382 0
1383 1
1384 1
1385 0
1386 1
1387 1
1388 0
1389 0
1390 1
1391 1
1392 0
1393 1
1394 0
1395 1
1396 1
1397 1
1398 1
1399 0
1400 0
1401 0
1402 0
1403 1
1404 1
1405 1
1406 1
1407 0
1408 0
1409 1
1410 1
1411 0
1412 0
1413 0
1414 0
1415 1
1416 1
1417 0
1418 0
1419 0
1420 0
1421 1
1422 0
1423 0
1424 1
1425 0
1426 0
1427 1
1428 0
1429 1
1430 1
1431 0
1432 1
1433 0
1434 1
1435 0
1436 0
1437 0
1438 1
1439 1
1440 0
1441 0
1442 0
1443 1
1444 0
1445 0
1446 1
1447 1
1448 1
1449 1
1450 1
1451 0
1452 0
1453 1
1454 0
1455 1
1456 1
1457 0
1458 1
1459 0
1460 0
1461 1
1462 1
1463 0
1464 1
1465 0
1466 1
1467 0
1468 1
1469 1
1470 0
1471 0
