1009
1868
2833
986
1954
1903
1748
2150
172
1983
2654
706
1189
1876
1481
1381
2406
1790
2400
1271
2214
2265
1426
888
1925
648
2653
2864
2580
1613
1229
2303
444
2060
69
970
1436
2913
316
246
1476
1190
1128
2643
2926
2337
2301
2694
1405
1730
355
1431
2165
12
840
1170
2077
871
1525
1013
1802
1640
1539
2069
2374
1391
396
2822
1620
1688
1566
1603
899
2583
2100
253
1086
2777
600
1372
1970
1333
2389
1435
2257
2818
2715
1795
2860
637
190
1441
1626
2708
1706
2863
1389
1134
699
541
1360
2043
620
1502
96
7
1593
1693
85
82
904
911
1604
2690
2296
2132
74
2421
1529
81
368
1824
2595
853
57
1908
1401
2905
1393
380
2590
729
60
1505
2929
1398
2464
2306
122
912
1787
231
22
2462
734
1844
925
905
1837
2695
2184
957
1608
272
2840
589
860
2888
2591
2169
789
1153
107
123
2610
2809
583
1495
1160
2720
390
293
66
2523
926
2231
1367
695
2909
1404
127
414
2627
692
791
1439
887
478
582
2057
1918
1946
894
2602
1410
2269
291
64
1874
855
1135
2577
2635
836
2064
442
2617
725
2499
1976
2095
1781
2500
1241
578
1736
2209
2101
893
1331
1635
591
1570
1168
2241
876
1945
1907
2056
2834
1454
1839
1689
2859
1651
2402
1166
2578
2908
452
1493
974
1843
1585
2682
527
1611
317
1054
2158
1139
2065
1104
2164
2194
1623
2331
2883
1325
157
2175
2080
1136
1210
2693
2448
1518
1713
927
2761
1722
1949
516
399
2136
226
1303
430
1622
152
395
2625
1967
2253
2637
1792
1553
2531
163
1480
558
2166
1406
2686
1926
455
809
513
1415
2828
2103
1709
1359
633
1557
2007
1800
507
942
250
2221
820
1764
2193
1569
1581
2362
2348
76
2379
346
2739
285
2651
1100
1759
2713
1769
2816
179
348
255
1915
97
323
1710
631
724
2892
2342
707
845
2586
656
1687
1130
1010
774
1540
1052
2460
2520
220
766
1012
969
1826
662
47
608
2272
702
2593
1910
21
345
1004
2857
113
1061
2405
466
1156
2698
2449
1615
748
467
851
2519
62
99
147
2722
1042
2871
403
448
101
292
2279
1712
988
511
2831
1647
971
315
2548
2451
667
2658
2177
297
1438
518
1390
849
124
1630
1743
2632
1077
1594
2671
1162
808
1060
2782
886
252
2804
2469
450
1048
584
2560
1595
1830
567
294
1663
1115
233
1959
913
2854
1192
2752
2719
2774
961
2814
2192
1254
50
2153
2434
2681
2191
16
1215
1806
2784
78
1973
486
1204
2507
1727
1323
2314
733
542
708
1167
918
506
2345
1610
1453
2122
2783
844
476
93
1324
110
1956
382
892
1310
2230
2180
1231
1258
2034
2620
1376
401
2843
195
1909
508
1173
1507
341
202
515
63
2280
815
37
761
632
224
1243
333
55
416
2884
1455
1174
965
2154
2667
1151
864
697
715
1953
902
2240
1801
780
2608
1309
2685
843
1259
2579
555
1275
200
602
2075
1102
1545
1834
1470
1544
701
2510
2263
2014
2183
2771
2207
2660
2692
1952
2102
2775
2832
2141
1929
2339
1624
2444
1775
1825
883
2780
242
1123
573
2381
794
2701
344
2320
2613
2646
1287
2813
922
1979
1512
2914
3
1773
474
1858
2437
0
1698
1766
2440
2084
1885
1985
937
2070
1146
2308
185
1256
740
339
1571
1996
1564
649
2803
1933
1452
671
268
1308
981
776
2096
2552
2836
1774
1711
1425
257
623
420
1417
324
2699
1715
1260
1109
2404
562
171
2638
565
2171
269
1038
496
946
948
2366
1981
522
2299
1180
595
1680
1735
1036
1789
1850
1555
1672
1745
757
1232
1388
1421
2443
139
571
800
727
914
421
2628
2730
1639
483
2106
1669
1793
1365
208
2790
2756
2205
1028
287
2055
2634
88
2124
408
311
2704
723
462
267
225
2129
1619
2053
1931
2016
1978
835
1533
2229
1816
1659
2368
2672
212
2762
2315
2052
896
772
806
2669
784
1935
2585
1352
2765
2485
2549
1741
1005
219
2931
2110
2390
183
72
494
2375
1447
2582
2597
2824
2021
930
1289
1191
2371
605
2206
711
1058
1427
1024
499
2723
2852
847
730
1928
2046
2247
834
985
1216
1905
482
1356
952
2027
1225
2138
1062
1020
594
1214
1346
1799
1253
2605
117
129
2919
1245
1567
670
131
999
2904
526
2076
1866
415
2842
1300
601
625
2463
1882
1485
2300
1305
1658
510
1456
2700
2352
1394
1810
2664
1335
307
813
2567
598
2355
1675
1235
2351
1089
2426
492
1343
83
2827
897
2072
1738
1039
1284
1609
2286
2575
1924
473
2801
70
1721
427
696
2412
1916
1606
503
1984
1612
53
2120
2050
2304
2717
1788
1936
2116
2010
109
982
1247
1496
1307
2468
1202
817
434
239
2639
2506
354
901
105
2032
2293
916
1762
235
2187
309
1375
277
2396
1473
2823
2393
866
2302
283
1726
1785
488
2335
2356
1248
349
2429
2168
260
356
643
640
1671
1211
29
1466
1419
1067
1811
278
2140
379
457
1119
863
709
2044
1975
1396
577
2488
1961
626
1003
103
2074
413
1474
2062
1969
759
1777
2483
750
735
802
2649
2118
523
2592
1565
2260
2174
429
2550
1197
2755
358
2875
1193
2458
2275
2930
497
2266
1754
2721
258
2641
2061
1056
553
322
781
2571
374
676
1147
1487
1363
2535
1286
1653
2636
1443
2542
1666
463
614
1055
915
882
1007
592
1263
1313
2911
11
1641
385
1187
2748
432
2409
1240
2619
694
439
629
1921
2232
1226
2477
1186
2521
2159
2249
1217
604
435
211
397
1977
603
2024
1812
1088
2509
1932
796
1239
657
2810
1763
2107
2493
176
561
2210
945
1132
1794
2146
17
622
1848
1648
2862
170
1433
1148
350
437
2283
1583
2459
2328
1068
1107
2712
1528
2808
1638
690
387
164
470
1616
1448
465
1922
2927
2282
2094
1434
548
1237
1515
1213
2022
389
682
2561
2912
1336
2503
1159
551
2233
2811
951
1755
1549
1228
2334
1063
1917
144
1223
1902
956
2513
531
288
1265
919
2190
2097
2470
1856
1290
2041
1096
2428
1471
1886
1318
2227
722
2622
2480
1661
2418
36
1402
1808
2000
775
2564
932
536
2217
133
509
2797
1125
1599
2332
530
2281
2745
158
1361
45
1971
1091
2555
191
579
2805
1075
1432
2288
115
1342
378
1678
1188
827
351
2750
2647
1955
792
1531
1110
2865
2424
2769
137
2666
2430
505
2611
949
2326
2388
1602
1423
2587
2821
1101
1982
782
1628
1673
1614
1181
2891
581
426
454
2245
1968
1383
2562
941
1137
979
2614
2038
1500
2067
2633
2333
877
1591
2395
347
650
549
1106
2734
266
2724
1046
2420
2935
1703
2397
1803
1340
2068
1457
472
680
683
2858
738
2678
2223
987
1587
512
1207
2294
2481
990
2078
2556
1158
2551
2707
153
2377
1224
1875
2645
240
2082
381
1784
425
1670
2203
2250
229
1686
2569
1053
275
1015
265
1200
2112
446
609
2117
1947
2898
2703
125
2307
2358
770
1733
1172
327
2387
2179
1814
206
1813
2489
1045
1236
710
2568
543
1742
1704
328
994
1341
2476
1093
2894
1182
136
1035
42
783
1469
685
1084
2677
167
1989
2273
409
2325
431
2776
1823
2799
2626
1881
1220
1208
1065
2679
1078
1491
569
1355
2093
2364
1292
1845
559
1756
611
2383
2131
1098
2618
2882
271
1643
1272
1461
1458
2744
433
534
2714
491
2543
51
1283
2036
1320
2545
2718
2450
2731
786
398
2528
1185
371
86
2109
635
80
1782
2309
1222
1041
1499
616
1112
539
795
1625
1017
654
2687
2350
2365
718
826
2289
519
1050
1873
1716
2652
114
2114
804
237
2767
2047
245
73
2310
1923
222
2922
479
2600
1033
2013
825
714
262
2711
2806
410
216
1919
2785
658
910
1637
768
908
755
1506
1841
1364
1987
1560
1719
1255
428
2258
210
20
1617
868
2820
2453
2456
2113
2436
1261
314
2157
2384
1574
1725
1723
1618
1783
361
736
777
2845
2317
838
2650
2584
2262
816
1155
1073
1934
331
2357
248
521
950
2505
2886
2411
2873
2482
1939
1018
2243
2727
2607
254
517
1085
1301
417
1892
2162
228
960
440
182
814
1034
68
1999
1869
717
2012
2336
1484
928
373
215
251
286
1294
2829
2791
1649
2143
1143
2042
764
2297
1094
1379
1414
2092
1117
270
2524
1179
366
2346
895
422
823
502
1980
485
801
2668
2933
1838
1547
2119
353
2772
2347
377
1196
672
140
752
2186
2085
1194
2516
1760
2867
370
524
249
2030
1833
2139
2361
1749
1445
1927
2438
1306
2017
1887
340
698
2684
27
443
2900
149
2826
2222
2621
1116
2536
2527
2880
2640
2123
661
2629
2589
1362
111
2071
1829
1490
1118
2422
1550
628
145
13
1509
2200
2786
557
2051
1888
1596
1588
1282
1108
2558
554
973
2251
335
2726
1511
514
856
31
1477
2403
1184
363
1295
1293
15
238
1514
2020
2425
934
1655
1561
2940
2086
1482
760
703
1577
2781
2887
154
2812
2924
35
2688
1752
2925
1563
1899
10
79
980
1246
639
187
1464
168
2291
1568
2936
406
1230
221
2025
1037
2178
2147
2271
175
1198
2472
2539
1538
495
1131
1552
2565
978
2837
1319
487
1462
2553
128
2073
2054
2105
1995
2918
1478
1424
1111
2040
119
962
2705
1337
2606
1739
1883
2005
126
1014
1345
677
89
967
617
407
338
1403
1008
1652
49
2323
2588
2427
2581
1392
2452
365
1776
1023
188
681
1299
1546
67
263
1311
2089
2009
1707
424
2369
2680
756
880
2538
2408
1508
302
693
2899
1266
8
59
2474
881
2770
2274
1304
675
731
1407
1804
2890
2244
151
2498
2609
538
2461
1030
2876
1705
1948
645
997
2802
501
1870
1767
996
1772
2546
1344
2753
2099
2066
1384
1691
256
1059
2537
2877
2508
732
2915
1683
411
2794
2494
1879
304
1227
1894
330
704
98
2544
705
2039
954
1161
2255
2467
2407
1348
963
1642
1878
547
1650
303
1199
2019
2835
2137
2004
1779
90
192
568
758
2311
1366
2344
1351
2616
1654
1559
936
2921
720
2228
525
273
2928
933
958
1285
1105
1958
1317
2324
2604
550
1720
1679
1937
1943
1327
2691
1898
1349
159
2321
468
2847
1951
2048
393
2419
1378
75
687
155
712
2501
1964
1440
1201
2916
773
1489
586
1590
812
968
2416
2596
938
2160
841
2002
1314
1377
2316
2338
1524
2598
1580
1534
2615
1798
1397
241
1598
1846
2006
2287
2401
1966
54
1044
217
2709
134
1535
1328
1820
737
2261
1807
2642
2878
1822
833
1043
2798
2662
196
1747
742
181
673
535
2145
2841
1867
1373
1731
1479
2087
660
2198
1138
1732
943
2285
1941
138
1521
2414
1177
150
2133
2170
2248
146
1724
1541
2290
453
2533
1896
1573
1645
386
2373
1006
2522
318
570
1409
1268
1818
2197
2665
25
1459
2045
2893
964
2104
2091
1950
313
2603
753
2938
2738
2825
305
308
2491
653
2742
1076
917
1864
953
2495
481
612
177
1492
1092
1442
2028
1212
903
2111
2441
2173
1154
1940
679
108
471
1064
2861
2656
2570
2254
1851
1778
1855
418
2270
1664
2747
1656
1279
1081
574
329
325
2319
44
120
1264
2623
169
1519
2264
2128
2163
532
2372
1395
132
2008
1692
367
2399
819
2907
1605
1488
1097
264
156
580
947
1746
2267
842
400
2213
2392
2189
2455
1634
1821
2851
2689
32
162
1859
1498
977
2773
2182
2796
359
148
606
2026
2872
1740
2749
1965
310
890
1897
391
1600
412
2612
642
2906
2058
2354
906
2895
1676
184
1288
2246
1685
2115
281
1629
597
2059
747
1369
1250
1504
326
1358
500
404
1113
2432
1032
898
1251
1418
46
1842
213
865
1072
1126
2225
1998
966
100
1382
879
1729
203
1176
461
2278
280
2033
1150
1040
2729
1312
1677
975
1554
2029
1835
2252
1872
477
1087
2675
1276
630
142
405
1416
2515
2413
2292
1368
1353
2238
537
2850
1472
1221
2601
1334
189
854
1682
14
321
1322
230
1206
2787
1938
744
769
1070
576
765
1114
607
165
1674
2121
533
161
1339
1460
1632
2563
2631
1906
2305
2376
2435
2298
2901
2391
2830
741
588
480
799
2800
504
2530
1332
983
2155
624
2751
116
1262
194
1465
2497
564
2855
2815
1257
995
209
2226
1601
43
2185
2220
678
884
61
1451
306
1690
2031
1770
929
2442
1298
2236
1517
1371
118
848
1133
2525
243
1920
1854
1291
1297
1082
829
552
1374
2079
1267
207
788
2848
1205
1621
1450
1124
1543
1668
2778
989
976
931
1510
2445
2768
26
2313
793
837
436
2218
1757
1203
779
227
2151
1700
993
2018
1857
1862
1681
807
2378
364
197
1809
572
852
1852
2663
1768
2284
2212
869
2343
2011
585
2512
1728
193
1057
1080
1849
2277
299
337
2856
2566
556
1494
921
2557
1636
332
1702
1083
1751
1408
290
2152
18
2035
1503
1988
33
2023
2049
2594
1819
2849
1449
644
2167
1
587
2380
91
392
618
1761
778
259
2195
984
619
282
1422
1001
460
1252
2410
2758
529
846
1152
754
1737
1860
2897
1025
810
320
873
1562
135
2199
689
721
1209
34
955
1127
719
1962
1497
2484
2144
909
652
1049
2779
638
1270
746
2541
9
104
1660
1765
1884
376
28
1718
1556
56
2367
1584
384
2492
1280
1911
862
2063
1831
593
2382
566
1828
2134
1891
372
1695
95
1079
2487
1901
2363
1993
1163
180
2239
2725
2360
2599
545
563
143
1895
1930
828
1847
1997
1657
621
447
599
2037
2475
1302
2235
1667
23
2083
1444
244
520
2511
944
1665
2932
423
2939
1542
205
2763
2466
1437
1475
540
2920
544
2917
388
1805
1011
1074
2502
445
664
1103
716
2534
334
2234
2737
1380
2532
1149
289
2188
1582
889
763
6
402
1597
2471
38
2215
1551
498
342
647
87
1889
1684
2219
357
4
52
1420
102
1576
223
383
1238
1696
204
839
2573
885
1277
2156
1572
451
726
2329
790
923
1527
1385
2736
2879
475
1165
2674
1090
199
1589
636
1942
1532
2706
1234
2216
861
1957
1169
1758
920
1178
2659
1750
2431
449
1586
1400
2746
1960
2819
2359
2108
2135
1144
2417
1607
1316
610
1141
874
2793
2529
2710
818
1644
1513
2733
2181
2142
2478
1893
2741
634
438
1218
1986
2457
2415
1099
2540
821
528
2743
2697
1386
2312
58
1066
771
2518
2295
121
872
141
2764
972
1780
1000
2211
1516
870
2789
2486
663
1530
1429
2353
1022
1912
1347
613
458
2853
959
850
166
2130
2896
2127
2161
1129
2423
1021
2817
394
1142
1744
2866
1387
1399
1575
1269
691
1536
2572
1827
2196
2098
1840
2149
2735
1249
1281
1699
2766
41
94
1963
1520
2473
668
1877
767
1354
805
1701
998
2125
2090
112
1815
2644
2868
2839
891
1578
1880
2937
369
2496
2242
1164
2208
232
274
1708
1145
1714
1817
84
1467
1579
2202
1633
1031
1329
419
1832
803
2559
48
160
77
2340
1002
1904
1548
2172
1522
2447
2176
1278
2204
1069
666
1486
991
713
1315
940
935
1140
2795
360
739
1326
2702
1994
2322
615
1753
2341
1797
489
2670
1412
30
214
174
1274
484
2648
1233
2003
2370
590
65
2081
1990
1071
1786
2465
1526
2941
352
2869
2386
1330
700
2902
1122
684
2576
2655
336
5
1853
362
2657
493
312
1350
441
2792
665
2318
924
2910
2547
2716
1463
2630
2001
2759
1446
301
1029
1863
751
2757
1991
1796
284
1047
1357
1483
186
1871
279
1338
198
575
300
2237
296
749
2276
2846
261
831
2
2676
2126
130
2683
1171
1195
178
1974
1972
2885
907
236
646
1430
2889
627
19
787
1900
1558
24
1697
1865
797
2439
2934
218
655
1370
201
824
1836
1914
2330
2526
2148
641
1019
1631
2728
276
1411
1016
2517
459
2740
2673
1273
2479
858
2327
106
1183
1771
762
1913
1428
247
375
1627
1537
1027
2349
785
546
1121
688
1321
743
490
857
1992
1791
669
674
1592
2015
464
2490
1646
2923
2554
1296
1244
1694
867
2398
39
939
2844
2754
71
878
2259
2514
832
900
859
798
2807
2268
1734
2394
1413
659
456
2574
875
1219
2433
1095
822
992
1175
651
596
173
1051
1242
1120
745
2256
2088
2624
2838
92
234
811
2696
728
469
298
2760
2224
2874
2788
2881
830
2201
2903
1523
1944
2661
2454
2385
2870
2732
295
1717
40
1861
686
1662
1468
560
319
2446
1157
1026
343
1501
1890
2504

