2276
1495
2339
2858
1509
709
1039
821
2522
2651
1800
2117
2601
923
1486
764
2443
1884
1966
2931
681
669
2730
1541
1004
2857
2514
107
52
129
2856
1016
2435
1347
470
2147
2561
208
2553
486
1676
67
1143
462
2148
2387
657
738
192
2012
2425
304
191
1271
330
441
904
1221
1379
2455
1724
2314
564
2408
1186
1304
2462
570
662
2225
518
1097
2538
2441
2230
999
93
74
696
720
1651
2178
36
688
410
827
1748
118
798
2424
88
152
1478
2310
2511
124
385
2105
451
2805
468
83
1621
2658
1214
2490
2411
1045
1666
2298
1837
1878
427
2345
1082
1889
2035
1473
633
537
1018
1839
2470
832
45
473
624
1428
449
1619
1853
1760
151
642
1932
1581
2432
72
1623
164
480
2650
670
2536
2895
989
1146
1060
315
16
2573
2277
1496
1791
2616
516
445
48
2103
2382
2402
2831
2898
2145
631
1918
2058
463
737
2215
2645
2562
2683
196
2635
1132
2368
2644
1961
752
123
243
289
442
1199
1771
1302
2809
2547
755
1565
2131
572
2766
1406
1994
2454
2819
2450
1995
2049
1026
2842
1178
326
1807
2881
1862
2919
2533
2754
95
1925
2227
2184
335
718
1662
2570
217
1451
1158
1279
2024
1769
647
2292
1879
2031
1610
547
101
2563
2624
1366
201
2824
2046
1494
1269
979
237
789
2736
1458
1467
2491
2095
2497
580
268
1395
253
2905
2709
535
1297
643
873
2398
2933
2838
706
991
364
1627
2016
1375
594
929
888
1698
182
22
895
102
683
2191
1592
1561
2549
1691
1334
166
1624
1652
2416
1915
1330
1940
1646
1460
1971
2319
611
1696
254
1871
1011
1641
2268
339
2160
1207
1320
366
1834
2864
2564
566
1479
1023
160
1440
2840
1176
1874
419
2556
2082
1128
1405
2167
2800
1579
1474
2351
615
2038
1025
2795
2732
2050
2054
1306
1206
1811
2395
1340
236
1240
444
2169
139
2846
515
837
173
1831
968
1973
1998
165
2271
751
946
459
1516
2280
1461
2476
2568
1943
1100
1034
983
19
434
1787
1620
2297
2882
591
408
2780
2164
769
1893
383
1835
313
945
1553
919
1
1363
388
2393
2365
212
2045
584
2022
2013
1965
1602
802
1838
961
21
2872
2663
2580
843
1901
1935
2600
1511
1941
2910
890
1899
2863
1920
898
811
2916
786
1357
1222
344
1543
1869
1688
2694
125
404
1664
1686
1281
2436
358
729
1234
2421
2410
788
252
2751
1699
2504
425
2066
1513
1108
345
134
207
2720
2467
2622
630
1545
2072
2749
460
69
1856
1647
246
1457
1087
754
1867
845
147
1707
819
1371
2692
1665
654
203
167
2742
1515
854
1027
375
1286
2707
1991
779
279
178
350
1350
2930
1993
1815
1557
1359
1613
2531
967
1483
1138
99
2414
2110
2653
2496
283
2925
310
803
1753
990
1930
2305
2849
1670
2885
1325
2567
2059
1779
1504
2403
2927
522
1738
1448
394
766
278
1780
2257
1182
1328
2605
2070
1148
1904
2633
560
1711
225
2000
2076
655
2234
1761
1562
2300
1715
2452
1475
1999
1600
372
1843
2074
908
409
2879
1162
1766
1351
942
686
1090
2392
2113
1235
1223
2291
57
1968
1394
2887
825
661
1578
1369
443
2179
747
1643
1436
1313
1368
648
25
517
2445
10
295
1767
776
2346
1272
2759
698
1944
292
75
103
2675
2611
1586
1243
568
2591
808
1575
1907
2114
893
2579
194
557
1044
1501
1830
2003
2537
2806
130
264
2666
53
770
2439
2847
1953
1491
2668
2576
1605
2391
126
1956
530
110
1167
768
1709
476
831
1077
2307
1106
1316
2513
1734
2743
693
2413
258
1409
2643
456
209
162
775
1362
1123
1035
555
2210
589
2463
2328
2748
2214
402
951
2025
488
1908
1159
1574
0
1740
2130
956
1086
389
964
2267
1598
1591
1122
2420
2877
97
1002
86
1866
87
455
1763
528
2014
1883
1774
2484
2337
1407
1303
2235
1712
1161
1821
1094
558
1228
2349
2168
635
1414
1420
370
2674
2804
1500
1367
1770
229
2763
2097
2718
911
1258
2479
1423
2906
1421
865
1073
1425
504
338
2252
1805
1430
2409
1937
1009
407
1116
902
356
1381
2589
1697
970
866
309
2151
550
1115
2802
2258
1289
1064
1674
2272
35
1520
2769
1380
2020
2844
2870
597
1433
1551
157
1191
1752
1177
1096
1731
1855
2236
712
947
1257
2681
840
2289
55
1338
703
1702
2121
996
70
526
987
1782
195
733
713
2469
2688
1427
1339
1877
614
2792
104
1826
2194
2383
2571
65
2459
2798
1398
1522
1656
2086
1317
1875
2216
249
2051
2630
2529
1102
1498
626
1542
1144
2139
2301
1413
1210
1567
2535
1810
154
273
640
2664
868
1729
2018
1041
2331
2080
2489
2091
40
2761
1880
2764
1111
382
871
1157
232
368
914
1796
2782
1612
748
2765
1894
1065
2475
844
314
2229
2081
2007
122
1032
1149
428
2773
220
2691
1897
47
2043
2940
817
1977
2044
882
2406
649
2705
2313
656
2612
1690
1231
1355
302
2205
1717
1559
627
2652
2079
2293
2602
2270
1291
1168
864
271
510
1590
1975
204
1253
1048
2669
1757
2837
520
200
7
1387
2702
2115
2577
174
2894
247
1273
1638
2120
2329
2897
2434
1804
1052
1038
1863
539
1851
2482
1284
1596
2190
1650
2486
94
2582
1745
700
226
355
957
2352
592
814
2690
2182
1154
1595
901
2687
2304
894
2649
2665
1278
1634
251
2778
2661
396
1327
732
79
2518
1137
2731
1967
1361
26
234
1175
1217
2326
1008
1692
1061
2758
348
431
433
791
1678
180
1192
805
1635
158
856
2181
28
2199
884
457
804
30
325
1079
1505
2516
885
1197
248
743
1964
436
2494
1389
1481
1419
972
2821
2242
2417
2180
548
2316
1249
519
852
1349
1576
1585
50
2485
728
1832
1202
995
2405
127
2528
2448
138
429
506
155
1566
1668
300
133
293
2154
2878
734
2523
176
2201
2487
606
1580
1776
1057
2816
2085
1415
2625
1376
2350
952
2738
1695
638
2412
1204
2917
415
2680
927
924
2073
1671
213
343
2087
2510
150
2069
2221
1537
876
757
1636
2162
2231
2784
1552
1948
940
1979
1518
1063
1241
1976
2852
2426
2084
2478
708
1251
801
2279
491
1335
1133
2379
2825
2938
1373
2640
1550
496
574
1539
1127
1098
545
1019
117
2814
939
607
291
1390
813
1704
1687
2869
578
1152
2904
932
492
679
1250
1788
2512
1497
2796
296
2263
490
1677
553
2655
308
2722
46
1411
1014
1211
665
1588
329
1616
714
671
187
1535
1270
1185
1996
887
500
76
1069
265
867
1523
1743
505
2040
542
2303
1865
1532
533
270
1031
417
2067
1213
43
2614
294
1703
765
1477
1644
2886
869
2143
1754
1225
1438
1294
1463
1716
2202
1024
502
2483
1777
1095
2667
1109
439
2474
875
2540
903
1444
1985
1203
1758
1669
1846
484
2322
5
1485
2841
2783
1803
2613
889
1888
1190
2828
1628
1806
2461
1960
2269
297
2464
1259
1028
230
367
758
692
1521
1945
1816
1905
2603
2078
2592
1358
2296
392
2670
2284
2159
478
2157
1529
668
2807
1527
77
1524
2775
1597
2004
1072
1593
567
1801
2473
2171
1653
1384
1667
2265
2358
1360
1622
2170
963
1219
91
56
32
796
108
878
2116
2757
2845
1301
2880
1735
2699
1938
599
2008
2456
96
499
2332
641
2762
2203
148
2599
2488
1689
2524
745
660
664
1134
762
352
1607
1955
1599
2530
2400
1852
1287
2861
1673
575
2911
973
563
290
1352
81
1823
1654
2629
1540
1000
1556
771
1790
2071
1814
1003
2920
792
2096
680
1242
1237
1173
892
778
1255
790
2566
976
2495
1274
2458
695
2893
1833
1089
2253
2213
135
369
1285
1632
351
1200
227
1321
2204
920
2019
2200
2590
897
1299
1859
1480
1794
652
1812
34
1604
2360
2918
1923
2913
1447
452
509
280
2384
114
1472
245
361
2106
2266
1872
2338
1765
958
944
2508
2396
933
2678
581
2315
2370
666
2112
2001
1784
277
12
2851
136
1795
2834
2274
1756
1792
2815
418
6
1329
2431
2719
949
128
197
2932
2156
493
1768
1681
1126
912
474
1827
1507
543
1056
316
2344
263
2636
577
689
1140
2064
672
2418
1722
2875
1606
381
2615
937
54
2198
1189
2376
1927
2704
1912
2939
447
612
446
883
23
1198
2713
1917
2254
1062
1059
211
38
2883
3
261
1264
2659
145
2109
2207
2565
571
1309
84
2211
677
1936
340
1156
2153
250
323
1974
2753
2929
863
682
1785
1071
905
1922
2915
2152
1283
1434
1906
1105
918
1110
1215
1533
284
80
2569
324
2286
727
971
2247
465
49
1657
2372
1989
2744
981
2771
2118
1982
2936
2056
282
948
2239
374
241
1388
1155
2249
2708
1772
2341
1990
1885
1403
2399
1503
1164
89
1640
774
71
2142
1726
1212
387
2503
2444
753
2891
1506
1232
2509
1247
1136
673
2060
2002
1248
2587
1778
576
1456
1054
2166
161
2750
1012
2134
454
2053
2034
2032
305
1739
2515
1400
2104
1147
1424
1983
1720
2321
1174
2617
1263
928
1216
2500
2656
1992
2596
1354
2094
1080
2385
421
141
2788
11
2222
1942
1928
276
2023
507
274
2188
1468
1462
2492
137
1410
1950
2935
1531
1184
318
934
741
675
272
2037
2676
750
1536
879
349
2033
403
424
2803
328
997
551
2119
746
2502
2695
687
2062
610
1517
2449
1049
1310
985
721
2619
658
1443
1972
301
573
2671
1842
2183
1229
2557
2799
1007
2791
2187
2440
2243
2048
1903
2698
1121
214
2559
1924
2311
1625
1860
2075
1307
2585
1730
1850
1489
481
2278
9
1364
719
2520
684
1685
2068
1931
2909
2255
1569
2250
68
1890
850
1490
1564
1984
1857
2047
1849
1570
602
288
244
1587
2703
561
1618
1755
678
98
965
471
1246
1881
1408
1464
730
2660
2623
598
1256
783
651
1386
2525
1382
2820
1314
2136
604
400
1954
175
1714
2859
1916
1337
438
453
1957
1029
2126
731
2810
2588
2423
2334
119
1700
379
2430
2677
2089
1694
1119
1528
2369
1455
1868
2701
1120
256
2507
489
1708
2320
2228
2259
514
2327
1680
2752
590
1819
1083
1525
1572
2477
1365
634
1482
546
334
1873
2189
849
1845
536
2287
2542
1759
1693
744
513
85
1070
2336
2770
870
2357
2760
2083
2244
886
1342
184
704
2721
2575
1130
238
1356
172
1208
2401
354
1101
815
1218
198
1345
767
2088
2684
636
2374
1171
2275
809
2767
2627
1343
1718
1006
391
1637
540
1383
2866
2572
2306
2801
620
521
2505
2389
467
359
834
485
2132
2017
833
969
472
2123
1392
475
777
891
2827
132
1129
1573
2867
938
2090
1949
210
1322
2777
710
2888
63
1047
2065
2734
926
848
2237
1107
2144
2747
2308
1571
1969
41
756
793
1091
2036
2539
1705
1721
2928
994
1900
1798
1195
1230
1435
818
2755
629
1066
659
2787
962
33
2388
2551
2832
1015
829
2348
2102
877
2634
1179
120
193
384
587
2726
260
881
336
2714
259
1333
477
1786
701
168
880
2833
1725
285
2220
554
186
2155
2745
2578
1010
2689
2173
2457
2141
2554
322
812
759
257
1980
2347
931
552
377
228
2281
2283
613
1331
1887
390
600
653
2735
2021
2706
1295
1017
943
763
1441
483
1074
2597
2238
1583
2323
1139
2890
588
341
2375
1013
1728
2693
2186
609
2288
795
1929
1799
2394
1471
1614
2233
347
386
2532
2862
1033
393
1099
2133
2465
413
1396
1861
1706
37
2371
78
1399
414
2101
1088
306
2724
183
1341
960
59
1163
2595
2876
2077
1934
2042
625
2546
1391
2740
27
1629
2447
1825
216
1092
1742
1655
549
690
2626
156
1453
508
1439
327
2100
1913
1818
2185
2129
1727
806
986
915
2657
1324
1265
1196
1663
2248
1563
1820
858
1978
1037
58
823
1939
2245
2583
112
1022
311
1746
2865
1020
17
432
2555
582
1675
1169
218
955
440
2460
742
2899
534
281
826
1113
1514
420
2574
916
862
1741
2471
422
619
1005
287
2098
1346
2621
2356
2312
595
1750
2776
859
538
159
44
2786
2108
2544
153
100
1267
1290
2896
2451
2868
544
2407
1898
398
188
2197
255
39
2648
1808
1131
836
559
565
1446
781
906
1300
2710
2362
1145
60
2172
2696
1385
1001
2354
772
2260
2937
1781
2593
1372
632
337
2682
1114
2165
2359
1181
1658
1252
785
199
1633
2641
365
853
1187
189
1802
1043
846
1412
1809
371
299
2545
2552
1426
62
2127
2673
585
984
64
527
2733
1370
913
1315
1958
205
2836
231
2442
2647
51
2363
2926
353
586
2922
2367
2390
2427
1793
717
722
1442
676
628
1840
1713
2324
622
1744
674
1170
1085
206
1847
1466
2217
1166
1288
1244
2853
857
2493
855
2219
1183
2015
707
1141
2534
1401
1476
2224
2811
824
2817
2848
1601
2541
2609
2768
1683
2438
1445
111
2785
411
266
2774
426
1402
977
2855
73
715
1312
2480
1617
874
497
177
2823
320
342
1493
711
1055
601
617
8
2871
2584
269
1762
2723
2137
872
2843
1266
562
2914
121
267
240
723
1914
784
466
1450
498
1611
2632
18
1021
2686
2921
1118
2900
360
992
1560
2218
1737
1416
2826
639
66
2646
2381
954
2027
1649
2638
2818
646
333
2550
616
1836
2637
2446
1298
1397
1959
2498
2107
1822
797
2586
739
2903
2472
1484
1227
1293
603
2092
406
2902
2397
1886
2380
1418
726
2009
1534
376
2822
705
2697
1710
2232
541
2830
450
1239
1308
953
2262
685
1378
2333
1951
1554
2873
1036
1882
380
1615
1067
1828
1469
1751
149
1084
1117
1053
1510
1933
1078
362
800
1645
2606
2124
15
2797
163
980
113
2029
1292
319
2415
2140
525
2342
1648
773
2208
2361
42
1172
170
907
1773
2741
1499
1841
2607
1344
2256
1417
1124
317
1584
2794
2620
1254
2654
2728
2028
1609
2739
2161
1626
1452
735
691
838
2715
1512
1336
936
2941
1981
321
2404
725
2309
1829
2377
1429
644
1797
2195
2790
2
2226
618
2419
331
2829
1093
1997
401
1188
494
1577
2273
437
2378
2793
2057
1775
2631
2093
1603
816
1876
2756
416
1962
169
286
395
1783
2005
239
830
1276
2295
1046
275
1353
1864
219
1555
1891
2813
2772
1892
2285
1910
1732
1630
975
1260
925
2543
2808
13
899
1672
2884
2340
2598
2685
1747
650
2934
1538
780
930
1311
860
1947
2835
702
2716
202
699
131
2737
224
1454
851
1546
2481
2662
146
910
2717
1749
2099
2850
697
839
503
760
1547
2608
1104
556
2209
2343
405
637
1205
82
2839
2711
511
1318
1275
142
2779
2223
1224
1549
998
1684
2241
140
2466
847
623
2923
1103
1660
14
1233
978
2854
2330
2700
2261
1488
2789
807
222
2746
749
109
2517
215
966
1050
1508
2429
2163
1323
1970
181
346
2111
357
608
835
950
1449
1459
242
1238
1639
378
2889
1854
501
1305
2781
2176
448
1374
1422
1268
2924
2594
861
1201
988
2453
1902
2501
464
941
2364
2251
92
794
1437
461
2318
179
2039
298
487
2290
1193
841
2061
1582
4
2519
2366
1236
1151
2055
667
1377
896
2177
2010
190
1986
822
799
820
1487
593
2150
2158
974
1926
782
1393
423
532
531
1544
2422
2138
959
1526
1963
2299
1135
1296
1548
495
1319
61
2908
1492
2125
2860
1701
1568
2499
2063
2560
2437
399
922
2135
2196
2712
2558
1661
1220
736
469
1348
2355
90
2727
1068
1682
716
479
523
761
1465
31
1431
144
1723
1558
605
1988
2548
787
363
1909
2294
143
529
2874
921
2642
1075
724
2628
1280
1530
1112
482
1150
583
1194
223
2041
2149
663
430
1789
171
579
1519
1895
917
1051
1679
2282
116
1911
2679
2610
2122
1042
2506
569
1642
1432
1262
2672
1764
596
1919
1608
435
1040
458
185
2901
2006
1817
29
2246
1030
1589
1848
2892
1058
2373
262
1160
2912
332
1813
935
1659
2146
1125
2812
2433
24
106
828
1594
105
233
1277
1631
2729
2604
1719
1165
645
2174
2353
2212
2527
2581
412
993
842
1404
1081
1326
2907
1153
303
235
221
1470
2618
621
1896
2175
2026
2302
307
2526
1226
1332
1858
2052
524
312
1844
2011
1261
2240
1733
2206
2264
2725
1946
2192
1245
1282
694
2468
2639
810
2325
115
1824
2030
2335
1209
2521
2128
2428
1502
1076
1870
909
1736
2386
1142
397
2317
740
2193
1180
1921
1987
900
512
982
1952
20
373

