147
317
188
2929
2918
493
1591
1353
479
2050
2000
434
2740
1370
2846
1340
2727
1845
47
2384
651
1932
344
2460
846
2858
1348
1314
1656
801
2173
2597
2837
2371
1811
697
1967
2593
216
784
1443
1877
1086
2106
1677
1233
1098
1414
550
381
321
2679
1242
761
2540
398
1579
835
2546
56
1884
1065
2087
2353
2760
1899
1057
2559
388
2899
1936
744
2339
11
9
2046
1152
255
2576
2415
2133
164
1666
1503
1040
319
2823
405
1433
1398
2906
106
1675
168
1238
1562
740
1991
182
2388
1937
1259
279
2602
1841
671
2632
1523
1083
2637
1966
415
1594
650
2043
2027
709
285
536
866
2008
35
623
1289
420
2413
708
1338
521
664
2481
2277
2638
2261
1700
145
2181
2358
572
1176
599
2435
302
315
249
2662
1311
1552
443
1500
1846
569
2417
246
1377
1544
1062
341
1047
2248
2634
1387
271
1056
1063
500
646
1674
1765
491
290
1312
2905
584
218
1788
2891
1567
1977
1474
2475
1692
1413
49
725
2441
2144
1424
2749
1947
2313
786
1539
915
125
676
1486
2502
532
2420
1180
1775
2471
370
1698
184
2489
2109
2680
1111
301
1102
2586
358
146
2042
1526
2531
2563
940
1182
1088
2122
1241
2750
2758
1784
768
1778
2194
2036
332
581
975
424
2527
1608
2656
2405
2701
1373
832
291
2573
1996
2873
1125
2070
666
2089
1610
1955
2676
1960
159
207
217
515
1905
1819
2117
2657
1679
1142
667
619
516
1374
1227
2128
1011
1820
848
1593
1329
1691
2085
2849
2688
1546
2020
2079
323
1436
720
2044
2835
593
2311
589
2627
430
2797
2094
190
363
2082
2629
511
2153
927
2682
2332
89
1959
1041
554
1912
2270
2102
928
2382
1713
2107
2147
1528
794
1871
706
1743
1839
6
1283
2685
254
123
2533
2222
2544
32
2625
2911
61
138
919
1772
1096
2812
454
2534
1124
1254
1012
2158
1054
1777
1165
1239
2167
2254
818
1210
2666
1852
86
1167
2011
2900
1568
749
1634
2137
1215
24
2739
1782
2443
1853
870
1889
947
486
438
1291
2426
2216
2769
2031
1497
1524
2631
1325
912
925
1467
2075
1437
2209
492
553
1694
1304
1867
2451
1064
150
2549
460
1605
373
382
942
1512
2892
2284
380
1248
1515
2795
1069
1225
2699
1365
1962
1308
1237
98
1380
2814
1017
2845
43
992
1487
280
535
2240
1428
1862
260
1002
1316
354
505
2063
2715
743
792
1148
2392
1547
2351
297
1968
2550
545
2038
39
643
729
1696
1121
973
680
1284
175
1592
686
1452
312
2817
990
2798
103
473
351
480
621
2245
364
2067
2229
592
257
2683
1952
1964
1136
1059
2879
1310
795
1240
2939
1786
1471
991
1807
334
949
2157
1174
2007
2691
1582
976
1773
273
156
1385
411
428
932
2616
1328
162
1628
170
395
2206
437
1963
783
2472
610
2120
1668
1794
1857
1659
764
63
2286
1599
2071
2552
669
293
384
1140
2193
1095
2870
2148
2269
560
2108
2267
220
2852
132
2920
1129
499
1780
2326
2678
1746
847
1613
439
1580
702
597
1421
1501
94
2300
115
2177
1092
875
457
1303
1071
2698
286
1795
1602
1927
22
2095
1278
1318
939
462
2704
1883
181
1540
1716
2493
838
2555
2264
864
1159
1818
2828
960
328
547
1331
2524
561
1844
2180
483
1854
753
828
186
2614
2613
2026
1758
2526
2345
549
2396
2450
2202
1676
1923
1865
2129
400
2462
2017
335
1094
1982
82
577
1222
2303
791
1243
1050
2500
2009
1423
1971
2084
79
276
1150
165
2331
289
1293
2838
2367
2250
142
573
101
596
2312
2521
1907
1999
65
356
2399
2091
1032
2152
802
935
1545
2842
72
950
1470
2252
2886
303
633
1532
176
1695
2716
961
1084
1286
1556
2705
2913
507
2291
854
578
2921
1015
1513
1326
1498
522
625
2024
2119
1812
102
1533
2394
2490
84
636
952
242
2324
1130
1189
54
2591
1137
2923
1265
2485
2607
502
541
1277
1976
2124
1246
1133
2162
1826
2090
711
2317
114
879
2580
1384
1204
1405
236
859
2791
1273
1430
2306
352
1681
431
2314
1351
2224
2328
2098
269
1434
361
1832
1108
2406
871
131
2175
1534
1660
677
2539
1972
1388
953
2491
738
1863
858
1051
2123
1495
1671
1739
2342
1220
2752
1287
329
902
922
2381
2692
2581
591
2781
986
2172
2307
1985
2047
75
2731
193
1459
1139
649
2110
274
37
590
1928
2574
2890
631
806
719
2433
2391
245
1025
2548
2848
1757
78
520
5
782
1181
718
737
1103
2856
2774
1989
1483
2045
1933
1003
1216
88
2820
1249
1805
1213
2606
2587
2483
2628
1134
1720
2279
294
2940
1701
972
715
1372
2199
2223
713
155
2438
1850
1549
2213
1061
1543
42
2757
867
826
557
819
1020
1052
2902
1509
53
1488
2850
1736
809
994
2265
899
842
700
827
745
167
2686
605
2354
2734
445
178
2864
2276
798
1058
1958
339
2221
2665
2772
964
1881
2815
2709
1872
1800
2466
449
1587
1444
1485
8
1118
1998
2373
2771
1368
2847
863
2296
1281
2790
962
1578
1687
466
2743
1343
104
934
1813
1378
191
2088
215
2048
1979
2819
617
1060
2922
136
2096
1992
214
2832
219
2055
757
2214
1531
1116
2869
2126
2784
917
266
2329
698
2395
1747
2843
2192
1690
1262
1299
1029
1075
1584
1379
1669
2542
2557
1793
2249
2508
295
1251
1749
588
197
1270
410
1797
423
1572
2642
2168
2064
2187
324
2933
2278
1110
1296
622
2283
1670
21
1742
33
133
1188
1272
781
2881
1334
1764
1247
237
788
2711
1442
785
1815
1779
579
1585
1949
1214
920
470
1627
1893
393
723
239
956
1352
1796
2640
2763
116
1315
1126
417
1463
2238
1990
1703
2811
2468
235
2196
742
1518
1629
2889
1688
959
284
108
2457
394
1305
2477
941
194
2444
1252
1886
1997
1438
954
865
325
668
2197
1737
2594
632
2427
1317
980
2622
759
628
2654
533
95
997
1920
399
277
2073
256
1090
268
232
2434
135
2135
2930
461
350
174
1472
2932
122
2242
2429
1276
1206
1027
2689
448
2865
435
2412
488
2479
379
2191
2859
180
1645
693
1201
1874
469
1496
2562
1957
376
2551
1207
1426
1607
1803
2674
26
2722
1790
2447
2554
2442
2297
141
1519
868
258
2728
1053
1170
1461
1915
1522
2708
531
2076
1530
2065
1158
1771
642
905
2661
2118
1553
2185
1583
2473
2208
712
1447
755
618
2418
1478
1371
1117
2621
1335
1412
2309
195
517
556
2121
1416
1034
305
1114
1153
812
763
1576
1986
2439
2028
385
834
426
1435
1132
901
1298
1357
2131
930
2673
580
1172
862
898
1917
247
518
1253
2454
1162
943
432
2041
1860
2201
2770
60
459
1931
1356
1514
2409
2272
368
2623
40
90
2318
120
1046
921
365
2227
105
1320
509
327
1954
2659
1802
2377
833
444
839
750
2914
112
1263
944
2012
538
2809
2176
1880
143
1617
2824
134
504
916
1586
926
1093
2204
1399
1223
2888
1814
637
1154
76
1018
1021
343
2316
604
1425
1504
267
1
1279
1909
758
2211
1453
2
2514
1616
1115
2503
1655
822
2386
2801
1369
1492
1542
83
149
1411
1726
1644
2558
2355
2225
59
2796
2651
1649
1113
2092
2033
1327
1849
69
109
307
2599
1948
1842
529
2220
1036
403
1664
263
2104
85
2062
1203
1834
2325
894
1307
1193
1199
2670
2059
1460
574
313
2305
756
311
140
2862
2506
2290
306
425
2782
1596
23
401
2302
2745
601
1555
128
1895
213
730
1048
1332
1590
2925
966
845
2719
2615
57
342
2754
481
1658
1754
389
615
92
1647
555
2747
2340
1462
2492
127
1630
1711
1194
484
1831
1787
1358
603
1879
1198
1900
369
2343
228
1621
2853
1191
1781
212
1926
754
1709
860
974
2827
2440
2138
487
2896
366
607
2706
111
2664
1541
1776
1297
1623
2336
648
1407
2414
2319
2101
10
2034
2693
2874
2035
2786
2684
71
513
1510
16
2019
585
1507
2398
2130
1929
2876
512
1606
326
1792
983
2032
2667
2818
1468
67
2854
447
2375
2841
769
796
1563
2710
2436
51
1465
1101
2541
1006
2598
1588
2149
861
1581
923
2499
2660
1641
1099
1614
314
1196
1869
1346
2469
2855
1030
2449
2288
1981
2641
907
1267
2609
2470
66
1013
661
2385
1767
2523
1232
978
772
1798
1264
1560
2498
1894
985
1890
2787
2125
1873
1823
304
288
1202
362
1408
1604
1680
2010
924
817
2428
984
1211
534
2116
2259
1160
710
2226
873
1911
2195
308
1081
2909
2159
1961
1106
760
704
2762
2421
2013
1439
2605
683
336
29
2753
993
1919
815
1123
1942
238
2244
1166
41
1268
2275
2860
825
227
121
1733
1342
2237
530
158
2282
46
1569
2778
1652
210
2054
2596
264
620
981
392
841
2805
1667
1078
1079
1752
497
1561
1906
544
659
2735
2505
2583
2379
880
663
2207
2255
2935
2014
2099
2612
2467
2833
2260
2600
2322
2437
1789
682
383
2901
331
453
2103
1231
1419
2885
2677
1035
1224
2210
1828
892
1141
1683
2646
775
611
231
1359
1422
1806
251
498
1835
883
971
1274
2840
1482
2369
152
97
74
397
2243
2372
2218
1330
1037
2231
869
1045
1922
1833
2081
1714
2703
1750
595
2052
929
2141
1740
616
2520
2424
503
1516
998
1476
1131
656
1454
80
2718
433
1848
337
1306
1080
1445
1946
982
2002
367
2461
2595
2529
299
202
2161
804
1122
2400
2298
1171
1706
1008
793
153
1748
139
1689
371
189
2397
1611
1360
1260
414
2448
1697
2217
2507
2883
2155
624
829
1766
1484
2530
1724
519
2476
2323
903
2299
1179
1554
1345
124
2639
654
2536
2516
1302
1768
1870
1642
2256
658
1916
1980
1892
2341
568
1527
2387
463
357
391
640
64
2482
2695
407
1934
2556
1155
1480
2478
243
204
52
1993
355
333
1042
823
2844
2861
2937
881
914
2235
1654
494
2592
1821
1319
583
1618
455
1010
1861
2834
1801
2356
1244
904
1403
2289
345
2768
2200
951
872
586
1301
1383
1704
2178
1401
2513
967
886
1799
703
201
2821
1537
1337
797
1702
2687
2510
2751
1843
629
1908
2132
523
2056
893
1085
1024
1506
2347
1875
2058
662
1935
2251
185
684
2569
546
2857
2016
878
1336
2517
2074
1361
2006
1168
2535
2458
450
2871
1323
157
1107
2232
1200
148
1682
1135
969
1974
936
2830
1973
1294
223
160
2040
1339
566
1636
1350
1898
58
2274
2281
2807
1577
2431
1186
1824
2083
1100
2813
1722
2887
2780
571
688
1559
2776
2164
2463
1646
2577
1774
2327
2779
2136
1455
322
689
2127
1827
1759
1816
2626
1715
1184
1164
2783
1039
19
2895
1420
552
475
705
741
746
1228
731
429
752
1638
1930
1939
2816
465
918
2039
456
2565
2928
1105
2486
2761
1347
598
2588
2723
2241
1144
1847
2898
2748
1177
1511
2611
2893
2029
177
1481
1864
691
2333
1146
390
2755
348
714
1183
2380
931
2287
1169
412
2308
501
1769
296
1362
50
2294
1804
2404
1760
655
2330
2851
1830
1341
1728
634
144
1851
2872
1643
787
1109
468
1212
2736
1449
1914
849
884
2570
1344
2658
820
1536
1950
602
1625
2866
18
248
1382
2078
1066
766
1903
2713
808
1978
259
1367
2357
2030
73
874
613
1717
2744
446
696
137
1810
1229
1725
653
2608
1817
1896
2066
958
1151
1138
1432
1785
241
1550
1598
2061
1175
338
1858
2572
1662
937
2561
2799
751
1354
805
226
419
1076
2697
955
891
2938
813
701
2219
1956
790
837
1451
2134
2601
1072
678
2829
422
347
987
427
1004
1626
576
970
1723
567
844
1574
2188
110
979
733
2908
2652
2320
2352
496
2585
2183
1120
1943
694
2672
353
1840
734
199
2142
1517
81
913
2765
287
2021
789
1808
2018
2610
2360
281
2519
282
938
34
1620
2338
2349
2005
1951
1230
968
62
1349
803
2518
2234
780
810
1505
1663
540
2145
1458
436
732
514
12
824
1731
807
1235
1738
728
1280
537
2174
1751
724
2271
2408
665
2370
404
2459
2578
2139
206
1019
2522
2702
2093
2069
1067
2647
2001
2931
1473
721
1619
2926
1157
821
1205
2538
657
1491
1570
4
1464
2729
2432
1250
1719
2049
2146
2346
1257
1128
909
119
2301
1219
196
2712
896
2636
2025
911
641
2742
1975
2568
699
402
2882
151
2726
2077
117
2321
1190
2205
2203
799
2839
17
525
963
2694
778
564
1763
1631
2080
771
2785
2497
2335
1292
68
406
2100
2365
687
2198
87
2295
1440
2624
2004
1393
1282
1558
1404
814
1684
292
2140
1693
2553
2645
1375
1571
377
2912
2452
172
882
1275
2836
2344
2170
275
2669
200
409
1450
2151
2707
70
2633
1994
2759
1043
1866
161
717
474
1390
506
2304
906
673
1944
1031
565
600
1023
890
2868
77
2230
1014
856
2894
1258
1173
163
2766
2266
843
1633
2496
2422
2724
2416
2509
2363
330
1648
1127
840
1622
240
748
1707
2361
1000
28
1397
995
857
154
1392
2537
1600
1940
1665
1730
1685
1502
2808
2897
1049
38
1192
1753
234
2268
2253
1718
169
171
1921
2169
2589
2732
2374
2619
1226
627
272
452
1499
639
1965
2390
1601
2877
800
679
2904
908
1394
1236
1520
310
1147
233
1077
612
948
2590
722
25
2617
626
2114
638
777
644
1091
773
1363
652
1402
606
2545
2262
527
889
1678
2171
1564
1073
2494
1309
230
559
2378
1038
2916
2618
408
2348
2455
1661
2655
1355
91
1149
2635
2649
2564
2273
2425
1001
548
736
118
2714
442
1156
1735
1653
1632
910
1859
13
2603
1070
685
1033
2112
1910
2644
2571
1477
1409
1640
2738
1490
1651
2464
2653
203
2764
416
1489
2160
421
2364
346
418
1891
2582
100
359
187
2430
692
2060
1836
467
1055
1712
490
1266
2668
45
2150
897
1603
55
1026
229
478
1595
2495
562
690
15
1878
458
1494
2917
1381
695
1364
2720
1395
660
2777
1400
2057
173
205
2875
2236
20
1441
2515
2696
1729
2445
1885
1732
1791
1418
126
570
1391
2166
831
885
1969
1525
360
1197
1809
14
2446
1446
2184
957
472
30
2910
1876
2648
2334
2919
1396
2257
1822
2474
1987
895
1745
2263
2788
2575
779
36
2700
1366
1705
900
1161
1322
2737
2525
1016
489
378
1855
1639
2179
989
977
27
1988
2878
739
129
2105
44
225
278
675
1185
747
1386
850
1902
1087
852
2941
316
1938
551
2730
1888
1466
48
244
1882
2487
309
2690
510
1288
495
1022
1901
2097
1389
2671
372
1521
2721
2239
542
1615
2792
774
2246
221
261
1913
1208
1469
1448
1783
877
1431
2407
2086
2741
1493
2793
208
2022
672
1755
2501
2389
1195
1624
1104
2511
99
727
1261
2293
2310
528
1856
1573
2368
2794
2053
2383
575
1887
2023
1829
630
2880
2189
2924
1918
2584
851
2579
1218
2111
250
2186
396
1271
440
1744
1112
2934
1007
1672
198
96
1756
1245
1699
1538
2484
770
441
2560
635
183
2190
2825
2867
1163
374
477
1097
2233
1417
3
2072
482
2247
2480
113
1953
2362
222
2804
1761
1868
2143
31
1637
707
876
1217
1290
1427
375
2806
2258
1941
1686
2113
253
716
1295
0
2756
1762
946
2292
1548
1429
7
1635
252
1535
166
1269
2746
1089
726
2789
1734
2566
471
2366
2643
2376
262
2315
735
2547
853
647
2115
283
1145
1285
476
888
1673
1983
2419
2411
320
2884
836
1209
1376
2543
2182
1028
1657
2831
1551
1710
1741
594
674
1457
2337
2488
1897
1005
1324
2915
1068
485
1721
999
1221
265
2163
1074
2802
2350
1187
563
1009
270
1143
1557
318
1650
582
762
2650
1406
2725
1321
1995
2620
1837
2280
1770
1044
2228
996
524
2393
1410
2822
2401
670
2512
1255
451
2051
2675
1612
192
1456
645
2453
2504
2767
2663
413
107
2567
558
887
340
988
298
2359
2212
1479
2733
765
2410
224
179
211
508
2681
130
1333
2810
349
830
2604
2532
1234
2403
1708
543
2803
2423
767
1970
1300
2037
2800
1825
776
2215
816
2003
387
2826
1727
2285
93
1597
2907
1838
933
2863
2903
2402
1984
2927
526
2630
2156
811
1415
1925
965
609
2456
1119
539
209
1565
464
2015
1082
1575
1256
945
614
1529
587
2775
2773
2936
1904
1475
2165
2465
1566
1313
681
2528
1508
1589
2717
1178
855
1924
386
300
1609
2154
608
1945
2068

