2413
9
981
2616
950
2682
1723
1608
674
1141
543
271
273
859
1675
528
1235
2933
654
1555
1808
130
791
996
1503
1605
376
992
1283
2154
1155
779
849
1042
2333
171
91
2164
633
2536
1072
2441
967
1023
2466
1905
2229
1710
2263
980
1726
2901
2279
962
1755
777
2361
2642
1074
2511
2126
1659
2389
1748
1040
1932
2881
1875
2475
796
2782
2173
371
1500
233
2806
2482
125
601
703
1813
1895
715
1658
1712
404
2696
1784
1312
1927
2643
297
347
2375
1900
1282
953
1645
604
250
1929
1612
1843
68
831
2351
2871
1203
279
172
2524
1922
2148
854
2390
1016
2810
2777
933
1278
2311
1959
1416
2186
1123
2773
2516
585
2435
2936
1920
1870
239
1908
664
772
1411
443
2220
1575
135
2849
683
2909
994
1372
168
1544
292
2676
2615
746
2254
2387
797
1711
1859
2082
325
401
2216
2355
698
494
281
1068
426
1343
1140
1408
1554
2538
1624
1971
1056
1116
1925
522
2892
587
905
1132
1256
1138
1839
2503
2755
454
2610
2
1401
1168
1552
1298
2460
954
1452
833
2625
2650
1484
1845
1405
372
1916
2175
1384
362
1869
170
2658
444
1669
1003
740
2601
1194
782
282
2851
2145
1861
841
45
1131
92
1133
105
2456
2472
1528
300
1181
1441
2794
222
942
1418
2444
2285
507
2394
2693
2120
2622
2604
77
665
42
2687
1865
1161
3
646
447
1664
2297
21
2528
1233
1192
569
752
166
1374
2579
812
640
945
1663
2548
2742
822
420
639
2112
1209
262
2467
1439
260
892
1267
390
2135
1981
1478
453
1048
1586
737
1083
1468
2590
2213
1041
2813
2905
660
2835
2187
477
605
1076
1188
1613
211
940
1262
1134
2469
1257
156
903
2270
1626
1706
2150
2174
642
2659
1894
1216
2903
1823
315
2017
2745
987
821
643
1330
203
2329
1826
1953
2664
2099
1791
2059
1682
1972
2847
419
1670
153
2397
898
614
2603
1777
1305
2116
13
181
1902
265
122
1481
1815
2549
17
2649
236
228
1363
547
1383
615
2395
525
176
1792
666
2090
1661
2431
2862
2379
816
1949
1309
689
83
2785
1773
1369
1080
995
293
783
46
2308
1772
529
1346
2274
2430
580
2092
1545
2168
2190
792
2705
321
909
983
2533
612
323
2196
1993
1534
1174
379
2105
896
2484
1715
449
257
2787
1790
2401
2076
2005
1974
2219
2922
2570
712
623
843
1533
2522
99
2247
65
1449
658
2585
2089
815
326
1049
2119
989
2134
1117
1218
2249
672
2194
710
1431
1649
1274
1096
852
2525
2036
311
538
2364
2074
669
572
938
2609
1385
2786
432
1355
2941
2399
1448
827
1524
1250
2822
1236
2066
2753
2529
2692
150
1896
468
138
1636
287
845
564
2362
1220
955
1548
229
1395
1906
1890
2299
1081
1801
2110
2724
1966
2246
1078
960
1020
1432
1654
2748
1112
848
275
1460
2113
2368
1796
2744
1304
1704
947
2512
2284
1063
1948
2086
629
594
207
435
1324
862
1204
1543
201
1538
114
384
329
1970
2224
1678
2735
388
2019
1835
2085
876
2557
2124
2131
2342
1631
1846
189
331
227
1862
1873
1348
617
79
1162
2574
2629
1469
1989
2595
870
1398
2383
2921
2436
1065
2792
627
1728
2149
1939
1787
205
158
908
830
1189
575
1200
2115
1684
2912
1600
2032
1085
720
1415
225
652
402
1833
807
732
2348
764
1225
51
934
600
1984
2404
829
352
1563
1945
2061
2573
354
2020
2884
1837
2363
778
2739
178
751
157
1597
2564
226
922
2305
179
1260
308
2448
650
1240
380
111
2663
1301
768
8
5
93
2315
2012
2225
141
1746
2628
521
341
1046
1139
709
2231
1816
2238
1820
2805
868
2895
542
2337
809
915
2117
10
2234
2139
924
4
971
2014
2837
1587
123
2107
144
1224
1598
1170
256
872
2244
758
2779
1990
1805
1473
2890
406
2591
2754
1722
1541
1639
553
1975
2496
389
1394
2259
2836
2926
2129
120
1535
305
997
1044
2320
2255
2804
433
2702
1851
1479
966
1105
1442
2637
465
1249
1084
2631
2618
2236
2476
2800
2471
474
1089
1812
132
2657
895
101
57
805
1421
231
152
524
2278
1848
478
190
1573
2863
272
1196
2931
1893
1060
2639
616
1319
1261
527
1190
290
2380
1327
2064
589
2141
1537
1719
2520
1166
2041
1947
2418
2684
1965
2205
2923
100
1338
2257
1380
1549
2824
1737
1747
2561
2730
2553
2877
103
539
2662
1234
394
894
1732
592
609
1397
215
220
2449
2029
44
1391
828
2736
2451
1814
1066
1496
2344
249
2322
1520
1996
2505
1263
2500
1175
2820
1952
1880
395
2518
1277
2103
2633
2230
2070
2899
1284
1015
1909
365
808
1005
1713
2370
736
871
400
2858
2907
2630
508
2914
2844
2741
1258
2501
1531
1110
161
2746
1709
2152
1345
2406
702
441
2151
1606
1700
648
30
2268
878
2132
6
1094
716
1687
1979
2666
1077
312
837
1491
2675
2594
1532
691
431
484
1946
2118
2708
1878
1490
2620
2498
2195
2317
2248
1957
169
2026
972
2162
313
1768
1819
956
2876
245
1753
1403
2331
1609
2581
206
209
2047
2396
2321
1761
1492
1653
1513
765
1619
407
2793
355
1985
655
2833
1522
1729
2821
1453
1686
2830
1864
2870
2527
1435
1470
957
2100
2123
2749
880
2607
2879
2314
1485
2008
1376
1593
1943
2179
2081
2774
2817
2433
2652
1067
2245
269
1088
2860
1007
879
33
1086
573
2690
1159
811
1724
1426
2262
1160
836
356
310
1360
2495
2381
1259
511
334
2854
1673
488
951
2310
661
214
1749
1344
280
1451
2695
391
2360
929
2223
590
2480
2691
1462
1320
1033
973
1638
1206
519
681
2761
2491
221
2324
489
1334
1281
421
52
1584
461
417
2417
1035
1118
958
1349
780
413
2400
785
1390
2130
1202
657
1130
102
2277
2563
1247
1692
840
2811
2621
670
1230
188
1818
1205
2004
1884
540
818
2356
475
1350
2402
1419
502
1367
2885
607
1186
252
645
306
2376
2272
11
2661
662
1021
704
2156
1097
2713
1607
667
2770
2049
55
1630
625
108
2343
2416
1328
2587
857
794
651
900
684
1680
707
1955
2588
621
1782
696
503
2825
610
1973
1154
1518
1980
78
85
2814
1184
185
1743
1090
1012
2464
2408
873
298
479
378
428
409
2334
183
2068
219
1231
2046
2497
2193
622
2740
1295
2910
2547
1788
2182
2437
2565
1229
2648
2185
1789
259
2340
2788
2114
1272
1121
579
309
303
560
907
2775
636
2191
1402
2831
20
47
2559
2641
899
2353
1512
1611
2790
425
1734
1157
2546
1296
383
198
1057
2795
359
1572
1928
930
2147
2235
559
2904
186
2427
243
1546
242
991
556
687
2018
2728
2680
2161
978
1599
2067
2211
2732
343
1028
2242
2920
1386
877
1111
1817
1847
392
536
2042
990
803
1691
694
535
2392
2197
1064
551
1633
1029
1010
2169
2602
2572
2868
1506
1647
2409
1642
1650
851
1944
1082
844
723
2096
1991
1487
1329
466
1529
217
2576
2459
1956
2346
1445
770
2280
515
2264
656
2716
1774
2083
2489
88
793
2828
1855
69
2420
1936
258
399
697
1721
2809
901
26
238
1070
2759
885
1807
2128
353
73
2414
1717
2772
744
649
2517
2341
882
1622
2073
180
1695
1888
1317
160
2385
1559
763
1101
254
826
2300
193
486
15
2276
1341
270
2689
1752
223
631
2403
855
1437
2428
721
366
576
2819
2853
2069
2217
2307
1420
727
2388
145
2888
2726
1634
1443
1738
2592
2541
1137
318
2816
129
2104
2934
482
914
1867
117
1603
1050
2686
1144
1246
2709
154
1994
1569
722
1100
1314
147
328
1918
382
1811
2269
1151
2055
1866
1071
476
397
244
1149
1238
1954
146
1809
1201
2916
624
523
2718
1347
1254
2221
2415
1798
1208
982
1433
800
1735
2651
1962
588
2872
2544
1106
505
1850
819
549
251
1690
307
89
1342
422
2869
136
1414
2645
1037
1009
434
2855
602
2930
2153
571
2393
555
76
817
834
439
2733
566
2815
1831
2445
1986
2407
2612
2142
2598
856
1427
131
112
1169
1912
2037
2723
823
62
2021
1332
2494
1195
1410
1412
177
12
2009
1299
1353
634
630
2461
1318
403
1000
396
755
786
1951
2443
1069
1308
2766
2935
284
1766
2857
2335
832
1696
2566
675
1109
96
2812
1550
1568
2207
2127
1625
2729
1910
1693
1340
1273
2681
801
1039
2867
1456
760
692
2384
969
2781
499
1497
749
941
2751
1778
1255
335
500
1164
263
1167
2052
913
2302
1290
200
1129
1326
2045
850
1588
2133
349
2015
2121
133
993
1666
2487
1275
2619
2180
2035
373
512
2111
861
548
448
2635
1366
1821
1618
1265
2267
1436
2578
1604
889
1227
824
2391
1858
2891
2839
274
1694
1150
1564
1542
961
2137
149
2031
1803
943
659
944
1583
80
61
937
2882
2850
2542
1877
804
1527
1058
597
931
110
2457
773
2260
685
2183
2743
2756
1853
451
1356
386
565
2347
2507
2796
1620
1361
1677
2374
1122
2829
2545
919
496
1771
1577
1232
2039
2016
632
2345
682
213
2589
159
2519
1268
374
1961
1556
1294
1705
137
1547
1396
2611
676
1108
1362
1178
2543
1924
1760
2721
2834
2048
695
1055
1147
1731
767
1331
1830
1930
340
2122
2671
583
1983
2288
517
2928
1871
2010
1702
603
187
1018
677
1505
2883
963
2450
1590
1941
2287
1648
437
2660
1004
2275
2250
2624
1601
1002
2426
1526
1214
1882
1075
918
2569
398
606
1422
860
1197
142
1027
1511
586
1182
910
87
1551
1019
1434
2513
1516
846
375
1006
567
2719
1574
1764
1183
2582
2425
781
1244
1498
1667
1921
2911
1897
917
1480
1558
2447
1646
1501
2328
925
2011
1733
2463
2584
115
1207
977
1539
294
126
2523
2866
1226
2412
2163
558
32
820
574
2325
1632
1978
182
1759
1145
113
2204
2241
246
2535
2382
514
1640
541
2606
53
2044
1863
408
2924
2075
1093
2763
1940
2499
1095
902
531
2359
1459
1454
906
2752
2669
2057
1581
291
1135
923
1565
2623
2266
191
1765
550
1223
620
367
644
2256
1300
513
509
1536
361
1933
2051
459
128
1571
1898
838
2894
784
2318
1026
2515
1461
31
1915
1280
1840
2378
2848
757
2189
418
1504
155
202
926
2298
578
1061
16
268
2421
2478
814
2714
2023
510
1507
23
2554
1045
562
285
497
2925
1763
2668
516
165
1371
164
2030
301
2210
2552
1486
530
2560
2283
1806
1785
2918
34
2166
2265
1582
2900
2424
705
498
1592
1466
1804
2636
1152
1014
2532
1471
2094
701
58
1180
619
1059
327
457
1286
2143
493
1429
81
2203
1797
95
2479
1856
2504
1742
247
1919
2644
2296
638
1802
2679
1495
106
884
1475
463
387
442
1727
2468
2889
1616
635
1838
2078
1193
2371
1967
1570
2442
199
2706
1378
295
1914
1849
1399
495
1595
1126
2146
445
2177
336
2003
332
711
1243
455
1413
2483
90
1499
1562
63
2158
1271
2940
2227
2704
369
1621
1510
2043
921
2750
1476
1092
1668
296
2106
2898
2261
1104
1379
2596
469
1580
41
2080
1252
1517
1779
43
66
2613
2206
492
2323
2938
671
1758
2222
729
456
1662
2864
248
916
688
2510
628
1310
735
2638
2583
2859
1191
2386
2674
1560
1689
700
2056
2060
1025
2555
28
2336
501
810
48
2801
2013
775
208
1553
1276
2258
2295
1438
2332
813
1876
544
2803
2634
2465
557
464
2875
1836
1213
2214
2462
728
584
2338
2720
2452
673
1879
1775
686
1297
1483
2896
1699
2470
2088
1333
2845
1393
1306
1913
2144
2289
1672
599
319
2281
2568
747
1289
2784
1136
563
119
554
2098
742
1119
1264
1917
346
1172
1776
436
2050
2232
912
2762
1892
2673
2411
1245
1365
2846
2349
423
1337
278
2919
2474
1963
2398
350
1323
964
424
1557
1321
405
2172
1054
999
143
2886
2599
1446
2125
1368
195
596
72
0
1643
608
1781
1430
771
1958
881
1030
410
2282
984
552
1253
151
1024
1596
1698
1091
2887
64
1288
2670
197
1703
1652
1860
2797
1591
2567
316
1681
2377
1053
458
2373
1158
1322
968
1795
491
18
739
2656
2823
381
2273
2710
2034
462
1885
2184
2058
825
1173
679
2571
2725
360
2715
2271
2200
887
1519
2327
2097
2874
337
1834
1899
351
2054
1992
1635
504
1982
471
1502
2783
2438
1098
2799
2312
299
2798
1937
1660
470
897
974
1409
568
210
1239
2717
2852
2455
1457
2454
593
82
2304
959
1034
1741
2434
1515
2526
2929
232
218
1022
59
339
314
1901
1279
2040
74
1467
1756
2558
204
302
2405
2913
1128
1824
1163
904
94
2727
2778
725
2358
1822
2446
743
2757
1578
1011
1903
2006
756
911
1450
719
1269
2208
1266
927
2354
975
1810
1679
1514
2902
714
1754
835
1828
2685
1854
2038
2539
194
1375
2768
2646
759
738
2699
1716
330
2473
2769
2932
2084
2654
1148
2309
167
1960
2313
1215
333
241
1923
998
2160
2410
60
1285
2243
1701
949
1767
1868
2215
1656
2053
2562
2575
1428
1883
1841
1143
1099
473
1521
1641
888
2432
1931
2301
718
411
1051
1013
2838
869
412
2697
1964
2419
2140
1
1745
1968
1125
618
985
212
762
2865
1370
338
1222
1008
2022
2367
2827
1688
1354
798
2091
1339
2366
2201
2556
1623
2101
2734
1786
97
1942
2024
2791
1153
2906
1886
2093
485
641
472
1079
37
235
2873
2165
2485
1566
2199
2521
2826
1087
253
2218
2065
591
1832
2655
2192
429
653
2077
2001
38
255
2802
1610
1889
787
2071
986
733
71
1114
2665
49
561
886
1404
2550
2477
2253
224
1335
706
1644
2832
741
1523
1907
1387
1509
1736
717
795
2614
363
2486
1336
1628
2551
2155
1567
1142
148
866
976
734
56
1987
708
1458
1725
2239
2722
613
2540
776
377
452
745
1102
162
2856
237
2228
322
1228
430
1464
939
1998
1001
533
481
358
261
2458
75
988
1594
2880
175
2771
1352
750
1313
1676
1740
35
2600
965
690
853
1302
368
2007
50
806
2063
611
2481
668
2357
2747
920
932
2202
1185
663
364
534
27
86
1911
2293
598
1115
1730
1887
393
276
264
2429
2492
1602
1614
2818
2303
1988
2700
546
2508
1171
874
1904
1165
2493
1950
570
893
2002
460
2897
1107
789
1657
2291
25
2842
1073
1382
1062
1237
1769
1424
1047
1043
1472
1674
2927
858
1508
520
2608
1351
1032
2632
1969
438
385
1714
2760
1120
2159
1825
163
1400
1127
2240
174
1221
1615
1872
24
537
1251
109
1770
506
2840
2707
1146
1176
1799
2767
1751
2330
240
2893
1651
480
289
1179
1124
277
1720
935
1783
2688
320
761
693
286
2109
2678
1052
2251
2138
713
1934
1793
1036
1938
1447
582
416
1287
1482
1211
446
842
863
2672
726
2530
1463
1315
1373
839
2653
2439
1425
1293
2316
1187
766
2181
2640
2765
1364
1477
1440
2915
1655
1017
2440
2350
2531
1388
730
2703
2033
2294
1561
2807
1891
891
753
2136
1465
67
1881
2605
345
19
1794
344
1708
14
1381
647
1359
2369
748
1744
1325
98
1248
2597
890
1995
54
1303
1762
637
1103
134
2170
440
864
2683
2178
1217
1617
1857
2789
2000
2698
2627
2939
118
192
2176
1718
1488
1629
415
1357
1800
1997
467
324
1585
283
595
1358
799
267
2506
1199
1627
1935
116
1377
2188
1455
2453
952
2537
680
2534
1844
2372
2908
2514
427
2095
124
1589
1576
1392
2306
2072
2593
581
2677
678
1685
1407
1750
526
2694
2237
802
754
867
266
2209
2102
1852
788
2843
1530
1423
1579
1493
1311
84
1637
2339
1739
2212
2292
2701
2737
1827
2423
2171
1540
2711
483
1389
2667
1474
288
357
2758
104
70
2422
487
121
2878
532
40
2488
2626
774
304
769
1977
2365
948
2490
1489
1976
414
847
979
2509
2226
1525
107
1212
928
1307
2841
1031
2577
883
2580
317
139
699
946
22
490
2617
1757
2252
2025
2108
1241
724
140
2712
875
348
2352
2062
2290
39
2198
1683
342
731
1697
790
2087
29
1038
1113
1671
2764
518
577
2326
450
2167
1198
2917
2731
1210
216
2861
2286
2157
2502
2808
970
7
1999
1874
1926
2079
1842
1494
184
1665
36
1780
545
1829
2780
1417
230
2738
1177
2586
173
2937
865
1291
1156
196
1219
1242
2319
127
1316
2776
1292
370
1444
1707
936
2647
2233
1270
234
626
2028
2027
1406

