2028
1290
184
1037
1793
244
1878
1111
2285
2120
2165
197
1528
532
598
1035
2421
2075
2716
6
1116
2061
181
2714
1977
31
1114
1006
1572
1220
592
499
2218
2738
934
2873
2313
1086
2843
2743
884
1202
367
2378
2468
606
44
1295
2928
2711
2481
497
1549
1967
535
2922
158
2424
1254
1690
2202
2524
2804
770
414
639
1983
2773
2578
2905
2700
1315
676
2830
1185
1426
1338
2734
581
463
2662
2249
1349
124
2138
1606
1921
1700
733
294
929
2906
995
2121
652
521
2236
1714
2717
2206
1061
2317
388
1008
211
2706
439
2533
434
2647
2321
1036
1699
845
1046
2380
1961
291
1255
2511
1476
2874
629
2640
2215
2153
2584
319
1266
817
2506
631
2836
1997
2000
100
2194
156
1361
96
176
1223
632
339
1712
393
1907
226
1459
1485
940
1135
565
169
2908
2514
2435
1023
2017
2813
2935
1563
771
8
2724
2237
2931
88
2239
2172
702
1015
1543
1151
448
1850
819
2267
2745
2735
358
1221
431
2482
2101
951
2187
1281
2508
2097
13
1413
879
287
1104
1752
2111
1849
1456
2186
2390
2142
864
1661
2458
2108
1377
2091
1248
191
512
577
800
2607
2757
265
683
474
2603
2051
2417
640
2842
455
461
1430
636
1761
1844
1022
2915
1052
933
1767
2199
415
2790
2904
2701
2290
311
701
2328
299
647
2325
643
1228
2872
2227
1368
858
2337
821
214
119
1439
261
2611
1510
208
1499
442
2130
1798
556
589
1244
2453
2845
1908
955
2704
2787
2090
2693
1687
670
1784
1601
2010
1203
901
1792
2886
2197
870
1390
1530
1286
2485
79
624
2809
1994
585
1706
1167
2639
1157
56
1632
595
1958
2490
1206
2254
344
2833
579
539
1003
1920
2675
273
502
1170
1451
1513
750
833
568
960
1891
1966
2104
760
2102
718
2772
1800
1306
2446
2116
1892
608
2792
986
1631
1154
108
2518
45
1731
480
896
246
2232
2471
603
2220
32
349
2551
1862
1050
1765
708
1579
906
40
2179
403
482
1885
2910
2233
1227
778
52
968
179
138
2056
2451
1051
290
1253
134
1826
820
1564
2457
1846
1993
513
977
2541
2405
1388
880
2823
1500
964
1654
1778
1465
348
991
2430
679
2360
2230
1610
1232
613
2606
2291
1054
2200
2849
1759
1794
1949
763
42
2191
1049
2900
1176
1650
104
1669
1860
43
2309
2112
2196
1441
1934
1182
1857
1704
397
1873
2024
2626
1809
888
1304
1725
1594
2715
764
918
1325
832
871
2523
1110
2074
1249
385
1415
2844
1418
186
860
2334
1399
1569
1889
2689
155
1917
547
1999
2656
1532
1192
2497
1600
1401
425
1342
1902
1363
2847
2517
2705
443
73
1277
2441
2087
295
3
7
1425
1466
1308
2377
1118
2343
1312
2613
1124
2637
638
2918
1591
130
520
407
78
1289
671
2251
2207
489
2008
922
2384
1081
2412
1458
920
2280
2188
1750
1489
2531
1571
912
836
814
1682
2240
1573
1810
2630
1516
2488
1072
1898
2078
2234
674
38
1367
1258
1536
2477
2676
1034
2586
2181
2565
2615
2620
528
484
1722
594
723
252
1477
2314
1359
517
278
1347
2350
1894
1449
1240
1291
1990
1998
730
2501
277
2374
2035
1481
2860
2829
485
1128
773
1125
1204
1614
2862
46
2370
490
1916
160
1723
2276
954
2851
2469
2936
762
260
307
1230
698
2803
1666
769
1506
534
77
1947
1726
2038
1153
2002
731
2033
2760
450
1336
2098
1284
1758
2361
317
935
483
377
2287
2765
300
2363
2255
1523
2294
1822
1927
1237
944
2609
1473
1283
390
1985
1243
2119
2583
1525
135
1502
2115
788
796
2339
2859
131
709
120
766
2484
1558
1813
1225
2587
2226
990
789
65
2769
681
1159
2352
2434
2036
1652
1333
2571
754
666
2816
735
1673
749
89
2124
576
14
445
2052
2263
1242
2707
342
510
2784
1032
869
2050
213
1482
1950
70
839
931
2362
408
707
2898
494
59
200
721
2710
1859
2599
1737
2798
893
2512
1667
2582
304
2850
240
2618
27
1103
2014
357
2106
1772
2311
2838
894
2525
2005
365
1710
172
2209
1709
1427
2930
2901
776
2387
440
1389
1527
1724
2436
2409
2169
801
1843
2752
253
2252
1027
1140
1996
1733
1630
1976
2141
2460
1865
218
673
658
2348
1160
37
957
62
361
2802
646
1665
2657
1233
2891
2810
1139
1222
2326
2472
984
1570
2535
1788
269
2346
1557
1643
1261
952
761
1738
103
2674
2310
2516
2304
2228
1043
700
2604
2066
1436
495
1580
210
1267
729
1406
175
2331
2726
36
919
347
217
1802
909
2496
1636
2040
1535
2071
2702
1972
1670
1867
282
1845
1932
2526
2667
514
1166
39
2691
1265
1239
675
765
2779
1702
808
2103
2786
1874
578
768
1639
2791
1241
564
1374
399
1749
1816
1156
1595
1676
259
587
1478
2841
2140
1345
2019
1259
504
1829
1405
722
233
937
1578
1964
981
2638
710
1495
188
2305
987
1121
1751
2651
2573
1946
895
2379
1519
459
105
2145
1268
1483
258
166
199
774
2070
825
1354
567
2214
2664
805
1355
868
1447
140
1487
824
1760
1716
2136
1980
2345
1884
1090
2341
509
63
2522
147
1369
220
2940
2725
1408
1903
1715
1691
402
2870
914
1279
2268
648
863
1060
2151
748
2766
398
215
1981
2262
274
596
72
309
94
201
2863
1524
823
2592
953
1099
30
1593
2598
1470
1963
1962
2238
2392
1113
1120
2198
255
2180
2868
1604
1904
961
289
92
2149
204
1134
1968
382
2082
2911
2026
1274
2768
2895
1561
2695
705
1025
612
1217
1841
2825
2546
2336
2044
917
531
2371
902
396
2247
1526
2641
1474
387
2912
53
2426
2866
958
2672
212
1703
2356
2560
372
2537
93
449
2217
1877
2834
2652
2692
301
464
1400
2894
1905
2629
2572
2015
1547
430
798
2939
586
2758
2011
662
167
1375
2329
1805
207
1736
427
2395
1200
1322
1234
1848
2510
227
1959
115
2178
280
2085
51
2229
2131
360
409
2122
1472
2887
1329
1801
2293
973
1937
2839
2203
969
1138
2143
2274
1677
1141
2884
1551
1945
2780
840
2246
26
1171
1745
1318
1493
76
856
2600
2092
604
150
2463
238
151
279
471
831
75
1360
1941
1250
932
1674
146
2654
322
966
1252
2462
946
1755
1088
792
812
1231
2454
1372
1890
737
1628
1754
1044
192
1869
1705
2746
64
2781
435
1010
1512
1868
654
2564
2323
198
2081
2450
1326
810
2438
1620
2319
2266
1697
916
1030
1685
1229
936
2685
974
264
542
418
2388
2821
563
1692
2288
807
2069
1446
394
2649
1149
2800
1314
1394
828
1379
988
2503
1585
1019
1040
1409
1479
1219
829
1278
741
712
746
1718
2420
797
2063
1296
857
2340
1177
1084
1743
938
420
876
1590
1000
853
1508
905
1861
302
2095
2854
1161
1173
86
1323
118
466
1212
1386
1521
1668
1297
1616
573
305
1785
626
2053
2297
2671
2682
306
2258
2467
2067
375
1588
1105
1649
66
1880
2256
1624
1615
883
1739
911
1730
2275
352
145
1059
1381
2793
1693
898
623
1871
2677
2373
116
2312
2385
959
714
1438
680
1484
1201
1029
793
2875
1464
2315
758
2342
1480
2748
2492
550
479
1619
1421
1444
2719
751
2890
996
847
2170
1587
141
2876
728
1911
245
1494
1721
503
642
732
266
507
84
1238
235
500
2205
1671
491
1596
422
2747
887
525
1812
2096
417
2396
2093
333
2224
1262
656
242
2552
209
243
102
1198
2408
324
2795
1823
2264
1974
1163
2566
2235
1334
2018
2532
1899
1186
126
2740
1655
956
356
1987
994
1175
1097
1194
1275
2570
660
1989
711
897
2737
515
2554
1348
2730
486
2284
189
590
1127
659
2665
785
35
926
33
2225
2107
678
1565
276
2466
1637
410
1717
2631
2168
144
2152
378
2896
1686
1559
1429
152
1876
284
1839
965
1075
413
2060
720
1552
1556
2062
2783
1193
1740
743
1970
61
1795
2650
2557
1803
2857
588
607
2146
4
1592
1824
2077
441
2673
2223
1836
1269
1169
2937
225
127
1955
1063
2909
1646
1213
1305
806
2794
1021
1893
873
848
2133
2853
2808
2272
529
383
780
2289
2680
1055
2117
2605
1872
1906
2736
2333
2109
2393
2073
541
1680
2926
1930
2579
81
1196
1031
1419
1834
128
2135
327
2548
2171
866
2753
21
335
715
2105
2819
2406
2403
2032
2253
1931
2627
2423
802
1207
862
2628
2298
1833
915
1387
1914
1853
2588
1062
2778
117
2879
1576
1948
2076
584
2555
1184
667
1517
1012
2031
1317
142
1131
2150
724
2581
1548
2185
2520
2538
1936
794
2919
10
1448
1954
85
1251
389
1918
2661
1711
2934
2558
684
1147
1808
2869
1896
2916
2670
2160
2125
2678
2449
487
1158
406
2277
1577
460
1247
1909
2892
2357
412
1165
1107
506
315
627
2154
1507
1663
1026
154
1554
2902
2139
1882
1133
2881
1766
2068
1541
1024
649
5
355
2045
1319
1929
267
1870
630
2770
1683
2110
433
2244
1142
1982
690
982
2189
1462
1886
618
171
29
852
2542
1537
19
1168
2504
2527
2632
1913
421
685
2643
2594
24
376
2470
2307
1209
809
239
1707
2004
2300
132
343
1603
2099
1437
2817
2431
1770
787
562
1883
783
2182
426
1376
1957
1925
527
2486
865
759
1330
2100
107
2941
374
687
1303
1539
1938
1645
2513
2614
874
1344
572
2623
601
2128
2549
551
1155
617
1864
2699
1324
67
744
745
2776
1299
2041
2211
1732
1288
790
2754
2731
379
1797
767
2318
786
2553
757
395
234
1748
392
997
2855
2054
2158
136
2903
930
272
2683
1007
903
985
164
129
1651
114
2279
68
1017
2064
106
2612
2349
1403
2037
1215
1057
1208
1497
1076
811
196
1814
1383
2243
1780
2269
747
1511
993
980
2771
2404
1039
1895
2880
1582
2221
559
249
1695
1440
2658
1713
22
2764
1821
2713
1350
1272
2167
49
1431
1020
650
1392
2166
2815
9
1491
2556
1828
2306
1656
2636
549
736
2410
336
229
1307
1416
1769
2669
1817
634
1781
1352
1568
1923
645
231
1515
2366
2530
1681
1071
2216
1597
161
536
478
401
2529
254
2487
2372
569
1741
518
1562
2212
1145
228
669
296
1538
424
1115
2593
1505
2494
57
205
457
851
2646
2324
2195
202
1442
2422
803
1583
1179
109
511
2012
2756
1070
283
1112
1498
1608
1791
2515
1398
1452
1602
622
1830
1136
139
841
1183
1316
20
2788
552
530
2666
286
1074
1197
1129
1575
1469
2416
1924
1205
1922
1397
2023
2144
1975
1782
2505
1424
219
2684
734
178
2864
1093
2351
1698
706
2001
297
2812
1648
2299
256
1783
1189
2147
2832
2444
99
2634
2022
1117
1053
2163
1560
2157
2567
713
1013
2148
1384
2414
1148
1888
694
2489
370
1302
82
2476
48
1542
2897
2473
334
1956
1460
2536
779
60
2824
1
2184
1818
2761
1301
2080
523
1553
2464
2046
292
2439
257
637
1235
112
2429
1831
1337
717
501
2814
2241
799
2852
1779
1567
1396
978
1042
625
548
444
891
170
2183
2190
2347
2500
2561
1566
1178
2129
1180
2721
493
1122
1879
910
1373
2801
98
1625
1953
2204
505
2386
665
1143
555
892
2759
1944
173
2475
696
644
538
2893
1969
1804
1689
1214
661
1790
2889
1768
1546
2210
597
2663
2134
2619
165
1897
1332
2427
1371
818
1434
345
271
159
2452
972
373
2282
1195
983
23
25
1658
947
428
1910
979
971
2296
924
928
1453
716
571
2534
2389
546
1708
2899
2358
321
1978
689
1380
2316
2655
1659
2712
1811
1058
2933
1033
904
890
2021
545
2442
1679
544
2250
1094
2381
1187
677
1599
1842
2083
2856
1067
475
850
1245
1635
69
827
381
553
163
338
2742
2003
2126
508
611
1073
889
1627
312
1045
600
1068
816
177
1119
740
2281
2007
738
1787
2137
2502
298
1488
699
2155
1100
1270
854
1411
695
2432
1078
1514
755
11
423
1276
121
1757
251
1887
1756
320
1311
2057
2617
1933
795
2507
2733
1701
453
1644
875
2720
2059
456
1856
2831
2622
113
522
332
900
137
1855
2635
2818
1837
2767
2559
2270
2383
1979
329
682
314
1435
1544
263
791
1763
1613
1224
363
1004
2043
945
1218
2495
2709
2668
1638
628
1216
975
2932
1264
742
2094
1321
2727
488
110
939
222
2058
2127
2006
533
2938
1422
2391
859
1085
288
1079
458
1626
1796
2286
1423
2399
1852
350
686
1328
1385
384
1130
948
1009
473
230
2278
1943
1080
2539
2176
325
2540
1236
2883
1832
241
941
725
1696
1102
1047
1744
2084
2344
2086
2595
80
1858
316
878
58
174
1609
1146
1351
844
881
2433
2440
185
2708
1048
2580
1786
2805
2174
1191
2644
1951
1820
1509
2047
1432
2368
1018
1095
943
2162
2338
2020
1457
885
575
1064
2828
2835
1986
153
351
362
583
756
492
2072
2848
1420
1152
842
2448
15
2013
2688
303
2576
1835
1356
2461
2242
2698
913
2428
1358
54
2574
2213
1005
2806
834
2925
1365
614
149
1747
2837
2827
1096
1016
1775
1734
558
411
1915
1402
524
1001
843
599
419
2425
1144
1077
16
1101
1257
1729
1584
2697
2596
2528
1467
1341
2749
927
2694
635
1912
1940
168
970
1664
323
2376
781
1694
2402
55
337
663
907
1581
391
221
2320
1092
2718
2545
2407
194
451
1335
967
867
989
815
236
224
1589
605
1762
1847
2799
2744
908
1939
195
1928
1066
2201
1450
28
180
1653
1492
2265
2302
12
925
554
1640
1533
190
921
976
2723
775
1529
74
2750
2621
2679
877
998
2034
2722
2193
250
281
2330
2413
2222
1807
1475
248
2728
1378
1300
1098
437
1172
2132
1404
2327
2521
41
1777
1357
1496
1520
2789
2550
1984
2585
1657
2741
2624
2009
1108
97
1455
1720
846
963
2479
2474
2493
1082
285
247
782
2913
1188
1011
1443
470
223
1550
1952
2648
476
2739
2192
1038
1433
2089
1310
1605
1468
1461
2175
2509
1633
2687
87
2123
0
1531
2478
1226
2921
133
438
1463
2686
1863
1126
2589
2303
2295
1280
861
1851
364
1774
1901
1607
1992
2039
2
1256
2257
2602
2260
557
1407
2616
2259
17
2660
1900
432
1091
2445
668
1486
1727
899
1534
664
1395
672
882
704
2355
2359
651
330
1675
1555
1298
1965
2871
826
341
293
633
111
2696
2301
602
326
1988
1776
50
1199
566
726
1287
1518
2016
143
2797
2569
452
2499
1881
752
804
2762
1629
1362
182
1211
1753
2544
2459
2645
1137
2231
691
1641
2811
2354
1109
615
2882
90
18
1773
1190
2369
591
1065
2447
1282
2703
1293
1014
1353
1346
2401
157
1973
2042
1089
653
2927
2597
1271
1445
1391
2049
1719
772
540
813
2840
101
2782
405
1083
2633
693
34
1545
193
308
2929
2465
2367
2681
1540
1331
2563
2308
262
2456
2763
2575
2292
2208
2029
1672
2826
2491
496
328
1612
1746
268
1246
416
447
1819
340
2273
2364
2173
380
2397
2118
582
148
2027
838
467
162
331
122
1942
366
2820
1428
949
203
2885
1799
2332
1611
2398
183
2375
1971
2547
1132
1806
125
962
1815
621
2608
1503
2923
2877
2562
1028
1260
2914
2161
1320
2822
2519
1586
1382
777
1041
1164
2415
2245
2159
516
1210
999
923
2659
784
2055
206
942
2577
481
368
657
1919
2867
950
526
1417
429
1622
359
1995
1688
1056
2048
1292
2777
1764
835
1294
688
641
2920
1838
1309
1285
353
1935
1343
1840
2807
620
2846
1825
2732
1412
580
886
216
1313
83
91
2858
2419
237
872
462
2248
1370
2219
2917
71
2888
2861
2455
436
1623
369
1504
404
1327
1273
1150
232
2164
2025
2079
719
2642
187
1454
400
2590
2411
2283
469
1789
619
1574
1647
2774
1662
2775
2088
1174
1634
2394
2335
1339
310
472
727
2030
1366
610
2437
2653
47
1598
2568
2365
2601
2785
1087
346
1162
1678
2156
1735
2400
2907
1002
543
593
2113
1742
830
1728
1618
1621
519
1875
609
1490
1364
1414
1866
1991
655
1771
123
1069
1684
2625
697
2878
386
1410
2751
753
1106
1263
574
1660
1854
275
2418
454
2924
2865
498
2261
1471
2690
2322
1642
1617
849
837
561
95
570
2114
2382
1393
2271
537
465
2065
2543
2591
2796
2755
822
1123
1926
616
371
477
1960
855
2610
1181
703
468
2498
270
1340
313
2729
318
692
1501
2443
2483
2177
354
992
1522
2480
446
739
2353
560
1827

