1 1
2 1
3 1
4 1
5 0
6 1
7 0
8 1
9 0
10 1
11 0
12 1
13 0
14 1
15 0
16 0
17 1
18 0
19 0
20 1
21 1
22 0
23 1
24 0
25 0
26 1
27 1
28 0
29 1
30 1
31 0
32 0
33 0
34 0
35 1
36 1
37 1
38 1
39 1
40 1
41 1
42 1
43 0
44 1
45 1
46 1
47 1
48 1
49 0
50 1
51 0
52 0
53 0
54 0
55 0
56 1
57 0
58 1
59 1
60 1
61 0
62 1
63 1
64 0
65 0
66 0
67 0
68 0
69 1
70 0
71 0
72 1
73 1
74 0
75 1
76 1
77 1
78 1
79 0
80 1
81 0
82 0
83 1
84 0
85 1
86 1
87 0
88 1
89 1
90 1
91 0
92 0
93 1
94 1
95 1
96 1
97 0
98 0
99 1
100 0
101 1
102 1
103 1
104 1
105 1
106 1
107 1
108 1
109 1
110 1
111 0
112 1
113 0
114 0
115 1
116 1
117 0
118 0
119 1
120 1
121 0
122 0
123 1
124 1
125 0
126 1
127 0
128 1
129 1
130 1
131 1
132 1
133 1
134 0
135 0
136 0
137 0
138 1
139 1
140 1
141 1
142 1
143 1
144 0
145 0
146 1
147 0
148 0
149 1
150 1
151 1
152 0
153 0
154 1
155 1
156 0
157 0
158 1
159 0
160 1
161 1
162 1
163 0
164 0
165 0
166 0
167 0
168 1
169 0
170 0
171 1
172 1
173 1
174 1
175 1
176 0
177 1
178 0
179 1
180 1
181 1
182 1
183 0
184 1
185 1
186 1
187 1
188 1
189 1
190 0
191 0
192 1
193 0
194 0
195 1
196 0
197 1
198 0
199 1
200 0
201 0
202 0
203 0
204 1
205 1
206 0
207 0
208 1
209 1
210 1
211 0
212 0
213 1
214 1
215 0
216 1
217 0
218 1
219 1
220 0
221 1
222 1
223 1
224 0
225 1
226 0
227 0
228 0
229 0
230 0
231 0
232 1
233 1
234 0
235 1
236 1
237 1
238 1
239 0
240 0
241 1
242 1
243 0
244 1
245 0
246 0
247 1
248 0
249 1
250 0
251 1
252 1
253 0
254 1
255 1
256 0
257 0
258 0
259 1
260 1
261 1
262 1
263 1
264 0
265 0
266 1
267 0
268 0
269 1
270 1
271 0
272 0
273 1
274 1
275 0
276 0
277 0
278 0
279 0
280 0
281 0
282 0
283 1
284 0
285 1
286 0
287 1
288 1
289 1
290 1
291 1
292 1
293 0
294 0
295 0
296 0
297 1
298 1
299 1
300 1
301 0
302 0
303 0
304 0
305 1
306 1
307 0
308 1
309 0
310 1
311 1
312 1
313 0
314 0
315 0
316 1
317 1
318 1
319 0
320 0
321 1
322 0
323 1
324 0
325 0
326 0
327 1
328 0
329 0
330 1
331 0
332 0
333 1
334 0
335 0
336 1
337 1
338 1
339 0
340 0
341 0
342 1
343 1
344 0
345 1
346 0
347 0
348 1
349 1
350 1
351 0
352 1
353 0
354 0
355 0
356 1
357 1
358 0
359 0
360 0
361 0
362 0
363 1
364 1
365 0
366 1
367 1
368 1
369 0
370 1
371 0
372 1
373 0
374 0
375 1
376 1
377 1
378 1
379 1
380 0
381 0
382 0
383 1
384 0
385 0
386 0
387 1
388 0
389 1
390 1
391 1
392 0
393 1
394 0
395 0
396 1
397 1
398 0
399 1
400 1
401 1
402 1
403 1
404 0
405 0
406 0
407 1
408 0
409 1
410 0
411 1
412 0
413 0
414 0
415 0
416 1
417 0
418 1
419 0
420 1
421 0
422 1
423 0
424 1
425 0
426 1
427 0
428 0
429 1
430 0
431 0
432 0
433 1
434 0
435 0
436 1
437 0
438 0
439 1
440 1
441 0
442 0
443 1
444 1
445 1
446 0
447 0
448 1
449 1
450 0
451 0
452 1
453 1
454 0
455 1
456 0
457 0
458 1
459 0
460 0
461 0
462 0
463 0
464 1
465 0
466 0
467 0
468 0
469 0
470 0
471 0
472 1
473 1
474 0
475 1
476 0
477 1
478 1
479 1
480 1
481 0
482 1
483 0
484 0
485 0
486 1
487 1
488 0
489 1
490 1
491 1
492 1
493 0
494 0
495 1
496 1
497 1
498 1
499 1
500 0
501 0
502 0
503 0
504 1
505 0
506 1
507 1
508 1
509 0
510 0
511 0
512 1
513 1
514 0
515 1
516 0
517 1
518 0
519 1
520 1
521 1
522 1
523 1
524 1
525 1
526 0
527 0
528 0
529 0
530 0
531 1
532 1
533 0
534 0
535 0
536 1
537 0
538 1
539 1
540 1
541 1
542 1
543 1
544 1
545 0
546 1
547 0
548 1
549 0
550 1
551 1
552 1
553 0
554 1
555 0
556 1
557 1
558 0
559 0
560 1
561 1
562 1
563 1
564 0
565 0
566 1
567 0
568 0
569 0
570 0
571 1
572 0
573 1
574 1
575 0
576 1
577 1
578 1
579 1
580 0
581 1
582 1
583 0
584 1
585 0
586 1
587 1
588 0
589 0
590 0
591 1
592 1
593 1
594 0
595 1
596 1
597 1
598 1
599 0
600 0
601 0
602 0
603 1
604 0
605 1
606 0
607 0
608 0
609 0
610 1
611 0
612 0
613 0
614 0
615 1
616 1
617 0
618 1
619 0
620 0
621 1
622 0
623 0
624 1
625 0
626 1
627 0
628 1
629 1
630 1
631 0
632 0
633 0
634 1
635 1
636 1
637 1
638 1
639 1
640 0
641 0
642 0
643 1
644 1
645 0
646 0
647 1
648 0
649 1
650 0
651 1
652 0
653 1
654 0
655 1
656 0
657 0
658 0
659 1
660 0
661 0
662 1
663 1
664 1
665 0
666 1
667 1
668 0
669 1
670 0
671 0
672 1
673 1
674 0
675 1
676 0
677 1
678 0
679 1
680 1
681 1
682 1
683 1
684 1
685 0
686 0
687 0
688 0
689 0
690 0
691 0
692 0
693 0
694 1
695 0
696 1
697 0
698 1
699 1
700 1
701 0
702 1
703 1
704 1
705 1
706 1
707 1
708 1
709 0
710 0
711 1
712 0
713 0
714 0
715 1
716 0
717 0
718 1
719 0
720 0
721 0
722 0
723 1
724 0
725 0
726 1
727 1
728 1
729 1
730 0
731 1
732 0
733 0
734 0
735 1
736 1
737 0
738 1
739 0
740 1
741 1
742 1
743 0
744 1
745 1
746 1
747 1
748 1
749 0
750 1
751 0
752 0
753 0
754 0
755 1
756 1
757 0
758 0
759 0
760 0
761 1
762 0
763 0
764 1
765 1
766 0
767 0
768 0
769 0
770 0
771 1
772 1
773 1
774 1
775 0
776 1
777 1
778 0
779 1
780 0
781 1
782 1
783 0
784 1
785 1
786 0
787 0
788 1
789 0
790 1
791 0
792 0
793 1
794 0
795 0
796 1
797 0
798 1
799 0
800 1
801 1
802 0
803 1
804 0
805 1
806 1
807 1
808 1
809 0
810 1
811 0
812 1
813 0
814 1
