2094
1649
662
114
1327
2246
2416
2938
695
2107
2212
939
1166
984
2812
345
746
2633
121
590
2102
913
914
1877
505
652
1521
2602
1640
275
2454
1829
2433
472
713
2250
1307
1370
1884
1336
2474
1827
694
20
237
2599
650
1065
2200
2242
1096
1082
1145
1339
719
470
2619
1485
1664
787
347
2899
1812
1909
73
749
2565
2751
1375
2359
1306
1584
2637
1789
696
2110
339
2698
959
2763
2705
92
2842
812
1776
1644
1209
57
2023
2043
2647
393
1735
2702
1181
2781
547
788
1500
2438
469
932
2143
1918
1762
195
1062
526
680
1836
2486
2911
769
1058
2058
1864
1313
2788
513
1345
826
1396
1736
315
2493
824
781
2873
1308
2305
717
1787
2903
2715
2354
1858
586
2066
1078
901
779
1050
1760
362
2476
1470
2562
1473
1056
142
583
77
804
2645
2218
1528
2121
509
936
31
2818
596
208
1032
799
2628
716
1254
2366
1198
2769
1410
2215
363
609
90
84
934
1890
2837
1042
1478
167
391
2594
43
1508
2834
2783
780
981
2857
1674
1076
2615
1274
2439
860
454
2711
1037
1319
2440
2917
101
1226
2196
801
2563
2101
491
1826
2134
1806
663
2030
1124
1564
1385
324
2557
1333
1852
145
1914
1353
2051
2845
1871
2078
2111
2415
1000
839
2604
510
589
2591
2621
2569
1257
63
1847
940
2141
524
2829
2631
2710
2708
2077
503
1284
211
552
2285
732
2649
129
2644
1950
2157
1838
2624
1395
986
1144
648
337
2700
2723
1312
2419
1099
2019
1996
1217
1972
1594
1360
1264
2090
2258
1172
632
112
2116
2229
406
190
2574
2896
689
2417
2820
1782
1936
2555
2496
2391
2506
1558
2464
2142
922
721
1772
2868
376
546
2289
2660
1386
1559
1261
1557
2490
2231
555
490
1998
155
1049
1213
912
2921
983
2797
1911
1192
271
1869
672
2385
2670
733
462
2765
1123
1982
41
1121
120
708
219
502
1025
2663
888
1719
1693
2397
1532
1620
837
2495
1033
2729
923
997
1765
2256
723
1127
358
1619
1513
2
763
1534
1161
79
701
1959
298
1468
185
1896
2479
172
519
1542
1426
705
815
601
882
1090
1059
1154
6
1679
2225
857
2104
413
879
2684
2822
2351
2096
1158
1721
2345
1653
765
2086
1944
1309
2882
686
2779
390
1824
2752
797
2902
2326
1930
1236
1416
2916
2773
2736
681
2529
669
206
1229
2074
846
2378
2437
482
241
111
1302
485
2703
2616
1683
1189
2046
2685
1857
2502
908
885
127
562
1218
1462
758
785
1923
2407
834
1137
1044
569
425
2006
1706
1430
1422
2630
2934
320
480
2735
2213
1646
2195
2468
2053
613
2639
1134
798
1132
2288
1801
2699
1216
2600
2221
1343
1433
2098
2652
1452
396
1854
2139
2790
451
682
1486
422
1071
2721
1537
2045
2376
1531
2526
379
1122
131
133
2330
1152
1805
1022
1344
2554
2232
176
366
1227
1088
1764
1293
868
1347
2298
2662
1718
759
2223
2189
2341
843
1111
768
303
478
926
911
593
2855
1966
2930
254
957
1265
75
521
2556
2081
1421
670
692
2333
2235
2191
262
1494
1901
554
2041
825
348
475
1350
2152
1117
859
2590
970
530
2786
1365
1828
2728
1070
730
995
2640
1545
551
2894
49
2471
2372
1280
507
2183
1219
2610
535
473
2398
2512
1480
1100
103
2504
966
2406
2147
1802
2076
2713
973
919
2306
2524
1629
2259
2582
1662
2300
1434
2412
2508
162
1199
599
229
2613
864
2401
173
791
2115
279
2550
1411
1988
2525
2050
1330
2040
1935
1167
990
2031
87
1340
2383
2208
1266
649
335
2860
2140
1405
802
1067
2856
39
1525
1891
2537
1697
1874
247
1999
158
2806
1598
1876
1868
790
82
88
1539
420
2460
1346
1692
1404
608
400
2034
2234
890
1562
653
1173
2865
738
770
803
1941
1973
2887
95
2475
1961
1413
1783
2473
1846
287
2853
228
2717
1263
2271
1886
164
2343
1287
1147
2095
245
1009
1349
213
897
2198
1631
2731
2515
452
1501
2527
1913
230
1759
1889
442
2261
2459
754
1929
2184
1845
2156
149
181
1496
493
1318
1054
308
2817
126
1899
1283
1451
731
1957
2063
1860
985
311
1089
2042
2618
2338
36
1529
621
740
1761
935
351
2673
2449
1275
408
91
2796
2060
2778
26
2278
2932
1763
273
138
1240
2446
2237
517
2170
677
370
499
1872
2131
602
1850
668
2725
2444
1101
439
1773
2432
2674
60
2470
980
1018
2671
955
2146
1734
1910
1185
2678
1008
1587
2785
2388
1222
1726
268
2282
993
1568
1607
2541
2601
105
187
115
1288
1885
180
2253
951
2457
2425
2794
2194
2363
550
177
679
2349
2399
1932
1182
2205
2011
1577
69
2251
704
1383
1476
1224
1878
2740
1047
1311
831
2445
674
539
431
1190
2175
1863
2136
277
369
1064
1555
1815
326
2339
2375
1753
559
182
1106
52
699
2482
1790
742
845
861
603
654
2247
2668
1987
2732
1603
2510
2089
1602
1234
10
581
2466
2551
2659
1964
2825
1994
2083
1695
433
2062
2293
1205
2099
850
2207
1031
2392
1904
1711
278
29
2001
1250
2427
570
15
2168
260
137
322
2071
2252
2770
1299
486
1419
844
1109
440
737
1074
1398
1600
645
610
270
1367
595
915
840
1707
334
2803
571
1715
259
2775
945
1019
2923
1912
2760
447
1228
1671
1153
2382
2201
2190
2303
2395
2709
744
1931
1105
45
622
48
2119
2033
2859
1043
234
1920
2456
50
2908
1729
2294
1954
2206
1989
2548
2552
676
1015
266
325
1967
1637
1739
1442
2830
574
1114
183
626
2835
806
1315
2414
2568
989
179
2380
371
2204
771
2270
977
455
1102
2297
941
200
577
2623
1779
2876
74
1688
2049
2509
1672
1652
2241
1590
553
2544
823
193
2585
889
2720
1797
1605
810
2360
828
210
2038
1984
1553
414
2596
2480
1125
1460
778
1342
1821
2488
310
1016
2426
1077
191
159
2878
822
944
641
96
691
1080
2035
854
1098
2265
2847
2792
1262
305
805
1372
1785
2664
2560
1866
495
438
1561
1417
1297
2254
1958
2442
871
1230
2227
2681
2607
1403
2742
1277
2335
2762
492
2079
2646
2144
2355
2009
523
2522
918
58
572
1107
2627
930
858
72
2428
1788
2435
611
1497
2761
1439
2080
800
1934
1784
1867
2494
2802
2132
965
1712
1851
203
252
866
607
2727
2939
1397
1744
2214
1463
2185
2492
748
1139
253
1997
2533
1774
1642
2012
1060
1579
842
2850
19
2199
1589
338
2505
1575
1200
2757
2323
405
1925
2334
2203
2441
1472
255
2741
2787
2545
1368
525
24
2863
412
1163
927
1146
2192
2153
2838
2872
1952
2682
2638
1667
1522
2299
2489
756
2188
1415
2918
870
430
1969
2287
357
494
1115
1632
2816
306
1212
2138
917
1453
2516
2327
537
2120
886
2759
2088
1290
468
793
107
2573
47
2815
1616
666
130
734
2683
1138
2864
2620
1926
675
380
820
372
1792
161
2747
157
2233
1323
416
1526
1547
1441
407
635
2281
316
2891
220
925
2832
4
515
665
330
1919
2789
1660
2276
276
1574
964
110
1723
56
1613
2453
1641
2543
512
1004
1140
1061
1597
1511
1618
558
710
1400
236
104
1450
2319
2827
1300
998
9
1469
1023
2634
588
2567
606
565
616
340
461
240
1625
1110
331
1823
288
1006
856
1180
2885
1546
327
743
1768
832
2328
1247
175
1986
1927
1888
2410
272
1627
1518
2485
2587
1915
2037
1448
2657
2177
2749
1548
1639
2367
992
1471
309
862
202
1446
1953
757
2737
496
592
1690
1665
974
1614
443
1680
1
2269
520
201
2436
80
1708
263
2483
2793
354
2846
638
2884
1533
1130
1786
1544
698
466
375
1681
2477
2332
1258
1974
1093
13
286
152
728
1833
2309
2901
23
100
1316
2589
168
714
1066
212
1861
739
2875
904
2007
789
639
2693
2304
2898
808
1571
242
2798
2538
933
2611
2929
449
631
506
1232
314
2840
2418
1947
1503
233
89
1622
2758
2462
943
747
2084
678
2014
2171
483
85
1305
1843
1502
2909
1543
949
464
2841
2364
139
415
2145
156
46
1951
1389
1624
1255
988
1440
2361
548
1489
2280
2614
2707
1239
899
344
1816
2362
1822
1055
204
1286
1604
557
1341
392
1615
1798
1862
1832
419
1881
1714
2608
867
2002
2431
1626
1955
900
718
2047
2421
1781
909
435
1659
2883
2422
1455
2739
1328
1358
2809
1970
1705
1992
2255
143
741
1013
2566
2384
154
2531
540
2584
2928
1149
70
2264
1443
1191
1320
2690
42
752
2661
2187
624
697
2230
2912
921
1027
289
2914
501
1716
2839
1749
1578
2546
2320
2558
518
1394
560
25
28
2503
2301
604
244
1977
146
295
2244
576
1804
93
2408
2180
1459
1376
2274
637
2087
1596
226
5
1655
1917
575
1651
863
2123
1906
296
2469
640
795
1940
2572
283
1841
2097
667
2598
1903
1937
884
527
2821
651
214
2455
1606
444
1576
346
836
700
1908
2756
424
1859
489
1963
86
1710
2073
2491
587
1524
1943
2754
2672
2108
1223
1094
1684
794
1556
1771
975
2772
1248
1289
615
2592
1628
1491
896
703
1073
2068
2858
1682
2424
1034
163
1875
982
2919
1873
1636
1208
2691
3
1335
1647
300
2641
1244
355
647
920
1523
269
1242
2311
931
1150
2347
2553
0
2016
2642
238
479
819
2135
304
2499
71
976
99
1728
1427
1454
2924
281
1638
2125
1971
729
809
773
776
938
1819
1724
1645
1202
1623
755
1029
2182
764
1586
1084
2805
102
2498
282
481
2897
1560
2461
1048
1438
968
1837
307
750
1007
1390
2936
775
1722
2931
2257
274
2277
153
2064
2217
2653
364
851
2819
508
1303
947
1136
2374
399
17
1028
2520
1215
1879
1045
382
1565
474
2263
2450
1794
385
2612
500
2879
2015
2021
774
2677
1259
1498
1499
2420
398
1755
874
2625
1464
1079
953
2273
2353
1363
2055
796
538
1902
1799
1983
1595
1704
368
1005
1893
2150
625
16
2154
598
628
827
384
906
2687
1085
1466
1563
1449
2357
1053
954
2027
1391
1685
2941
1976
1388
643
1848
1269
2197
1409
251
217
258
1041
585
365
1324
902
160
1666
1527
1221
1698
849
2581
1143
2826
1980
1687
215
1207
1253
706
54
2209
76
2880
290
971
1610
2100
2092
702
2716
312
568
1549
1978
1515
1569
1552
2852
1326
2091
2534
2892
1474
1285
445
2423
766
1493
2057
2904
170
991
294
37
1193
186
2895
2158
119
2828
32
2118
1477
2000
2337
2106
319
1700
1407
1104
98
1420
1252
1677
1482
996
2164
1329
2151
1220
1211
409
1186
2523
872
1780
1317
2824
2165
2122
1811
542
1120
411
1733
1752
1865
522
1945
1039
2317
2484
297
561
2275
1750
2396
299
2313
2750
192
134
963
280
2458
1495
291
65
1021
30
2831
821
873
2643
1246
2386
1279
2222
1184
929
1793
848
671
528
2588
579
22
2240
1237
2583
2373
343
2286
2906
1540
123
1892
378
1210
1057
128
761
818
722
852
2112
122
1509
418
318
2451
1129
1663
2514
1233
1373
1141
2748
1118
2507
7
566
2867
2890
2340
830
1897
1270
2795
1853
1393
144
594
1369
2017
2307
658
2774
460
1769
2844
627
2065
1510
1795
2907
2284
2105
2352
1583
514
55
2648
2267
1295
1767
2369
1675
1169
2866
1777
1530
1507
2733
1366
189
2586
2609
2082
2777
2316
239
1818
2113
1467
2448
1187
2937
373
1831
1748
1387
1201
2714
1554
784
1204
1591
374
869
807
1357
2160
225
1592
2913
1956
395
1276
1880
2039
1668
2893
2315
1356
148
124
1381
2010
196
2061
533
709
1206
446
1298
356
2870
1294
109
736
2054
584
284
2810
1245
961
1243
2629
2173
199
353
2291
1075
1273
1238
487
1014
1839
1435
1036
471
720
117
1338
2635
1743
876
174
2238
1570
1855
2724
578
969
2833
1461
646
437
1809
1803
2654
388
2513
2745
169
1656
905
2606
2808
629
1731
2888
68
1979
987
835
2413
2755
232
1225
582
1281
1412
511
2169
2784
1414
40
1894
1922
2290
916
1751
2336
2889
544
1550
687
2666
817
937
693
1026
2780
841
2617
360
2511
2849
567
1384
1119
1849
1017
2052
2521
2580
1834
1900
1732
1188
1842
707
2226
166
2518
2219
2746
1092
1241
1135
2069
14
313
184
34
2075
1506
1612
1713
2314
1582
1835
2854
2452
1030
116
711
2018
2279
2400
2310
1364
333
725
855
2722
1968
2561
1670
403
1178
2764
891
2768
1820
1519
545
2371
1128
2067
942
1214
2402
1176
1087
2886
2026
1011
261
1975
2409
2542
1757
1942
404
448
972
2871
712
978
2013
1156
1235
1756
760
336
2429
1738
2176
188
2163
2117
459
887
910
1081
2814
1174
1296
865
1177
1778
1807
630
1361
1516
467
556
751
1962
2532
1817
1444
2044
2370
1401
532
2059
950
878
423
2127
2549
1580
2593
2405
1960
2109
2272
1928
1086
1730
642
1160
1725
2103
1437
619
147
2126
2181
249
207
426
267
1490
463
227
1272
2935
151
2463
1126
1362
782
1168
1770
2576
1691
341
27
1402
1643
1012
1231
1488
597
218
1567
2356
2743
2564
1483
816
377
83
1678
1097
2379
1354
2804
2032
2535
529
2658
1194
2245
301
2472
2675
1142
421
342
1359
1164
735
197
497
1654
18
2220
1456
1740
881
2129
1334
903
1981
2478
2744
2036
1046
132
1796
1813
2706
2927
1151
2776
531
2262
1321
1492
1856
352
1611
2692
2665
2801
1020
573
1648
967
2689
108
1322
853
1742
617
457
2137
436
1423
401
35
1183
2028
1573
302
1621
432
2283
2696
877
960
2224
1260
2680
2025
2811
2321
2162
1535
1428
118
1425
1916
907
1355
2650
2570
2266
44
1887
2578
1661
2004
833
685
1091
1754
1985
1727
952
726
2174
1536
655
1551
2389
2404
1676
792
1658
623
256
2528
66
2467
1256
2243
1251
248
1249
893
2149
2874
777
2667
1175
1673
1310
811
1148
2605
2925
1694
2519
1541
838
264
2738
690
1657
265
2679
216
2697
2926
2172
2295
81
1103
1484
673
427
1162
1436
2536
397
2881
458
94
2093
1112
1010
394
2394
1630
221
2148
1431
813
2302
11
1069
1332
605
2940
2900
2910
2530
2114
222
2695
1504
2636
2877
1689
2178
2260
1083
1457
1429
2005
614
2308
688
2800
715
2411
38
350
2836
125
2669
1392
2239
956
62
1924
1170
1382
1717
895
257
1840
1949
660
2166
246
2085
1052
329
2626
516
1116
488
1325
2676
814
772
2603
2072
894
441
1601
178
2920
2547
97
745
1844
2268
541
2848
2862
165
2393
1267
2933
2915
51
1990
2312
1292
2167
1870
359
948
2346
634
1479
2782
64
2325
928
633
106
1133
536
620
1487
2318
2577
1709
2597
235
2843
2791
1634
2020
1650
381
1002
1948
1747
829
1701
2807
2133
428
2124
2344
1905
1608
1465
2179
1378
2443
1003
2236
1572
328
1995
504
767
2632
1301
2249
1331
2211
1352
1108
1304
847
2331
1696
883
285
1746
549
2766
1933
1895
223
1921
591
2501
1814
2377
1907
2322
1882
12
946
1197
434
898
1520
59
1424
453
727
875
2861
1741
2823
2595
1051
994
67
1371
8
1445
78
2324
135
636
1155
1406
1380
2161
456
1195
429
2559
2403
724
924
563
656
2365
2228
1171
321
33
450
2381
383
2575
1095
1633
2694
1938
2799
2579
1408
292
2655
2734
1669
612
498
664
1609
657
762
2216
2753
2342
2296
1035
2487
1593
386
1113
1268
140
999
1337
1800
2651
141
2704
1702
2719
2292
2447
1514
2540
1159
1278
2851
2159
1538
2497
1635
2350
2571
1791
476
150
2726
1588
2712
1203
1599
1131
2008
2387
1581
2130
136
1291
2500
1271
1766
786
2656
1585
2905
61
2202
2155
534
1699
580
1898
53
293
661
659
1377
484
880
2465
618
892
389
387
1825
1165
1745
361
1475
600
1399
2390
2767
2210
2368
2686
1374
2517
323
2701
171
1991
1038
1939
1063
2128
1001
2029
1314
410
1946
1379
684
332
2248
1686
21
2056
1737
2329
198
1447
250
1566
2024
1351
1418
1617
1703
1481
1883
1965
2869
317
231
2358
2348
1072
349
1830
564
465
644
2730
2481
1517
205
1040
2048
958
979
2622
2813
2434
113
243
477
1458
2430
1808
367
194
1432
1758
2771
1282
1993
2688
2922
1196
1024
683
753
543
1068
402
783
209
224
1512
1157
2003
1810
2718
2022
2539
2070
2186
417
1720
2193
1775
1179
1505
962
1348

