2837
34
709
1169
1334
716
2547
754
1366
2131
887
2749
1417
1404
2446
575
241
2288
867
563
2374
441
831
1239
1179
1475
401
2789
2851
2214
1187
1972
1084
115
1097
286
913
2712
1356
1990
2634
2496
2791
260
1030
817
485
2158
2391
2884
1209
2112
1182
2891
1344
884
519
1704
1453
1565
2053
2266
914
1891
527
1118
2546
2129
1210
1687
13
1219
257
1098
2155
72
2415
418
719
352
1662
48
511
45
622
1710
2589
373
2595
616
2508
1330
1963
2904
451
1484
2210
1162
224
1202
909
2135
180
90
2777
112
718
198
1377
2545
2468
2
2216
299
2935
2123
841
2443
2405
274
1944
128
1408
2599
479
1908
557
114
688
2651
2512
2242
679
945
936
2853
1848
2315
2233
482
750
963
2071
1051
2164
2163
1926
61
600
2161
313
1212
2813
86
2076
1412
1339
1700
1121
1887
2743
1771
243
2516
1713
1345
1221
497
980
2893
737
2510
673
181
2880
1640
1364
1269
2101
2027
2613
1378
908
559
1672
680
997
647
1558
1112
1050
295
2394
2342
499
2201
704
868
766
2292
1289
2104
774
617
2038
2081
2403
705
2182
662
2295
1775
2744
1000
2809
1071
2704
341
398
2409
2386
1538
30
1937
1622
56
1898
523
2311
1924
2831
100
2552
1001
2110
2378
1029
1529
608
666
2740
2856
551
5
2141
1797
847
1956
458
970
1092
64
729
234
2464
2080
1714
2767
431
46
2567
292
51
782
2448
2848
2708
957
2223
2025
1033
395
364
1197
1307
872
2757
448
242
2209
1231
2699
920
643
2148
2358
748
1681
1759
772
2449
2818
1391
599
905
590
1413
1198
2262
698
1516
2220
362
2600
369
2531
733
2541
2275
1373
2373
1630
1023
1268
2357
597
2866
2125
1018
2271
173
2941
2816
88
326
1936
2719
2687
1399
1034
933
1765
596
548
2360
1781
1718
2100
2754
820
492
1127
2665
2332
2711
2915
23
1333
209
1766
768
1637
2206
861
87
1866
941
337
826
2338
1056
1777
513
843
1879
1069
1888
2803
516
2181
1659
654
2445
2250
109
809
1671
672
472
1820
1250
118
481
1566
1721
515
2838
1032
1087
924
1948
477
38
1164
923
495
1350
2505
1270
17
1612
1438
2509
106
2518
2066
1163
2498
2002
32
1999
221
1129
1024
314
68
2091
1969
2614
84
2637
1977
1611
2898
919
2395
818
991
2835
743
860
1688
1807
2082
2628
1545
1587
2823
1078
2544
758
2548
2179
2198
2111
1569
2371
976
1757
2557
2652
525
2092
2151
2682
2587
2020
1502
2584
2528
2771
2235
635
2677
2156
655
1158
1755
1582
385
2794
1151
2924
1655
2436
2401
1181
2381
699
1695
453
2199
1676
806
152
816
1292
2187
537
251
602
22
1168
2760
158
514
339
1138
370
1984
1382
2674
926
1331
875
1740
724
1555
574
1592
1824
280
452
2320
1810
1589
1156
1064
1376
2939
2321
2601
901
845
2225
508
1653
570
316
1260
1465
2808
1287
972
312
1748
1462
1460
1433
2710
1495
2324
789
343
2630
1829
1274
493
762
2075
2088
580
2062
2023
1694
170
916
1633
810
593
1066
1447
1042
1478
1316
126
2815
2566
1939
1128
1299
2462
2134
609
773
931
1778
1348
1706
437
2755
2211
14
1428
132
2492
2938
1997
2622
2686
471
2723
1837
2183
1812
2909
1535
16
829
1218
2923
621
695
2113
2631
2805
1120
2388
410
2872
2902
1635
2795
1261
2800
1844
1222
1006
1601
75
2621
2502
214
900
278
2555
2830
824
476
2309
254
2398
1498
1776
728
1272
1041
2773
2477
2493
447
644
1323
775
2344
2679
375
1457
1576
1663
70
1618
366
2166
2236
785
1300
1790
1634
2697
271
837
1518
1750
2316
2331
2642
2397
1815
1216
1211
956
2585
2738
1889
1370
1009
641
417
2883
987
1125
252
1901
66
2396
859
1899
269
2886
1235
1419
2860
1227
354
2064
58
164
2047
1787
1241
2039
2534
298
1595
2258
691
1795
2303
1760
1493
1903
1077
188
793
2782
735
321
129
763
1571
2043
2778
520
1201
2750
1040
1991
1862
1474
2675
951
1424
59
1271
2839
2783
546
182
502
2427
855
2049
1440
2046
2070
2178
1265
445
730
2136
1658
1503
1335
2922
2481
1967
767
1985
407
1645
151
674
1897
891
930
866
1756
2056
1871
870
44
2352
2798
1832
330
1581
1573
1606
1115
138
1907
2849
428
2615
1651
1919
1520
1095
2279
1954
1836
1842
505
1708
620
1409
1752
1978
2227
894
2008
494
858
690
899
2844
94
461
1773
1273
2004
2819
1410
2746
842
1471
377
1131
1390
463
2260
179
1485
1882
1598
2090
2725
2127
1813
1854
2906
2657
265
588
2605
904
1914
857
349
717
1275
1702
1906
2341
127
962
2087
812
2366
309
1449
1762
92
776
149
2152
628
2934
1983
1111
1028
1631
412
676
2550
2688
1473
1722
1483
1310
2351
2716
1626
745
1441
2407
1486
2310
1508
509
1130
2612
2692
219
101
1596
390
876
455
1652
2881
467
98
454
2640
2385
771
652
2482
1673
898
2524
2368
1546
2412
1774
573
446
1648
212
423
24
1301
954
1826
1234
1867
993
1171
586
1880
1093
604
2842
929
480
1925
256
2329
220
1315
409
534
1783
1091
1367
939
1617
614
27
177
569
606
2093
1431
2932
2495
1402
787
1761
1544
2009
2244
2667
1497
1406
1530
632
1864
964
2781
1082
205
1298
1500
2507
2846
2318
2654
992
973
1915
1504
2658
663
2772
246
2217
630
1445
792
529
696
1058
1803
839
2015
2037
368
49
253
2556
1935
2753
989
2636
629
1808
1291
1511
518
1534
2361
2702
653
255
1381
1293
827
2840
2864
155
469
587
2124
2709
642
2115
400
2867
895
171
675
568
522
379
2666
1751
1466
2325
148
202
2792
1311
185
2829
391
2190
123
925
1806
1536
2380
2733
484
392
888
2470
125
2424
1284
466
1045
1203
108
2278
2741
1267
1312
1008
2438
1834
966
670
825
1868
2204
1255
1654
1480
2389
1698
18
1720
1487
2559
236
2802
1206
2261
1550
1849
1664
1734
1743
2335
1061
334
69
1322
2234
2888
2074
803
1715
1923
1989
2139
1980
2826
880
1723
40
1539
1401
1746
965
394
102
2786
319
1691
1065
2519
2610
143
1019
706
2406
781
2168
491
259
2068
1491
932
2899
2254
1632
712
2588
636
468
1136
871
2390
2717
2825
2297
1597
999
1104
2643
2147
2454
310
2000
1661
2656
317
922
1796
903
464
2890
459
2936
1875
222
2196
1764
2375
2522
1384
2118
1123
1636
1547
2109
1107
358
732
2912
1232
2780
2774
2650
2668
2561
153
135
33
794
2189
237
1430
2769
977
2339
1175
2078
2137
607
1666
1855
2272
1017
2553
1302
2578
1931
668
52
882
421
603
1519
382
1248
1560
2117
984
1044
411
2264
583
1482
2393
427
2895
815
144
2069
465
1616
1452
302
2540
7
2533
2425
1088
1296
2287
1074
1285
853
1575
2627
2521
2736
1149
2095
2617
2696
584
1885
780
1012
1994
290
304
1952
2035
650
2484
822
169
1106
961
336
438
434
137
1805
975
1072
1510
1638
761
912
2031
1037
760
405
1792
490
1252
2618
2594
1436
2747
2490
1856
2558
538
297
2348
2583
1738
2926
1328
1685
2670
1847
935
1240
2703
1414
2382
26
2328
1785
355
1572
533
43
1369
2762
539
2928
2536
626
77
2176
862
1048
689
1081
2873
2021
1374
1496
1629
1526
1872
1229
1754
1870
2820
2363
850
2647
2616
2491
1360
1840
2010
1349
1124
2563
116
2337
217
2149
2503
2573
1850
1938
318
267
2387
2681
1303
2229
1968
1921
2145
566
1242
2451
2294
2128
1215
1208
2575
2874
1859
124
279
2245
1193
1857
21
1444
1148
1177
2669
1680
1321
2096
1553
2916
1326
1223
1257
2526
2308
1699
879
2474
333
305
2212
2480
684
2483
360
1647
669
1609
419
1839
1392
667
1319
1249
765
36
764
1998
2662
693
2102
120
2764
2099
1228
1995
1443
2930
1282
2720
996
1735
2742
625
1297
2263
1614
811
2276
1455
1075
1306
261
53
1719
2577
955
210
2894
2011
2256
1490
1929
928
2513
76
541
911
708
2354
1966
2350
327
2511
2300
1161
315
325
2879
1110
2052
393
2752
1119
1669
1861
1537
2167
589
1094
2593
1789
2765
2937
701
367
1865
376
167
1531
2678
720
1804
2345
778
542
233
1909
139
230
1052
2857
802
2433
1930
2655
1599
1060
2571
2487
998
2485
2807
1096
1005
1099
852
1964
2359
507
1943
2442
2379
2581
581
543
1386
1981
2901
713
2875
881
2530
1011
291
921
433
1674
1524
2319
2858
2722
1361
2855
1992
770
71
1749
2207
1385
1786
2466
564
439
1742
113
660
1660
1982
2418
1013
594
807
798
1753
2224
725
388
1831
1459
685
2400
93
2827
55
2861
503
2050
1684
1623
1086
226
714
2693
1225
387
1886
399
1577
1327
1338
1945
1359
1916
2144
263
1375
2340
121
2116
2597
2887
2625
1324
800
323
2460
1007
2833
1794
1667
1678
2410
2700
430
591
443
1320
2539
413
1584
1313
1435
2619
1340
287
2140
2028
25
694
823
1958
19
2735
883
2005
1979
1458
2590
981
307
2569
1770
2721
383
1822
1167
710
848
1800
2013
147
1628
78
1122
2479
215
1451
1801
2184
1559
1993
2488
374
995
1145
142
1286
239
1528
2094
378
2273
535
983
769
1690
2322
117
332
1574
2635
2452
2428
577
2106
2257
2202
187
1105
156
1817
216
2788
1079
545
1422
2852
2237
2918
2191
612
350
1827
1173
63
1563
1668
1579
2160
1442
289
1955
2940
1679
1554
1346
12
1003
1904
344
197
2685
531
2537
1846
404
749
1308
131
2690
1728
403
1604
2664
1304
692
2157
449
833
189
424
2570
2280
2633
2421
1893
952
1884
1365
1996
1393
2903
2174
416
2812
1590
2629
1108
756
1828
2565
4
1200
686
284
784
347
39
1489
1159
2698
2429
2714
478
927
2296
2694
1549
639
1362
2859
2018
2024
1256
1411
1772
721
2105
1188
2130
1379
2689
2775
2920
1697
2908
442
950
1180
683
1347
2058
598
303
140
865
2307
2730
1189
697
1371
2715
553
1586
2919
1415
1693
1355
2194
2195
235
2727
2089
2811
331
2465
2562
1351
2044
1973
830
2739
938
225
2649
473
1682
943
715
2784
1513
6
342
556
207
2591
731
244
2426
1625
558
634
1557
1657
2416
2267
988
1403
1747
1073
711
844
1085
450
2776
1263
1314
2834
702
1730
29
2603
1277
779
2255
638
1780
2814
2734
786
2785
501
1276
1509
1446
2659
2660
994
1506
1184
2620
1782
136
2648
240
1418
1137
986
193
2063
910
1838
2222
2048
363
470
722
2850
1467
1562
2751
1675
2801
805
2247
1521
2538
1116
2523
2012
2799
2701
432
1527
408
1076
2392
1905
2107
74
2121
2384
1716
2878
1047
2770
1126
1053
1656
1358
1514
2450
878
659
1160
645
31
2150
104
2085
2896
1407
1450
521
592
682
1561
345
2806
2356
2103
229
744
1090
572
2298
836
1512
819
110
483
738
2832
1224
1317
281
130
65
1427
2016
2305
2790
1398
402
2239
2404
687
1876
550
79
201
1525
561
2439
2334
2467
1020
1621
357
73
2170
578
2171
2824
361
1877
1835
1318
2907
2143
1869
1439
1389
223
1830
1928
2230
751
2274
2059
60
757
276
2084
294
726
953
1196
420
329
1705
2535
1542
2301
1607
1739
105
1763
1281
1332
266
2282
1021
1701
549
576
1448
186
799
1054
1961
2413
293
1368
175
742
2169
1134
2435
958
272
2367
2514
1853
1942
248
190
2729
571
103
1615
42
83
2626
67
2457
228
2691
2500
2910
934
1821
2073
1144
2312
2661
474
1429
2475
1911
166
1588
2172
1016
649
2828
440
2758
183
544
2732
2731
906
1768
959
2192
191
664
2268
840
1186
1736
1245
2355
1468
2463
1927
971
1620
1583
2154
2473
1142
2671
1913
2604
2293
1213
1154
555
371
1670
524
2653
192
97
1841
1113
1420
1031
1233
2203
2440
1083
1686
2014
1641
282
1499
2905
41
1002
1464
657
915
1010
8
2040
1724
832
1288
2779
457
2162
1677
1038
2299
475
2638
134
1103
57
1646
2748
2122
1917
2077
740
96
864
658
2586
208
627
1918
1971
2346
1470
372
2173
746
849
157
107
1244
1237
623
456
1758
2549
2197
422
2108
2458
2221
605
2592
200
949
985
2572
512
1290
178
1059
162
2114
1089
1873
2026
510
1946
946
2269
1423
547
937
1798
2097
1461
1143
1036
264
869
1342
2869
1372
2525
940
2542
611
1463
37
1988
707
1922
2399
2200
1639
1258
1744
2186
1205
500
1941
2193
2414
145
262
2432
874
277
20
2499
651
2175
2497
2607
1727
172
1492
2240
1426
1784
2431
2419
2877
532
296
2582
1238
1170
2376
2333
62
1863
203
1357
2304
165
1811
250
2330
1341
2246
1109
2529
2609
1152
854
2574
163
1022
1214
665
2673
2576
288
2865
1570
2756
2132
1767
1178
308
1711
35
579
1266
1185
1481
54
893
2520
2527
1046
2494
1883
2120
1026
1568
1494
1953
1608
2560
907
624
1532
1396
340
2285
2226
2876
2323
1731
2153
1703
1253
1226
415
2517
1395
1548
2030
944
206
896
1600
601
1902
759
795
2737
835
2362
1692
739
967
2133
504
856
268
2768
211
1934
2423
1190
2745
1325
1004
1881
2205
2441
2797
902
562
2036
462
2478
346
351
808
1957
1057
2707
381
273
1243
1080
2083
1683
1454
791
1280
384
1819
232
2804
1146
81
821
2228
488
245
2506
554
2914
397
2411
560
1818
1165
1643
2369
2606
2185
1605
1246
1717
536
10
2632
2283
1932
2718
885
2017
2787
517
1132
1517
2564
324
1477
1603
2231
1488
2796
2543
2624
2326
917
1959
2447
2532
1552
2072
2672
2459
1479
2882
1262
2422
2913
2177
1199
283
2889
1809
2683
2911
736
2434
703
2265
2281
1986
47
974
892
2515
1416
2051
2713
1150
2251
633
640
389
1383
1894
1729
1283
1541
2286
1353
204
2847
828
619
801
1014
1295
755
2060
1043
2001
1974
2317
1437
2639
1825
2248
150
95
300
960
506
1354
2243
1987
2188
2290
2079
1593
1851
1194
2921
218
2821
1434
1305
1802
2471
348
2444
111
2644
788
2055
2306
1062
2461
1843
897
1279
1278
797
231
700
1397
154
2761
2347
982
834
9
356
2645
2453
1507
1940
1858
1117
2218
2680
1556
918
1055
435
1191
159
540
2623
2238
2551
1580
1533
2925
199
1619
2291
1689
2927
3
359
1063
2437
2554
2086
2402
85
486
1100
2314
301
1627
1737
2845
238
2284
2836
2061
168
585
1833
99
11
1578
889
2007
119
2241
436
1068
2726
380
1432
2455
1329
1745
2277
2580
353
1613
1543
2759
2469
2208
338
247
530
1725
50
0
2022
1476
1522
2793
1236
2034
1791
444
80
2931
386
1970
1501
1649
2489
2646
82
1405
1363
2219
1976
320
1192
1039
2596
89
2313
648
2041
1910
1975
2472
783
2897
1195
838
2641
496
723
322
146
1141
565
2045
2766
595
1709
2054
1814
425
813
2871
285
1523
1852
1965
1394
863
15
1421
2098
2343
406
2142
1337
1890
1950
2602
1960
1247
1456
1220
671
2841
328
979
275
1788
2165
1207
1585
2336
1259
2684
1726
1594
498
969
677
990
2232
1732
734
2810
2843
1769
2695
2598
1025
790
2259
2042
2033
1352
1799
1067
656
1610
2364
1147
1874
2929
2854
2817
1823
141
1140
2420
1912
796
194
613
877
661
1962
2885
1642
1264
1845
567
414
528
2408
1920
184
1204
2862
804
1793
1860
1644
1696
851
2728
1101
365
1015
846
1230
2067
1133
133
610
122
2302
1602
1172
2822
2663
1294
646
2353
429
1217
2933
1515
2349
2763
1251
227
947
176
1469
1665
681
2486
2377
2159
1951
2868
1896
1567
2289
2608
2213
2146
1155
1895
91
306
213
1027
160
2372
526
396
777
249
2870
2568
2126
1153
1157
258
1387
637
1388
2611
1309
1176
1779
2180
1878
1505
978
552
890
2504
1949
1183
2249
2900
1139
1741
2019
1947
1472
1816
2430
678
727
1336
1114
2029
1400
1174
2417
2724
2138
2863
2370
2119
618
1540
1070
2501
2706
2476
1049
2252
942
2892
752
2579
1650
1900
948
968
886
335
1933
195
1591
2383
2253
1380
2215
1707
1254
1343
2006
1624
1712
28
1551
631
196
2365
460
1166
426
747
2327
1035
873
615
2270
814
161
2676
270
2917
1892
1564
582
1135
2057
1
1425
2032
311
1102
174
2003
2456
753
487
1733
2065
489
2705
741

