1 0
2 1
3 0
4 0
5 1
6 0
7 1
8 0
9 0
10 0
11 1
12 1
13 1
14 0
15 1
16 1
17 1
18 0
19 1
20 1
21 1
22 0
23 1
24 1
25 1
26 1
27 1
28 1
29 1
30 0
31 0
32 0
33 1
34 1
35 0
36 1
37 0
38 0
39 1
40 0
41 1
42 0
43 1
44 1
45 1
46 1
47 0
48 1
49 0
50 1
51 1
52 0
53 0
54 0
55 0
56 1
57 1
58 1
59 1
60 0
61 1
62 0
63 1
64 0
65 0
66 0
67 0
68 1
69 0
70 0
71 1
72 0
73 0
74 1
75 0
76 0
77 1
78 0
79 1
80 0
81 1
82 1
83 0
84 0
85 1
86 0
87 1
88 0
89 1
90 1
91 0
92 1
93 0
94 0
95 0
96 1
97 0
98 0
99 0
100 1
101 1
102 1
103 1
104 1
105 1
106 0
107 0
108 0
109 1
110 1
111 0
112 1
113 1
114 0
115 1
116 0
117 1
118 0
119 1
120 0
121 0
122 0
123 1
124 1
125 1
126 1
127 1
128 1
129 1
130 0
131 0
132 1
133 1
134 1
135 1
136 0
137 1
138 0
139 1
140 1
141 1
142 0
143 1
144 0
145 1
146 1
147 0
148 1
149 1
150 0
151 1
152 0
153 0
154 0
155 1
156 0
157 1
158 0
159 1
160 1
161 0
162 0
163 0
164 1
165 0
166 1
167 1
168 1
169 1
170 1
171 0
172 0
173 1
174 0
175 1
176 0
177 1
178 1
179 1
180 0
181 0
182 1
183 0
184 1
185 0
186 1
187 1
188 1
189 1
190 1
191 0
192 1
193 0
194 1
195 1
196 1
197 1
198 0
199 1
200 1
201 1
202 1
203 1
204 1
205 0
206 1
207 1
208 1
209 0
210 0
211 1
212 0
213 1
214 1
215 1
216 1
217 1
218 0
219 1
220 1
221 1
222 1
223 0
224 0
225 0
226 1
227 1
228 0
229 0
230 0
231 1
232 1
233 0
234 0
235 1
236 1
237 1
238 1
239 1
240 0
241 1
242 0
243 1
244 1
245 1
246 0
247 1
248 1
249 1
250 1
251 1
252 0
253 1
254 1
255 1
256 1
257 1
258 1
259 0
260 1
261 0
262 1
263 0
264 0
265 1
266 1
267 1
268 1
269 1
270 1
271 1
272 1
273 0
274 1
275 0
276 1
277 1
278 0
279 1
280 1
281 0
282 1
283 0
284 1
285 0
286 1
287 0
288 1
289 0
290 1
291 1
292 1
293 0
294 0
295 1
296 0
297 0
298 1
299 1
300 1
301 0
302 1
303 1
304 1
305 0
306 1
307 0
308 1
309 0
310 1
311 1
312 0
313 1
314 1
315 0
316 1
317 1
318 1
319 0
320 1
321 0
322 0
323 0
324 0
325 0
326 0
327 1
328 1
329 1
330 0
331 1
332 1
333 0
334 0
335 0
336 0
337 0
338 1
339 0
340 1
341 1
342 1
343 0
344 1
345 1
346 0
347 0
348 1
349 0
350 1
351 0
352 0
353 1
354 1
355 1
356 1
357 1
358 0
359 1
360 1
361 1
362 0
363 0
364 1
365 0
366 0
367 1
368 1
369 1
370 0
371 1
372 0
373 1
374 1
375 0
376 1
377 0
378 1
379 1
380 0
381 1
382 1
383 0
384 1
385 0
386 1
387 0
388 1
389 0
390 1
391 0
392 0
393 1
394 0
395 1
396 0
397 1
398 1
399 1
400 1
401 0
402 1
403 1
404 0
405 1
406 0
407 1
408 0
409 0
410 1
411 0
412 0
413 1
414 1
415 1
416 1
417 1
418 0
419 1
420 1
421 0
422 0
423 0
424 1
425 1
426 1
427 1
428 1
429 1
430 1
431 1
432 0
433 0
434 1
435 1
436 1
437 0
438 1
439 1
440 0
441 0
442 0
443 0
444 1
445 1
446 0
447 0
448 0
449 0
450 0
451 1
452 1
453 0
454 1
455 0
456 0
457 1
458 1
459 0
460 0
461 0
462 0
463 1
464 0
465 0
466 0
467 0
468 1
469 1
470 1
471 0
472 1
473 1
474 0
475 1
476 1
477 1
478 1
479 1
480 0
481 1
482 0
483 1
484 0
485 0
486 0
487 0
488 0
489 0
490 1
491 0
492 0
493 0
494 0
495 1
496 0
497 0
498 1
499 0
500 0
501 1
502 0
503 1
504 1
505 0
506 0
507 0
508 1
509 1
510 0
511 0
512 1
513 0
514 1
515 0
516 0
517 1
518 0
519 0
520 0
521 1
522 1
523 0
524 0
525 1
526 0
527 0
528 0
529 0
530 1
531 1
532 0
533 1
534 1
535 1
536 0
537 1
538 1
539 1
540 1
541 1
542 0
543 0
544 1
545 0
546 0
547 0
548 0
549 0
550 0
551 0
552 0
553 1
554 1
555 1
556 1
557 0
558 0
559 1
560 1
561 0
562 1
563 1
564 1
565 0
566 1
567 1
568 1
569 1
570 1
571 0
572 1
573 0
574 0
575 1
576 1
577 1
578 0
579 1
580 0
581 1
582 0
583 0
584 0
585 0
586 1
587 0
588 0
589 1
590 0
591 0
592 1
593 0
594 0
595 0
596 0
597 1
598 0
599 1
600 0
603 1
604 0
605 1
606 1
607 1
608 0
609 0
610 1
611 0
612 0
613 1
614 1
615 0
616 0
617 1
618 1
619 0
620 1
621 0
622 0
623 1
624 1
625 0
626 0
627 0
628 1
629 0
630 1
631 0
632 1
633 1
634 0
635 0
636 1
637 0
638 0
639 1
640 1
641 1
642 1
643 1
644 1
645 0
646 1
647 0
648 1
649 1
650 0
651 0
652 1
653 1
654 0
655 1
656 0
657 1
658 1
659 0
660 1
661 1
662 1
663 1
664 1
665 0
666 0
667 0
668 1
669 1
670 1
671 1
672 1
673 0
674 1
675 0
676 0
677 1
678 1
679 1
680 0
681 0
682 1
683 0
684 0
685 0
686 1
687 1
688 0
689 1
690 0
691 1
692 1
693 0
694 1
695 0
696 0
697 0
698 1
699 1
700 1
701 1
702 0
703 1
704 1
705 0
706 0
707 0
708 0
709 1
710 1
711 1
712 0
713 0
714 0
715 0
716 0
717 1
718 0
719 0
720 1
721 1
722 0
723 1
724 0
725 1
726 0
727 1
728 0
729 0
730 1
731 0
732 1
733 0
734 0
735 1
736 1
737 0
738 1
739 0
740 1
741 1
742 0
743 1
744 0
745 1
746 1
747 0
748 0
749 1
750 1
751 1
752 0
753 1
754 0
755 0
756 0
757 0
758 0
759 0
760 0
761 0
762 0
763 0
764 0
765 1
766 1
767 1
768 1
769 0
770 0
771 0
772 1
773 0
774 0
775 0
776 1
777 0
778 0
779 1
780 0
781 1
782 0
783 1
784 0
785 0
786 0
787 0
788 0
789 0
790 0
791 0
792 0
793 1
794 0
795 1
796 0
797 1
798 0
799 1
800 0
801 1
802 0
803 0
804 1
805 0
806 0
807 0
808 0
809 1
810 0
811 1
812 0
813 0
814 0
815 1
816 1
817 1
818 0
819 1
820 0
821 0
822 1
823 0
824 0
825 1
826 0
827 0
828 1
829 0
830 0
831 0
832 1
833 1
834 1
835 1
836 1
837 1
838 0
839 1
840 1
841 1
842 1
843 0
844 0
845 0
846 1
847 0
848 0
849 0
850 1
851 0
852 1
853 1
854 0
855 1
856 0
857 1
858 1
859 0
860 0
861 1
862 1
863 0
864 0
865 1
866 1
867 0
868 0
869 1
870 1
871 1
872 0
873 0
874 0
875 0
876 1
877 0
878 1
879 0
880 1
881 0
882 1
883 0
884 1
885 1
886 1
887 0
888 0
889 0
890 1
891 0
892 1
893 1
894 0
895 0
896 1
897 0
898 1
899 1
900 1
901 0
902 0
903 1
904 1
905 1
906 1
907 0
908 1
909 0
910 0
911 1
912 0
913 1
914 1
915 1
916 0
917 0
918 0
919 1
920 1
921 1
922 0
923 0
924 0
925 1
926 1
927 0
928 0
929 0
930 1
931 1
932 1
933 0
934 0
935 0
936 1
937 0
938 1
939 1
940 1
941 0
942 1
943 0
944 1
945 1
946 1
947 1
948 1
949 1
950 0
951 1
952 0
953 0
954 0
955 0
956 1
957 1
958 1
959 1
960 0
961 1
962 1
963 1
964 0
965 1
966 1
967 1
968 1
969 1
970 1
971 1
972 1
973 0
974 1
975 0
976 1
977 1
978 1
979 0
980 1
981 1
982 1
983 0
984 0
985 1
986 0
987 0
988 0
989 0
990 0
991 1
992 0
993 1
994 0
995 1
996 1
997 1
998 1
999 0
1000 1
1001 1
1002 1
1003 1
1004 1
1005 1
1006 0
1007 1
1008 1
1009 1
1010 0
1011 0
1012 0
1013 1
1014 0
1015 1
1016 1
1017 1
1018 0
1019 0
1020 0
1021 1
1022 0
1023 0
1024 1
1025 1
1026 0
1027 0
1028 0
1029 0
1030 1
1031 1
1032 1
1033 0
1034 1
1035 0
1036 1
1037 0
1038 0
1039 0
1040 0
1041 1
1042 0
1043 0
1044 0
1045 1
1046 0
1047 0
1048 1
1049 1
1050 1
1051 0
1052 1
1053 1
1054 1
1055 0
1056 0
1057 1
1058 0
1059 1
1060 0
1061 0
1062 1
1063 0
1064 1
1065 0
1066 0
1067 0
1068 1
1069 1
1070 0
1071 0
1072 0
1073 1
1074 1
1075 0
1076 0
1077 1
1078 1
1079 1
1080 1
1081 1
1082 1
1083 0
1084 0
1085 0
1086 1
1087 0
1088 1
1089 1
1090 1
1091 1
1092 0
1093 0
1094 0
1095 1
1096 1
1097 1
1098 1
1099 1
1100 1
1101 1
1102 0
1103 0
1104 0
1105 0
1106 1
1107 1
1108 1
1109 0
1110 0
1111 0
1112 0
1113 1
1114 1
1115 1
1116 1
1117 1
1118 1
1119 0
1120 0
1121 1
1122 1
1123 0
1124 1
1125 0
1126 1
1127 1
1128 1
1129 1
1130 1
1131 0
1132 1
1133 1
1134 0
1135 1
1136 1
1137 1
1138 1
1139 1
1140 0
1141 0
1142 0
1143 1
1144 1
1145 1
1146 1
1147 0
1148 0
1149 1
1150 0
1151 1
1152 1
1153 0
1154 1
1155 1
1156 0
1157 1
1158 1
1159 0
1160 1
1161 0
1162 0
1163 1
1164 1
1165 1
1166 1
1167 1
1168 0
1169 0
1170 1
1171 1
1172 1
1173 1
1174 1
1175 0
1176 1
1177 0
1178 1
1179 0
1180 1
1181 1
1182 0
1183 1
1184 1
1185 0
1186 0
1187 1
1188 1
1189 1
1190 1
1191 1
1192 1
1193 0
1194 0
1195 1
1196 0
1197 1
1198 1
1199 1
1200 1
1201 1
1202 0
1203 1
1204 1
1205 1
1206 1
1207 1
1208 1
1209 1
1210 1
1211 0
1212 0
1213 0
1214 1
1215 1
1216 1
1217 1
1218 0
1219 0
1220 0
1221 0
1222 0
1223 1
1224 1
1225 0
1226 0
1227 1
1228 1
1229 1
1230 1
1231 1
1232 1
1233 0
1234 1
1235 1
1236 1
1237 1
1238 0
1239 0
1240 1
1241 1
1242 1
1243 1
1244 0
1245 1
1246 0
1247 0
1248 0
1249 0
1250 1
1251 1
1252 1
1253 0
1254 1
1255 1
1256 1
1257 1
1258 0
1259 0
1260 1
1261 1
1262 1
1263 1
1264 1
1265 0
1266 0
1267 1
1268 0
1269 1
1270 1
1271 1
1272 1
1273 0
1274 1
1275 1
1276 0
1277 0
1278 1
1279 1
1280 0
1281 1
1282 0
1283 0
1284 1
1285 1
1286 1
1287 1
1288 1
1289 0
1290 1
1291 0
1292 1
1293 0
1294 1
1295 1
1296 0
1297 1
1298 1
1299 1
1300 1
1301 1
1302 1
1303 0
1304 0
1305 0
1306 0
1307 1
1308 0
1309 1
1310 0
1311 1
1312 0
1313 1
1314 0
1315 1
1316 1
1317 1
1318 1
1319 0
1320 0
1321 1
1322 0
1323 1
1324 1
1325 0
1326 1
1327 0
1328 1
1329 0
1330 0
1331 1
1332 0
1333 1
1334 1
1335 1
1336 0
1337 1
1338 1
1339 1
1340 1
1341 1
1342 1
1343 1
1344 1
1345 1
1346 1
1347 1
1348 1
1349 0
1350 1
1351 0
1352 1
1353 1
1354 0
1355 1
1356 1
1357 0
1358 0
1359 1
1360 0
1361 0
1362 0
1363 1
1364 0
1365 1
1366 0
1367 1
1368 0
1369 0
1370 1
1371 0
1372 1
1373 0
1374 0
1375 1
1376 1
1377 0
1378 1
1379 0
1380 0
1381 1
1382 1
1383 0
1384 0
1385 1
1386 1
1387 1
1388 1
1389 0
1390 0
1391 0
1392 0
1393 1
1394 0
1395 0
1396 0
1397 0
1398 1
1399 0
1400 1
1401 1
1402 0
1403 1
1404 0
1405 1
1406 1
1407 1
1408 0
1409 1
1410 1
1411 1
1412 0
1413 1
1414 1
1415 0
1416 0
1417 1
1418 0
1419 1
1420 0
1421 1
1422 0
1423 1
1424 1
1425 1
1426 0
1427 0
1428 0
1429 0
1430 0
1431 0
1432 1
1433 1
1434 0
1435 1
1436 1
1437 1
1438 0
1439 0
1440 1
1441 0
1442 0
1443 0
1444 0
1445 0
1446 0
1447 0
1448 1
1449 1
1450 1
1451 0
1452 1
1453 1
1454 1
1455 0
1456 1
1457 1
1458 0
1459 1
1460 0
1461 0
1462 1
1463 1
1464 0
1465 0
1466 0
1467 1
1468 1
1469 0
1470 0
1471 0
