1 0
2 0
3 1
4 0
5 0
6 1
7 0
8 0
9 0
10 0
11 1
12 1
13 0
14 0
15 1
16 0
17 1
18 1
19 0
20 0
21 1
22 0
23 0
24 1
25 0
26 1
27 0
28 0
29 1
30 1
31 1
32 1
33 1
34 1
35 1
36 1
37 0
38 1
39 1
40 1
41 0
42 1
43 1
44 0
45 1
46 0
47 1
48 1
49 1
50 0
51 0
52 0
53 1
54 0
55 1
56 1
57 0
58 1
59 1
60 1
61 1
62 1
63 1
64 1
65 1
66 1
67 0
68 1
69 1
70 1
71 0
72 0
73 0
74 0
75 0
76 0
77 1
78 0
79 1
80 1
81 1
82 1
83 1
84 1
85 1
86 1
87 0
88 1
89 0
90 0
91 0
92 0
93 1
94 0
95 0
96 1
97 1
98 1
99 0
100 1
101 1
102 1
103 1
104 1
105 0
106 0
107 0
108 1
109 0
110 0
111 0
112 0
113 0
114 0
115 0
116 0
117 0
118 1
119 1
120 1
121 0
122 1
123 1
124 1
125 1
126 0
127 1
128 1
129 1
130 0
131 1
132 1
133 1
134 0
135 0
136 0
137 1
138 0
139 0
140 1
141 1
142 1
143 1
144 1
145 1
146 0
147 0
148 0
149 1
150 0
151 0
152 0
153 0
154 1
155 0
156 1
157 1
158 0
159 1
160 1
161 0
162 0
163 1
164 0
165 0
166 0
167 0
168 1
169 1
170 1
171 0
172 0
173 0
174 1
175 0
176 1
177 0
178 0
179 0
180 1
181 0
182 1
183 1
184 1
185 1
186 1
187 0
188 1
189 0
190 1
191 0
192 0
193 0
194 1
195 0
196 0
197 0
198 0
199 1
200 0
201 0
202 0
203 0
204 1
205 1
206 1
207 0
208 0
209 1
210 1
211 1
212 1
213 1
214 1
215 1
216 1
217 1
218 1
219 1
220 1
221 0
222 0
223 0
224 0
225 1
226 0
227 0
228 0
229 1
230 1
231 0
232 1
233 0
234 1
235 1
236 1
237 1
238 1
239 1
240 1
241 1
242 0
243 1
244 1
245 1
246 1
247 1
248 1
249 1
250 0
251 0
252 1
253 0
254 1
255 0
256 1
257 1
258 1
259 0
260 0
261 1
262 0
263 1
264 1
265 0
266 0
267 0
268 0
269 0
270 0
271 0
272 1
273 1
274 1
275 1
276 1
277 1
278 1
279 0
280 1
281 1
282 1
283 0
284 1
285 0
286 1
287 1
288 0
289 0
290 1
291 0
292 1
293 1
294 0
295 0
296 0
297 0
298 1
299 0
300 1
301 0
302 0
303 1
304 1
305 1
306 1
307 1
308 1
309 0
310 0
311 1
312 1
313 1
314 0
315 1
316 1
317 1
318 1
319 0
320 0
321 1
322 0
323 0
324 1
325 0
326 0
327 0
328 1
329 1
330 1
331 1
332 0
333 1
334 1
335 0
336 0
337 1
338 1
339 1
340 1
341 1
342 1
343 0
344 1
345 0
346 0
347 1
348 0
349 1
350 1
351 0
352 0
353 0
354 1
355 0
356 1
357 1
358 1
359 1
360 1
361 0
362 1
363 0
364 1
365 0
366 0
367 1
368 1
369 1
370 1
371 0
372 1
373 1
374 1
375 1
376 0
377 1
378 1
379 0
380 0
381 0
382 1
383 0
384 0
385 1
386 1
387 0
388 1
389 0
390 1
391 0
392 0
393 1
394 1
395 1
396 1
397 1
398 0
399 0
400 1
401 1
402 1
403 0
404 1
405 0
406 1
407 0
408 1
409 1
410 1
411 0
412 0
413 0
414 1
415 0
416 0
417 0
418 0
419 1
420 0
421 1
422 0
423 0
424 1
425 0
426 1
427 1
428 0
429 1
430 1
431 0
432 1
433 0
434 0
435 0
436 1
437 0
438 1
439 0
440 1
441 1
442 0
443 1
444 1
445 0
446 1
447 1
448 0
449 0
450 1
451 0
452 0
453 1
454 1
455 0
456 1
457 1
458 0
459 1
460 0
461 1
462 1
463 0
464 0
465 0
466 0
467 1
468 0
469 1
470 1
471 1
472 1
473 1
474 1
475 1
476 0
477 0
478 1
479 0
480 1
481 1
482 0
483 1
484 0
485 1
486 1
487 1
488 0
489 1
490 1
491 1
492 1
493 1
494 0
495 1
496 0
497 1
498 1
499 1
500 0
501 0
502 1
503 1
504 0
505 0
506 1
507 0
508 1
509 1
510 0
511 1
512 0
513 0
514 0
515 1
516 0
517 1
518 0
519 0
520 0
521 1
522 0
523 1
524 1
525 1
526 1
527 0
528 0
529 1
530 1
531 1
532 0
533 1
534 0
535 1
536 1
537 0
538 0
539 0
540 0
541 0
542 0
543 1
544 0
545 0
546 1
547 1
548 0
549 1
550 1
551 1
552 1
553 0
554 0
555 1
556 1
557 0
558 1
559 0
560 1
561 1
562 1
563 1
564 1
565 1
566 0
567 1
568 0
569 0
570 0
571 1
572 1
573 0
574 0
575 0
576 0
577 1
578 0
579 0
580 0
581 1
582 0
583 0
584 1
585 1
586 0
587 0
588 1
589 1
590 0
591 1
592 1
593 1
594 1
595 0
596 0
597 0
598 0
599 1
600 0
601 1
602 0
603 1
604 0
605 1
606 0
607 1
608 0
609 0
610 1
611 1
612 1
613 1
614 1
615 0
616 0
617 1
618 0
619 0
620 0
621 0
622 0
623 0
624 0
625 0
626 1
627 1
628 1
629 0
630 1
631 0
632 1
633 0
634 1
635 0
636 0
637 1
638 1
639 0
640 0
641 1
642 1
643 1
644 0
645 0
646 1
647 0
648 1
649 0
650 0
651 1
652 1
653 1
654 1
655 0
656 0
657 0
658 0
659 0
660 1
661 1
662 1
663 1
664 0
665 1
666 1
667 1
668 0
669 1
670 0
671 0
672 1
673 1
674 0
675 1
676 1
677 0
678 0
679 1
680 1
681 0
682 1
683 0
684 0
685 1
686 0
687 1
688 0
689 1
690 1
691 0
692 0
693 0
694 1
695 0
696 1
697 0
698 1
699 0
700 1
701 0
702 0
703 1
704 1
705 1
706 1
707 0
708 1
709 1
710 0
711 1
712 0
713 0
714 1
715 1
716 0
717 0
718 1
719 0
720 1
721 1
722 0
723 0
724 0
725 1
726 0
727 0
728 1
729 1
730 0
731 1
732 0
733 1
734 0
735 1
736 1
737 1
738 1
739 0
740 0
741 1
742 0
743 0
744 1
745 1
746 0
747 1
748 1
749 1
750 1
751 0
752 1
753 1
754 1
755 1
756 1
757 0
758 1
759 0
760 0
761 1
762 0
763 0
764 1
765 1
766 1
767 0
768 1
769 1
770 1
771 0
772 0
773 0
774 1
775 0
776 1
777 1
778 0
779 1
780 0
781 1
782 0
783 0
784 1
785 0
786 1
787 0
788 1
789 1
790 0
791 0
792 0
793 1
794 1
795 1
796 1
797 1
798 0
799 1
800 0
801 0
802 1
803 0
804 0
805 0
806 0
807 1
808 1
809 0
810 0
811 1
812 1
813 1
814 1
815 0
816 1
817 0
818 1
819 1
820 1
821 1
822 0
823 0
824 0
825 0
826 0
827 0
828 1
829 1
830 0
831 0
832 1
833 0
834 0
835 0
836 1
837 0
838 0
839 0
840 0
841 0
842 1
843 1
844 1
845 0
846 0
847 1
848 1
849 0
850 1
851 1
852 0
853 1
854 1
855 1
856 1
857 0
858 0
859 1
860 1
861 0
862 1
863 1
864 1
865 1
866 1
867 1
868 1
869 1
870 0
871 0
872 0
873 0
874 0
875 0
876 0
877 1
878 1
879 0
880 0
881 1
882 1
883 1
884 1
885 1
886 0
887 1
888 0
889 1
890 0
891 0
892 1
893 1
894 1
895 1
896 0
897 0
898 0
899 1
900 0
901 0
902 0
903 0
904 1
905 1
906 0
907 1
908 0
909 1
910 1
911 0
912 0
913 0
914 0
915 1
916 1
917 1
918 1
919 1
920 1
921 0
922 0
923 0
924 0
925 0
926 0
927 0
928 1
929 0
930 1
931 1
932 0
933 0
934 1
935 0
936 0
937 0
938 1
939 0
940 1
941 0
942 1
943 1
944 0
945 0
946 1
947 1
948 0
949 1
950 1
951 0
952 1
953 0
954 1
955 0
956 0
957 1
958 0
959 1
960 0
961 1
962 1
963 0
964 0
965 1
966 0
967 1
968 1
969 0
970 0
971 1
972 0
973 0
974 0
975 1
976 1
977 0
978 0
979 1
980 0
981 1
982 0
983 1
984 1
985 1
986 1
987 0
988 0
989 1
990 0
991 0
992 1
993 0
994 0
995 1
996 0
997 1
998 0
999 0
1000 0
1001 1
1002 1
1003 0
1004 0
1005 0
1006 0
1007 0
1008 1
1009 1
1010 1
1011 1
1012 1
1013 1
1014 1
1015 0
1016 1
1017 0
1018 0
1019 1
1020 1
1021 0
1022 0
1023 0
1024 1
1025 1
1026 1
1027 1
1028 1
1029 0
1030 0
1031 1
1032 0
1033 1
1034 1
1035 1
1036 1
1037 1
1038 0
1039 1
1040 0
1041 0
1042 1
1043 0
1044 0
1045 0
1046 1
1047 1
1048 0
1049 1
1050 0
1051 1
1052 0
1053 0
1054 0
1055 1
1056 1
1057 1
1058 1
1059 0
1060 1
1061 1
1062 1
1063 1
1064 0
1065 0
1066 0
1067 1
1068 0
1069 0
1070 0
1071 1
1072 0
1073 1
1074 1
1075 1
1076 1
1077 1
1078 1
1079 0
1080 0
1081 1
1082 1
1083 0
1084 0
1085 0
1086 1
1087 1
1088 0
1089 1
1090 0
1091 1
1092 0
1093 1
1094 1
1095 0
1096 0
1097 0
1098 0
1099 0
1100 1
1101 1
1102 1
1103 1
1104 1
1105 1
1106 1
1107 0
1108 1
1109 0
1110 0
1111 0
1112 0
1113 1
1114 0
1115 1
1116 1
1117 0
1118 0
1119 1
1120 0
1121 1
1122 1
1123 1
1124 0
1125 1
1126 0
1127 0
1128 1
1129 1
1130 1
1131 0
1132 0
1133 0
1134 0
1135 1
1136 1
1137 1
1138 0
1139 1
1140 1
1141 1
1142 0
1143 0
1144 1
1145 1
1146 1
1147 1
1148 1
1149 1
1150 1
1151 1
1152 1
1153 0
1154 1
1155 1
1156 1
1157 0
1158 0
1159 0
1160 0
1161 0
1162 0
1163 0
1164 1
1165 1
1166 0
1167 0
1168 1
1169 1
1170 0
1171 0
1172 1
1173 1
1174 1
1175 1
1176 0
1177 0
1178 0
1179 0
1180 1
1181 1
1182 0
1183 1
1184 0
1185 0
1186 1
1187 0
1188 0
1189 1
1190 0
1191 0
1192 0
1193 0
1194 0
1195 0
1196 1
1197 0
1198 1
1199 0
1200 1
1201 0
1202 1
1203 1
1204 1
1205 1
1206 1
1207 1
1208 0
1209 0
1210 0
1211 1
1212 1
1213 0
1214 0
1215 1
1216 0
1217 1
1218 0
1219 1
1220 1
1221 1
1222 0
1223 0
1224 0
1225 1
1226 1
1227 1
1228 0
1229 0
1230 0
1231 1
1232 1
1233 0
1234 0
1235 0
1236 0
1237 0
1238 0
1239 1
1240 1
1241 1
1242 0
1243 0
1244 0
1245 1
1246 0
1247 1
1248 1
1249 1
1250 1
1251 1
1252 0
1253 0
1254 0
1255 0
1256 0
1257 0
1258 1
1259 1
1260 0
1261 0
1262 1
1263 1
1264 0
1265 0
1266 1
1267 0
1268 0
1269 1
1270 1
1271 1
1272 1
1273 0
1274 1
1275 0
1276 1
1277 1
1278 0
1279 0
1280 0
1281 1
1282 0
1283 0
1284 1
1285 0
1286 1
1287 0
1288 1
1289 1
1290 1
1291 1
1292 0
1293 1
1294 1
1295 1
1296 0
1297 1
1298 1
1299 1
1300 1
1301 0
1302 0
1303 0
1304 0
1305 0
1306 0
1307 0
1308 1
1309 1
1310 0
1311 1
1312 1
1313 0
1314 1
1315 0
1316 1
1317 1
1318 0
1319 1
1320 0
1321 0
1322 1
1323 0
1324 1
1325 1
1326 1
1327 1
1328 0
1329 0
1330 0
1331 1
1332 0
1333 0
1334 1
1335 0
1336 0
1337 1
1338 1
1339 0
1340 1
1341 0
1342 0
1343 1
1344 1
1345 1
1346 1
1347 1
1348 0
1349 0
1350 0
1351 1
1352 0
1353 1
1354 0
1355 0
1356 1
1357 1
1358 0
1359 1
1360 0
1361 1
1362 0
1363 0
1364 1
1365 1
1366 1
1367 0
1368 1
1369 0
1370 0
1371 1
1372 0
1373 0
1374 0
1375 0
1376 1
1377 0
1378 0
1379 0
1380 0
1381 1
1382 0
1383 0
1384 1
1385 0
1386 1
1387 0
1388 1
1389 1
1390 1
1391 0
1392 0
1393 1
1394 1
1395 0
1396 0
1397 1
1398 1
1399 0
1400 0
1401 0
1402 0
1403 0
1404 1
1405 0
1406 0
1407 0
1408 1
1409 1
1410 1
1411 0
1412 0
1413 0
1414 0
1415 0
1416 0
1417 1
1418 0
1419 1
1420 0
1421 0
1422 1
1423 0
1424 1
1425 0
1426 0
1427 0
1428 1
1429 0
1430 1
1431 0
1432 0
1433 0
1434 0
1435 0
1436 1
1437 0
1438 1
1439 1
1440 1
1441 1
1442 1
1443 1
1444 0
1445 1
1446 0
1447 1
1448 1
1449 1
1450 1
1451 1
1452 1
1453 0
1454 1
1455 1
1456 0
1457 0
1458 0
1459 1
1460 0
1461 0
1462 1
1463 1
1464 0
1465 1
1466 1
1467 0
1468 1
1469 0
1470 0
1471 0
