1 1
2 1
3 1
4 1
5 0
6 1
7 0
8 1
9 0
10 1
11 0
12 1
13 0
14 1
15 0
16 0
17 1
18 0
19 0
20 1
21 1
22 0
23 1
24 0
25 0
26 1
27 1
28 0
29 1
30 1
31 0
32 0
33 0
34 0
35 1
36 1
37 1
38 1
39 1
40 1
41 1
42 1
43 0
44 1
45 1
46 1
47 1
48 1
49 0
50 1
51 0
52 0
53 0
54 0
55 0
56 1
57 0
58 1
59 1
60 1
61 0
62 1
63 1
64 0
65 0
66 0
67 0
68 0
69 1
70 0
71 0
72 1
73 1
74 0
75 1
76 1
77 1
78 1
79 0
80 1
81 0
82 0
83 1
84 0
85 1
86 1
87 0
88 1
89 1
90 1
91 0
92 0
93 1
94 1
95 1
96 1
97 0
98 0
99 1
100 0
101 1
102 1
103 1
104 1
105 1
106 1
107 1
108 1
109 1
110 1
111 0
112 1
113 0
114 0
115 1
116 1
117 0
118 0
119 1
120 1
121 0
122 0
123 1
124 1
125 0
126 1
127 0
128 1
129 1
130 1
131 1
132 1
133 1
134 0
135 0
136 0
137 0
138 1
139 1
140 1
141 1
142 1
143 1
144 0
145 0
146 1
147 0
148 0
149 1
150 1
151 1
152 0
153 0
154 1
155 1
156 0
157 0
158 1
159 0
160 1
161 1
162 1
163 0
164 0
165 0
166 0
167 0
168 1
169 0
170 0
171 1
172 1
173 1
174 1
175 1
176 0
177 1
178 0
179 1
180 1
181 1
182 1
183 0
184 1
185 1
186 1
187 1
188 1
189 1
190 0
191 0
192 1
193 0
194 0
195 1
196 0
197 1
198 0
199 1
200 0
201 0
202 0
203 0
204 1
205 1
206 0
207 0
208 1
209 1
210 1
211 0
212 0
213 1
214 1
215 0
216 1
217 0
218 1
219 1
220 0
221 1
222 1
223 1
224 0
225 1
226 0
227 0
228 0
229 0
230 0
231 0
232 1
233 1
234 0
235 1
236 1
237 1
238 1
239 0
240 0
241 1
242 1
243 0
244 1
245 0
246 0
247 1
248 0
249 1
250 0
251 1
252 1
253 0
254 1
255 1
256 0
257 0
258 0
259 1
260 1
261 1
262 1
263 1
264 0
265 0
266 1
267 0
268 0
269 1
270 1
271 0
272 0
273 1
274 1
275 0
276 0
277 0
278 0
279 0
280 0
281 0
282 0
283 1
284 0
285 1
286 0
287 1
288 1
289 1
290 1
291 1
292 1
293 0
294 0
295 0
296 0
297 1
298 1
299 1
300 1
301 0
302 0
303 0
304 0
305 1
306 1
307 0
308 1
309 0
310 1
311 1
312 1
313 0
314 0
315 0
316 1
317 1
318 1
319 0
320 0
321 1
322 0
323 1
324 0
325 0
326 0
327 1
328 0
329 0
330 1
331 0
332 0
333 1
334 0
335 0
336 1
337 1
338 1
339 0
340 0
341 0
342 1
343 1
344 0
345 1
346 0
347 0
348 1
349 1
350 1
351 0
352 1
353 0
354 0
355 0
356 1
357 1
358 0
359 0
360 0
361 0
362 0
363 1
364 1
365 0
366 1
367 1
368 1
369 0
370 1
371 0
372 1
373 0
374 0
375 1
376 1
377 1
378 1
379 1
380 0
381 0
382 0
383 1
384 0
385 0
386 0
387 1
388 0
389 1
390 1
391 1
392 0
393 1
394 0
395 0
396 1
397 1
398 0
399 1
400 1
401 1
402 1
403 1
404 0
405 0
406 0
407 1
408 0
409 1
410 0
411 1
412 0
413 0
414 0
415 0
416 1
417 0
418 1
419 0
420 1
421 0
422 1
423 0
424 1
425 0
426 1
427 0
428 0
429 1
430 0
431 0
432 0
433 1
434 0
435 0
436 1
437 0
438 0
439 1
440 1
441 0
442 0
443 1
444 1
445 1
446 0
447 0
448 1
449 1
450 0
451 0
452 1
453 1
454 0
455 1
456 0
457 0
458 1
459 0
460 0
461 0
462 0
463 0
464 1
465 0
466 0
467 0
468 0
469 0
470 0
471 0
472 1
473 1
474 0
475 1
476 0
477 1
478 1
479 1
480 1
481 0
482 1
483 0
484 0
485 0
486 1
487 1
488 0
489 1
490 1
491 1
492 1
493 0
494 0
495 1
496 1
497 1
498 1
499 1
500 0
501 0
502 0
503 0
504 1
505 0
506 1
507 1
508 1
509 0
510 0
511 0
512 1
513 1
514 0
515 1
516 0
517 1
518 0
519 1
520 1
521 1
522 1
523 1
524 1
525 1
526 0
527 0
528 0
529 0
530 0
531 1
532 1
533 0
534 0
535 0
536 1
537 0
538 1
539 1
540 1
541 1
542 1
543 1
544 1
545 0
546 1
547 0
548 1
549 0
550 1
551 1
552 1
553 0
554 1
555 0
556 1
557 1
558 0
559 0
560 1
561 1
562 1
563 1
564 0
565 0
566 1
567 0
568 0
569 0
570 0
571 1
572 0
573 1
574 1
575 0
576 1
577 1
578 1
579 1
580 0
581 1
582 1
583 0
584 1
585 0
586 1
587 1
588 0
589 0
590 0
591 1
592 1
593 1
594 0
595 1
596 1
597 1
598 1
599 0
600 0
601 0
602 0
603 1
604 0
605 1
606 0
607 0
608 0
609 0
610 1
611 0
612 0
613 0
614 0
615 1
616 1
617 0
618 1
619 0
620 0
621 1
622 0
623 0
624 1
625 0
626 1
627 0
628 1
629 1
630 1
631 0
632 0
633 0
634 1
635 1
636 1
637 1
638 1
639 1
640 0
641 0
642 0
643 1
644 1
645 0
646 0
647 1
648 0
649 1
650 0
651 1
652 0
653 1
654 0
655 1
656 0
657 0
658 0
659 1
660 0
661 0
662 1
663 1
664 1
665 0
666 1
667 1
668 0
669 1
670 0
671 0
672 1
673 1
674 0
675 1
676 0
677 1
678 0
679 1
680 1
681 1
682 1
683 1
684 1
685 0
686 0
687 0
688 0
689 0
690 0
691 0
692 0
693 0
694 1
695 0
696 1
697 0
698 1
699 1
700 1
701 0
702 1
703 1
704 1
705 1
706 1
707 1
708 1
709 0
710 0
711 1
712 0
713 0
714 0
715 1
716 0
717 0
718 1
719 0
720 0
721 0
722 0
723 1
724 0
725 0
726 1
727 1
728 1
729 1
730 0
731 1
732 0
733 0
734 0
735 1
736 1
737 0
738 1
739 0
740 1
741 1
742 1
743 0
744 1
745 1
746 1
747 1
748 1
749 0
750 1
751 0
752 0
753 0
754 0
755 1
756 1
757 0
758 0
759 0
760 0
761 1
762 0
763 0
764 1
765 1
766 0
767 0
768 0
769 0
770 0
771 1
772 1
773 1
774 1
775 0
776 1
777 1
778 0
779 1
780 0
781 1
782 1
783 0
784 1
785 1
786 0
787 0
788 1
789 0
790 1
791 0
792 0
793 1
794 0
795 0
796 1
797 0
798 1
799 0
800 1
801 1
802 0
803 1
804 0
805 1
806 1
807 1
808 1
809 0
810 1
811 0
812 1
813 0
814 1
815 1
816 1
817 1
818 0
819 1
820 0
821 0
822 0
823 0
824 1
825 1
826 0
827 1
828 0
829 0
830 0
831 0
832 0
833 0
834 0
835 0
836 1
837 0
838 0
839 1
840 1
841 1
842 1
843 0
844 1
845 0
846 1
847 0
848 1
849 0
850 0
851 1
852 1
853 0
854 1
855 0
856 1
857 1
858 1
859 1
860 0
861 0
862 0
863 0
864 1
865 1
866 1
867 1
868 0
869 1
870 1
871 1
872 0
873 1
874 1
875 0
876 1
877 0
878 0
879 1
880 1
881 1
882 1
883 0
884 1
885 1
886 1
887 0
888 1
889 0
890 0
891 0
892 0
893 1
894 1
895 1
896 0
897 1
898 1
899 1
900 1
901 1
902 0
903 0
904 1
905 0
906 0
907 1
908 0
909 1
910 1
911 0
912 1
913 0
914 0
915 1
916 0
917 0
918 0
919 0
920 0
921 0
922 1
923 0
924 1
925 0
926 1
927 1
928 1
929 0
930 0
931 1
932 1
933 0
934 0
935 1
936 0
937 1
938 1
939 1
940 0
941 0
942 1
943 1
944 1
945 1
946 1
947 0
948 0
949 1
950 1
951 0
952 0
953 1
954 0
955 0
956 0
957 1
958 0
959 1
960 1
961 1
962 1
963 0
964 0
965 0
966 1
967 0
968 0
969 0
970 0
971 1
972 1
973 0
974 1
975 0
976 0
977 0
978 0
979 1
980 0
981 1
982 0
983 0
984 1
985 0
986 0
987 0
988 1
989 1
990 1
991 1
992 0
993 1
994 0
995 1
996 1
997 1
998 1
999 0
1000 1
1001 1
1002 1
1003 0
1004 0
1005 1
1006 1
1007 1
1008 1
1009 1
1010 1
1011 0
1012 1
1013 0
1014 0
1015 0
1016 1
1017 0
1018 1
1019 0
1020 0
1021 0
1022 1
1023 1
1024 0
1025 0
1026 0
1027 1
1028 0
1029 1
1030 1
1031 1
1032 1
1033 0
1034 1
1035 1
1036 0
1037 0
1038 1
1039 1
1040 0
1041 1
1042 0
1043 0
1044 1
1045 0
1046 1
1047 0
1048 1
1049 0
1050 1
1051 1
1052 0
1053 1
1054 1
1055 1
1056 0
1057 1
1058 0
1059 0
1060 0
1061 0
1062 0
1063 0
1064 0
1065 0
1066 1
1067 0
1068 1
1069 0
1070 0
1071 0
1072 1
1073 0
1074 0
1075 0
1076 1
1077 0
1078 1
1079 1
1080 0
1081 1
1082 0
1083 1
1084 1
1085 0
1086 0
1087 0
1088 0
1089 1
1090 1
1091 0
1092 0
1093 1
1094 1
1095 0
1096 1
1097 0
1098 1
1099 1
1100 0
1101 1
1102 0
1103 0
1104 0
1105 0
1106 0
1107 1
1108 0
1109 1
1110 0
1111 0
1112 1
1113 0
1114 0
1115 1
1116 1
1117 0
1118 1
1119 1
1120 0
1121 0
1122 1
1123 1
1124 1
1125 1
1126 1
1127 1
1128 1
1129 1
1130 0
1131 1
1132 1
1133 0
1134 0
1135 0
1136 1
1137 1
1138 0
1139 0
1140 1
1141 0
1142 1
1143 1
1144 0
1145 1
1146 0
1147 1
1148 0
1149 1
1150 1
1151 0
1152 0
1153 1
1154 1
1155 1
1156 0
1157 0
1158 1
1159 1
1160 0
1161 1
1162 1
1163 0
1164 0
1165 0
1166 1
1167 1
1168 0
1169 0
1170 0
1171 0
1172 0
1173 0
1174 1
1175 1
1176 1
1177 1
1178 1
1179 0
1180 0
1181 1
1182 0
1183 1
1184 1
1185 1
1186 1
1187 1
1188 1
1189 1
1190 1
1191 1
1192 1
1193 1
1194 0
1195 1
1196 1
1197 0
1198 0
1199 0
1200 0
1201 1
1202 0
1203 1
1204 1
1205 1
1206 0
1207 0
1208 1
1209 1
1210 1
1211 1
1212 1
1213 1
1214 0
1215 1
1216 1
1217 0
1218 1
1219 0
1220 0
1221 1
1222 0
1223 1
1224 0
1225 1
1226 1
1227 1
1228 1
1229 1
1230 1
1231 0
1232 0
1233 1
1234 1
1235 0
1236 0
1237 0
1238 1
1239 0
1240 0
1241 0
1242 0
1243 0
1244 0
1245 0
1246 0
1247 0
1248 0
1249 1
1250 0
1251 0
1252 0
1253 0
1254 0
1255 0
1256 1
1257 0
1258 0
1259 0
1260 0
1261 1
1262 1
1263 0
1264 0
1265 1
1266 1
1267 0
1268 0
1269 1
1270 1
1271 1
1272 1
1273 1
1274 0
1275 1
1276 1
1277 1
1278 1
1279 1
1280 1
1281 1
1282 1
1283 0
1284 1
1285 1
1286 0
1287 0
1288 0
1289 1
1290 1
1291 0
1292 0
1293 1
1294 1
1295 0
1296 1
1297 1
1298 1
1299 0
1300 0
1301 1
1302 0
1303 1
1304 0
1305 1
1306 1
1307 0
1308 0
1309 1
1310 1
1311 1
1312 1
1313 1
1314 1
1315 0
1316 1
1317 0
1318 0
1319 1
1320 0
1321 0
1322 0
1323 1
1324 1
1325 0
1326 0
1327 1
1328 1
1329 0
1330 1
1331 1
1332 1
1333 1
1334 0
1335 1
1336 0
1337 1
1338 0
1339 1
1340 0
1341 0
1342 0
1343 0
1344 1
1345 1
1346 0
1347 0
1348 1
1349 1
1350 1
1351 1
1352 1
1353 1
1354 1
1355 0
1356 0
1357 1
1358 1
1359 0
1360 1
1361 1
1362 0
1363 1
1364 1
1365 1
1366 1
1367 1
1368 1
1369 1
1370 1
1371 1
1372 1
1373 1
1374 1
1375 1
1376 0
1377 0
1378 0
1379 1
1380 0
1381 1
1382 0
1383 1
1384 1
1385 1
1386 1
1387 0
1388 1
1389 1
1390 0
1391 0
1392 0
1393 1
1394 0
1395 0
1396 1
1397 1
1398 0
1399 1
1400 1
1401 1
1402 1
1403 1
1404 0
1405 0
1406 0
1407 0
1408 0
1409 1
1410 1
1411 1
1412 1
1413 0
1414 1
1415 0
1416 0
1417 1
1418 0
1419 1
1420 0
1421 1
1422 0
1423 1
1424 0
1425 0
1426 1
1427 1
1428 1
1429 1
1430 1
1431 0
1432 0
1433 0
1434 1
1435 1
1436 0
1437 0
1438 1
1439 0
1440 1
1441 0
1442 1
1443 0
1444 1
1445 1
1446 1
1447 1
1448 1
1449 0
1450 1
1451 1
1452 0
1453 1
1454 1
1455 1
1456 1
1457 1
1458 1
1459 1
1460 1
1461 0
1462 1
1463 1
1464 0
1465 1
1466 1
1467 0
1468 0
1469 1
1470 0
1471 1
