2701
262
2523
2728
2544
2448
1270
1186
595
2834
336
1607
816
961
1004
2820
2093
448
1087
1896
2780
2918
1935
297
2726
2324
1904
2368
2482
1077
2713
627
1836
1295
2500
2556
1864
1532
2079
1870
2355
2006
1506
2037
807
2491
451
1449
1730
2378
1606
837
1269
349
701
1511
1104
2288
1246
1141
167
1660
2663
209
43
221
742
376
2929
1414
27
577
13
2222
1163
1543
889
2534
958
474
2260
1390
2112
1523
2206
2256
2176
664
1344
1221
2794
674
122
1871
796
2227
1979
74
2195
183
1489
419
2774
2924
2013
1025
2658
782
2577
2239
337
2787
880
166
1127
2478
1555
2937
650
723
1568
1768
2461
1305
2642
365
1367
1267
422
283
128
848
2487
2903
2865
1309
2935
700
2253
1237
1799
2468
642
1275
2592
1635
62
1474
2132
1678
829
1119
428
1957
1137
2739
2244
579
143
1461
2861
2591
992
1368
98
121
1359
333
375
265
750
1854
75
1823
2212
16
2237
999
1788
2594
2134
561
2932
1013
1235
2654
2354
1691
1183
2392
2548
1376
1203
2433
709
856
2393
2596
2676
1597
2197
1478
1762
1911
2228
2873
2172
672
2267
724
2246
2783
325
2113
2587
2030
1519
2483
1395
2279
110
2097
38
2065
685
1065
946
2169
2382
2099
568
787
1852
656
1807
2595
1475
1107
2380
1036
844
2571
868
65
228
2211
1675
353
2328
1649
2656
2329
2053
600
689
1185
2404
82
1965
2901
1599
885
282
682
2098
1792
2196
632
2725
2622
913
2586
180
1467
2589
833
2311
1308
2653
2788
2255
2741
1097
289
2162
1002
569
236
1609
2477
2862
345
1272
2401
2326
2327
658
1893
372
2485
2759
1337
2765
1316
127
2201
287
2568
952
1084
1531
396
704
1805
599
1037
1022
59
2537
352
2039
1679
1388
324
1260
2435
822
388
1274
2570
165
89
2337
2449
586
1403
1297
133
399
490
2941
1033
2245
2619
2920
835
2352
170
2234
1259
646
641
1857
1447
790
1641
669
2678
2521
1728
718
515
941
2705
438
843
2495
597
815
1970
553
2375
2457
171
2581
2412
1161
2271
2817
1522
2413
628
517
471
2259
996
2833
321
605
528
129
2555
555
2540
1947
1974
2219
182
443
2762
1044
2398
1082
1090
2786
1876
1471
1897
2529
1069
1551
2677
1998
755
1143
713
2109
567
2778
1224
1656
2549
483
2711
508
2250
409
814
717
118
2785
2295
2889
2635
102
130
1064
825
2334
1120
619
67
2880
1774
884
271
1726
1925
2154
2276
2019
1404
507
684
677
164
1550
2526
199
2038
108
1662
2462
1307
973
1488
746
1712
9
859
1670
2057
2107
1725
950
125
1924
1244
425
565
2351
976
839
1548
649
2857
2233
119
552
386
489
2712
2532
624
417
2323
523
824
1001
1865
2887
467
644
303
2691
2394
1470
2566
1156
1658
1752
1798
1566
1226
997
1026
2745
874
853
2698
2442
1877
2153
2565
2650
1134
2479
731
2348
2036
225
2639
1229
1251
1190
2599
14
898
1265
1572
1106
870
2137
1737
1086
41
1330
703
1207
1206
195
633
2469
1080
803
968
2089
2720
683
751
1898
2551
2247
384
589
522
1601
1320
947
1339
2877
2146
1615
2158
1824
1299
1696
1153
1663
2687
395
1196
1697
1547
2801
1955
1140
2202
617
1419
495
1687
2121
1014
861
1612
296
2232
2165
1578
2815
1324
899
2423
450
1625
881
309
146
2410
1078
1769
2181
2149
1507
2143
2806
1052
2631
2140
2856
2842
1502
591
1975
1057
1248
1709
1088
1906
294
2743
780
2331
202
1610
1735
1905
978
2
1271
2930
716
463
2456
1828
1021
2784
2680
1142
2291
2683
1891
1417
622
2075
421
233
998
219
1008
398
2090
123
169
925
911
1853
1875
319
347
1771
1258
1650
680
2235
1561
1387
457
94
1354
1211
2716
1840
1624
92
2157
1040
1758
626
1680
917
2252
1384
426
712
1922
2258
1988
971
769
1588
2131
1074
329
2886
2164
1408
935
1600
1063
420
557
2686
2520
1716
1486
217
688
783
548
956
1200
1034
215
291
609
2349
1310
2043
1707
1727
203
1701
1333
705
2447
1273
224
2893
24
1912
2207
1254
625
2838
1072
437
1628
68
2280
155
2597
2024
764
2700
1440
991
1353
1830
37
2510
2144
2623
2782
493
1476
2312
374
100
20
1361
2715
298
763
696
1711
2160
310
2300
972
1188
281
1797
988
1268
813
2360
2696
1045
2066
174
2910
1435
197
2094
2546
1089
1772
331
1996
2616
2421
2574
2689
2078
2748
2563
1632
2709
2879
719
679
1967
2049
518
509
1332
2766
1079
1619
28
1977
385
673
8
79
2916
2314
2868
292
2177
390
42
2730
1236
1047
1304
1125
1559
1973
938
342
2055
2573
1432
1328
2615
243
1835
1929
2208
1369
590
711
757
2130
444
1343
160
2373
326
580
213
2116
31
1880
1497
1800
1280
44
1980
2645
2697
1139
208
338
83
1704
1284
86
2173
533
2497
1293
351
2273
1558
1192
418
1579
280
277
562
634
273
1446
621
2933
1763
1460
2503
930
798
2310
1131
1552
1786
69
2357
472
90
969
1363
1713
1698
2431
1848
2567
401
1564
1453
258
142
1584
714
2576
985
878
2052
1179
1817
2269
2178
865
1433
363
1443
527
1071
1587
2403
1703
1934
1565
2536
2139
781
1863
1956
320
1991
974
852
1677
494
1378
671
1231
989
1736
2797
1803
995
1781
1928
1216
2509
860
1809
1796
237
1289
355
2128
2492
691
1598
819
486
1540
2607
1661
775
285
1018
1426
1240
772
1710
1101
2927
1583
1946
771
1375
2670
944
760
643
332
2693
360
1999
1454
2464
1385
1469
6
2681
603
2625
2530
1987
2498
1993
204
2046
1720
227
2102
1056
231
1155
1908
1380
2058
623
2746
1494
2791
888
1689
137
1317
857
1766
2562
1423
1553
178
293
322
1984
2627
2091
785
1739
1651
2385
908
2909
894
2051
1171
1154
1770
1918
2776
381
543
2266
1450
2088
2305
2832
2843
1228
1504
659
148
45
725
1926
216
1731
743
1048
1557
254
460
2366
2557
339
670
1422
2042
1495
1806
630
101
2142
2649
776
502
2365
1856
478
1686
540
2341
247
1913
2388
1059
1148
1000
665
2439
1521
2238
328
1714
1212
412
2170
519
933
2613
269
2343
1392
2061
2453
2914
831
2913
452
1294
1541
1103
2141
1818
563
2400
1932
544
2056
2849
1590
2151
403
1846
440
2076
667
551
921
1826
1983
88
1638
1690
585
604
1130
1942
1554
2518
2372
2016
2127
1683
144
744
1761
316
687
214
1315
2605
131
267
1594
2308
727
1498
368
512
84
1734
250
2633
168
1439
1286
2416
1923
526
1058
2460
230
918
32
1885
923
2707
906
2119
2473
695
1618
136
2814
1098
2342
1602
2651
464
1669
26
2883
2662
895
893
2474
80
414
2367
549
2823
312
636
2659
191
1741
2854
2550
2118
73
445
2167
2892
828
2938
1755
263
1374
314
566
194
1168
2871
1386
402
862
1978
804
720
770
2005
2547
2425
2189
963
1753
2763
392
1744
631
2643
1160
2166
1191
2095
1213
610
2330
2799
1113
2363
1514
2441
817
1631
2608
653
858
710
93
1795
924
400
2488
1068
72
305
2067
801
2386
2359
2070
1356
1721
2486
1081
91
1382
1038
2723
1851
877
1784
22
1252
1516
2647
2191
1742
788
2298
1989
2850
1182
2911
2519
211
912
1571
1151
613
693
172
1011
1944
505
588
1283
2184
1487
1220
698
2020
1591
2408
534
1456
1850
2452
416
1596
1508
1961
826
2580
2320
2872
36
2200
601
2593
2383
2878
1589
48
651
1968
838
1682
454
1397
2270
2699
1872
188
1921
1070
458
2152
2399
1634
1118
2358
1201
1655
1845
1648
106
2819
2138
1831
668
987
1210
1829
1396
198
2792
64
2285
2852
1205
1729
193
2034
741
2218
699
1849
184
1754
1694
120
2284
1549
846
2585
2297
2384
867
1652
1895
2387
2183
2648
218
1480
2289
2912
620
2021
2722
1172
1493
477
1546
749
85
2040
2894
2882
558
2610
2230
1031
1418
1903
158
2156
1627
465
1810
2316
587
380
955
1346
537
2682
953
1438
2249
840
2180
274
2062
1982
481
2603
1528
864
758
1524
1681
1839
1570
1365
1700
2022
1636
1843
1473
1198
1219
606
754
2925
708
2440
2028
304
629
1061
2888
1331
2637
1665
2003
993
210
264
808
2940
1451
2362
476
58
1116
99
1538
1608
2803
855
1586
424
1592
547
60
350
529
341
2257
2660
1909
1351
733
1123
1076
1666
480
922
2837
2346
521
809
2231
2890
406
550
35
1483
2185
1152
882
2522
2225
2347
1073
1429
904
779
1067
2322
1759
1352
1990
2860
1724
2528
2584
1931
2818
2752
1544
1702
1170
2758
2361
2123
1020
244
371
2621
1132
46
2429
737
1894
2012
2240
1945
175
357
2609
2516
1933
800
2864
1930
378
702
2798
1169
530
2318
2675
1622
179
232
1096
1379
1477
115
707
2335
1230
2721
660
1816
2757
318
1285
1420
2614
1952
2150
1373
806
2275
173
2604
1239
2825
784
2553
2029
192
1917
1503
2779
2867
1092
611
2369
1814
2111
1512
1407
1126
2001
1321
2634
1016
1833
1719
2646
1873
1949
408
900
1233
1626
1939
1256
1767
2199
2194
1263
1204
1642
546
2802
2264
1463
638
2243
1173
2753
1325
1095
1560
455
348
300
1364
2768
2777
1529
903
791
132
1722
2251
2286
1520
96
496
429
1135
1093
1901
2182
1732
1323
2454
1879
1010
510
1490
2855
2841
2807
676
185
1705
2688
1412
2356
774
765
275
2187
135
2830
2661
2434
2059
1535
413
2617
975
901
1664
2835
2572
1411
257
2073
181
2755
2939
583
1349
2560
706
366
618
1749
1250
1222
238
535
1195
594
2531
2192
2281
2432
1815
2590
2396
261
1402
276
1124
1167
1611
1012
501
1049
2496
1458
2900
1187
1479
81
1943
2804
1537
692
657
795
11
1023
1783
1526
1094
2103
1444
2353
1054
2026
1066
1585
2679
103
2824
2226
1329
404
1348
1377
391
2493
2278
1492
514
2484
1992
220
1790
2014
2315
2606
1787
942
1539
1500
2620
957
1986
470
722
773
1708
582
21
77
811
313
10
2624
2724
778
1699
1844
909
383
1750
1194
2869
2175
506
797
2514
196
666
823
2044
2732
1776
2908
176
116
2379
156
34
1802
1902
1718
2035
2223
1041
2926
927
1900
2875
207
1630
759
1576
2481
70
1780
1342
1279
2120
1556
2072
253
936
965
2731
1595
2898
302
2640
1765
2703
1100
2294
1428
441
967
1276
1927
2781
1760
1567
2527
556
2215
1733
1091
2007
239
2638
902
524
1717
1640
245
141
2475
50
1358
1099
114
1751
2767
962
113
2822
1266
1394
18
1313
2168
1400
1452
1969
593
1791
810
951
358
2106
334
2863
153
147
690
1972
2896
2009
222
2671
886
1138
2336
473
2578
1462
1804
248
1362
615
2579
97
1189
2749
564
1085
1748
2773
212
226
879
107
57
1868
2445
111
2424
2389
2221
2242
663
2524
335
2179
1582
915
2674
2325
871
1746
2554
2344
61
2083
662
2907
1647
1193
2171
2598
2122
1517
2148
1985
1150
2163
2764
2303
2750
2564
1255
2436
229
648
382
943
2866
614
2664
2069
1821
2277
2588
2840
1960
149
2101
2198
1794
1937
2504
1958
1812
916
926
1175
1005
484
410
2552
777
327
2692
934
1693
2490
2641
2915
2507
1616
2895
2793
1174
2080
1136
2847
1055
2459
1128
55
1801
875
960
1225
2145
729
735
2931
2317
2283
1953
2672
2795
2274
2081
1513
1688
431
2216
1981
453
827
109
1176
2041
2851
2340
1035
2077
887
2414
1995
1162
1962
2733
1637
1445
1301
252
1916
1715
1232
1448
2050
1509
1287
1281
1434
820
2299
2381
753
435
2345
661
715
602
1525
436
251
2694
905
29
2859
1623
2100
2827
1360
762
2104
446
1569
2205
2501
2831
1075
1024
1518
1684
2254
1997
596
1501
532
340
492
2727
984
311
2174
1314
1545
1971
2836
323
2708
206
2282
1300
1238
162
841
1468
1406
475
1757
2054
2402
2816
1288
1391
2735
1747
2690
2015
2047
2917
1883
154
2458
1859
2470
1882
747
2846
2667
1202
2775
1465
2812
1674
931
1184
138
157
2133
249
1667
447
504
2710
301
1491
2108
1580
1764
694
200
686
2304
2559
1208
1676
2332
891
497
2809
2045
1834
513
2718
190
1029
2702
2747
1166
1217
1936
124
356
739
1866
607
2241
977
542
2451
574
56
1481
1027
364
2636
1847
1573
1533
54
344
466
1318
1322
2499
485
1827
2829
2430
498
491
461
845
847
1842
2217
71
2506
284
732
2125
2261
379
1620
830
105
3
2494
1789
1499
652
2848
573
234
1740
2655
1653
2936
1355
317
1039
1311
2186
2463
2740
2395
981
433
39
2010
1043
2086
47
2374
1105
559
1813
272
2515
240
929
1574
1102
1657
2684
1042
2092
1954
932
1562
890
432
970
2214
2293
2124
576
1881
1756
2268
1472
1644
1659
2213
1264
1416
1855
979
1372
2737
736
789
2319
2419
2450
1227
1302
2632
1234
994
260
1050
2087
434
1032
892
1966
2844
2736
1861
2418
1370
2467
2071
2561
1940
288
1603
876
2611
2717
954
1215
560
1083
1963
792
2601
159
2644
2025
2513
359
423
1401
897
1577
575
1837
2420
1261
2612
832
369
2769
966
346
1613
1046
883
2714
394
430
1282
2881
1822
2027
1122
66
748
2390
2629
986
598
1214
2290
373
1832
1976
730
2789
2754
1424
2811
307
2876
499
33
2011
2209
1884
2048
896
2155
728
1
1111
645
1466
1782
1431
2031
2538
1793
2000
2685
1381
2502
2265
2426
4
468
2665
104
1303
948
161
362
1341
1959
1484
1695
2826
983
910
2853
2738
2409
752
1581
1357
836
1919
330
1257
1950
2800
1775
2017
1158
1442
849
411
1510
2263
1115
1019
1646
1159
1536
2533
2906
2296
2033
572
2085
1327
1773
869
500
2719
872
2190
2333
2307
2517
1668
1887
2193
389
1003
407
1862
1296
51
2796
1247
2751
571
1218
1563
256
531
1129
53
308
1199
2923
2744
1157
2465
2159
2805
1262
1209
246
2772
2115
1692
1371
726
2110
2105
1994
186
2810
536
1778
63
1393
377
1643
1858
1723
1811
2602
140
427
2480
570
937
920
982
1430
201
1515
1413
1639
1245
964
1706
2813
745
52
30
2922
1345
1062
854
1117
370
2897
592
354
2673
2839
1808
1889
2376
2371
299
1482
1178
242
1915
1819
2309
1030
2558
1530
945
851
2060
1347
2292
734
2377
2129
1421
306
2858
581
1291
177
2427
2339
919
1874
761
980
1777
2904
2397
637
2301
1886
2229
2287
1738
2575
1338
1165
2870
2407
2262
2934
2905
520
1334
2437
863
1197
2525
361
2444
139
834
2350
1181
2406
1340
1298
640
1888
2074
768
756
2422
1673
1890
2096
295
117
1527
2885
1685
541
145
1779
2466
2472
738
1366
866
2068
675
812
2084
1910
150
1278
1242
270
286
1633
2919
469
2063
279
2272
612
1605
112
2600
15
2511
343
1505
19
1948
1415
821
0
1745
1335
1907
525
49
1645
2821
2224
1869
2545
1243
1425
126
2489
584
1121
442
235
1112
678
1496
1164
2032
516
2210
802
397
2455
2583
1147
1941
1464
928
1241
2543
2471
76
2628
2541
2704
1053
2756
914
255
850
1938
2203
1457
2845
1405
266
1437
939
767
2147
479
2535
1820
2542
786
2417
259
1108
2706
163
40
608
1841
2652
2808
721
2508
1542
873
12
1306
2666
2618
1672
2669
2161
2004
799
95
1614
1326
487
2657
2438
189
2771
1028
1292
2114
205
2505
2921
2370
1825
278
2874
2630
2411
794
697
1051
315
2512
2135
2302
1017
2770
1899
134
2476
907
223
2626
187
2884
793
1920
2313
2790
818
1144
7
1383
1223
639
23
1534
2391
1409
1145
2428
415
1964
268
1785
1621
503
241
2928
1290
1133
655
2539
2188
2220
1110
766
462
990
1015
2306
578
459
2248
805
1427
2008
151
1575
1743
2321
2729
2569
290
2082
2136
1604
2236
1249
367
538
2126
2695
2902
387
1389
1149
2899
1336
1146
1838
2760
1629
405
511
1410
1177
635
1671
393
1878
1455
2415
5
1485
1399
1007
1006
1654
1860
654
482
2742
488
2668
78
1867
152
959
2734
87
2002
647
545
449
2891
2018
17
539
439
2364
1441
940
2443
2761
2446
1180
554
1951
2023
1312
25
2338
456
1114
2117
949
1398
1892
2405
1009
2064
1277
2582
1253
842
1617
1459
1060
1436
740
616
1593
1319
1914
2204
681
1350
1109
2828

