2306
2912
2031
1310
1753
766
961
54
1527
15
884
2793
978
157
381
141
1613
1189
776
2302
2053
342
1200
2406
209
265
2377
354
2529
2737
1605
1637
1434
1903
693
1476
480
279
1782
1536
2525
483
1491
1641
443
770
2416
2728
1341
219
793
2197
1847
964
802
197
2383
2175
2190
558
2258
2136
2091
222
173
2317
2716
2676
2610
2596
1779
1873
976
2805
2187
2124
1436
555
1051
2501
1602
1001
2392
2234
862
2842
904
971
720
515
2316
2790
1484
2476
405
1327
1863
923
1657
2843
711
294
1596
1349
2906
837
967
580
873
2712
952
333
1425
90
823
296
897
1238
2185
2808
107
807
822
2940
2012
449
641
225
2919
1489
1373
951
521
1266
1103
2450
2611
646
2172
1413
2489
2353
1853
2120
330
2438
70
1322
1037
2371
1604
1394
1842
2168
1616
123
787
130
2612
505
329
2308
2558
2826
1751
1507
1814
2458
232
1497
2220
1703
1691
336
576
2567
1457
223
2666
2233
2331
2585
2270
2287
2815
668
1218
273
287
2736
2522
925
2466
858
594
1925
532
1574
611
549
2533
608
1915
603
1875
970
1101
37
1076
2099
2903
1274
742
1627
2549
785
820
413
401
470
561
1652
114
224
2183
2845
66
977
841
1986
2429
1991
276
979
2604
748
529
68
2569
2781
301
722
1415
2503
111
2421
1938
243
2296
1479
2741
2151
2243
2893
252
1621
1696
257
944
907
703
750
2746
2388
1104
1698
1145
1348
1673
2301
3
2223
1939
648
1763
1544
327
387
628
2152
2050
2614
2881
2386
385
2787
1232
1550
2516
367
2839
1141
557
2659
238
79
528
1818
1865
2631
1485
2181
673
9
1823
669
1553
391
1643
356
2695
2396
1005
1191
919
847
2048
2652
411
688
1922
859
297
2439
61
1966
2878
2131
403
1854
607
1914
1994
433
2224
2550
7
667
962
2738
2879
1402
956
2145
2915
34
2426
2860
2242
1951
1470
2618
878
2021
1456
2464
2111
1813
553
370
1155
2076
921
467
2195
489
2061
1439
1961
2422
2453
910
2588
2907
97
339
1551
811
2340
1298
2
2003
2727
2460
723
2933
1174
1721
1820
380
159
1074
691
1709
2419
665
1395
2385
2432
809
466
46
2137
1701
538
2356
2916
368
1511
1148
905
568
2926
559
1011
86
205
2670
13
1039
630
271
506
99
2565
1764
2725
877
2538
1607
886
63
455
534
1647
2293
439
1033
524
1300
1294
1821
701
869
2263
445
1038
1578
985
76
1892
2868
2194
1710
404
1196
1293
1422
651
168
870
1949
1747
2237
2835
207
496
647
1738
2641
1410
1359
389
1396
1198
963
1962
2277
2135
2584
755
226
1199
1505
154
2663
2855
2407
2540
819
782
2023
874
417
2300
372
2101
2266
2620
757
1248
1871
2874
758
85
2245
1948
1898
1935
478
2428
427
2807
1043
361
2073
1111
1724
322
2675
729
1590
1589
2506
1411
747
1967
2084
2871
2880
2560
865
1036
2026
2058
2290
2329
2795
2119
147
700
1073
1017
1262
2378
1983
2820
2134
689
2430
569
1774
1560
482
831
764
2104
1950
2085
1377
1530
2624
1208
2314
175
983
2936
1059
2366
2189
1022
2599
50
1026
1580
511
2342
706
215
1445
1161
291
1601
1301
2311
2051
1131
227
0
2702
16
14
1277
1010
2147
520
746
980
2577
2920
1433
2661
2062
28
1993
2748
966
409
2376
788
657
2687
35
1459
40
1250
2563
1127
1729
1864
2423
2369
2493
1883
1975
1573
1244
2895
2198
707
1225
1136
384
883
415
659
2673
2415
790
228
2304
1851
1229
1137
29
1388
1219
2743
317
163
2431
42
501
2622
695
2000
942
2803
1754
839
593
705
491
406
638
1140
2680
32
2373
1440
938
849
2765
104
295
1206
1069
1066
2273
62
565
2461
1985
2344
631
2548
192
2148
2633
909
2133
1130
2226
303
702
1526
2024
2581
517
1609
2692
1806
1828
890
1913
1282
2595
355
1760
458
281
2514
1655
2158
414
1648
146
2708
2723
453
1333
1488
2129
625
1733
2857
2160
2749
1108
1061
2651
1843
1612
153
1918
1880
2570
2908
352
1718
2508
2271
2897
304
642
1929
2424
1671
1840
2884
1070
636
1675
1193
1330
2186
1799
564
2715
1263
2899
1982
331
262
2524
2238
2698
357
622
1956
965
2337
2534
1594
1247
2554
1620
1464
2769
974
1750
1639
2526
1215
1181
1519
1165
474
1715
1711
313
1023
1443
2249
2473
1466
2705
799
2578
2227
1837
1797
2482
2894
852
1380
1259
1615
960
2766
692
2706
382
2527
1025
2886
2321
696
1113
2838
1988
2898
1586
1040
1053
1790
1679
2246
1664
899
430
773
51
55
234
1347
2455
1269
2848
486
1498
2632
2536
422
324
751
1227
1568
1270
1034
1815
1762
1135
447
88
1493
1387
2365
955
101
160
199
1831
2882
712
2333
815
2606
1785
2414
1480
348
1261
632
932
2629
1286
2105
1326
1356
801
2341
2252
2215
1392
2775
1046
2162
586
282
525
1173
2283
2192
2796
1472
992
2161
1654
2869
266
2184
975
1887
1523
1028
875
394
2591
2733
1928
2551
27
1539
1416
1981
148
2694
124
1878
1171
2778
1222
2020
2505
492
768
1461
2032
1535
1610
2586
1977
2202
2399
893
543
1653
17
253
30
1307
2078
676
2095
798
2598
1044
2496
1050
2446
2040
1500
233
2457
1920
1725
2686
2382
2923
2488
1901
1773
832
2240
1889
2209
2481
2286
2075
536
2784
1659
2767
1727
2059
949
2346
1752
2890
2816
1521
2343
894
1150
1063
789
386
316
2485
2832
2696
626
1242
122
697
1187
662
737
613
2502
1139
718
915
1694
1004
512
2472
571
1619
2213
1972
2092
2165
323
2510
1720
1532
1
806
1429
2029
369
2292
1885
997
891
1784
2621
2929
2278
533
1287
654
957
658
686
2080
1195
2607
359
595
1558
1467
1366
2345
1160
2495
1904
2169
655
1110
716
2358
2904
1973
1508
1556
2658
2668
769
1618
2268
784
730
864
880
1280
189
1133
2922
1970
2285
1623
77
2036
972
1911
366
2756
1600
156
572
2267
432
2655
818
1335
2709
597
2280
2717
53
2179
1912
2069
293
1019
1731
1622
763
95
2500
814
1807
1170
2913
2665
1827
473
1587
1859
881
2854
600
182
827
601
1930
1921
345
2643
1702
2159
2079
843
1378
195
1389
1381
1695
320
1888
2305
1465
1204
2203
2644
2755
2082
994
2873
451
2714
1743
1870
2648
710
2730
765
2153
1182
685
1297
2859
468
2126
922
835
2902
821
1955
1534
678
2800
531
1385
2381
1998
1874
617
2400
1845
1884
1866
704
2063
1658
2244
2144
165
1758
2678
1514
1372
57
1787
927
2451
575
2875
174
2818
2724
1115
2089
682
1258
1449
286
2110
1008
465
1581
643
2055
1084
1490
1624
2001
1090
756
248
1663
418
901
288
1319
1324
1735
2674
1478
1974
1462
2713
2597
2374
218
221
995
1592
853
1687
2083
1755
1285
2123
1048
2319
2094
1824
775
2847
1190
2171
2117
91
1177
2380
299
220
1858
1412
1228
1233
2140
305
1126
1976
2014
2349
810
59
1487
2579
203
269
110
879
100
1072
2799
519
1355
1995
690
2004
876
1064
2690
2309
2672
2066
687
1267
185
834
588
1960
1016
278
2628
1217
2141
2471
2030
344
2722
1221
817
1802
1311
585
1042
2792
438
64
250
1893
2791
1398
270
612
1241
1585
1638
187
2872
2097
290
1593
80
400
1767
2688
450
726
2289
2325
969
2182
2264
1453
1444
346
2018
469
2863
1075
410
916
1362
2556
343
2774
2462
1953
1194
112
1045
1350
2081
551
1839
2557
2697
1886
1997
1029
1954
2262
272
652
623
1365
176
1979
1290
1716
1506
627
2685
2112
2846
1968
2354
804
1554
2486
566
1803
2852
1358
2034
78
2804
526
621
540
1761
2156
487
989
1302
8
2408
1437
1640
2060
2401
1584
1156
986
2645
2491
2813
2315
1900
2934
2478
210
1118
1105
1563
2849
1877
306
41
599
2783
429
527
1339
1404
2351
2504
2833
2779
2387
2856
1452
1128
1471
2619
589
408
2573
2218
71
2669
1192
444
284
2347
1629
1746
365
1405
1089
1099
395
736
1447
1817
753
1013
2768
1591
1844
1245
1306
2901
2850
1984
2361
1899
1518
211
1351
1537
1009
1260
1809
2269
23
2178
6
2398
2299
1846
256
2038
2212
1791
435
911
732
1670
2747
166
2470
1223
2274
1163
2200
375
1079
1179
2441
2154
477
2228
1220
1850
2176
1947
1281
2282
2921
2802
2917
2542
1857
1361
2777
1328
1091
2445
2834
337
796
1628
2780
1546
472
92
783
2638
18
1426
1338
2559
1690
129
1153
2744
1382
240
2260
75
2413
2679
1686
1352
2523
2682
1336
1027
1157
2173
208
399
674
1291
1469
2615
2463
959
1852
2037
1902
251
660
826
1835
670
2239
1540
245
2294
1635
310
2310
364
761
1255
2864
2492
947
684
2530
1305
214
1289
2132
2022
1645
2174
1414
1908
779
1420
1318
1460
1656
772
2046
149
402
1597
1458
2039
328
1492
2163
1512
1292
1421
2812
82
2155
2180
2068
1700
1909
1810
754
1528
1432
2600
926
460
1933
164
2225
1401
803
2764
1468
180
2885
186
2539
2825
2507
1987
277
1368
1424
1708
1494
1417
680
1499
1805
457
2318
1315
2647
425
2639
1712
1024
139
132
542
2637
2284
2368
523
131
2822
888
461
2041
1867
1614
485
694
2437
1454
1399
204
582
136
1371
1031
72
1483
906
1570
2518
1030
127
2703
2547
2617
924
1522
39
1273
1524
1963
2207
2758
2627
2519
169
1018
1438
998
1166
454
235
2206
1737
2352
1749
2367
1860
2603
950
2772
2528
244
2231
940
22
541
2801
2711
2753
2297
604
1804
1932
808
1448
1006
513
867
1086
2477
930
431
1772
936
2684
441
2047
2065
311
1923
1296
2468
325
2348
2103
2719
739
2601
373
602
2571
2056
1599
1651
2372
1868
2384
1722
868
1744
2015
653
2649
2247
1684
1239
1060
437
650
1819
618
981
734
1559
1569
2100
1958
335
2312
666
1502
1357
1525
2420
421
573
188
656
1992
1662
1236
2931
155
1588
973
2646
1164
1386
752
2575
2660
825
1999
1083
1369
1212
423
249
1283
2257
1771
340
2517
2412
1547
2544
2760
1501
1783
1168
1419
1256
2442
2149
1275
1112
857
1706
1316
1943
1736
145
1611
255
2208
2543
2844
1957
2521
448
2914
120
351
217
1423
264
1431
307
2254
2028
36
2851
1178
20
2248
1117
1185
2291
1678
1964
1428
113
2045
1383
2788
1123
2689
1093
1513
374
708
898
1231
2167
2427
1288
2214
1180
721
2707
2824
2671
1119
2865
937
2199
2572
1184
1509
1668
497
2324
1881
126
1682
2757
121
1183
1927
2821
2513
605
591
2564
2339
1680
1816
996
1254
419
1849
213
1936
596
792
183
2279
2114
2677
2130
2465
1882
2127
948
848
1237
1257
914
504
812
2108
371
1598
2229
844
633
1252
495
1692
2253
1400
2241
887
988
836
2761
98
2363
459
1719
1122
456
161
2070
1095
241
984
1162
1320
1078
833
2411
67
2216
1264
2191
863
312
2281
2720
2616
727
151
1354
2402
1188
614
300
2275
2013
882
490
2786
2887
2255
1106
10
539
1937
709
943
201
1314
216
424
21
774
1441
578
1003
2710
2375
2435
581
2650
1770
1481
1832
1856
2498
1376
1552
587
675
1644
2520
1304
89
2699
554
285
1543
1125
1838
552
1689
2515
315
479
2335
1941
1683
620
2582
1869
379
2109
171
1742
383
2911
1557
1197
1240
184
1548
2128
2350
2054
2941
105
1114
2823
1565
639
2479
1100
2449
945
239
1049
1734
360
2336
510
1603
547
1408
1768
236
52
1917
514
2138
563
1203
1713
2938
1475
2177
2762
1739
1102
1730
1149
2662
2701
635
308
1167
1056
2425
1071
503
2395
1340
2566
1561
1138
2188
982
1353
1945
428
140
2093
471
1905
103
2288
2626
318
2025
353
991
2541
109
2417
1374
1826
178
1906
1337
845
2683
794
1226
1515
629
855
2410
1910
902
446
81
2763
2924
1786
1143
2927
1134
743
338
1299
719
1015
475
1120
1926
954
1801
2562
38
2077
1996
1312
1649
840
2143
1201
885
1896
493
1642
2019
2853
2433
1861
1788
933
1714
1367
2836
681
2900
778
1980
2379
791
1704
2397
2797
1666
1848
1625
744
2759
2623
2115
1418
193
1308
2118
917
94
522
1020
741
2490
135
202
1808
1393
196
939
2782
2261
2811
2205
2235
1538
362
735
2043
1707
1617
1175
1021
1271
1062
152
2841
2667
1520
2211
2594
1510
2511
1872
2877
1759
349
640
1583
1672
861
2210
2033
548
2403
624
2664
1792
2391
958
83
1216
191
2204
229
1276
494
968
1545
268
649
390
1661
1210
2362
918
1931
2809
1246
2810
2590
797
341
142
1207
1435
2102
481
60
634
2090
2332
2113
1295
2298
2754
507
1486
562
2656
2630
1833
2328
2405
767
1154
259
715
1303
1213
11
931
993
44
2483
854
2883
2409
1595
2602
463
1576
2776
2576
2448
1473
2888
116
263
2867
128
275
2107
762
2121
1660
1769
319
1862
1741
1384
2323
2896
740
2814
1990
2537
2827
1379
824
2752
2770
2049
2072
728
26
679
1087
1795
1634
903
1697
1323
1876
2861
2634
1636
1577
190
2828
2789
2858
242
363
1342
106
1035
407
851
58
637
2475
2935
334
2307
1012
2071
2910
2892
1567
2436
777
326
1054
1151
661
2553
440
1455
2729
583
464
781
2909
1284
1952
1971
590
1159
289
1243
377
920
2739
2837
1397
170
683
2272
830
866
1235
2840
2052
2745
1496
1132
934
260
2326
19
570
484
2007
828
499
1907
1116
1571
574
556
1693
1897
567
274
1121
745
1705
2532
1836
1482
500
1265
2817
420
1007
350
1334
1669
2057
2561
1894
698
2905
283
1775
1895
2546
619
1403
65
928
1107
1313
1765
1055
2452
1646
1176
1631
2589
2276
2418
645
2937
376
2404
1343
347
838
1778
2364
498
1098
908
1109
2201
1360
2086
1364
2732
545
115
842
2327
850
321
913
1088
2939
247
1699
1934
1058
1841
2390
2785
1606
1781
1582
1331
2454
378
162
900
2125
33
1169
2096
179
393
2474
2593
2494
1234
1186
2870
2654
2006
2819
2222
829
2721
2531
2042
2456
664
2259
530
2334
516
2164
1391
1575
1793
579
1685
871
2005
1959
1000
237
738
1446
584
2389
416
1822
1800
2740
31
1041
309
1325
332
663
1474
1205
2731
800
2035
230
2580
426
261
1794
2773
2230
1152
2313
2609
1946
43
518
1065
725
2444
2552
2011
1047
2017
45
1495
1812
1756
1674
816
2497
138
2512
1211
1564
2447
2170
96
436
2193
749
610
1940
1572
302
1230
1142
137
1082
1002
606
598
212
12
1608
1224
198
1329
2509
117
2704
1726
1147
2499
1317
2010
577
592
502
2742
2320
1924
2918
759
813
1068
412
358
1757
2434
2681
1077
1541
760
254
946
1579
1829
1688
2360
1080
2295
1919
990
4
1632
74
1279
1555
714
550
1014
2370
397
1789
1667
102
2625
1748
1268
1363
537
2016
2891
872
125
677
2932
2605
1503
25
1665
69
177
724
1681
1092
929
846
1566
1278
47
24
535
999
2064
1321
1542
2487
2459
2467
2751
780
1067
181
2928
2256
1944
1345
1375
2484
200
134
2074
2355
1676
2535
2613
2219
1214
1442
1504
953
2009
143
167
1430
1463
1562
1451
292
1124
1855
398
895
2393
1732
546
2829
2545
1370
2265
150
2930
2657
733
314
644
2044
889
2394
2443
2635
2866
2480
2002
1916
2640
144
1272
1249
2691
731
2067
771
231
2608
1531
1052
2139
1989
2088
476
1879
2750
1650
93
892
2726
1978
2889
2166
108
1633
1965
2555
119
2735
717
2876
1717
2236
1085
1158
1529
1406
2734
2142
1477
194
2098
1825
1728
1094
2330
1834
2718
2087
1745
2157
896
267
48
1776
2357
2587
1251
1533
616
1796
442
1798
396
87
1309
1830
158
2700
912
1057
2122
2583
1942
1209
1740
805
1346
1146
1630
1723
1344
452
987
49
1097
1081
388
2217
1172
509
508
671
1780
392
434
860
2830
560
2232
1969
2221
2806
1517
1409
2196
2251
258
1032
2794
2027
1626
462
544
488
2693
1202
2008
2642
2338
2771
118
2636
786
2592
2568
1407
2862
246
2146
172
672
2925
56
941
280
1390
856
1450
2653
298
2798
1129
2106
1891
2150
795
1144
2116
84
1777
699
5
2250
1811
73
2322
1516
2440
1549
1766
1096
2359
2469
935
609
2303
133
1332
1677
1427
1253
2574
2831
713
206
1890
615

