1 0
2 1
3 0
4 1
5 1
6 1
7 1
8 0
9 1
10 1
11 1
12 1
13 1
14 0
15 0
16 0
17 0
18 0
19 1
20 1
21 0
22 0
23 0
24 1
25 1
26 0
27 0
28 0
29 1
30 1
31 1
32 0
33 1
34 0
35 1
36 0
37 0
38 0
39 0
40 1
41 1
42 1
43 0
44 0
45 0
46 1
47 0
48 1
49 1
50 0
51 1
52 0
53 0
54 1
55 1
56 0
57 0
58 1
59 0
60 0
61 0
62 0
63 1
64 0
65 0
66 0
67 1
68 0
69 0
70 1
71 0
72 0
73 1
74 1
75 0
76 0
77 1
78 0
79 1
80 1
81 0
82 1
83 0
84 0
85 1
86 0
87 0
88 1
89 1
90 1
91 0
92 1
93 1
94 1
95 1
96 1
97 0
98 1
99 0
100 1
101 1
102 1
103 0
104 1
105 0
106 1
107 0
108 0
109 1
110 1
111 0
112 1
113 1
114 1
115 1
116 1
117 1
118 1
119 1
120 1
121 0
122 1
123 0
124 0
125 0
126 0
127 1
128 1
129 1
130 0
131 1
132 1
133 0
134 1
135 0
136 1
137 1
138 0
139 0
140 1
141 1
142 1
143 0
144 1
145 1
146 1
147 1
148 0
149 1
150 0
151 0
152 1
153 0
154 1
155 0
156 0
157 1
158 0
159 1
160 0
161 1
162 0
163 1
164 1
165 1
166 1
167 0
168 0
169 1
170 0
171 0
172 0
173 0
174 1
175 1
176 1
177 0
178 1
179 1
180 1
181 1
182 0
183 1
184 1
185 1
186 1
187 1
188 0
189 1
190 1
191 0
192 0
193 1
194 1
195 1
196 0
197 1
198 0
199 0
200 0
201 0
202 1
203 0
204 1
205 0
206 1
207 1
208 0
209 1
210 0
211 0
212 0
213 1
214 0
215 1
216 1
217 0
218 0
219 1
220 0
221 0
222 1
223 1
224 0
225 0
226 1
227 1
228 0
229 1
230 0
231 1
232 0
233 0
234 1
235 1
236 1
237 1
238 0
239 1
240 0
241 1
242 0
243 0
244 1
245 1
246 0
247 0
248 1
249 1
250 0
251 0
252 0
253 1
254 1
255 1
256 0
257 0
258 0
259 1
260 1
261 0
262 1
263 0
264 1
265 1
266 0
267 1
268 1
269 0
270 1
271 0
272 0
273 0
274 0
275 0
276 1
277 1
278 0
279 0
280 0
281 0
282 1
283 0
284 1
285 0
286 1
287 1
288 1
289 1
290 0
291 1
292 1
293 1
294 1
295 0
296 0
297 1
298 0
299 0
