1 0
2 1
3 0
4 0
5 0
6 0
7 0
8 1
9 1
10 0
11 0
12 0
13 0
14 0
15 0
16 1
17 0
18 1
19 1
20 0
21 1
22 0
23 1
24 0
25 0
26 0
27 0
28 0
29 1
30 0
31 0
32 1
33 1
34 1
35 0
36 0
37 1
38 1
39 0
40 1
41 1
42 1
43 1
44 0
45 0
46 1
47 1
48 0
49 1
50 0
51 1
52 0
53 0
54 0
55 0
56 0
57 0
58 0
59 0
60 1
61 1
62 0
63 1
64 0
65 1
66 0
67 1
68 1
69 1
70 0
71 1
72 1
73 0
74 0
75 1
76 1
77 1
78 1
79 0
80 1
81 0
82 1
83 0
84 0
85 0
86 0
87 1
88 0
89 0
90 0
91 1
92 0
93 0
94 0
95 0
96 1
97 1
98 1
99 0
100 0
101 1
102 0
103 0
104 1
105 1
106 0
107 0
108 0
109 0
110 1
111 0
112 1
113 1
114 1
115 1
116 0
117 0
118 0
119 1
120 0
121 0
122 1
123 1
124 0
125 0
126 1
127 1
128 0
129 0
130 1
131 0
132 0
133 1
134 0
135 0
136 0
137 1
138 1
139 0
140 0
141 1
142 1
143 1
144 1
145 1
146 0
147 0
148 0
149 0
150 1
151 1
152 1
153 0
154 1
155 0
156 0
157 0
158 0
159 0
160 0
161 0
162 0
163 0
164 0
165 1
166 0
167 0
168 0
169 1
170 1
171 0
172 1
173 0
174 0
175 1
176 1
177 1
178 0
179 1
180 0
181 1
182 1
183 0
184 0
185 1
186 0
187 0
188 1
189 0
190 1
191 1
192 1
193 0
194 0
195 1
196 1
197 1
198 0
199 0
200 1
201 0
202 1
203 0
204 0
205 0
206 1
207 1
208 1
209 1
210 1
211 0
212 0
213 0
214 1
215 0
216 0
217 0
218 0
219 1
220 1
221 0
222 1
223 0
224 0
225 1
226 1
227 0
228 0
229 1
230 0
231 0
232 0
233 0
234 1
235 0
236 1
237 0
238 0
239 1
240 0
241 1
242 0
243 1
244 1
245 1
246 1
247 0
248 1
249 1
250 0
251 0
252 0
253 0
254 0
255 0
256 0
257 1
258 0
259 1
260 1
261 0
262 0
263 1
264 1
265 0
266 1
267 1
268 1
269 1
270 1
271 0
272 1
273 1
274 1
275 1
276 1
277 0
278 0
279 0
280 0
281 1
282 1
283 1
284 0
285 1
286 0
287 0
288 0
289 1
290 1
291 1
292 0
293 1
294 1
295 0
296 0
297 0
298 1
299 0
300 0
301 0
302 1
303 0
304 1
305 1
306 0
307 0
308 1
309 0
310 0
311 1
312 0
313 0
314 1
315 0
316 0
317 0
318 0
319 1
320 0
321 0
322 0
323 1
324 0
325 0
326 0
327 0
328 0
329 1
330 0
331 0
332 1
333 1
334 0
335 0
336 0
337 1
338 0
339 0
340 0
341 0
342 1
343 0
344 1
345 0
346 0
347 0
348 1
349 1
350 1
351 0
352 1
353 1
354 1
355 0
356 0
357 1
358 1
359 0
360 0
361 1
362 0
363 1
364 0
365 0
366 1
367 0
368 0
369 1
370 0
371 1
372 1
373 0
374 1
375 0
376 0
377 0
378 1
379 1
380 0
381 0
382 1
383 0
384 0
385 0
386 0
387 0
388 0
389 0
390 0
391 1
392 1
393 0
394 0
395 0
396 1
397 1
398 0
399 1
400 0
401 0
402 1
403 1
404 1
405 0
406 1
407 0
408 0
409 1
410 0
411 1
412 0
413 0
414 1
415 1
416 0
417 1
418 1
419 0
420 1
421 1
422 1
423 0
424 1
425 0
426 0
427 0
428 0
429 0
430 1
431 0
432 0
433 0
434 0
435 1
436 0
437 0
438 1
439 0
440 0
441 1
442 1
443 0
444 1
445 1
446 1
447 0
448 1
449 0
450 1
451 1
452 0
453 1
454 1
455 1
456 1
457 0
458 0
459 1
460 0
461 0
462 0
463 0
464 0
465 0
466 1
467 0
468 0
469 0
470 1
471 1
472 0
473 1
474 1
475 0
476 0
477 0
478 1
479 1
480 1
481 0
482 1
483 1
484 0
485 1
486 0
487 1
488 1
489 1
490 0
491 0
492 0
493 1
494 1
495 0
496 1
497 0
498 1
499 1
500 1
501 1
502 1
503 1
504 0
505 1
506 0
507 1
508 0
509 0
510 1
511 0
512 1
513 0
514 0
515 1
516 0
517 1
518 0
519 1
520 1
521 0
522 1
523 1
524 1
525 0
526 1
527 1
528 1
529 0
530 0
531 1
532 1
533 1
534 0
535 1
536 0
537 1
538 1
539 0
540 0
541 1
542 0
543 1
544 1
545 1
546 0
547 0
548 1
549 0
550 1
551 1
552 0
553 1
554 1
555 1
556 1
557 0
558 0
559 0
560 0
561 0
562 1
563 0
564 0
565 0
566 1
567 0
568 1
569 1
570 0
571 1
572 0
573 1
574 0
575 1
576 1
577 1
578 1
579 0
580 0
581 0
582 0
583 0
584 0
585 1
586 0
587 1
588 1
589 0
590 1
591 0
592 0
593 0
594 1
595 0
596 1
597 1
598 1
599 1
600 0
601 0
602 1
603 1
604 0
605 1
606 1
607 0
608 0
609 1
610 0
611 1
612 1
613 1
614 0
615 0
616 1
617 1
618 0
619 1
620 1
621 1
622 0
623 0
624 0
625 0
626 1
627 1
628 0
629 0
630 1
631 0
632 0
633 1
634 0
635 0
636 1
637 0
638 1
639 0
640 1
641 0
642 0
643 0
644 1
645 1
646 0
647 0
648 0
649 1
650 0
651 1
652 0
653 0
654 1
655 0
656 0
657 0
658 0
659 0
660 0
661 0
662 0
663 0
664 1
665 0
666 1
667 0
668 0
669 0
670 0
671 0
672 0
673 1
674 0
675 1
676 0
677 0
678 0
679 0
680 0
681 1
682 1
683 1
684 1
685 1
686 0
687 1
688 0
689 0
690 1
691 0
692 0
693 0
694 1
695 1
696 1
697 1
698 0
699 0
700 0
701 1
702 0
703 0
704 0
705 0
706 1
707 0
708 0
709 0
710 0
711 0
712 1
713 0
714 0
715 0
716 0
717 0
718 1
719 0
720 0
721 0
722 0
723 0
724 1
725 0
726 0
727 0
728 1
729 0
730 0
731 1
732 0
733 1
734 1
735 0
736 1
737 1
738 0
739 1
740 1
741 0
742 0
743 0
744 1
745 1
746 1
747 1
748 1
749 1
750 1
751 1
752 0
753 1
754 0
755 1
756 1
757 0
758 0
759 0
760 1
761 1
762 0
763 1
764 1
765 0
766 1
767 0
768 0
769 0
770 0
771 0
772 1
773 0
774 1
775 0
776 0
777 0
778 0
779 0
780 0
781 1
782 1
783 1
784 1
785 0
786 1
787 0
788 0
789 0
790 1
791 0
792 1
793 1
794 0
795 0
796 1
797 1
798 0
799 1
800 0
801 1
802 1
803 1
804 0
805 0
806 1
807 1
808 0
809 0
810 0
811 0
812 1
813 0
814 0
815 1
816 0
817 1
818 1
819 1
820 1
821 0
822 1
823 0
824 1
825 0
826 1
827 0
828 0
829 0
830 0
831 1
832 1
833 1
834 0
835 0
836 1
837 0
838 1
839 0
840 1
841 1
842 0
843 0
844 0
845 0
846 0
847 1
848 0
849 1
850 1
851 0
852 0
853 1
854 0
855 1
856 0
857 0
858 0
859 0
860 0
861 1
862 1
863 1
864 0
865 0
866 1
867 1
868 0
869 0
870 0
871 1
872 1
873 0
874 1
875 0
876 0
877 0
878 1
879 1
880 0
881 1
882 0
883 1
884 1
885 1
886 0
887 1
888 1
889 1
890 1
891 1
892 0
893 0
894 0
895 1
896 1
897 0
898 1
899 0
900 1
901 0
902 1
903 0
904 1
905 1
906 0
907 1
908 0
909 0
910 0
911 1
912 0
913 1
914 1
915 1
916 1
917 1
918 0
919 0
920 0
921 1
922 1
923 0
924 0
925 1
926 0
927 0
928 0
929 1
930 1
931 0
932 0
933 0
934 0
935 1
936 1
937 0
938 1
939 0
940 1
941 1
942 1
943 0
944 0
945 0
946 0
947 1
948 1
949 0
950 0
951 1
952 0
953 1
954 0
955 1
956 1
957 1
958 0
959 0
960 0
961 1
962 1
963 0
964 1
965 0
966 0
967 0
968 1
969 1
970 1
971 0
972 0
973 1
974 1
975 1
976 1
977 0
978 1
979 1
980 0
981 1
982 1
983 1
984 0
985 0
986 0
987 1
988 1
989 0
990 1
991 0
992 0
993 1
994 1
995 1
996 0
997 1
998 1
999 0
1000 1
1001 0
1002 0
1003 0
1004 0
1005 0
1006 1
1007 1
1008 1
1009 0
1010 0
1011 0
1012 1
1013 1
1014 1
1015 1
1016 0
1017 1
1018 0
1019 0
1020 1
1021 1
1022 0
1023 0
1024 0
1025 0
1026 1
1027 1
1028 0
1029 0
1030 1
1031 1
1032 1
1033 1
1034 0
1035 0
1036 0
1037 1
1038 1
1039 1
1040 1
1041 0
1042 1
1043 1
1044 0
1045 0
1046 0
1047 1
1048 0
1049 1
1050 1
1051 0
1052 1
1053 1
1054 1
1055 0
1056 0
1057 1
1058 1
1059 0
1060 1
1061 0
1062 1
1063 1
1064 1
1065 0
1066 1
1067 0
1068 0
1069 1
1070 1
1071 0
1072 1
1073 0
1074 0
1075 1
1076 0
1077 1
1078 0
1079 1
1080 1
1081 0
1082 1
1083 0
1084 1
1085 1
1086 0
1087 1
1088 1
1089 0
1090 1
1091 0
1092 1
1093 0
1094 0
1095 1
1096 0
1097 1
1098 1
1099 0
1100 0
1101 0
1102 1
1103 1
1104 0
1105 1
1106 1
1107 0
1108 1
1109 0
1110 1
1111 1
1112 1
1113 0
1114 0
1115 1
1116 0
1117 1
1118 0
1119 1
1120 1
1121 0
1122 1
1123 1
1124 0
1125 1
1126 0
1127 1
1128 0
1129 0
1130 1
1131 0
1132 1
1133 0
1134 0
1135 1
1136 1
1137 0
1138 0
1139 0
1140 0
1141 1
1142 0
1143 0
1144 1
1145 1
1146 0
1147 1
1148 0
1149 1
1150 1
1151 0
1152 0
1153 0
1154 1
1155 1
1156 0
1157 1
1158 0
1159 0
1160 0
1161 1
1162 0
1163 0
1164 1
1165 0
1166 1
1167 1
1168 0
1169 1
1170 1
1171 0
1172 1
1173 0
1174 0
1175 1
1176 1
1177 0
1178 1
1179 0
1180 0
1181 1
1182 1
