190
2698
1350
699
2081
2035
2470
630
2104
2725
1492
749
17
2587
38
2584
644
2077
244
1920
472
1296
2488
1847
1771
1273
150
471
2425
2310
1572
2695
1455
1654
2358
441
2367
807
602
2731
72
374
1193
265
1837
1532
545
206
588
2205
2675
47
2345
2299
278
2746
1093
1990
821
5
2676
2472
813
1233
705
2088
1556
1407
2042
1077
1796
769
687
1883
2204
2771
315
2652
60
776
1166
94
227
1010
1779
1691
450
1183
1617
1225
1022
377
2524
1321
1495
2855
2547
342
2400
1388
54
1842
2631
1311
2689
1655
2059
1027
1961
2907
1434
2337
1682
491
2840
948
1085
553
2476
469
1674
2363
1793
1038
390
787
2066
2086
388
2686
1912
2560
1940
2099
1402
2106
2703
557
359
1067
1768
1305
691
1930
526
2927
1469
260
962
850
2447
2195
1551
1121
338
1453
1186
2531
792
310
2007
2298
370
906
851
1528
1263
1206
2843
947
1611
1363
773
1346
1812
1182
1244
1704
1390
332
538
1438
334
2730
2859
461
825
868
2804
1194
2198
1332
2308
1148
2800
2537
615
2618
1728
2288
1283
2886
1653
1897
2183
129
1751
1133
2344
846
1764
675
1707
1921
1662
525
1562
2683
2819
473
152
1609
305
2629
873
1366
2779
2300
897
32
2539
1738
1799
2510
1458
1521
2529
775
1466
2052
1181
1826
2865
2702
2015
584
2034
1929
728
643
2440
1698
1592
2548
957
1292
1846
1323
662
2116
1563
2334
48
110
2258
2768
124
2515
2438
731
1757
2595
445
653
2744
1485
396
1960
1836
1210
681
1115
1057
771
250
852
2772
1909
2721
1937
1202
2665
1257
2411
138
1690
2696
1493
1506
344
89
704
2362
2932
2402
1284
156
1657
2928
12
2847
1423
2616
1567
1724
192
1892
309
1889
1944
1262
1235
2926
1131
348
1966
436
2851
663
2374
1060
2858
627
2655
1801
282
2113
1665
2710
2632
7
381
2271
764
1405
1483
1421
1201
2564
2290
1887
82
2142
2134
494
572
2105
247
912
879
119
933
1797
479
762
1818
2009
2597
2249
874
914
1788
1725
1702
1629
1369
2844
556
1599
1103
544
1207
2900
2482
2373
1071
623
2112
2894
2167
188
900
1996
283
2387
707
111
862
372
2018
385
1514
2869
1809
2193
2446
1411
186
2723
2449
2253
1344
549
1033
1480
2272
788
2624
379
2426
2583
860
684
2608
1987
2227
1370
2450
391
2302
777
199
1339
1925
668
2223
165
952
1105
2180
1413
258
1577
291
2168
724
1291
1939
685
2037
351
831
796
2439
1951
504
251
1995
2916
439
2044
1954
1584
2185
895
2235
1084
991
2225
1199
468
2170
1512
1646
1422
1165
923
1470
1647
1537
1632
2512
2585
1036
1749
86
1325
2477
837
337
2153
1134
2767
930
2115
1197
87
1894
1621
1853
2279
1688
83
533
2940
2064
257
2638
1569
733
2069
177
422
2684
2354
1590
1259
2307
1776
463
1637
4
1116
300
1083
215
1452
2780
2457
2237
2061
235
1604
2248
664
1834
1444
431
2465
88
2221
834
1385
1072
2808
1805
1331
2386
1124
2611
2863
2480
1496
50
2102
1073
719
207
954
182
1264
1017
1429
429
1733
899
2809
2481
527
2222
249
1442
1699
1009
476
516
1024
2145
573
530
915
1714
876
784
521
1627
886
2903
2282
1217
1908
864
1816
510
2575
2760
2010
1893
286
290
2187
1342
242
2016
327
2209
924
1503
2108
1256
1851
596
970
234
1170
2910
1123
1501
1635
2839
1068
1612
2621
995
2463
1348
23
1253
2107
1472
641
2681
2643
2179
581
1906
1076
791
713
1391
679
1358
931
1967
328
1565
2834
997
176
701
464
926
987
1978
1445
1934
317
1832
2727
591
808
2331
631
2408
960
743
10
382
725
427
233
700
2648
2816
1118
1050
2733
1478
1726
1079
2255
781
2829
252
2211
1586
304
1545
1891
193
660
2551
659
855
586
2199
2325
449
1561
614
2722
835
1078
2860
745
483
2667
106
1661
2691
2073
1795
1384
261
196
639
459
1482
1597
380
944
2468
1529
2599
2233
812
1633
407
1243
107
1349
1838
1328
1174
980
949
601
1923
2261
20
2297
620
1640
2125
490
2523
845
403
2359
927
828
2336
1780
259
1341
115
2748
433
2837
442
1750
622
2513
1089
28
1433
269
314
597
1013
714
230
316
467
2326
1685
2330
1189
1034
735
1856
2904
66
1414
25
2636
1773
1475
1859
1290
1122
2109
621
2845
2815
2053
1924
2092
1619
1610
1286
163
815
612
1625
1708
179
799
1734
255
1984
2257
2371
225
1713
1139
14
40
1861
1261
2901
894
64
2559
2165
564
1474
1059
465
2762
888
1106
1216
313
139
1573
829
2873
24
430
2724
1753
935
1265
397
1441
2040
1643
2431
65
43
2534
853
164
1252
826
2490
2782
2897
2653
58
301
2659
1695
1956
1058
2132
1238
2316
1907
2200
378
1748
610
128
802
975
2609
2360
2543
2526
76
721
1066
2677
2000
2497
41
276
555
1559
2398
875
964
1549
1310
2742
266
1129
1018
1381
240
2588
1974
2623
562
2368
2287
1755
321
598
913
1419
1159
2781
1205
1822
1639
1156
2136
2313
2888
2581
1973
1450
531
2765
2133
723
1634
2119
85
383
2277
2460
532
2525
484
273
1069
554
616
2706
2096
1710
785
809
2516
1948
453
132
2813
605
1224
680
1658
200
1712
2586
2216
2734
1588
822
1983
2020
1300
2656
1991
2881
1732
2295
2219
2389
346
936
1600
1739
940
158
2719
2031
202
946
2158
1041
2162
495
1992
1615
774
2311
2647
1307
1652
2144
1904
243
2050
2569
741
2570
2025
1941
1237
1141
213
2203
2821
1737
2215
1399
1340
364
2831
361
2483
2580
29
275
2424
220
2749
1080
2452
1760
302
475
26
1011
2413
1777
2674
1420
1016
1117
624
804
460
1546
415
297
1267
2071
1606
2776
2673
1641
606
986
2278
1040
1560
766
1280
180
1439
2495
2045
576
2546
1697
2574
929
2874
618
323
748
742
2708
1457
578
2893
2922
2492
1813
1703
2626
2097
671
1489
2378
634
1605
1745
1462
2027
651
2607
2486
2192
77
1228
2098
1511
968
1790
1820
218
950
1095
1498
322
1372
1119
734
1899
1239
883
2500
2430
1616
2356
830
2231
1317
2275
1630
969
626
1544
103
2405
2006
1855
2594
2242
1681
1533
761
909
55
34
296
499
295
2041
2412
2190
2785
168
1053
2240
1447
2432
69
648
920
61
1260
1387
2280
1645
1660
2189
1130
1968
692
2324
566
794
1127
30
1037
891
457
738
1266
1023
466
609
1881
1104
1730
2544
1576
2328
2226
1520
2868
1045
1142
1668
1188
238
2039
2111
2856
1955
1798
1135
162
330
2146
2442
1509
1557
1499
1721
839
1736
2613
939
751
2672
2701
1935
1397
1943
2545
1140
959
1355
2245
288
1872
1109
79
11
528
1012
239
1882
2550
2376
100
2436
509
1515
319
2934
1281
1969
325
1395
2791
1320
1030
2657
841
2268
1624
446
2062
1679
974
543
2938
1219
1180
1234
1589
2350
1932
2163
210
2068
1595
905
972
1766
420
1386
2001
1269
1152
2366
887
2798
96
1359
1289
2262
795
246
1722
1670
307
104
1319
108
1508
2191
2709
1890
2269
1580
204
21
665
1833
333
2338
212
485
400
1667
607
767
1672
1977
517
507
2842
2633
956
1684
2911
1471
280
1852
183
2228
271
329
2361
1107
2176
1075
221
67
2506
1039
2568
1727
580
934
272
2885
1926
2051
2882
2074
1461
1762
93
1362
2818
2766
587
2878
1138
2391
2738
347
2602
456
817
1154
1876
925
1276
2649
1303
1149
144
1274
1871
1158
519
534
308
201
289
2848
2004
1488
1120
1367
726
2929
1700
696
2558
1185
1754
2239
1006
2420
2355
880
2866
568
1781
2627
1958
2032
640
2502
782
2147
1227
1301
130
277
2464
395
902
1091
1808
2645
958
977
2166
126
157
694
2063
1759
697
2773
1097
1096
2693
2232
2690
1518
677
2634
1198
800
1171
45
2353
1758
1151
160
2736
2057
358
1946
2365
1153
376
683
535
1769
1409
1432
2692
2930
1277
1740
1928
248
2197
2530
672
1246
1294
2774
1282
1177
1747
404
1314
1858
2828
589
1172
2093
500
1329
2101
2130
778
756
2887
1278
2084
2536
604
98
2322
575
1543
2267
1854
2428
2433
1287
1715
1065
1231
882
2811
1608
303
2714
2735
1785
2123
928
898
2157
2458
36
1731
174
1824
1547
2511
2451
2036
1155
1400
2208
2318
582
1866
2467
2095
1975
2909
2122
2058
2416
2789
1437
1015
730
1268
1525
2128
2013
1049
2520
941
1396
2499
1607
2079
56
1361
367
2784
2172
386
1677
2188
2658
2186
992
508
173
783
590
1313
57
1880
2286
1223
1230
650
2554
998
2415
505
1126
647
1680
560
2535
937
1209
1304
2936
541
1673
1583
2038
1976
2229
189
2489
1353
2201
53
518
840
2213
1042
693
1626
1696
123
1380
1392
1195
720
1910
932
1534
2669
502
2699
1985
401
2005
1446
617
2801
869
2406
963
603
747
2870
2861
893
1357
1830
654
753
1663
2617
2541
2764
1905
2876
1064
1763
90
2401
336
153
1531
1046
2532
2273
1454
1208
1723
2421
293
2503
1128
2251
1900
1028
1324
2578
1345
921
2321
1993
2002
133
981
2234
1415
2444
752
2517
2029
2379
2067
2935
228
1911
2630
2202
2175
1404
847
806
44
222
2494
682
1742
147
966
1308
39
863
619
2254
1249
637
910
848
2852
2182
1054
447
1971
2178
2320
2755
961
1102
2141
1806
2687
1709
2741
1683
2833
1965
1884
678
1564
2151
512
652
2902
2364
789
1504
13
710
1371
1664
1845
2260
145
194
798
1451
2717
904
2342
1383
1644
755
1486
2087
982
1888
311
2589
1025
2303
428
1593
1950
1999
1146
1502
2498
2028
1333
1778
2666
1014
1408
2046
1743
2177
646
2707
417
2739
599
125
191
1959
1191
1913
2533
2593
1915
1659
1334
135
642
520
2340
2832
1571
2407
1145
19
780
1527
2441
2314
2243
2598
335
1
1865
2646
2139
151
996
1157
181
1000
1602
2014
2150
2155
990
2131
2778
1536
387
649
1136
1074
1484
2553
2642
451
105
2445
744
2752
1316
2404
2301
1767
2542
1770
1375
2159
688
1460
435
539
263
2118
938
418
486
1406
1863
1952
2905
1251
2396
118
498
1519
1360
2770
1963
1035
1047
2266
2671
1784
872
2700
2078
281
501
1752
1656
1048
73
1110
2654
1020
832
1335
80
371
973
727
1539
2270
2849
416
856
2319
1578
167
2349
1056
953
2418
1794
1603
1288
1623
1150
1343
2455
984
1479
1916
2443
203
113
2124
1465
241
1245
558
1002
1337
2206
1678
805
552
1005
2619
149
1840
2678
1574
1972
3
2399
2835
148
1964
2491
2207
127
389
1184
1819
667
306
1936
1774
1098
2577
2427
84
2825
1505
2160
398
1196
2757
814
1802
2026
1729
901
2896
857
1541
2454
768
2661
2600
37
2697
673
2110
2103
2509
1988
292
2644
1315
632
262
2877
2312
1100
1443
1719
294
448
2931
443
2759
1032
223
1255
1828
1919
695
1585
117
2138
154
2072
1302
2075
2775
999
2403
2941
356
2864
1552
2924
1744
214
878
2011
349
1829
1113
2664
1693
95
161
951
1373
1003
1918
881
2504
2872
955
715
2750
1981
2296
1789
2047
2385
770
2603
1258
2682
2740
340
1914
1638
1161
2397
833
2339
357
2070
2763
140
2920
1782
1524
2252
68
419
1868
1398
101
2591
1857
219
1596
760
1410
1052
1241
2796
1364
1886
965
2351
772
2662
2836
1481
736
454
1535
402
2327
0
1494
870
1477
2795
369
669
1783
2614
488
1689
2635
571
2743
1989
236
2812
551
2285
1326
2347
2919
197
757
1775
2256
2473
1817
1426
717
312
836
131
819
170
2827
480
27
2519
2284
670
2745
1997
1401
1746
91
2899
1686
2871
865
976
8
842
1878
1898
1786
594
2606
523
1226
2917
2810
2466
759
6
1864
462
2250
2925
2857
2377
2579
1167
861
2091
1163
1087
866
1179
355
2527
116
409
2164
229
1147
2850
1814
1272
1312
1298
268
1862
267
264
375
414
1347
2082
2381
2333
352
2043
71
270
1566
2933
2814
1394
818
896
2076
542
1717
1459
2496
1070
1575
1285
779
2265
1164
583
513
2003
2033
2521
613
1642
421
2224
253
368
636
843
2241
1756
1293
365
1792
2094
1007
569
570
1835
1114
298
722
1221
801
1295
1318
1555
1516
884
2906
907
750
399
59
1716
503
51
711
585
2729
408
384
2610
2508
1598
477
2826
2388
2761
2375
2304
1869
92
143
393
2563
1322
2737
1001
2538
1137
411
18
237
1811
2716
2718
2540
2505
2383
2023
816
1526
577
1430
2694
1896
2807
686
2173
2169
1807
2884
1692
169
2218
2384
703
2628
1175
339
1570
2140
2592
629
2357
763
1540
2582
1613
712
2184
1701
2264
716
2121
1424
1389
452
1200
754
1895
2471
99
178
2129
2348
689
1850
918
1669
2797
709
858
1229
1581
567
2485
2083
2567
1436
1867
550
2790
536
633
2423
2390
844
698
2210
2918
2883
859
1810
522
1687
70
546
175
217
2315
2758
1550
2294
2601
2114
1377
1772
112
1019
2049
2853
592
1215
2769
1998
645
1711
1356
1651
1931
354
496
2794
1718
2793
2679
565
1043
2680
1055
529
1338
2688
514
2720
2393
2640
983
737
2891
1271
666
142
1885
820
2685
1510
2217
437
1336
245
2196
1412
1720
2912
885
1942
1236
2417
2335
1456
350
1487
1081
2276
2571
978
2194
2803
1008
746
1982
205
2838
2
478
2732
2890
2152
849
1330
254
2751
892
2289
2528
1440
593
134
2566
487
2756
1352
2030
2380
890
1403
172
482
2625
279
155
1803
1980
1649
793
171
2596
231
811
1601
1044
1031
208
625
1636
993
1029
2820
1309
2021
1168
732
1860
481
331
1787
2459
2824
2549
1468
285
706
1841
2561
2641
455
2419
2650
1705
22
2802
2291
797
1187
2019
1435
114
198
1108
1418
2612
2604
159
579
1240
2409
1169
1761
2238
1299
548
2830
922
2283
2474
1279
81
1848
2651
1379
2048
432
2120
2823
2493
405
1464
867
1382
1945
1275
2895
1523
102
345
52
903
2017
2236
1927
1986
392
2712
232
1694
2867
373
184
209
75
62
608
2565
658
1622
1648
1448
2475
2056
942
1831
2246
1374
2556
943
2747
1568
412
434
2346
493
2908
2462
1957
2274
854
871
2012
979
1254
424
216
2754
1970
1821
2117
141
1903
2369
2783
1650
563
425
1490
1306
2370
1211
320
274
2392
827
2622
42
2422
919
1144
2292
2726
1666
2065
1061
740
2522
2514
1938
1594
2854
470
343
1507
2024
2799
1538
1804
1463
1213
1558
1242
2137
994
1004
2576
574
474
1214
2008
121
1582
1591
341
1979
1132
638
440
1530
656
1111
1827
2670
2862
790
1112
911
122
985
1800
1378
2306
362
2915
2518
363
511
318
2305
1548
2329
1218
166
2914
326
758
1250
444
1706
35
2060
1741
810
838
2435
823
2341
120
146
2085
2898
1232
537
63
1587
702
1431
2792
109
655
2395
2715
657
2148
2937
1428
547
916
661
2149
2230
1554
2220
1090
971
187
458
786
15
1178
2557
1953
2939
1143
1247
1427
426
2590
366
2875
1173
2244
2161
2332
2214
1579
635
1026
2879
2448
1051
1844
226
765
1949
410
2913
1063
2487
989
137
524
1248
78
2637
2410
1870
2786
2469
2501
2777
1839
2892
2788
1874
803
967
877
16
1628
1192
2728
1947
2822
1902
2263
2247
1376
600
2382
1875
1101
2753
2806
2555
2281
394
1675
2080
1676
97
1125
1204
824
211
1823
2923
1933
561
945
1365
1099
2055
1190
917
1517
353
1417
2705
423
690
908
9
1393
1877
1815
2143
2552
2259
31
2921
2309
1614
2479
1222
2787
595
74
1671
2461
2127
49
1873
1631
2090
515
2154
540
2414
1500
1879
2171
1962
2352
2841
729
628
2484
708
1765
2054
1994
2453
497
256
739
2713
2317
1522
1220
284
1203
559
2663
324
2434
1849
676
2507
2135
299
2805
489
2620
1618
1212
2573
2174
1092
1270
438
1491
1351
611
2668
1825
2156
2660
33
2639
2605
674
413
195
1449
2372
2817
2846
2022
1467
1497
2478
224
1176
1297
1160
46
889
2181
1553
506
2704
2429
136
1082
1162
1513
2100
2615
2212
287
1542
185
1416
988
1476
1062
1094
2089
2572
2323
2126
1917
1086
1425
2437
2394
1843
1791
2456
2889
718
1088
406
1901
1021
2880
1473
1354
1620
2343
1368
1922
2711
2293
1735
1327
492
360
2562

