1126
542
1315
2199
2394
1602
1773
2453
785
1175
2865
865
1210
410
1955
2251
1257
152
2238
1848
197
2233
2592
1136
1541
1047
1009
888
1426
1157
373
1705
582
923
1108
514
1851
1556
2213
972
1797
885
2421
1771
2219
2668
502
884
464
2624
1134
69
602
1985
2869
430
1708
397
234
2510
170
337
2116
2117
2030
2065
947
1529
1328
348
2878
1765
2830
1961
2652
784
2384
964
2147
2195
2834
580
1616
2845
2492
632
2651
37
1471
1677
748
801
538
2891
1535
1905
504
376
1037
2446
1804
125
242
1539
1548
666
404
1128
1536
1638
1684
751
2174
2144
828
936
412
2442
2043
1339
19
2686
162
867
2310
1120
136
2122
2404
1302
2055
1960
2804
2531
1206
233
126
221
782
72
450
1946
1543
2430
2574
1931
96
1994
825
1787
2250
527
836
553
2474
2381
720
43
1640
267
1719
1168
2339
2826
392
2913
492
1706
2140
851
2912
2706
2500
2543
1026
1201
2390
1930
1855
2264
755
759
2268
956
183
439
2329
351
2895
2505
2719
1252
1016
1447
1001
2107
541
2915
2580
1643
278
600
1051
721
790
2258
350
1587
1727
1321
1772
824
2759
2856
821
1486
1799
1639
237
1786
2561
255
852
2338
2811
933
272
2757
2663
2672
2661
1635
2838
208
1014
2016
2495
160
291
2111
280
708
2314
2806
693
131
63
2881
804
2635
1310
639
1766
1254
2802
2037
1425
1062
42
2822
399
753
2084
573
1620
2565
893
2579
380
2011
1880
2847
2874
1611
1453
1148
308
601
918
1978
980
857
891
1915
1329
1796
2018
1551
1967
2019
472
2656
1023
536
2341
488
1768
511
1738
294
1451
1258
847
2134
2171
25
180
32
1114
1521
930
429
1722
1950
67
1355
154
1379
2422
877
2876
287
1803
2476
1276
1752
1383
2063
1530
2401
65
739
1825
1063
2550
1191
1331
144
718
2627
2106
1182
106
2114
1112
476
2508
1888
1996
2118
414
1834
1474
1078
1916
2301
634
82
1208
1439
844
512
2616
2282
1885
2359
181
682
500
1200
1193
1491
2259
597
1584
764
1963
1229
1689
2377
717
899
549
622
2456
471
2532
273
2457
2348
2743
1594
1342
1144
319
946
1762
1146
2351
2602
1847
1780
2697
2807
23
554
1341
1420
286
2448
2077
1376
2068
271
2148
36
2516
1282
906
1836
365
2553
2671
1595
2909
2336
1770
608
2252
2255
15
671
1086
2017
1647
534
1824
932
829
1519
1807
871
80
1079
1935
2620
386
274
2559
1903
2522
2212
2524
196
1904
1846
624
40
1440
1271
2452
1348
1498
875
2186
2576
2702
2736
984
1290
2597
763
99
324
626
909
1997
367
1870
16
508
2099
187
1066
774
2465
551
691
746
808
263
1958
881
1141
2612
2060
657
686
840
438
2370
2781
1910
1863
2279
981
296
2190
1412
1964
2689
1590
2724
2712
1056
1217
2740
1118
740
2040
1437
2367
490
214
2000
254
855
2815
1003
2232
2178
277
203
84
2638
2527
1829
186
465
2630
230
2470
2261
1408
2901
585
1028
758
2512
1424
1231
992
2436
974
120
1327
2136
1008
1133
303
235
1520
1362
2387
366
590
1106
2415
1527
2271
1247
651
978
663
2854
1605
1162
2352
222
908
22
673
406
1919
2654
275
2556
2517
1267
24
606
1407
1421
1233
1626
2428
1709
2201
349
1284
921
595
39
191
517
1163
2906
1225
716
1694
2454
224
524
905
2593
377
1038
1597
1446
2647
2034
2411
1325
1952
2655
1688
1883
1569
298
1998
662
1197
2539
206
1923
2916
73
1959
1792
1818
593
309
1634
2497
1981
456
1604
2048
528
1487
227
2818
1385
1701
440
353
813
2320
570
935
1810
1661
1187
2345
1007
189
1830
2737
1462
1833
822
1774
819
1429
2709
2842
1381
2683
1924
2062
31
1802
147
2777
742
498
1947
1812
2330
1624
2478
1294
1220
2885
1659
435
2910
2426
1046
927
2483
577
1405
1941
794
1015
986
683
2274
2605
954
143
1300
2455
635
1668
2829
1631
1791
91
2202
1291
611
2710
1991
141
1399
54
2093
1537
110
405
1975
810
1675
92
586
1389
943
1343
1938
1662
1005
114
428
562
714
2883
1554
1211
341
217
1295
924
1465
29
378
1151
400
1337
2009
1095
1790
1561
2819
1242
149
2299
2257
1907
2930
66
1392
636
463
2549
1131
2342
672
50
1562
2036
1633
231
1951
603
417
1582
2718
1431
2208
1415
1363
1534
1775
1457
1532
1866
1921
2595
1442
1073
2780
2622
565
1479
849
1515
1476
1603
145
343
1138
2343
166
12
2695
401
2109
2501
1850
1196
587
1143
853
1873
474
212
89
2639
1553
393
644
2469
2763
1353
2424
1671
1371
1748
93
2347
2468
1580
1296
77
2649
2490
70
2571
340
1555
1223
1716
674
2146
209
1049
1811
1499
1214
238
2617
2833
2790
701
2396
2110
485
630
1962
2042
2246
991
846
1344
883
614
783
1340
172
516
787
1192
1831
265
501
1891
2735
555
1843
133
2581
616
2637
2673
756
356
1733
1368
1552
1378
2866
28
1875
2085
1400
1874
1359
88
411
2194
2333
715
1444
2821
1397
130
1704
869
950
388
1859
2784
107
2051
2044
2365
1712
326
2625
820
1019
2215
1027
442
937
1010
112
1592
2680
2236
2634
1813
949
743
2584
1741
1002
2322
1394
2108
926
2771
1369
1793
996
495
362
2323
276
1892
776
427
494
389
387
344
2502
1999
613
305
2292
1864
2207
184
2509
605
282
685
2727
1445
540
2407
2189
1375
128
1776
2640
2690
1365
2185
1209
1558
1697
838
1917
2529
1678
2552
806
757
1744
1494
788
1743
470
111
2090
2216
117
1925
2154
2025
2486
1237
898
370
1461
2224
2485
2161
1259
959
1460
929
1751
1692
656
1235
419
2760
1372
848
1409
1893
1573
2864
2020
2228
2783
2729
2395
2675
1517
2570
1083
1
652
2644
1949
1480
2902
581
2379
2646
2420
2368
1971
198
2739
659
1234
1489
447
2606
2267
723
1280
2082
2482
1093
1612
1785
1171
2260
371
1954
1132
368
2545
1309
945
1617
1566
360
1053
2133
976
1396
270
2460
269
480
1180
426
1433
1827
1868
2287
2596
862
1137
2903
1724
481
2083
803
1227
661
1351
2376
1484
146
1908
2774
1819
896
1264
2850
599
2880
1333
1084
2115
2868
2546
27
2123
1720
609
1173
2785
10
482
2087
177
53
2375
2480
592
722
2335
2163
2272
2464
2535
1413
669
1939
1816
1035
375
970
1272
1495
894
1547
260
2124
1456
355
1195
510
219
559
204
916
2458
2079
1828
7
1726
86
1085
1326
1441
2758
123
2700
59
2363
1069
1849
2665
750
1872
734
2130
658
796
2905
1754
895
2223
858
889
2094
1862
2537
2413
2491
2297
529
941
2626
665
2092
2773
2441
1606
2047
1857
2504
2200
766
2013
973
239
1648
2523
2402
1006
2900
1664
2318
2582
1382
886
574
158
2227
2156
680
1879
1455
1064
2879
2312
1416
268
56
832
323
2642
809
2541
814
2870
2746
2226
250
283
2360
1212
2143
2693
1542
2841
41
987
817
1579
2263
2805
607
496
2086
1676
1835
1203
432
2659
251
257
1255
157
140
225
2356
2095
2393
1266
398
1995
2451
521
317
2380
195
2302
460
2229
1977
1974
1926
1656
1274
1308
997
942
342
1165
1778
615
2831
2515
382
2770
207
396
1564
153
2730
2218
1232
328
1092
2720
1098
1673
228
2921
2203
8
575
907
1769
2372
261
1896
422
2776
2010
1909
1432
1663
988
1992
1842
2560
1615
1018
775
842
1581
882
1966
1513
904
281
2440
2862
290
108
135
2008
2846
2793
725
2135
2936
148
466
1821
1613
1273
700
2511
646
1607
2295
1316
1275
321
1101
2151
1815
475
2528
1319
637
2388
1869
760
781
2466
2887
58
2732
1902
1388
2007
1531
1323
1313
2277
815
1240
1623
1218
1427
2350
462
1347
424
289
2253
1256
1318
1403
2628
1854
2525
1330
0
2481
2101
1761
1493
312
2327
118
314
2152
1886
369
2064
568
604
2896
2941
2291
1983
1224
2331
1077
863
1475
2924
533
2684
2184
1198
2029
2769
2658
60
2825
1503
2423
1914
2705
2131
2679
433
1693
182
2193
977
1103
2809
2166
874
1109
2155
1702
1826
1897
1568
1100
2934
226
834
1670
335
1477
738
2169
310
1972
402
769
2657
955
2753
2391
1156
279
26
2918
765
2180
2053
1618
2088
236
668
2162
1549
1570
1057
731
2857
1710
2165
1179
900
2772
2371
416
1758
300
394
1033
2629
594
931
2
61
920
1292
2699
887
71
770
1149
1238
2319
1945
730
835
449
1061
1422
1571
361
83
2104
706
752
2028
550
163
17
1509
499
745
2427
1822
2434
1145
2296
1767
1265
1099
1715
2564
578
2751
939
48
2489
1012
1236
1228
712
2309
169
2715
1438
1164
749
253
660
912
478
2220
2801
1076
890
2408
2827
2344
741
62
1277
598
1127
2872
2797
1042
633
2664
1458
569
2610
2234
2270
2265
1736
1176
1230
1764
2325
2849
1213
2041
2938
1360
556
363
2105
1687
762
2472
57
1703
2853
1878
2294
1159
1314
167
2158
2276
1728
1293
2198
1560
1514
1899
2003
2210
262
1853
2061
347
2814
9
989
1783
1653
243
2179
2734
468
1522
2324
2461
827
1808
1609
2800
1894
2273
1540
2378
458
1031
1287
2645
1913
232
1419
2433
617
2182
137
2280
618
2197
2278
2097
1927
1464
2844
1610
1654
509
2810
1029
1698
2788
301
138
1686
1598
732
213
1976
1174
1243
902
100
830
1449
2462
2221
2039
1436
1177
1356
1932
2230
579
548
2688
4
2542
971
304
1324
2534
1929
2022
694
2225
1040
2121
336
364
1336
948
1039
640
2828
2816
1933
645
1443
1115
2168
2852
2298
1882
1713
1135
497
215
1186
2014
2714
1189
612
2520
2633
1629
2666
486
681
2449
316
264
2911
2701
1473
823
1806
1358
124
87
6
1577
1837
2119
1068
168
1718
1965
1942
2631
352
698
1900
2786
2513
952
1507
1045
2795
786
2150
487
97
2711
1297
922
958
2353
560
2506
934
5
531
689
1048
2262
2889
306
2498
469
985
1250
1155
833
2315
535
2447
200
561
963
358
1660
2713
1953
1877
2038
2555
30
960
473
655
2188
754
1320
1496
1734
2098
81
2573
1755
911
2080
1563
2439
190
2632
2153
2398
2682
249
1428
3
95
2374
1800
2557
1364
1619
1865
2578
1116
2231
2608
729
780
421
1154
1153
870
1117
2939
2414
2035
455
1025
2778
571
1801
2725
346
2192
2587
2173
1249
2745
2707
2005
1110
1121
1450
2554
2514
1912
2908
1463
165
503
395
1105
1183
11
733
2662
856
297
457
1559
1283
2358
2463
330
2851
507
381
1918
2820
1307
2762
2403
866
1366
188
687
2340
2078
2928
1523
1374
2288
431
2405
773
2209
2239
1485
2031
2406
998
2575
2045
1060
711
2767
552
98
583
1809
1922
199
2187
2293
423
45
2281
649
1860
1657
2050
2544
2875
1054
697
1269
2308
839
1856
678
379
258
407
1538
648
1036
2243
2311
1470
1700
1578
2023
818
288
1749
791
1760
1398
1032
1142
2798
2569
2432
811
1990
1746
179
2012
2205
14
1454
1423
1545
625
1586
1841
315
2643
690
2752
452
1596
1732
1021
1979
925
1488
1680
2590
109
2249
1557
467
79
2917
2677
795
744
13
564
1823
1481
1840
2245
917
1501
2027
1152
1711
2183
1936
799
240
1052
2467
1667
620
175
1469
1034
2283
307
2623
244
1714
2241
1649
1286
1591
994
1334
1682
302
1525
2609
1289
116
728
1305
2024
1216
2285
797
94
1411
1695
2897
415
520
2172
1102
1681
543
2914
2026
1621
1794
2355
944
2904
2127
2698
545
1948
792
1261
38
2074
409
2613
446
2328
1973
676
1970
2383
864
2217
115
1418
1070
2409
638
2568
1911
202
161
2431
75
210
33
2742
299
2054
910
2813
2494
1957
2886
2125
44
591
1094
879
2021
1589
2337
101
525
1169
1478
2138
699
1884
85
1789
736
1221
2899
1646
2558
1583
2888
408
979
696
2100
2081
572
1251
2731
1468
1987
2723
523
546
1757
2326
1332
1980
173
2400
2167
1370
1533
1215
928
2703
1669
292
1901
1988
2366
831
313
1685
2873
1367
2300
1181
74
1357
1072
1683
2484
2863
798
1630
695
2139
201
2792
2222
1058
702
2437
2572
2254
999
544
1968
647
2382
2808
2425
1524
1166
2305
1526
2867
677
1889
539
2538
436
547
218
1576
812
1777
1190
1550
2170
2931
489
2357
2450
513
445
1090
965
2670
318
1184
220
178
1050
1817
2754
1024
1788
1622
1096
2843
1352
2728
2419
1406
1887
802
1011
2006
2933
1188
737
2708
537
854
354
2385
2145
1672
453
35
2071
557
1414
459
2417
2033
2615
2919
484
413
2536
1839
724
2416
1528
1059
1814
584
2112
2721
2176
1644
1516
707
1588
1434
2726
1268
21
1129
1377
2607
1820
2669
1844
1601
122
2479
2399
873
331
2141
1982
2256
311
2412
329
327
961
2049
1226
2929
1508
2313
174
1281
1565
2871
2747
1735
2142
1299
779
2716
2884
1349
2519
2676
703
1219
1080
1160
2588
1087
2937
1845
2164
641
1244
1044
1650
1317
2004
403
650
2779
1696
1395
332
1245
2128
2696
860
1506
2410
1472
1304
425
2848
2920
2741
982
441
515
793
2761
479
2681
55
2603
2600
2750
1380
454
52
1338
1599
688
374
2507
670
1876
2070
679
105
919
216
2015
642
2604
2072
2214
2429
2744
2317
2496
1632
1986
1984
320
1731
1013
2548
121
2563
2032
1082
20
1172
2159
1920
2789
1386
1490
2858
1239
2361
1298
1871
1278
1666
1782
2286
913
241
1725
800
915
2648
384
2925
2191
654
2766
2748
1361
2129
2598
2859
1510
1906
2120
2803
951
761
1301
247
1248
2585
2058
2926
345
2540
1088
194
901
2898
2354
127
1113
2755
493
576
2594
518
727
2307
897
872
2066
2444
589
229
1303
1721
1104
2794
1585
2073
1199
2923
1505
1097
2113
1852
2892
2275
1742
2132
719
159
1740
968
1707
990
1717
1502
2237
1934
2855
596
519
18
333
1518
1500
1404
1089
868
2244
176
789
563
325
903
252
2349
1679
1384
434
1393
1861
1614
1311
1466
1167
1043
34
246
2599
1030
914
211
2687
2796
2704
1608
2321
1756
357
1335
1729
1130
2601
2653
2611
1593
1288
2799
1781
2248
284
1139
2882
664
193
119
2206
2566
2722
878
526
322
461
2126
876
588
966
850
171
1637
151
967
1204
2877
2096
2477
2386
1881
491
1655
1795
735
983
1202
1170
1459
2832
2691
1390
1512
713
2526
710
1119
385
969
675
2860
68
2369
1779
1492
522
1730
653
1745
2362
2459
2837
76
1205
2586
1482
2935
1759
1699
2756
1279
2674
667
2181
2289
1147
705
704
1041
2840
1430
1858
391
841
2717
2364
2589
1944
1750
1993
1867
816
2445
2137
623
1989
1600
2614
2583
266
1937
418
1000
2091
46
1691
1627
1253
558
448
2284
1651
1067
1017
2618
2812
2861
768
1497
295
2738
837
1345
2922
372
1658
993
2650
747
1747
1402
995
1628
1194
1690
359
1723
880
420
1641
2057
2678
1391
1207
2890
2487
2641
778
1125
532
2685
1020
2242
772
643
129
132
684
1222
1511
2619
1467
2749
2002
102
1241
627
953
1263
2052
2733
64
223
631
2056
1448
293
1071
2636
113
2932
2438
1832
1452
566
2521
975
1574
437
1185
1645
2591
1940
2397
826
2823
1346
2562
771
1246
2196
1178
1798
338
1401
1322
1285
2621
2835
629
2269
259
2240
285
477
1161
1354
1642
859
1784
1150
2567
1483
1074
1838
1081
767
1739
2787
2160
2346
845
390
843
90
2503
2473
805
530
1895
2782
1158
1373
2211
957
2075
505
2839
2488
155
2332
1504
443
2089
1306
1055
1270
2551
2547
2775
567
1124
709
1075
483
1928
807
2530
2103
2316
2533
2765
2694
2493
1410
1262
156
1665
1625
2076
104
139
2149
103
1890
1898
1737
2204
2303
205
1636
1387
248
1652
506
1943
2001
2069
2247
1004
938
692
334
134
2067
2418
726
1572
2392
2824
2927
185
78
2893
1546
1312
150
2907
2768
339
1260
142
940
621
2046
1763
1805
1350
2235
2175
51
2894
2836
1111
1753
2177
1417
892
2577
2764
2499
861
1435
2304
256
1956
628
962
2266
2389
1123
49
47
444
1674
610
2660
2157
2373
1122
2667
245
1107
2940
2435
192
1969
1022
164
619
2692
1065
1575
2334
2443
2518
2290
2102
1091
451
1544
2059
1567
2306
2471
383
777
2817
2791
1140
2475

