1 1
2 0
3 1
4 0
5 1
6 0
7 1
8 1
9 0
10 1
11 1
12 0
13 0
14 0
15 0
16 1
17 0
18 0
19 0
20 0
21 0
22 0
23 0
24 1
25 1
26 1
27 0
28 0
29 1
30 1
31 1
32 0
33 0
34 1
35 1
36 0
37 0
38 1
39 0
40 0
41 0
42 0
43 1
44 0
45 1
46 0
47 1
48 0
49 0
50 1
51 1
52 1
53 1
54 0
55 0
56 1
57 0
58 1
59 1
60 1
61 0
62 1
63 0
64 1
65 1
66 1
67 1
68 1
69 1
70 0
71 0
72 1
73 1
74 0
75 1
76 0
77 1
78 0
79 1
80 0
81 1
82 1
83 0
84 1
85 0
86 1
87 0
88 0
89 0
90 0
91 0
92 1
93 1
94 0
95 0
96 0
97 1
98 1
99 0
100 1
101 0
102 0
103 0
104 0
105 1
106 0
107 1
108 0
109 0
110 1
111 0
112 1
113 0
114 0
115 0
116 1
117 0
118 0
119 0
120 1
121 0
122 1
123 0
124 1
125 0
126 0
127 1
128 0
129 1
130 0
131 0
132 0
133 1
134 0
135 1
136 0
137 0
138 0
139 0
140 0
141 1
142 0
143 1
144 0
145 0
146 1
147 1
148 0
149 0
150 0
151 1
152 1
153 1
154 0
155 0
156 1
157 0
158 1
159 0
160 0
161 0
162 0
163 0
164 0
165 1
166 1
167 0
168 1
169 1
170 0
171 1
172 1
173 1
174 0
175 0
176 0
177 1
178 0
179 0
180 1
181 0
182 1
183 0
184 1
185 1
186 1
187 1
188 1
189 1
190 1
191 0
192 1
193 0
194 1
195 1
196 0
197 1
198 0
199 0
200 0
201 1
202 0
203 0
204 0
205 0
206 0
207 1
208 1
209 0
210 0
211 1
212 1
213 0
214 1
215 1
216 1
217 0
218 1
219 0
220 0
221 1
222 1
223 0
224 1
225 1
226 1
227 0
228 0
229 1
230 0
231 1
232 0
233 1
234 0
235 0
236 1
237 0
238 1
239 1
240 1
241 0
242 1
243 0
244 1
245 0
246 1
247 1
248 1
249 0
250 1
251 0
252 1
253 1
254 0
255 1
256 0
257 1
258 1
259 0
260 1
261 1
262 0
263 1
264 1
265 0
266 1
267 1
268 0
269 0
270 0
271 0
272 0
273 1
274 0
275 0
276 0
277 1
278 1
279 1
280 1
281 1
282 0
283 0
284 0
285 0
286 0
287 1
288 1
289 0
290 0
291 0
292 0
293 1
294 1
295 1
296 1
297 0
298 0
299 0
300 1
301 0
302 0
303 0
304 1
305 1
306 1
307 1
308 1
309 1
310 1
311 1
312 1
313 1
314 0
315 1
316 0
317 1
318 1
319 0
320 1
321 0
322 0
323 0
324 0
325 1
326 0
327 1
328 1
329 1
330 1
331 1
332 1
333 0
334 1
335 0
336 0
337 0
338 0
339 1
340 0
341 0
342 0
343 1
344 0
345 1
346 1
347 1
348 0
349 0
350 1
351 1
352 0
353 0
354 1
355 0
356 1
357 1
358 1
359 0
360 1
361 0
362 1
363 1
364 1
365 0
366 1
367 1
368 1
369 1
370 0
371 1
372 1
373 0
374 0
375 0
376 1
377 0
378 0
379 0
380 1
381 1
382 1
383 1
384 0
385 1
386 0
387 1
388 0
389 0
390 1
391 0
392 0
393 1
394 0
395 1
396 0
397 0
398 1
399 1
400 0
401 0
402 0
403 0
404 0
405 1
406 0
407 0
408 1
409 1
410 1
411 0
412 0
413 0
414 1
415 1
416 1
417 1
418 0
419 0
420 0
421 0
422 1
423 0
424 0
425 1
426 0
427 0
428 1
429 1
430 1
431 0
432 0
433 0
434 0
435 1
436 1
437 0
438 0
439 0
440 1
441 0
442 1
443 1
444 0
445 0
446 1
447 0
448 0
449 0
450 0
451 1
452 0
453 1
454 1
455 0
456 0
457 1
458 0
459 1
460 0
461 1
462 1
463 1
464 1
465 1
466 0
467 0
468 1
469 0
470 1
471 1
472 1
473 1
474 0
475 0
476 0
477 0
478 1
479 0
480 0
481 1
482 0
483 1
484 0
485 1
486 1
487 1
488 0
489 1
490 0
491 0
492 0
493 1
494 1
495 1
496 1
497 0
498 1
499 1
500 0
501 1
502 1
503 1
504 0
505 1
506 0
507 1
508 1
509 1
510 0
511 0
512 1
513 1
514 0
515 0
516 1
517 1
518 0
519 1
520 0
521 1
522 1
523 1
524 1
525 0
526 1
527 0
528 0
529 0
530 0
531 1
532 1
533 1
534 1
535 1
536 1
537 0
538 0
539 0
540 1
541 1
542 1
543 0
544 1
545 0
546 1
547 0
548 1
549 1
550 1
551 1
552 0
553 0
554 1
555 1
556 0
557 1
558 0
559 1
560 0
561 0
562 1
563 1
564 1
565 1
566 1
567 1
568 1
569 0
570 1
571 0
572 1
573 1
574 1
575 1
576 0
577 1
578 1
579 0
580 1
581 0
582 1
583 1
584 0
585 0
586 1
587 0
588 0
589 0
590 0
591 1
592 0
593 0
594 1
595 0
596 1
597 0
598 1
599 1
600 0
601 0
602 1
603 0
604 1
605 1
606 0
607 1
608 0
609 1
610 0
611 0
612 1
613 0
614 0
615 0
616 1
617 0
618 0
619 1
620 1
621 1
622 0
623 1
624 0
625 1
626 0
627 0
628 0
629 1
630 0
631 1
632 1
633 1
634 0
635 0
636 0
637 1
638 0
639 0
640 0
641 0
642 1
643 0
644 0
645 1
646 1
647 0
648 0
649 1
650 1
651 1
652 1
653 0
654 1
655 0
656 1
657 0
658 1
659 0
660 1
661 0
662 1
663 0
664 1
665 0
666 1
667 0
668 0
669 1
670 0
671 0
672 0
673 0
674 1
675 1
676 0
677 0
678 0
679 0
680 0
681 1
682 0
683 1
684 0
685 1
686 0
687 0
688 1
689 1
690 0
691 1
692 0
693 0
694 1
695 0
696 0
697 1
698 0
699 1
700 1
701 0
702 1
703 0
704 0
705 1
706 1
707 1
708 0
709 1
710 1
711 1
712 1
713 0
714 0
715 0
716 1
717 0
718 0
719 0
720 1
721 1
722 0
723 0
724 1
725 0
726 1
727 1
728 0
729 1
730 0
731 1
732 1
733 0
734 1
735 0
736 0
737 1
738 1
739 1
740 1
741 1
742 0
743 0
744 0
745 0
746 1
747 0
748 0
749 1
750 0
751 0
752 1
753 1
754 0
755 0
756 0
757 1
758 0
759 0
760 0
761 0
762 1
763 0
764 0
765 1
766 1
767 0
768 1
769 0
770 1
771 0
772 1
773 1
774 0
775 1
776 0
777 1
778 1
779 1
780 0
781 0
782 0
783 0
784 0
785 0
786 0
787 1
788 1
789 1
790 0
791 0
792 0
793 1
794 0
795 0
796 1
797 0
798 0
799 0
800 0
801 0
802 0
803 0
804 1
805 0
806 0
807 0
808 1
809 1
810 0
811 0
812 1
813 0
814 1
815 1
816 0
817 1
818 0
819 0
820 1
821 0
822 1
823 1
824 1
825 1
826 0
827 1
828 1
829 0
830 1
831 0
832 1
833 1
834 0
835 1
836 1
837 0
838 0
839 0
840 0
841 0
842 0
843 1
844 1
845 1
846 0
847 0
848 1
849 1
850 1
851 1
852 0
853 1
854 1
855 1
856 0
857 1
858 0
859 0
860 1
861 1
862 1
863 1
864 1
865 0
866 1
867 0
868 0
869 0
870 1
871 0
872 0
873 1
874 0
875 1
876 0
877 1
878 0
879 1
880 1
881 0
882 1
883 0
884 0
885 0
886 1
887 1
888 0
889 1
890 1
891 1
892 1
893 1
894 1
895 0
896 1
897 1
898 1
899 0
900 1
901 0
902 1
903 0
904 1
905 0
906 0
907 1
908 0
909 0
910 1
911 1
912 1
913 1
914 0
915 1
916 0
917 0
918 1
919 1
920 1
921 1
922 1
923 0
924 0
925 1
926 1
927 0
928 1
929 1
930 1
931 1
932 0
933 0
934 1
935 0
936 1
937 0
938 0
939 0
940 0
941 0
942 0
943 0
944 0
945 1
946 1
947 1
948 1
949 1
950 0
951 1
952 0
953 1
954 1
955 1
956 0
957 0
958 1
959 0
960 1
961 0
962 0
963 0
964 1
965 1
966 0
967 1
968 1
969 0
970 0
971 0
972 1
973 1
974 0
975 1
976 0
977 0
978 1
979 0
980 1
981 1
982 1
983 0
984 1
985 0
986 0
987 1
988 0
989 0
990 0
991 1
992 0
993 1
994 0
995 0
996 0
997 0
998 1
999 0
1000 0
1001 0
1002 0
1003 0
1004 1
1005 0
1006 1
1007 1
1008 1
1009 0
1010 1
1011 0
1012 0
1013 1
1014 0
1015 1
1016 0
1017 0
1018 1
1019 1
1020 0
1021 1
1022 0
1023 1
1024 1
1025 1
1026 0
1027 0
1028 1
1029 0
1030 1
1031 1
1032 0
1033 0
1034 0
1035 0
1036 0
1037 0
1038 0
1039 1
1040 0
1041 1
1042 0
1043 1
1044 1
1045 0
1046 1
1047 0
1048 1
1049 1
1050 0
1051 1
1052 0
1053 1
1054 1
1055 1
1056 1
1057 1
1058 0
1059 0
1060 0
1061 1
1062 0
1063 0
1064 1
1065 0
1066 0
1067 0
1068 1
1069 0
1070 1
1071 1
1072 0
1073 1
1074 0
1075 0
1076 0
1077 1
1078 0
1079 1
1080 1
1081 1
1082 0
1083 1
1084 0
1085 0
1086 0
1087 0
1088 1
1089 0
1090 1
1091 0
1092 1
1093 1
1094 1
1095 0
1096 0
1097 0
1098 0
1099 0
1100 1
1101 1
1102 0
1103 1
1104 0
1105 0
1106 1
1107 0
1108 0
1109 0
1110 1
1111 1
1112 0
1113 1
1114 1
1115 0
1116 1
1117 0
1118 1
1119 0
1120 1
1121 0
1122 1
1123 0
1124 1
1125 0
1126 1
1127 0
1128 0
1129 1
1130 0
1131 1
1132 0
1133 1
1134 1
1135 0
1136 1
1137 0
1138 0
1139 1
1140 1
1141 1
1142 0
1143 0
1144 1
1145 1
1146 0
1147 0
1148 1
1149 1
1150 0
1151 0
1152 1
1153 0
1154 1
1155 0
1156 1
1157 1
1158 0
1159 1
1160 1
1161 0
1162 1
1163 1
1164 1
1165 0
1166 0
1167 0
1168 1
1169 0
1170 1
1171 0
1172 1
1173 0
1174 0
1175 0
1176 0
1177 1
1178 1
1179 1
1180 0
1181 1
1182 1
1183 1
1184 0
1185 0
1186 0
1187 0
1188 0
1189 1
1190 0
1191 0
1192 1
1193 0
1194 0
1195 0
1196 0
1197 0
1198 0
1199 0
1200 0
1201 0
1202 0
1203 1
1204 0
1205 1
1206 1
1207 1
1208 0
1209 0
1210 0
1211 1
1212 0
1213 1
1214 1
1215 1
1216 0
1217 1
1218 0
1219 0
1220 1
1221 0
1222 1
1223 0
1224 0
1225 1
1226 0
1227 0
1228 0
1229 0
1230 0
1231 0
1232 0
1233 1
1234 0
1235 0
1236 0
1237 1
1238 0
1239 0
1240 1
1241 0
1242 1
1243 0
1244 1
1245 0
1246 1
1247 0
1248 0
1249 1
1250 1
1251 0
1252 0
1253 1
1254 1
1255 1
1256 0
1257 0
1258 1
1259 1
1260 0
1261 1
1262 0
1263 0
1264 0
1265 0
1266 1
1267 1
1268 1
1269 0
1270 0
1271 0
1272 1
1273 1
1274 0
1275 1
1276 1
1277 0
1278 1
1279 1
1280 1
1281 0
1282 0
1283 1
1284 0
1285 0
1286 1
1287 0
1288 1
1289 1
1290 1
1291 0
1292 0
1293 0
1294 0
1295 0
1296 0
1297 0
1298 1
1299 0
1300 1
1301 0
1302 0
1303 0
1304 1
1305 1
1306 1
1307 1
1308 1
1309 0
1310 1
1311 1
1312 0
1313 0
1314 1
1315 0
1316 0
1317 1
1318 1
1319 1
1320 1
1321 0
1322 1
1323 1
1324 0
1325 0
1326 1
1327 0
1328 0
1329 0
1330 0
1331 0
1332 0
1333 0
1334 1
1335 0
1336 1
1337 0
1338 0
1339 0
1340 1
1341 0
1342 0
1343 0
1344 0
1345 0
1346 0
1347 0
1348 1
1349 0
1350 1
1351 1
1352 1
1353 0
1354 1
1355 0
1356 1
1357 0
1358 1
1359 1
1360 0
1361 0
1362 0
1363 0
1364 1
1365 0
1366 0
1367 1
1368 0
1369 1
1370 0
1371 0
1372 1
1373 0
1374 1
1375 0
1376 1
1377 1
1378 1
1379 1
1380 1
1381 1
1382 1
1383 0
1384 0
1385 1
1386 0
1387 0
1388 1
1389 0
1390 0
1391 0
1392 0
1393 0
1394 1
1395 0
1396 1
1397 0
1398 0
1399 1
1400 0
1401 0
1402 1
1403 0
1404 0
1405 0
1406 1
1407 1
1408 0
1409 1
1410 0
1411 0
1412 0
1413 0
1414 0
1415 0
1416 1
1417 0
1418 1
1419 1
1420 1
1421 0
1422 0
1423 1
1424 1
1425 0
1426 1
1427 0
1428 1
1429 0
1430 1
1431 1
1432 1
1433 0
1434 0
1435 1
1436 0
1437 1
1438 0
1439 1
1440 1
1441 0
1442 0
1443 1
1444 1
1445 0
1446 1
1447 1
1448 1
1449 0
1450 0
1451 1
1452 0
1453 1
1454 1
1455 0
1456 0
1457 0
1458 1
1459 1
1460 1
1461 1
1462 0
1463 1
1464 0
1465 1
1466 0
1467 0
1468 0
1469 0
1470 0
1471 0
