2914
60
192
2022
2841
62
193
997
895
493
1285
2728
1669
2166
2579
1799
1597
2499
2812
866
711
352
1708
680
2238
1282
2605
621
2603
1579
1175
257
937
2796
1296
647
995
2512
1593
206
2257
2107
867
2756
1310
2923
927
1063
1170
857
1268
638
470
2043
1073
2
2641
2692
880
941
510
2190
1966
2204
2202
1176
1419
392
2280
2821
2160
1150
925
700
693
2562
1596
1775
1570
800
1951
2422
1852
438
2660
2714
126
395
1898
2458
1652
2720
2831
2055
412
1829
2486
1115
53
2704
35
1094
2121
1946
2534
660
1867
1193
629
2224
446
645
658
2360
1654
20
847
2592
1812
2094
258
2067
1699
679
781
2448
361
186
456
281
2793
1623
2614
1345
2566
777
2339
381
432
579
355
1463
753
168
354
637
1409
1994
1462
2684
2449
1121
2664
597
2232
1801
112
2192
1885
1823
559
2828
1359
2187
2349
729
1795
33
1493
205
1859
2771
615
1598
1080
1754
1955
269
2524
697
2589
2019
1321
2401
661
2098
1794
2333
2207
50
546
812
1304
2024
2110
2136
1950
2018
2832
2408
1761
1765
2926
2036
449
2810
1887
2193
1701
2493
913
761
2411
1392
1993
603
2314
1389
2903
104
2617
1677
2496
1467
1013
1091
1565
2462
1871
8
1930
1440
2768
444
2595
2934
2141
2062
1640
12
2729
1184
1219
2108
2927
1016
2866
2818
2191
652
171
52
1568
1279
1156
1452
2006
2433
1384
1896
2355
2377
2169
2636
2610
2596
787
1408
165
1717
2289
1678
1178
119
47
454
2762
1044
971
103
40
2490
1900
1816
2682
1657
360
1615
766
2331
243
1651
1202
822
2072
2046
1084
467
1928
1329
1752
2361
2383
586
2390
827
56
2805
2157
1022
306
2291
1879
114
2655
1698
1635
2443
2119
588
1118
1962
585
1952
2220
430
1687
1563
304
1526
2779
10
2317
2126
2930
1167
248
1325
1388
1755
428
41
1215
584
2611
2152
1395
1831
2801
1398
102
393
1509
1749
1012
149
595
2070
2683
1689
2397
1544
589
1145
873
1926
1826
2430
1832
2149
506
2295
2158
1947
2237
829
1959
1999
2924
1208
139
2042
2558
2537
1560
322
1323
2165
1929
1034
1883
2588
2171
457
1664
350
2902
295
2213
1475
203
2830
799
749
1024
156
763
2060
1381
1177
1817
561
1104
1624
246
216
1521
1591
1806
2014
2661
1062
328
1633
376
714
1237
840
366
943
1655
952
263
998
235
969
2421
2500
844
1497
1572
564
1162
1054
245
2140
932
1850
2585
1508
2146
458
1246
2732
534
88
1960
663
1719
277
2901
1810
540
1277
1917
999
321
2864
24
2270
1551
984
803
2215
1706
1135
1068
1569
1779
2731
1445
1690
769
2154
1117
2236
2030
489
69
1382
2697
442
835
591
2369
2809
1454
405
1195
978
1451
2587
2077
1477
1045
2837
1574
712
2080
1882
1913
1839
1371
1291
830
824
385
1386
495
1456
914
2724
2426
300
2338
262
1427
2601
2511
2057
2497
2428
671
76
646
120
2246
1271
2016
1681
2127
1406
2183
1250
1776
684
2491
666
2155
293
2835
2247
2434
1619
2148
323
1120
314
188
424
296
2049
1924
2629
2435
2909
740
2118
1814
1518
2550
2133
2911
654
2649
692
91
634
1418
1845
2481
1459
2651
2130
735
2713
2922
1634
2178
627
1210
2174
1172
2815
1589
2621
2373
1330
2399
1903
556
1588
215
815
16
2353
2473
1027
1139
2635
2735
230
1728
1048
908
391
1076
1196
227
2471
1221
1224
2479
681
1532
85
1194
2548
466
655
1519
318
434
2607
855
1741
1602
2840
77
868
696
2619
924
2206
1844
1394
200
2386
618
1308
2007
136
1038
270
826
1534
96
155
557
1511
544
2282
577
1763
2781
1996
956
1851
1843
2476
2878
1976
121
2427
1971
13
1010
2494
537
1846
876
1163
1732
2287
1396
2689
1435
756
2905
265
2026
374
2776
1828
613
118
891
1107
1600
83
99
229
1100
536
2696
266
1827
43
2139
990
2184
2875
2856
2015
1773
1899
2376
1450
2764
2597
1539
2294
97
347
1485
1822
400
416
879
2244
1642
1718
2050
1399
2045
2305
582
2269
2749
2569
32
677
2941
2680
979
2316
2638
1465
1876
2402
758
687
1504
2163
290
576
307
2662
2051
675
724
2618
175
2364
1315
705
461
905
67
774
940
2848
1818
2612
1036
789
2252
619
1791
2335
1612
331
1837
2509
656
1557
2791
1660
643
554
2265
2313
755
1051
1538
2351
2129
1983
2128
1611
1886
127
2478
58
562
784
782
860
260
2547
1991
1447
1284
2913
1877
2358
1861
1513
509
1430
237
2054
806
1109
7
1154
1535
380
1895
783
413
604
702
1522
2895
1017
6
2452
572
662
472
625
870
1778
1414
1942
1212
1442
1989
0
2172
726
240
1232
628
1240
612
1072
1862
2531
558
1716
1500
2567
565
202
2395
1842
2245
917
1956
765
2893
1514
828
2539
2340
2275
1341
1204
570
2025
2489
486
1530
748
1748
2099
823
1346
596
532
384
1650
1906
1334
1805
594
2370
2540
2254
1326
309
1653
2161
1549
1711
1631
1915
2623
1064
2483
1299
63
439
2733
2359
2825
2656
2773
1125
2560
1487
1113
757
529
2093
115
1661
1659
70
2915
2933
93
2189
1789
1880
213
737
2459
2004
481
900
1782
345
1032
994
2694
1229
1420
284
2632
548
1869
2891
1925
2538
845
73
336
2672
1401
617
2526
2082
1914
2620
622
2363
178
526
145
2600
626
770
2859
2525
130
2263
916
326
553
672
1671
738
2599
2089
727
2337
485
1101
1494
2436
1911
642
816
1152
343
976
583
2242
436
105
1220
1189
1349
2432
275
1933
1097
87
2761
1592
196
1964
686
1495
1106
358
2663
1777
1536
739
182
928
55
915
1002
66
1922
1286
1146
1499
2413
1582
1249
1786
2564
340
825
959
1787
831
48
1262
1425
496
100
1734
2608
46
874
1256
1553
253
234
2777
2678
116
1969
2702
1594
620
809
683
2134
1174
2063
441
718
273
2858
1830
2075
1547
1723
2676
1335
2437
786
142
1541
2906
1992
2009
409
2102
1730
303
451
287
1663
1309
1974
650
1772
611
2058
1322
936
730
2716
563
2912
2267
1378
2023
1303
124
2555
2447
286
1319
1428
2101
337
2343
2096
2125
1069
2606
2381
1726
515
160
244
2205
2814
1939
751
1103
2487
1927
1269
2908
2429
2103
150
1667
1753
972
2760
408
2888
39
541
433
375
356
1052
1298
1525
894
1019
2087
2097
301
2699
1143
500
280
59
1704
1108
241
862
1576
1503
2053
1049
106
1307
2918
1391
1007
519
1355
1796
2563
2843
89
2790
1875
573
2916
2748
101
2575
760
522
1053
2766
623
1802
1531
2594
1407
1266
1488
1151
2185
1254
348
1545
741
2000
935
1604
776
1276
377
299
2325
1448
854
2544
1550
805
111
2666
992
843
64
179
713
960
342
1375
2243
1747
1670
419
1434
1412
1949
38
65
1559
1105
1638
2501
818
187
247
163
2013
1540
2288
1599
2590
2477
279
2484
796
1712
1578
1339
190
2896
2068
1781
1601
2031
707
1751
1643
2038
2917
2453
2293
1166
2765
1283
236
974
701
2310
1498
1756
176
1606
2867
208
2854
1265
2086
2315
542
1647
1466
1870
1743
930
2687
2634
1554
698
1001
2711
2842
1356
600
2092
1086
2507
1744
2780
2298
1018
2366
1901
691
1030
1736
521
95
1218
907
632
372
2234
315
2510
491
817
1331
1301
2423
98
283
750
367
2549
2754
2719
1679
2907
1610
1469
2900
1662
1957
1920
639
858
1415
285
2671
1
2078
469
790
1191
733
2653
2079
218
2012
674
2464
1149
574
2572
1919
1693
920
2772
2414
2255
135
2440
1153
2039
2001
1729
2758
2639
2808
2250
183
2357
1656
81
1190
1364
1433
715
2114
2425
2844
1935
2131
1211
1607
132
1644
2324
2869
523
1186
2201
944
411
2668
2559
2040
898
45
1057
2847
1603
1695
1264
1944
338
2467
728
722
839
1548
1520
2774
1759
598
1179
725
1645
177
1848
1774
1649
1096
2033
1161
1769
1834
2076
2561
957
1243
2686
1443
1314
2179
365
2233
455
721
1965
1253
1672
2403
2763
1963
1148
2904
364
768
1087
1580
259
2643
2767
226
2167
1746
255
2194
1516
1147
82
1168
1230
1453
1838
291
1214
1621
779
2284
346
1566
128
2444
2219
1180
2461
814
2091
1562
2700
593
36
731
883
2168
2887
804
1122
967
2153
180
2650
2147
720
2474
856
2521
2389
1320
1847
373
1132
719
624
453
231
989
122
614
1274
1811
1328
904
1849
649
2803
1561
991
1793
459
1943
2116
2874
2861
1936
18
953
1523
2387
2846
1181
462
607
2792
138
610
2028
981
1374
228
2515
1673
1441
1327
1686
389
1252
368
1506
201
1324
2385
1740
2321
109
2584
881
2144
1680
383
2466
1892
775
90
173
503
292
297
2035
1685
1037
530
2770
1130
1586
975
27
1731
278
1158
842
973
1387
1675
502
657
1235
398
1510
308
2929
2365
1289
736
1697
92
859
1357
520
79
2061
2725
1977
378
2910
1909
2789
1377
1722
1129
1385
1700
1042
549
2644
501
2940
608
2420
371
151
2105
22
982
1358
635
302
1581
2533
1762
498
1014
1397
575
2352
1703
1608
2747
2506
2532
785
298
2021
1047
2456
463
1233
2583
14
1863
181
219
2145
2470
1737
505
942
166
61
834
2307
2239
1473
633
2258
369
1004
1501
1460
107
1725
906
1489
1011
1216
2624
2514
2277
1207
2120
2084
11
1490
670
514
1707
1507
2268
1940
511
113
220
2877
2822
1682
1116
2518
75
970
267
2203
2701
2813
516
1365
1980
1605
117
2334
2578
1760
443
418
869
1636
2626
897
2646
802
2362
2571
2216
1228
1136
2123
1757
450
1632
983
2811
2150
1137
2505
2186
1056
1171
327
479
2410
159
2665
2281
933
2326
5
2775
950
2556
2882
2095
2445
946
1813
1134
1724
2613
341
2180
189
1628
885
465
167
875
2308
1275
2862
320
2249
224
2441
2356
1077
390
1764
488
2391
665
1873
2347
2819
1585
2492
1890
154
512
810
2382
1095
1478
1005
2737
2834
198
184
1694
630
551
2418
2849
767
2721
685
1336
2312
471
539
2577
945
2198
792
910
2800
2336
890
238
1035
1840
2344
2259
256
477
225
703
1187
2890
1997
2541
1421
261
1702
1696
903
2446
2188
476
2804
2778
2817
2648
1272
1449
1524
653
271
2253
1182
2143
1804
2691
1815
996
2424
487
926
673
54
1458
1085
334
134
1780
311
1792
1242
2124
2272
2609
144
1788
2853
694
2222
249
1225
2570
1617
2723
1343
2582
2833
2266
861
2069
1783
382
2455
282
370
1758
1555
1251
1738
2283
1853
2176
599
239
333
17
2935
788
2318
1234
1361
204
2151
490
2746
678
2520
1368
250
1039
841
1300
2240
838
1825
2472
2404
2173
401
1891
2742
2698
2227
125
1932
2020
2855
1006
2354
1404
357
1972
2786
1770
2393
1953
2066
962
28
1089
837
1438
344
2372
1259
9
1071
1090
1808
1646
2715
689
1529
2820
423
185
2794
954
1236
1332
2113
2010
329
2670
2292
2876
2568
2580
191
889
2586
2407
1479
37
560
1363
1373
2681
94
524
169
569
2806
2480
1413
1865
2159
473
848
1676
464
833
710
958
2197
2285
1784
2688
1546
2925
1393
2802
2782
492
2870
2138
2229
513
699
2132
2598
2454
2885
2231
1114
1292
987
2071
1144
1620
1273
2322
161
157
212
2625
1575
747
2465
1067
1123
2065
708
640
2417
1908
1439
1423
1029
1376
272
1958
1157
1692
1803
2502
2488
1742
762
939
1855
902
2523
2508
2838
1907
793
1131
901
349
1543
1070
1721
313
362
955
1668
1126
1165
268
2628
123
478
1379
2226
2576
222
695
276
1894
305
1400
2162
2659
961
909
1081
690
1099
993
1350
2685
2085
1590
1835
2210
567
1622
2260
1517
2669
743
581
387
2301
494
2565
1967
1112
2631
1985
2106
1905
2278
988
339
2750
289
1990
821
1351
2739
2593
508
592
2710
1897
1988
2323
426
2722
808
2889
1483
1713
527
407
2230
2375
882
1278
2276
2899
402
2736
1948
2673
1424
578
2581
1884
319
1093
1945
129
641
1512
2852
1482
1766
1618
2602
2573
2311
2438
2788
1637
2271
1333
2451
1470
396
922
609
1142
2546
2156
445
2306
359
2083
742
877
1904
2658
1437
51
1201
1197
1173
966
2348
2894
2712
1533
1984
2182
1209
1422
2415
2175
1205
1021
2212
1026
448
2367
1248
1954
1931
274
242
1505
2652
886
1981
1295
644
1033
1888
1941
2279
1128
158
2406
2048
2090
74
1641
2755
420
217
648
1857
798
2542
148
2142
734
2378
911
140
878
1050
414
379
1025
1910
1188
475
2553
888
1471
2883
517
732
497
1312
15
2221
2574
324
429
1031
435
1239
1088
566
1461
1995
2616
317
2196
312
764
1231
1856
525
294
709
2177
1921
2543
1410
110
1496
1198
1820
2932
1583
164
1372
2211
504
1110
1213
1502
1735
899
863
2785
797
1015
482
1809
2880
555
2056
2751
896
2431
2667
2214
2380
499
353
1480
153
1979
704
1975
668
1092
2529
2744
2536
2296
2011
1192
2002
2745
1836
1542
1338
1630
1987
2228
2109
1609
264
1245
1290
1866
152
1626
1000
1715
2798
1217
543
2290
1074
1009
2200
752
2388
1684
2769
963
2615
223
1564
2872
2032
1824
2527
1305
1370
771
2384
425
1937
538
1098
2409
1705
403
2939
884
78
1226
1552
2504
1476
2199
2807
2475
1238
2892
849
1342
1008
2726
2419
2302
2003
1797
601
1369
1223
2881
2235
415
2871
2329
616
2797
547
1658
1366
2457
923
2759
2851
2557
1127
1247
57
325
417
1472
23
1968
1970
170
1771
1367
1160
1464
832
2708
1306
147
1318
1893
2405
2827
1733
1710
606
2059
949
2300
2752
1102
21
1889
2545
2674
717
68
2208
1648
2439
483
1267
1203
1344
921
605
174
335
2460
2350
1347
2787
197
399
1986
1515
2181
460
794
1417
1821
2371
1587
2195
836
2863
1340
669
1258
887
288
528
1446
929
2029
1739
587
1481
2884
431
1185
1688
316
1790
1457
2416
2368
251
1360
2753
2551
535
1934
2850
2073
2117
1537
330
1923
2248
1403
480
2005
2928
1140
1872
545
1311
2319
2865
1058
447
437
795
1082
2824
1666
813
964
254
2273
2799
1720
44
2111
2218
2591
2274
194
1066
2757
2450
2931
131
1800
807
2017
1918
2938
1313
1055
1595
2640
2064
571
1860
1868
636
1639
2495
1079
2860
1200
772
2074
2044
1767
1380
1288
2379
1297
1474
550
723
1352
29
552
1727
1280
819
2320
1390
2341
2734
1169
2816
1028
2482
2637
580
2345
1714
852
233
2164
1354
1206
162
1468
2394
1916
985
211
865
864
1155
49
2718
1337
141
3
801
422
1665
2135
2225
746
2886
1431
1745
533
1902
394
133
2392
2703
137
2052
1584
2528
2741
688
474
397
2647
2041
388
1854
1227
1436
2209
2839
791
2398
1040
2170
2137
820
2115
1833
2654
1961
1263
2262
1528
968
1973
199
72
2223
568
1938
2898
1124
172
2485
2330
195
2261
30
214
1709
1183
2297
2738
1164
2256
1353
2346
2633
2783
2535
853
2463
2627
667
421
507
2374
1486
1683
42
1627
1362
19
893
221
1402
2530
1841
1484
2740
938
468
1573
2251
2328
232
2879
664
2657
351
1043
71
951
108
1317
1527
1878
2937
2857
1558
2516
2303
1141
2513
2299
1426
2037
1302
2327
1492
1260
1244
2122
1287
2677
918
2552
1444
1978
1293
1061
2309
651
146
1348
986
1881
948
1567
2705
1571
1807
1614
2695
2784
2342
2707
2264
4
1270
2727
2286
2709
2693
410
404
780
892
531
1691
1316
207
980
2469
947
2897
2047
1982
2498
2332
2517
2679
363
1257
1750
2868
31
1577
2690
1281
2554
1083
2829
1133
2027
1491
84
1041
2645
778
2519
1119
659
2920
977
1405
86
1912
2100
427
2675
210
2921
934
2936
590
1138
1455
1411
2034
754
850
2730
1432
1159
26
2630
846
1294
682
1003
80
252
1261
2845
2873
851
1383
2081
25
34
1674
716
2919
2008
2112
1255
2503
1613
209
1059
2217
2241
1020
2823
1819
773
2706
518
871
912
2642
440
2088
2836
310
931
1065
1078
1629
452
744
2826
484
1556
386
2304
1864
1858
2104
1429
2396
919
143
2604
1874
1616
2412
406
1046
2522
676
872
1060
1625
759
332
1785
1241
2468
2622
602
2717
1798
1199
811
631
1416
1768
1998
706
2795
2400
1222
1111
2442
2743
965
745
1075
1023

