808
778
1447
1387
2077
650
773
2191
2419
2690
2090
219
2646
119
2403
2429
1568
2344
2720
2069
2416
1090
904
175
1658
496
1543
371
1357
799
2235
2629
1766
2795
1852
240
1714
1044
1762
845
405
1088
1711
2310
1975
885
1303
934
1396
2213
1810
1051
2850
41
795
311
2105
906
1502
2256
2120
1151
772
674
2488
2240
207
1439
743
45
2250
1708
2519
2916
2490
2574
2636
1641
794
1842
1684
1525
2813
1001
2347
2503
1997
2041
558
173
1533
1774
1575
2104
893
2673
1198
2506
1619
1025
1651
209
2039
1403
2208
2735
2861
183
2719
12
1701
2242
972
372
28
992
388
157
1029
2895
2520
338
1252
2726
2679
990
1212
2346
303
455
1150
1685
327
2373
259
899
583
2737
705
2822
22
2571
2610
2153
253
1263
1512
1994
2177
1467
2111
2044
1850
1970
2618
2224
445
263
1798
563
2054
2401
1726
2792
2151
1124
1632
958
418
1849
704
2135
2331
2193
1356
1011
1492
2225
1544
1417
1654
1510
1519
826
928
1004
1958
1635
2731
2454
471
2338
789
2142
2661
439
2413
2491
2893
2006
858
140
2524
716
55
2509
1482
341
1020
1670
2427
2465
761
66
1562
2309
1347
1677
859
1615
2395
2723
273
2882
331
1590
1600
287
1591
1558
945
2837
1225
2414
762
1386
909
77
712
1116
1638
2363
2365
3
1936
2170
2035
2152
765
2098
1453
981
956
487
954
1100
1242
355
1505
2507
2022
640
2329
1343
15
1199
1345
1232
1800
2162
31
2867
283
419
1491
512
4
2202
1018
2765
472
2532
556
2591
2926
1076
1487
1851
1169
2038
215
2858
252
282
1947
2400
2049
653
1499
334
1216
738
601
367
1472
1189
1566
813
286
2471
855
617
676
900
1207
412
1585
2390
1900
1671
1532
1650
580
783
2014
2924
562
42
2768
1445
2247
1414
1825
114
1934
1598
1485
1608
160
542
971
2793
451
402
2194
2939
1374
776
1875
1576
1571
289
1501
561
2614
2261
1911
2648
102
2060
1948
1121
2051
872
1790
1820
1490
2481
188
375
2693
218
1979
2201
2771
2085
1707
1787
1412
1028
132
393
1244
2195
1054
2537
2592
1103
2531
996
2417
2070
564
2048
960
1775
868
2889
1750
2368
2838
2642
2114
1601
1086
2619
2214
70
1535
1973
879
2783
1390
1177
539
466
2671
944
2075
159
1471
216
1047
491
1305
121
2712
2817
174
2125
2349
2600
1563
2378
478
2381
1071
2175
2304
677
1995
2638
2871
642
543
2777
214
2833
518
2
358
2756
1231
1326
882
450
610
1769
1622
2336
195
2930
2672
2637
116
346
2761
1246
432
2808
239
2238
2788
1633
1397
947
1587
955
2710
1337
1202
2550
768
1634
392
2936
1137
1867
1153
1863
1140
1848
1380
1548
1170
597
1801
1991
2856
628
1002
57
1781
921
1039
1879
1793
2746
1379
1093
2325
204
48
382
2358
1234
249
224
2900
158
1161
1784
797
2806
2881
526
2029
2730
592
1206
2273
429
1582
1922
2165
2150
1008
842
715
2849
883
2879
545
2776
2063
644
936
79
2387
2422
1908
2415
1809
1715
1042
2515
2026
128
200
1352
2190
294
38
1448
251
495
2359
329
1835
2215
2680
1837
630
2541
1295
2420
1353
248
2708
1694
1484
777
852
2082
373
284
394
544
1921
1719
2798
2211
316
1056
1824
869
1180
2458
322
1872
2430
1982
1998
596
309
656
0
1237
2218
2126
1676
1427
706
2892
2495
2644
1584
638
2621
2167
1645
2868
2316
356
60
2326
613
860
519
1868
903
1844
467
1259
2523
828
1191
275
1049
1027
507
2736
600
1429
935
863
740
2872
301
1267
1462
1675
2857
1160
2103
1812
2402
463
1115
1395
770
1450
1033
2180
2335
608
818
881
2819
1411
1270
1023
389
2076
1035
1705
1443
1378
461
2380
841
614
1720
1195
1578
1833
2545
919
1014
2685
698
2171
2467
1967
1383
1279
967
17
2928
2660
1768
2884
1444
2360
2439
105
880
949
920
1271
2020
2818
2715
2271
46
24
1420
2827
1461
1223
2521
2021
833
1474
2113
1589
915
2635
1617
2583
985
1869
297
1262
590
966
2189
49
1906
1000
1365
440
246
632
2706
2695
722
270
2689
1135
312
2580
665
2623
896
1165
1686
280
2770
1331
1186
1541
2027
90
2200
1408
1214
1432
147
2854
1716
318
1783
661
723
1314
2937
1083
1567
957
1731
2127
2079
14
1062
2160
112
2911
565
1583
444
33
2476
655
430
397
1746
244
1846
2697
832
1713
2603
2030
32
460
2774
1819
1887
1355
497
2015
1273
2352
1880
1901
1061
1079
959
2772
2577
1884
839
1663
2891
2159
823
2650
815
2634
2474
1181
2207
888
317
469
2019
724
2624
2172
265
2816
734
2823
247
1595
481
684
2324
802
2184
2287
123
2917
1826
452
1158
266
2330
2779
2315
671
2277
2790
1323
2540
1841
480
191
1788
1256
1561
2485
1104
2692
1176
226
2899
975
2436
750
1814
479
1606
1853
1860
39
1369
1795
352
1248
2787
1319
943
1721
1628
1283
2437
2804
1807
260
1771
991
1284
427
2940
2156
1786
1293
1828
336
2279
1362
149
581
1858
489
43
381
513
645
529
449
1317
585
1599
2714
623
2379
701
2811
2832
1166
1559
2665
2028
521
2334
125
1496
2801
396
948
2295
2265
2684
861
414
2293
1811
1916
970
1930
1968
579
573
129
1219
2516
1370
1647
1999
1524
1667
1016
913
2594
1043
23
1040
2683
386
745
2056
1301
730
177
2296
1710
1673
2178
2391
11
2230
354
117
1789
2210
2217
2725
566
522
889
1220
2755
559
501
2147
2010
1893
643
1985
2396
366
162
1803
2581
1208
1661
767
1760
2845
295
475
927
2154
2860
908
2283
462
2123
1129
2558
1349
2641
1190
2099
2443
511
2593
1149
115
1089
2031
293
1269
739
2457
2477
307
1679
2762
1258
448
2243
2002
212
886
1118
1681
202
2919
2599
2285
211
2204
1773
2448
2703
2821
1546
1194
1250
940
196
2258
538
619
969
190
805
2356
2701
1105
1690
1078
2733
2522
1159
2091
2254
528
2046
1226
2317
1338
2499
1878
2894
138
2656
618
2268
1736
122
1626
2183
1838
666
137
1187
135
635
2478
256
878
2072
503
875
977
1528
930
153
2908
1235
1106
1005
56
187
835
2597
1107
2451
1489
2136
163
1120
541
1469
1877
420
2480
2404
811
669
1629
1564
1757
1329
2800
141
2681
829
1522
2286
2713
398
2421
35
1384
2266
1382
648
261
1693
2565
846
1895
517
1007
2232
2687
1953
1737
570
1549
453
550
1299
179
2062
29
1652
483
2633
245
2674
838
737
1247
428
2639
690
575
1333
2518
404
1404
626
1328
609
500
2083
2535
939
2108
306
1257
549
520
2686
279
2220
1162
2890
274
1829
2645
1351
2718
1087
1034
1468
509
1644
1332
2914
2432
2354
2497
73
2297
2844
1310
865
1956
2904
2791
2431
1321
812
994
1041
1092
2802
662
425
285
2306
1275
1424
222
296
2110
2112
641
798
2280
890
2896
347
1144
2362
2784
2372
492
2089
602
747
2734
2173
1316
1728
2649
748
470
2598
806
2461
836
2814
406
786
1765
143
2536
853
1857
206
34
1978
1421
2237
2835
867
907
2289
1309
1782
2337
1594
2134
2013
2878
424
332
1456
2529
670
94
1057
2824
1067
1466
281
1495
2747
782
901
1022
1821
2057
1937
1134
804
1648
2699
133
2050
796
1307
1680
2157
1659
164
2376
2753
1367
2364
2748
310
1724
2351
1946
647
484
2339
2117
2778
2728
1163
2763
708
340
681
1308
1917
2511
96
1932
1251
792
1556
376
732
1616
1433
1963
2782
2691
854
937
736
1689
2709
726
1678
2931
1342
1516
620
1268
1897
1727
339
1896
1507
2115
914
1933
2702
1476
555
80
964
2269
2071
2397
2698
1460
2095
1836
380
2116
1696
2717
197
2341
64
912
871
678
1969
1350
2412
1573
1785
523
2097
2463
668
2829
707
1442
422
1354
1570
2676
2131
898
710
1291
1222
2003
2074
1791
1861
2933
1984
1902
189
2915
2542
1009
2061
2533
1805
1664
2408
113
1751
2096
2011
1870
1597
234
1077
107
2517
126
298
374
1888
436
953
400
1290
552
1143
1745
2383
235
1855
2527
998
185
2754
1738
532
2139
612
2544
19
1052
213
225
1240
1988
75
364
2333
2274
401
1551
759
718
527
1607
651
703
2534
688
2781
1182
621
1418
791
1465
506
2059
1175
754
1277
1438
2669
198
2493
1381
1885
243
227
649
700
1749
2626
2688
2807
1192
139
2929
27
1730
410
2602
941
1761
416
605
2355
2418
1927
20
2084
2869
2615
2696
2163
742
106
2081
1428
2925
1593
2244
1210
2568
2161
2760
1203
2182
1478
2399
2212
1459
699
779
1514
2018
997
1320
1122
276
2119
2514
2176
2216
2314
2009
186
2438
2625
2560
2586
1261
2923
1925
2245
905
2608
305
423
1315
1026
2434
2627
1064
2168
1147
1145
1249
1579
2118
2652
59
47
490
1184
819
974
709
165
1422
2757
1943
1871
2767
1006
1133
1430
1065
1706
2197
1197
1698
1130
2246
2040
788
2616
711
2460
2489
902
2389
1094
2321
2803
1928
733
1733
504
1955
810
746
752
2607
2898
2101
2539
2149
2657
1613
98
2145
2496
1725
741
1758
176
2880
456
2799
2576
1717
1037
2278
1504
2769
1816
1777
493
87
1778
2441
1529
1409
314
774
1091
567
2122
76
2141
1759
1631
2032
290
1393
1691
1942
131
362
1662
697
1139
1926
633
1117
1574
1372
598
1334
1446
1753
1904
1318
1950
83
438
1200
2732
1915
2464
134
74
2024
1276
1070
446
1660
2611
725
335
1703
1236
10
494
2677
2257
2842
1813
595
2100
454
148
2196
2121
2909
2622
571
2066
221
2328
1609
1729
976
99
1854
1808
2158
2357
2148
1511
2912
1297
1918
1457
714
2282
271
182
2865
1230
758
587
169
1881
1993
1862
1441
1923
1012
634
2483
910
1032
1419
2653
50
378
831
1425
2411
1610
1413
2582
2740
874
1055
1614
1952
1898
1794
1154
2556
1653
2305
1931
2303
1712
1253
1873
2181
2528
1285
2572
136
172
2863
1815
2700
553
1935
1391
292
2348
1540
258
2012
1964
1385
1375
1074
1111
757
431
1167
1636
2406
1254
2433
2093
391
2745
1596
1699
1324
2651
1763
2498
2553
548
1649
1174
1046
780
184
2551
1141
1066
1961
2073
980
2631
508
2067
2472
30
531
1531
611
2864
1669
150
387
637
498
433
2836
591
1228
1986
667
1612
2053
1399
987
1894
760
2384
2853
2410
1665
1281
2342
1113
1024
986
459
1455
2294
1976
408
1545
2575
816
1586
800
1036
2721
1110
866
1082
203
515
1538
413
1073
180
2435
938
995
589
1520
1646
178
1700
1827
2449
574
843
2300
923
1298
2219
1542
502
2001
884
2239
2086
2109
636
825
2552
534
2820
18
2569
1552
1642
2501
680
1274
82
2941
2206
2367
2647
607
1017
1687
151
2446
2479
2262
702
1178
89
1157
65
569
477
533
2005
1416
5
1464
2253
2444
547
1264
2643
361
616
2563
931
2707
1882
658
434
2830
2374
2377
2164
2659
2251
1674
192
652
111
2323
1565
1555
201
753
1752
2302
1452
1779
144
2307
2773
476
2424
1959
1325
1945
2284
2554
2186
961
1996
2513
156
1010
1481
13
2203
657
1983
1580
1060
2185
1722
44
1553
2345
330
1272
2815
2332
1389
1266
2392
2846
2350
1156
1142
333
2780
2667
2426
646
983
922
7
1517
2409
1282
1402
870
385
1136
1168
210
1243
2484
687
468
751
2913
2318
1890
1406
584
1672
1723
363
952
1792
230
1554
447
1278
2023
2630
2252
1621
1845
2578
1625
946
1643
1865
1709
2445
979
2179
101
1388
1405
1080
1239
2640
1572
254
516
2078
1304
62
1377
199
1503
1508
639
1839
1755
2841
1172
606
787
2370
1493
887
1426
588
1075
1992
1526
1569
2505
2473
822
26
1470
2920
2223
1990
1864
1823
2036
1415
1127
894
1620
1340
568
2290
962
771
1128
2794
2366
1941
847
2394
1084
965
1977
1463
1341
257
155
348
69
1924
554
127
546
2751
21
1068
689
1518
2047
2468
360
1058
2008
2169
756
505
208
2264
830
2601
84
775
269
2080
1940
384
2526
108
1604
229
672
351
92
627
1003
664
1605
154
2033
343
918
1479
693
803
727
1806
1739
1205
2470
1480
2809
1059
499
2037
1371
1119
2549
525
1112
2311
53
349
1732
1215
2796
291
1856
171
2188
67
1101
25
1045
660
1311
2192
1513
873
1754
2440
685
2826
576
1410
1451
377
510
1630
2492
2322
1211
1053
2546
1229
2124
2843
231
2130
1488
876
924
1603
1336
659
807
2675
2205
1776
357
536
1909
262
304
1767
1013
1434
1624
2562
721
1327
582
1095
109
2425
1227
277
2340
1509
2455
1348
342
52
2566
1019
2764
535
2388
1515
916
2106
61
728
2231
1486
2088
2155
1817
2301
1744
2281
2658
2620
2393
1899
2666
1949
2885
764
1050
925
2579
250
1682
1286
790
2312
368
1704
458
1394
2000
2847
1473
1245
2313
2291
978
1886
834
421
2129
2462
2722
2343
51
624
337
409
951
1892
1834
2174
2786
1883
675
2319
2617
682
837
415
895
2935
2876
1831
982
1536
124
2749
1346
2759
1697
2886
1980
1944
2068
2564
2848
1981
2605
1440
91
817
1148
344
2502
857
326
735
2133
1974
2584
1164
1132
1494
1201
2459
217
2910
1048
2092
1173
827
2727
2453
302
383
58
2487
1407
1547
1557
1957
988
993
968
2538
1183
2385
862
2308
848
989
2907
2789
2233
1796
2530
1498
2606
2901
2906
1155
2596
2874
2249
1081
313
1204
654
325
488
2198
1339
1905
435
1114
749
2559
2828
1939
1217
2758
809
194
2137
2146
2508
694
486
1913
2229
2248
2805
2918
2738
2058
1344
2375
625
2547
2510
2595
379
1358
40
2512
2934
1523
2004
2255
950
1666
2369
1296
2873
984
1109
530
2405
2785
1400
594
2407
851
2810
2654
93
1031
2883
1772
264
1822
1313
1366
729
2555
1965
1363
72
1260
942
2016
973
1830
683
1359
2209
2128
85
1683
1401
315
850
152
1602
2065
1987
1196
103
236
2143
120
2711
2682
1971
1960
2632
2045
2716
2386
1581
1475
1437
1302
1322
2320
1866
673
168
2486
1989
1292
2442
267
390
599
288
399
2604
146
926
2259
36
2670
1038
1910
2905
237
1747
2797
824
1265
2932
2450
97
1218
1125
2494
1876
485
793
1138
1914
1435
1668
2922
2903
1454
629
2482
696
1288
1637
1213
2590
1742
2371
1912
1770
443
1938
359
16
2525
1098
2094
2705
321
1099
2275
2055
877
1639
593
1623
2573
840
524
2227
464
1188
268
1818
2825
1097
2263
1287
560
1209
2428
1799
1903
604
228
578
1477
2052
1534
2138
2752
457
482
220
891
2226
2750
2260
1702
1131
2140
2234
2938
299
1373
345
323
1734
2064
426
686
2292
1123
892
2678
713
2766
2561
2025
1108
1030
86
1907
2724
2585
2870
2221
2132
2107
1238
631
1920
2877
71
2187
999
37
2469
232
1224
1780
820
2739
1640
2851
1847
241
2887
2548
2102
2272
278
2741
2859
1966
465
100
2927
473
78
1096
1360
1797
1718
801
514
2500
1962
1
1550
2236
88
1021
1335
1500
2663
1376
2452
474
1627
205
1289
2557
551
2664
1015
1506
2288
300
2834
2831
2875
917
2612
161
2609
1929
572
755
963
2382
395
1756
255
2276
2588
6
1843
1592
2042
1063
411
1072
95
2199
864
2589
2812
2743
1085
1300
720
2222
1537
1521
170
1539
603
54
2742
8
844
1688
929
365
717
692
1740
1361
2017
814
1692
1221
2613
417
1436
1392
2043
1152
2655
370
1255
2775
1431
223
856
2456
1126
319
2398
1241
142
238
933
1423
849
1193
622
118
1306
1840
353
308
2007
1527
2241
540
1748
577
1874
2587
193
784
1657
2668
272
1735
1312
1530
1483
763
1280
2298
407
2855
744
1832
1102
2570
233
615
1364
2504
1802
2423
2704
1951
1611
369
1577
2299
2361
1656
181
2475
1588
81
1859
2921
145
328
695
766
2694
2270
679
2628
731
350
1919
1458
2267
1764
2839
1954
1449
2228
1294
1146
2034
2543
1069
2466
1171
897
324
437
2902
166
1185
2729
1179
2447
932
242
1891
1655
663
2087
1804
1695
557
2744
9
320
1368
719
2353
1330
1497
2662
2852
2327
104
1560
1233
2866
1741
63
691
403
167
785
441
911
1889
781
2166
1743
110
130
821
537
1618
2840
769
2144
586
2567
442
2862
68
1398
2897
2888
1972

