1 1
2 1
3 0
4 1
5 0
6 0
7 1
8 0
9 1
10 1
11 0
12 0
13 1
14 0
15 0
16 1
17 1
18 1
19 1
20 0
21 0
22 1
23 0
24 0
25 0
26 0
27 1
28 0
29 0
30 1
31 1
32 1
33 1
34 0
35 0
36 0
37 0
38 1
39 0
40 1
41 0
42 0
43 0
44 0
45 0
46 0
47 1
48 1
49 1
50 1
51 0
52 1
53 1
54 0
55 1
56 1
57 0
58 0
59 0
60 1
61 0
62 0
63 0
64 0
65 1
66 1
67 0
68 1
69 1
70 0
71 0
72 1
73 1
74 1
75 0
76 1
77 1
78 0
79 0
80 0
81 0
82 1
83 0
84 1
85 0
86 0
87 0
88 1
89 0
90 0
91 1
92 0
93 0
94 1
95 1
96 1
97 1
98 1
99 0
100 1
101 0
102 0
103 1
104 1
105 1
106 0
107 1
108 0
109 1
110 0
111 0
112 0
113 1
114 1
115 0
116 0
117 0
118 0
119 1
120 1
121 1
122 0
123 1
124 1
125 1
126 0
127 0
128 0
129 0
130 0
131 1
132 1
133 1
134 1
135 1
136 1
137 0
138 0
139 1
140 1
141 1
142 1
143 0
144 0
145 1
146 1
147 0
148 0
149 0
150 0
151 0
152 0
153 0
154 0
155 0
156 0
157 1
158 0
159 0
160 1
161 1
162 0
163 0
164 1
165 0
166 1
167 0
168 1
169 0
170 0
171 1
172 0
173 1
174 0
175 1
176 0
177 1
178 0
179 1
180 1
181 0
182 1
183 1
184 1
185 0
186 1
187 0
188 0
189 1
190 1
191 0
192 0
193 0
194 0
195 0
196 1
197 0
198 1
199 1
200 0
201 0
202 0
203 1
204 1
205 1
206 0
207 0
208 0
209 1
210 1
211 1
212 1
213 0
214 0
215 0
216 0
217 0
218 0
219 0
220 0
221 0
222 1
223 0
224 1
225 0
226 1
227 1
228 0
229 0
230 1
231 1
232 1
233 1
234 1
235 0
236 0
237 0
238 1
239 1
240 1
241 1
242 1
243 1
244 0
245 0
246 1
247 1
248 0
249 0
250 1
251 1
252 0
253 1
254 0
255 1
256 0
257 0
258 0
259 1
260 1
261 1
262 0
263 1
264 1
265 0
266 0
267 1
268 0
269 0
270 0
271 1
272 0
273 0
274 0
275 1
276 0
277 0
278 0
279 1
280 1
281 0
282 0
283 0
284 1
285 1
286 1
287 1
288 1
289 0
290 0
291 1
292 0
293 0
294 1
295 0
296 0
297 1
298 1
299 1
300 0
301 0
302 0
303 1
304 1
305 1
306 1
307 1
308 0
309 1
310 1
311 1
312 1
313 1
314 1
315 0
316 0
317 0
318 0
319 0
320 0
321 1
322 0
323 0
324 0
325 0
326 1
327 0
328 0
329 1
330 1
331 1
332 1
333 0
334 1
335 1
336 0
337 1
338 1
339 0
340 0
341 0
342 0
343 0
344 1
345 1
346 0
347 1
348 1
349 0
350 1
351 0
352 0
353 0
354 1
355 1
356 0
357 0
358 1
359 0
360 1
361 0
362 1
363 0
364 1
365 0
366 0
367 0
368 0
369 0
370 1
371 1
372 0
373 0
374 0
375 1
376 0
377 1
378 0
379 1
380 1
381 1
382 1
383 0
384 0
385 1
386 0
387 1
388 1
389 1
390 0
391 1
392 0
393 1
394 0
395 0
396 0
397 1
398 1
399 1
400 1
401 0
402 1
403 0
404 0
405 0
406 0
407 0
408 0
409 1
410 0
411 0
412 1
413 1
414 1
415 1
416 1
417 0
418 0
419 0
420 0
421 0
422 0
423 1
424 0
425 0
426 1
427 0
428 1
429 0
430 0
431 0
432 1
433 0
434 1
435 1
436 0
437 1
438 1
439 1
440 0
441 0
442 0
443 0
444 0
445 0
446 1
447 1
448 0
449 1
450 0
451 1
452 0
453 0
454 0
455 1
456 0
457 1
458 0
459 0
460 1
461 1
462 0
463 1
464 1
465 0
466 1
467 0
468 1
469 0
470 0
471 1
472 0
473 0
474 1
475 1
476 1
477 1
478 1
479 0
480 1
481 1
482 1
483 1
484 1
485 0
486 1
487 1
488 0
489 1
490 0
491 1
492 0
493 1
494 1
495 0
496 1
497 0
498 0
499 0
500 1
501 0
502 0
503 0
504 0
505 1
506 0
507 0
508 0
509 1
510 0
511 0
512 0
513 1
514 0
515 0
516 1
517 1
518 0
519 1
520 1
521 1
522 1
523 1
524 1
525 1
526 0
527 1
528 1
529 0
530 1
531 0
532 1
533 1
534 0
535 0
536 0
537 1
538 1
539 1
540 1
541 1
542 0
543 0
544 0
545 1
546 1
547 1
548 0
549 0
550 1
551 0
552 0
553 0
554 1
555 0
556 1
557 0
558 1
559 1
560 0
561 0
562 1
563 1
564 0
565 0
566 0
567 0
568 0
569 0
570 0
571 1
572 0
573 1
574 1
575 1
576 0
577 1
578 1
579 1
580 0
581 1
582 0
583 1
584 1
585 1
586 1
587 1
588 0
589 0
590 1
591 1
592 0
593 0
594 0
595 0
596 0
597 1
598 1
599 0
600 0
601 1
602 0
603 0
604 1
605 1
606 1
607 0
608 1
609 0
610 0
611 0
612 1
613 0
614 0
615 0
616 0
617 1
618 0
619 0
620 0
621 0
622 1
623 0
624 0
625 1
626 1
627 0
628 0
629 1
630 0
631 0
632 0
633 0
634 1
635 0
636 1
637 0
638 1
639 0
640 1
641 0
642 0
643 0
644 1
645 0
646 1
647 0
648 1
649 1
650 1
651 1
652 0
653 0
654 0
655 1
656 0
657 0
658 1
659 1
660 0
661 0
662 1
663 1
664 1
665 0
666 1
667 1
668 0
669 1
670 1
671 1
672 1
673 0
674 0
675 0
676 1
677 1
678 1
679 0
680 0
681 1
682 0
683 0
684 0
685 0
686 0
687 1
688 0
689 1
690 1
691 0
692 0
693 1
694 0
695 1
696 0
697 1
698 0
699 0
700 1
701 1
702 0
703 1
704 0
705 1
706 0
707 0
708 1
709 0
710 1
711 0
712 0
713 1
714 0
715 1
716 1
717 1
718 1
719 1
720 0
721 0
722 1
723 1
724 1
725 0
726 0
727 1
728 0
729 1
730 1
731 1
732 0
733 0
734 1
735 0
736 1
737 1
738 1
739 1
740 1
741 0
742 1
743 1
744 1
745 1
746 1
747 1
748 0
749 0
750 0
751 0
752 1
753 1
754 1
755 1
756 1
757 0
758 1
759 1
760 1
761 0
762 1
763 1
764 1
765 0
766 1
767 1
768 0
769 0
770 1
771 0
772 1
773 0
774 1
775 0
776 1
777 1
778 1
779 0
780 1
781 0
782 0
783 0
784 1
785 1
786 0
787 1
788 0
789 1
790 0
791 0
792 0
793 1
794 1
795 1
796 0
797 1
798 0
799 0
800 0
801 0
802 0
803 0
804 0
805 0
806 1
807 1
808 0
809 0
810 0
811 1
812 1
813 1
814 0
815 0
816 0
817 1
818 1
819 1
820 0
821 0
822 1
823 1
824 0
825 1
826 1
827 0
828 0
829 0
830 1
831 1
832 1
833 0
834 0
835 0
836 1
837 1
838 1
839 1
840 0
841 0
842 1
843 1
844 0
845 0
846 0
847 1
848 0
849 0
850 0
851 0
852 1
853 0
854 1
855 0
856 0
857 0
858 1
859 0
860 1
861 1
862 1
863 1
864 1
865 1
866 1
867 1
868 1
869 1
870 1
871 1
872 0
873 0
874 1
875 0
876 1
877 0
878 0
879 0
880 1
881 1
882 0
883 0
884 0
885 0
886 0
887 0
888 1
889 0
890 0
891 1
892 0
893 1
894 1
895 0
896 0
897 1
898 1
899 1
900 0
901 0
902 0
903 1
904 1
905 1
906 0
907 0
908 0
909 0
910 0
911 1
912 0
913 1
914 0
915 0
916 0
917 1
918 0
919 0
920 0
921 1
922 1
923 1
924 1
925 0
926 1
927 0
928 0
929 0
930 1
931 1
932 1
933 0
934 1
935 0
936 0
937 0
938 0
939 0
940 1
941 0
942 1
943 1
944 1
945 1
946 0
947 0
948 0
949 0
950 0
951 0
952 1
953 0
954 0
955 0
956 0
957 0
958 0
959 0
960 1
961 1
962 0
963 1
964 0
965 0
966 1
967 0
968 1
969 0
970 0
971 1
972 0
973 0
974 0
975 1
976 1
977 0
978 1
979 0
980 0
981 1
982 1
983 0
984 0
985 0
986 0
987 0
988 0
989 0
990 1
991 0
992 0
993 1
994 1
995 1
996 0
997 0
998 0
999 0
1000 0
1001 0
1002 0
1003 0
1004 1
1005 0
1006 0
1007 1
1008 1
1009 0
1010 1
1011 0
1012 0
1013 1
1014 0
1015 1
1016 0
1017 1
1018 1
1019 1
1020 0
1021 1
1022 1
1023 1
1024 1
1025 1
1026 1
1027 0
1028 1
1029 0
1030 1
1031 1
1032 0
1033 1
1034 1
1035 1
1036 1
1037 0
1038 0
1039 1
1040 0
1041 1
1042 1
1043 1
1044 0
1045 0
1046 0
1047 1
1048 1
1049 1
1050 0
1051 1
1052 1
1053 0
1054 1
1055 0
1056 0
1057 1
1058 0
1059 0
1060 0
1061 1
1062 1
1063 1
1064 1
1065 0
1066 1
1067 0
1068 0
1069 0
1070 1
1071 1
1072 1
1073 1
1074 1
1075 0
1076 1
1077 1
1078 0
1079 1
1080 0
1081 0
1082 0
1083 0
1084 1
1085 0
1086 1
1087 0
1088 0
1089 0
1090 0
1091 1
1092 0
1093 0
1094 0
1095 0
1096 0
1097 0
1098 0
1099 1
1100 0
1101 0
1102 0
1103 0
1104 0
1105 0
1106 0
1107 1
1108 0
1109 1
1110 1
1111 0
1112 0
1113 0
1114 1
1115 1
1116 1
1117 1
1118 0
1119 1
1120 1
1121 0
1122 1
1123 1
1124 0
1125 0
1126 1
1127 1
1128 0
1129 1
1130 1
1131 1
1132 1
1133 0
1134 1
1135 0
1136 0
1137 0
1138 0
1139 1
1140 1
1141 0
1142 0
1143 0
1144 1
1145 1
1146 0
1147 1
1148 1
1149 1
1150 1
1151 1
1152 1
1153 0
1154 0
1155 1
1156 1
1157 1
1158 0
1159 0
1160 0
1161 0
1162 0
1163 0
1164 1
1165 0
1166 1
1167 0
1168 0
1169 1
1170 0
1171 1
1172 0
1173 0
1174 0
1175 1
1176 0
1177 0
1178 0
1179 1
1180 0
1181 0
1182 0
1183 0
1184 1
1185 0
1186 0
1187 1
1188 1
1189 0
1190 1
1191 0
1192 1
1193 1
1194 0
1195 0
1196 0
1197 0
1198 0
1199 1
1200 0
1201 1
1202 0
1203 0
1204 0
1205 0
1206 0
1207 0
1208 1
1209 1
1210 0
1211 1
1212 0
1213 1
1214 0
1215 0
1216 1
1217 1
1218 1
1219 0
1220 1
1221 1
1222 1
1223 1
1224 1
1225 1
1226 0
1227 0
1228 1
1229 1
1230 1
1231 0
1232 1
1233 1
1234 1
1235 0
1236 1
1237 0
1238 1
1239 0
1240 0
1241 0
1242 0
1243 1
1244 0
1245 1
1246 1
1247 0
1248 0
1249 0
1250 0
1251 0
1252 1
1253 1
1254 0
1255 0
1256 1
1257 1
1258 1
1259 1
1260 0
1261 0
1262 1
1263 0
1264 0
1265 0
1266 1
1267 1
1268 0
1269 0
1270 1
1271 0
1272 1
1273 0
1274 1
1275 0
1276 0
1277 0
1278 0
1279 0
1280 0
1281 0
1282 0
1283 0
1284 0
1285 0
1286 0
1287 0
1288 1
1289 0
1290 0
1291 1
1292 0
1293 1
1294 0
1295 0
1296 1
1297 0
1298 1
1299 0
1300 0
1301 0
1302 1
1303 1
1304 0
1305 1
1306 1
1307 1
1308 0
1309 0
1310 1
1311 0
1312 0
1313 0
1314 0
1315 0
1316 0
1317 0
1318 1
1319 0
1320 0
1321 1
1322 0
1323 0
1324 0
1325 0
1326 0
1327 1
1328 1
1329 0
1330 0
1331 0
1332 0
1333 0
1334 0
1335 0
1336 1
1337 1
1338 1
1339 1
1340 0
1341 1
1342 1
1343 1
1344 0
1345 1
1346 1
1347 0
1348 1
1349 1
1350 0
1351 1
1352 1
1353 1
1354 0
1355 0
1356 0
1357 0
1358 0
1359 1
1360 1
1361 1
1362 1
1363 0
1364 0
1365 1
1366 1
1367 0
1368 0
1369 1
1370 1
1371 0
1372 1
1373 0
1374 0
1375 1
1376 0
1377 0
1378 0
1379 1
1380 0
1381 1
1382 1
1383 1
1384 0
1385 1
1386 1
1387 0
1388 1
1389 1
1390 1
1391 0
1392 0
1393 0
1394 1
1395 0
1396 0
1397 0
1398 1
1399 0
1400 1
1401 1
1402 1
1403 0
1404 1
1405 0
1406 0
1407 0
1408 0
1409 0
1410 0
1411 1
1412 1
1413 0
1414 1
1415 0
1416 0
1417 0
1418 0
1419 0
1420 1
1421 1
1422 1
1423 1
1424 0
1425 1
1426 1
1427 0
1428 1
1429 0
1430 0
1431 0
1432 0
1433 0
1434 0
1435 0
1436 0
1437 0
1438 1
1439 1
1440 1
1441 0
1442 0
1443 0
1444 0
1445 1
1446 0
1447 1
1448 0
1449 1
1450 0
1451 1
1452 1
1453 0
1454 0
1455 0
1456 1
1457 1
1458 1
1459 1
1460 0
1461 0
1462 1
1463 0
1464 1
1465 0
1466 0
1467 1
1468 0
1469 0
1470 1
1471 1
