1 0
2 0
3 0
4 1
5 0
6 0
7 0
8 1
9 0
10 1
11 1
12 1
13 1
14 1
15 0
16 0
17 0
18 0
19 1
20 1
27 1
28 1
29 1
30 1
31 0
32 0
33 1
34 0
35 0
36 1
37 0
38 0
39 1
40 1
41 0
42 0
43 0
44 0
45 1
46 0
47 0
48 1
49 0
50 1
51 0
52 1
53 0
54 0
55 1
56 1
57 0
58 0
59 0
60 0
61 1
62 1
63 0
64 0
65 0
66 1
67 0
68 1
69 0
70 0
71 0
72 1
73 1
74 0
75 1
76 0
77 1
78 0
79 0
80 0
81 0
82 1
83 0
84 0
85 1
86 1
87 0
88 0
89 0
90 1
91 1
92 0
93 0
94 1
95 1
96 0
97 0
98 1
99 1
100 1
101 0
102 0
103 0
104 0
105 0
106 1
107 1
108 0
109 1
110 0
111 0
112 1
113 1
114 1
115 1
116 1
117 1
118 1
119 0
120 1
121 0
122 0
123 1
124 0
125 1
126 0
127 0
128 1
129 1
130 0
131 0
132 1
133 0
134 1
136 0
137 0
138 0
141 0
142 0
143 0
144 0
145 0
146 1
147 0
148 1
149 0
150 0
151 0
152 0
153 1
154 1
155 1
156 0
157 1
158 1
159 0
160 1
161 1
162 1
163 0
164 1
165 1
166 0
167 0
168 1
169 0
170 1
171 1
172 1
173 1
174 0
175 0
176 0
177 0
178 0
179 0
180 1
181 1
182 1
183 1
184 1
185 1
186 0
187 1
188 0
189 1
190 1
191 0
192 1
193 0
194 0
195 1
196 1
197 0
198 1
199 0
200 0
201 1
202 0
203 0
204 1
205 0
206 0
207 1
208 0
209 1
210 0
211 1
212 0
213 0
214 0
215 1
216 0
217 1
218 1
219 0
220 0
221 0
222 0
223 1
224 1
225 0
226 0
227 1
228 1
229 0
230 0
231 1
232 1
233 0
234 1
235 0
236 0
237 0
238 0
239 1
240 1
241 0
242 1
245 1
246 0
247 1
248 0
249 1
250 1
251 1
252 0
253 0
254 0
255 1
256 1
257 1
258 1
259 0
260 0
261 0
262 1
263 0
264 1
265 1
266 1
267 1
268 0
269 0
270 1
271 0
272 0
273 1
274 1
275 0
276 0
277 0
278 0
279 1
280 0
281 0
282 0
283 0
284 1
285 1
286 1
287 0
288 1
289 1
290 1
291 1
292 0
293 0
294 0
295 1
296 1
297 0
298 1
299 1
300 1
301 0
302 0
303 1
304 0
305 0
306 0
307 0
308 1
309 1
310 0
311 1
312 0
313 1
316 1
317 1
318 0
319 0
320 0
321 1
322 1
323 0
324 1
325 1
326 1
327 0
328 0
329 1
330 1
331 1
332 0
333 0
334 0
335 1
336 1
337 1
338 0
339 0
340 1
341 1
342 1
343 1
344 1
345 0
346 0
347 0
348 1
349 1
352 1
353 1
354 1
355 1
356 0
357 0
358 0
359 1
360 0
361 0
362 0
363 0
364 1
365 1
366 0
367 0
368 1
369 1
370 1
371 1
372 0
373 1
374 0
375 0
376 0
377 1
378 0
379 1
380 0
381 0
382 1
383 1
384 0
385 1
386 1
387 1
388 0
389 0
390 0
391 1
392 1
393 1
394 0
395 1
396 0
397 1
398 1
399 1
400 1
401 0
402 0
403 0
404 1
405 0
406 0
407 0
408 1
409 1
410 1
413 1
414 0
415 0
416 1
417 0
418 1
419 1
420 1
421 0
422 0
423 1
424 1
425 1
426 0
427 0
428 1
429 1
430 0
431 0
432 1
433 0
434 1
435 0
436 0
437 1
438 1
439 1
440 1
441 1
442 0
443 0
444 0
445 1
446 0
447 1
448 0
449 0
450 0
451 0
452 0
453 1
454 1
455 1
456 0
457 1
460 1
461 0
462 1
463 1
464 1
465 0
466 1
467 0
468 1
469 0
470 1
471 0
472 1
473 1
474 0
475 0
476 0
477 0
478 0
479 1
480 0
481 1
482 0
483 1
484 1
485 1
486 1
487 0
488 1
489 0
490 1
491 0
492 0
493 0
494 1
495 0
496 1
497 1
498 0
499 0
500 0
501 1
502 0
503 0
504 1
505 1
506 0
507 0
508 1
509 0
510 0
511 1
512 0
513 0
514 0
515 1
516 1
517 0
518 0
519 1
520 0
521 0
522 0
523 1
524 0
525 0
526 1
527 1
528 1
529 1
530 0
531 0
532 0
533 1
534 1
535 1
536 1
537 1
538 0
539 1
540 0
541 1
542 1
543 0
544 1
545 1
546 1
547 0
548 0
549 0
550 1
551 0
552 0
553 1
554 1
555 1
556 0
557 0
558 1
559 0
560 0
561 1
562 1
563 0
564 1
565 1
566 1
567 0
568 0
569 1
570 0
571 1
572 0
573 0
574 0
575 1
576 0
577 0
578 1
579 0
580 1
581 1
582 1
583 0
584 0
585 1
586 1
587 0
588 0
589 0
590 0
591 0
592 1
593 1
594 0
595 1
596 1
597 0
598 0
599 0
600 0
601 1
602 0
603 0
604 1
605 1
606 0
607 1
608 1
609 1
610 1
611 1
612 0
613 1
614 1
615 1
616 1
617 1
618 0
619 0
620 0
621 0
622 1
623 0
624 0
625 0
626 1
627 0
628 1
629 1
630 1
631 0
632 1
633 0
634 0
635 0
636 0
637 1
638 0
639 1
640 1
641 0
642 1
643 1
644 0
645 0
646 1
647 1
648 1
649 1
650 1
651 1
652 1
653 0
654 0
655 1
656 0
657 0
658 1
659 1
660 0
661 1
662 1
663 0
664 1
665 0
666 0
667 0
668 0
669 1
670 0
671 1
672 0
673 1
674 1
675 0
676 1
677 0
678 0
679 0
680 1
681 1
682 1
683 1
684 0
685 1
686 1
687 0
688 0
689 0
690 0
691 1
692 1
693 0
694 1
695 0
696 0
697 0
698 1
699 1
700 1
701 0
702 1
703 1
704 0
705 0
706 0
707 0
708 1
709 0
710 1
711 0
712 1
713 0
714 1
715 1
716 1
717 1
718 0
719 0
720 0
721 1
722 1
723 1
724 0
725 1
726 1
727 1
728 1
729 0
730 1
731 0
732 1
733 1
734 1
735 0
736 1
737 0
738 1
739 1
740 0
741 1
742 0
743 0
744 1
745 0
746 1
747 1
748 0
749 0
750 1
751 1
752 1
753 1
754 0
755 1
756 0
757 0
758 0
759 1
760 0
761 0
762 0
763 1
764 1
765 0
766 0
767 1
768 0
769 0
770 1
771 0
772 0
773 1
774 0
775 1
776 0
777 0
778 1
779 1
780 0
781 1
782 1
783 1
784 0
785 0
786 1
787 1
788 1
789 1
790 0
791 0
792 0
793 0
794 1
795 0
796 0
797 0
798 1
799 0
800 1
801 1
802 1
803 0
804 1
805 0
806 1
807 1
808 1
809 0
810 0
811 1
812 1
813 1
814 1
815 1
816 0
817 0
818 1
819 0
820 0
821 1
822 0
823 1
824 0
825 1
826 1
827 0
828 0
829 1
830 0
831 0
832 1
833 0
834 0
835 0
836 1
837 0
838 1
839 0
840 1
841 0
842 1
843 0
844 1
845 0
846 0
847 1
848 1
849 1
850 0
851 0
852 1
853 1
854 0
855 0
856 1
857 1
858 0
859 1
860 1
861 1
862 0
863 0
864 0
865 0
866 0
867 1
868 0
869 1
870 0
871 0
872 1
873 1
874 0
875 0
876 0
877 1
878 1
879 1
880 0
881 1
882 0
883 0
884 0
885 1
886 1
887 0
888 0
889 0
890 1
891 1
892 1
893 0
894 0
895 0
896 1
897 1
898 1
899 0
900 0
901 1
902 1
903 1
904 1
905 1
906 1
907 1
908 0
909 1
910 1
911 1
912 0
913 0
914 1
915 0
916 1
917 1
918 0
919 0
920 1
921 0
922 1
923 1
924 0
925 1
926 1
927 0
928 0
929 1
930 0
931 1
932 1
933 0
934 0
935 1
936 1
937 0
938 0
939 1
940 1
941 1
942 0
943 0
944 1
945 0
946 0
947 0
948 0
949 1
950 0
951 1
952 1
953 0
954 1
955 0
956 0
957 0
958 0
959 1
960 0
961 1
962 0
963 1
964 0
965 0
966 0
967 0
968 0
969 0
970 0
971 1
972 0
973 1
974 1
975 1
976 1
977 1
978 1
979 1
980 1
981 1
982 1
983 0
984 1
985 1
986 0
987 0
988 1
989 1
990 1
991 1
992 0
993 0
994 1
995 0
996 1
997 1
998 1
999 0
1000 0
1001 0
1002 1
1003 0
1004 0
1005 0
1006 0
1007 0
1008 1
1009 1
1010 1
1011 1
1012 0
1013 1
1014 1
1015 0
1016 0
1017 1
1018 1
1019 0
1020 0
1021 0
1022 1
1023 1
1024 1
1025 0
1026 1
1027 1
1028 0
1029 1
1030 0
1031 0
1032 1
1033 1
1034 1
1035 0
1036 1
1037 1
1038 1
1039 0
1040 1
1041 1
1042 0
1043 0
1044 0
1045 0
1046 0
1047 1
1048 1
1049 0
1050 0
1051 0
1052 0
1053 1
1054 0
1055 1
1056 1
1057 1
1058 1
1059 1
1060 1
1061 0
1062 0
1063 0
1064 0
1065 1
1066 1
1067 0
1068 1
1069 1
1070 1
1071 0
1072 0
1073 1
1074 0
1075 0
1076 0
1077 0
1078 1
1079 0
1080 1
1081 1
1082 1
1083 0
1084 1
1085 1
1086 0
1087 0
1088 0
1089 1
1090 0
1091 1
1092 1
1093 0
1094 0
1095 1
1096 1
1097 1
1098 0
1099 0
1100 1
1101 0
1102 1
1103 0
1104 0
1105 0
1106 1
1107 1
1108 0
1109 1
1110 0
1111 1
1112 1
1113 0
1114 0
1115 0
1116 0
1117 0
1118 0
1119 1
1120 0
1121 0
1122 0
1123 1
1124 0
1125 1
1126 1
1127 1
1128 1
1129 1
1130 0
1131 0
1132 1
1133 0
1134 1
1135 1
1136 1
1137 1
1138 0
1139 1
1140 1
1141 1
1142 1
1143 0
1144 0
1145 1
1146 1
1147 1
1148 0
1149 1
1150 1
1151 1
1152 1
1153 1
1154 0
1155 0
1156 1
1157 1
1158 1
1159 0
1160 1
1161 0
1162 0
1163 1
1164 0
1165 1
1166 0
1167 1
1168 1
1169 1
1170 0
1171 0
1172 0
1173 0
1174 1
1175 0
1176 0
1177 1
1178 0
1179 1
1180 1
1181 1
1182 0
1183 0
1184 0
1185 0
1186 0
1187 0
1188 1
1189 1
1190 1
1191 0
1192 1
1193 0
1194 0
1195 1
1196 1
1197 1
1198 1
1199 0
1200 0
1201 1
1202 0
1203 0
1204 1
1205 0
1206 0
1207 0
1208 1
1209 0
1210 1
1211 1
1212 1
1213 1
1214 0
1215 1
1216 0
1217 0
1218 0
1219 0
1220 0
1221 1
1222 1
1223 1
1224 1
1225 1
1226 0
1227 0
1228 1
1229 1
1230 1
1231 1
1232 0
1233 1
1234 0
1235 0
1236 0
1237 0
1238 1
1239 0
1240 0
1241 1
1242 1
1243 0
1244 1
1245 0
1246 1
1247 1
1248 1
1249 1
1250 1
1251 0
1252 0
1253 1
1254 1
1255 0
1256 0
1257 1
1258 1
1259 0
1260 0
1261 0
1262 1
1263 0
1264 1
1265 0
1266 1
1267 0
1268 1
1269 1
1270 0
1271 0
1272 1
1273 0
1274 1
1275 1
1276 1
1277 0
1278 0
1279 0
1280 0
1281 1
1282 1
1283 1
1284 0
1285 1
1286 0
1287 1
1288 0
1289 0
1290 0
1291 1
1292 0
1293 1
1294 1
1295 0
1296 0
1297 1
1298 1
1299 0
1300 1
1301 0
1302 0
1303 1
1304 0
1305 0
1306 1
1307 1
1308 0
1309 1
1310 1
1311 1
1312 0
1313 1
1314 1
1315 1
1316 0
1317 0
1318 0
1319 0
1320 0
1321 1
1322 1
1323 1
1324 0
1325 1
1326 0
1327 0
1328 0
1329 1
1330 0
1331 0
1332 0
1333 1
1334 0
1335 1
1336 1
1337 1
1338 1
1339 0
1340 0
1341 0
1342 1
1343 0
1344 0
1345 1
1346 1
1347 1
1348 0
1349 0
1350 0
1351 1
1352 1
1353 1
1354 1
1355 1
1356 0
1357 1
1358 1
1359 1
1360 0
1361 0
1362 0
1363 0
1364 1
1365 1
1366 0
1367 0
1368 0
1369 1
1370 0
1371 1
1372 0
1373 1
1374 1
1375 1
1376 1
1377 0
1378 0
1379 1
1380 0
1381 0
1382 0
1383 0
1384 1
1385 1
1386 0
1387 0
1388 1
1389 1
1390 1
1391 1
1392 0
1393 0
1394 1
1395 1
1396 1
1397 0
1398 0
1399 0
1400 0
1401 1
1402 0
1403 1
1404 0
1405 0
1406 1
1407 1
1408 1
1409 1
1410 0
1411 0
1412 0
1413 1
1414 1
1415 1
1416 1
1417 0
1418 0
1419 0
1420 0
1421 1
1422 0
1423 1
1424 1
1425 1
1426 0
1427 1
1428 1
1429 1
1430 0
1431 0
1432 0
1433 1
1434 0
1435 1
1436 0
1437 1
1438 0
1439 0
1440 0
1441 0
1442 1
1443 1
1444 1
1445 1
1446 1
1447 0
1448 1
1449 0
1450 1
1451 1
1452 1
1453 1
1454 0
1455 0
1456 1
1457 0
1459 0
1460 0
1461 1
1462 0
1463 0
1464 0
1465 1
1466 1
1467 1
1468 1
1469 1
1470 0
1471 1
