1293
2657
2071
2245
1366
823
945
1400
2919
348
153
2393
540
737
2654
2324
2336
12
1528
1562
914
462
728
2644
2076
2309
2880
2301
1756
1072
2881
2543
268
2051
760
213
1812
309
1034
989
285
1558
1210
1153
1771
1720
1242
87
1982
1860
1037
1898
2088
1055
2440
118
2469
729
203
536
2055
1656
2826
1871
2715
1701
1231
1535
1027
1499
1130
1183
583
663
839
523
1967
1786
578
389
464
591
579
84
1071
1144
671
407
1689
214
48
1537
157
1302
904
597
559
2507
1877
1553
727
946
506
646
154
1099
2907
1632
2893
1131
1556
2712
1419
317
421
1779
502
1795
66
1876
2562
117
1836
2430
1442
2082
896
1919
1739
1387
703
77
2201
171
2909
1316
2194
1933
954
1063
1083
168
1170
2545
1175
2191
1378
463
2223
2366
1674
2045
2250
1646
1583
1910
781
1256
206
627
96
767
2591
563
1140
2809
1368
1059
2376
44
1788
1990
30
2915
145
900
254
1872
2863
158
2695
679
2351
2030
2662
605
753
973
1199
1319
2038
56
2550
449
1082
392
2036
1979
867
587
2200
2124
72
1068
1934
1484
724
2203
1198
460
247
1586
2598
2186
2178
619
1159
2561
361
1747
196
325
675
2821
1388
2370
2668
282
293
53
132
1735
2308
176
754
929
2559
212
1725
2005
589
709
2271
650
2685
1070
847
1638
1185
1225
121
2214
2307
1635
2710
1060
105
2882
1873
717
1314
1543
1370
194
2542
240
2151
191
1861
884
1411
649
1376
2672
2237
1906
1920
592
501
704
1330
1106
1292
236
2303
1721
137
1332
2804
1456
1137
2086
706
1897
25
1118
521
2586
1147
816
855
1423
2560
968
1344
2839
14
330
1412
339
351
2317
982
1273
1489
1675
633
631
170
2753
1172
2156
516
635
1713
1443
2658
1354
2769
1276
349
725
645
1495
1776
211
2795
1886
47
734
2619
560
2219
2579
572
2588
2686
258
673
1894
75
2334
1518
1084
1306
2848
520
2807
1391
1132
305
1670
1384
1984
808
1013
2749
1930
2800
524
1338
2272
79
1868
57
1950
2509
2494
1710
3
1549
654
669
190
2126
92
2327
1221
1712
1831
953
1067
576
2282
1578
2608
2212
1127
1888
864
699
316
2049
2074
2140
1855
2740
2375
1164
1052
931
740
2898
2264
1927
423
2112
63
2764
1373
2455
1875
647
2394
2570
1542
2425
500
1025
2168
1012
486
1233
179
908
2466
209
2714
2923
2660
187
2470
1629
163
2873
2892
2760
2581
155
2623
2857
2242
702
531
1134
1019
2159
1807
1694
995
355
23
1407
1133
1255
880
1902
2296
755
2481
1447
1761
2718
1382
2399
2408
707
1802
1506
1520
1274
569
854
1138
1380
2902
2721
2833
219
2188
2401
298
394
1766
326
1704
1854
1226
2054
2255
465
1054
2641
264
2253
1258
879
1128
198
2259
450
1748
2738
2861
964
532
777
1184
1937
2690
1524
169
2364
1879
2493
2555
680
1463
2287
242
399
1104
1085
2095
202
2604
2176
2526
1235
984
2746
261
2136
1679
1473
2369
1014
1960
844
487
2119
2711
617
555
1266
2600
537
700
1874
1664
2266
1652
443
974
1566
2763
2593
607
1191
490
1878
1353
886
612
655
410
2539
402
2534
333
889
277
2372
1823
2224
2486
2636
1622
1597
1758
1851
1372
94
685
144
2116
2449
948
1594
2163
1538
1602
2728
599
241
234
1550
259
2643
1932
779
1620
2675
2935
4
1402
857
2622
128
470
2330
1454
921
841
1008
751
1837
585
1437
780
122
2533
1448
1901
1300
2310
1994
2541
2134
263
977
2210
2729
684
514
2238
2527
2813
2041
2846
1043
459
119
2716
412
1671
2558
1168
965
493
2102
826
2903
1451
2429
1032
1575
1057
1678
2418
2190
2792
1859
444
2345
1619
2895
406
1188
1774
2382
2620
2700
1031
2332
1792
358
1610
2512
1847
1328
715
1512
2243
2127
1093
1315
1740
344
1680
766
478
1244
2249
36
985
695
2052
1683
223
2577
1723
1839
1142
1395
1103
1870
1981
934
2035
2081
942
2674
796
31
1625
2021
1298
1481
184
1469
1253
2096
2031
759
2569
1033
468
2155
396
210
690
2130
2681
927
1124
2637
668
1074
378
1277
2411
2164
225
1696
664
35
2197
226
1914
2771
2131
224
1548
1246
2123
539
2004
1926
1318
2842
1891
1742
1361
197
1522
2431
315
2782
608
311
2767
1441
1465
1429
116
966
320
1202
2645
2222
1113
2748
2475
2875
791
1036
785
2069
2815
1420
181
447
1958
570
414
2503
1079
1626
1092
811
2584
485
1383
308
49
2039
1880
698
2053
626
185
2709
2613
2442
1617
2231
2058
1775
34
360
1983
2067
2075
1305
1695
562
2640
731
1030
997
1702
795
1660
99
2891
243
1988
863
2276
2602
1405
1985
17
2669
2835
882
2659
568
2687
2505
2226
888
2680
1018
1893
2472
848
2491
1421
1791
2867
1157
711
2642
334
2677
869
2146
97
1089
1414
112
1023
1186
2247
2424
851
2189
2439
1698
773
1505
1529
577
750
363
1787
1479
331
1182
1114
1211
2566
1606
2066
81
1580
2810
736
2256
123
2684
2061
2692
2349
2117
581
446
784
1963
2312
2606
2174
1392
1156
2827
85
1863
1331
2365
369
739
266
1195
2026
1913
314
481
1503
2206
2775
1546
1846
1991
2297
2392
439
1782
2426
83
2663
1780
2023
45
1334
756
1112
2008
1890
350
2105
2171
67
827
32
2284
604
732
2812
2855
999
2768
1336
70
2720
1251
2523
1757
1817
475
2175
2070
1339
1973
720
380
2733
1693
2583
1393
2412
2456
19
385
2514
2796
2294
1889
365
1530
1516
2217
1794
1077
2528
345
2391
461
1592
1665
2896
674
2568
1001
853
476
1166
227
324
1685
489
2236
794
280
1261
95
1978
388
2734
1848
1705
1687
1968
2122
1699
2208
593
1213
146
1335
586
2933
1108
519
1155
1390
1243
1541
1751
2358
1297
2001
743
2125
1087
1483
697
2565
1753
286
681
1203
2090
2901
1169
138
110
432
990
149
972
2671
2177
2871
2002
1167
304
824
454
1769
2100
1422
2529
2097
2887
2298
1884
1630
1439
2289
1615
933
386
1009
2325
596
549
1476
2770
40
1827
822
665
1356
911
2012
1818
1450
2185
2350
653
2406
230
54
2777
2142
1918
2575
713
2820
935
1126
1413
1224
1173
2321
710
1035
1341
723
955
1555
1264
1589
1389
1039
833
2719
522
1496
366
2752
5
1697
1965
2498
2646
1600
2888
2192
1829
1820
2115
1835
643
2478
60
1661
799
2487
787
1433
2438
1223
1163
1048
1345
2221
2415
970
1472
2655
2546
2460
1149
451
1069
483
1116
1822
2482
2239
1722
2939
2257
139
1755
2410
2260
967
2232
689
632
1746
1690
2920
821
1046
2525
553
2656
1942
1591
1966
2790
2024
1810
1564
1828
1781
52
694
2683
1682
256
1125
1657
1123
2673
763
2017
2248
1252
1146
1915
866
1999
2819
775
916
1865
601
899
2135
1161
744
11
2703
1806
2832
307
39
2678
1800
440
894
1762
2905
1464
2098
2251
1076
774
893
874
80
1005
2585
2628
852
2044
2361
859
2781
424
1206
1962
2377
2465
1369
1511
1375
1573
988
1772
1778
1165
906
327
274
1259
1017
2599
898
1051
1236
849
1073
2477
858
2328
2708
2784
292
1741
2078
883
2407
457
614
1904
42
373
1323
134
2461
1570
996
2850
1176
2537
379
618
143
2047
1374
2165
2757
1996
1029
1895
310
2594
2554
1754
1367
1611
2015
2723
2427
2693
2302
818
2897
2802
335
2843
1350
1042
825
1455
2510
2285
600
1858
1105
718
541
1003
2258
372
1974
1939
1711
2338
1088
474
2639
1355
133
1262
2755
2447
843
1279
529
482
923
1365
1824
903
2476
2788
798
177
2329
2890
629
26
877
332
544
1362
166
1466
2860
2758
430
676
1796
956
2211
2353
265
347
2085
1322
442
409
2567
1691
2552
411
6
65
1026
150
321
625
1624
377
937
91
979
2419
590
1098
2922
2689
712
813
1263
1658
513
2374
1416
1975
2699
2894
2404
2046
897
2630
1662
2319
2513
2283
1141
2910
1900
250
1614
1109
1284
1275
925
2016
41
1485
1833
2587
152
2929
2772
172
205
2246
1613
182
828
1281
1267
957
2573
1749
1232
2918
1929
1944
215
1193
757
789
1587
100
2485
1627
1651
1101
2000
340
691
1111
509
1598
1239
271
156
2107
733
2762
958
636
1038
881
1759
507
1301
2676
2914
2836
687
2032
2745
2924
269
1286
1567
1154
455
408
574
1078
1207
1819
588
279
1006
2043
550
2786
1160
2576
571
656
693
2535
384
924
252
1220
2847
2934
1970
2062
2341
2199
2536
1294
1896
2187
1440
2831
2152
375
2506
836
159
1954
2932
2018
55
431
352
2616
1497
1545
2480
2801
2315
856
1238
2331
765
2099
2346
1997
1644
2196
1404
445
2825
905
245
1129
565
538
2149
448
2169
2840
641
1329
722
1581
426
1734
1227
2609
920
980
2492
2515
2022
2508
82
1096
909
2229
994
291
860
2388
2403
2916
2879
2607
438
2011
986
2834
2549
216
962
1090
64
1460
830
677
2288
746
2182
107
745
686
770
2651
2458
1767
2747
705
2553
1139
2355
1326
1217
2725
2473
2793
805
2300
276
1534
582
2077
800
1569
1956
1075
2548
2113
1492
667
2094
2532
510
135
1504
364
1857
1925
1396
2931
2268
2483
61
1760
2316
2474
141
1716
815
1732
1804
1640
2414
1655
2490
2432
1841
2913
1686
771
1371
960
2267
2785
742
835
2464
2006
1730
1377
15
634
2794
567
2359
2805
2437
1571
473
840
2454
2275
1887
1844
1949
195
1445
762
193
2386
2087
1180
301
162
382
2765
1951
480
2601
1852
1148
2864
1192
1688
2452
2279
2818
2930
18
749
270
356
1764
2580
2344
2743
1971
1618
918
1432
2496
1145
1424
1500
831
892
1526
2874
1024
1803
1525
2849
199
1487
910
2291
397
2865
1094
1470
204
2072
621
8
1623
1706
1584
2274
792
1222
2373
2612
963
2648
2590
2363
584
2380
2281
2822
2270
2241
2459
1561
1260
922
1461
68
2779
2244
1509
950
1333
2059
2754
1208
701
2852
297
2664
33
943
662
2941
2092
2691
2624
101
2227
2688
2679
1152
2605
398
2263
1494
1510
1845
1557
467
267
871
306
1531
1174
175
2912
1969
1158
186
1862
2405
370
2162
1605
495
515
2936
2858
2422
2450
2065
2726
2448
341
2409
1931
1987
2926
1359
838
912
109
2362
1843
1270
1403
2014
1777
1838
1667
1539
2121
472
1952
1430
403
1348
819
1654
2500
2042
1972
2489
353
1650
126
2717
527
2731
1947
642
2137
275
1560
2851
130
2269
2736
2368
1834
1593
129
2209
164
1321
932
354
1230
1989
288
2899
2141
2205
797
939
2484
1677
575
1205
517
1731
566
1604
1337
941
422
1086
108
1135
343
296
803
1840
721
1250
2872
290
969
2900
2278
652
233
1916
1426
1240
2633
678
556
2139
1909
1601
494
1187
222
2917
1349
2340
1493
1015
2089
357
696
1521
1603
208
936
2572
1647
418
1752
1715
2299
1736
1540
2385
688
1527
1718
1609
850
1707
74
88
772
1474
1313
1040
2670
16
458
1480
294
218
1352
547
2806
666
1066
616
2084
2653
2114
806
469
272
2306
1513
1449
1648
1021
1247
670
846
2884
2025
1444
1790
752
2870
1676
747
2667
244
2395
1728
1801
2497
782
2522
637
1911
136
1659
2517
1641
1719
229
2056
2233
2441
2791
1608
1717
1064
1434
778
2158
262
479
1357
2666
2172
1309
1265
2744
2838
1588
2773
2120
2198
2348
429
1977
2632
603
748
2557
2713
913
1708
239
2207
2357
2780
393
2020
1964
1703
1351
2010
2511
1797
1398
2696
1905
151
111
2320
498
497
620
2423
253
1248
2631
124
2204
2940
2468
200
1743
7
2356
1642
2013
1907
2547
1121
69
2240
505
2499
1061
2398
1798
1544
1668
102
1980
682
1327
1214
2845
1285
1271
817
2650
1282
793
622
959
248
993
383
971
1579
2273
1517
1097
1936
2463
2347
2029
2799
2111
2292
2759
2868
2885
1299
1117
1672
1346
546
401
217
930
1856
1119
2166
192
573
425
2397
319
456
868
1065
2402
975
1000
477
1853
453
708
1482
2495
1007
2789
228
2564
820
1418
2823
183
1467
1343
1488
829
1471
2756
2335
1457
862
1514
1095
2179
1308
1814
437
1825
2735
50
2694
2479
651
895
413
278
2453
38
1189
420
2544
987
2783
580
1998
2181
944
2866
1304
2339
1269
346
1519
387
786
1490
2057
2230
1813
1050
926
1940
400
1881
1501
2128
1190
2937
2390
2311
790
142
609
2906
1004
1928
1733
1212
1773
2737
2739
1289
2063
20
1892
1808
1241
1399
1811
371
2876
907
2921
2286
512
120
1643
2157
2615
1249
814
2730
1254
951
1559
323
376
1726
1568
289
1554
2378
776
1428
1948
273
2254
131
804
2451
1547
2421
1307
1729
232
1565
2153
551
1738
2927
2649
125
2830
938
2574
2925
2138
2080
2787
2556
1924
2883
2516
2706
2828
2445
1053
2750
1507
2618
2582
1381
530
1216
1673
812
1360
322
639
1431
978
1727
535
62
542
415
503
692
613
2435
1278
2520
2371
2501
127
452
405
1714
716
2665
496
173
2193
1938
2040
558
1793
1325
1028
2457
471
103
2173
657
367
672
2869
2862
1590
628
2354
231
511
683
623
1923
2724
2444
1899
1992
2741
876
2148
2342
947
1234
2003
1849
1572
499
525
2314
1582
1724
43
1452
658
2854
2235
2808
901
915
890
395
2722
2216
2383
2814
1245
2195
2007
1768
887
2596
328
2305
201
238
1552
2091
2889
1291
917
2228
220
93
1663
1091
2603
878
1750
1883
1458
1438
2697
0
2133
2824
902
548
2592
2647
1453
2629
255
1468
1631
1633
2093
1563
435
1415
1637
1196
2531
1908
78
2626
1737
610
761
1462
1816
1296
1409
1935
2625
1150
147
2109
174
488
518
1010
1340
2290
2488
491
1115
730
1179
2841
13
714
2167
1081
2776
115
390
768
303
318
2878
870
180
1498
2073
1945
2611
557
992
2060
2132
1621
2396
2638
2627
417
337
2101
1478
2202
1917
801
2150
961
1763
2103
769
1290
1885
260
46
21
981
606
148
1832
2635
1102
1324
534
2859
2215
2856
436
1684
1162
284
2213
1215
2817
2048
2145
295
161
2028
1783
374
2389
2661
2614
416
1616
2218
1385
1628
543
1508
1986
381
188
90
58
865
630
2106
1959
2766
976
1993
2147
2704
837
167
1866
2436
2467
1784
427
2143
528
1122
783
648
428
27
342
861
2277
484
71
1912
1200
1047
1842
2589
2521
2326
1394
1062
2904
1
1955
2798
1201
2778
24
1320
2027
940
1595
2417
2621
2886
1903
2225
873
2420
1310
2280
2524
2360
2118
1459
2416
504
1410
2333
189
2413
1056
2184
434
1830
1295
1435
561
1136
602
1080
640
2037
2384
526
73
2337
2462
2797
1049
2295
441
2352
283
809
300
1197
2538
1765
2234
719
2519
1363
845
2428
362
2293
1599
758
1058
1446
299
1867
9
2265
1427
1574
1229
810
2183
2803
2551
949
2701
1312
1287
1317
660
2079
89
2530
1417
802
1002
1850
2304
1406
313
1612
1194
1922
1995
2033
287
1523
1436
2563
832
22
1178
1107
2034
952
1745
246
842
2318
1228
764
2751
2578
2471
76
2343
2502
1957
1016
1022
433
2110
336
37
2387
2844
2170
59
178
140
1408
1976
1692
2323
638
28
2379
998
1634
466
1181
2742
1171
2610
2853
235
1045
919
1475
86
2161
2261
2400
113
554
1311
741
1799
1953
1486
1425
338
1379
2129
1864
1709
1120
2443
533
2774
1649
1491
2144
1342
1809
2446
594
1041
419
1821
1700
2829
615
1770
1744
2009
404
2571
1364
114
726
1653
2504
106
1805
329
1110
1283
2322
160
2732
788
2928
2682
2595
1288
2154
1280
207
1502
1177
2707
2433
1669
1576
2434
281
1143
1941
492
104
2617
2634
391
1020
1401
359
1011
1789
928
2705
1645
2761
875
598
1869
1943
1551
29
1515
1536
1257
661
2083
552
2108
735
508
98
51
1681
1386
312
991
2597
2540
257
545
237
2908
2064
611
2381
2816
2160
2050
1347
1639
2262
1815
1785
1397
738
1826
1946
1636
624
1477
1596
2518
302
2877
2367
2837
2180
807
659
2911
1533
885
1607
1100
2313
10
834
1268
872
221
1585
1961
1219
1921
595
1577
1666
2252
983
2104
891
1882
1237
165
2702
564
644
1358
1151
2
1272
249
1303
368
1209
1532
2698
251
2652
1218
1204
1044
2938
2811
2068
2727
2220
2019

