1 0
2 1
3 0
4 1
5 0
6 1
7 1
8 1
9 0
10 1
11 0
12 1
13 1
14 1
15 0
16 1
17 1
18 0
19 1
20 1
21 0
22 1
23 1
24 1
25 1
26 0
27 1
28 1
29 0
30 0
31 1
32 0
33 0
34 0
35 1
36 1
37 1
38 1
39 1
40 1
41 0
42 0
43 0
44 0
45 1
46 0
47 1
48 0
49 1
50 1
51 1
52 1
53 0
54 1
55 0
56 1
57 1
58 0
59 1
60 1
61 1
62 1
63 1
64 0
65 0
66 1
67 1
68 1
69 1
70 1
71 0
72 1
73 1
74 0
75 0
76 0
77 1
78 0
79 1
80 0
81 0
82 1
83 0
84 1
85 0
86 0
87 1
88 0
89 1
90 1
91 1
92 0
93 1
94 1
95 0
96 1
97 1
98 0
99 1
100 1
101 0
102 1
103 1
104 1
105 0
106 1
107 1
108 1
109 1
110 0
111 1
112 1
113 0
114 1
115 0
116 0
117 1
118 1
119 0
120 1
121 1
122 1
123 1
124 1
125 1
126 0
127 0
128 0
129 1
130 1
131 1
132 0
133 0
134 0
135 1
136 0
137 1
138 1
139 1
140 1
141 1
142 1
143 0
144 1
145 1
146 1
147 1
148 1
149 0
150 1
151 0
152 0
153 1
154 1
155 0
156 1
157 1
158 0
159 1
160 1
161 0
162 0
163 1
164 0
165 0
166 1
167 0
168 1
169 1
170 0
171 1
172 0
173 0
174 1
175 0
176 1
177 1
178 1
179 0
180 0
181 1
182 0
183 0
184 0
185 1
186 0
187 1
188 1
189 1
190 1
191 0
192 1
193 0
194 1
195 0
196 0
197 1
198 1
199 1
200 1
201 1
202 1
203 0
204 1
205 1
206 0
207 0
208 0
209 1
210 1
211 0
212 0
213 0
214 0
215 1
216 0
217 1
218 0
219 0
220 0
221 1
222 0
223 1
224 1
225 1
226 0
227 1
228 1
229 0
230 0
231 0
232 1
233 0
234 0
235 1
236 1
237 1
238 0
239 0
240 1
241 0
242 1
243 0
244 1
245 0
246 1
247 1
248 0
249 1
250 1
251 0
252 0
253 1
254 1
255 0
256 0
257 1
258 0
259 1
260 1
261 0
262 1
263 0
264 0
265 0
266 1
267 1
268 0
269 1
270 0
271 1
272 0
273 0
274 1
275 0
276 1
277 1
278 0
279 0
280 1
281 1
282 1
283 0
284 0
285 1
286 0
287 1
288 0
289 0
290 0
291 0
292 0
293 1
294 1
295 1
296 0
297 0
298 0
299 1
300 0
301 1
302 1
303 0
304 1
305 0
306 0
307 1
308 1
309 1
310 1
311 1
312 0
313 0
314 1
315 1
316 1
317 0
318 0
319 1
320 0
321 0
322 1
323 0
324 1
325 0
326 0
327 0
328 1
329 0
330 0
331 1
332 1
333 0
334 0
335 1
336 1
337 0
338 0
339 1
340 0
341 1
342 0
343 0
344 0
345 1
346 1
347 1
348 0
349 1
350 0
351 0
352 1
353 0
354 0
355 1
356 0
357 1
358 0
359 1
360 0
361 1
362 0
363 0
364 1
365 1
366 0
367 0
368 1
369 1
370 0
371 1
372 1
373 1
374 0
375 1
376 1
377 0
378 0
379 1
380 1
381 0
382 1
383 1
384 1
385 1
386 1
387 0
388 1
389 1
390 1
391 0
392 1
393 0
394 1
395 0
396 0
397 1
398 0
399 0
400 0
401 1
402 0
403 0
404 1
405 0
406 1
407 0
408 0
409 0
410 1
411 1
412 0
413 1
414 0
415 1
416 1
417 1
418 0
419 0
420 1
421 1
422 0
423 1
424 0
425 0
426 0
427 1
428 1
429 0
430 0
431 1
432 1
433 0
434 1
435 1
436 1
437 1
438 1
439 0
440 0
441 0
442 1
443 1
444 1
445 1
446 0
447 0
448 0
449 0
450 0
451 0
452 0
453 1
454 0
455 1
456 0
457 1
458 1
459 0
460 0
461 0
462 0
463 1
464 1
465 0
466 0
467 1
468 0
469 0
470 1
471 0
472 1
473 0
474 1
475 0
476 0
477 1
478 0
479 1
480 1
481 0
482 0
483 0
484 1
485 0
486 0
487 1
488 0
489 0
490 0
491 1
492 1
493 0
494 1
495 0
496 1
497 0
498 1
499 0
500 0
501 1
502 1
503 0
504 1
505 1
506 1
507 0
508 1
509 1
510 0
511 1
512 1
513 0
514 1
515 0
516 0
517 0
518 1
519 1
520 1
521 0
522 0
523 1
524 1
525 0
526 1
527 0
528 0
529 1
530 0
531 0
532 1
533 1
534 1
535 0
536 1
537 1
538 1
539 1
540 0
541 1
542 0
543 0
544 1
545 0
546 1
547 1
548 1
549 0
550 1
551 1
552 1
553 0
554 1
555 1
556 0
557 0
558 1
559 0
560 0
561 0
562 1
563 0
564 0
565 1
566 0
567 1
568 0
569 1
570 0
571 1
572 0
573 1
574 0
575 1
576 1
577 1
578 1
579 1
580 0
581 1
582 0
583 0
584 1
585 0
586 0
587 0
588 0
589 1
590 0
591 1
592 1
593 1
594 0
595 0
596 1
597 1
598 1
599 0
600 1
601 0
602 0
603 0
604 0
605 0
606 1
607 1
608 1
609 0
610 1
611 1
612 0
613 0
614 0
615 0
616 0
617 1
618 1
619 1
620 0
621 0
622 0
623 0
624 0
625 1
626 0
627 0
628 1
629 1
630 0
631 0
632 0
633 0
634 0
635 0
636 0
637 0
638 0
639 0
640 1
641 0
642 0
643 1
644 1
645 1
646 0
647 1
648 1
649 0
650 0
651 0
652 1
653 0
654 0
655 0
656 1
657 1
658 0
659 0
660 0
661 1
662 0
663 1
664 0
665 1
666 0
667 0
668 0
669 1
670 0
671 1
672 0
673 0
674 1
675 0
676 0
677 1
678 0
679 0
680 0
681 1
682 1
683 0
684 1
685 0
686 0
687 0
688 0
689 0
690 1
691 0
692 0
693 0
694 0
695 0
696 1
697 1
698 0
699 0
700 0
701 1
702 0
703 0
704 0
705 0
706 0
707 0
708 1
709 1
710 1
711 0
712 1
713 1
714 0
715 1
716 1
717 1
718 0
719 1
720 0
721 0
722 0
723 0
724 1
725 1
726 0
727 1
728 0
729 1
730 0
731 0
732 0
733 1
734 1
735 1
736 1
737 1
738 1
739 0
740 1
741 0
742 1
743 0
744 0
745 0
746 1
747 0
748 1
749 1
750 0
751 1
752 0
753 0
754 1
755 1
756 1
757 0
758 0
759 1
760 0
761 0
762 0
763 1
764 0
765 1
766 0
767 1
768 1
769 0
770 0
771 0
772 0
773 0
774 1
775 1
776 1
777 1
778 1
779 0
780 1
781 1
782 1
783 0
784 0
785 1
786 0
787 1
788 1
789 1
790 0
791 1
792 0
793 0
794 0
795 1
796 1
797 0
798 1
799 0
800 1
801 0
802 0
803 1
804 1
805 1
806 1
807 0
808 0
809 0
810 1
811 0
812 1
813 1
814 1
815 0
816 0
817 1
818 1
819 1
820 1
821 1
822 1
823 0
824 1
825 0
826 1
827 0
828 0
829 0
830 0
831 1
832 1
833 0
834 1
835 1
836 1
837 0
838 0
839 0
840 0
841 0
842 1
843 1
844 0
845 0
846 1
847 1
848 1
849 0
850 1
851 0
852 0
853 0
854 0
855 1
856 0
857 0
858 1
859 0
860 1
861 0
862 0
863 0
864 1
865 1
866 0
867 0
868 1
869 0
870 0
871 0
872 1
873 1
874 1
875 0
876 0
877 1
878 0
879 1
880 1
881 0
882 0
883 1
884 0
885 1
886 0
887 1
888 1
889 0
890 0
891 1
892 1
893 0
894 0
895 1
896 1
897 1
898 0
899 0
900 0
901 1
902 0
903 1
904 0
905 1
906 0
907 1
908 0
909 0
910 0
911 0
912 1
913 1
914 0
915 1
916 0
917 1
918 0
919 1
920 1
921 0
922 1
923 1
924 1
925 0
926 1
927 1
928 1
929 1
930 1
931 1
932 1
933 1
934 1
935 0
936 0
937 1
938 1
939 0
940 1
941 0
942 1
943 0
944 1
945 1
946 0
947 0
948 0
949 1
950 0
951 1
952 0
953 0
954 0
955 1
956 1
957 0
958 0
959 0
960 0
961 1
962 0
963 0
964 1
965 0
966 0
967 0
968 0
969 1
970 1
971 0
972 0
973 0
974 0
975 1
976 1
977 0
978 1
979 0
980 0
981 1
982 0
983 0
984 0
985 1
986 0
987 1
988 1
989 1
990 1
991 1
992 0
993 0
994 1
995 0
996 0
997 1
998 0
999 0
1000 1
1001 0
1002 1
1003 0
1004 0
1005 1
1006 0
1007 1
1008 0
1009 0
1010 0
1011 1
1012 0
1013 0
1014 1
1015 1
1016 1
1017 1
1018 1
1019 1
1020 0
1021 1
1022 0
1023 0
1024 1
1025 0
1026 0
1027 0
1028 0
1029 0
1030 1
1031 1
1032 1
1033 0
1034 1
1035 1
1036 1
1037 0
1038 1
1039 1
1040 1
1041 1
1042 0
1043 0
1044 0
1045 0
1046 1
1047 0
1048 0
1049 0
1050 1
1051 1
1052 1
1053 0
1054 1
1055 1
1056 0
1057 1
1058 1
1059 1
1060 0
1061 0
1062 1
1063 1
1064 1
1065 0
1066 0
1067 1
1068 0
1069 1
1070 1
1071 1
1072 1
1073 0
1074 1
1075 1
1076 1
1077 1
1078 0
1079 1
1080 1
1081 0
1082 1
1083 1
1084 0
1085 1
1086 0
1087 1
1088 0
1089 0
1090 0
1091 1
1092 0
1093 1
1094 0
1095 1
1096 1
1097 0
1098 0
1099 0
1100 1
1101 1
1102 1
1103 0
1104 1
1105 0
1106 0
1107 0
1108 1
1109 0
1110 0
1111 0
1112 0
1113 1
1114 0
1115 0
1116 0
1117 0
1118 1
1119 0
1120 1
1121 0
1122 0
1123 0
1124 1
1125 1
1126 0
1127 0
1128 0
1129 1
1130 0
1131 1
1132 0
1133 0
1134 0
1135 0
1136 0
1137 1
1138 1
1139 1
1140 1
1141 0
1142 1
1143 0
1144 1
1145 0
1146 1
1147 0
1148 1
1149 0
1150 1
1151 0
1152 0
1153 0
1154 0
1155 0
1156 0
1157 1
1158 1
1159 0
1160 0
1161 1
1162 1
1163 1
1164 1
1165 1
1166 1
1167 1
1168 0
1169 1
1170 0
1171 0
1172 0
1173 0
1174 1
1175 0
1176 0
1177 1
1178 1
1179 1
1180 1
1181 0
1182 0
1183 1
1184 0
1185 0
1186 1
1187 1
1188 1
1189 0
1190 1
1191 1
1192 0
1193 1
1194 0
1195 0
1196 1
1197 0
1198 0
1199 0
1200 0
1201 1
1202 0
1203 0
1204 1
1205 0
1206 1
1207 0
1208 0
1209 1
1210 1
1211 1
1212 1
1213 1
1214 0
1215 1
1216 0
1217 0
1218 1
1219 1
1220 1
1221 1
1222 1
1223 0
1224 1
1225 0
1226 0
1227 0
1228 0
1229 0
1230 0
1231 1
1232 0
1233 1
1234 0
1235 0
1236 0
1237 1
1238 0
1239 1
1240 1
1241 0
1242 1
1243 0
1244 0
1245 1
1246 1
1247 1
1248 1
1249 0
1250 1
1251 0
1252 1
1253 0
1254 1
1255 1
1256 1
1257 0
1258 1
1259 0
1260 1
1261 0
1262 1
1263 1
1264 0
1265 0
1266 1
1267 0
1268 0
1269 0
1270 0
1271 0
1272 1
1273 0
1274 1
1275 0
1276 0
1277 1
1278 0
1279 1
1280 1
1281 0
1282 0
1283 0
1284 1
1285 0
1286 0
1287 1
1288 0
1289 0
1290 1
1291 1
1292 0
1293 1
1294 0
1295 0
1296 1
1297 0
1298 1
1299 0
1300 1
1301 1
1302 0
1303 0
1304 1
1305 0
1306 0
1307 1
1308 0
1309 0
1310 1
1311 0
1312 1
1313 0
1314 0
1315 0
1316 1
1317 1
1318 0
1319 1
1320 1
1321 0
1322 0
1323 1
1324 0
1325 0
1326 0
1327 1
1328 0
1329 1
1330 1
1331 1
1332 0
1333 0
1334 1
1335 0
1336 0
1337 0
1338 1
1339 1
1340 1
1341 1
1342 1
1343 1
1344 0
1345 1
1346 1
1347 1
1348 1
1349 1
1350 1
1351 0
1352 0
1353 0
1354 0
1355 0
1356 0
1357 0
1358 1
1359 0
1360 1
1361 1
1362 1
1363 1
1364 0
1365 0
1366 0
1367 1
1368 0
1369 1
1370 1
1371 0
1372 1
1373 1
1374 0
1375 0
1376 0
1377 1
1378 1
1379 1
1380 0
1381 1
1382 0
1383 1
1384 1
1385 1
1386 1
1387 0
1388 0
1389 0
1390 1
1391 1
1392 1
1393 1
1394 1
1395 1
1396 0
1397 1
1398 1
1399 1
1400 0
1401 1
1402 0
1403 1
1404 1
1405 0
1406 1
1407 1
1408 0
1409 0
1410 1
1411 0
1412 1
1413 0
1414 1
1415 1
1416 0
1417 0
1418 0
1419 1
1420 1
1421 0
1422 1
1423 0
1424 1
1425 0
1426 0
1427 0
1428 0
1429 0
1430 0
1431 0
1432 1
1433 1
1434 0
1435 1
1436 0
1437 0
1438 1
1439 1
1440 1
1441 0
1442 1
1443 1
1444 0
1445 1
1446 0
1447 1
1448 0
1449 0
1450 1
1451 0
1452 1
1453 1
1454 0
1455 1
1456 0
1457 1
1458 1
1459 0
1460 0
1461 0
1462 1
1463 1
1464 0
1465 1
1466 0
1467 1
1468 0
1469 0
1470 0
1471 0
