1 1
2 0
3 0
4 1
5 1
6 0
7 0
8 1
9 0
10 1
11 0
12 0
13 1
14 1
15 1
16 0
17 1
18 1
19 0
20 1
21 0
22 0
23 1
24 1
25 0
26 1
27 0
28 0
29 1
30 1
31 0
32 1
33 1
34 1
35 1
36 1
37 0
38 1
39 0
40 1
41 1
42 0
43 0
44 1
45 1
46 1
47 1
48 0
49 0
50 0
51 1
52 0
53 1
54 0
55 1
56 0
57 0
58 1
59 1
60 0
61 1
62 0
63 1
64 1
65 1
66 1
67 0
68 0
69 0
70 1
71 1
72 1
73 0
74 0
75 0
76 1
77 1
78 0
79 0
80 1
81 0
82 1
83 1
84 0
85 1
86 0
87 0
88 1
89 0
90 1
91 0
92 1
93 0
94 0
95 1
96 1
97 0
98 0
99 1
100 1
101 0
102 1
103 1
104 1
105 0
106 1
107 1
108 0
109 0
110 0
111 1
112 0
113 0
114 0
115 1
116 0
117 1
118 1
119 1
120 1
121 1
122 1
123 0
124 1
125 0
126 0
127 0
128 1
129 0
130 0
131 0
132 0
133 0
134 1
135 0
136 0
137 0
138 0
139 1
140 1
141 0
142 1
143 0
144 1
145 0
146 0
147 1
148 1
149 0
150 0
151 0
152 0
153 1
154 0
155 1
156 1
157 0
158 1
159 1
160 1
161 0
162 0
163 1
164 1
165 0
166 0
167 0
168 1
169 0
170 1
171 1
172 1
173 1
174 1
175 1
176 0
177 0
178 0
179 0
180 1
181 0
182 0
183 1
184 0
185 1
186 0
187 1
188 1
189 0
190 1
191 0
192 0
193 1
194 0
195 1
196 0
197 1
198 1
199 1
200 0
201 1
202 0
203 0
204 1
205 1
206 0
207 0
208 0
209 0
210 1
211 0
212 1
213 0
214 1
215 1
216 0
217 0
218 1
219 1
220 0
221 1
222 1
223 1
224 0
225 1
226 0
227 1
228 1
229 1
230 1
231 0
232 1
233 0
234 1
235 0
236 0
237 1
238 1
239 1
240 0
241 1
242 0
243 0
244 1
245 0
246 0
247 0
248 1
249 1
250 0
251 0
252 0
253 0
254 1
255 1
256 0
257 1
258 1
259 0
260 1
261 0
262 0
263 1
264 0
265 1
266 1
267 0
268 1
269 0
270 1
271 0
272 0
273 1
274 1
275 0
276 1
277 0
278 1
279 0
280 1
281 0
282 1
283 0
284 0
285 1
286 0
287 0
288 1
289 1
290 1
291 1
292 0
293 0
294 1
295 0
296 1
297 0
298 1
299 0
300 1
301 1
302 1
303 0
304 1
305 1
306 1
307 0
308 1
309 1
310 1
311 0
312 1
313 1
314 0
315 0
316 0
317 1
318 0
319 0
320 1
321 1
322 1
323 0
324 0
325 0
326 0
327 1
328 1
329 0
330 1
331 1
332 1
333 1
334 0
335 0
336 0
337 1
338 1
339 0
340 1
341 0
342 1
343 0
344 1
345 0
346 0
347 0
348 1
349 1
350 0
351 1
352 1
353 0
354 1
355 0
356 1
357 0
358 1
359 0
360 0
361 0
362 1
363 1
364 0
365 1
366 1
367 1
368 0
369 1
370 0
371 1
372 0
373 1
374 1
375 1
376 1
377 0
378 0
379 1
380 1
381 1
382 1
383 1
384 0
385 0
386 1
387 1
388 0
389 0
390 0
391 0
392 1
393 1
394 0
395 1
396 1
397 0
398 0
399 0
400 1
401 0
402 1
403 1
404 1
405 0
406 0
407 0
408 0
409 1
410 0
411 1
412 1
413 0
414 0
415 1
416 1
417 0
418 1
419 0
420 1
421 0
422 1
423 1
424 1
425 1
426 1
427 1
428 1
429 1
430 0
431 1
432 1
433 0
434 1
435 1
436 0
437 1
438 1
439 0
440 0
441 0
442 0
443 1
444 0
445 0
446 1
447 1
448 0
449 1
450 1
451 1
452 1
453 1
454 1
455 1
456 1
457 0
458 0
459 1
460 0
461 1
462 1
463 1
464 1
465 0
466 1
467 0
468 1
469 1
470 0
471 1
472 1
473 0
474 1
475 0
476 1
477 0
478 0
479 1
480 1
481 1
482 0
483 0
484 1
485 1
486 0
487 1
488 0
489 0
490 0
491 1
492 1
493 0
494 0
495 0
496 0
497 1
498 0
499 0
500 0
501 1
502 1
503 0
504 1
505 1
506 0
507 1
508 0
509 1
510 1
511 0
512 0
513 1
514 1
515 0
516 1
517 1
518 1
519 0
520 0
521 0
522 1
523 0
524 1
525 1
526 1
527 1
528 1
529 0
530 0
531 0
532 0
533 0
534 1
535 0
536 1
537 0
538 1
539 1
540 1
541 0
542 1
543 0
544 0
545 0
546 1
547 0
548 0
549 1
550 0
551 1
552 1
553 0
554 1
555 1
556 0
557 0
558 0
559 1
560 0
561 0
562 0
563 1
564 0
565 1
566 0
567 0
568 1
569 0
570 1
571 1
572 1
573 0
574 0
575 0
576 1
577 0
578 1
579 1
580 0
581 0
582 0
583 0
584 1
585 1
586 0
587 1
588 1
589 1
590 0
591 0
592 0
593 0
594 1
595 0
596 0
597 1
598 1
599 1
600 0
601 1
602 0
603 1
604 1
605 1
606 1
607 0
608 1
609 1
610 0
611 0
612 1
613 1
614 1
615 0
616 1
617 1
618 0
619 0
620 1
621 0
622 0
623 1
624 0
625 1
626 1
627 0
628 0
629 1
630 1
631 0
632 0
633 1
634 0
635 0
636 1
637 0
638 0
639 1
640 0
641 0
642 0
643 0
644 0
645 0
646 1
647 0
648 0
649 1
650 1
651 0
652 1
653 0
654 0
655 0
656 1
657 1
658 0
659 0
660 0
661 1
662 0
663 1
664 0
665 0
666 1
667 1
668 1
669 0
670 1
671 0
672 0
673 0
674 1
675 0
676 1
677 1
678 0
679 0
680 0
681 0
682 1
683 0
684 1
685 0
686 1
687 0
688 0
689 0
690 1
691 1
692 1
693 1
694 1
695 0
696 0
697 1
698 1
699 0
700 1
701 0
702 1
703 1
704 1
705 1
706 0
707 1
708 1
709 1
710 1
711 0
712 0
713 1
714 1
715 1
716 0
717 1
718 0
719 1
720 1
721 0
722 0
723 0
724 0
725 1
726 0
727 0
728 0
729 0
730 1
731 0
732 0
733 0
734 1
735 0
736 0
737 0
738 1
739 0
740 1
741 0
742 0
743 1
744 0
745 1
746 0
747 0
748 0
749 1
750 1
751 0
752 0
753 1
754 0
755 1
756 0
757 0
758 1
759 1
760 1
761 0
762 0
763 0
764 1
765 1
766 1
767 0
768 1
769 0
770 0
771 1
772 0
773 1
774 1
775 0
776 1
777 0
778 1
779 0
780 1
781 0
782 1
783 1
784 0
785 0
786 0
787 1
788 0
789 0
790 1
791 0
792 1
793 0
794 1
795 0
796 1
797 0
798 1
799 0
800 0
801 1
802 1
803 0
804 0
805 0
806 1
807 0
808 1
809 0
810 0
811 1
812 1
813 0
814 0
815 1
816 1
817 0
818 0
819 0
820 1
821 0
822 0
823 0
824 1
825 1
826 0
827 0
828 0
829 0
830 1
831 0
832 1
833 0
834 0
835 1
836 1
837 0
838 0
839 0
840 1
841 0
842 0
843 0
844 1
845 0
846 0
847 0
848 1
849 1
850 0
851 0
852 0
853 1
854 1
855 0
856 0
857 0
858 0
859 1
860 0
861 1
862 0
863 1
864 0
865 1
866 1
867 1
868 0
869 1
870 0
871 0
872 0
873 1
874 0
875 0
876 1
877 1
878 0
879 1
880 0
881 1
882 0
883 0
884 0
885 0
886 0
887 0
888 0
889 1
890 1
891 0
892 0
893 1
894 0
895 0
896 1
897 0
898 1
899 1
900 0
901 0
902 1
903 1
904 0
905 0
906 0
907 1
908 0
909 1
910 1
911 1
912 0
913 0
914 1
915 1
916 0
917 1
918 0
919 0
920 0
921 1
922 0
923 0
924 0
925 1
926 0
927 1
928 0
929 0
930 1
931 0
932 0
933 0
934 0
935 1
936 0
937 1
938 1
939 0
940 1
941 1
942 1
943 0
944 1
945 1
946 0
947 0
948 1
949 1
950 0
951 1
952 1
953 1
954 0
955 0
956 0
957 0
958 1
959 1
960 0
961 1
962 0
963 1
964 0
965 0
966 1
967 0
968 0
969 1
970 0
971 0
972 0
973 0
974 1
975 0
976 1
977 0
978 1
979 0
980 0
981 1
982 0
983 0
984 0
985 1
986 1
987 0
988 0
989 0
990 0
991 0
992 0
993 0
994 0
995 1
996 1
997 1
998 1
999 1
1000 1
1001 0
1002 0
1003 0
1004 1
1005 0
1006 1
1007 0
1008 1
1009 0
1010 1
1011 0
1012 1
1013 0
1014 1
1015 0
1016 0
1017 0
1018 0
1019 1
1020 0
1021 1
1022 0
1023 0
1024 0
1025 1
1026 1
1027 1
1028 1
1029 0
1030 1
1031 1
1032 1
1033 1
1034 1
1035 0
1036 1
1037 1
1038 1
1039 0
1040 1
1041 0
1042 1
1043 1
1044 0
1045 1
1046 1
1047 1
1048 1
1049 1
1050 1
1051 1
1052 1
1053 0
1054 0
1055 0
1056 0
1057 1
1058 1
1059 1
1060 0
1061 1
1062 1
1063 0
1064 0
1065 0
1066 1
1067 0
1068 1
1069 1
1070 0
1071 1
1072 0
1073 0
1074 0
1075 0
1076 0
1077 0
1078 0
1079 1
1080 0
1081 0
1082 0
1083 1
1084 1
1085 1
1086 0
1087 1
1088 0
1089 1
1090 0
1091 0
1092 1
1093 0
1094 0
1095 0
1096 1
1097 1
1098 0
1099 0
1100 0
1101 0
1102 1
1103 0
1104 1
1105 1
1106 0
1107 0
1108 1
1109 0
1110 1
1111 1
1112 0
1113 1
1114 1
1115 0
1116 1
1117 0
1118 1
1119 1
1120 0
1121 1
1122 1
1123 0
1124 0
1125 0
1126 1
1127 0
1128 0
1129 1
1130 0
1131 1
1132 1
1133 0
1134 1
1135 0
1136 0
1137 0
1138 0
1139 0
1140 0
1141 0
1142 0
1143 1
1144 1
1145 0
1146 0
1147 0
1148 0
1149 0
1150 0
1151 0
1152 1
1153 1
1154 0
1155 0
1156 0
1157 0
1158 0
1159 0
1160 0
1161 1
1162 1
1163 0
1164 0
1165 0
1166 1
1167 0
1168 0
1169 1
1170 0
1171 0
1172 1
1173 0
1174 0
1175 1
1176 1
1177 1
1178 0
1179 0
1180 0
1181 0
1182 0
1183 1
1184 1
1185 1
1186 1
1187 0
1188 1
1189 1
1190 0
1191 0
1192 0
1193 0
1194 0
1195 0
1196 0
1197 0
1198 0
1199 0
1200 1
1201 0
1202 0
1203 1
1204 0
1205 1
1206 1
1207 0
1208 1
1209 0
1210 1
1211 0
1212 1
1213 0
1214 0
1215 1
1216 0
1217 1
1218 0
1219 1
1220 0
1221 1
1222 0
1223 1
1224 0
1225 0
1226 0
1227 0
1228 0
1229 1
1230 0
1231 1
1232 1
1233 0
1234 1
1235 0
1236 1
1237 0
1238 1
1239 0
1240 1
1241 1
1242 1
1243 0
1244 1
1245 0
1246 0
1247 1
1248 1
1249 1
1250 0
1251 0
1252 0
1253 0
1254 0
1255 1
1256 0
1257 0
1258 0
1259 0
1260 0
1261 1
1262 1
1263 0
1264 0
1265 0
1266 0
1267 0
1268 0
1269 0
1270 1
1271 0
1272 1
1273 1
1274 0
1275 1
1276 1
1277 0
1278 0
1279 0
1280 1
1281 0
1282 0
1283 0
1284 0
1285 1
1286 1
1287 1
1288 1
1289 1
1290 1
1291 1
1292 0
1293 0
1294 0
1295 1
1296 1
1297 0
1298 1
1299 1
1300 0
1301 1
1302 1
1303 0
1304 1
1305 1
1306 0
1307 1
1308 1
1309 1
1310 0
1311 0
1312 1
1313 0
1314 1
1315 1
1316 0
1317 1
1318 0
1319 0
1320 0
1321 0
1322 0
1323 1
1324 1
1325 1
1326 0
1327 1
1328 1
1329 0
1330 0
1331 1
1332 1
1333 0
1334 0
1335 0
1336 1
1337 0
1338 1
1339 1
1340 0
1341 1
1342 1
1343 1
1344 1
1345 0
1346 1
1347 0
1348 0
1349 1
1350 0
1351 0
1352 0
1353 0
1354 0
1355 0
1356 1
1357 1
1358 1
1359 1
1360 0
1361 1
1362 0
1363 1
1364 1
1365 1
1366 1
1367 0
1368 0
1369 0
1370 0
1371 0
1372 1
1373 1
1374 0
1375 0
1376 1
1377 1
1378 1
1379 0
1380 0
1381 0
1382 1
1383 1
1384 0
1385 1
1386 0
1387 0
1388 1
1389 0
1390 1
1391 1
1392 0
1393 0
1394 1
1395 1
1396 0
1397 1
1398 0
1399 0
1400 0
1401 1
1402 1
1403 1
1404 1
1405 0
1406 1
1407 1
1408 0
1409 1
1410 0
1411 1
1412 0
1413 0
1414 1
1415 0
1416 1
1417 1
1418 0
1419 1
1420 1
1421 0
1422 1
1423 1
1424 1
1425 1
1426 0
1427 1
1428 1
1429 0
1430 1
1431 0
1432 1
1433 1
1434 1
1435 0
1436 1
1437 1
1438 1
1439 1
1440 1
1441 1
1442 1
1443 0
1444 1
1445 1
1446 0
1447 0
1448 1
1449 0
1450 0
1451 1
1452 0
1453 0
1454 1
1455 1
1456 0
1457 1
1458 1
1459 0
1460 1
1461 1
1462 0
1463 0
1464 1
1465 0
1466 0
1467 0
1468 0
1469 0
1470 0
1471 0
