172
82
2205
692
588
2456
180
2732
137
215
2534
2686
2903
483
661
437
2116
1614
1120
211
1524
2327
2149
2393
2805
2798
758
2758
2404
2900
213
1153
502
38
397
1650
1991
1514
2000
1591
1138
2188
2809
2132
1979
373
792
276
1765
243
459
360
206
2785
19
891
1484
2005
811
322
1045
1057
1816
1100
1302
1508
943
1775
121
948
1149
2227
1870
1442
80
385
2940
1047
229
845
2197
1861
288
1864
2513
2709
2022
756
480
2687
1671
1320
2737
2396
643
2625
684
1117
24
2398
2656
1421
838
828
1815
1330
79
84
2797
2076
2375
1254
126
816
1906
2048
1280
1639
133
233
2066
2650
519
921
2685
144
2876
1939
2221
409
2488
515
2627
2569
2351
343
1202
2549
2489
95
718
610
2371
285
220
2372
1822
1550
1534
2856
418
2035
160
1666
2402
549
2510
2095
1707
509
1218
290
40
683
2024
1199
2158
182
1020
2159
1291
998
1910
2537
2881
824
392
344
162
63
1139
2255
2670
2143
120
2567
2691
1749
2026
1
356
2509
427
2036
788
803
2735
2410
2313
774
1720
1839
916
1772
757
1948
2907
1205
254
1004
1336
138
2640
168
1441
2391
1480
1005
342
1168
1599
646
1376
2929
986
2855
2279
648
1844
951
194
29
91
1170
231
2340
2704
2347
1453
634
571
170
1094
2902
2675
560
2761
198
2319
607
814
349
1885
2275
1609
2786
2633
275
1589
2177
1969
2788
332
664
1734
856
85
627
2682
355
1848
273
134
1223
2373
1122
1099
2854
1097
601
1332
1705
747
416
161
122
1926
1507
1894
927
1226
2429
521
992
2126
2104
1499
313
1570
430
2767
1904
2326
2293
2157
2046
1833
1314
2458
2498
1162
1245
600
1029
1460
2591
2842
1630
1279
561
794
1497
1147
1263
176
1399
2345
1131
1364
2724
1448
1152
2662
399
187
1649
2202
61
2254
933
1112
2896
1116
335
1024
2363
1276
2222
1962
1727
2778
2448
2863
1936
2181
1377
1718
1911
1561
2818
551
2671
2581
2057
2694
1673
1021
42
1155
235
449
1958
304
353
151
1110
2243
1259
2190
1921
78
1602
789
2906
185
1585
2606
2679
2655
2462
1036
2784
2437
589
882
71
2203
2522
107
1365
1031
1601
1564
252
872
2206
1466
1799
2012
2259
1104
1446
1148
1235
952
2926
2718
568
2931
520
2536
1444
2225
1781
1157
2003
864
854
1231
1830
673
1785
2229
2877
2038
547
1204
2757
1579
345
584
980
2421
1665
2634
350
2262
1859
2195
865
1709
1089
1946
334
128
2521
2336
1042
971
2240
1930
1971
2449
2585
1305
964
1222
2200
1970
1728
2527
366
203
585
1354
1804
1850
798
2676
1017
1287
2710
1740
157
1393
1431
2493
1661
893
1107
1877
1633
2629
396
1974
2738
495
1572
54
1232
2153
750
1238
909
2503
528
2091
260
1159
2199
371
307
2451
935
2342
2097
2400
1093
136
770
1361
2733
1085
2891
2284
2528
453
2260
1543
563
2920
2162
1018
2405
1838
1787
1288
23
1831
2652
1645
504
2773
43
362
1306
2166
2424
1652
1386
1310
2674
1216
117
586
1654
2922
2646
2145
577
291
1373
246
949
1022
1530
904
1600
2072
249
985
1684
489
486
2446
177
1793
837
1575
415
2790
2723
1845
947
668
1818
2563
190
2348
737
976
2286
635
436
1264
817
1989
2538
188
714
2201
802
1748
5
2557
431
1179
327
2838
328
2751
446
603
2801
731
982
2108
1156
1165
112
1627
1763
2912
2832
2776
1653
1993
818
654
1504
407
903
783
2034
2813
1316
2088
760
1908
1944
2713
2739
1943
1132
2135
2465
1952
771
746
2212
57
1303
1339
2811
2857
552
1583
1824
1312
1091
2403
2477
1470
1000
330
1640
152
1919
310
2697
2257
1778
1457
2101
713
2070
2468
2230
2695
839
440
1965
1063
28
2317
745
2316
2266
2741
676
1422
1278
1014
1576
255
1299
1379
1378
2878
1113
647
2184
484
1646
953
1468
938
1267
270
2875
1696
905
2494
261
2874
2318
823
1182
2554
460
2073
1951
881
2071
2215
2356
925
2653
26
2919
2074
2420
2721
1559
1920
775
2879
1262
2332
2002
1889
316
1087
540
1197
1617
2781
1978
507
2690
751
1747
1857
965
1346
2436
1828
970
2870
2430
960
2667
862
725
2250
636
294
347
1244
236
2839
620
340
60
2707
230
598
2866
1352
58
2825
2865
280
538
1249
742
450
1510
209
237
833
2938
736
2163
323
268
2406
2020
920
234
2659
445
491
497
782
1976
65
119
1632
744
2470
878
2461
1247
2576
1992
2884
2663
2217
2490
1546
394
1702
1941
1605
253
1092
135
2032
2837
532
1396
978
2346
2328
435
2216
247
299
2717
338
2611
2583
871
1683
481
2439
1176
1315
2050
417
1434
2281
300
1177
769
2207
966
30
1916
877
2134
1483
721
1580
2433
104
804
2185
2191
1356
1871
2378
2594
1704
1284
1685
599
510
1351
629
1525
1689
2242
777
329
2118
630
2689
2550
2812
1200
1477
2315
479
617
1325
369
1411
748
1573
314
1968
1348
2295
1667
870
1803
529
2911
691
576
301
967
2306
2251
2719
22
154
201
2075
17
124
1511
1557
1002
806
2795
546
1723
2241
228
2620
1551
2864
184
2904
2941
250
2905
1171
651
1074
729
2180
1472
2299
482
1999
1797
169
1206
1459
1858
1011
2794
1323
2321
2913
2039
1896
2416
406
516
1215
829
1812
2551
149
2193
2452
889
1142
2331
759
454
1059
1321
2925
1990
1400
2852
697
1324
130
1761
1482
1607
90
1531
536
2613
801
1420
1311
667
2540
2771
1693
2389
1659
926
851
1883
842
2054
325
2218
207
641
1275
768
289
1582
74
505
2511
2270
669
712
282
2237
991
174
2213
292
1417
64
181
1239
2360
2693
2322
2365
56
2501
311
1593
2584
644
2139
1292
2228
1272
2768
682
827
141
1080
2294
2083
6
2186
381
222
1054
89
1798
1008
1807
2499
1169
1322
1954
1342
1851
370
2144
936
2683
975
2604
2829
1924
448
2474
2263
2806
1643
1465
572
2935
1811
1338
277
1899
1114
1082
2353
1289
100
1913
2716
1701
1403
2804
2175
1788
1779
25
1257
1160
2047
784
2138
2334
907
1207
2123
1628
1880
1697
1669
2725
318
1562
2578
1869
2770
2267
102
1049
2127
1874
701
2529
2587
514
283
1942
844
2141
1853
1917
657
372
2917
822
1675
2379
670
867
1679
37
1986
2381
2154
1664
2019
1964
155
892
477
264
1501
1258
2298
2899
2182
11
1928
1493
762
554
1069
2483
274
1056
2766
1849
1498
1731
2901
1447
2582
262
717
2092
8
499
2518
1688
421
1331
351
2928
2052
2473
75
2128
853
2508
1886
1724
2160
2826
1293
219
284
2566
2031
109
67
2136
1413
734
1189
2562
1260
622
530
1429
2271
2524
1184
595
575
836
1726
2643
1234
81
1706
405
1703
1687
2699
1476
452
2828
1052
2239
1012
1350
2211
1893
1556
602
2817
1854
781
791
2247
799
1452
2632
886
2615
688
2040
1419
339
1194
1832
1213
1119
1712
1808
587
2923
1932
378
1137
2261
173
875
857
1862
2698
183
2007
2269
2872
2598
1193
981
21
2623
876
410
1041
2564
1143
2100
2580
2173
263
1544
2543
1416
1516
2834
1496
1528
2204
2041
1714
403
2130
2077
1678
367
779
605
1033
2853
2525
2333
2219
1243
1141
2018
1006
1383
2850
2765
377
908
2089
852
2572
2565
753
1101
501
2688
2065
614
27
863
621
534
2846
1261
703
2859
1777
2011
390
2824
1124
2730
2238
1347
2106
2324
293
512
2056
441
2285
1103
2304
1973
2680
699
2385
1512
628
2464
2248
1300
2183
295
2476
2840
2558
221
637
2780
2792
1481
2547
934
1070
680
825
2358
414
70
217
1533
1621
384
419
1764
41
1715
2844
2651
245
2796
656
995
256
93
592
2409
2753
705
447
451
1574
2588
359
1791
2505
1567
1274
1955
1406
1003
1535
1382
2308
2800
1935
1592
2701
1285
1548
2117
662
204
244
1918
2264
2131
767
2743
1994
672
2273
1806
494
395
200
2684
1027
1039
1266
1450
1997
1868
2556
1111
2910
1133
2815
1517
2335
1486
1519
2692
333
1050
1478
1691
1358
2268
2434
508
44
145
96
2823
1660
331
1784
2137
1078
20
900
1240
2413
1526
787
1440
55
1221
393
2055
1064
51
1915
1771
341
2592
1875
1725
115
639
1879
1188
241
2678
523
2589
196
1308
1090
525
2728
1681
1494
1398
2079
805
1333
1229
1988
1456
2164
1044
1015
1286
386
716
2014
434
649
2774
2575
2597
987
969
1554
994
2417
83
527
1615
2432
2289
749
2610
793
2574
1626
687
2330
2756
537
1584
129
2762
2579
1616
106
1326
1237
1344
2455
1388
179
2617
1855
567
165
2495
2223
858
1136
1319
1270
426
1461
2673
2109
655
2603
2916
531
1569
2914
1657
2350
2016
1203
2320
2755
468
2517
2179
108
2791
642
1618
296
1187
1694
533
658
956
2873
993
279
422
513
1462
1438
2858
2807
500
455
2531
550
2414
2630
2769
1001
932
1622
1098
2305
1655
1294
2443
2114
1423
420
726
485
1578
1547
2245
1233
1489
772
2619
1432
1035
127
979
2526
32
2214
1458
2595
2037
2861
569
1957
1212
1865
2234
92
2841
400
197
140
2148
1820
1427
860
2447
1428
2830
224
1887
1086
859
873
752
1897
2681
543
958
1741
2099
2291
2915
457
1236
939
2740
68
2058
2836
258
466
1813
2133
754
2748
143
929
189
2706
2272
2021
1328
2847
321
526
1225
1241
1984
2471
2590
1065
1071
2772
1756
2374
2491
2165
2274
1586
645
1394
1620
2395
1960
1105
1658
1794
2422
2008
719
1805
1623
631
1613
1745
1730
1892
2702
492
1814
2209
2720
2851
1891
1537
2004
1553
945
2705
2107
535
1927
2624
1043
1341
999
2648
319
1369
1410
2151
1061
2808
2520
1217
1317
1195
1595
1068
2086
1770
1692
2028
374
308
142
2366
1016
39
1768
2140
1739
1663
1590
1488
2744
1637
2729
2516
2463
2146
2017
2835
1981
1210
2344
922
186
1801
1469
2226
2310
2087
1046
1972
1118
1780
2450
1007
1847
2467
1135
579
2605
1898
2783
1608
885
1173
1060
1967
458
1581
1668
1975
2485
1038
1700
45
461
1144
472
1656
2171
2745
1676
2657
1185
31
1742
963
1867
1343
1596
364
696
619
915
1154
2862
961
573
358
2220
2231
2750
2361
666
2309
2644
704
2932
2418
1949
2015
616
444
2888
1937
1800
2122
2637
2722
208
1604
1123
913
578
424
1255
1076
1719
1281
1922
2545
1268
2742
2843
2492
2010
1414
490
1682
2178
1541
738
710
2256
326
2661
10
906
1542
1164
2654
2752
2314
336
1634
1903
2819
1443
2523
1313
1810
1355
695
813
2649
1753
2338
1475
2937
1451
2435
2641
1750
123
69
1647
1834
2887
2059
957
2082
1360
1746
199
1598
2726
1273
73
1789
2593
2479
1790
1625
2027
1408
1109
1552
582
2867
2883
2552
205
1624
433
2810
1619
7
2288
114
1558
623
1766
608
1901
2827
218
2049
2325
1755
2337
1500
216
1079
2394
346
2341
2415
1345
1196
557
1529
257
1163
2631
524
1817
2090
1998
227
88
810
2898
1905
1966
2442
2392
895
968
1220
413
1677
470
2296
2889
2189
2061
606
1670
2252
1436
2459
1026
786
1945
2548
148
1088
2
1638
1084
650
2669
2871
1606
2069
1395
812
363
2311
690
1463
2030
912
298
740
47
570
487
2621
1783
2475
2506
1337
2411
309
2129
2890
158
1774
2596
1716
404
474
776
2530
2609
376
2466
2559
1495
765
1521
1888
506
2600
1066
2370
18
562
52
2343
1577
1729
835
613
34
1597
890
1248
809
1825
1140
1823
269
1884
849
2672
1095
1758
214
379
2423
1902
511
2064
566
2703
2382
2453
1760
1754
1642
1587
2504
2869
923
2933
743
2636
2098
2303
2833
739
819
518
2397
1686
2244
303
87
1520
1439
2068
974
475
1214
2831
16
139
476
2043
2546
1391
2747
272
1121
1083
2096
1430
937
1636
2155
1134
1809
1588
728
337
2568
689
2112
1290
1882
2302
12
2102
1371
632
2895
633
2115
1175
972
1929
1435
830
2121
2053
1977
1384
1128
1841
2893
212
1733
785
118
1227
1492
242
1950
2860
2570
462
2616
1367
553
1603
590
1513
2577
1947
2645
1096
715
901
2224
1181
2359
493
1077
2622
700
820
2232
192
2125
1424
1769
797
1186
1829
166
944
94
711
2060
1115
251
1252
2167
2067
678
2754
522
1032
989
1389
2399
2666
2246
2608
2573
1923
542
1146
1895
1081
1732
2487
2169
996
1995
1773
931
442
503
383
1515
959
581
1362
942
733
843
1178
2601
2174
2638
439
1560
191
1246
2677
1108
1796
14
1506
0
730
1282
1211
1876
159
548
1909
33
1782
1819
1612
1722
2386
2290
1125
1549
2364
2539
1407
884
1374
2388
708
1568
97
2110
2323
1487
848
675
1961
866
2119
1190
401
910
2500
1250
597
2142
2265
1827
2814
2349
2658
1174
2297
1192
761
638
315
720
1821
1863
1631
2013
1075
1743
1426
596
625
1907
469
846
840
887
1648
2939
1759
2647
2408
1335
1523
1228
868
2277
1183
267
1062
1711
1437
1491
2457
2276
1713
2849
2198
1219
897
1890
387
954
1363
545
1028
2535
238
2481
443
2927
984
2635
1296
950
722
164
1405
2210
2282
1744
2147
1167
2280
2194
2150
225
1454
2560
110
171
1925
2799
1180
2249
2793
591
2187
919
555
62
2909
1381
2253
1023
1418
223
850
1987
583
977
2668
281
1297
2009
2571
1013
2746
2561
1826
2715
1933
1479
2892
1959
2352
302
1792
1983
1695
1699
2407
1191
1565
1635
411
125
2113
1776
544
593
2460
15
2515
2553
1366
193
1380
773
2921
732
2042
2759
2789
425
402
432
1309
1738
1757
66
357
2329
2236
2103
2307
1353
2051
1721
1538
2168
880
105
48
800
556
2233
1963
1409
297
86
226
841
354
1698
724
997
2033
1912
1401
2080
463
2502
113
2930
2412
2484
594
2848
1349
517
2734
131
1415
2425
2258
911
2934
1710
1522
324
615
706
2390
99
2845
558
2664
1230
2936
780
465
1051
2918
2514
1881
2775
707
1566
604
1251
76
1145
917
1329
2111
361
609
116
1150
735
1717
2822
287
1127
2387
2287
2196
1938
1840
831
232
2380
1357
473
1490
1055
2760
1672
671
653
1034
894
988
388
1982
946
940
4
624
1161
1846
2496
2029
1536
821
2628
2599
2368
1690
2777
98
2736
2339
2081
72
163
2816
1301
2208
1198
1464
1611
391
1327
612
755
1372
1802
1503
2355
1053
9
1370
808
883
1172
2924
618
1934
559
111
764
1836
1307
973
1953
1318
146
702
1735
1019
59
861
2711
2176
423
382
1433
1130
1467
2782
674
1842
2301
471
1473
248
259
2440
1594
1555
2486
1563
693
2419
1708
2094
2764
1644
1835
2555
1474
2044
46
2820
1931
1253
2441
2894
826
1571
1129
1985
928
389
2696
2882
2618
1940
1397
1334
2431
195
2714
2802
855
896
266
1166
2507
815
2362
778
2120
795
1025
1390
368
723
832
1873
2172
834
2885
930
305
565
1295
2235
156
348
1265
574
1256
464
990
2803
1304
1283
685
1752
77
49
101
914
1158
150
153
2708
2519
1412
2062
1106
1037
1509
202
496
2763
2497
1030
1010
408
2472
1040
2357
210
1375
1048
2192
898
2078
467
1540
1996
36
1914
1767
438
1269
2712
918
2444
2665
53
1751
541
1737
796
1518
2886
955
1736
698
1641
2642
1449
611
2639
2312
35
2480
352
428
2660
2586
1795
1387
924
2541
456
1445
13
412
1392
265
478
380
1009
2438
888
1485
2152
1385
50
312
365
1762
1680
1872
663
1545
2278
1368
2085
1651
1067
398
375
1073
869
694
271
2384
1471
2544
1629
2478
962
1856
1786
665
539
2300
1900
941
1852
879
2376
1209
2369
741
626
2045
1455
1980
1404
763
2367
1505
320
2093
2469
1527
1956
681
2821
2401
1837
874
2607
1532
147
1072
2897
660
2533
2292
2445
2700
564
2124
1208
686
1102
132
640
659
727
1878
2023
2063
2749
429
580
2880
1425
766
2532
2908
677
2868
317
1402
2779
3
2626
2454
2377
278
1151
2614
983
2602
1610
679
2428
847
2156
709
2482
807
902
1271
2787
1860
790
1359
1866
306
2426
2084
2161
2727
103
488
899
178
167
175
1242
1539
2512
1843
2731
1298
652
286
2354
1674
1126
498
2542
2383
2105
240
1224
2025
1662
2283
239
2170
1058
1340
2001
1502
2612
1277
1201
2427
2006

