1 0
2 0
3 0
4 0
5 0
6 0
7 0
8 1
9 0
10 1
11 1
12 0
13 0
14 1
15 1
16 1
17 0
18 0
19 1
20 0
21 1
22 0
23 1
24 0
25 1
26 1
27 0
28 1
29 1
30 0
31 0
32 1
33 0
34 0
35 0
36 1
37 0
38 1
39 0
40 0
41 0
42 1
43 0
44 0
45 0
46 0
47 0
48 0
49 1
50 0
51 1
52 1
53 1
54 1
55 0
56 1
57 1
58 0
59 1
60 0
61 0
62 0
63 0
64 1
65 1
66 1
67 1
68 0
69 0
70 1
71 1
72 1
73 1
74 1
75 1
76 1
77 0
78 1
79 1
80 0
81 1
82 0
83 0
84 0
85 1
86 1
87 0
88 1
89 1
90 1
91 1
92 1
93 0
94 0
95 1
96 0
97 0
98 1
99 0
100 1
101 1
102 1
103 1
104 1
105 1
106 1
107 0
108 0
109 0
110 0
111 0
112 0
113 1
114 0
115 0
116 0
117 1
118 0
119 1
120 1
121 0
122 1
123 0
124 1
125 0
126 0
127 0
128 0
129 0
130 1
131 1
132 1
133 0
134 1
135 0
136 1
137 1
138 1
139 0
140 1
141 0
142 1
143 1
144 1
145 1
146 1
147 0
148 0
149 0
150 0
151 0
152 0
153 1
154 0
155 0
156 0
157 0
158 0
159 1
160 1
161 0
162 0
163 0
164 1
165 1
166 0
167 1
168 1
169 1
170 0
171 1
172 0
173 0
174 0
175 0
176 1
177 0
178 1
179 1
180 1
181 1
182 0
183 1
184 0
185 1
186 0
187 0
188 0
189 1
190 1
191 1
192 0
193 1
194 1
195 1
196 1
197 0
198 0
199 1
200 0
201 0
202 0
203 0
204 1
205 0
206 0
207 1
208 0
209 0
210 1
211 1
212 0
213 0
214 0
215 1
216 1
217 0
218 0
219 0
220 1
221 0
222 0
223 1
224 1
225 1
226 0
227 1
228 0
229 0
230 1
231 1
232 0
233 1
234 1
235 0
236 1
237 1
238 1
239 1
240 1
241 1
242 0
243 1
244 1
245 1
246 1
247 0
248 1
249 0
250 1
251 1
252 1
253 0
254 1
255 0
256 1
257 0
258 0
259 0
260 0
261 0
262 1
263 1
264 1
265 1
266 0
267 0
268 0
269 1
270 1
271 0
272 0
273 0
274 1
275 1
276 0
277 1
278 1
279 1
280 1
281 0
282 0
283 1
284 0
285 0
286 0
287 1
288 1
289 1
290 1
291 1
292 1
293 1
294 1
295 0
296 1
297 1
298 1
299 1
300 1
301 1
302 0
303 1
304 0
305 1
306 1
307 0
308 0
309 1
310 1
311 0
312 1
313 1
314 0
315 1
316 0
317 0
318 0
319 1
320 0
321 1
322 1
323 0
324 1
325 0
326 1
327 1
328 1
329 1
330 1
331 1
332 1
333 1
334 1
335 1
336 1
337 1
338 0
339 1
340 1
341 0
342 1
343 1
344 1
345 1
346 0
347 1
348 1
349 0
350 0
351 1
352 1
353 1
354 0
355 1
356 0
357 0
358 0
359 0
360 0
361 1
362 0
363 0
364 1
365 1
366 0
367 0
368 1
369 1
370 1
371 0
372 0
373 1
374 1
375 1
376 1
377 1
378 1
379 1
380 0
381 1
382 0
383 0
384 1
385 0
386 0
387 0
388 1
389 1
390 1
391 1
392 1
393 1
394 1
395 0
396 1
397 1
398 1
399 1
400 1
401 1
402 0
403 1
404 0
405 0
406 0
407 1
408 0
409 1
410 1
411 1
412 1
413 1
414 0
415 1
416 1
417 1
418 0
419 1
420 0
421 1
422 1
423 0
424 0
425 0
426 1
427 0
428 1
429 1
430 0
431 1
432 0
433 0
434 1
435 1
436 0
437 1
438 1
439 0
440 0
441 0
442 0
443 0
444 0
445 0
446 0
447 1
448 0
449 0
450 1
451 0
452 0
453 0
454 1
455 0
456 1
457 1
458 1
459 1
460 0
461 0
462 1
463 1
464 1
465 1
466 1
467 1
468 1
469 0
470 0
471 1
472 1
473 1
474 0
475 1
476 0
477 1
478 1
479 1
480 1
481 1
482 1
483 0
484 1
485 0
486 0
487 1
488 0
489 1
490 1
491 0
492 0
493 0
494 0
495 0
496 0
497 0
498 0
499 0
500 0
501 0
502 0
503 0
504 0
505 0
506 0
507 0
508 0
509 1
510 1
511 1
512 0
513 1
514 0
515 1
516 1
517 1
518 0
519 1
520 1
521 1
522 1
523 1
524 1
525 0
526 1
527 1
528 0
529 1
530 0
531 0
532 0
533 0
534 0
535 0
536 1
537 1
538 0
539 0
540 1
541 0
542 0
543 1
544 1
545 0
546 0
547 0
548 0
549 0
550 0
551 0
552 0
553 0
554 0
555 1
556 0
557 0
558 1
559 0
560 0
561 0
562 0
563 1
564 1
565 0
566 0
567 1
568 0
569 1
570 1
571 1
572 1
573 1
574 1
575 0
576 1
577 0
578 1
579 0
580 0
581 1
582 1
583 0
584 0
585 0
586 1
587 1
588 0
589 1
590 0
591 1
592 1
593 1
594 0
595 1
596 1
597 0
598 1
599 0
600 1
601 0
602 0
603 0
604 1
605 1
606 1
607 0
608 1
609 1
610 1
611 0
612 1
613 0
614 1
615 1
616 0
617 1
618 1
619 1
620 0
621 0
622 0
623 1
624 1
625 1
626 1
627 0
628 0
629 0
630 1
631 0
632 1
633 1
634 0
635 1
636 1
637 0
638 0
639 0
640 0
641 1
642 1
643 0
644 0
645 0
646 1
647 1
648 1
649 1
650 0
651 1
652 1
653 0
654 0
655 1
656 0
657 0
658 0
659 0
660 1
661 1
662 1
663 1
664 1
665 1
666 0
667 0
668 1
669 0
670 0
671 0
672 1
673 1
674 1
675 1
676 0
677 1
678 0
679 1
680 0
681 1
682 0
683 1
684 0
685 0
686 1
687 0
688 0
689 1
690 0
691 1
692 1
693 0
694 0
695 1
696 1
697 1
698 0
699 1
700 1
701 1
702 1
703 1
704 0
705 0
706 0
707 0
708 1
709 0
710 1
711 0
712 1
713 1
714 1
715 0
716 0
717 0
718 0
719 0
720 0
721 0
722 0
723 0
724 1
725 0
726 0
727 0
728 0
729 1
730 0
731 1
732 0
733 0
734 1
735 0
736 0
737 0
738 0
739 0
740 0
741 0
742 1
743 1
744 0
745 0
746 0
747 1
748 1
749 0
750 0
751 0
752 0
753 0
754 0
755 1
756 0
757 0
758 0
759 1
760 1
761 1
762 0
763 1
764 0
765 1
766 1
767 1
768 1
769 1
770 1
771 0
772 0
773 0
774 0
775 0
776 0
777 0
778 0
779 1
780 1
781 1
782 0
783 1
784 0
785 1
786 0
787 0
788 1
789 0
790 1
791 1
792 1
793 0
794 0
795 1
796 1
797 0
798 1
799 0
800 1
801 0
802 0
803 0
804 0
805 0
806 0
807 0
808 1
809 0
810 0
811 0
812 0
813 1
814 0
815 1
816 0
817 0
818 1
819 0
820 0
821 0
822 1
823 0
824 0
825 0
826 0
827 0
828 0
829 0
830 0
831 0
832 0
833 1
834 0
835 0
836 0
837 1
838 0
839 1
840 1
841 1
842 1
843 1
844 1
845 1
846 1
847 1
848 1
849 1
850 0
851 0
852 0
853 1
854 0
855 1
856 0
857 0
858 1
859 1
860 1
861 1
862 0
863 0
864 1
865 1
866 1
867 0
868 0
869 0
870 0
871 1
872 0
873 0
874 1
875 0
876 1
877 0
878 0
879 0
880 0
881 1
882 1
883 0
884 1
885 0
886 1
887 1
888 0
889 1
890 0
891 1
892 1
893 1
894 0
895 0
896 0
897 0
898 0
899 1
900 0
901 0
902 1
903 0
904 0
905 1
906 0
907 0
908 0
909 0
910 0
911 0
912 1
913 1
914 1
915 1
916 0
917 0
918 1
919 0
920 1
921 1
922 0
923 1
924 0
925 0
926 1
927 0
928 0
929 1
930 0
931 0
932 0
933 0
934 0
935 1
936 0
937 0
938 0
939 0
940 0
941 0
942 1
943 1
944 0
945 0
946 1
947 1
948 1
949 1
950 1
951 1
952 0
953 1
954 1
955 1
956 0
957 0
958 0
959 1
960 0
961 0
962 0
963 0
964 0
965 0
966 0
967 0
968 0
969 0
970 0
971 0
972 1
973 0
974 1
975 1
976 1
977 1
978 1
979 1
980 0
981 0
982 1
983 0
984 0
985 0
986 0
987 0
988 0
989 1
990 1
991 1
992 1
993 0
994 1
995 0
996 0
997 1
998 1
999 0
1000 0
1001 0
1002 0
1003 0
1004 0
1005 1
1006 0
1007 0
1008 0
1009 1
1010 0
1011 1
1012 0
1013 0
1014 0
1015 0
1016 0
1017 0
1018 0
1019 0
1020 0
1021 0
1022 0
1023 0
1024 0
1025 0
1026 1
1027 0
1028 1
1029 1
1030 1
1031 1
1032 1
1033 0
1034 1
1035 1
1036 0
1037 0
1038 0
1039 0
1040 0
1041 0
1042 0
1043 0
1044 0
1045 0
1046 0
1047 0
1048 0
1049 1
1050 0
1051 0
1052 0
1053 0
1054 0
1055 0
1056 0
1057 0
1058 0
1059 0
1060 0
1061 0
1062 1
1063 1
1064 0
1065 0
1066 0
1067 0
1068 0
1069 0
1070 0
1071 1
1072 0
1073 0
1074 0
1075 0
1076 0
1077 0
1078 1
1079 0
1080 1
1081 1
1082 1
1083 0
1084 1
1085 1
1086 1
1087 1
1088 1
1089 0
1090 1
1091 1
1092 1
1093 1
1094 0
1095 1
1096 0
1097 0
1098 0
1099 0
1100 1
1101 0
1102 0
1103 0
1104 0
1105 0
1106 0
1107 0
1108 0
1109 0
1110 0
1111 0
1112 0
1113 1
1114 0
1115 1
1116 0
1117 0
1118 0
1119 1
1120 0
1121 0
1122 0
1123 0
1124 0
1125 0
1126 0
1127 1
1128 1
1129 1
1130 0
1131 0
1132 0
1133 0
1134 1
1135 0
1136 0
1137 1
1138 1
1139 0
1140 0
1141 1
1142 1
1143 0
1144 0
1145 0
1146 0
1147 0
1148 0
1149 1
1150 0
1151 1
1152 1
1153 0
1154 0
1155 0
1156 0
1157 0
1158 0
1159 0
1160 1
1161 1
1162 0
1163 1
1164 1
1165 0
1166 0
1167 0
1168 1
1169 0
1170 1
1171 1
1172 1
1173 0
1174 1
1175 1
1176 0
1177 1
1178 0
1179 0
1180 1
1181 1
1182 0
1183 0
1184 1
1185 1
1186 1
1187 1
1188 1
1189 1
1190 1
1191 0
1192 0
1193 0
1194 0
1195 0
1196 0
1197 0
1198 0
1199 0
1200 1
1201 0
1202 0
1203 1
1204 0
1205 0
1206 0
1207 0
1208 0
1209 1
1210 0
1211 0
1212 1
1213 1
1214 0
1215 0
1216 0
1217 0
1218 0
1219 0
1220 0
1221 0
1222 1
1223 1
1224 1
1225 0
1226 0
1227 0
1228 1
1229 0
1230 0
1231 1
1232 1
1233 1
1234 1
1235 0
1236 1
1237 1
1238 0
1239 0
1240 0
1241 1
1242 1
1243 1
1244 0
1245 0
1246 1
1247 0
1248 1
1249 1
1250 0
1251 0
1252 1
1253 0
1254 0
1255 0
1256 0
1257 0
1258 0
1259 0
1260 0
1261 0
1262 1
1263 1
1264 0
1265 1
1266 1
1267 1
1268 0
1269 1
1270 0
1271 1
1272 0
1273 1
1274 0
1275 1
1276 1
1277 0
1278 1
1279 0
1280 0
1281 1
1282 0
1283 1
1284 0
1285 1
1286 1
1287 1
1288 0
1289 1
1290 1
1291 0
1292 0
1293 1
1294 0
1295 0
1296 1
1297 1
1298 1
1299 0
1300 1
1301 0
1302 0
1303 0
1304 0
1305 0
1306 0
1307 0
1308 1
1309 0
1310 0
1311 1
1312 0
1313 1
1314 1
1315 1
1316 0
1317 0
1318 1
1319 1
1320 1
1321 0
1322 0
1323 0
1324 0
1325 1
1326 1
1327 0
1328 0
1329 0
1330 0
1331 1
1332 0
1333 0
1334 0
1335 0
1336 0
1337 1
1338 0
1339 0
1340 0
1341 1
1342 1
1343 0
1344 1
1345 1
1346 0
1347 1
1348 0
1349 0
1350 0
1351 1
1352 0
1353 1
1354 1
1355 0
1356 1
1357 0
1358 0
1359 0
1360 0
1361 0
1362 0
1363 1
1364 0
1365 1
1366 1
1367 0
1368 0
1369 1
1370 1
1371 1
1372 1
1373 0
1374 1
1375 0
1376 1
1377 1
1378 1
1379 1
1380 1
1381 1
1382 1
1383 0
1384 1
1385 0
1386 0
1387 0
1388 1
1389 1
1390 0
1391 1
1392 0
1393 0
1394 1
1395 1
1396 0
1397 0
1398 0
1399 0
1400 1
1401 1
1402 1
1403 0
1404 0
1405 1
1406 1
1407 1
1408 0
1409 1
1410 1
1411 1
1412 1
1413 1
1414 1
1415 1
1416 0
1417 0
1418 0
1419 1
1420 0
1421 1
1422 0
1423 0
1424 0
1425 1
1426 0
1427 1
1428 0
1429 1
1430 0
1431 0
1432 0
1433 0
1434 0
1435 0
1436 1
1437 1
1438 0
1439 0
1440 0
1441 1
1442 1
1443 0
1444 0
1445 0
1446 0
1447 0
1448 1
1449 0
1450 1
1451 0
1452 1
1453 1
1454 1
1455 0
1456 0
1457 0
1458 0
1459 1
1460 0
1461 0
1462 1
1463 0
1464 0
1465 1
1466 0
1467 0
1468 1
1469 0
1470 1
1471 1
