2179
2215
420
1381
1632
2421
2306
2041
454
1606
1506
1693
464
2365
2374
521
662
2621
2752
2153
990
2780
2432
2547
80
1689
2122
2789
2125
950
789
679
2911
323
436
492
1264
784
736
2063
2868
857
1953
676
1888
2507
1676
1232
2307
1027
1122
1842
2588
52
2167
930
1437
387
1554
1454
2253
2278
2627
173
245
2559
107
2344
2409
1292
2443
1141
389
2855
1970
1391
2123
2212
1879
1468
834
201
1436
1744
476
2738
2182
2062
308
553
1657
2678
244
7
849
1698
240
2055
1743
1334
443
196
2441
302
1909
2056
2046
647
190
1163
1065
2260
1343
2035
2456
2567
1374
2548
1902
1934
1465
634
1036
754
1945
2813
1701
1131
491
301
805
2338
44
2581
1212
1494
2495
831
1180
2556
2024
1565
1490
2262
2069
106
223
413
456
1192
1077
2668
1522
2796
534
656
621
2782
1297
1901
591
1529
1460
1438
1514
2196
2636
1826
2923
199
2329
1997
461
778
989
1798
1356
872
2862
514
1176
1147
1429
1605
2498
2186
293
1413
2059
1721
2503
886
1445
1607
128
2840
261
1108
2308
430
63
1913
1167
517
2904
2288
1812
720
1347
2043
706
1458
92
237
466
1294
2798
1205
78
1920
1184
770
79
1348
682
760
918
723
1063
2452
2012
1415
1078
785
2346
2246
1956
298
2723
1976
2074
1067
891
748
2861
1233
1611
2118
839
1786
2658
1196
914
46
983
615
1682
864
1361
1971
755
2446
2023
101
953
923
581
794
1006
965
2360
861
2303
2601
1007
552
800
649
1258
2281
1853
1257
749
1568
2400
2332
31
1590
635
753
898
1646
881
2213
2926
2460
361
1588
1394
2394
1648
1066
644
278
2767
2901
2751
1434
664
2395
2817
2703
1474
333
1973
2845
2647
1052
533
211
1017
2655
10
468
2804
2747
1203
1692
329
1399
2334
1291
555
2265
2534
2746
850
1639
2188
2236
1450
1653
1911
1312
592
2119
1137
501
1869
167
1669
1182
693
2136
1511
95
612
2243
1866
1854
1957
2218
894
1691
726
777
2582
1019
2447
2866
2068
819
724
1313
1130
2356
991
551
631
144
1457
2593
1785
2736
1179
2688
1363
1633
1755
1567
1573
970
482
1071
1991
2755
2814
668
1121
2416
975
344
170
2680
2646
67
1309
2936
169
2669
1850
1449
2677
495
1891
1093
2771
2292
812
769
1367
611
1003
1658
1572
1959
61
2497
488
1617
761
2330
508
318
540
665
2583
480
2739
1857
1968
9
2100
1531
1509
2561
2624
1316
2902
2168
1637
868
913
816
307
335
2089
2639
1733
242
906
371
1699
549
979
1250
1398
910
1530
2748
2614
1463
976
1098
692
2047
347
920
2113
2595
2903
704
2533
1505
1563
1040
1763
2208
208
2679
2324
2720
1720
417
1303
1129
1259
2129
435
524
786
2073
875
192
1370
2065
1679
1725
150
162
2643
1267
638
2021
1829
885
2846
342
854
2597
2101
178
802
141
1517
1662
2711
2849
2613
2383
1513
2478
2935
1822
2429
280
2805
15
1123
783
155
2442
1166
369
1624
470
16
980
2575
1503
1707
42
2551
1018
1774
142
1936
1904
1886
595
1855
1396
2092
2135
255
663
1773
2110
1833
38
474
217
709
215
295
544
1821
570
1392
222
545
370
1188
702
1095
1217
740
1072
537
992
1461
137
1796
2812
1096
1105
1877
2886
862
1875
2191
2914
1022
431
2695
1387
130
1962
2940
2620
1274
1466
1696
996
2130
1784
1224
1154
2385
2578
994
2537
1379
1296
1315
1183
2013
1533
2640
292
1277
1327
2247
2448
187
640
2199
2131
1680
1969
1015
131
746
1589
1484
198
1492
1421
406
1401
2642
377
670
1354
2359
442
883
1335
1932
1740
2501
1439
2222
11
2576
2210
563
1625
81
134
1542
1900
29
1760
735
1286
2538
112
1310
1739
1307
1340
715
1747
2214
119
947
700
2531
1042
2883
2204
22
1478
2184
728
1330
2178
1104
423
999
2586
272
2499
1405
1536
1300
2686
1280
790
2490
1254
828
1841
427
1790
614
590
1987
1939
818
1937
99
1281
1389
66
1404
619
1175
1085
2743
457
603
172
2402
741
2744
1252
478
582
993
2145
2858
2462
1140
2060
26
2568
629
1024
2811
2226
70
762
2290
1559
1908
2475
110
1358
356
2058
960
1068
1764
1417
429
2553
27
1190
1643
1050
513
1091
772
1346
450
1824
2231
1029
1323
1464
977
941
14
481
1456
2352
2407
2779
815
305
2479
879
503
2438
353
2351
2701
2183
892
687
2803
2091
856
1983
114
902
425
2579
1033
1081
1181
1368
446
880
2229
1128
672
1741
809
147
1099
2114
751
2545
797
286
2079
316
538
1382
2749
2546
2512
229
1846
2090
933
1397
182
974
207
1318
1311
1222
2513
858
893
2916
2602
283
2379
1546
1502
2815
737
1776
559
2022
1935
1005
531
2843
2516
808
2465
1364
2682
2198
2508
1876
89
2099
1811
1045
1481
1647
1107
2517
1228
718
1551
2881
313
2234
654
1843
2925
1543
799
2651
206
1967
1929
2895
2716
1993
2375
2605
1524
2248
601
2653
2774
3
159
2692
1885
2555
509
2134
2530
34
2899
814
955
968
823
2301
401
2126
1187
304
1062
2822
1761
73
260
225
2515
1582
632
189
1914
1656
1102
541
1738
330
188
2463
1765
1408
1947
2018
2842
1322
1194
2105
2386
2347
866
594
23
2660
2221
2390
1153
2625
2391
1630
2797
2689
2457
1667
1278
12
2076
2367
2293
2882
2106
2569
437
98
1986
2343
677
2396
348
1808
1537
1601
1990
622
732
2557
1380
1837
1073
75
747
1424
1992
2684
949
1339
1766
2061
2156
391
1621
238
2848
1446
2735
2053
2753
1112
60
54
842
2759
1109
2295
2433
336
50
317
326
1835
768
2760
2038
2876
412
228
1459
372
321
30
2542
826
32
20
2267
360
2592
2706
2428
2750
203
1844
62
1290
2650
175
445
494
1084
653
266
1425
2800
1441
359
2077
1515
519
404
2730
954
1946
2878
2638
1471
675
2833
1057
2924
666
86
394
1640
884
102
888
1400
2526
239
2728
312
1111
2931
935
1994
486
924
2011
1359
2048
919
279
422
341
2408
908
1703
1338
13
111
2674
2921
2104
100
1872
2832
1004
1608
1116
1172
1151
2217
2825
1564
2494
2075
2725
722
2827
2486
1431
1641
1923
1247
1612
912
118
1009
2040
2309
2626
532
2272
1174
1816
2466
2807
2520
493
745
669
2207
1623
250
4
2117
1930
1706
2809
2667
1366
180
2453
1486
2401
1369
234
306
874
184
547
2341
691
2187
1159
956
2083
2175
2335
694
548
959
752
661
212
2064
2435
648
1712
1943
2560
2853
2481
1852
465
973
2450
2406
1435
421
2726
1287
832
2109
2788
988
489
1383
2072
907
771
2261
2349
1910
1299
1742
139
1830
1801
2819
944
1488
2476
2144
911
727
1729
210
1426
2252
822
2239
1526
575
1896
658
1878
65
477
1125
1283
259
2768
961
2054
1251
2521
1058
1262
2052
1865
2369
441
2491
2274
2362
795
2649
179
776
145
1603
1249
1708
408
1227
870
542
2696
536
2838
587
1538
1094
1809
2345
1186
384
1133
804
2426
688
2039
2170
1887
2828
2223
2518
2173
1275
1996
2801
1139
2377
2372
2185
2617
2514
1921
995
1933
440
1834
613
186
940
998
1724
2522
221
2754
1206
2121
2794
343
717
2909
1306
219
2587
518
1226
750
76
340
2675
1046
618
889
713
216
734
1324
1634
2900
2525
2389
1393
1779
1644
43
1237
1489
1333
331
2271
45
821
2411
2656
133
1977
1675
1200
901
2132
1026
2297
1372
606
1518
701
2085
952
2050
639
810
2606
1103
2816
1525
696
2777
523
2238
2783
123
2731
2418
1447
33
109
579
2864
94
2793
2745
2761
1716
1090
269
2717
2202
1177
366
2300
2558
1156
1781
1917
585
1501
630
1626
2860
2835
2413
2652
877
1636
934
1135
697
1549
2398
2264
1950
520
2263
148
414
1010
364
2310
1126
1787
276
1922
1185
586
1160
1061
1860
2080
2209
327
1223
2721
358
978
1805
1020
2654
2137
2687
1357
2071
2342
1261
235
183
438
1
1794
2734
447
871
2084
2591
860
365
291
386
209
1849
77
2302
829
1686
731
152
2524
1510
683
1767
157
1585
2142
2580
1329
922
2255
2216
473
339
2423
490
1622
1402
522
2764
2171
1000
759
1117
381
1836
2574
2875
1587
1197
597
230
1453
1979
987
2628
1302
2420
1480
2504
469
285
2818
2266
2919
1795
2414
2275
1171
2710
2078
1859
1941
1602
928
617
1819
557
2444
174
2719
1591
232
1628
2905
21
1694
792
2031
966
512
2376
779
833
2313
1881
1544
2403
1497
1350
2770
2898
865
1586
1597
2585
2006
56
1838
660
1722
897
507
149
969
1059
2326
400
411
2354
2203
2887
2890
1972
1964
1709
1958
1858
526
2635
1539
589
218
1629
620
1965
801
558
2697
1955
2317
2681
315
1328
1482
1683
1770
1664
1279
2419
376
2044
2775
2484
2661
2469
2874
2387
1753
2000
1075
1868
2357
2431
2718
714
2366
2459
2609
1162
1672
1884
191
2029
616
2544
1430
2839
1980
1148
1874
2270
2792
878
645
2299
1806
1998
246
1477
1758
627
2663
1487
1562
51
689
1899
83
1138
882
1975
1150
1952
1080
1961
2439
2487
2094
2939
2637
195
1815
986
2230
2629
136
2233
1470
397
1610
1298
452
2841
2571
2220
2871
1152
345
527
1595
459
2003
434
2154
1493
2353
2787
2314
543
1775
568
698
1216
1345
2015
2741
1645
1039
296
2249
176
87
1895
1915
2600
1239
2763
623
2112
756
763
2019
1905
596
2810
2869
1690
2268
1540
2318
28
2632
2529
915
2873
1113
2778
1756
1001
2328
2445
2634
2159
1120
2468
926
1442
2488
1070
448
504
530
1336
202
2698
844
2436
213
564
729
1452
577
1609
852
1649
287
2572
2149
652
1355
2773
161
2528
873
268
539
1412
1074
1269
2785
2683
1455
2157
904
416
1615
1614
1671
166
1008
743
1735
116
1793
1211
1723
1547
1144
2648
1049
1218
757
1271
1248
1823
788
2826
637
2937
1974
2509
2867
2152
2851
2382
2037
2927
1782
2673
1282
1752
1158
2304
193
165
328
2378
399
599
1926
2082
418
1807
467
2910
1963
1804
444
233
368
2552
626
1284
1500
936
1580
113
2865
1406
349
1984
424
628
1745
703
1750
1238
1308
1320
2836
253
2025
2934
346
35
2631
2427
2527
25
1660
1352
651
2116
946
1314
1410
2323
2715
1416
1245
2888
496
2373
707
1043
1273
1499
2259
277
1792
824
2622
1579
2477
48
2496
463
200
2111
2892
320
1616
1777
2244
1268
903
88
2485
806
845
1746
1483
803
505
2027
2348
2336
738
1978
1002
1041
1576
2206
1981
2918
1555
1532
610
1711
1925
1985
122
171
311
1889
1548
678
2856
2440
1561
2164
2322
2361
2659
1386
1371
2254
2594
1321
1516
1169
2381
1473
566
1535
1332
74
1873
2008
355
319
241
57
1814
402
251
921
390
1569
900
671
1556
1521
153
708
782
2607
2784
2138
1864
1349
2707
248
1757
1670
673
1871
129
2705
535
2355
2795
47
1115
1771
1476
609
41
1988
1082
1106
1132
2535
69
1713
2241
1912
2610
1266
1241
6
836
403
2584
1736
984
2472
1388
194
1557
584
1919
1863
583
1365
2505
1054
1420
2907
2201
1655
1927
264
2765
2872
2880
1191
1550
2380
2823
2645
483
2844
1916
2596
1114
2251
2712
2451
2790
2894
2256
1558
177
733
2859
156
72
1574
90
2211
2920
338
1583
2834
2160
84
1243
2604
2001
2704
1907
1584
1870
765
2467
1031
775
2912
1289
363
181
967
1512
1862
1697
455
1818
2097
1619
2932
2891
2536
1451
1867
2549
1351
2603
2151
2200
2177
650
1710
2672
643
2016
2014
820
1272
2799
825
2662
1230
744
681
939
562
1195
2169
382
1472
1717
2766
1124
2237
2762
1989
332
396
262
758
1479
2854
309
1295
2837
2889
0
699
2020
2276
115
24
887
1903
1221
2829
556
1198
1700
2026
388
2847
1788
1373
2139
1593
1448
1504
2319
2870
578
1668
303
690
2146
567
1828
1100
1594
1848
273
1253
2566
869
1325
168
1726
847
2242
932
2257
1820
407
410
271
1143
2285
1208
2630
1118
2500
2412
502
1360
2093
1663
573
2315
1883
2180
124
1718
1508
515
1592
2461
1673
730
787
569
2163
1037
2563
1375
1882
1892
1687
2598
214
2729
1440
1157
916
565
798
1893
1880
1428
1173
375
1620
1055
1101
380
739
2147
297
2004
2425
247
1495
1938
1288
1840
1772
1799
2115
846
2430
2088
899
2363
2424
59
197
55
322
1028
2693
1016
1762
82
1659
1423
2933
843
981
121
1759
1577
1414
546
2036
2181
867
2831
1951
667
5
383
2327
1845
945
1613
1014
19
39
2577
1541
1469
1734
588
2671
1924
2702
863
2087
163
2128
605
742
1301
2820
325
126
1652
774
890
265
2224
1385
2287
876
1069
2757
2929
471
510
1527
1210
1044
2225
1642
324
2884
1353
2284
2776
2282
2676
1485
2294
2227
764
1260
2608
2633
2364
931
853
1079
497
160
2808
2158
1949
937
1229
811
1319
236
2333
528
1528
2742
1427
282
2339
374
2690
2938
2384
2273
781
985
1263
1097
2540
817
1552
1737
2195
1861
1578
2806
2657
1491
1695
1021
2280
1797
460
1827
151
827
2691
1727
132
511
2190
1201
1023
2228
938
525
1966
807
1378
257
1462
1136
2599
1178
680
2644
2096
2240
780
1898
1732
2219
1928
2464
352
2724
2543
1730
93
1810
925
18
711
2928
951
982
1086
1789
281
2877
1571
598
2009
1419
1545
2028
506
314
2852
1714
472
2410
712
1344
1142
2010
2162
2570
2670
428
451
841
580
2506
659
398
37
2316
2434
2473
550
85
2143
813
1666
593
1110
2070
97
91
143
2941
300
2885
2120
1685
2791
554
1170
1341
1534
2474
2641
433
462
1832
837
1034
226
1240
1193
475
2277
1225
1728
2017
2405
2404
1783
290
1304
432
1596
1475
2340
516
2666
2562
1520
2081
2165
636
2857
1507
1056
1047
684
1948
127
1168
796
2802
1422
971
1051
1825
2455
2786
487
367
2470
1384
958
685
1802
1013
1119
1851
1213
2166
2758
2127
220
1207
1496
104
2320
1032
1342
2148
1684
1678
2722
1570
2422
2417
2108
773
942
2623
393
2565
1681
2915
1235
2370
2049
1498
1390
1704
2913
2258
943
362
1519
633
997
602
1560
1432
705
721
2733
419
1890
263
1635
767
571
2708
154
1326
439
2483
350
1831
1654
1025
529
1813
1048
17
1219
1467
2283
453
378
392
1940
2564
2155
2067
716
2502
2150
2863
2002
604
1960
105
1661
2709
859
1035
310
1403
625
53
2454
1087
2906
964
1894
1038
1600
1847
1165
351
962
2615
2197
2368
2172
2700
1155
2296
2727
294
1553
1215
1161
185
725
1189
1395
855
607
624
1293
231
1604
2471
1800
243
2291
1234
1769
1418
1719
791
1433
1146
289
275
2511
1944
299
1337
2482
1705
2830
274
204
1627
1575
2480
1011
103
2098
1918
258
895
1688
484
642
2824
2619
657
1317
2337
948
120
2371
2007
1265
36
500
2489
1305
479
2102
409
957
1089
395
426
2311
2042
2618
252
2756
1030
2550
1665
2034
793
2141
1276
695
2066
2732
2821
224
1599
848
1995
138
2611
1255
2032
1931
2289
2045
2189
1677
1407
655
2051
710
385
1523
576
1242
2305
2331
2
256
963
49
1803
1768
1674
1839
71
2124
1076
2737
909
146
560
1444
1982
1231
2358
2523
840
766
2030
485
1149
1377
2772
140
1064
205
561
117
1817
2325
719
2005
415
337
1246
851
2392
2057
254
1731
2245
2740
2415
2510
354
1236
646
2193
2103
2133
1651
2140
2699
1581
2612
600
1362
2519
8
2714
2769
2685
2107
1053
40
267
1060
838
1214
2590
1618
58
334
2897
227
1331
905
1270
1856
1906
1443
1749
2232
2298
2917
1999
2095
2713
917
125
2930
96
2532
2286
2589
1942
1702
1638
1256
2458
2388
2250
2205
1715
458
498
2922
1631
674
64
830
608
2616
2493
135
896
2235
1127
379
929
1209
2449
2908
108
1199
1285
835
2492
1204
1780
158
499
2397
2192
284
2879
1083
1754
2399
2033
2539
686
2350
1376
572
1566
1897
1751
270
2554
1164
249
2174
2541
1088
2781
2086
2269
2312
1778
288
1409
2664
2896
2393
1012
1954
1145
1598
1748
373
2573
2694
972
449
1650
2176
2321
641
2437
2194
1092
405
1134
357
1244
927
2665
574
1411
2161
1202
68
1220
2279
2893
164
2850
1791

