1 0
2 0
3 0
4 0
5 0
6 1
7 0
8 0
9 0
10 1
11 0
12 1
13 1
14 0
15 1
16 0
17 0
18 1
19 0
20 0
21 0
22 0
23 1
24 1
25 1
26 1
27 0
28 0
29 1
30 1
31 0
32 0
33 0
34 0
35 0
36 0
37 0
38 1
39 0
40 1
41 0
42 1
43 0
44 1
45 0
46 1
47 0
48 0
49 1
50 0
51 1
52 1
53 0
54 0
55 0
56 1
57 0
58 1
59 0
60 1
61 1
62 1
63 0
64 0
65 0
66 0
67 0
68 1
69 1
70 0
71 1
72 0
73 1
74 0
75 0
76 1
77 0
78 0
79 1
80 1
81 1
82 1
83 0
84 0
85 1
86 1
87 0
88 1
89 0
90 0
91 0
92 1
93 1
94 0
95 1
96 1
97 1
98 0
99 1
100 1
101 0
102 0
103 0
104 0
105 0
106 1
107 0
108 0
109 0
110 0
111 0
112 1
113 1
114 1
115 0
116 0
117 1
118 1
119 0
120 1
121 1
122 0
123 0
124 1
125 0
126 0
127 0
128 0
129 0
130 0
131 0
132 1
133 0
134 1
135 0
136 1
137 0
138 0
139 0
140 1
141 1
142 0
143 0
144 1
145 1
146 0
147 0
148 0
149 0
150 0
151 1
152 0
153 0
154 0
155 0
156 0
157 1
158 0
159 1
160 0
161 1
162 0
163 1
164 0
165 1
166 0
167 1
168 0
169 1
170 1
171 1
172 0
173 1
174 1
175 0
176 1
177 1
178 1
179 1
180 0
181 1
182 0
183 0
184 1
185 0
186 1
187 1
188 0
189 0
190 0
191 1
192 0
193 1
194 0
195 1
196 0
197 0
198 1
199 0
200 1
201 0
202 0
203 1
204 0
205 1
206 0
207 1
208 0
209 1
210 1
211 0
212 1
213 1
214 0
215 0
216 1
217 0
218 1
219 1
220 0
221 0
222 1
223 0
224 1
225 1
226 1
227 1
228 0
229 1
230 0
231 0
232 0
233 0
234 1
235 1
236 1
237 0
238 1
239 1
240 1
241 0
242 0
243 1
244 1
245 1
246 0
247 0
248 1
249 1
250 0
251 1
252 1
253 1
254 0
255 1
256 1
257 0
258 0
259 1
260 0
261 0
262 1
263 0
264 1
265 0
266 1
267 1
268 0
269 0
270 0
271 1
272 0
273 1
274 1
275 0
276 0
277 1
278 1
279 0
280 0
281 0
282 0
283 1
284 0
285 1
286 0
287 1
288 0
289 0
290 1
291 1
292 0
293 1
294 0
295 1
296 0
297 1
298 0
299 1
300 1
301 0
302 1
303 0
304 0
305 1
306 0
307 1
308 1
309 1
310 0
311 1
312 1
313 1
314 1
315 0
316 1
317 1
318 1
319 0
320 0
321 0
322 0
323 1
324 0
325 1
326 1
327 0
328 1
329 1
330 1
331 1
332 0
333 0
334 1
335 0
336 1
337 0
338 1
339 0
340 1
341 1
342 1
343 0
344 0
345 1
346 1
347 1
348 1
349 1
350 1
351 0
352 0
353 0
354 1
355 0
356 1
357 0
358 0
359 0
360 0
361 1
362 0
363 0
364 1
365 1
366 0
367 1
368 1
369 0
370 1
371 0
372 0
373 0
374 0
375 1
376 0
377 0
378 0
379 0
380 0
381 1
382 0
383 0
384 1
385 1
386 1
387 1
388 0
389 1
390 0
391 0
392 0
393 0
394 1
395 0
396 1
397 0
398 1
399 0
400 1
401 0
402 1
403 1
404 0
405 1
406 1
407 0
408 1
409 0
410 0
411 0
412 0
413 0
414 1
415 0
416 0
417 1
418 1
419 0
420 0
421 0
422 1
423 0
424 0
425 1
426 0
427 0
428 1
429 0
430 0
431 1
432 1
433 0
434 0
435 0
436 1
437 0
438 0
439 1
440 0
441 0
442 1
443 1
444 1
445 0
446 1
447 1
448 1
449 1
450 0
451 0
452 0
453 0
454 1
455 0
456 0
457 0
458 0
459 0
460 1
461 1
462 0
463 0
464 1
465 1
466 0
467 1
468 1
469 1
470 1
471 1
472 1
473 0
474 0
475 0
476 1
477 1
478 0
479 1
480 0
481 1
482 1
483 0
484 0
485 1
486 0
487 0
488 0
489 1
490 0
491 1
492 0
493 0
494 1
495 0
496 0
497 1
498 1
499 0
500 1
501 1
502 0
503 0
504 1
505 0
506 0
507 1
508 1
509 1
510 0
511 0
512 1
513 0
514 0
515 0
516 0
517 0
518 1
519 1
520 1
521 1
522 1
523 1
524 1
525 1
526 0
527 1
528 1
529 0
530 1
531 1
532 1
533 1
534 0
535 1
536 1
537 1
538 1
539 1
540 1
541 1
542 1
543 1
544 1
545 0
546 1
547 1
548 0
549 1
550 0
551 1
552 0
553 1
554 1
555 0
556 1
557 0
558 0
559 0
560 1
561 0
562 1
563 0
564 0
565 1
566 1
567 1
568 0
569 0
570 1
571 1
572 1
573 0
574 1
575 1
576 1
577 0
578 1
579 1
580 0
581 0
582 1
583 0
584 1
585 1
586 1
587 1
588 0
589 1
590 1
591 1
592 1
593 0
594 1
595 1
596 0
597 0
598 1
599 0
600 0
601 1
602 1
603 1
604 0
605 1
606 1
607 1
608 0
609 0
610 1
611 0
612 0
613 0
614 1
615 0
616 1
617 0
618 0
619 1
620 1
621 1
622 1
623 1
624 0
625 0
626 1
627 0
628 0
629 1
630 0
631 0
632 1
633 0
634 1
635 1
636 1
637 0
638 0
639 0
640 0
641 1
642 1
643 1
644 0
645 1
646 0
647 1
648 0
649 0
650 0
651 1
652 0
653 1
654 0
655 1
656 0
657 0
658 1
659 0
660 1
661 0
662 0
663 1
664 0
665 1
666 0
667 1
668 0
669 1
670 1
671 1
672 0
673 0
674 1
675 0
676 1
677 0
678 1
679 0
680 1
681 1
682 1
683 1
684 1
685 0
686 1
687 0
688 0
689 1
690 0
691 0
692 1
693 0
694 1
695 1
696 0
697 1
698 0
699 1
700 1
701 0
702 0
703 0
704 1
705 0
706 0
707 1
708 1
709 0
710 1
711 0
712 1
713 1
714 0
715 1
716 0
717 0
718 0
719 1
720 0
721 1
722 0
723 0
724 0
725 0
726 0
727 0
728 1
729 1
730 1
731 0
732 0
733 1
734 0
735 1
736 0
737 1
738 1
739 0
740 1
741 1
742 1
743 1
744 0
745 1
746 0
747 1
748 1
749 1
750 0
751 0
752 1
753 0
754 1
755 0
756 1
757 1
758 1
759 0
760 1
761 0
762 1
763 1
764 1
765 0
766 1
767 0
768 1
769 1
770 0
771 0
772 0
773 1
774 0
775 1
776 0
777 1
778 0
779 0
780 1
781 1
782 1
783 1
784 1
785 1
786 1
787 1
788 1
789 0
790 0
791 1
792 0
793 0
794 0
795 1
796 0
797 1
798 1
799 0
800 1
801 0
802 1
803 1
804 0
805 1
806 0
807 1
808 1
809 1
810 1
811 1
812 0
813 1
814 0
815 0
816 1
817 0
818 1
819 1
820 1
821 1
822 1
823 1
824 1
825 1
826 1
827 0
828 1
829 1
830 1
831 1
832 0
833 0
834 0
835 1
836 1
837 0
838 0
839 1
840 0
841 1
842 1
843 0
844 0
845 0
846 1
847 1
848 0
849 1
850 0
851 1
852 1
853 0
854 1
855 1
856 0
857 1
858 0
859 0
860 0
861 0
862 1
863 0
864 0
865 0
866 1
867 1
868 1
869 0
870 0
871 1
872 0
873 1
874 0
875 0
876 0
877 0
878 1
879 0
880 1
881 0
882 1
883 0
884 1
885 0
886 1
887 1
888 1
889 0
890 1
891 1
892 1
893 0
894 0
895 1
896 1
897 1
898 0
899 1
900 0
901 1
902 0
903 1
904 0
905 1
906 0
907 0
908 0
909 0
910 1
911 1
912 0
913 0
914 1
915 0
916 1
917 0
918 0
919 1
920 0
921 1
922 0
923 1
924 0
925 1
926 1
927 0
928 1
929 0
930 1
931 0
932 0
933 1
934 1
935 0
936 0
937 0
938 0
939 0
940 1
941 1
942 0
943 1
944 0
945 0
946 1
947 1
948 1
949 0
950 0
951 1
952 0
953 1
954 0
955 1
956 1
957 0
958 1
959 1
960 0
961 0
962 0
963 0
964 1
965 1
966 0
967 1
968 0
969 1
970 0
971 1
972 0
973 0
974 1
975 0
976 1
977 0
978 0
979 1
980 1
981 1
982 1
983 0
984 0
985 0
986 1
987 0
988 1
989 0
990 0
991 1
992 0
993 1
994 0
995 0
996 1
997 1
998 0
999 1
1000 1
1001 0
1002 0
1003 1
1004 1
1005 0
1006 1
1007 1
1008 0
1009 0
1010 1
1011 0
1012 1
1013 0
1014 1
1015 1
1016 0
1017 0
1018 0
1019 1
1020 1
1021 1
1022 0
1023 0
1024 0
1025 1
1026 0
1027 1
1028 0
1029 1
1030 0
1031 1
1032 1
1033 1
1034 1
1035 1
1036 1
1037 1
1038 1
1039 1
1040 1
1041 1
1042 0
1043 1
1044 0
1045 1
1046 0
1047 1
1048 0
1049 1
1050 0
1051 1
1052 1
1053 1
1054 1
1055 1
1056 1
1057 1
1058 0
1059 1
1060 0
1061 1
1062 0
1063 1
1064 0
1065 1
1066 0
1067 1
1068 0
1069 0
1070 1
1071 1
1072 0
1073 0
1074 1
1075 0
1076 1
1077 0
1078 1
1079 0
1080 0
1081 0
1082 1
1083 0
1084 1
1085 0
1086 0
1087 0
1088 1
1089 0
1090 0
1091 1
1092 0
1093 1
1094 0
1095 1
1096 0
1097 1
1098 0
1099 0
1100 1
1101 0
1102 0
1103 0
1104 1
1105 0
1106 1
1107 0
1108 0
1109 1
1110 1
1111 1
1112 1
1113 1
1114 0
1115 1
1116 0
1117 1
1118 0
1119 1
1120 0
1121 1
1122 1
1123 1
1124 0
1125 1
1126 0
1127 0
1128 1
1129 1
1130 1
1131 0
1132 1
1133 0
1134 1
1135 1
1136 1
1137 0
1138 0
1139 1
1140 1
1141 0
1142 0
1143 1
1144 0
1145 1
1146 1
1147 1
1148 1
1149 0
1150 1
1151 0
1152 1
1153 0
1154 0
1155 1
1156 1
1157 0
1158 1
1159 1
1160 0
1161 1
1162 1
1163 0
1164 1
1165 0
1166 1
1167 0
1168 1
1169 0
1170 1
1171 0
1172 1
1173 0
1174 1
1175 0
1176 1
1177 1
1178 0
1179 1
1180 1
1181 0
1182 0
1183 0
1184 0
1185 1
1186 1
1187 0
1188 0
1189 0
1190 1
1191 1
1192 0
1193 1
1194 0
1195 0
1196 0
1197 0
1198 1
1199 0
1200 1
1201 0
1202 1
1203 1
1204 0
1205 1
1206 1
1207 0
1208 1
1209 1
1210 1
1211 0
1212 1
1213 0
1214 1
1215 1
1216 0
1217 1
1218 0
1219 0
1220 1
1221 1
1222 0
1223 1
1224 0
1225 0
1226 0
1227 0
1228 0
1229 0
1230 1
1231 0
1232 1
1233 0
1234 1
1235 0
1236 1
1237 1
1238 1
1239 1
1240 1
1241 1
1242 0
1243 0
1244 1
1245 0
1246 1
1247 0
1248 0
1249 1
1250 0
1251 0
1252 0
1253 1
1254 1
1255 0
1256 1
1257 0
1258 1
1259 0
1260 0
1261 0
1262 0
1263 0
1264 1
1265 0
1266 1
1267 0
1268 0
1269 0
1270 0
1271 0
1272 0
1273 1
1274 1
1275 1
1276 1
1277 0
1278 1
1279 0
1280 0
1281 1
1282 1
1283 1
1284 1
1285 0
1286 0
1287 1
1288 1
1289 0
1290 0
1291 0
1292 0
1293 0
1294 0
1295 0
1296 0
1297 0
1298 0
1299 0
1300 0
1301 0
1302 0
1303 1
1304 1
1305 0
1306 1
1307 1
1308 0
1309 1
1310 0
1311 0
1312 0
1313 0
1314 1
1315 0
1316 0
1317 1
1318 0
1319 0
1320 0
1321 1
1322 1
1323 1
1324 0
1325 0
1326 0
1327 0
1328 1
1329 1
1330 0
1331 0
1332 0
1333 0
1334 0
1335 1
1336 0
1337 0
1338 0
1339 0
1340 0
1341 1
1342 1
1343 1
1344 0
1345 0
1346 1
1347 0
1348 0
1349 0
1350 0
1351 1
1352 0
1353 0
1354 1
1355 0
1356 0
1357 0
1358 0
1359 1
1360 0
1361 1
1362 0
1363 1
1364 0
1365 1
1366 0
1367 0
1368 1
1369 1
1370 1
1371 0
1372 0
1373 1
1374 1
1375 1
1376 1
1377 1
1378 0
1379 0
1380 1
1381 0
1382 1
1383 1
1384 1
1385 1
1386 1
1387 1
1388 1
1389 0
1390 0
1391 0
1392 0
1393 0
1394 0
1395 0
1396 0
1397 0
1398 0
1399 0
1400 0
1401 1
1402 0
1403 1
1404 1
1405 0
1406 0
1407 1
1408 1
1409 0
1410 1
1411 0
1412 1
1413 0
1414 0
1415 0
1416 1
1417 1
1418 0
1419 1
1420 0
1421 1
1422 1
1423 0
1424 0
1425 0
1426 0
1427 1
1428 0
1429 1
1430 0
1431 0
1432 0
1433 0
1434 0
1435 0
1436 0
1437 0
1438 0
1439 1
1440 0
1441 1
1442 0
1443 0
1444 1
1445 1
1446 0
1447 1
1448 0
1449 1
1450 0
1451 1
1452 0
1453 1
1454 0
1455 1
1456 0
1457 0
1458 0
1459 0
1460 0
1461 1
1462 0
1463 0
1464 0
1465 1
1466 0
1467 0
1468 0
1469 0
1470 0
1471 0
